20020722
1001	日経２２５	10076	10295	9982	10189	63.65
1002	東証指数	978	994	970	991	63.65
1003	ＮＹ円相場	11642	11642	11642	11642	0
1007	東京円相場	11642	11642	11642	11642	0
1301	極洋	130	131	129	129	242
1319	３００投信	187	194	187	194	35
1331	ニチロ	123	126	122	125	1446
1332	日本水産	187	195	187	189	370
1333	マルハ	120	123	119	121	207
1351	宝幸水産	1	1	1	1	109
1352	ホウスイ	80	88	80	85	18
1376	カネコ種苗	610	610	610	610	2
1377	サカタタネ	1520	1550	1520	1530	15.1
1378	雪国まいたけ	614	614	600	600	10.5
1379	ホクト産業	3190	3270	3190	3220	49.6
1380	秋川牧園	610	610	610	610	5
1491	中外鉱業	21	22	21	22	1391
1501	三井鉱山	70	71	68	70	149
1503	住友石炭鉱	34	35	33	35	205
1515	日鉄鉱業	212	216	212	215	38
1518	三井松島	100	101	99	99	78
1601	帝国石油	440	462	435	443	384
1603	アラ石	528	539	520	526	67.3
1661	関東天然瓦斯	498	505	495	500	29
1701	昭和鉱業	140	140	139	139	4
1729	三光ソフラン	1380	1380	1350	1380	8
1736	オーテック	310	310	310	310	1
1739	ＳＥＥＤ	260000	260000	260000	260000	0.001
1740	極東工業	328	328	328	328	2
1742	セコムテクノ	2790	2790	2670	2790	4.5
1743	コーアツ工業	412	412	412	412	1
1748	ミサワ北日本	140	140	140	140	1
1754	東新住建	540	540	540	540	1
1755	日本鋼管	335	335	335	335	5
1757	キーイング	215	215	213	214	186
1758	太洋基礎工業	380	380	380	380	1
1759	ジオトップ	244	244	244	244	3
1764	工藤建設	188	188	186	186	3
1766	東建コーポ	1280	1290	1280	1285	3
1771	日本乾溜工業	330	330	310	310	3
1772	東北エンター	181	182	181	182	8
1774	機動建設工	199	199	191	191	5
1776	三井道路	92	92	92	92	23
1777	川崎設備工業	294	294	294	294	14
1779	松本建工	269	269	261	261	6
1780	ヤマウラ	249	269	249	269	11.5
1783	南野建設	38	38	38	38	5
1786	オリ建設	406	420	405	419	69.2
1787	ナカボーテッ	359	359	359	359	3
1789	山加電業	230	240	227	230	2
1790	平和奥田	251	251	251	251	4
1792	みらい建設グ	272	277	270	271	13
1796	トヨタウッド	174	175	174	175	5
1798	守谷商会	168	168	168	168	5
1800	利根地下技術	82	82	81	81	2
1801	大成建設	254	260	253	256	2729
1802	大林組	328	336	328	332	1541
1803	清水建設	393	410	393	405	881
1805	飛島建設	31	34	30	32	327
1806	フジタ	21	22	20	21	1041
1808	長谷工	18	19	18	18	2962
1810	松井建設	271	274	271	274	29
1811	錢高組	160	160	160	160	6
1812	鹿島	358	365	355	363	2123
1813	不動建設	63	63	61	61	106
1814	大末建設	27	28	27	28	16
1815	鉄建	114	115	112	112	111
1816	安藤建設	134	142	134	142	180
1817	勝村建設	99	99	98	98	48
1819	太平工業	107	114	107	114	51
1820	西松建設	361	369	361	366	422
1821	三井建設	38	39	37	37	232
1822	大豊建設	140	143	138	143	61
1823	住友建設	39	39	37	38	323
1824	前田建設	343	351	341	346	202
1825	環境建設	38	39	32	35	2415
1826	佐田建設	57	59	57	57	142
1827	ナカノコポ	50	50	48	48	76
1828	田辺工業	325	325	300	300	3
1829	大和建設	54	54	52	53	40
1830	共栄冷機工業	73	73	73	73	5
1832	北海電気工事	438	438	438	438	7
1833	奥村組	385	391	375	375	435
1834	小田急建設	216	235	216	235	17.5
1835	東鉄工業	190	195	190	190	38
1836	大日本土木	1	1	1	1	115
1837	ハザマ	27	27	26	26	286
1838	古久根建設	28	30	28	29	39
1839	真柄建設	91	93	91	91	16
1840	土屋ホーム	225	226	220	226	6.8
1841	サンユー建設	380	381	380	380	4
1844	大盛工業	32	35	32	34	983
1845	森本組	79	87	79	87	7
1847	イチケン	73	73	73	73	23
1848	富士ＰＳ	390	410	390	410	6
1850	南海辰村建	44	44	44	44	1
1851	大木建設	197	200	194	196	36
1852	淺沼組	102	109	101	107	122
1854	新井組	50	60	50	54	153.1
1855	東急建設	65	67	63	65	191
1857	松村組	53	53	51	52	91
1858	井上工業	53	53	52	53	115
1860	戸田建設	238	238	234	237	432
1861	熊谷組	24	25	23	23	999
1862	横河工事	346	346	346	346	0.4
1863	テトラ	173	175	170	171	21
1865	小松建設	105	120	105	120	19
1866	北野建設	146	155	145	155	62
1867	植木組	180	183	180	180	16
1868	三井ホーム	343	357	343	357	43
1870	矢作建設	362	394	362	390	60
1871	ピーエス	415	435	415	430	16.3
1872	アゼル	54	55	53	53	87
1873	東日本ハウス	165	168	165	165	133
1874	佐藤秀	55	55	55	55	6
1875	青木マリン	253	253	253	253	1
1877	川田建設	491	491	491	491	9
1878	大東建託	2420	2490	2415	2465	202.4
1879	新日本建	319	324	316	324	14
1881	日本鋪道	467	480	467	479	73
1882	東亜道路	207	216	204	213	26
1883	前田道路	447	454	445	448	113
1884	日本道路	138	142	137	141	77
1885	東亜建設	121	128	120	122	501
1888	若築建設	88	92	88	89	57
1889	佐伯建設	113	118	113	116	37
1890	東洋建設	48	53	48	52	572
1892	徳倉建設	136	136	136	136	1
1893	五洋建設	114	116	113	115	358
1895	大成ロテク	150	162	150	162	49
1896	大林道路	194	199	194	196	33
1897	金下建設	445	445	440	440	3
1898	世紀東急	72	75	72	75	23
1899	福田組	304	320	304	319	25
1900	白石	300	300	290	290	2
1904	大成温調	265	265	265	265	1
1905	テノックス	230	230	230	230	2
1906	細田工務店	280	280	280	280	1
1907	東北ミサワ	458	470	458	470	17
1908	三平建設	173000	173000	173000	173000	0.001
1911	住友林業	693	693	690	690	7
1914	日基礎技	318	330	318	325	32
1915	東京ミサワ	185	186	185	186	11
1916	日成ビルド	140	150	140	150	42
1917	ニツセキハ	18	20	18	20	192
1919	Ｓ×Ｌ	135	139	133	138	190
1921	巴コーポ	194	200	194	196	18
1922	大成ユーレッ	83	84	80	83	23
1923	ミサワ	167	168	162	164	258
1924	ナショ住宅	427	440	420	435	107
1925	大和ハウス	750	775	750	764	871
1926	ライト工業	346	352	346	347	21.8
1928	積水ハウス	903	927	903	924	1113
1929	日特建設	431	441	426	430	1182
1930	北陸電気	311	328	311	327	18
1931	日本電通	266	266	266	266	1
1932	コミューチュ	484	498	480	497	22
1934	ユアテック	343	362	343	360	75
1935	東北通建	206	206	205	206	13
1936	シーキューブ	200	200	200	200	5.4
1937	西部電工	248	249	245	249	11
1939	四電工	400	415	400	414	25
1940	つうけん	240	242	238	242	10
1941	中電工	1580	1621	1580	1590	34.1
1942	関電工	410	414	408	413	204
1943	大明	370	379	369	369	89
1944	きんでん	528	528	528	528	3
1945	東京エネシス	365	374	359	373	47
1946	トーエネク	371	390	371	390	55
1947	日コムシス	592	606	586	593	678
1948	弘電社	349	349	349	349	1
1949	住友電設	431	458	431	458	28.9
1950	日本電設工	489	492	486	491	102
1951	協エクシオ	557	560	549	557	160
1952	新日本空調	384	398	381	395	58.9
1954	日本工営	200	204	200	203	48
1955	東電通	233	238	233	235	22
1956	日電話施設	304	312	299	312	45
1958	三和エレク	172	176	172	175	12
1959	九電工	430	440	429	440	37
1960	サンテック	300	300	300	300	1
1961	三機工業	561	575	560	575	68
1963	日揮	755	794	755	784	942
1964	中外炉工業	203	211	201	211	60
1965	テクノ菱和	384	384	384	384	0.1
1966	高田工業所	251	251	251	251	1
1967	ヤマト	395	395	375	392	575
1968	太平電業	300	302	297	297	41
1969	高砂熱学工	502	522	502	508	47
1970	日立プラ建	317	325	315	323	69
1971	中央ビルト	69	69	69	69	2
1972	三晃金属工	86	86	82	83	13
1973	ＮＥＣシス	1100	1153	1100	1151	42.6
1974	宮地建設	124	130	124	130	8
1975	朝日工業社	255	261	255	261	21
1976	明星工業	229	230	220	225	30
1978	アタカ工業	323	329	315	329	20
1979	大氣社	1013	1034	1000	1005	39
1980	ダイダン	464	495	464	495	15
1982	日比谷設備	639	640	631	640	31
1983	東芝プラ建	206	208	204	208	50
1986	日商インター	659	674	610	674	25.2
1987	ソルコム	225	235	225	235	13
1988	シボンド建	820	848	820	848	10.6
1989	北陸電話	235	235	235	235	1
1992	神田通信機	135	135	135	135	2
1996	三菱建設	69	71	69	70	21
2001	日本製粉	260	268	259	260	323
2002	日清製粉	859	878	859	870	255
2003	日東製粉	224	225	224	224	42
2004	昭和産業	222	222	219	220	115
2006	東福製粉	86	86	86	86	1
2009	鳥越製粉	369	374	369	370	14
2051	日本農産工	166	174	162	162	191
2052	協同飼料	98	100	97	99	52
2053	中部飼料	578	578	577	577	2
2055	日和産業	222	222	215	215	3
2056	日配合飼料	132	138	131	134	904
2057	雪印種苗	308	308	308	308	1
2102	台糖	265	269	265	265	50
2107	東洋精糖	68	73	68	69	12
2108	日本甜菜糖	151	154	151	153	85
2109	三井製糖	196	201	196	200	29
2112	塩水港精糖	210	215	210	213	7
2113	新光製糖	202	202	195	195	2
2114	日本精糖	182	182	180	180	8
2116	日新製糖	158	159	158	159	7
2201	森永製菓	190	194	190	193	353
2202	明治製菓	416	425	412	418	516
2204	中村屋	246	259	246	252	18
2205	駿河屋	70	70	70	70	16
2206	江崎グリコ	683	687	677	684	147
2207	名糖産業	1568	1599	1568	1596	10
2208	ブルボン	610	610	610	610	1
2211	不二家	161	163	160	161	60
2212	山崎製パン	655	680	655	668	161
2215	第一パン	133	138	131	132	20
2217	モロゾフ	206	206	204	206	17
2219	タカラブネ	90	93	88	88	211
2220	亀田製菓	609	609	590	590	4
2221	岩塚製菓	998	998	990	990	0.4
2222	寿製菓	380	380	370	370	2
2224	コモ	1510	1510	1500	1500	0.5
2261	明治乳業	319	329	317	326	564
2262	雪印乳業	120	121	118	121	593
2264	森永乳業	297	306	297	306	234
2266	六甲バター	233	233	230	230	17
2267	ヤクルト	1306	1333	1306	1321	169
2268	Ｂ‐Ｒサーテ	820	820	820	820	1
2281	プリマハム	54	57	54	55	173
2282	日本ハム	1458	1490	1457	1480	534
2284	伊藤ハム	316	325	316	322	94
2286	林兼産業	77	80	77	78	52
2288	丸大食品	127	131	127	129	248
2289	相模ハム	320	320	320	320	4
2290	米久	870	884	870	877	18.5
2291	福留ハム	96	96	96	96	23
2292	ＳＦＯＯＤＳ	541	579	541	571	4.5
2293	滝沢ハム	520	520	520	520	3
2294	柿安本店	1450	1450	1400	1400	3
2300	きょくとう	235	235	230	235	8
2301	学情	609	610	600	610	9.6
2302	ティーシーシ	840	845	828	840	11.9
2303	ドーン	1260000	1320000	1200000	1310000	0.098
2305	スタジオアリ	3650	3690	3640	3680	20.3
2306	ビック東海	1650	1650	1600	1600	24.6
2307	クロスキャッ	720	735	680	725	115
2501	サッポロ	311	314	310	311	663
2502	アサヒ	980	1000	975	982	1156
2503	キリン	800	818	796	800	1533
2531	宝ホールディ	768	783	767	770	838
2533	合同酒精	210	224	210	219	29
2536	メルシャン	186	192	184	187	264
2538	忠勇	185	186	179	180	118
2540	養命酒製造	841	841	839	839	7
2572	三国コカ	936	939	927	929	17
2573	北海道コカ	649	651	649	651	5
2578	四国コカ	1000	1014	1000	1004	5.8
2579	北九州コカ	2170	2240	2170	2215	84.1
2580	コカコーラセ	645000	664000	645000	664000	0.05
2590	ダイドードリ	2000	2010	2000	2000	4.7
2591	カルピス	535	538	530	537	35
2592	ポッカ	259	263	257	261	33
2593	伊藤園	4340	4420	4330	4380	59.9
2594	キーコーヒ	1491	1514	1491	1500	4
2595	キリンビバ	1950	1975	1942	1967	40.1
2596	キューサイ	610	610	590	598	20.9
2597	ユニカフェ	1570	1595	1560	1560	3.2
2598	アサヒ飲料	550	555	548	550	35.5
2599	ジャパンフー	1350	1350	1350	1350	0.4
2602	日清製油	333	350	332	337	234
2604	吉原製油	223	232	223	229	8
2607	不二製油	1065	1109	1065	1109	90.8
2608	ボーソー油	103	103	100	100	4
2613	豊年味の素製	181	188	181	183	37
2650	橘テクトロン	385	385	380	380	4
2651	ローソン	3600	3630	3510	3550	189.8
2654	シンワ	170	170	170	170	1
2655	マックス東北	845	845	844	845	1.6
2656	ベクター	333000	334000	310000	315000	0.012
2657	インターニッ	840	840	825	830	1.6
2659	サンエー	1780	1800	1780	1800	5
2660	キリン堂	1150	1150	1110	1149	5.8
2661	キンレイ	735	735	730	730	17
2662	ダイユーエイ	480	510	480	510	1.5
2664	カワチ薬品	9800	9800	8780	9300	21.5
2665	ネクストコム	366000	380000	366000	380000	0.049
2666	オートウェー	1100	1110	1100	1110	1.5
2667	イメージワン	279000	279000	254000	254000	0.006
2669	カネ美食品	4000	4000	4000	4000	0.3
2670	インターナシ	1190	1210	1180	1200	19.3
2672	アクティ二十	780000	780000	780000	780000	0.002
2673	夢みつけ隊	600	605	600	605	4
2674	ハードオフコ	1530	1580	1530	1530	14
2678	アスクル	3390	3390	3300	3330	2.8
2680	日本オプティ	505	505	455	458	30
2681	ゲオ	379000	390000	378000	385000	0.033
2683	魚喜	759	759	751	755	8
2684	プライム	335000	340000	330000	335000	0.022
2685	ポイント	2000	2020	1970	2020	28.2
2687	シーヴイエス	560	560	560	560	1
2688	レインズイン	900000	910000	895000	898000	0.021
2689	カワニシ	1071	1150	1071	1150	0.2
2690	ソフマップ	464	464	432	450	12.5
2692	伊藤忠食品	3950	4050	3950	4000	7.8
2694	平禄	475	475	475	475	1
2695	くらコーポ	418000	433000	415000	433000	0.031
2696	大和フーヅ	575	575	570	570	13
2697	コーエーネッ	325000	327000	325000	325000	0.008
2698	キャンドゥ	290000	291000	283000	291000	0.043
2700	木徳神糧	365	370	365	370	10
2701	タリーズコー	476000	490000	466000	469000	0.036
2702	日本マクドナ	2860	2870	2850	2850	24.3
2703	日本ライトン	500	515	495	500	13.8
2705	大戸屋	1330	1330	1290	1320	23
2706	ブロッコリー	365	365	350	360	41
2709	タスコシステ	403000	403000	400000	403000	0.032
2710	シーエスロジ	371	371	371	371	3
2712	スターバック	31300	31950	30900	31950	0.487
2714	プラマテルズ	340	340	340	340	1
2715	高千穂電気	1400	1410	1300	1350	29
2717	グリーンコア	1180	1180	1160	1180	4.1
2718	ミドリ薬品	420000	420000	401000	401000	0.003
2719	キタムラ	900	900	900	900	5
2720	プライムリン	215000	216000	214000	215000	0.026
2722	アイケイ	145000	155000	145000	150000	0.019
2723	阪神調剤薬局	600	600	600	600	9
2724	フォーバルク	300000	300000	290000	298000	0.005
2725	ＩＴＸ	180000	186000	178000	180000	0.26
2726	パル	1970	2010	1960	2000	12.1
2727	テンコーポ	605000	635000	605000	620000	0.003
2728	福神	1365	1370	1350	1370	2.5
2729	ＪＡＬＵＸ	527	540	526	530	3.5
2730	エディオン	500	507	498	498	63.1
2731	ニイウス	182000	187000	180000	182000	0.166
2732	クインランド	195000	215000	195000	197000	0.031
2733	あらた	383	385	383	385	23
2734	サーラコーポ	668	668	644	644	11
2735	ワッツ	335000	336000	335000	335000	0.011
2736	サダマツ	300	330	300	330	11
2801	キッコマン	773	780	766	772	387
2802	味の素	1250	1268	1243	1258	1562
2806	ユタカフーズ	830	839	830	839	3
2809	キユーピー	1015	1032	1012	1024	167.5
2810	ハウス食品	1105	1125	1104	1115	85.7
2811	カゴメ	990	995	986	988	64.9
2812	焼津水産化学	1176	1200	1175	1175	30
2813	和弘食品	118	118	118	118	1
2814	佐藤食品工業	915	915	915	915	2
2815	アリアケ	4370	4440	4350	4350	16.9
2818	ピエトロ	1020	1020	1020	1020	3
2831	はごろもフー	996	996	996	996	1
2871	ニチレイ	380	394	378	389	679
2873	加ト吉	1990	1990	1970	1975	55.5
2874	ヨコレイ	575	577	571	572	31
2875	東洋水産	1140	1170	1136	1153	132
2877	日東ベスト	990	1000	990	1000	8.9
2878	赤城水産	301	301	300	300	5
2891	オリ酵母	600	603	592	603	25
2892	日本食品化	222	222	220	220	6
2894	石井食品	216	216	215	216	9
2897	日清食品	2340	2400	2330	2370	166.7
2898	ソントン	870	870	870	870	7
2899	永谷園	732	738	728	738	11
2900	明星食品	225	229	225	227	6
2902	太陽化学	663	663	645	645	5
2903	シノブフズ	129	130	127	128	16
2904	一正蒲鉾	507	508	507	508	6
2906	ホッコク	285	285	285	285	2
2907	あじかん	650	650	650	650	1
2908	フジッコ	1140	1180	1140	1170	33
2909	トオカツフー	280	280	280	280	3
2910	ロックフィ	1900	1950	1900	1930	14.7
2911	旭松食品	630	630	630	630	1
2913	フジフーズ	280	280	270	270	7
2914	ＪＴ	793000	821000	792000	809000	2.566
2915	ケンコーマヨ	535	535	535	535	1
2917	大森屋	850	850	850	850	2
2918	わらべや日洋	942	942	930	930	3.7
2922	なとり	722	728	706	706	5.5
2925	ピックルスコ	535	535	530	530	2
2951	フィリップモ	4800	4800	4800	4800	0.4
2953	ペプシコ	4230	4230	4230	4230	0.1
3001	片倉工業	739	740	690	715	20
3002	グンゼ	509	533	509	532	804
3003	昭栄	1300	1300	1300	1300	0.1
3004	神栄	113	120	113	119	13
3007	神戸生絲	37	39	37	37	56
3009	川島織物	114	119	114	119	56
3010	上毛	135	142	135	140	17
3011	松佳	455	455	432	440	26
3101	東洋紡	199	202	197	200	1512
3102	カネボウ	209	211	206	208	648
3103	ユニチカ	71	73	70	70	539
3104	富士紡績	72	73	71	71	323
3105	日清紡	554	564	544	550	252
3106	クラボウ	165	169	165	167	184
3107	ダイワボウ	93	96	92	94	329
3109	シキボウ	61	63	61	61	439
3110	日東紡	135	138	131	136	563
3111	オーミケン	61	61	58	60	117
3113	ＢＳＬ	48	49	46	46	424
3114	同興紡績	145	148	145	148	5
3115	テザック	1	1	1	1	3403
3116	豊田紡織	634	670	634	650	30
3117	興和紡績	321	330	321	330	5
3121	新日本紡績	149	185	148	185	775
3123	サイボー	500	500	500	500	1
3125	新内外綿	56	61	55	61	30
3128	テラボウ	89	89	75	84	54
3129	ファブリカ	153	153	153	153	4
3201	日本毛織	445	465	442	465	37
3202	大東紡織	50	52	50	52	42
3203	トーア紡	50	51	49	49	95
3205	ダイドー	565	576	565	574	38
3206	南海毛糸	93	94	93	94	5
3207	中央毛織	116	116	116	116	4
3209	カネヨウ	105	106	104	104	19
3211	太陽毛絲紡績	45	51	45	51	4
3216	御幸毛織	331	346	331	346	17
3302	帝国繊維	317	329	315	317	23
3304	トスコ	66	66	56	58	268
3306	日本製麻	43	44	41	43	14
3401	帝人	400	412	399	405	1284
3402	東レ	308	316	307	310	2082
3403	東邦テナック	139	143	138	141	298
3404	三菱レイヨ	365	380	365	370	2140
3405	クラレ	795	818	791	812	1289
3407	旭化成	369	382	368	379	3441
3408	サカイオベ	62	64	62	64	16
3409	北日本紡績	55	60	54	56	17
3411	オートリ	80	81	80	81	5
3421	稲葉製作所	1892	1900	1890	1900	9.8
3422	丸順	415	415	415	415	2
3424	ミヤコ	435	435	430	430	3
3425	本郷	690	690	690	690	6
3426	アトムリビン	440	440	440	440	3
3429	ストロベリー	650000	650000	650000	650000	0.003
3501	住江織物	121	128	121	127	218
3503	東和織物	75	75	75	75	3
3512	フエルト	342	342	337	341	8
3513	市川毛織	281	303	280	303	14
3514	バイリーン	205	218	205	218	44
3515	フジコー	571	571	571	571	1
3521	エコナック	40	41	40	40	105
3524	日東製網	57	60	57	58	23
3526	芦森工業	185	186	180	185	19
3528	グローベルス	71	72	69	72	36
3529	アツギ	107	112	107	111	618
3532	堀田産業	62	62	58	62	3
3534	エヌビーシー	920	920	910	915	12
3551	ダイニック	123	130	123	128	29
3552	東洋クロス	165	165	165	165	19
3553	共和レザー	519	528	519	528	8
3569	セーレン	358	368	353	364	24
3570	オリカ	278	278	263	263	221
3571	ソトー	591	600	591	600	4
3577	東海染工	115	117	110	112	187
3580	小松精練	253	260	253	260	22
3581	岐セン	43	43	43	43	1
3584	福助	57	57	57	57	15
3585	トムスエンタ	530	544	518	540	82
3587	アイビーダイ	49	50	48	50	2066
3591	ワコール	1009	1037	1008	1033	99
3592	ＣＨＯＹＡ	400	400	400	400	2
3593	ホギメディ	5890	5890	5830	5860	7.2
3595	ヤギコーポ	325	330	325	330	6
3596	ワールド	3170	3170	3110	3160	1.5
3597	自重堂	405	405	405	405	3
3598	山喜	135	144	127	140	21
3601	ニチインフ	1524	1540	1484	1511	5.3
3604	川本産業	430	459	430	459	5
3706	東海パルプ	342	344	334	342	37
3861	王子製紙	640	660	640	659	1460
3864	三菱製紙	160	165	160	162	335
3865	北越製紙	730	752	720	736	591
3869	日本板紙	182	195	182	195	63
3872	三島製紙	141	141	139	139	13
3877	中越パルプ	203	206	203	204	28
3878	巴川製紙所	303	321	300	321	22
3880	大王製紙	854	884	854	863	21
3881	特種製紙	413	426	413	425	18
3882	紀州製紙	134	136	133	136	12
3891	ニッポン高度	1000	1000	970	970	8
3892	岡山製紙	195	195	195	195	3
3893	日本ユニパッ	675000	701000	675000	693000	1.825
3941	レンゴー	279	286	279	281	234
3943	大石産業	326	326	326	326	2
3944	古林紙工	140	140	140	140	4
3945	スパバッグ	164	164	164	164	1
3946	トーモク	195	199	193	197	55
3947	大日本紙業	514	514	514	514	9
3949	日本ハイパッ	253	253	253	253	3
3950	ザ・パック	860	860	860	860	1.5
3951	朝日印刷	820	820	820	820	0.4
3955	イムラ封筒	580	580	580	580	1
3956	国際チャート	445	445	445	445	5
3971	東セロ	270	270	270	270	7
4003	コープケミ	84	84	82	82	15
4004	昭和電工	185	191	185	189	2012
4005	住友化学	512	525	506	517	1936
4007	日本化成	142	145	141	142	17
4008	住友精化	253	259	248	258	40
4010	三菱化学	249	258	248	257	4596
4021	日産化学	640	653	632	638	459
4022	ラサ工業	202	209	200	206	130
4023	呉羽化学	385	395	385	390	392
4025	多木化学	299	299	299	299	3
4026	神島化学	321	321	321	321	1
4027	テイカ	199	200	196	196	9
4028	石原産業	178	184	177	179	378
4031	片倉チッカ	286	298	286	298	4
4032	日東バイオン	180	180	180	180	1
4033	日東エフシー	425	425	425	425	2
4041	日本曹達	257	265	254	260	522
4042	東ソー	380	395	380	386	2749
4043	トクヤマ	393	397	388	393	121
4044	セ硝子	668	675	662	662	508
4045	東亞合成	166	168	163	163	388
4046	ダイソー	215	215	215	215	1
4047	関東電化	286	292	281	292	29
4061	電気化学	359	370	357	365	1207
4062	イビデン	1660	1704	1660	1672	320
4063	信越化学	4500	4620	4450	4480	1248.3
4064	日カバイド	97	99	96	98	209
4065	紀文フード	529	529	520	526	81
4078	堺化学工業	389	389	371	371	21
4079	ハクスイテッ	11	11	9	9	92.3
4080	田中化学研究	780	780	770	770	2
4086	エアリキド	430	440	430	430	53
4088	エアウォータ	521	536	521	526	220
4091	日本酸素	406	425	406	418	615
4092	日本化学	200	202	197	198	368
4093	東邦アセチ	115	120	105	115	74
4094	日本化学産	262	270	262	270	7
4095	パーカライ	332	344	331	344	15
4096	昭和炭酸	317	320	316	320	5
4097	高圧ガス	319	322	316	317	14
4098	チタン工業	112	120	112	120	11
4099	四国化成	446	448	442	447	14
4100	戸田工業	442	453	441	451	37
4103	大洋酸素	226	237	225	233	60
4104	タテホ化学	275	279	275	275	17
4105	メルテックス	505	505	505	505	1
4106	エヌイーケム	920	920	915	920	13
4107	伊勢化学	350	355	350	355	6
4109	ステラケミファ	2060	2200	2060	2200	4.3
4112	保土谷化学	166	168	166	168	24
4113	田岡化学	329	329	322	322	3
4114	日本触媒	598	611	593	609	328
4115	本州化学	541	541	541	541	2
4116	大日精化	344	354	344	354	29
4117	川崎化成	75	75	75	75	2
4118	鐘淵化学	796	809	796	802	328
4119	日本ピグメ	159	159	159	159	5
4120	スガイ化学	88	88	86	86	13
4123	山本化成	510	550	510	550	3
4151	協和発酵工業	623	645	621	634	520
4182	三菱ガス化	216	232	216	231	772
4183	三井化学	579	592	579	590	1203
4185	ＪＳＲ	902	904	895	897	767
4186	東京応化	1675	1718	1660	1683	39.1
4201	日本合成化	135	148	135	143	153
4202	ダイセル化	382	394	382	393	254
4203	住友ベーク	793	793	780	784	488
4204	積水化学	400	402	395	400	814
4205	日本ゼオン	470	481	470	476	453
4206	アイカ工業	690	697	685	697	139
4208	宇部興産	189	196	186	191	2448
4209	フドー	61	74	61	74	8
4210	東洋化学	402	425	402	418	29
4212	積水樹脂	395	406	395	403	30
4213	三菱樹脂	219	232	219	231	1972
4214	昭和高分子	287	289	283	283	15
4215	タキロン	272	278	272	277	57
4216	旭有機材	283	290	281	286	39
4217	日立化成工	1195	1255	1195	1238	337.2
4218	ニチバン	323	323	316	316	52
4219	プラステク	54	54	54	54	9
4220	リケンテクノ	306	319	305	315	12
4221	大倉工業	356	361	345	347	46
4222	児玉化学工	70	71	70	70	21
4224	ロンシール	71	73	71	73	8
4225	筒中プラス	319	323	318	318	12
4226	テスコ	320	320	320	320	1
4228	積水化成品	187	195	184	190	84
4229	群栄化学	255	270	252	268	2902
4231	タイガポリ	444	444	444	444	1
4232	東芝ケミ	188	188	181	184	25
4234	サンエー化研	500	500	500	500	2
4271	カーリット	824	824	813	813	4
4272	日本化薬	497	510	490	506	318
4274	細谷火工	365	365	365	365	4
4280	ギャガコミュ	760	760	755	760	3.8
4281	デジバタイジ	64000	72500	64000	64000	3.128
4282	イーピーエス	790000	790000	780000	780000	0.027
4283	松下電工イン	745000	745000	740000	740000	0.021
4284	ソルクシーズ	365	370	365	370	12.5
4286	レッグス	265000	270000	265000	270000	0.004
4287	ジャストプラ	285000	285000	265000	270000	0.003
4288	アズジェント	314000	319000	314000	317000	0.082
4289	ビジネストラ	203000	203000	203000	203000	0.003
4290	プレステージ	209000	218000	209000	218000	0.007
4291	ジェーアイイ	134000	137000	133000	137000	0.025
4293	セプテーニ	172000	174000	168000	170000	0.055
4294	メガフュージ	962000	962000	962000	962000	0.002
4295	フェイス	460000	465000	452000	459000	0.188
4296	ゼンテックテ	210000	218000	205000	211000	0.025
4297	セキュリティ	483000	483000	470000	480000	0.039
4298	プロトコーポ	1030	1060	1030	1040	19
4299	ハイマックス	1270	1270	1180	1220	16.1
4300	ジグノシステ	263000	265000	250000	251000	0.085
4301	アミューズ	1910	1910	1900	1900	2
4302	オープンイン	190000	190000	176000	183000	0.064
4303	ＣＳＫコミュ	497000	515000	497000	513000	0.011
4304	イーストアー	114000	114000	108000	109000	0.04
4305	アイエムジェ	189000	189000	180000	181000	0.006
4306	バックスグル	210000	210000	205000	210000	0.041
4307	野村総合研究	14370	15080	14300	14950	71.7
4308	Ｊストリーム	219000	226000	210000	217000	0.169
4309	エルゴブレイ	800	800	780	780	3.6
4310	ドリームイン	191000	198000	191000	198000	0.028
4311	ディースリー	670000	670000	665000	665000	0.004
4312	サイバネット	301000	301000	295000	300000	0.044
4313	エックスアイ	361000	373000	360000	365000	0.02
4314	ダヴィンチア	202000	203000	196000	199000	0.047
4315	日清医療食品	2620	2620	2490	2530	36.1
4316	ビーマップ	199000	199000	189000	189000	0.016
4317	レイ	570	570	515	530	39.7
4318	クイック	506	506	505	506	5
4320	シーエスアイ	460000	460000	440000	443000	0.029
4321	ケネディウィ	431000	435000	425000	435000	0.045
4322	イーシステム	181000	186000	181000	186000	0.084
4323	日本システム	970	980	950	980	5
4324	電通	605000	610000	597000	601000	1.593
4325	バンダイビジ	1010000	1020000	1000000	1020000	0.037
4326	インテージ	1050	1060	1050	1060	3
4327	日本エスエイ	373000	373000	367000	373000	0.009
4328	ムービーテレ	268000	268000	255000	257000	0.027
4329	ワークスアプ	1420000	1460000	1400000	1440000	0.069
4330	セラーテムテ	1020000	1070000	1020000	1030000	0.271
4331	テイクアンド	1060000	1080000	1040000	1050000	0.019
4332	パソナ	298000	298000	282000	285000	0.004
4333	東邦システム	735	735	700	710	16
4334	ユークス	650	680	650	680	6
4335	アイピーエス	166000	186000	161000	179000	0.161
4337	ぴあ	3410	3410	3320	3370	3.3
4338	コナミＪＰ	1430	1430	1400	1430	9.7
4339	スターキャッ	715000	720000	685000	695000	0.017
4340	シンプレクス	320000	320000	310000	310000	0.044
4342	セコム上信越	2310	2330	2300	2330	2.7
4343	イオンファン	2400	2400	2300	2350	3.2
4346	ネクシィーズ	190000	190000	181000	190000	0.021
4347	クラビット	600	600	600	600	0.6
4348	インフォコム	455000	458000	436000	442000	0.029
4351	山田債権回収	1940	2150	1940	2100	20.5
4355	日本ロングラ	385000	390000	371000	388000	0.009
4356	応用技術	466000	466000	454000	455000	0.008
4357	ラパルレ	189000	193000	189000	190000	0.018
4358	ティーワイオ	245	245	235	240	17
4359	ラック	605000	619000	600000	619000	0.081
4362	日本精化	375	375	375	375	1
4363	新日鐵化学	185	194	185	188	486
4364	マナック	313	313	313	313	1
4365	松本油脂製薬	1800	1800	1800	1800	1
4367	広栄化学	190	190	190	190	5
4368	扶桑化学工業	1550	1550	1550	1550	0.1
4401	旭電化	705	728	694	718	95
4403	日本油脂	272	277	272	274	142
4404	ミヨシ油脂	200	201	198	199	36
4406	新日本理化	372	380	372	374	8
4409	東邦化学	188	188	183	183	2
4410	ハリマ化成	343	347	338	343	5
4452	花王	2610	2745	2610	2710	1203
4461	一工業製薬	205	222	205	215	25
4462	石原薬品	771	771	770	770	8
4463	日華化学	366	366	366	366	1
4464	ソフト９９コ	1224	1224	1200	1200	1.3
4471	三洋化成	850	860	850	854	60
4501	三共	1510	1564	1510	1526	1455
4502	武田薬品	4670	4840	4650	4810	2399
4503	山之内製薬	2800	2895	2780	2840	662.4
4505	第一製薬	1975	2010	1960	1987	799
4506	大日本製薬	1131	1179	1127	1144	595
4507	塩野義製薬	1290	1294	1260	1284	1712
4508	田辺製薬	963	987	963	981	332
4509	三菱ウェルフ	1136	1185	1135	1178	444
4511	藤沢薬品	2415	2540	2410	2490	725
4512	わかもと薬	332	332	313	313	21
4514	帝国臓器薬	684	710	679	685	20
4515	万有製薬	1305	1365	1305	1340	400.5
4516	日本新薬	585	590	582	583	69
4517	ビオフェル	1280	1300	1280	1300	19.5
4518	富山化学	458	460	455	456	159
4519	中外製薬	1300	1340	1300	1335	1667
4520	和光堂	3170	3170	3170	3170	0.1
4521	科研製薬	649	650	640	643	117
4523	エーザイ	2640	2755	2630	2695	1180.8
4524	森下仁丹	850	850	820	820	8
4526	理研ビタ	1487	1487	1487	1487	2
4527	ロート製薬	897	897	886	886	6
4528	小野薬品	4300	4300	4250	4250	6
4529	日研化学	291	307	291	305	12
4530	久光製薬	1377	1410	1377	1405	92
4531	有機合成薬	319	320	310	316	8
4534	持田製薬	670	684	669	675	98
4535	大正製薬	1741	1824	1741	1812	357
4536	参天製薬	1049	1079	1040	1070	22
4537	エスエス薬	821	845	820	820	31
4538	扶桑薬品	445	460	440	459	126
4539	日ケミファ	598	617	588	612	117
4540	ツムラ	704	727	703	723	381
4541	日本医薬品	460	475	438	442	475
4542	三笠製薬	430	430	430	430	11
4543	テルモ	1490	1540	1480	1493	663.1
4544	富士レビオ	1041	1055	1038	1049	39.5
4546	北陸製薬	1970	1980	1970	1970	5
4547	キッセイ薬	1450	1475	1450	1470	73
4548	生化学工業	1510	1540	1500	1530	106
4549	栄研化学	1038	1039	1006	1017	36
4550	日水製薬	562	562	562	562	1
4551	鳥居薬品	1550	1580	1539	1553	10.3
4552	日ケミカル	430	430	428	430	8
4553	東和薬品	1950	1990	1940	1990	108.7
4554	富士製薬工業	635	645	635	645	45
4555	沢井製薬	2160	2220	2150	2190	51.5
4556	カイノス	540	550	540	540	2
4557	医学生物学研	980	1000	940	965	51
4558	中京医薬品	600	600	600	600	2
4559	ゼリア新薬	1004	1023	982	1022	36
4560	杏林製薬	2870	2870	2800	2830	71
4561	デンカ生研	2370	2500	2370	2500	7.4
4611	大日本塗料	127	132	127	131	66
4612	日本ペイン	288	290	282	286	173
4613	関西ペイン	292	300	292	299	297
4614	トウペ	80	81	80	81	5
4615	神東塗料	106	122	106	122	25
4616	川上塗料	53	53	53	53	1
4617	中国塗料	302	304	299	299	143
4619	日特殊塗料	340	341	335	340	49
4620	藤倉化成	430	449	430	440	21
4623	アサヒペン	191	191	191	191	18
4624	イサム塗料	425	425	425	425	4
4625	アトミクス	360	370	360	370	2
4626	太陽インキ製	4490	4620	4490	4620	7.1
4627	ナトコ	550	550	545	550	14
4628	エスケー化研	3000	3000	2990	2990	4
4631	大日インキ	239	245	237	241	777
4633	サカタイン	325	340	325	340	19
4634	洋インキ製	349	354	343	351	482
4635	東京インキ	250	250	250	250	15
4636	Ｔ＆ＫＴＯＫ	3000	3000	2950	3000	1.3
4640	アンドール	184	186	180	180	8
4641	アルプス技研	670	670	660	660	5.1
4643	コナミスポー	3180	3350	3180	3290	23.4
4644	イマジニア	745	750	745	750	1.3
4646	ジャスフォー	1880	2050	1880	2050	16.5
4649	大成	398	398	398	398	0.5
4651	サニックス	2655	2690	2610	2635	80.1
4652	ウッドランド	431	431	430	430	1.6
4653	ダイオーズ	690	690	690	690	1
4655	ＮＯＶＡ	340	350	340	340	29
4656	サンライフ	2110	2110	2100	2100	0.4
4658	日本空調サー	455	455	450	450	27
4659	エイジス	1760	1790	1740	1790	3.5
4660	ニッポン放	4050	4200	4050	4100	5
4661	オリランド	8500	8650	8410	8480	114.6
4662	フォーカスシ	1030	1070	1030	1060	18
4663	エーティーエ	195000	195000	195000	195000	0.006
4666	パーク２４	2200	2205	2165	2170	49.3
4667	アイサンテク	150	150	150	150	1
4668	明光ネットワ	938	938	900	910	8.6
4669	ニッパンレン	157	157	155	155	15
4671	ファルコ	2050	2100	2020	2070	19.5
4673	川崎地質	437	437	437	437	1
4674	クレスコ	1160	1220	1160	1205	7.4
4675	エヌエス環境	730	730	730	730	0.3
4676	フジテレビ	662000	685000	662000	674000	0.686
4678	秀英予備校	1650	1708	1650	1690	17.2
4679	田谷	1620	1720	1620	1692	4
4680	ラウンドワ	211000	216000	211000	213000	0.927
4681	リゾートトラ	1980	2000	1975	1981	13.9
4682	電通テック	3320	3340	3320	3340	2.2
4684	オービック	25320	25320	24500	24680	11.3
4686	ジャストシス	620	620	610	615	3.2
4687	ＴＤＣソフト	1810	1845	1802	1820	4.3
4688	日本ドレーク	3300	3300	3210	3260	19.7
4689	ヤフー	2380000	2600000	2370000	2500000	0.45
4692	アルゴ２１	1350	1389	1350	1370	10
4694	ビーエムエル	3300	3320	3220	3310	15
4695	マイスター	540	540	540	540	5
4696	ワタベウェ	1380	1398	1380	1391	6.3
4697	ゼロ	82000	85000	79100	84900	0.151
4700	アクセス	1460000	1460000	1400000	1420000	0.006
4701	プレック研究	490	490	480	480	2
4702	５５ステーシ	670	670	670	670	0.6
4703	住商オートリ	1478	1488	1467	1477	6.7
4704	トレンドマイ	2775	2895	2760	2840	487.5
4705	クリップコー	490	490	485	485	2
4706	Ｆｓａｓ	2750	2870	2750	2845	45.6
4707	キタック	345	345	345	345	2
4708	もしもしホッ	9390	9470	9350	9440	15.7
4709	インフォディ	721	723	720	720	2.5
4710	ウィン	799	800	764	790	50
4711	東急コミュ	1366	1415	1366	1400	9.4
4712	アドアーズ	173	178	173	175	10
4713	日信電子サー	1000	1000	1000	1000	4.8
4714	リソー教育	169000	185000	165000	184000	0.366
4716	日本オラクル	4350	4480	4310	4430	145.9
4717	ソデッソジャ	777	777	777	777	1
4718	早稲田アカデ	505	505	500	505	13
4719	アルファシス	2060	2100	2040	2060	12
4721	プロフェシオ	380	380	360	360	12.7
4722	フューチャー	600000	608000	595000	598000	0.066
4723	グッドウィル	395000	400000	393000	395000	0.176
4724	シチエ	910	910	910	910	0.1
4725	シーエーシー	1060	1095	1053	1081	62.9
4726	ソフトテクノ	1440	1450	1430	1430	6.2
4727	アジアパシフ	521	521	520	521	1.4
4728	トーセ	1770	1770	1600	1700	5.4
4729	コナミ大阪	1320	1320	1280	1320	5.45
4731	ユニバーサル	220000	220000	220000	220000	0.006
4732	ユーエスエス	5170	5170	5120	5140	43.5
4733	オービックビ	4190	4190	4000	4190	1.3
4734	ビーイング	190	190	190	190	3
4736	日本ラッド	333	333	333	333	1
4738	日立ビジネス	1060	1074	1051	1074	13.8
4739	伊藤忠テクノ	4800	5040	4790	5000	93
4740	サイバーミュ	9280	9990	9100	9990	0.202
4741	インターネッ	280000	290000	280000	288000	0.007
4743	アイティフォ	800	800	785	785	6.9
4745	東京個別指導	4050	4050	3950	3950	2
4746	東計電算	819	819	811	811	2
4748	構造計画研究	700	700	690	690	0.6
4749	スノーヴァ	100	100	90	98	15
4751	サイバーエー	324000	324000	323000	323000	0.012
4753	オンザエッヂ	415000	420000	410000	419000	0.036
4754	トスネット	176	176	175	176	3
4755	楽天	128000	130000	126000	129000	0.334
4756	カルチュアコ	3410	3490	3400	3450	7.9
4757	インテリジェ	200000	200000	199000	200000	0.021
4758	シーアイエス	67000	67000	65000	66500	0.061
4759	バリュークリ	76000	76000	75700	76000	0.007
4761	さくらケーシ	643	643	643	643	17.5
4762	エックスネッ	400000	400000	400000	400000	0.004
4763	クリークアン	152000	156000	150000	152000	0.106
4765	モーニングス	230000	230000	215000	217000	0.011
4766	ピーエイ	129	169	125	169	589
4767	テーオーダブ	1030	1050	1000	1050	0.6
4768	大塚商会	2090	2155	2085	2145	21
4769	インフォクリ	565	565	560	560	0.8
4770	エルミックシ	395	395	395	395	3
4771	エフアンドエ	145000	150000	145000	148000	0.012
4772	デジタルアド	1042	1042	961	980	29
4773	エーアンドア	960	970	950	970	2.4
4774	ＮＥＣソフト	11500	11890	11500	11700	19.8
4775	総合メディカ	2750	2755	2665	2670	49.1
4776	サイボウズ	287000	288000	280000	288000	0.027
4777	ガーラ	232000	284000	226000	284000	0.309
4778	ヒューマネジ	699000	700000	680000	700000	0.005
4779	ソフトブレー	214000	215000	214000	215000	0.003
4780	コナミ東京	1520	1520	1490	1490	1.7
4781	日本ハウズイ	528	529	528	529	2
4782	オリエンタル	400	400	390	390	9
4784	まぐクリック	179000	179000	179000	179000	0.001
4787	日本コングラ	124000	126000	124000	126000	0.006
4788	サイバーコミ	144000	144000	135000	135000	0.016
4791	ドリームトレ	240000	240000	240000	240000	0.004
4792	東京ファイナ	425000	425000	425000	425000	0.004
4793	富士通ビーエ	1110	1130	1080	1130	2.5
4794	デザインエク	217000	217000	212000	212000	0.005
4795	スカイパーフ	102000	104000	100000	103000	2.406
4796	ＣＳＫネット	2430	2430	2420	2420	2.1
4797	アイシーエフ	350000	354000	347000	350000	0.01
4798	日本エルシー	1374	1414	1374	1408	59.6
4799	アグレックス	1700	1750	1700	1710	0.7
4800	オリコングロ	268000	270000	268000	270000	0.009
4801	セントラルス	815	825	815	825	0.8
4812	電通国際情報	8350	8350	7930	8000	29.3
4813	ＡＣＣＥＳＳ	2080000	2110000	2050000	2050000	0.013
4814	ネクストウェ	290000	290000	290000	290000	0.003
4815	ジャパンデジ	176000	176000	176000	176000	0.003
4816	東映アニメー	6200	6350	5750	6250	48.5
4818	サイトデザイ	147000	147000	147000	147000	0.001
4819	デジタルガレ	345000	345000	315000	330000	0.025
4820	ＥＭシステム	1300	1320	1280	1300	10.3
4821	インテックW&	585000	595000	580000	583000	0.016
4822	ハドソン	850	855	850	855	1.3
4823	サイバード	550000	550000	520000	530000	0.061
4824	メディアシー	80600	84900	79600	84900	0.05
4825	ウェザーニュ	1240	1250	1200	1210	10.8
4826	ＣＩＪ	990	990	985	985	1.3
4828	東洋ビジネス	2980	2980	2900	2970	3.4
4829	日本エンター	126000	130000	126000	130000	0.006
4830	プライムシス	421	424	420	420	22
4831	オープンルー	350000	356000	345000	356000	0.019
4832	川鉄情報シス	206000	210000	206000	207000	0.028
4835	インデックス	351000	359000	350000	350000	0.222
4836	日本フィッツ	645000	660000	645000	652000	0.048
4837	シダックス	165000	165000	165000	165000	0.019
4838	スペースシャ	190000	190000	188000	190000	0.013
4839	ＷＯＷＯＷ	269000	269000	265000	265000	0.002
4840	ドリームテク	325000	325000	310000	310000	0.01
4841	ダブルクリッ	55500	56500	54000	55500	0.067
4842	有線ブロード	26000	26000	25300	25300	0.58
4843	三幸	465	465	465	465	1
4844	サービスウェ	3100	3170	3100	3130	1.3
4845	データベース	239000	250000	238000	246000	0.027
4846	三井情報開発	1060	1060	1030	1030	7.9
4847	インウェイブ	303000	306000	299000	304000	0.149
4848	フルキャスト	470000	475000	470000	470000	0.038
4849	エンジャパン	685000	685000	670000	670000	0.002
4850	ダウケミカル	3280	3280	3280	3280	0.6
4852	プロクターア	8700	8710	8600	8640	0.91
4901	富士写真	3550	3700	3530	3650	1505
4902	コニカ	713	741	710	726	571
4911	資生堂	1524	1585	1520	1574	2339
4912	ライオン	438	449	438	442	154
4913	サンスター	345	345	345	345	50
4914	高砂香料工	457	470	457	470	44
4915	エイボンプロ	258	258	258	258	1
4916	ノエビア	1160	1160	1150	1150	3
4917	マンダム	2200	2300	2160	2300	36.3
4918	アイビー化粧	680	680	680	680	1
4919	ミルボン	3280	3540	3250	3490	82.6
4921	ファンケル	4200	4280	4160	4200	34.1
4922	コーセー	3910	4000	3900	3960	63.3
4951	エステー化	592	615	592	615	9
4953	タイホー工業	520	525	510	510	3
4955	アグロカネシ	501	515	501	501	6
4956	コニシ	1015	1048	1015	1039	5.2
4958	長谷川香料	1444	1518	1444	1476	17.2
4960	ケミプロ	200	200	200	200	7
4963	日本ＰＭＣ	311	328	311	328	2
4964	星光化学工業	410	410	410	410	0.2
4967	小林製薬	5000	5150	5000	5150	43.3
4968	荒川化学	699	699	690	695	6.9
4970	東洋合成工業	420	420	420	420	1
4972	綜研化学	370	370	370	370	1
4987	寺岡製作所	539	539	539	539	1
4989	イハラケミ	223	231	220	231	28
4992	北興化学	444	460	441	460	29
4994	大成ラミック	3710	3710	3600	3600	9.5
4995	サンケイ化学	65	70	65	70	12
4996	クミアイ化	183	189	182	189	23
4997	日本農薬	156	157	155	155	27
4998	フマキラー	126	126	123	124	7
5001	日石三菱	554	576	548	565	2994
5002	昭和シェル	670	704	670	682	585
5007	コスモ石油	180	190	180	189	1245
5008	東亜石油	131	131	126	127	66
5009	富士興産	73	75	71	75	404
5010	日本精蝋	80	80	78	78	9
5011	ニチレキ	370	380	368	380	20
5012	ゼネラル石	785	805	782	792	679
5013	ユシロ化学	599	599	580	580	2
5014	Ｊエナジー	168	174	168	173	2782
5015	ペトロルブイ	410	410	410	410	3.6
5051	ビーピー	900	900	900	900	1
5101	横浜ゴム	304	304	290	299	548
5102	大機エンジニ	249	249	240	249	22
5103	昭和ゴム	26	26	24	24	246
5104	日東化工	97	99	97	97	11
5105	東洋ゴム	195	206	195	203	204
5106	オーツタイ	224	234	223	233	300
5108	ブリヂスト	1544	1604	1544	1591	1882
5110	住友ゴム	499	510	492	509	216
5121	藤倉ゴム	177	178	174	178	20
5122	オカモト	230	238	229	231	121
5123	ミサワ東洋	60	60	60	60	1
5142	アキレス	144	148	143	147	67
5143	世界長	82	89	82	87	46
5162	朝日ラバー	519	520	519	519	2.5
5185	フコク	500	515	500	515	2
5186	ニッタ	975	997	964	997	10.5
5187	クリエートメ	680	686	680	686	3
5191	東海ゴム	984	1004	984	994	38
5192	三星ベルト	268	269	263	269	15
5193	平成ポリマ	68	80	68	77	15
5195	バンドー化	216	224	216	222	44
5196	鬼怒川ゴム	70	72	70	71	40
5201	旭硝子	737	759	734	756	1577
5202	日本板硝子	385	394	383	390	840
5204	石塚硝子	173	180	173	180	6
5208	有沢製作所	2410	2425	2410	2410	38.6
5210	山村硝子	184	187	184	185	122
5213	東芝セラミ	341	350	341	345	147
5214	日電気硝子	1190	1231	1190	1215	329
5215	旭テクノグラ	251	251	241	250	13
5216	倉元製作所	980	1000	960	980	4.2
5217	テクノクオー	800	801	800	801	2
5232	住友大阪セ	182	187	181	183	566
5233	太平洋セメン	240	246	236	238	3401
5234	第一セメ	185	186	180	180	15
5237	ノザワ	105	106	103	103	17
5261	ミサワリゾ	180	182	180	182	20
5262	日ヒューム	149	149	149	149	10
5267	ハネックス	147	157	147	157	24
5268	旭コンクリ	296	297	295	295	16
5269	日本コンク	111	120	111	116	17
5271	トヨアサノ	112	112	112	112	1
5273	三谷セキサ	261	261	260	260	3
5276	石川島建工	285	285	276	276	3
5277	スパンクリー	370	380	370	380	12
5279	日本興業	110	110	110	110	1
5280	ヨシコン	408	408	408	408	2
5281	旭ダンケ	203	206	201	206	8
5283	高見澤	160	160	160	160	1
5301	東海カボン	205	212	205	209	422
5302	日カーボン	102	105	100	101	415
5304	ＳＥＣ	225	225	225	225	7
5331	ノリタケ	465	467	459	459	107
5332	ＴＯＴＯ	535	550	532	539	480
5333	日本ガイシ	916	960	916	928	601
5334	日特殊陶業	880	905	871	883	484
5337	ダントー	406	412	406	408	34
5341	アサヒ衛陶	84	84	80	80	13
5342	ジャニス工業	65	65	60	60	4
5343	ニッコー	230	230	230	230	1
5344	ＭＡＲＵＷＡ	1589	1589	1511	1533	8.3
5351	品川白煉瓦	165	165	158	158	68
5352	黒崎播磨	103	106	101	105	33
5357	ヨータイ	147	147	147	147	3
5358	イソライト	155	164	155	164	23
5361	東海高熱工	211	216	211	216	4
5363	ＴＹＫ	201	202	200	200	17
5367	ニッカトー	340	340	340	340	2
5380	新東	291	295	291	295	2
5381	日本ミクロコ	1310	1350	1310	1310	2.7
5382	中央商事	315	315	315	315	5
5384	フジミインコ	2700	2770	2590	2770	5
5386	鶴弥	455	455	455	455	1
5387	チヨダウーテ	695	695	680	680	11
5388	クニミネ工業	203	203	203	203	2
5390	宇部マテリ	160	160	158	158	7
5391	エーアンドエ	55	57	55	57	14
5393	ニチアス	259	267	257	266	156
5397	ＭＩＥテクノ	90	90	90	90	3
5398	日本研紙	165	165	165	165	1
5401	新日本製鐵	187	191	187	191	11509
5403	川崎製鉄	164	166	161	163	18919
5404	ＮＫＫ	121	122	119	119	7371
5405	住友金属工	54	54	53	53	5986
5406	神戸製鋼所	77	78	76	76	2676
5407	日新製鋼	63	65	62	63	1425
5408	中山製鋼所	77	79	77	78	109
5410	合同製鐵	88	92	88	91	327
5423	東京製鐵	446	447	439	441	235.5
5444	大和工業	640	652	637	644	78
5445	東京鐵鋼	201	207	200	205	151
5449	大阪製鐵	510	510	510	510	1
5451	淀川製鋼所	284	290	278	289	120
5453	東洋鋼鈑	344	360	344	355	127
5454	大同鋼板	130	140	127	140	34
5457	住友鋼管	256	269	256	261	23
5458	高砂鐵工	83	88	83	88	28
5461	中部鋼鈑	127	127	127	127	11
5462	日鉄鋼管	115	115	115	115	1
5463	丸一鋼管	1432	1460	1427	1445	160
5464	モリ工業	152	156	152	152	9
5471	大同特殊鋼	241	254	241	245	469
5476	日高周波鋼	61	63	60	62	164
5479	日本金属工	113	116	112	115	285
5480	日本冶金工	42	44	41	42	340
5481	山陽特殊鋼	108	110	106	107	49
5482	愛知製鋼	594	605	591	592	167
5484	東北特殊鋼	333	333	333	333	4
5486	日立金属	410	419	405	414	309
5491	日本金属	94	99	94	99	123
5541	大平洋金属	94	97	94	95	426
5542	新報国製鉄	415	415	415	415	0.8
5563	日本電工	189	191	186	187	137
5566	中央電気工	103	103	103	103	3
5602	栗本鐵工所	207	214	206	207	61
5603	虹技	93	95	92	92	25
5605	自動車鋳物	58	58	55	56	40
5606	旭テック	111	115	111	115	33
5607	中央可鍛工業	257	257	257	257	2
5608	川口金属工	265	265	258	263	21
5609	日本鋳造	58	58	55	56	27
5610	大和重工	93	93	93	93	1
5612	日本鋳鉄管	131	136	131	136	19
5631	日本製鋼所	104	108	103	108	1320
5632	三菱製鋼	79	80	78	79	127
5633	カントク	45	46	45	46	36
5641	ＴＤＦ	136	136	136	136	1
5642	日本鍛工	51	51	51	51	3
5657	鈴木金属工	110	117	110	116	32
5658	日亜鋼業	281	281	270	274	37
5659	日本精線	160	173	160	170	14
5660	神鋼鋼線工	95	95	84	89	593
5691	シヤリング	89	89	89	89	1
5697	サンユウ	296	351	296	351	2
5701	日本軽金属	98	101	97	99	1418
5702	大紀アルミ	216	224	214	218	60
5706	三井金属	359	377	359	367	3273
5707	東邦亜鉛	156	162	156	158	217
5711	三菱マテリ	207	219	207	218	2270
5713	住友金属鉱	535	556	535	550	1199
5714	同和鉱業	544	565	538	562	881
5715	古河機械金	95	99	94	95	534
5716	日鉱金属	430	441	430	437	166
5721	志村化工	90	98	90	92	623
5726	住友チタニウ	2230	2295	2230	2270	10.4
5727	東邦チタ	779	810	769	804	20
5728	アライドマテ	1350	1351	1350	1351	0.4
5729	日本精鉱	279	292	275	290	13
5738	住友軽金属	78	82	78	80	252
5740	九不サッシ	130	180	130	180	94
5753	日本伸銅	38	38	38	38	11
5757	サンエツ金属	470	470	470	470	8
5771	三菱伸銅	165	170	165	167	87
5781	東邦金属	120	120	120	120	3
5801	古河電気工	415	423	412	421	3306
5802	住友電気工	800	825	800	816	1830
5803	フジクラ	402	413	401	407	848
5804	三菱電線工	117	120	115	117	121
5805	昭和電線	100	101	98	100	182
5807	東特殊電線	119	121	115	119	20
5808	理研電線	88	88	88	88	4
5809	タツタ電線	128	131	127	130	39
5810	第一電工	41	42	40	41	731
5811	トヨクニ電線	310	310	310	310	1
5812	日立電線	500	508	490	498	226
5815	沖電線	176	177	175	177	6
5816	オーナンバ	160	165	160	165	2
5819	カナレ電気	1420	1420	1400	1400	1.5
5851	リョービ	147	152	147	152	92
5852	アーレスティ	347	347	346	346	4
5854	東京理化工	589	590	589	590	4
5855	アサヒプリテ	860000	865000	856000	862000	0.103
5900	ダイケン	480	480	480	480	1
5901	東洋製罐	1559	1569	1525	1546	284
5902	北海製罐	278	285	278	283	139
5903	ＳＨＩＮＰＯ	405	405	405	405	1
5907	川鉄コンテ	144	144	144	144	3
5909	コロナ	2205	2300	2205	2300	15.5
5910	立山アルミニ	140	140	140	140	11
5911	横河ブリジ	428	433	415	416	27
5912	日本橋梁	63	64	60	64	13
5913	松尾橋梁	186	186	183	183	17
5914	宮地鐵工所	167	179	166	176	25
5915	駒井鉄工	241	246	235	235	17
5916	ハルテック	200	200	200	200	8
5917	サクラダ	79	81	79	79	9
5918	瀧上工業	342	342	337	337	2
5921	川岸工業	231	231	231	231	5
5922	那須電機鉄	128	128	128	128	1
5923	高田機工	428	432	428	430	17
5925	酒井鉄工所	68	68	68	68	3
5926	安治川鉄工	438	488	431	488	2278
5928	アルメタク	128	128	127	127	8.5
5929	三和シヤタ	392	404	389	403	401
5930	文化シヤタ	320	327	315	327	129
5931	川田工業	202	210	202	207	31
5932	三協アルミ	96	97	94	95	568
5933	アルインコ	177	177	177	177	14
5934	日本アルミ	41	41	41	41	13
5935	元旦ビューテ	500	500	500	500	4
5936	東洋シヤタ	44	44	43	43	95
5938	トステム	1978	2050	1975	2050	708
5940	不二サッシ	85	85	80	80	8.3
5942	日フイルコ	445	460	445	460	3
5943	ノーリツ	1030	1060	1030	1051	34.3
5944	日立粉末	524	555	524	525	26
5946	長府製作所	1712	1765	1712	1746	14.2
5947	リンナイ	2550	2580	2505	2540	100.9
5949	ユニプレス	215	215	200	200	3
5950	日パワー	119	120	119	120	3
5951	ダイニチ工	490	505	487	503	21.2
5952	アマテイ	58	58	48	48	8
5954	トープラ	127	129	126	127	36
5955	ヤマシナ	31	32	30	32	339
5957	日東精工	164	168	164	165	32
5958	三洋工業	364	370	355	370	160
5959	岡部	318	318	314	314	14
5963	日立ツール	417	446	416	431	4
5964	東洋刃物	113	113	113	113	2
5965	フジマック	365	365	365	365	1
5966	ＫＴＣ	338	345	338	345	2
5967	前田金属工	110	120	110	115	28
5971	共和工業所	285	285	270	270	11
5972	日本建鐵	136	140	135	135	3.5
5973	トーアミ	430	430	430	430	1
5974	中国工業	130	132	130	132	5
5975	東プレ	410	420	409	412	33
5976	ネツレン	317	317	303	313	38
5977	コマツ電金	590	600	580	583	24.7
5980	田中亜鉛鍍金	160	160	160	160	1
5981	東京製綱	70	70	67	68	627
5983	イワブチ	396	396	396	396	1
5984	兼房	635	635	635	635	7.5
5985	サンコール	326	331	326	331	3
5986	モリテック	198	198	188	188	2
5987	オーネックス	350	350	350	350	12
5988	パイオラク	784	784	784	784	9
5990	スーパーツー	145	145	145	145	3
5991	ニッパツ	349	354	348	348	305
5992	中央発條	382	387	372	374	21
5994	東京燒結金	236	236	236	236	4
5995	日科学冶金	228	228	228	228	1
5996	新立川航機	756	780	756	780	0.4
5998	アドバネクス	177	178	175	175	40
5999	イハラサイエ	132	132	132	132	2
6005	三浦工業	1472	1521	1471	1513	32.1
6013	タクマ	919	950	919	941	249
6016	神戸発動機	81	81	81	81	1
6018	阪神内燃機	92	92	92	92	6
6021	富士ロビン	130	130	130	130	2
6022	赤阪鐵工所	73	80	73	80	24
6041	ボッシュオー	91	97	91	96	345
6042	ニッキ	142	149	141	149	21
6101	ツガミ	201	206	201	204	88
6103	オークマ	190	196	185	189	277
6104	東芝機械	320	332	318	330	912
6106	日立精機	82	85	82	82	41
6107	アマダマシニ	220	223	218	221	183
6113	アマダ	610	620	607	610	701
6118	アイダエン	316	319	311	312	75
6119	ゼィープラス	181	181	181	181	5
6121	瀧澤鐵工所	48	49	48	48	4
6125	岡本工作機	80	80	80	80	2
6130	日平トヤマ	177	178	177	177	3
6131	浜井産業	95	96	95	96	5
6134	富士機械製造	1786	1786	1730	1730	22.3
6135	牧野フライ	432	441	432	440	75
6136	ＯＳＧ	489	514	488	506	245
6137	小池酸素工	148	148	146	148	6
6138	ダイジェト	132	132	125	125	42
6139	東芝タンガ	305	315	305	310	43
6140	旭ダイヤ	496	500	492	493	91
6141	森精機製作	998	1005	988	1005	4.3
6143	ソディック	351	370	351	370	44
6144	西部電機	217	217	217	217	1
6145	日特エンジニ	585	585	565	565	5
6146	ディスコ	6110	6390	6100	6210	39.6
6148	ＵＨＴ	900	900	900	900	0.2
6149	小田原エンジ	455	457	450	450	1.5
6150	タケダ機械	87	87	87	87	3
6151	日東工器	1670	1747	1668	1711	16.4
6155	高松機械工業	305	305	305	305	3
6201	豊田自動織	1850	1884	1850	1865	202.8
6203	豊和工業	70	74	70	71	134
6205	ＯＫＫ	80	80	79	79	54
6206	豊田工機	514	526	512	518	120
6208	石川製作所	70	72	70	70	44
6210	東洋機械金	221	221	221	221	7
6211	倉敷機械	64	64	64	64	1
6212	帝人製機	271	280	269	276	54
6213	ＯＭ製作所	101	102	99	101	21
6214	大隈豊和機	85	89	85	88	26
6217	津田駒工業	228	242	227	235	342
6218	エンシュウ	113	120	113	115	13
6221	大東製機	198	200	198	200	3
6222	島精機製作	2750	2755	2650	2755	2.4
6242	スピンドル	147	147	141	145	21
6246	井上金属工	155	155	155	155	22
6247	日阪製作所	460	469	456	456	80
6271	ニッセイ	840	840	840	840	1.2
6272	レオン自動	341	345	341	342	12
6273	ＳＭＣ	14000	14210	14000	14090	86.5
6274	新川	2520	2600	2520	2600	25.8
6277	ホソミクロ	550	559	540	542	42
6278	ユニツール	4690	4790	4650	4760	56.1
6280	名機製作所	301	301	301	301	1
6282	オイレス工	1880	2025	1879	2005	144.2
6283	オリイメック	191	191	191	191	2
6284	日精エーエス	180	180	180	180	6
6286	靜甲	550	550	550	550	1
6287	サトー	2860	2935	2860	2925	19.9
6289	技研製作所	399	399	395	395	2
6290	エスイーエス	587	600	581	592	83.3
6292	カワタ	315	315	315	315	1
6293	日精樹脂工業	590	609	580	589	21
6294	オカダアイ	450	450	447	447	7
6295	富士変速機	238	238	238	238	10.4
6296	ロキテクノ	940	940	930	930	3.4
6298	ワイエイシイ	360	365	360	360	6
6299	神鋼パンテ	260	260	251	251	3
6300	アピック	270	271	266	266	5
6301	コマツ	420	428	412	416	2369
6302	住友重機工	120	125	120	123	1103
6305	日立建機	430	450	423	449	829
6306	日工	295	299	290	294	41
6307	サンセイ	111	120	110	113	17
6309	巴工業	709	709	709	709	7
6310	井関農機	84	86	83	85	320
6311	セイレイ工	124	124	124	124	2
6313	共立	151	154	149	151	90
6314	石井工作研究	348	348	348	348	0.1
6315	ＴＯＷＡ	1537	1551	1503	1503	8.5
6316	丸山製作所	108	108	107	107	14
6317	北川鉄工所	94	97	92	96	60
6319	シンニタン	199	200	197	200	12
6320	新ダイワ工	201	201	201	201	1
6323	ローツェ	1330	1350	1250	1350	7.7
6324	ハーモニック	1150000	1150000	1140000	1140000	0.022
6325	タカキタ	311	311	311	311	5
6326	クボタ	354	371	354	365	2494
6327	北川精機	329	330	329	329	5
6328	荏原実業	1300	1300	1270	1300	0.9
6329	ＨＥＣ	290	290	290	290	1
6330	東洋エンジ	178	187	178	183	626
6331	三菱化工機	132	132	125	129	37
6332	月島機械	605	610	596	596	79
6334	明治機械	57	58	57	58	107
6335	東京機械製	302	306	300	303	88
6336	石井表記	2065	2090	2050	2090	0.8
6338	タカトリ	270	270	270	270	3
6339	新東工業	276	280	276	278	33
6340	澁谷工業	762	789	759	759	8
6341	日立富岡機	95	95	95	95	1
6342	太平製作所	63	63	63	63	4
6343	Ｆマクロス	56	58	40	54	149
6344	ＮＥＣマシナ	1001	1011	1001	1011	1.5
6345	アイチコポ	205	210	201	206	29.5
6347	プラコー	59	65	59	59	15
6349	小森コーポ	1456	1486	1456	1475	88
6350	新日本造機	131	131	131	131	5
6351	鶴見製作所	512	515	502	513	24
6354	日立機電工	376	386	376	386	2
6355	住友精密工	519	529	516	520	109
6356	日本ギア工	139	139	130	137	45
6357	三精輸送機	330	332	330	332	17
6358	酒井重工業	159	164	159	161	11
6359	粟村製作所	119	120	109	109	41
6360	東京自働機	189	189	189	189	1
6361	荏原	570	592	560	582	1162
6362	石井鐵工所	164	170	164	165	88
6363	酉島製作所	467	485	467	468	15
6364	北越工業	93	93	91	91	16
6366	千代田化建	190	205	190	202	1165
6367	ダイキン工	2195	2290	2185	2250	399
6368	オルガノ	447	463	447	457	32
6369	トヨカネツ	101	105	101	103	385
6370	栗田工業	1480	1497	1477	1485	208.6
6371	椿本チエイ	357	357	346	356	196
6372	大阪製鎖造	81	81	75	80	14
6373	大同工業	157	162	156	157	13
6374	ＴＣＭ	282	283	276	283	45
6375	日コンベヤ	52	53	50	51	188
6376	日機装	550	565	545	565	83
6378	木村化工機	135	135	129	130	8
6379	新興プランテ	127	144	122	144	1331
6381	アネスト	152	156	152	152	7
6382	トリニティ	310	310	305	310	7
6383	ダイフク	455	468	455	460	232
6384	昭和真空	950	950	950	950	0.1
6385	東精エンジニ	1490	1490	1490	1490	1
6387	サムコインタ	2120	2130	2120	2130	7
6390	加藤製作所	134	136	134	135	19
6391	加地テック	117	117	116	116	2
6392	ヤマダコポ	203	213	203	206	3
6393	油研工業	138	147	136	146	3950
6394	大江工業	56	56	50	50	73
6395	タダノ	166	172	166	166	40
6396	宇野澤鐵工	87	87	83	83	7
6398	日電シンポ	466	466	461	463	32
6401	ソディックプ	180000	180000	175000	175000	0.019
6406	フジテック	630	692	625	682	726
6407	ＣＫＤ	395	403	391	400	43
6409	キトー	223	223	218	218	2
6411	中野冷機	530	530	530	530	1
6412	平和	1980	2100	1980	2040	73.4
6413	理想科学工業	3100	3100	3100	3100	1
6414	川重冷熱工業	470	480	470	480	20
6416	桂川電機	240	240	235	235	3
6417	ＳＡＮＫＹ	3370	3520	3310	3510	206.8
6418	日金銭機械	1920	1920	1920	1920	1
6419	マースエン	3710	3820	3700	3770	23.8
6420	福島工業	582	582	582	582	0.5
6421	キヤノアプ	655	655	636	650	18
6423	高砂電器産	1000	1000	975	983	5.9
6425	アルゼ	2830	2900	2830	2900	8.7
6426	サミー	3640	3750	3620	3660	134.9
6427	東北リコー	629	629	629	629	1
6428	オーイズミ	965	980	950	980	8
6429	タイヨーエレ	940	980	910	960	60
6436	アマノ	841	861	837	842	77
6439	中日本鋳工	56	57	56	57	4
6440	ＪＵＫＩ	305	317	305	316	725
6442	コピア	275	275	270	270	14
6443	東洋製作所	155	155	145	150	19
6444	サンデン	365	373	365	369	201
6445	蛇の目ミシ	93	96	91	96	1417
6448	ブラザー工	755	773	749	761	1703
6453	シルバー精	46	48	46	46	351
6454	マックス	1024	1026	1018	1021	62
6455	モリタ	369	390	369	382	54
6457	グローリー	1878	1880	1878	1880	2
6459	大和冷機工	330	338	330	332	41
6461	日ピストン	93	98	93	95	343
6462	リケン	300	300	292	292	106
6463	帝ピストン	285	308	285	299	9
6467	ニチダイ	590	610	590	590	28
6468	駿河精機	870	910	870	900	19.9
6470	大豊工業	980	989	970	977	15.4
6471	日本精工	473	490	472	479	960
6472	ＮＴＮ	481	489	474	479	1934
6473	光洋精工	580	597	568	572	563
6474	不二越	143	147	141	142	344
6475	天辻鋼球製	811	811	811	811	1
6476	富士テクニカ	400	401	400	400	4
6477	ツバキナカ	866	899	860	860	18.5
6478	ダイベア	168	168	168	168	2
6479	ミネベア	674	689	668	677	1464
6480	日トムソン	564	591	560	567	232
6481	ＴＨＫ	2120	2170	2100	2105	358.7
6482	ユーシン精	2905	3040	2900	2995	2.8
6485	前澤給装工	710	710	710	710	1
6486	イーグル工	360	391	360	391	8
6488	ヨシタケ	320	320	315	320	7
6489	前澤工業	520	535	499	524	24.8
6490	日本ピラー	616	616	606	606	6
6493	日鍛バルブ	217	221	217	221	3
6494	日本ファーネ	105	110	105	110	29
6495	宮入バルブ	63	63	61	61	7
6496	中北製作所	260	260	260	260	11
6498	キッツ	140	142	139	139	112
6501	日立製作所	721	743	715	731	13318
6502	東芝	481	491	477	489	7494
6503	三菱電機	484	492	477	486	3730
6504	富士電機	321	339	321	324	710
6505	東洋電機製	105	108	101	101	61
6506	安川電機	439	447	432	439	445
6507	神鋼電機	216	222	215	220	327
6508	明電舎	182	199	181	188	582
6513	オリジン電	375	380	367	367	15
6516	山洋電気	290	290	283	288	40
6517	デンヨー	567	588	561	571	22
6519	エネサーブ	5600	5690	5450	5550	14.2
6581	日立工機	410	433	410	424	394
6584	三桜工業	390	400	380	386	26
6585	日本サーボ	142	149	142	149	4
6586	マキタ	794	798	775	791	132
6587	松下精工	503	515	502	507	125
6588	テック	289	307	289	307	297
6590	芝浦メカトロ	419	435	416	426	71
6591	西芝電機	133	133	131	131	3
6592	マブチ	11530	11870	11530	11800	35
6594	日本電産	8050	8240	8050	8190	5.5
6621	高岳製作所	126	131	126	128	111
6622	ダイヘン	137	138	135	135	52
6624	田淵電機	90	97	90	97	12
6641	日新電機	182	185	179	182	42
6643	戸上電機製	97	97	97	97	2
6644	大崎電気工	511	524	507	514	24
6645	オムロン	1800	1842	1800	1842	18
6646	エナジー	459	459	459	459	1
6650	春日電機	59	67	55	65	24
6651	日東工業	921	962	921	934	39.6
6652	和泉電気	575	585	569	580	32.5
6654	不二電機工業	590	590	585	585	0.2
6680	ＩＢＭ	8440	8440	8250	8300	1.66
6687	アルカテル	839	839	800	800	0.28
6689	アップルコン	1765	1765	1764	1765	4.9
6701	ＮＥＣ	776	787	770	781	8463
6702	富士通	794	807	787	806	5668
6703	沖電気工業	231	236	230	235	2516
6704	岩崎通信機	203	214	202	210	209
6705	ＮＥＣインフ	402	409	395	397	54
6706	電気興業	444	469	444	458	57
6707	サンケン電	952	975	947	965	889
6708	東洋通信機	336	359	336	350	55
6709	明星電気	152	160	152	156	49
6710	大興電機製	96	96	96	96	2
6712	田村電機製	216	224	214	218	90
6714	神田通信工	83	83	83	83	4
6715	ナカヨ通信	152	152	152	152	5
6717	富士通電装	690	713	683	708	7.4
6718	アイホン	1174	1209	1170	1191	27.3
6719	富士通コンポ	84000	84000	84000	84000	0.002
6735	ディーアンド	231	231	220	220	13
6736	サン電子	980	990	980	990	2.5
6737	ナナオ	1300	1300	1266	1300	19
6739	アドテックス	335000	337000	327000	331000	0.072
6741	日本信号	306	318	306	318	30
6742	京三製作所	260	262	257	262	69
6743	大同信号	216	216	216	216	3
6744	能美防災	568	576	553	553	52
6745	ホーチキ	342	343	342	342	8
6747	小糸工業	290	290	290	290	1
6748	星和電機	991	1024	990	1000	60
6749	マスプロ電	1259	1300	1252	1277	39.3
6751	日本無線	349	356	341	354	171
6752	松下電器産	1530	1563	1523	1549	4760
6753	シャープ	1479	1493	1462	1490	2453
6754	アンリツ	833	848	830	836	520
6755	富士通ゼネ	313	333	313	331	91
6756	国際電気	501	510	497	505	160
6757	オーエスジー	3500	3520	3420	3500	5.2
6758	ソニー	5310	5410	5280	5390	6321.5
6759	トーキン	805	829	805	811	103
6761	アイワ	265	269	258	269	91.7
6762	ＴＤＫ	5420	5680	5360	5510	834.4
6763	帝国通信工	360	370	360	360	62
6764	三洋電機	524	545	521	539	3385
6765	ケンウッド	105	111	105	110	798
6766	宮越商事	59	69	59	67	287
6767	ミツミ電機	1852	1899	1828	1871	432.2
6768	タムラ製作	358	366	358	364	93
6769	ザインエレク	1620000	1640000	1560000	1620000	0.101
6770	アルプス電	1529	1590	1526	1557	1064
6771	池上通信機	105	109	102	106	47
6772	コスモス電	73	74	73	74	4
6773	パイオニア	2060	2120	2050	2075	584.9
6774	カノープス	555000	555000	546000	553000	0.034
6775	東和メクス	87	90	86	89	77
6776	天昇電気工	163	163	163	163	1
6777	ｓａｎｔｅｃ	750	750	700	701	1.9
6778	アルチザネッ	100000	100000	97000	100000	0.242
6779	日本電波工	1902	1962	1902	1932	7.8
6781	松下通信工	4360	4460	4300	4430	384.8
6782	九州松下電	869	892	869	887	117
6783	松下寿電子	1247	1287	1247	1270	106
6784	プラネックス	325000	325000	320000	325000	0.004
6786	リアルビジョ	260000	265000	260000	260000	0.031
6787	メイコー	540	540	535	540	13
6788	日本トリム	9250	9250	9100	9200	1.15
6789	ローランドデ	879	880	855	862	10.9
6790	野田スクリー	271000	273000	270000	270000	0.016
6791	コロムビア	169	175	163	163	1025
6792	ビクター	835	864	835	854	864
6793	山水電気	10	11	10	10	726
6794	フォスタ電	508	520	501	508	59
6796	クラリオン	78	81	78	80	760
6798	ＳＭＫ	334	345	333	337	95
6800	ヨコオ	747	758	739	752	31.1
6801	東光	305	314	305	311	135
6803	ティアック	206	217	206	214	87
6804	ホシデン	1379	1385	1379	1385	3
6806	ヒロセ電機	9500	9830	9490	9660	61
6807	航空電子工	732	759	732	752	117
6808	シントム	2	2	1	1	157
6809	ＴＯＡ	480	481	471	475	60
6810	マクセル	1740	1797	1740	1780	143
6811	イーラックス	110	112	106	108	360
6812	ジャルコ	280	280	280	280	1
6814	古野電気	306	306	306	306	1
6815	ユニデン	752	779	751	770	336
6816	アルパイン	1203	1229	1194	1220	233.3
6817	スミダコーポ	3000	3090	2950	2950	18.2
6818	島田理化工	717	725	693	712	7.8
6819	オメガプロジ	86	86	84	85	131
6820	アイコム	1414	1414	1325	1350	9.4
6821	バーテスタン	630	630	620	630	8
6822	大井電気	146	146	146	146	3
6823	リオン	523	523	523	523	8
6824	新コスモス電	456	460	450	460	7
6825	パトライト	1240	1240	1240	1240	1
6826	本多通信工業	563	563	560	560	1.2
6827	東北パイオニ	2080	2120	2050	2100	12.7
6828	シメオ精密	990	990	970	980	3.2
6829	ソーテック	209000	209000	203000	208000	0.239
6830	鷹山	80300	84500	80300	84000	0.629
6832	アオイ電子	975	980	975	980	1
6834	精工技研	3100	3100	3060	3100	2.7
6835	アライドテレ	4270	4500	4270	4400	11.9
6836	ぷらっとホー	190000	195000	187000	195000	0.016
6837	京写	480	480	450	460	6
6839	船井電機	15300	15760	15300	15430	8.3
6840	アドテック	580	590	580	590	14
6841	横河電機	950	967	924	930	546
6842	ユニパルス	946	955	946	955	0.9
6844	新電元工業	366	370	362	366	72
6845	山武	914	920	903	917	137.2
6847	安藤電気	505	505	488	494	14
6849	日本光電	520	540	520	535	108
6850	チノー	306	316	296	309	686
6852	テクノセブン	82	82	82	82	2
6853	共和電業	234	240	234	240	21
6855	日本電子材料	1060	1080	1030	1050	16
6856	堀場製作所	982	1010	982	990	12
6857	アドテスト	6810	7010	6810	6890	848.6
6858	小野測器	215	219	215	218	14
6859	エスペック	492	500	492	500	21
6860	ＳＵＮＸ	650	650	650	650	100.3
6861	キーエンス	23920	24560	23920	24330	47.7
6866	ＨＩＯＫＩ	643	643	643	643	3.1
6868	東京カソード	700	700	690	690	1.2
6869	シスメックス	2560	2650	2560	2625	13.6
6871	日本マイクロ	840	840	820	820	4.6
6872	日本コーリン	4800	5010	4630	4800	42.8
6873	日立電子エ	359	360	353	360	7
6874	協立電機	1300	1300	1300	1300	0.3
6875	メガチップス	2360	2475	2360	2385	260.3
6876	光波	1690	1690	1650	1670	5.5
6877	ＯＢＡＲＡ	820	820	800	800	5
6878	長野日本無線	215	220	215	220	7
6879	フォトロン	330	330	330	330	1
6880	シンワ(店頭)	1020	1020	950	970	4.3
6881	キョウデン	360	375	360	374	18
6882	三社電機製	821	821	820	821	4
6884	デジタル	2140	2140	2140	2140	0.2
6885	ミヤチテクノ	1531	1599	1530	1595	4.4
6887	日本ＬＳＩ	587000	587000	585000	585000	0.049
6888	アクモス	141000	141000	140000	141000	0.018
6889	オーデリック	584	584	580	580	2
6890	フェローテッ	1710	1710	1600	1640	9.9
6891	イーター電機	200	200	190	190	14
6892	シチズン電子	9300	9500	9300	9500	6.8
6893	タイテック	400	400	400	400	2
6894	パルステック	570	595	570	580	25
6895	ダイヤ電機	389	389	372	380	6
6896	北川工業	830	830	830	830	8.2
6897	ツインバード	375	375	352	352	4
6899	ＡＳＴＩ	463	463	463	463	1
6900	東京電波	1631	1699	1631	1699	2.8
6901	澤藤電機	168	185	168	183	5
6902	デンソー	1870	1912	1854	1896	1124
6905	コーセル	2650	2695	2550	2625	4.9
6907	ジオマテック	1280	1290	1250	1290	5.7
6908	イリソ電子工	325	325	325	325	1
6909	北部通信工業	7	7	6	6	34
6910	メディコ	1650	1700	1600	1699	34
6911	新日本無線	670	680	670	680	17
6912	菊水電子工業	300	301	300	301	2
6913	メルコ	2185	2290	2180	2255	45.1
6914	オプテックス	1579	1579	1558	1560	1.9
6915	千代田インテ	1609	1610	1590	1598	171.9
6916	アイオーデー	900	910	895	895	12.6
6917	デンセイラム	1027	1045	1027	1044	8.2
6918	アバールデー	330	330	330	330	10
6919	ケル	351	351	340	350	9
6920	レーザーテッ	2290	2290	2200	2200	6
6921	東光電気	232	243	232	243	6
6922	昭和情報機器	400	400	400	400	3
6923	スタンレー	1293	1315	1287	1301	819
6924	岩崎電気	360	370	355	368	256
6925	ウシオ電機	1380	1408	1375	1400	727
6926	岡谷電機産	145	145	145	145	1
6928	エノモト	313	315	300	315	123
6929	日本セラミ	1090	1090	1090	1090	1
6930	日本アンテナ	1180	1180	1110	1150	6
6931	日本電池	227	249	227	244	250
6932	遠藤照明	301	301	300	300	8
6933	ＹＵＡＳＡ	181	193	181	186	334
6934	新神戸電機	440	478	440	449	17
6935	日デジタル	1013	1048	1011	1033	19.8
6936	洋高砂電池	69	70	68	70	20
6937	古河電池	207	220	207	220	10
6938	双信電機	470	480	470	470	3.1
6939	ユーエムシー	288000	288000	281000	281000	0.526
6941	山一電機	1477	1477	1390	1390	30
6943	日本開閉器工	342	342	342	342	2
6945	富士通機電	427	430	420	420	2.3
6946	日本アビオ	171	171	171	171	2
6947	図研	1179	1234	1175	1223	27.9
6949	キンセキ	647	694	647	647	33
6950	ＹＥデータ	225	225	225	225	1
6951	日本電子	684	702	684	700	185
6952	カシオ	630	672	622	669	2691
6954	ファナック	5520	5780	5520	5640	560.4
6955	ＦＤＫ	266	277	265	266	32
6956	神明電機	1080	1080	1080	1080	2
6957	芝浦電子	255	255	255	255	1
6958	日本ＣＭＫ	1077	1094	1077	1092	50
6960	フクダ電子	2920	2960	2900	2950	8.2
6961	エンプラス	3600	3660	3580	3610	17.3
6962	大真空	343	365	343	365	19
6963	ローム	16150	16500	16110	16360	8.7
6964	サンコー	525	525	511	511	3
6965	浜松ホトニ	2490	2540	2490	2520	124.6
6966	三井ハイテ	1110	1120	1089	1106	24.4
6967	新光電気工	2390	2460	2375	2380	125.4
6968	グラフテク	89	96	89	96	16
6969	松尾電機	261	261	261	261	10
6970	日本コンラ	450	456	445	452	27
6971	京セラ	8370	8650	8320	8540	869.2
6972	エルナー	405	430	402	420	147
6973	協栄産業	281	297	281	297	13
6974	日本インタ	315	323	312	320	65
6975	住友特殊金	741	741	730	730	2
6976	太陽誘電	1776	1828	1753	1785	570
6981	村田製作所	6830	6920	6770	6810	56.1
6982	リード	60	60	59	59	12
6985	ユーシン	400	406	378	385	151
6986	双葉電子工	3310	3390	3310	3350	68
6988	日東電工	3660	3780	3630	3740	420
6989	北陸電気工	96	97	93	96	21
6991	松下電工	761	792	761	777	1941
6992	国産電機	156	157	156	157	2
6993	森電機	23	24	21	22	810
6994	指月電機製	190	194	189	194	5
6995	東海理化	915	929	905	926	32
6996	ニチコン	1730	1760	1720	1732	89.6
6997	日ケミコン	547	565	542	558	668
6998	日タングス	180	185	180	185	4
6999	ＫＯＡ	922	956	920	929	71.5
7003	三井造船	137	143	137	142	1669
7004	日立造船	62	66	62	65	5865
7007	佐世保重工	95	99	95	97	173
7011	三菱重工業	340	344	334	340	6306
7012	川崎重工業	139	147	139	143	3806
7013	石川島播磨	180	182	175	176	3620
7014	名村造船所	277	294	277	287	126
7018	内海造船	54	54	54	54	1
7020	サノヤス	179	186	177	186	12
7021	ニッチツ	200	200	185	198	40
7102	日本車輌製	200	210	199	204	271
7105	ニチユ	190	205	190	194	9
7122	近畿車輛	263	275	259	260	3929
7123	東急車輛製	75	80	75	78	108
7142	ナブコ	125	136	125	135	51
7201	日産自	781	804	778	794	12231
7202	いすゞ自	70	71	69	70	1699
7203	トヨタ自	2900	2990	2900	2990	4013.6
7204	コマツゼノ	277	287	272	279	14
7205	日野自動車	320	330	310	324	410
7210	日産ディ	95	100	92	99	173
7211	三菱自動車	296	306	293	297	2812
7217	テイン	486	486	486	486	2
7218	田中精密工業	1900	1900	1900	1900	1
7219	エッチケーエ	460	460	460	460	9
7220	武蔵精密工業	2100	2150	2100	2130	22.3
7221	トヨタ車体	1340	1380	1331	1346	62
7222	日産車体	260	275	260	270	226
7223	関東自動車	604	619	598	618	60
7224	新明和工業	187	191	187	190	67
7225	小松リフト	166	173	161	162	77
7226	極東開発工	690	708	690	707	28.7
7230	日信工業	2780	2895	2750	2880	12.9
7231	トピー工業	170	175	170	172	261
7232	トキコ	280	290	280	285	219
7233	自動車部品	52	55	52	53	6
7234	橋本フォミ	71	80	71	79	3
7235	東京ラヂエ	212	212	207	208	18
7236	東洋ラジエ	245	252	244	251	59
7238	曙ブレーキ	195	197	187	197	63
7239	タチエス	631	641	621	621	10
7240	ＮＯＫ	1185	1223	1181	1214	1195
7241	フタバ産業	1379	1395	1364	1385	153
7242	カヤバ工業	172	179	172	175	118
7243	シロキ工業	195	209	195	204	50
7244	市光工業	197	204	197	201	51
7245	大同メタル工	385	385	380	380	8
7246	プレス工業	82	82	78	80	457
7247	ミクニ	123	123	120	120	14
7248	カルソニク	589	598	584	590	961
7250	太平洋工業	350	352	346	346	65
7251	ケーヒン	1360	1400	1360	1400	103.8
7253	日ガスケ	235	235	235	235	1
7254	ユニバンス	236	236	236	236	4
7256	河西工業	200	210	200	210	89
7257	自動車電機	211	213	210	212	8
7258	栃木富士産	226	239	225	239	41
7259	アイシン精	1690	1728	1690	1704	286
7260	富士機工	206	208	204	208	19
7261	マツダ	334	344	333	336	2483
7262	ダイハツ工	460	463	450	455	411
7263	愛知機械工	235	240	232	236	82
7266	今仙電機製作	400	400	390	390	20.6
7267	ホンダ	4880	5150	4840	5090	2985
7268	タツミ	185	185	185	185	1
7269	スズキ	1340	1378	1338	1357	1401
7270	富士重工業	506	524	506	519	2507
7271	安永	270	270	270	270	1.5
7272	ヤマハ発動	876	896	876	890	301
7273	イクヨ	239	251	238	251	9
7274	ショーワ	991	1058	991	1050	173
7275	ユニシア	141	149	140	147	118
7276	小糸製作所	445	459	444	455	69
7277	東京部品工	73	74	71	72	9
7278	エクセディ	740	750	739	749	51.7
7279	日ケーブル	1129	1130	1129	1130	21
7280	ミツバ	489	489	489	489	4
7282	豊田合成	1385	1395	1361	1382	156.1
7283	愛三工業	758	764	731	746	38
7284	盟和産業	219	223	219	223	3
7286	イズミ工業	4	5	4	4	17
7287	日本精機	476	476	464	475	9
7288	テクノエイト	350	360	350	360	13
7289	テネックス	130	130	130	130	10
7290	日発精密工業	135	135	135	135	1
7291	日本プラスト	235	249	235	249	2
7292	村上開明堂	490	490	490	490	1
7293	大井製作所	200	200	200	200	5
7294	ヨロズ	312	321	310	318	22.5
7296	エフシーシー	2370	2380	2350	2380	12.4
7297	カーメイト	520	520	520	520	0.2
7298	八千代工業	770	775	750	755	48
7299	フジオーゼ	214	214	202	202	2
7301	宮田工業	78	80	78	80	13
7305	新家工業	90	92	89	92	43
7306	丸石自転車	53	53	52	52	19
7308	ツノダ	60	60	60	60	10
7309	シマノ	1560	1599	1551	1599	5.1
7399	ナンシン	255	255	255	255	1
7404	昭和飛行機	291	291	291	291	1
7407	日本飛行機	204	211	203	203	55
7408	ジャムコ	430	430	430	430	3
7412	アトム	1420	1430	1420	1430	3.6
7413	創健社	180	180	180	180	3
7414	小野建	620	620	575	575	3
7415	新星堂	188	188	188	188	1
7416	はるやま商	868	876	868	876	7
7419	ノジマ	640	640	600	600	1.2
7420	佐鳥電機	610	630	610	626	2.2
7421	カッパクリエ	7060	7100	7000	7100	5.1
7422	東邦レマック	505	505	505	505	7
7423	フォンテヌ	1209	1216	1209	1216	1.6
7425	初穂商事	335	335	335	335	1
7426	山大	91	91	91	91	2
7427	エコートレ	730	730	730	730	1
7428	江戸沢	740	740	740	740	7
7429	セイジョー	1334	1350	1330	1330	4.5
7430	サンワドー	510	510	510	510	0.1
7432	ダルトン	195	195	195	195	1
7433	伯東	1470	1520	1470	1501	13.7
7434	オータケ	1250	1250	1250	1250	6
7435	ナデックス	495	500	490	495	5
7437	サークルＫ	2565	2640	2550	2620	111.4
7438	コンドテク	519	519	519	519	1
7439	サンミック千	128	128	128	128	11
7440	クラフト	890	890	800	810	42
7442	中山福	369	369	362	364	18
7443	横浜魚類	300	300	295	295	3
7445	ライトオン	935	950	935	935	8.5
7446	東北化学薬品	445	445	445	445	2
7447	ナガイレーベ	3070	3120	3050	3100	5.7
7448	ジーンズメ	972	1015	972	1014	3.7
7449	太洋興業	110	110	105	110	6
7450	サンデー	790	800	780	790	1.5
7451	菱食	3910	3970	3910	3910	40
7453	良品計画	2890	2985	2890	2915	71.1
7455	三城	2500	2640	2500	2580	40.6
7456	松田産業	1038	1100	1019	1090	4
7457	セキテクノト	228	230	228	230	5
7458	第一興商	2050	2050	2000	2040	12
7459	三星堂	651	669	651	667	137.3
7463	アドヴァン	971	981	960	966	28.9
7465	マックス北海	1500	1500	1500	1500	0.1
7466	ＳＰＫ	1000	1010	1000	1010	2
7468	アムスク	580	590	580	590	4
7470	サロモンアン	1150	1160	1150	1160	4
7471	ふじ	430	430	430	430	1
7474	パオ	430	430	430	430	5
7475	アルビス	401	415	401	415	2
7476	アズワン	1405	1430	1396	1413	3
7477	ムラキ	106	106	106	106	11
7479	サンマルク	3510	3600	3510	3520	5
7480	スズデン	370	370	370	370	1
7482	シモジマ商事	1110	1110	1110	1110	1.3
7483	ドウシシャ	1775	1852	1770	1802	9.5
7485	岡谷鋼機	948	948	948	948	1
7486	サンリン	615	615	615	615	1
7487	小津産業	629	629	629	629	0.4
7488	ヤガミ	620	620	620	620	1
7491	オーエーシス	200	200	200	200	3
7492	タイカン	185	190	185	190	15
7494	コナカ	739	750	725	743	7.7
7496	八千代ム電	440	440	440	440	0.5
7498	ジャパン	1439	1439	1439	1439	2.3
7502	プラザクリエ	945	945	900	900	3.9
7503	アイエムアイ	1470	1470	1470	1470	0.2
7504	高速	756	770	753	770	23.4
7505	扶桑電通	460	460	460	460	1
7506	ハウスオブロ	753	753	750	750	2
7508	オートセブ	532	532	532	532	1
7509	アイエー	525	535	515	535	4
7512	ポスフール	800	813	799	810	9.2
7513	コジマ	1451	1517	1451	1500	56.2
7514	ヒマラヤ	261	262	261	262	4
7515	マルヨシ	405	405	405	405	1
7516	コーナン商	2860	2970	2850	2855	75.4
7517	黒田電気	3010	3070	2990	3000	72.7
7518	ネットワンシ	680000	700000	671000	693000	0.365
7519	五洋インテッ	188	188	188	188	1
7520	エコス	561	561	560	560	1.4
7521	ムサシ	800	805	800	800	5.5
7522	ワタミ	1570	1570	1529	1535	71.1
7523	アールビバン	725	725	700	705	1.3
7524	マルシェ	1190	1190	1179	1180	1.6
7528	安藤薬業公司	305	305	305	305	1
7530	ナブコドア	700	708	700	708	2
7531	清和鋼業	650	650	650	650	3
7532	ドンキホテ	10890	11100	10850	10920	22.4
7535	グッドマン	5980	6160	5900	5950	104
7537	丸文	821	821	791	799	26
7538	大水	450	450	450	450	2
7541	メガネトップ	2440	2475	2410	2460	119.2
7543	ＭｒＪＯＨＮ	440	440	440	440	1
7544	スリーエフ	900	900	880	880	6.1
7545	西松屋	4100	4220	4050	4050	47.1
7547	オートハロー	180	180	180	180	2
7548	サンクスジャ	1300	1320	1290	1320	2.2
7550	ゼンショー	2440	2440	2375	2405	12.9
7551	ウェッズ	475	475	473	473	2.7
7552	ハピネット	1050	1058	1030	1043	10.7
7553	サザビー	3450	3450	3350	3350	1.4
7554	幸楽苑	1550	1600	1545	1600	26.5
7556	住商エレクト	1100	1100	1100	1100	5.3
7558	トーメンエレク	3150	3270	3110	3260	8.2
7559	ジーエフシー	1000	1000	1000	1000	1
7560	ユニマットオ	1130	1170	1129	1161	5.6
7561	ハークスレイ	1650	1650	1650	1650	3
7562	安楽亭	637	640	637	640	4
7563	ニッパン	186	186	186	186	2
7566	ジャパンケア	384	385	384	385	5
7567	栄電子	358	358	358	358	1
7569	モンテカルロ	210	235	210	230	14
7570	橋本総業	550	570	550	570	14.9
7571	ヤマノホール	360	360	360	360	3
7573	ツルハ	2650	2650	2525	2580	14
7574	共信テクノソ	750	755	740	755	4.6
7575	日本ライフラ	650	651	630	630	9.9
7577	パスポート	170	170	170	170	3
7579	オリジン東秀	2600	2620	2570	2610	17.5
7580	フズネット	1051	1060	1050	1050	5
7581	サイゼリヤ	3350	3500	3330	3460	122.3
7582	富士通デバ	860	860	850	850	3
7584	丸紅インフォ	272	272	272	272	3
7586	寺島薬局	1010	1020	1010	1010	1
7587	ＰＡＬＴＥＫ	550	570	550	570	16.2
7588	シートゥーネ	3710	3830	3670	3800	10.2
7589	デジキューブ	136000	139000	136000	139000	0.013
7591	エクセル	915	915	895	895	29
7593	ホンダベルノ	980	980	970	970	0.3
7594	マルカキカ	245	245	245	245	4
7595	アルゴグラフ	2510	2550	2500	2500	1.5
7596	魚力	2140	2330	2140	2240	20.1
7598	ナイスクラッ	170	170	170	170	14
7599	ガリバーイン	4210	4210	4200	4200	3.3
7600	日本エムディ	3120	3230	3120	3230	11.2
7601	ポプラ	1340	1341	1339	1339	4.2
7602	ジャック	1025	1057	1010	1036	9.4
7604	梅の花	735000	735000	733000	733000	0.016
7606	ユナイテッド	3450	3600	3450	3600	12.4
7607	進和	1125	1138	1113	1130	10.9
7609	ダイトエレク	760	760	705	705	13.1
7610	テイツー	335000	339000	335000	339000	0.027
7611	ハイデイ日高	700	700	700	700	14.4
7612	トップボーイ	410	410	390	400	8
7613	シークス	1965	1965	1965	1965	0.4
7614	オーエムツー	850	865	850	865	1.2
7615	京都きもの友	387000	393000	384000	388000	0.042
7616	コロワイド	854	860	851	860	11.5
7617	オオゼキ	3480	3700	3480	3700	4
7618	ピーシーデポ	216000	216000	216000	216000	0.001
7619	田中商事	546	546	542	543	12
7620	ヤマト硝子	300	300	300	300	2
7622	焼肉屋さかい	1000	1000	990	990	1.6
7625	グローバルダイ	1300	1300	1290	1290	1.2
7626	ドッドウエル	995	1002	970	980	27.1
7627	なか卯	720	720	720	720	1
7628	オーハシテク	1040	1040	1040	1040	3.5
7629	ムラチク	901	901	900	900	2
7630	壱番屋	1200	1210	1140	1180	3.3
7631	マクニカ	3660	3800	3660	3790	7.5
7632	住商メタレッ	490	490	490	490	3
7633	明響社	275	275	275	275	1
7634	星医療酸器	3180	3180	3160	3160	1.1
7638	シーマ	390	390	390	390	2
7640	トップカルチ	609	609	605	608	1.7
7641	フォーユー	455000	456000	440000	440000	0.019
7642	ビジョンメガ	1050	1070	1050	1050	4.6
7643	ダイイチ	480	485	480	480	8
7644	常盤薬品	585	610	550	560	12
7645	日本トイザら	2500	2520	2490	2500	27.4
7646	みった	2060	2060	2030	2030	2
7649	スギ薬局	5310	5310	5240	5250	21.4
7661	ボーイング	4590	4590	4590	4590	0.1
7701	島津製作所	305	309	302	309	441
7702	ＪＭＳ	323	325	323	325	12
7703	川澄化学工	1084	1084	1040	1059	11
7704	アロカ	779	795	775	790	27
7705	ジーエルサイ	1160	1160	1100	1150	5
7706	セントラルユ	550	550	540	550	9
7707	プレシジョン	310000	320000	301000	306000	0.044
7708	フォトニクス	194000	201000	194000	201000	0.01
7709	クボテック	343000	343000	330000	340000	0.018
7711	助川電気工業	230	230	201	201	2
7713	シグマ光機	560	560	555	555	10
7714	モリテックス	1030	1045	1010	1025	27.9
7717	ブイテクノロ	460000	464000	425000	432000	0.013
7718	スター精密	775	794	771	771	112
7719	東京衡機製	65	65	65	65	2
7720	ソキア	218	224	212	218	315
7721	トキメック	90	93	90	93	114
7722	国際計測器	810	815	810	815	2
7723	愛知時計電	229	246	229	239	39
7724	金門製作所	106	106	105	105	7
7725	インターアク	214000	224000	214000	224000	0.096
7726	黒田精工	134	139	130	139	5
7727	オーバル	106	106	106	106	1
7728	トーソク	660	665	660	665	2
7729	東京精密	3600	3820	3600	3660	85.4
7730	マニー	2200	2210	2190	2190	1.3
7731	ニコン	1200	1247	1195	1228	1698
7732	トプコン	354	358	350	350	29
7733	オリンパス	1580	1628	1580	1619	547
7734	理研計器	415	421	413	416	13
7735	スクリーン	585	600	585	589	428
7736	ユニオン光	108	115	105	115	82
7738	チノン	160	160	160	160	3
7739	キヤノン電	729	745	727	735	40
7740	タムロン	605	625	605	625	10
7741	ＨＯＹＡ	7710	7950	7680	7830	640.1
7744	ノーリツ鋼	2430	2460	2420	2420	4.8
7750	旭光学工業	208	214	205	211	68
7751	キヤノン	4000	4170	3990	4130	3369
7752	リコー	1955	2015	1955	1981	1026
7753	ミノルタ	330	344	326	337	1448
7756	コパル	1153	1209	1153	1187	29
7757	三協精機製	309	330	309	312	77
7758	セコニック	154	154	148	148	6
7762	シチズン	828	858	824	840	824
7764	オリエ時計	120	120	120	120	4
7765	エレメックス	530	530	515	515	22
7768	ジェコー	300	300	300	300	3
7769	リズム時計	96	101	96	101	74
7770	ミヨタ	800	800	800	800	0.2
7845	ハイビック	790	790	790	790	1
7846	パイロットグ	500000	521000	493000	521000	0.039
7847	グラファイト	299000	300000	299000	300000	0.014
7849	スターツ出版	315000	315000	310000	310000	0.006
7850	総合商研	715	725	710	710	14
7851	カワセコンサ	245	245	245	245	1
7854	バンプレスト	1085	1139	1085	1130	2.8
7856	萩原工業	510	510	510	510	1
7860	エイベックス	2800	2835	2790	2805	43.7
7861	東京リスマチ	910	910	890	890	2.8
7862	トッパンフ	1985	2020	1975	2005	60.9
7864	フジシール	5130	5180	5000	5180	11.7
7865	Ｐｅｏｐｌｅ	500	500	500	500	0.5
7866	アトラス	670	670	650	650	5.6
7867	トミー	1550	1680	1550	1660	54.1
7868	廣済堂	1038	1133	1038	1133	11.8
7869	日本フォーム	310	310	310	310	2
7870	福島印刷	500	500	500	500	0.2
7871	フクビ化学	539	539	539	539	2
7872	エステール	975	975	960	960	2.4
7873	アーク	5380	5380	5250	5260	8.2
7874	スルガ	2050	2070	2050	2060	29.4
7876	三陽パックス	350	350	350	350	1
7877	永大化工	380	380	380	380	1
7879	ノダ	393	393	393	393	0.7
7881	ニッソー	45	45	45	45	2
7882	アロン化成	340	354	339	351	9
7883	サンメッセ	1300	1300	1300	1300	1
7884	本間ゴルフ	140	145	140	140	1.5
7885	タカノ	950	950	915	915	0.4
7888	三光合成	335	335	270	270	21
7889	桑山	500	500	495	495	0.2
7892	宇部日東	283	283	280	280	9
7893	亜細亜印刷	709	709	709	709	4
7895	中央化学	1380	1380	1380	1380	5.1
7896	セブン工業	370	370	370	370	5
7897	ホクシン	84	86	83	83	9.4
7898	住建産業	900	928	896	897	27
7899	オザキ軽化学	370	390	370	380	10
7901	マツモト	470	470	470	470	1
7902	ソノコム	1470	1510	1470	1510	6
7903	名古屋木材	4350	4350	4350	4350	1.1
7905	大建工業	298	304	298	302	58
7906	ヨネックス	442	443	438	443	6
7908	ＫＩＭＯＴＯ	450	450	450	450	6
7909	シーアイ化	380	380	373	377	27
7911	凸版印刷	1099	1127	1089	1120	2300
7912	大日本印刷	1485	1538	1485	1529	1536
7913	図書印刷	253	266	253	266	54
7914	共同印刷	565	573	565	567	335
7915	日写真印刷	763	766	760	760	92
7916	光村印刷	331	350	331	350	17
7917	藤森工業	645	645	645	645	4
7918	あかつきビー	400	400	400	400	2
7919	野崎印刷紙	200	200	185	186	22
7920	三浦印刷	386	386	386	386	4
7921	宝印刷	693	700	693	700	1.5
7922	三光産業	488	488	488	488	1
7925	前澤化成工業	1278	1289	1275	1275	5.3
7927	ムトー精工	452	452	431	431	2
7928	旭化学工業	360	360	340	350	14
7931	未来工業	800	800	800	800	0.2
7933	日本ファイリ	400	400	400	400	1
7934	メルクス	41	41	41	41	3
7935	コンビ	568	575	568	575	6.5
7936	アシックス	117	120	117	119	223
7937	ツツミ	2720	2880	2720	2800	78.3
7938	リーガルコー	96	97	96	97	2
7940	日ウェーブ	291	291	290	290	2
7942	ＪＳＰ	621	621	621	621	1
7943	ニチハ	980	1009	980	1002	11.3
7944	ローランド	1199	1199	1179	1179	0.8
7945	コマニー	570	570	570	570	6
7946	光陽社	110	110	110	110	8
7947	エフピコ	3310	3310	3210	3210	1.3
7949	小松ウオル	1140	1200	1140	1199	11.2
7951	ヤマハ	1170	1200	1156	1159	311
7952	河合楽器製	102	105	98	105	112
7954	ＰＣＣＷＪ	108	108	99	100	403
7955	クリナップ	615	630	614	630	49
7956	ピジョン	750	758	749	758	13.2
7957	フジコピアン	100	101	93	96	21
7958	天馬	1276	1293	1241	1241	13
7960	パラベッド	2375	2570	2365	2570	21.7
7961	兼松日産農	147	151	142	149	105
7964	セガ	2605	2665	2600	2650	410.3
7966	リンテック	944	965	943	964	154
7967	バンダイ	4300	4420	4300	4330	168.8
7968	田崎真珠	343	349	343	349	65
7969	タカラ	931	967	922	945	251
7970	信越ポリマ	441	455	436	436	84
7971	東リ	163	164	161	163	38
7972	イトーキク	241	250	241	250	33
7973	ホウトク	147	147	147	147	1
7974	任天堂	14960	15450	14900	15260	9.9
7975	リヒトラブ	193	193	193	193	1
7976	三菱鉛筆	700	707	700	707	29
7977	フラベッド	266	279	262	274	74
7980	重松製作所	320	334	320	334	3
7981	タカラスタ	455	483	455	476	48
7983	ミロク製作	132	132	132	132	2
7984	コクヨ	1200	1220	1200	1219	109
7986	キング工業	108	108	101	101	12
7987	ナカバヤシ	160	168	159	168	44
7988	ニフコ	1260	1269	1250	1251	36
7989	ブラインド	581	583	579	580	8.1
7990	ダイワ精工	100	105	96	99	222
7991	マミヤＯＰ	238	239	233	233	44
7992	セーラー	254	261	254	260	39
7993	サンウエブ	170	178	170	178	44
7994	岡村製作所	569	576	560	570	57
7995	日バルカー	135	138	134	136	155
7997	くろがね工	123	123	115	116	18
7999	武藤工業	206	208	201	208	44
8000	カイゲン	475	475	430	430	3
8001	伊藤忠商事	369	377	366	373	9073
8002	丸紅	126	128	125	127	3752
8003	トーメン	82	84	81	83	451
8004	ニチメン	87	88	84	85	1775
8005	ムトウ	430	430	419	419	5
8006	ユアサフナ	165	165	161	161	12
8007	高島	95	99	95	96	33
8010	新興産業	91	94	90	90	21
8011	三陽商会	625	644	622	644	131
8012	長瀬産業	535	545	523	527	39
8013	ナイガイ	70	71	70	70	286
8014	蝶理	62	63	60	62	54
8015	豊田通商	474	495	474	488	94
8016	オンワード	1129	1149	1129	1141	250
8017	阪急共栄物	150	152	150	152	2
8018	三共生興	356	370	356	363	84
8019	市田	83	88	83	88	100.5
8020	兼松	179	183	176	179	555
8021	レナウン	75	76	74	75	384
8022	ミズノ	320	325	316	320	166
8023	大興電子通	223	223	223	223	1
8024	シルバーオッ	255	263	252	263	21
8025	ツカモト	107	107	103	107	24
8027	ルシアン	47	47	46	46	156
8028	ファミリＭ	2940	2940	2865	2905	279.6
8029	レナルック	220	221	215	217	96
8030	中央魚類	199	199	199	199	6
8031	三井物産	658	672	656	663	5481
8032	日紙パ商	339	350	339	342	39
8033	ジーネット	101	101	101	101	20
8035	東京エレク	6840	7080	6800	6980	1222.9
8036	日立ハイテク	1627	1659	1627	1650	84
8037	カメイ	506	510	506	508	24
8038	東都水産	190	190	188	189	5
8039	築地魚市場	158	163	158	163	5
8040	東ソワール	235	236	235	235	4
8041	大阪魚市場	220	220	214	217	11
8042	日本マタイ	195	195	194	194	20
8043	スターゼン	129	133	129	133	90
8044	大都魚類	127	131	127	127	10
8045	横浜丸魚	372	372	372	372	1
8046	丸藤パイル	131	132	130	132	23
8048	シャディ	1100	1130	1100	1120	12.1
8050	セイコー	250	255	250	251	61
8051	山善	178	183	178	183	66
8052	椿本興業	167	168	165	166	24
8053	住友商事	670	674	662	668	5451
8056	日ユニシス	900	919	890	905	77.7
8057	内田洋行	308	315	308	310	18
8058	三菱商事	769	775	761	770	4058
8059	第一実業	148	153	148	153	30
8060	キヤノン販	902	919	896	900	264
8061	西華産業	140	142	138	142	25
8063	日商岩井	80	83	79	81	1823
8064	金商	321	340	321	329	100.5
8065	佐藤商事	290	299	290	299	6
8066	三谷商事	400	400	400	400	410
8067	トミヤアパ	255	256	254	254	14
8068	菱洋エレ	1120	1120	1100	1100	41.8
8070	東京産業	287	292	286	288	16
8071	東海物産	333	333	333	333	3
8072	日本出版貿易	100	100	100	100	1
8073	ＣＳＫエレク	55	55	53	54	66
8074	ユアサ商事	105	109	103	107	99
8075	神鋼商事	116	124	116	121	29
8077	小林産業	160	160	160	160	9
8078	阪和興業	156	160	154	157	467
8080	ジョイス	1210	1210	1200	1200	2.2
8081	カナデン	406	407	404	405	13
8083	サンテレホ	280	281	280	281	9
8084	菱電商事	306	313	302	302	32
8085	楢崎産業	320	322	313	322	34
8086	ニプロ	1888	1931	1888	1900	106
8088	岩谷産業	217	223	215	217	1118
8089	ナイス	208	208	203	205	78
8090	昭光通商	127	133	127	131	61
8091	ニチモウ	146	146	144	146	23
8092	富士通ビジ	1409	1442	1393	1421	14.2
8093	極東貿易	296	302	296	302	14
8094	中道機械	305	305	305	305	1
8095	イワキ	161	161	161	161	2
8096	兼松エレク	800	856	800	800	20
8097	三愛石油	302	309	296	304	54
8098	稲畑産業	501	520	501	503	28
8101	ＧＳＩクレオ	192	203	188	196	156
8103	明和産業	177	177	172	174	28
8105	丸正	100	100	100	100	1
8107	キムラタン	45	46	44	44	244
8110	川鉄商事	98	101	98	100	130
8111	ゴールドウ	116	117	115	117	31
8112	東スタイル	995	1009	988	994	437
8113	ユニチャム	4300	4430	4300	4420	106.8
8114	デサント	125	132	125	131	82
8115	ムンバット	105	116	96	116	204
8116	ダーバン	105	110	104	110	58
8117	中央自動車	266	266	265	265	3
8118	キング	172	173	172	173	3
8119	三栄コーポ	304	317	298	317	21
8120	大木	265	265	265	265	3
8123	川辺	76	76	70	70	8
8125	ワキタ	348	352	348	352	12
8127	ヤマトイン	171	174	166	170	72
8129	東邦薬品	378	378	358	358	2
8130	サンゲツ	1970	1974	1940	1947	24
8131	ミツウロコ	595	631	595	595	16
8132	シナネン	440	449	439	442	24
8133	伊藤忠エネク	525	561	525	543	46
8134	ＴＯＫＡＩ	418	420	417	417	49
8135	ゼット	163	163	155	155	2
8136	サンリオ	1000	1015	990	1001	53.6
8137	サンワテクノ	490	505	490	505	2
8138	三京化成	160	160	160	160	3
8139	ナガホリ	217	217	214	214	5
8140	リョーサン	1352	1388	1352	1354	32.1
8141	新光商事	515	515	510	511	6
8142	トーホー	856	865	856	865	19
8143	ラピーヌ	141	141	139	140	32
8144	電響社	375	375	370	370	8
8145	中部水産	345	350	345	350	2
8146	小杉産業	95	96	95	96	7
8150	三信電気	482	488	479	484	53
8151	東陽テクニカ	1450	1498	1420	1450	388.1
8152	ソマール	152	155	152	155	13
8153	モスフード	906	913	900	907	48
8154	加賀電子	2110	2250	2110	2205	32.5
8155	三益半導体	1506	1600	1506	1556	20.1
8157	都築電気	318	319	318	318	5
8158	ソーダニカ	173	175	173	175	9
8159	立花エレテッ	568	568	568	568	1
8160	木曽路	1420	1420	1396	1401	17.5
8163	サト	714	714	712	712	7
8164	キャビン	135	140	130	138	161
8165	千趣会	567	575	555	565	60
8166	タカキュー	78	80	78	78	6
8167	丸久	219	220	219	220	8
8168	ケーヨー	828	848	828	845	56.3
8169	宝船	131	131	126	130	113
8170	アデランス	2750	2840	2745	2830	455.5
8171	マックス中部	791	791	790	790	1
8173	上新電機	126	129	125	128	16
8174	日本瓦斯	859	860	814	814	13
8175	ベスト電器	379	391	370	385	63
8176	西洋フード	471	475	440	440	30
8178	マルエツ	497	505	490	493	179
8179	ロイヤル	946	965	941	965	28
8180	すかいらく	2850	2895	2825	2855	372.2
8181	東天紅	233	233	233	233	1
8182	いなげや	850	855	820	820	16
8183	セブイレブ	4570	4710	4540	4690	978
8184	島忠	2275	2275	2185	2225	48.9
8185	チヨダ	1229	1250	1224	1244	13.3
8186	大塚家具	3990	3990	3530	3800	20.1
8188	ヨークベニ	3090	3260	3090	3230	31.7
8189	マツヤデン	144	150	142	147	649
8192	中川無線電	78	81	78	78	38
8193	鈴丹	87	89	85	86	1142
8194	ライフコポ	859	869	835	835	14
8195	デニーズ	2115	2120	2095	2095	14
8196	カスミ	409	410	404	404	26
8197	東急ストア	358	368	355	355	33
8200	リンガー	1200	1220	1200	1210	9.5
8201	さが美	375	375	364	364	9
8202	ラオックス	286	286	285	285	8
8203	ＭｒＭａｘ	315	320	305	307	41.5
8204	ジョナサン	1560	1560	1560	1560	3
8206	エルメ	70	79	67	72	2917
8207	テンアライ	431	443	430	435	7.7
8208	エンチョー	395	400	395	400	6
8209	フレンドリ	590	590	590	590	6
8211	相鉄ローゼ	520	539	520	537	16
8214	アオキ	470	470	425	459	53.9
8215	銀座山形屋	102	102	100	100	36
8216	フォルクス	400	400	400	400	2
8217	オークワ	1040	1040	1010	1010	32
8218	コメリ	3400	3450	3370	3430	49.8
8219	青山商事	1400	1432	1400	1415	13.4
8226	理経	261	265	261	261	10
8227	しまむら	9300	9350	9200	9200	79.7
8229	ハックキミ	801	815	801	809	4.5
8230	はせがわ	715	715	655	694	4
8231	三越	347	355	341	351	878
8232	東急百貨店	106	111	106	109	446
8233	高島屋	676	685	672	672	652
8234	大丸	525	530	520	522	475
8235	松坂屋	306	318	306	317	77
8236	丸善	200	208	198	204	382
8237	松屋	435	458	435	446	27
8238	伊勢丹	1100	1129	1090	1118	328.5
8239	横浜松坂屋	74	74	74	74	1
8240	サポロライ	650	658	650	658	2
8241	阪神百貨店	441	442	436	442	7
8242	阪急百貨店	906	925	888	901	341
8244	近鉄百貨店	215	215	215	215	4
8245	丸栄	150	152	150	150	11
8246	岩田屋	120	120	120	120	12.5
8248	ニッセン	2295	2320	2260	2285	56.2
8249	東洋物産	603	604	603	604	2
8251	パルコ	576	581	570	581	42
8252	丸井	1425	1459	1420	1435	767
8253	クレセゾン	2850	2925	2815	2865	419
8255	原信	860	865	860	865	2.8
8256	プロルート丸	280	280	275	275	23.5
8257	山陽百貨店	3500	3700	3500	3600	0.6
8258	ダイエーＯ	455	473	455	467	147
8259	十字屋	41	42	40	40	166
8260	井筒屋	200	204	199	201	170
8261	名鉄百貨店	180	180	180	180	6
8263	ダイエー	230	237	230	232	469
8264	イトヨーカ	5910	6090	5900	6000	798
8266	イズミヤ	700	715	700	705	100
8267	イオン	3200	3420	3200	3340	603.6
8268	西友	405	420	405	414	816
8270	ユニー	1295	1335	1295	1320	140
8273	イズミ	1780	1842	1780	1794	78.1
8274	東武ストア	211	215	208	208	15
8275	フォーバル	400	405	390	400	15.1
8276	平和堂	1109	1115	1091	1115	57
8278	フジ	1954	2090	1954	2090	9.5
8279	ヤオコー	1760	1840	1759	1840	7.3
8280	富士電機冷	346	346	339	339	28
8281	ゼビオ	2160	2275	2160	2240	23.1
8282	ケーズデンキ	1490	1500	1470	1499	10.6
8283	パルタック	860	920	860	920	325
8287	マックス西日	1295	1295	1295	1295	0.1
8289	オリンピク	1650	1700	1649	1682	5.7
8290	デンコードー	495	500	495	500	3
8291	東京日産販	199	220	198	220	35
8295	キヤノンシス	630	630	599	599	35
8301	日本銀行	60000	60000	60000	60000	0.1
8305	みずほホール	264000	277000	263000	277000	41.741
8306	三菱東京フィ	811000	867000	811000	860000	13.042
8307	ＵＦＪホール	286000	300000	286000	299000	20.451
8308	大和銀ホール	91	93	90	93	6739
8309	三井トラスト	273	290	272	284	3373
8318	三井住友銀	621	654	621	652	22874
8324	第四銀	378	395	378	393	154
8325	北越銀	256	262	253	259	142
8326	福岡銀	500	530	500	524	941
8327	西日本銀	312	323	311	318	141
8328	札幌北洋ホー	398000	429000	398000	408000	0.118
8329	もみじホール	331000	340000	331000	339000	0.145
8331	千葉銀	408	423	408	414	1251
8332	横浜銀	524	537	523	536	2330
8333	常陽銀	307	319	305	315	504
8334	群馬銀	533	548	531	546	381
8335	足利銀	139	144	137	140	734
8336	武蔵野銀	3450	3530	3440	3440	14.6
8337	千葉興業銀	615	644	615	620	24.7
8338	関東銀	1050	1100	1050	1051	14.9
8339	東京都民銀	1072	1085	1059	1071	22.7
8340	九州親和ホー	298	303	286	301	201
8341	七十七銀	447	459	447	451	217
8342	青森銀	397	408	397	408	147
8343	秋田銀	355	360	355	360	101
8344	山形銀	510	528	510	525	73
8345	岩手銀	3330	3520	3320	3520	13.3
8346	東邦銀	425	442	424	442	140
8349	東北銀	204	208	203	208	20
8350	みちのく銀	624	655	616	655	116
8353	北海道銀	102	106	102	104	178
8355	静岡銀	766	790	762	788	1203
8356	十六銀	401	419	401	419	176
8357	北陸銀	165	166	158	159	392
8358	スルガ銀	613	621	600	617	501
8359	八十二銀	546	558	542	550	245
8360	山梨中央銀	414	445	414	429	462
8361	大垣共立銀	513	549	513	540	146
8362	福井銀	413	420	412	420	105
8363	北國銀	422	450	422	446	312
8364	清水銀	4750	5140	4740	5100	6.3
8365	富山銀行	410	410	410	410	1
8366	滋賀銀	417	434	417	430	130
8367	南都銀	361	363	361	362	12
8368	百五銀	431	449	430	449	161
8369	京都銀	455	475	455	465	325
8370	紀陽銀	212	216	212	216	161
8372	泉州銀	270	270	270	270	7
8374	三重銀	480	499	480	495	94
8375	池田銀	5130	5180	5110	5120	5.5
8379	広島銀	396	405	396	405	191
8380	山口銀	770	796	768	794	85
8381	山陰合同銀	530	569	530	568	173
8382	中国銀	743	775	742	764	171
8383	鳥取銀	332	338	330	338	4
8385	伊予銀	580	604	580	595	133
8386	百十四銀	595	618	585	585	140
8387	四国銀	600	616	600	610	86
8388	阿波銀	536	557	534	544	114
8390	鹿児島銀	370	383	370	378	175
8392	大分銀	483	503	483	489	67
8393	宮崎銀	341	357	341	353	53
8394	肥後銀	420	435	420	434	293
8395	佐賀銀	389	420	386	419	155
8396	十八銀	469	474	466	469	51
8397	沖縄銀	2000	2045	2000	2040	5.7
8398	筑邦銀行	505	505	505	505	10
8399	琉球銀	1332	1340	1330	1333	13.9
8403	住友信託銀	582	608	578	605	4525
8404	みずほアセッ	57	60	56	58	2023
8458	エヌアイエフ	204000	211000	204000	208000	0.266
8462	キャピタル	90000	90000	90000	90000	0.003
8473	ソフトインベ	77500	87900	75200	79600	1.862
8507	学研クレジッ	375	380	355	355	10
8511	日本証券金	411	424	411	416	47
8512	大阪証券金	178	180	178	180	2
8515	アイフル	7340	7510	7340	7430	146.6
8518	日本アジア投	179	179	176	177	48
8519	ポケットカー	1086	1120	1086	1117	8.5
8520	殖産銀	378	378	378	378	24
8521	長野銀	338	359	338	355	52
8522	名古屋銀	517	546	517	545	167
8527	愛知銀	6470	6600	6470	6600	9.9
8528	岐阜銀行	53	54	50	50	19
8529	第三銀	399	405	398	402	165
8530	中京銀	391	415	391	406	83
8536	東日本銀	275	299	275	297	118
8537	大光銀行	275	275	275	275	19
8539	福岡シ銀	210	223	210	217	86
8541	愛媛銀	388	404	388	399	53
8542	トマト銀	257	260	257	260	7
8543	みなと銀行	241	264	241	246	91
8544	京葉銀	290	295	290	292	122
8545	関西銀	124	126	124	126	9
8550	栃木銀	610	630	610	630	56
8551	北日本銀	4500	4650	4500	4650	5.3
8552	びわこ銀	230	230	230	230	29
8553	熊本ファミリ	402	410	402	410	12
8554	南日本銀行	446	448	446	448	18
8556	香川銀	563	580	563	580	41
8558	東和銀	357	360	357	359	262
8559	豊和銀行	452	457	452	457	2
8560	宮崎太陽銀行	462	463	460	463	12
8561	徳島銀	678	691	676	676	62
8562	福島銀	106	111	105	111	212
8563	大東銀	320	331	320	331	97
8564	武富士	7900	8110	7850	8020	90.2
8565	三洋電クレ	2820	2885	2820	2880	43.4
8566	リコーリス	1795	1806	1790	1800	40.9
8567	クレディア	1553	1560	1551	1551	8.8
8568	シンキ	530	532	521	523	43.8
8570	イオンクレ	6800	6980	6800	6870	31
8571	ニッシン	900	907	895	900	63.1
8572	アコム	6730	6850	6690	6740	463.24
8573	三洋信販	3060	3150	3000	3090	94.8
8574	プロミス	5410	5640	5390	5600	189.9
8577	日栄	679	691	675	682	21.7
8579	東京リース	585	585	585	585	1
8580	ファーストク	1	1	1	1	115
8583	日本信販	201	209	200	203	892
8584	ジャックス	440	450	439	444	235
8585	オリコ	92	96	92	96	1113
8586	日立キャピタ	1666	1720	1665	1681	289.6
8588	セントファ	352	361	352	358	24
8589	アプラス	73	76	73	74	84
8591	オリックス	8360	8480	8360	8390	401
8592	住商リース	1705	1770	1705	1765	19.8
8593	ダイヤリス	2255	2360	2255	2330	38.2
8595	ジャフコ	8950	9200	8670	8770	103.1
8596	九州リースサ	175	175	175	175	2
8597	商工ファド	12200	12790	12200	12400	14.61
8599	セントラルリ	608	625	601	601	10
8601	大和証券グル	740	768	739	761	4875
8603	日興コーディ	550	572	549	569	4884
8604	野村ホールデ	1655	1720	1655	1710	5180
8606	新光証券	205	214	203	213	1454
8607	みずほインベ	119	125	118	123	657
8609	岡三証券	440	460	439	456	144
8610	さくらフレン	179	187	179	183	176
8611	コスモ証券	108	113	107	111	339
8613	丸三証券	330	342	328	337	79
8614	東洋証券	184	185	182	185	45
8615	国際証券	689	710	682	703	720
8616	東京証券	171	176	171	174	92
8617	光世証券	122	128	122	125	46
8621	つばさ証券	329	338	321	336	488
8622	水戸証券	256	266	256	256	24
8623	明光証券	297	308	295	303	59
8624	いちよし証券	435	435	430	433	8
8625	高木証券	150	153	147	153	33
8626	マネックス証	23300	23300	23000	23000	0.41
8627	イートレード	59900	60400	59500	60100	0.172
8628	松井証券	1364	1408	1361	1387	180.2
8629	バンクフロン	100000	100000	98000	100000	0.012
8634	JPモルガンチ	3060	3060	3060	3060	0.2
8642	バークレイズ	870	870	870	870	1.3
8651	ドイツ銀行	7940	7940	7940	7940	0.02
8653	クレディスイ	3010	3010	3010	3010	0.05
8657	ＵＢＳ	5320	5320	5250	5250	0.08
8664	クレディリヨ	4900	4900	4900	4900	0.5
8666	ソシエテジェ	6580	6580	6580	6580	0.02
8668	アジアボンド	680	680	680	680	9.6
8678	スペインファ	900	900	900	900	0.1
8679	タイキャピタ	200	210	200	210	2.6
8683	テンプルトン	1030	1030	1030	1030	0.1
8685	ＡＩＧ	6700	6700	6670	6680	0.23
8686	アフラック	2990	3000	2910	3000	60.3
8689	エイゴン	2110	2140	2110	2140	0.5
8692	だいこう証	332	333	332	332	7
8738	ひまわりホー	140	140	140	140	1
8739	スパークスア	2950000	3000000	2900000	2950000	0.009
8740	フジトミ	960	960	960	960	2
8741	スターフュー	434	434	434	434	0.5
8742	小林洋行	2085	2120	2085	2090	1.3
8744	日本ユニコム	874	874	860	860	5
8745	グローバリー	2050	2050	2010	2030	3.7
8746	第一商品	335	335	330	331	13
8749	エース交易	391	395	391	395	7
8752	三井海上	606	619	606	612	1552
8754	日本興亜損害	469	475	469	472	358
8755	安田火災	702	731	702	716	1666
8757	日新火災	215	222	215	219	80
8759	ニッセイ同和	429	450	426	434	418
8761	あいおい損害	269	278	269	276	1039
8763	富士火災	192	200	192	198	222
8766	ミレアホール	950000	974000	940000	968000	2.165
8798	アドバンスク	55500	55500	54000	55000	0.06
8799	大同生命保険	283000	283000	278000	279000	1.462
8801	三井不動産	989	1004	969	997	2684
8802	三菱地所	967	986	958	985	2746
8803	平和不動産	259	268	259	260	277
8804	東京建物	205	214	205	214	281
8805	日本中央地所	75	75	74	74	55
8806	ダイビル	675	675	675	675	1
8809	サンケイビ	366	382	366	381	26
8815	東急不動産	188	197	188	195	1552
8818	京阪神不動	325	328	320	328	21
8821	立飛企業	2145	2145	2145	2145	1
8830	住友不動産	738	764	727	762	1535
8832	小田急不動	288	295	285	288	7
8833	東宝不動産	405	430	405	414	13
8834	藤和不動産	53	54	51	53	242
8835	太平洋興発	67	67	63	64	103
8836	ヒューネット	215	220	213	216	103
8838	有楽土地	181	186	181	186	9
8839	ニチモ	46	47	45	45	51
8840	大京	79	82	79	82	190
8841	テーオーシ	538	540	528	532	82
8842	東京楽天地	378	387	378	387	21
8844	リクルートコ	255	255	242	242	27
8845	セザール	81	84	81	83	662
8846	積和不動産	548	550	548	550	7
8848	レオパレス２	738	776	720	770	664
8850	スターツ	660	660	650	650	2
8851	アバライフ	88	113	88	113	8
8852	関西積和不	305	305	302	302	32
8853	ダイシティ	1699	1699	1699	1699	1
8854	日住サビス	185	185	185	185	2
8855	全日空ビル	107	107	106	106	4
8857	三井不販売	477	480	470	480	38
8858	ダイア建設	189	189	189	189	4
8860	フジ住宅	320	320	318	320	6
8863	積和不動産中	505	505	505	505	1
8864	空港施設	414	415	406	415	57
8866	幸洋コーポ	298	298	290	298	6
8868	アーバンコー	1150	1200	1120	1190	10.6
8869	明和地所	1055	1068	1048	1057	15.7
8870	住友不動販	2940	3080	2935	2955	10.4
8871	ゴールドク	3580	3690	3580	3680	3.7
8872	エイブル	2800	2900	2750	2870	14.7
8873	中国積和不	370	370	366	366	2
8874	ジョイント	1551	1680	1551	1676	27.1
8875	東栄住宅	1490	1548	1480	1521	6.5
8876	リロホールデ	3040	3080	3040	3050	7.6
8877	日本エスリード	1251	1269	1250	1268	1.9
8878	日本綜合地所	640	667	640	660	71.5
8879	東急リバブル	780	819	770	814	5.7
8880	飯田産業	1310	1335	1301	1320	8.3
8881	日神不動産	1199	1200	1190	1200	1.6
8882	ゼファー	326000	330000	325000	330000	0.003
8884	ディックスク	1740	1740	1680	1680	0.6
8886	ウッドフレン	355000	355000	355000	355000	0.002
8887	リベレステ	76500	76500	72000	73000	0.136
8888	クリード	239000	243000	236000	242000	0.136
8889	アパマンショ	375000	375000	368000	368000	0.035
8890	レーサムリサ	113000	116000	110000	114000	0.225
8891	エムジーホー	520000	530000	520000	530000	0.002
8892	日本エスコン	478000	478000	470000	476000	0.017
8893	新日本建物	890	924	890	920	10
8895	アーネストワ	1150	1170	1110	1130	21.6
8896	菱和ライフク	1500	1500	1480	1480	0.2
8897	タカラレーベ	820	820	810	810	17.6
8898	センチュリー	440000	444000	440000	444000	0.003
8900	セイクレスト	200000	200000	200000	200000	0.007
8901	ダイナシティ	675000	690000	675000	680000	0.013
8902	パシフィック	161000	165000	156000	156000	0.197
9001	東武鉄道	322	330	321	325	925
9002	西武鉄道	1485	1526	1485	1514	127
9003	相模鉄道	308	316	307	315	224
9004	箱根登山鉄	276	286	276	286	4
9005	東京急行電	465	487	465	484	1029
9006	京浜急行電	551	557	545	556	481
9007	小田急電鉄	516	530	516	521	658
9008	京王電鉄	600	618	600	614	761
9009	京成電鉄	382	395	378	388	655
9010	富士急行	383	410	383	400	50
9012	秩父鉄道	260	260	250	250	5
9014	新京成電鉄	365	375	365	373	8
9019	伊豆急行	2290	2290	2200	2250	2.8
9020	ＪＲ東日本	552000	564000	551000	563000	9.033
9021	ＪＲ西日本	454000	469000	453000	464000	1.686
9022	ＪＲ東海	710000	733000	710000	727000	1.433
9031	西日本鉄道	300	305	300	303	231
9033	広島電鉄	1200	1200	1200	1200	1
9035	第一交通産業	1660	1660	1660	1660	1
9037	ハマキョウレ	2240	2240	2210	2230	21.7
9039	サカイ引越	2390	2390	2390	2390	2.1
9041	近畿日本鉄	370	381	370	378	798
9042	阪急電鉄	389	394	388	392	589
9043	阪神電気鉄	319	324	317	322	266
9044	南海電気鉄	325	326	321	324	197
9045	京阪電気鉄	350	353	350	350	55
9046	神戸電鉄	444	445	443	445	22
9047	名糖運輸	931	950	931	947	2.6
9048	名古屋鉄道	320	326	320	323	591
9049	京福電気鉄	140	140	140	140	2
9050	三重交通	306	306	305	305	14
9052	山陽電気鉄	273	273	273	273	1
9055	アルプス物	499	499	499	499	1
9056	ヒューテック	1550	1600	1550	1550	7
9058	トランコム	530	530	530	530	6
9059	カンダコーポ	303	303	303	303	1
9060	日本ロジテム	320	320	320	320	1
9061	富士物流	188	188	186	186	6
9062	日本通運	560	585	558	583	3297
9064	ヤマト運輸	2000	2095	2000	2090	1105
9065	山九	114	114	111	112	268
9066	日新	183	185	180	183	35
9067	丸運	177	185	177	182	4
9068	丸全昭和運	216	221	216	220	19
9069	センコー	225	229	225	227	30
9070	トナミ運輸	225	231	225	228	53
9071	札幌通運	490	523	490	523	3
9072	日梱包運倉	841	855	841	850	38
9073	京極運輸商事	206	206	206	206	0.5
9074	日石油輸送	198	203	198	203	14
9075	福山通運	450	475	450	463	127
9076	西濃運輸	716	729	716	729	351
9077	名鉄運輸	211	211	211	211	1
9081	神奈川中交	577	602	577	602	18
9083	神姫バス	545	550	545	550	3
9086	日立物流	609	630	605	628	33
9089	バンダイロジ	400	400	395	400	2
9101	日本郵船	402	413	399	411	1533
9104	商船三井船	254	266	254	264	1532
9107	川崎汽船	161	165	160	163	912
9110	新和海運	68	69	66	67	112
9113	乾汽船	56	57	56	56	6
9115	明治海運	152	162	152	162	8
9119	飯野海運	197	209	197	205	24
9123	太平洋海運	46	46	45	45	18
9127	玉井商船	46	47	45	47	25
9130	共栄タンカ	112	115	112	115	11
9132	第一中央船	46	47	46	46	132
9133	東栄リーファ	310	315	310	315	8
9151	東京船舶	68	70	66	70	19
9152	関西汽船	31	33	31	32	63
9173	東海汽船	265	265	265	265	1
9174	ワンダーテー	156	156	155	155	8
9179	川崎近海船	159	159	159	159	2
9180	新和内航海運	195	195	190	190	2
9201	日本航空	325	333	324	328	2331
9202	全日本空輸	313	323	313	317	1421
9203	日本エアシス	2960	2970	2950	2950	2.5
9204	スカイマーク	115000	118000	115000	118000	0.012
9231	国際航業	417	428	410	428	22
9232	パスコ	300	322	300	312	38
9233	アジア航測	260	260	260	260	2
9301	三菱倉庫	788	819	785	795	387
9302	三井倉庫	252	260	248	256	765
9303	住友倉庫	309	319	309	319	434
9304	澁澤倉庫	224	227	222	224	19
9305	ヤマタネ	74	75	73	75	40
9306	東陽倉庫	191	194	191	194	4
9308	イヌイ建物	390	390	390	390	1
9310	トランシィ	229	232	229	230	17
9312	ケイヒン	140	142	140	141	17
9317	オーナミ	130	130	130	130	1
9318	日本橋倉庫	175	179	162	166	423
9319	中央倉庫	560	560	560	560	1
9321	アイロジステ	166	166	166	166	4
9322	川西倉庫	600	600	600	600	2
9324	安田倉庫	415	415	415	415	3
9351	東洋埠頭	157	168	157	168	81
9353	櫻島埠頭	170	170	170	170	5
9355	リンコー	181	185	175	185	19
9358	宇徳運輸	105	105	100	100	8
9359	伊勢湾海運	248	250	248	250	4
9361	伏木海陸運	163	163	163	163	1
9362	兵機海運	111	111	111	111	2
9363	大運	41	42	41	42	124
9364	上組	504	512	500	509	208
9365	トレディア	87	87	86	86	4
9366	サンリツ	648	650	648	650	0.2
9369	ＱＰ流通	1005	1008	1001	1008	2.5
9370	郵船航空サー	1300	1300	1300	1300	1
9373	ニッコウトラ	750	750	720	720	3.3
9374	軽貨急配	1780	1800	1750	1750	10.4
9375	近鉄エクスプ	1470	1480	1450	1480	6.6
9377	エージーピー	301	301	301	301	2
9401	ＴＢＳ	2490	2515	2455	2465	184
9404	日本テレビ	24980	25930	24860	25930	52.16
9405	朝日放送	5860	5950	5860	5950	0.34
9407	アールケービ	570	570	570	570	4
9409	テレビ朝日	198000	204000	198000	203000	0.54
9429	日立モバイル	415	422	410	422	55
9430	ＮＥＣモバイ	972	1010	972	989	61.5
9432	ＮＴＴ	481000	497000	479000	497000	17.793
9433	ＫＤＤＩ	355000	372000	352000	372000	14.512
9434	日テレコム	377000	383000	372000	381000	2.591
9435	光通信	925	925	911	915	19.2
9436	沖縄セルラー	112000	118000	111000	117000	0.062
9437	ドコモ	251000	264000	250000	264000	66.447
9438	エムティーア	99300	100000	98700	99000	0.067
9441	ベルパーク	179000	182000	175000	180000	0.013
9442	ＪＳＡＴ	453000	461000	446000	454000	1.332
9443	インテックコ	390	390	390	390	2
9444	トーシン	101000	101000	98000	98000	0.008
9445	フォーバルテ	85000	86000	85000	86000	0.005
9446	エスケーアイ	121000	123000	121000	123000	0.007
9447	丸紅テレコム	49800	49800	48300	48500	0.05
9448	インボイス	223000	225000	220000	223000	0.115
9449	グローバルメ	465	465	446	450	16
9470	学習研究社	131	132	129	129	209
9471	文溪堂	699	699	699	699	1
9472	エスコム	67	70	65	70	96
9473	アスキー	40	42	38	41	115
9474	ゼンリン	1100	1110	1100	1110	11.8
9475	昭文社	1300	1330	1300	1311	14.1
9477	角川書店	2165	2200	2150	2160	6.5
9478	翔泳社	244000	245000	243000	245000	0.019
9479	インプレス	83800	84800	80000	84700	0.111
9481	テレフォニカ	1100	1100	1100	1100	0.5
9496	ドイツテレコ	1428	1428	1350	1350	6.4
9501	東京電力	2515	2545	2500	2520	2739.5
9502	中部電力	2135	2170	2135	2150	848.7
9503	関西電力	1879	1900	1870	1888	1064.6
9504	中国電力	1708	1720	1708	1712	261
9505	北陸電力	1620	1647	1615	1637	151.3
9506	東北電力	1675	1728	1675	1717	425.7
9507	四国電力	1749	1758	1740	1746	128.3
9508	九州電力	1811	1825	1810	1823	536.7
9509	北海道電力	1607	1655	1607	1638	109.2
9511	沖縄電力	2560	2630	2560	2600	10.4
9531	東京ガス	315	328	315	324	8774
9532	大阪ガス	281	290	281	289	5329
9533	東邦ガス	268	272	262	270	706
9534	北海道ガス	256	273	256	268	16
9536	西部ガス	180	183	180	181	108
9539	京葉瓦斯	302	302	302	302	2
9540	中部ガス	237	237	237	237	1
9543	静岡ガス	382	385	380	385	13
9600	アイネット	519	522	510	522	7
9601	松竹	594	620	594	618	264
9602	東宝	1356	1384	1356	1366	113.7
9603	エイチアイエ	2290	2350	2250	2350	6.2
9605	東映	315	320	313	314	266
9607	葵プロ	685	694	685	685	19.5
9609	ベンチャーリ	1576	1605	1525	1538	368.5
9610	ウィルソンラ	604	605	590	596	5.7
9611	ディーワンダ	410	410	410	410	5
9612	ラックランド	1810	1810	1810	1810	0.1
9613	ＮＴＴデ	463000	477000	460000	471000	4.505
9614	ベル２４	30000	31800	29950	31550	35.11
9615	東京美装興	620	620	620	620	3
9616	共立メンテ	2385	2440	2385	2420	7.7
9618	エムサビス	1250	1250	1250	1250	1
9620	スクウェア	1810	1816	1770	1799	187.8
9621	建設技術研	543	584	543	584	6.2
9622	スペース	444	444	430	430	12
9624	長大	319	319	319	319	0.5
9625	セレスポ	110	110	105	105	17
9626	日本技術開発	160	160	160	160	2
9627	アインファー	1450	1450	1430	1450	10
9629	ピーシーエー	873	873	873	873	0.5
9630	アップ	510	518	510	510	4
9631	東急レクリ	600	600	597	599	8
9632	スバル興業	349	350	346	348	18
9633	東テアトル	110	110	109	110	75
9634	修学社	588	597	562	562	9
9635	武蔵野興業	274	274	274	274	2
9636	きんえい	390	390	390	390	10
9638	情報技術開発	590	590	590	590	1
9639	三協フロンテ	730	740	710	740	9
9640	セゾン情報シ	1350	1350	1330	1330	9
9641	サコス	167	167	167	167	0.1
9644	タナベ経営	345	351	335	351	1.3
9645	ＤＣＳ	699	721	699	720	11.2
9646	タイトー	98100	100000	97500	99500	0.247
9648	ウエスコ	265	269	265	269	3
9649	明電エンジ	483	490	478	490	13.5
9650	テクモ	1060	1069	1013	1060	9.4
9651	日本プロセス	492	500	480	500	4
9652	日本医療事務	1770	1880	1770	1860	155.5
9653	ディジットブ	85	86	82	86	28
9654	コーエー	3580	3670	3510	3580	53.3
9656	三井ランド	529	530	501	501	3.3
9658	ビジネスブレ	410	410	401	401	3
9660	ＣＲＣソリュ	1465	1490	1460	1460	6.8
9665	吉本興業	1118	1160	1098	1160	14
9667	ホリプロ	626	626	612	625	7.4
9669	オークネット	1295	1298	1290	1290	10.6
9671	よみランド	284	289	284	286	32
9672	東京都競馬	114	121	114	118	234
9675	常磐興産	122	129	121	129	48
9676	松戸公産	510	510	510	510	4
9677	日本ジャンボ	680	680	680	680	0.7
9678	カナモト	475	485	475	485	31
9680	共成レンテム	550	550	550	550	4
9681	東京ドーム	309	315	305	309	253
9682	データ通信	3050	3100	3050	3060	16.9
9684	エニックス	2045	2100	2010	2070	76.2
9685	共同コン	210	210	210	210	2
9686	東洋テック	405	405	398	403	3
9687	国際システム	250	251	250	250	4
9692	ＣＥＣ	1260	1269	1250	1260	11.2
9694	日立ソフト	3910	3970	3830	3880	175.2
9697	カプコン	3140	3230	3120	3180	221
9698	クレオ	430	430	430	430	1
9699	西尾レント	851	855	851	855	0.9
9700	ＳＲＬ	1203	1280	1202	1269	66.2
9701	東京會舘	175	179	175	179	4
9702	アイエスビー	658	658	658	658	0.1
9703	地トーカン	56	60	56	58	50
9704	東海観光	31	31	30	31	504
9706	日空港ビル	856	901	856	876	86
9707	メデカジャパ	486	486	486	486	2
9712	日本エムアイ	48	49	47	47	148
9713	ロイヤルホ	185	185	182	182	16
9714	ＳＲＡ	791	792	791	792	3.2
9715	トラコスモ	2555	2595	2530	2590	99.8
9716	乃村工藝社	366	366	351	351	2
9717	ジャステック	3200	3200	3140	3180	9.3
9718	国際観光会館	220	220	220	220	6
9719	住商情報シ	4150	4240	4150	4230	42.3
9720	ホテルニュー	395	395	390	390	2
9722	藤田観光	392	419	392	405	33
9724	新阪急ホテ	220	220	218	218	3
9726	近ツリスト	240	254	240	242	32
9727	東急観光	112	117	111	111	7
9728	日本管財	1850	2000	1850	2000	12.9
9729	トーカイ	790	790	790	790	12
9731	白洋舎	269	270	262	270	25
9732	東映化学工	180	180	180	180	1
9735	セコム	5590	5800	5560	5750	625
9736	白青舎	190	190	190	190	2
9737	ＣＳＫ	3970	4090	3940	4040	305
9738	インテック	920	955	920	955	38
9739	ＮＳＷ	1348	1370	1341	1354	20.9
9740	ＣＳＰ	669	669	640	640	7.5
9741	日立情報シ	4100	4300	4100	4100	34.9
9742	アイネス	802	828	800	818	51.2
9743	丹青社	412	420	397	415	22
9744	メイテック	3850	3910	3830	3850	171.1
9746	ＴＫＣ	1511	1552	1511	1532	8.8
9747	アサツーディ	2355	2460	2345	2405	105.8
9748	ＮＪＫ	371	380	371	380	2
9749	富士ソフト	4430	4500	4410	4440	58.6
9750	ＭＫＣスタ	953	961	943	955	16.2
9751	ＴＩＳ	3110	3160	3070	3090	183.2
9752	ナムコ	2095	2100	2070	2090	74.4
9753	アイエックス	398	404	398	404	6
9755	応用地質	1053	1080	1029	1079	35.6
9756	アスクプラン	500	500	500	500	10
9757	船井総研	505	505	485	485	2
9759	日シスデベ	4300	4300	4080	4140	88.1
9761	東海リース	122	123	122	123	7
9762	大和リース	282	287	282	285	97
9763	丸紅リース	88	89	85	88	22
9764	技研興業	120	120	120	120	3
9765	オオバ	89	89	89	89	1
9766	コナミ	2350	2480	2350	2460	233.3
9767	日建工学	220	220	220	220	1
9768	国土環境	595	595	595	595	5
9776	札幌臨床検査	320	335	320	330	10
9777	日本電子計算	1100	1100	1067	1100	13.5
9778	昴	484	484	484	484	3
9779	メフォス	1220	1220	1220	1220	1
9780	ハリマビステ	260	260	260	260	4
9782	ディーエムエ	483	484	483	483	4
9783	ベネッセ	2150	2150	2110	2110	10.3
9784	日本工業検査	1290	1290	1290	1290	0.5
9785	大新東	280	280	269	269	3
9786	キャッツ	2610	2645	2570	2630	16.3
9787	ジメンテ	408	419	400	419	19.4
9788	ナック	905	945	903	925	6.7
9789	栄光	520	524	517	524	3
9790	福井コン	355	355	355	355	0.5
9792	ニチイ学館	7100	7150	7050	7080	79.8
9793	ダイセキ	1915	1922	1901	1922	18
9795	ステップ	880	880	875	880	4
9796	ダイテック	1060	1060	1050	1050	2.1
9797	大日コンサ	246	246	246	246	0.4
9810	日鐵商事	78	79	76	77	19
9813	トッキ	2540	2560	2510	2540	5
9814	アシクス商	642	642	642	642	2
9815	カテナ	376	400	376	390	23
9817	ゴトー	525	525	525	525	11.8
9818	大丸エナウィ	670	670	670	670	0.1
9819	スーパー大栄	285	285	285	285	1
9820	コグレ	163	163	160	160	5
9822	なが多	35	35	30	31	5237
9823	マミーマート	1200	1240	1200	1240	4.2
9824	泉州電業	455	455	455	455	0.5
9825	アズウェル	390	393	390	391	1.7
9827	リリカラ	120	120	120	120	5
9828	元気寿司	1315	1315	1315	1315	0.1
9830	トラス中山	1400	1469	1400	1417	10.6
9831	ヤマダ電機	8600	8890	8580	8840	138.4
9832	オートバク	3690	3790	3650	3750	3.8
9833	エルクコーポ	651	651	651	651	1
9836	リーバイスト	657	657	645	645	8
9837	モリト	490	490	490	490	3
9838	トラベラー	380	380	380	380	2
9839	ゲッツブラザ	605	605	605	605	3
9840	ホーマック	1070	1075	1052	1056	34.5
9841	ユーズビーエ	232	235	230	232	46
9842	アークランド	1660	1690	1660	1690	6.4
9843	ニトリ	4500	4700	4500	4700	7.4
9844	ユーエスシー	1101	1120	1091	1120	3.4
9850	グルメ杵屋	890	894	890	891	6
9854	愛眼	680	702	680	699	22.8
9855	くろがねや	338	338	331	331	6
9856	ケーユー	814	815	790	815	2.2
9857	英和	323	323	322	322	1
9858	明光商会	800	810	800	810	3.9
9861	吉野家ディー	220000	223000	220000	220000	0.681
9864	ナカイ	135	135	135	135	4
9865	日商エレク	1752	1849	1715	1783	11.2
9866	マルキョウ	407	410	407	410	15
9867	ソレキア	195	195	190	195	5
9869	加藤産業	575	576	574	575	9
9870	ハナテン	1699	1699	1640	1680	2.5
9871	イトーキ	205	205	205	205	3
9873	日ケンタキ	2685	2685	2680	2680	9
9875	マツモトキヨシ	6000	6140	5960	6040	107.4
9876	コックス	428	440	428	440	2
9878	セキド	230	230	230	230	1
9879	フタタ	133	133	129	129	2
9880	イノテック	705	710	700	708	10.4
9882	イエロハト	864	869	859	859	9.5
9883	富士エレクト	778	778	772	773	4.9
9884	都築電産	370	370	365	365	0.5
9885	シャルレ	717	717	710	710	7
9887	松屋フーズ	2350	2445	2350	2410	14.7
9888	ＵＥＸ	252	252	252	252	1
9889	ＪＢＣＣ	1186	1221	1180	1204	35
9890	マキヤ	1130	1130	1130	1130	0.6
9892	卑弥呼	820	825	820	820	51
9893	ホムワイド	396	396	396	396	1
9894	アトル	522	522	522	522	8
9896	ジャパン建材	510	510	510	510	0.6
9897	ユニダックス	426	438	426	435	7
9898	ジャパンオー	26	26	25	25	482
9900	サガミチェ	965	965	957	961	37
9901	宮	693	693	693	693	4
9902	日伝	1450	1450	1420	1450	11
9904	ベリテ	195	195	195	195	4
9905	コージツ	50	54	48	54	12
9908	日本電計	400	400	400	400	2
9909	愛光電気	243	275	243	275	10
9912	ダイワボ情	853	899	850	851	19.5
9913	日邦産業	235	235	235	235	6
9916	バイタルネッ	715	752	713	746	752.2
9918	ダイワ工業	385	385	385	385	4
9922	日立機材	360	365	360	360	7
9927	ワットマン	144	144	144	144	3
9928	ミロク情サ	534	534	529	529	8.5
9929	平和紙業	451	451	450	450	21
9930	北沢産業	175	176	173	173	16.5
9931	家族亭	580	580	580	580	1
9934	因幡電機産	1380	1390	1371	1377	19
9935	ツルカメコー	408	408	408	408	1
9936	王将フード	885	885	882	885	4
9937	セシール	1230	1280	1219	1265	9.7
9938	住金物産	65	67	63	65	74
9941	太洋物産	210	210	208	208	6
9942	ジョイフル	1368	1400	1368	1400	3
9943	ココスジャパ	1350	1360	1340	1350	17.7
9944	インパクト	1270	1310	1270	1299	34.1
9945	プレナス	4900	4900	4850	4850	2.4
9946	ミニストプ	1752	1824	1752	1785	11.8
9947	シムリー	695	699	695	697	1.5
9948	ラルズ	890	890	890	890	1
9951	カーマ	576	590	576	584	9.4
9952	ドトールコー	5600	5710	5600	5610	23.2
9953	ダイキ	1181	1230	1181	1182	12.5
9955	ヨンキュウ	1710	1710	1700	1700	4.1
9956	バロー	1599	1599	1500	1500	4.6
9957	バイテック	1035	1035	1005	1005	1.5
9958	サリ	348	348	340	340	5
9959	アシード	550	550	550	550	0.3
9961	日商リース	142	142	140	140	10
9962	ミスミ	4350	4430	4350	4400	36.5
9966	藤久	3900	3950	3810	3830	12.1
9967	堺商事	200	200	192	192	5
9968	イチヤ	46	48	46	46	137
9969	ショクブン	821	821	821	821	1
9970	東洋オフィス	423	423	423	423	2
9971	カウボーイ	480	480	480	480	2
9972	アルテック	541	568	541	558	3.9
9973	小僧寿し本部	1210	1220	1210	1220	3
9974	ベルク	1340	1340	1330	1340	2
9976	セキチュー	550	550	510	510	26
9978	文教堂	755	765	750	750	15.2
9979	大庄	993	1014	993	1011	24.8
9980	マルコ	745	745	740	740	4.3
9981	ニック産業	476	476	476	476	1
9982	タキヒヨー	451	453	451	453	2
9983	Ｆリテイリ	2920	3070	2850	3030	551.3
9984	ソフバンク	1340	1388	1315	1365	2992.5
9985	榮太郎	840	840	840	840	1
9986	蔵王産業	560	569	556	560	8
9987	スズケン	2580	2625	2580	2580	48
9989	サンドラグ	5350	5350	5280	5330	36.3
9990	東京デリカ	405	405	405	405	1
9991	川商ジェコ	286	325	283	325	47.7
9992	理研グリーン	196	219	196	219	4
9993	ヤマザワ	1100	1100	1000	1040	13.1
9994	やまや	540	540	530	530	3.1
9995	イーストンエ	375	375	375	375	1
9996	サトー商会	649	649	649	649	1
9997	ベルーナ	5010	5160	5010	5120	21.3
