20020708
1001	日経２２５	10969	11050	10760	10769	75.05
1002	東証指数	1055	1061	1033	1033	75.05
1003	ＮＹ円相場	11882	11882	11882	11882	0
1007	東京円相場	11882	11882	11882	11882	0
1301	極洋	137	138	133	133	239
1319	３００投信	208	208	203	204	21
1331	ニチロ	151	153	146	147	110
1332	日本水産	201	202	197	199	982
1333	マルハ	126	127	124	124	250
1352	ホウスイ	83	83	80	80	26
1377	サカタタネ	1545	1545	1512	1512	15.1
1378	雪国まいたけ	613	613	600	600	7.4
1379	ホクト産業	3320	3330	3260	3280	50.2
1491	中外鉱業	24	24	23	24	1938
1501	三井鉱山	77	77	74	74	140
1503	住友石炭鉱	37	38	36	38	209
1515	日鉄鉱業	224	224	220	221	19
1518	三井松島	110	113	107	107	170
1601	帝国石油	492	495	479	481	447
1603	アラ石	597	600	571	579	70.5
1661	関東天然瓦斯	505	514	500	507	28
1701	昭和鉱業	138	138	135	137	4
1702	共立マテリア	240	240	240	240	4
1729	三光ソフラン	1401	1401	1350	1380	27
1731	ペイントハウ	156000	158000	150000	150000	0.096
1734	北弘電社	170	170	170	170	1
1739	ＳＥＥＤ	276000	276000	276000	276000	0.004
1742	セコムテクノ	2880	2900	2880	2900	3.5
1750	カナック	330	330	330	330	1
1751	日立プラント	470	470	470	470	1
1754	東新住建	505	505	505	505	1
1755	日本鋼管	333	333	333	333	2
1757	キーイング	230	230	211	215	5
1758	太洋基礎工業	385	385	385	385	1
1762	高松建設	1100	1100	1100	1100	1.5
1763	北陸ミサワ	280	280	280	280	1
1764	工藤建設	180	180	180	180	1
1766	東建コーポ	1315	1315	1315	1315	0.4
1767	沖ウィンテッ	390	390	390	390	4
1772	東北エンター	186	186	186	186	2
1773	ＹＴＬ	150	150	150	150	65
1774	機動建設工	200	200	200	200	2
1775	富士電機工	168	170	168	170	11
1777	川崎設備工業	300	300	300	300	23
1778	古河総合設	140	140	140	140	2
1779	松本建工	258	258	258	258	2
1780	ヤマウラ	279	279	275	277	6
1782	常磐開発	130	130	130	130	6
1783	南野建設	34	34	34	34	1
1786	オリ建設	417	417	402	409	5.2
1787	ナカボーテッ	350	351	350	351	2
1789	山加電業	228	230	228	228	0.5
1792	みらい建設グ	294	294	285	285	42
1795	マサル	370	370	365	365	3
1796	トヨタウッド	180	183	180	180	6.1
1797	藤木工務店	2	2	1	1	23
1800	利根地下技術	81	81	80	80	4
1801	大成建設	297	299	289	290	2544
1802	大林組	365	368	360	363	1068
1803	清水建設	439	442	433	433	3154
1805	飛島建設	36	38	36	36	277
1806	フジタ	23	24	23	23	737
1807	渡辺組	143	143	143	143	2
1808	長谷工	20	21	20	20	2231
1810	松井建設	280	280	275	275	9
1811	錢高組	162	163	160	160	7
1812	鹿島	371	371	366	369	2500
1813	不動建設	62	65	62	63	117
1814	大末建設	30	30	29	30	43
1815	鉄建	116	117	115	115	167
1816	安藤建設	137	140	137	138	34
1817	勝村建設	103	103	98	99	15
1819	太平工業	115	115	112	113	23
1820	西松建設	393	394	385	390	751
1821	三井建設	40	41	39	40	258
1822	大豊建設	146	146	143	144	34
1823	住友建設	43	44	42	42	606
1824	前田建設	385	385	367	367	481
1825	環境建設	47	48	46	47	390
1826	佐田建設	66	66	61	62	45
1827	ナカノコポ	50	51	49	51	42
1828	田辺工業	300	301	280	290	18
1829	大和建設	45	47	45	45	24
1830	共栄冷機工業	74	74	74	74	5
1832	北海電気工事	460	473	460	473	9
1833	奥村組	414	418	409	410	371
1834	小田急建設	224	236	224	236	3
1835	東鉄工業	195	195	191	191	13
1836	大日本土木	13	13	13	13	211
1837	ハザマ	29	30	29	29	472
1838	古久根建設	33	33	31	31	93
1839	真柄建設	96	96	92	92	53
1840	土屋ホーム	224	225	223	223	3.5
1841	サンユー建設	385	385	385	385	0.1
1844	大盛工業	26	27	25	26	465
1845	森本組	86	86	86	86	2
1847	イチケン	81	81	77	77	56
1850	南海辰村建	44	44	42	42	14
1851	大木建設	210	215	206	206	44
1852	淺沼組	109	110	106	106	103
1853	森組	56	56	56	56	3
1854	新井組	65	66	64	65	38.8
1855	東急建設	72	72	69	70	204
1856	ジェイオー建	140	140	140	140	8
1857	松村組	58	59	56	56	123
1858	井上工業	56	56	54	54	146
1860	戸田建設	282	284	275	275	269
1861	熊谷組	26	26	24	24	548
1862	横河工事	350	350	350	350	6.4
1863	テトラ	186	186	176	176	58
1865	小松建設	120	120	111	111	16
1866	北野建設	165	169	158	162	44
1867	植木組	183	183	171	172	4
1868	三井ホーム	360	360	340	345	74
1869	名工建設	410	410	410	410	1
1870	矢作建設	376	376	351	355	13
1871	ピーエス	440	440	422	428	2.4
1872	アゼル	58	60	57	57	134
1873	東日本ハウス	156	158	156	158	41
1874	佐藤秀	61	61	61	61	7
1877	川田建設	497	497	496	497	4
1878	大東建託	2470	2490	2445	2470	562.7
1879	新日本建	335	335	321	322	4
1880	スルガコーポ	2475	2490	2460	2490	18.5
1881	日本鋪道	494	494	486	486	34
1882	東亜道路	218	218	212	213	9
1883	前田道路	440	450	434	434	113
1884	日本道路	145	145	141	143	92
1885	東亜建設	133	134	128	130	197
1888	若築建設	92	92	90	91	38
1889	佐伯建設	119	121	119	119	68
1890	東洋建設	53	54	53	54	160
1893	五洋建設	116	119	116	118	122
1895	大成ロテク	165	165	162	162	50
1896	大林道路	200	200	196	196	21
1897	金下建設	436	436	433	433	3
1898	世紀東急	75	76	73	74	65
1899	福田組	326	326	307	307	24
1900	白石	305	305	305	305	1
1902	山崎建設	180	180	180	180	5
1904	大成温調	260	260	245	250	12
1905	テノックス	210	210	210	210	1
1907	東北ミサワ	495	495	495	495	7
1908	三平建設	173000	173000	172000	172000	0.01
1911	住友林業	721	721	692	696	5
1914	日基礎技	350	350	340	341	13.1
1915	東京ミサワ	185	185	185	185	6
1916	日成ビルド	158	158	151	151	17
1917	ニツセキハ	21	22	21	22	77
1919	Ｓ×Ｌ	148	149	145	146	91
1921	巴コーポ	217	217	211	211	5
1922	大成ユーレッ	89	89	83	85	22
1923	ミサワ	185	186	184	184	222
1924	ナショ住宅	456	456	435	436	204
1925	大和ハウス	825	825	806	806	2154
1926	ライト工業	378	380	364	371	32
1928	積水ハウス	970	980	957	960	2497
1929	日特建設	479	483	461	467	489
1930	北陸電気	330	333	330	330	5
1931	日本電通	280	280	280	280	4
1932	コミューチュ	500	500	482	482	8
1933	西日本シス	225	230	225	228	30
1934	ユアテック	363	363	353	356	9
1935	東北通建	205	205	201	201	4
1936	シーキューブ	215	216	215	216	2
1937	西部電工	281	288	281	288	33
1939	四電工	421	421	413	414	16
1940	つうけん	234	234	234	234	2
1941	中電工	1790	1810	1787	1790	23.9
1942	関電工	468	469	450	450	231
1943	大明	398	398	395	395	84
1944	きんでん	630	630	619	620	21
1945	東京エネシス	368	378	365	365	10
1946	トーエネク	418	418	412	414	11
1947	日コムシス	704	704	682	693	345
1948	弘電社	355	355	350	350	3
1949	住友電設	479	480	452	452	6.9
1950	日本電設工	490	490	482	486	197
1951	協エクシオ	615	615	595	595	97
1952	新日本空調	399	399	385	389	3.2
1953	國際電設	128	128	128	128	1
1954	日本工営	211	213	207	208	67
1955	東電通	264	264	254	257	26
1956	日電話施設	313	313	308	313	3
1958	三和エレク	167	170	167	167	6
1959	九電工	453	453	450	450	14
1960	サンテック	300	300	300	300	3
1961	三機工業	578	585	572	572	18
1963	日揮	847	851	845	848	1110
1964	中外炉工業	224	225	216	218	45
1965	テクノ菱和	387	388	385	387	7.8
1967	ヤマト	416	419	410	410	115
1968	太平電業	302	308	302	306	16
1969	高砂熱学工	530	540	518	518	63
1970	日立プラ建	345	345	332	336	64
1972	三晃金属工	93	93	89	91	20
1973	ＮＥＣシス	1248	1248	1221	1221	49.5
1975	朝日工業社	270	270	263	263	9
1976	明星工業	244	245	238	243	47
1978	アタカ工業	326	334	326	332	9
1979	大氣社	1050	1050	1002	1027	30
1980	ダイダン	475	475	475	475	7
1982	日比谷設備	664	666	659	664	14
1983	東芝プラ建	230	231	223	228	41
1986	日商インター	752	755	710	740	7.3
1987	ソルコム	202	202	202	202	1
1988	シボンド建	929	930	911	911	10.9
1993	ニッタン	196	196	196	196	2
1994	高橋カーテン	230	230	230	230	2
1996	三菱建設	77	80	76	80	23
1997	飯島工業	70	70	70	70	6
2001	日本製粉	272	273	264	264	278
2002	日清製粉	888	895	876	880	353
2003	日東製粉	230	230	229	229	9
2004	昭和産業	225	225	220	221	20
2006	東福製粉	86	86	86	86	7
2009	鳥越製粉	380	380	373	379	20
2051	日本農産工	183	184	179	179	130
2052	協同飼料	101	101	98	99	34
2055	日和産業	219	219	218	218	2
2056	日配合飼料	127	127	122	123	121
2057	雪印種苗	292	292	292	292	1
2102	台糖	291	291	287	288	35
2107	東洋精糖	75	75	73	73	37
2108	日本甜菜糖	160	161	159	159	36
2109	三井製糖	209	209	202	204	34
2112	塩水港精糖	229	230	226	228	9
2114	日本精糖	190	190	186	190	6
2116	日新製糖	165	165	165	165	2
2201	森永製菓	205	207	200	200	254
2202	明治製菓	445	448	435	436	571
2204	中村屋	253	255	250	252	12
2205	駿河屋	64	65	63	63	7
2206	江崎グリコ	680	683	675	678	174
2207	名糖産業	1600	1600	1581	1582	6
2209	井村屋製菓	430	430	430	430	1
2211	不二家	169	169	168	168	37
2212	山崎製パン	706	707	686	686	100
2215	第一パン	143	144	140	144	20
2216	カンロ	271	275	270	270	5
2217	モロゾフ	210	210	210	210	4
2219	タカラブネ	89	90	87	87	66
2220	亀田製菓	610	630	610	630	13
2221	岩塚製菓	980	980	980	980	3.6
2222	寿製菓	365	365	365	365	1
2224	コモ	1460	1460	1450	1450	4.1
2261	明治乳業	345	348	334	334	289
2262	雪印乳業	125	125	121	121	583
2264	森永乳業	302	305	295	295	134
2266	六甲バター	225	225	222	222	2
2267	ヤクルト	1401	1409	1373	1374	204
2268	Ｂ‐Ｒサーテ	820	820	820	820	1
2281	プリマハム	61	62	60	61	159
2282	日本ハム	1545	1545	1523	1532	339
2284	伊藤ハム	347	347	333	333	149
2286	林兼産業	84	84	82	82	103
2288	丸大食品	131	140	131	133	654
2289	相模ハム	320	320	320	320	1
2290	米久	876	884	876	879	33
2291	福留ハム	90	100	90	100	4
2292	ＳＦＯＯＤＳ	569	582	557	567	9
2294	柿安本店	1450	1450	1450	1450	3
2300	きょくとう	250	260	246	254	23
2301	学情	591	600	586	595	5.5
2302	ティーシーシ	940	955	890	895	47.5
2303	ドーン	1200000	1270000	1170000	1190000	0.317
2304	セントラルサ	385000	397000	380000	397000	0.011
2305	スタジオアリ	3460	3490	3410	3480	66.1
2306	ビック東海	1750	1770	1720	1750	13.5
2307	クロスキャッ	1040	1080	990	1000	152
2501	サッポロ	339	340	334	334	574
2502	アサヒ	1076	1091	1054	1054	2911
2503	キリン	874	881	861	865	1727
2531	宝ホールディ	881	881	855	859	583
2533	合同酒精	229	230	222	222	117
2536	メルシャン	202	204	198	200	290
2538	忠勇	170	172	168	169	47
2540	養命酒製造	847	847	840	840	7
2551	マルサンアイ	410	410	410	410	7
2572	三国コカ	1030	1045	1030	1031	55
2573	北海道コカ	675	675	675	675	2
2576	近畿コカ	878	878	878	878	1
2578	四国コカ	1028	1038	1028	1035	6.9
2579	北九州コカ	2270	2290	2230	2230	74.3
2580	コカコーラセ	660000	667000	660000	667000	0.034
2590	ダイドードリ	2100	2140	2080	2100	5.8
2591	カルピス	563	565	542	546	37
2592	ポッカ	263	265	260	265	8
2593	伊藤園	4520	4520	4400	4400	63.2
2594	キーコーヒ	1540	1540	1520	1520	3.2
2595	キリンビバ	2060	2090	2035	2045	56.2
2596	キューサイ	619	628	612	620	14.4
2597	ユニカフェ	1605	1605	1585	1585	3.1
2598	アサヒ飲料	595	595	588	588	18.5
2599	ジャパンフー	1460	1460	1460	1460	1
2602	日清製油	370	370	357	359	254
2604	吉原製油	231	231	231	231	2
2607	不二製油	1190	1211	1166	1173	128.6
2608	ボーソー油	110	110	110	110	3
2612	かどや製油	815	825	814	815	4.3
2613	豊年味の素製	195	195	189	190	72
2650	橘テクトロン	385	385	385	385	1
2651	ローソン	3790	3790	3640	3640	217.4
2652	まんだらけ	156000	156000	156000	156000	0.001
2654	シンワ	185	185	185	185	1
2655	マックス東北	870	880	870	870	7.7
2656	ベクター	320000	320000	310000	310000	0.006
2657	インターニッ	840	846	840	845	1.6
2658	ウライ	295	300	295	295	9
2659	サンエー	1710	1710	1700	1700	4
2660	キリン堂	1095	1098	1086	1098	6.7
2661	キンレイ	745	745	735	735	16
2662	ダイユーエイ	508	508	490	490	1.3
2664	カワチ薬品	10500	10600	10500	10600	14
2665	ネクストコム	375000	381000	373000	375000	0.062
2667	イメージワン	298000	298000	298000	298000	0.002
2668	ダン	1100	1100	1100	1100	1
2669	カネ美食品	4000	4050	4000	4000	1.6
2670	インターナシ	1220	1220	1170	1180	8.8
2671	エフディシィ	640	640	640	640	8
2673	夢みつけ隊	705	730	700	700	39
2674	ハードオフコ	1450	1500	1440	1450	29
2676	高千穂交易	1100	1100	1100	1100	4
2677	クリエイショ	401000	405000	401000	405000	0.002
2678	アスクル	3450	3500	3420	3440	15.3
2680	日本オプティ	590	590	590	590	2
2681	ゲオ	400000	405000	396000	396000	0.058
2682	日本ベニア	470	470	470	470	1
2683	魚喜	763	767	762	762	9.5
2684	プライム	370000	370000	364000	364000	0.103
2685	ポイント	2100	2100	2030	2040	19
2687	シーヴイエス	582	588	580	588	10
2688	レインズイン	892000	912000	890000	890000	0.061
2689	カワニシ	1160	1160	1110	1111	0.5
2690	ソフマップ	574	574	520	525	187.1
2692	伊藤忠食品	4000	4010	3960	4010	6.1
2693	ＹＫＴ	325	325	325	325	2
2694	平禄	485	485	485	485	2
2695	くらコーポ	394000	395000	385000	387000	0.027
2697	コーエーネッ	345000	345000	342000	345000	0.005
2698	キャンドゥ	310000	311000	306000	309000	0.22
2700	木徳神糧	375	375	375	375	2
2701	タリーズコー	490000	500000	490000	491000	0.018
2702	日本マクドナ	2890	2920	2890	2920	25.3
2703	日本ライトン	540	544	538	540	11.2
2705	大戸屋	1450	1450	1420	1450	34
2706	ブロッコリー	395	395	385	395	6
2708	久世	530	530	530	530	6
2709	タスコシステ	420000	426000	419000	424000	0.138
2710	シーエスロジ	385	385	380	385	6
2712	スターバック	31900	32150	31500	32100	0.685
2714	プラマテルズ	352	354	352	354	2
2715	高千穂電気	1670	1670	1600	1640	30.7
2717	グリーンコア	1240	1250	1210	1210	42.8
2719	キタムラ	910	920	910	910	51
2720	プライムリン	241000	241000	226000	230000	0.029
2721	ジェイホーム	107000	109000	107000	107000	0.005
2722	アイケイ	196000	196000	185000	185000	0.024
2723	阪神調剤薬局	575	576	574	575	20
2724	フォーバルク	313000	313000	301000	301000	0.016
2725	ＩＴＸ	217000	217000	210000	216000	0.26
2726	パル	2160	2180	2150	2150	4.1
2727	テンコーポ	655000	655000	620000	620000	0.011
2728	福神	1365	1375	1364	1375	3.6
2729	ＪＡＬＵＸ	528	528	523	523	2.5
2730	エディオン	490	495	473	476	122.2
2731	ニイウス	220000	225000	214000	214000	0.166
2732	クインランド	208000	208000	200000	203000	0.116
2733	あらた	375	375	375	375	4
2734	サーラコーポ	675	676	660	663	18.5
2735	ワッツ	346000	355000	345000	355000	0.015
2736	サダマツ	310	310	305	305	27
2801	キッコマン	775	780	768	775	420
2802	味の素	1295	1298	1257	1271	1364
2805	ヱスビー	610	610	610	610	1
2809	キユーピー	1007	1008	997	997	314.9
2810	ハウス食品	1220	1225	1180	1180	50.7
2811	カゴメ	1020	1020	1000	1007	73.9
2812	焼津水産化学	1317	1317	1280	1286	14.2
2813	和弘食品	117	117	117	117	1
2814	佐藤食品工業	900	900	900	900	2
2815	アリアケ	4700	4730	4630	4680	43
2816	ダイショー	490	490	490	490	1
2818	ピエトロ	960	960	930	930	2
2831	はごろもフー	1003	1003	1003	1003	1
2871	ニチレイ	406	407	395	398	391
2872	セイヒョー	395	395	395	395	1
2873	加ト吉	2190	2200	2130	2155	89.2
2874	ヨコレイ	590	593	580	580	41
2875	東洋水産	1190	1228	1190	1220	152
2878	赤城水産	270	290	270	287	52
2891	オリ酵母	611	620	601	614	37
2892	日本食品化	226	226	226	226	4
2893	ローマイヤ	62	62	62	62	2
2894	石井食品	216	219	215	219	4
2897	日清食品	2480	2480	2435	2465	138
2899	永谷園	750	750	747	750	3
2900	明星食品	226	226	225	225	6
2902	太陽化学	660	666	660	665	50
2903	シノブフズ	128	128	128	128	2
2905	オーケー食品	116	116	116	116	3
2906	ホッコク	289	295	289	295	11
2908	フジッコ	1190	1190	1149	1154	8
2909	トオカツフー	270	270	270	270	3
2910	ロックフィ	2070	2100	2030	2035	34.5
2913	フジフーズ	285	285	281	283	6
2914	ＪＴ	843000	843000	834000	834000	3.226
2916	仙波糖化工業	297	297	297	297	1
2917	大森屋	810	810	800	810	3
2918	わらべや日洋	919	919	890	905	5.4
2921	フクシマフー	510	510	510	510	2
2922	なとり	719	719	714	714	1.9
2923	サトウ食品工	880	880	880	880	1
2924	イフジ産業	550	550	550	550	1
2925	ピックルスコ	560	560	540	540	4
2951	フィリップモ	5500	5550	5500	5550	0.25
3001	片倉工業	840	840	787	788	21
3002	グンゼ	529	536	522	522	823
3003	昭栄	1399	1399	1350	1350	1.8
3004	神栄	124	127	121	121	27
3007	神戸生絲	40	40	39	39	48
3009	川島織物	124	124	119	120	40
3010	上毛	153	157	150	150	50
3011	松佳	411	411	385	390	17
3101	東洋紡	191	192	187	187	757
3102	カネボウ	225	226	220	220	681
3103	ユニチカ	77	78	75	75	565
3104	富士紡績	78	79	75	77	309
3105	日清紡	564	573	547	548	416
3106	クラボウ	179	179	174	176	180
3107	ダイワボウ	94	96	91	93	280
3109	シキボウ	60	62	58	62	557
3110	日東紡	147	147	140	140	386
3111	オーミケン	51	52	51	52	17
3113	ＢＳＬ	47	48	46	48	672
3115	テザック	19	19	18	19	380
3116	豊田紡織	696	704	682	690	6
3121	新日本紡績	120	135	115	118	663
3125	新内外綿	55	81	55	80	416
3128	テラボウ	80	85	76	85	9
3129	ファブリカ	179	179	179	179	3
3201	日本毛織	484	484	464	464	17
3202	大東紡織	58	58	55	55	15
3203	トーア紡	52	53	49	50	86
3205	ダイドー	573	585	573	585	30
3206	南海毛糸	96	99	93	98	14
3209	カネヨウ	100	110	100	110	36
3216	御幸毛織	346	347	336	336	8
3302	帝国繊維	336	336	325	325	40
3304	トスコ	39	40	39	40	16
3306	日本製麻	41	41	39	39	8
3401	帝人	429	433	410	412	3351
3402	東レ	328	330	315	317	8126
3403	東邦テナック	169	169	161	161	402
3404	三菱レイヨ	406	406	393	393	1378
3405	クラレ	792	794	769	769	872
3407	旭化成	428	428	416	416	2260
3408	サカイオベ	66	66	64	64	32
3409	北日本紡績	45	46	45	45	7
3411	オートリ	80	82	79	82	22
3420	ケーエフシ	1080	1080	1080	1080	1
3421	稲葉製作所	1926	1940	1915	1924	1.8
3423	エスイー	320	320	315	320	9
3424	ミヤコ	435	435	430	430	5
3425	本郷	700	700	700	700	1
3426	アトムリビン	440	440	440	440	2
3428	サンポット	455	470	455	460	5
3429	ストロベリー	660000	660000	630000	630000	0.013
3501	住江織物	129	129	123	123	23
3503	東和織物	71	71	71	71	1
3512	フエルト	360	361	360	360	3
3513	市川毛織	294	296	291	291	30
3514	バイリーン	228	237	223	230	47
3515	フジコー	572	572	572	572	8
3521	エコナック	40	40	39	40	70
3524	日東製網	69	69	63	63	62
3526	芦森工業	189	189	184	184	30
3528	グローベルス	76	76	76	76	14
3529	アツギ	107	109	106	107	150
3532	堀田産業	63	64	62	63	19
3533	ダイオ化成	459	460	459	460	1.5
3534	エヌビーシー	990	995	990	990	22
3551	ダイニック	127	128	121	122	71
3553	共和レザー	495	507	495	499	5
3569	セーレン	400	401	399	399	10
3570	オリカ	335	335	325	327	484
3571	ソトー	657	657	645	645	13
3576	カンボウ	81	81	81	81	1
3577	東海染工	117	120	110	114	404
3578	倉庫精練	103	103	103	103	1
3580	小松精練	250	250	250	250	1
3581	岐セン	42	42	42	42	1
3584	福助	64	64	61	62	63
3585	トムスエンタ	578	581	565	575	318
3587	アイビーダイ	55	56	51	52	1498
3591	ワコール	1040	1050	1034	1040	221
3592	ＣＨＯＹＡ	440	447	440	440	3
3593	ホギメディ	5990	6020	5960	6000	41.5
3595	ヤギコーポ	326	330	326	330	4
3596	ワールド	3580	3630	3450	3450	3.7
3597	自重堂	405	405	405	405	1
3598	山喜	143	173	131	173	326
3601	ニチインフ	1721	1727	1721	1721	1
3706	東海パルプ	374	375	366	370	16
3861	王子製紙	688	688	676	676	1353
3864	三菱製紙	188	188	180	181	692
3865	北越製紙	786	787	775	778	524
3869	日本板紙	202	204	200	204	31
3877	中越パルプ	220	221	216	221	22
3878	巴川製紙所	335	335	316	316	12
3880	大王製紙	962	963	962	962	6
3881	特種製紙	457	457	450	455	17
3882	紀州製紙	148	148	142	143	53
3890	ゼネラル	327	332	327	332	3
3891	ニッポン高度	1020	1020	1000	1020	5
3893	日本ユニパッ	745000	748000	733000	733000	2.309
3941	レンゴー	320	326	319	319	199
3943	大石産業	335	340	335	340	11
3944	古林紙工	140	142	138	142	17
3945	スパバッグ	168	168	168	168	3
3946	トーモク	207	207	204	207	32
3947	大日本紙業	525	525	525	525	4
3948	光ビジネスフ	505	540	505	540	7
3949	日本ハイパッ	245	249	245	248	17
3950	ザ・パック	850	860	850	860	1
3951	朝日印刷	835	835	835	835	0.2
3953	大村紙業	395	399	395	399	2
3954	昭和パックス	404	425	404	420	13
3955	イムラ封筒	600	600	600	600	2
3971	東セロ	291	293	287	293	42
4003	コープケミ	88	88	82	82	20
4004	昭和電工	202	204	197	197	3211
4005	住友化学	559	560	540	550	2291
4007	日本化成	144	147	141	142	32
4008	住友精化	264	264	254	258	15
4010	三菱化学	282	282	269	269	3422
4021	日産化学	698	699	680	680	381
4022	ラサ工業	215	215	207	208	60
4023	呉羽化学	380	381	377	378	180
4025	多木化学	287	287	287	287	7
4026	神島化学	331	335	331	335	3
4027	テイカ	205	205	200	200	13
4028	石原産業	199	199	192	192	367
4031	片倉チッカ	296	296	291	291	3
4032	日東バイオン	188	188	188	188	2
4033	日東エフシー	439	439	439	439	2
4041	日本曹達	278	278	273	273	830
4042	東ソー	391	392	386	388	1681
4043	トクヤマ	395	399	393	393	99
4044	セ硝子	680	684	664	664	262
4045	東亞合成	182	183	177	177	363
4046	ダイソー	219	219	207	212	16
4047	関東電化	308	308	293	293	10
4061	電気化学	393	402	393	398	1885
4062	イビデン	1777	1798	1766	1766	503
4063	信越化学	4850	4870	4760	4790	1410
4064	日カバイド	104	105	100	101	243
4065	紀文フード	528	536	525	534	218
4078	堺化学工業	416	416	400	400	20
4079	ハクスイテッ	10	13	9	11	120.3
4080	田中化学研究	810	810	780	780	3
4086	エアリキド	439	440	430	431	34
4088	エアウォータ	580	580	566	566	55
4091	日本酸素	427	431	420	426	1194
4092	日本化学	189	192	185	186	150
4093	東邦アセチ	111	112	97	104	480
4094	日本化学産	275	275	275	275	15
4095	パーカライ	343	345	338	345	30
4096	昭和炭酸	341	345	330	330	14
4097	高圧ガス	330	330	317	318	59
4098	チタン工業	119	119	115	115	8
4099	四国化成	449	449	445	445	10
4100	戸田工業	441	445	429	429	21
4103	大洋酸素	249	249	244	244	16
4104	タテホ化学	308	315	308	308	15
4106	エヌイーケム	950	950	950	950	5
4107	伊勢化学	370	372	365	372	7
4109	ステラケミファ	2250	2280	2250	2255	2.9
4112	保土谷化学	184	184	176	179	42
4113	田岡化学	358	358	345	345	8
4114	日本触媒	597	603	592	593	595
4115	本州化学	570	570	570	570	1
4116	大日精化	355	356	346	351	31
4117	川崎化成	81	81	81	81	5
4118	鐘淵化学	847	847	814	814	529
4119	日本ピグメ	170	170	170	170	10
4120	スガイ化学	86	86	84	85	9
4151	協和発酵工業	697	697	674	674	412
4182	三菱ガス化	229	229	225	227	757
4183	三井化学	628	628	609	611	1307
4185	ＪＳＲ	995	1005	995	995	431
4186	東京応化	1843	1843	1815	1815	32.3
4187	大阪有機化	408	408	408	408	2
4201	日本合成化	148	151	146	149	87
4202	ダイセル化	404	404	394	395	353
4203	住友ベーク	871	876	859	859	517
4204	積水化学	435	441	432	432	1201
4205	日本ゼオン	540	540	530	531	823
4206	アイカ工業	735	740	720	728	84
4208	宇部興産	199	201	197	199	3829
4209	フドー	63	64	62	62	7
4210	東洋化学	441	452	441	447	79
4212	積水樹脂	431	431	422	422	37
4213	三菱樹脂	210	213	206	208	482
4214	昭和高分子	297	298	286	286	21
4215	タキロン	278	279	269	271	50
4216	旭有機材	290	290	285	289	13
4217	日立化成工	1360	1370	1321	1326	194.1
4218	ニチバン	310	313	306	307	12
4219	プラステク	51	51	49	49	33
4220	リケンテクノ	315	316	313	315	9
4221	大倉工業	355	357	341	346	22
4222	児玉化学工	70	70	64	64	27
4224	ロンシール	76	76	76	76	13
4225	筒中プラス	318	320	317	318	13
4226	テスコ	305	305	305	305	1
4228	積水化成品	198	198	194	198	42
4229	群栄化学	255	260	249	259	2696
4231	タイガポリ	450	450	450	450	1
4232	東芝ケミ	192	197	186	186	35
4233	ワコー	191	191	191	191	1
4271	カーリット	824	824	780	800	12
4272	日本化薬	509	512	500	500	555
4274	細谷火工	385	386	385	385	2
4280	ギャガコミュ	790	790	770	770	6.5
4282	イーピーエス	890000	895000	880000	890000	0.019
4283	松下電工イン	735000	740000	735000	740000	0.016
4284	ソルクシーズ	535	550	530	540	14.6
4286	レッグス	270000	270000	270000	270000	0.002
4287	ジャストプラ	308000	312000	308000	312000	0.002
4288	アズジェント	412000	422000	391000	395000	0.131
4289	ビジネストラ	246000	248000	240000	240000	0.01
4290	プレステージ	255000	255000	247000	247000	0.027
4291	ジェーアイイ	149000	149000	147000	149000	0.013
4292	日本タイムシ	365000	380000	360000	360000	0.012
4293	セプテーニ	223000	223000	204000	206000	0.039
4295	フェイス	576000	590000	560000	570000	0.588
4296	ゼンテックテ	244000	247000	242000	242000	0.043
4297	セキュリティ	525000	530000	521000	521000	0.043
4298	プロトコーポ	1050	1050	1050	1050	10
4299	ハイマックス	1350	1350	1300	1330	4.3
4300	ジグノシステ	290000	294000	282000	282000	0.075
4301	アミューズ	2000	2040	1990	1990	9.1
4302	オープンイン	241000	241000	231000	232000	0.058
4303	ＣＳＫコミュ	569000	569000	550000	553000	0.005
4304	イーストアー	139000	139000	132000	132000	0.032
4305	アイエムジェ	202000	202000	200000	201000	0.008
4307	野村総合研究	17150	17300	16510	16590	60
4308	Ｊストリーム	222000	226000	214000	215000	0.19
4309	エルゴブレイ	1050	1050	999	1033	2.9
4310	ドリームイン	236000	236000	227000	235000	0.081
4311	ディースリー	656000	670000	645000	645000	0.006
4312	サイバネット	310000	310000	300000	300000	0.013
4313	エックスアイ	471000	471000	442000	454000	0.033
4314	ダヴィンチア	245000	245000	233000	235000	0.074
4315	日清医療食品	2930	2930	2850	2860	17.4
4316	ビーマップ	237000	241000	228000	235000	0.026
4317	レイ	655	655	640	640	14.6
4318	クイック	510	510	510	510	3
4319	ＴＡＣ	2400	2400	2400	2400	1
4320	シーエスアイ	420000	430000	420000	430000	0.035
4321	ケネディウィ	445000	445000	445000	445000	0.011
4322	イーシステム	217000	217000	201000	205000	0.185
4323	日本システム	1110	1110	1100	1110	2.5
4324	電通	665000	668000	648000	650000	1.504
4325	バンダイビジ	900000	910000	900000	900000	0.017
4326	インテージ	1050	1060	1050	1050	4
4327	日本エスエイ	374000	377000	374000	377000	0.008
4328	ムービーテレ	295000	300000	290000	290000	0.023
4329	ワークスアプ	1500000	1520000	1450000	1450000	0.088
4330	セラーテムテ	1240000	1250000	1180000	1200000	0.557
4331	テイクアンド	970000	970000	950000	950000	0.004
4332	パソナ	301000	305000	301000	305000	0.005
4333	東邦システム	880	920	800	800	60
4335	アイピーエス	220000	225000	212000	212000	0.059
4336	クリエアナブ	255000	255000	250000	255000	0.006
4337	ぴあ	3380	3460	3380	3460	2.3
4338	コナミＪＰ	1380	1390	1380	1390	4.9
4339	スターキャッ	695000	700000	695000	695000	0.003
4340	シンプレクス	385000	385000	370000	375000	0.033
4342	セコム上信越	2450	2480	2440	2440	1.8
4343	イオンファン	2360	2360	2360	2360	0.5
4345	シーティーエ	339000	342000	338000	342000	0.004
4346	ネクシィーズ	178000	184000	177000	184000	0.013
4348	インフォコム	475000	490000	465000	465000	0.116
4349	テスク	370	375	370	375	12
4350	メディカルシ	278000	278000	275000	275000	0.006
4351	山田債権回収	1860	2070	1860	2040	116.9
4355	日本ロングラ	425000	439000	420000	425000	0.038
4356	応用技術	535000	537000	533000	533000	0.011
4357	ラパルレ	221000	221000	205000	205000	0.078
4358	ティーワイオ	240	280	230	275	258
4359	ラック	695000	700000	676000	676000	0.319
4361	川口化学	110	110	110	110	3
4362	日本精化	358	358	356	356	2
4363	新日鐵化学	188	188	180	180	199
4365	松本油脂製薬	1780	1780	1780	1780	1
4366	ダイトケミ	430	439	430	439	16
4368	扶桑化学工業	1560	1600	1530	1600	10.4
4401	旭電化	745	745	734	734	62
4403	日本油脂	284	285	276	276	154
4404	ミヨシ油脂	206	206	204	204	68
4406	新日本理化	385	385	385	385	16
4410	ハリマ化成	363	363	344	344	3
4452	花王	2890	2900	2830	2830	1958
4461	一工業製薬	208	213	208	208	9
4462	石原薬品	765	765	765	765	1
4464	ソフト９９コ	1270	1270	1206	1206	2.2
4471	三洋化成	845	845	821	826	40
4501	三共	1643	1655	1613	1625	2070
4502	武田薬品	5480	5480	5260	5280	3210
4503	山之内製薬	3120	3150	3060	3070	1261
4505	第一製薬	2335	2340	2250	2250	653
4506	大日本製薬	1322	1339	1294	1294	572
4507	塩野義製薬	1565	1582	1449	1470	2256
4508	田辺製薬	1119	1123	1100	1100	376
4509	三菱ウェルフ	1305	1309	1257	1257	310
4511	藤沢薬品	2960	2965	2840	2855	487
4512	わかもと薬	328	330	325	325	18
4514	帝国臓器薬	692	695	692	694	3
4515	万有製薬	1573	1594	1460	1500	1172.2
4516	日本新薬	611	619	611	615	23
4517	ビオフェル	1180	1200	1180	1185	40
4518	富山化学	527	527	514	515	178
4519	中外製薬	1400	1405	1390	1402	997
4520	和光堂	3100	3100	3100	3100	0.1
4521	科研製薬	689	699	680	692	270
4523	エーザイ	3170	3180	3080	3080	428.2
4524	森下仁丹	908	920	903	920	14
4526	理研ビタ	1440	1440	1430	1430	3
4527	ロート製薬	1025	1025	981	1007	6
4528	小野薬品	4530	4540	4470	4470	16
4529	日研化学	338	338	305	306	169
4530	久光製薬	1599	1599	1531	1531	72
4531	有機合成薬	380	380	365	365	27
4534	持田製薬	709	710	691	691	219
4535	大正製薬	1980	1980	1910	1910	276
4536	参天製薬	1292	1292	1250	1250	13
4537	エスエス薬	910	914	900	901	28
4538	扶桑薬品	456	461	447	447	39
4539	日ケミファ	702	724	672	675	1075
4540	ツムラ	768	780	750	750	1987
4541	日本医薬品	529	530	504	507	285
4542	三笠製薬	454	454	450	450	19
4543	テルモ	1659	1665	1582	1583	698.4
4544	富士レビオ	1199	1199	1181	1192	78
4546	北陸製薬	1719	1730	1719	1730	20
4547	キッセイ薬	1530	1533	1501	1501	31
4548	生化学工業	1580	1620	1580	1600	264
4549	栄研化学	1194	1194	1165	1165	22
4550	日水製薬	560	560	560	560	3
4551	鳥居薬品	1645	1683	1633	1633	8.4
4552	日ケミカル	436	447	436	441	5
4553	東和薬品	2160	2200	1950	1950	16.2
4554	富士製薬工業	710	720	685	715	78
4555	沢井製薬	2180	2210	2180	2200	69
4556	カイノス	600	600	585	600	26
4557	医学生物学研	1220	1220	1140	1170	104
4558	中京医薬品	640	640	635	635	3.5
4559	ゼリア新薬	1070	1070	1052	1052	18
4560	杏林製薬	2875	2880	2845	2850	106
4561	デンカ生研	2510	2550	2500	2540	6.9
4611	大日本塗料	142	142	138	139	37
4612	日本ペイン	291	294	285	285	192
4613	関西ペイン	296	298	294	294	240
4614	トウペ	89	89	81	82	12
4615	神東塗料	129	131	129	129	26
4617	中国塗料	285	286	277	284	102
4619	日特殊塗料	353	354	345	346	84
4620	藤倉化成	450	450	446	446	7
4621	ロックペ	815	815	815	815	5
4623	アサヒペン	190	190	186	186	10
4626	太陽インキ製	4440	4440	4300	4300	5.6
4627	ナトコ	630	630	630	630	3
4628	エスケー化研	3020	3020	3000	3000	7
4631	大日インキ	274	274	263	265	775
4633	サカタイン	350	350	339	343	37
4634	洋インキ製	365	365	350	350	507
4635	東京インキ	260	260	258	258	2
4636	Ｔ＆ＫＴＯＫ	2920	2950	2920	2950	12.9
4640	アンドール	189	189	189	189	1
4641	アルプス技研	700	710	700	700	5.2
4642	オリ設計	640	640	570	571	3
4643	コナミスポー	3410	3440	3390	3400	13
4644	イマジニア	771	799	771	775	0.4
4645	市進	380	380	370	380	3
4646	ジャスフォー	1730	1770	1730	1770	7.9
4649	大成	406	406	406	406	11
4650	スガイエンタ	363	363	360	360	1.2
4651	サニックス	2865	2900	2785	2785	287.7
4652	ウッドランド	500	505	490	490	8.8
4653	ダイオーズ	690	690	690	690	1
4655	ＮＯＶＡ	305	305	300	300	6
4656	サンライフ	2130	2130	2130	2130	1.7
4658	日本空調サー	465	465	465	465	1
4659	エイジス	1790	1810	1740	1740	58.5
4660	ニッポン放	4410	4450	4300	4400	53
4661	オリランド	8610	8630	8300	8300	137.7
4662	フォーカスシ	1180	1180	1150	1150	21.2
4664	ＲＳＣ	275	275	275	275	3
4666	パーク２４	2100	2150	2090	2115	60.8
4667	アイサンテク	165	165	165	165	1
4668	明光ネットワ	1040	1050	980	1000	17.2
4669	ニッパンレン	175	175	160	164	5
4671	ファルコ	2155	2160	2110	2130	18.6
4672	ベルックス	740	740	740	740	1
4674	クレスコ	1320	1320	1270	1279	14
4675	エヌエス環境	740	740	740	740	0.8
4676	フジテレビ	725000	725000	704000	718000	2.716
4678	秀英予備校	1750	1780	1700	1743	13.9
4679	田谷	1940	1975	1940	1955	21.5
4680	ラウンドワ	197000	207000	196000	204000	2.311
4681	リゾートトラ	2185	2200	2135	2140	20.5
4682	電通テック	3670	3700	3600	3700	2.4
4683	堀内カラー	570	570	570	570	1
4684	オービック	25700	25950	25600	25750	9.3
4686	ジャストシス	652	664	650	650	15.6
4687	ＴＤＣソフト	1966	1981	1966	1970	1.8
4688	日本ドレーク	3630	3680	3590	3680	10.4
4689	ヤフー	2680000	2700000	2580000	2580000	0.317
4690	日本パレット	295	295	295	295	1
4692	アルゴ２１	1501	1530	1496	1530	7.1
4694	ビーエムエル	3400	3630	3400	3430	55.1
4695	マイスター	584	584	583	583	6
4696	ワタベウェ	1550	1550	1510	1510	3.9
4697	ゼロ	70100	70100	68100	68100	0.028
4699	ウチダエスコ	310	310	310	310	1
4700	アクセス	1460000	1470000	1420000	1470000	0.011
4701	プレック研究	365	365	365	365	1
4702	５５ステーシ	595	595	595	595	0.2
4703	住商オートリ	1530	1544	1530	1534	9.8
4704	トレンドマイ	3340	3360	3260	3270	501.5
4705	クリップコー	520	530	510	515	8
4706	Ｆｓａｓ	3010	3040	2950	2970	118.3
4708	もしもしホッ	10880	11200	10880	11010	2.8
4709	インフォディ	783	783	770	770	0.2
4710	ウィン	795	806	777	798	79
4711	東急コミュ	1419	1419	1405	1405	1.1
4712	アドアーズ	176	176	170	174	56
4713	日信電子サー	998	1047	998	1047	6.7
4714	リソー教育	215000	215000	194000	199000	0.888
4716	日本オラクル	5420	5440	5100	5150	153.2
4717	ソデッソジャ	790	810	790	799	18
4718	早稲田アカデ	565	590	560	570	9
4719	アルファシス	2290	2290	2205	2205	13.1
4720	城南進学研究	470	498	465	498	18
4721	プロフェシオ	379	379	375	379	1.7
4722	フューチャー	635000	640000	625000	628000	0.115
4723	グッドウィル	398000	403000	395000	395000	0.248
4724	シチエ	954	965	951	951	1.1
4725	シーエーシー	1243	1263	1202	1206	184.7
4726	ソフトテクノ	1540	1550	1490	1500	8.9
4727	アジアパシフ	591	591	591	591	0.9
4728	トーセ	1866	1866	1865	1865	0.3
4729	コナミ大阪	1400	1400	1370	1370	4.4
4732	ユーエスエス	5020	5060	5000	5040	55.9
4733	オービックビ	4400	4400	4400	4400	1.2
4734	ビーイング	190	190	190	190	1
4738	日立ビジネス	1142	1142	1131	1132	3.5
4739	伊藤忠テクノ	4900	4970	4780	4830	175.4
4740	サイバーミュ	9980	11300	9600	11300	0.354
4741	インターネッ	325000	325000	320000	325000	0.013
4743	アイティフォ	878	900	859	869	2.4
4744	メッツ	175000	175000	175000	175000	0.001
4745	東京個別指導	4300	4300	4150	4250	4.2
4746	東計電算	845	845	845	845	1
4747	クレイフィッ	560000	560000	560000	560000	0.001
4750	ダイサン	129	129	129	129	1
4751	サイバーエー	330000	330000	327000	327000	0.005
4752	昭和システム	400	410	400	410	2
4753	オンザエッヂ	435000	443000	430000	440000	0.075
4754	トスネット	176	176	175	175	2
4755	楽天	137000	142000	137000	139000	0.735
4756	カルチュアコ	3400	3540	3400	3470	17.4
4757	インテリジェ	213000	228000	213000	220000	0.129
4758	シーアイエス	70000	70000	69000	69000	0.014
4759	バリュークリ	81200	85900	81200	85000	0.029
4760	アルファ	308	308	308	308	1
4761	さくらケーシ	699	700	699	699	23.2
4763	クリークアン	210000	210000	204000	204000	0.015
4765	モーニングス	255000	255000	250000	250000	0.005
4766	ピーエイ	115	115	115	115	1
4767	テーオーダブ	1160	1160	1150	1150	0.3
4768	大塚商会	2300	2325	2255	2255	17.3
4769	インフォクリ	585	585	580	585	0.8
4771	エフアンドエ	165000	165000	161000	165000	0.025
4772	デジタルアド	989	999	959	999	16
4773	エーアンドア	1021	1030	1021	1030	0.4
4774	ＮＥＣソフト	13800	13810	13390	13520	17.8
4775	総合メディカ	3050	3060	3020	3020	18.6
4776	サイボウズ	283000	284000	282000	282000	0.042
4777	ガーラ	375000	397000	362000	377000	0.097
4778	ヒューマネジ	630000	630000	620000	620000	0.006
4779	ソフトブレー	234000	234000	228000	228000	0.01
4780	コナミ東京	1650	1650	1630	1650	2.6
4781	日本ハウズイ	553	567	553	567	2
4782	オリエンタル	465	465	420	420	9
4783	日本コンダイ	402	402	402	402	2
4784	まぐクリック	165000	165000	164000	164000	0.007
4787	日本コングラ	145000	150000	145000	150000	0.004
4790	グレース	130000	130000	130000	130000	0.007
4792	東京ファイナ	477000	485000	471000	485000	0.01
4793	富士通ビーエ	1240	1260	1180	1180	9.4
4795	スカイパーフ	115000	116000	115000	116000	1.342
4796	ＣＳＫネット	2600	2620	2540	2540	8.9
4797	アイシーエフ	330000	333000	325000	325000	0.018
4798	日本エルシー	1335	1337	1315	1319	73.8
4799	アグレックス	2050	2050	2000	2000	2.5
4800	オリコングロ	301000	301000	298000	301000	0.017
4801	セントラルス	800	802	790	790	7.7
4812	電通国際情報	9440	9450	9200	9230	10.7
4813	ＡＣＣＥＳＳ	2730000	2800000	2630000	2630000	0.091
4814	ネクストウェ	315000	320000	310000	310000	0.015
4815	ジャパンデジ	182000	182000	182000	182000	0.001
4816	東映アニメー	6040	6100	6000	6050	10.4
4818	サイトデザイ	157000	163000	154000	154000	0.015
4819	デジタルガレ	400000	410000	395000	405000	0.025
4820	ＥＭシステム	1180	1220	1160	1190	32.9
4821	インテックW&	585000	610000	585000	585000	0.028
4822	ハドソン	875	875	865	865	6.2
4823	サイバード	510000	515000	510000	512000	0.021
4825	ウェザーニュ	1312	1320	1300	1311	12.6
4826	ＣＩＪ	1100	1100	1098	1098	1.9
4828	東洋ビジネス	3050	3050	2960	2980	3.5
4829	日本エンター	146000	147000	146000	147000	0.01
4830	プライムシス	499	515	475	476	67
4831	オープンルー	383000	390000	368000	368000	0.021
4832	川鉄情報シス	217000	217000	213000	213000	0.037
4833	ぱど	240000	240000	240000	240000	0.007
4835	インデックス	369000	372000	366000	368000	0.144
4836	日本フィッツ	730000	740000	727000	730000	0.11
4837	シダックス	160000	164000	160000	164000	0.025
4838	スペースシャ	201000	205000	200000	202000	0.026
4839	ＷＯＷＯＷ	289000	289000	276000	285000	0.043
4840	ドリームテク	341000	355000	330000	330000	0.029
4841	ダブルクリッ	61300	61300	59500	60300	0.077
4842	有線ブロード	27500	28000	27500	27600	0.18
4843	三幸	495	495	495	495	2
4844	サービスウェ	3260	3310	3250	3250	7
4845	データベース	270000	270000	265000	268000	0.02
4846	三井情報開発	1200	1200	1150	1150	3.5
4847	インウェイブ	320000	322000	308000	312000	0.448
4848	フルキャスト	492000	506000	490000	490000	0.018
4849	エンジャパン	733000	740000	718000	718000	0.031
4852	プロクターア	10700	10700	10700	10700	1.04
4857	イーライリリ	6510	6510	6510	6510	0.2
4901	富士写真	3800	3840	3660	3670	1876
4902	コニカ	811	811	790	792	1055
4911	資生堂	1632	1649	1586	1596	1339
4912	ライオン	447	450	440	440	271
4913	サンスター	360	360	350	350	20
4914	高砂香料工	482	487	482	487	45
4915	エイボンプロ	274	278	271	278	5
4916	ノエビア	1160	1160	1160	1160	1
4917	マンダム	2300	2340	2290	2300	50.8
4918	アイビー化粧	655	655	651	651	2
4919	ミルボン	3100	3100	3000	3020	12.2
4921	ファンケル	4500	4500	4360	4370	37.3
4922	コーセー	3620	3670	3580	3600	85.5
4951	エステー化	620	620	595	595	22
4953	タイホー工業	610	610	610	610	1
4954	マークテック	415	415	405	410	28
4955	アグロカネシ	519	519	519	519	1
4956	コニシ	1093	1093	1011	1025	4.3
4957	ヤスハラ	697	697	697	697	1
4958	長谷川香料	1500	1520	1476	1476	5.4
4960	ケミプロ	199	199	199	199	2
4961	日油技研工業	850	850	820	840	8
4963	日本ＰＭＣ	330	335	330	335	8
4965	曽田香料	410	410	410	410	2
4966	上村工業	2155	2155	2155	2155	4
4967	小林製薬	5010	5120	5000	5030	26.6
4968	荒川化学	730	730	720	720	1.6
4971	メック	1260	1260	1250	1250	2.4
4972	綜研化学	440	440	440	440	1
4989	イハラケミ	216	217	216	216	12
4992	北興化学	496	496	480	483	14
4994	大成ラミック	3650	3750	3650	3700	16.9
4996	クミアイ化	183	189	183	189	75
4997	日本農薬	160	162	160	162	22
4998	フマキラー	130	132	130	132	6
4999	セメダイン	284	284	282	282	4
5001	日石三菱	609	612	594	599	1964
5002	昭和シェル	717	725	710	710	975
5007	コスモ石油	207	207	203	203	2012
5008	東亜石油	134	135	131	131	33
5009	富士興産	95	95	91	91	70
5010	日本精蝋	78	79	78	79	12
5011	ニチレキ	383	385	381	381	13
5012	ゼネラル石	821	834	813	826	795
5013	ユシロ化学	625	626	625	625	4
5014	Ｊエナジー	187	187	181	183	2372
5015	ペトロルブイ	420	420	410	419	2.2
5101	横浜ゴム	312	312	303	303	496
5102	大機エンジニ	210	210	210	210	27
5103	昭和ゴム	27	28	27	27	136
5104	日東化工	96	96	92	92	17
5105	東洋ゴム	214	216	209	212	538
5106	オーツタイ	226	227	210	217	105
5108	ブリヂスト	1837	1837	1743	1744	1783
5110	住友ゴム	515	518	500	500	393
5121	藤倉ゴム	182	187	182	187	23
5122	オカモト	236	237	234	237	38
5123	ミサワ東洋	79	79	66	73	10
5142	アキレス	149	150	145	148	80
5143	世界長	92	103	91	100	298
5161	西川ゴム工業	630	630	630	630	1
5162	朝日ラバー	485	485	480	480	1
5184	ニチリン	240	240	240	240	2
5185	フコク	540	550	515	520	24
5186	ニッタ	1081	1100	1080	1092	24.2
5187	クリエートメ	725	725	725	725	4
5188	帝都ゴム	190	190	190	190	1
5191	東海ゴム	1149	1149	1116	1116	35
5192	三星ベルト	289	289	281	284	44
5193	平成ポリマ	79	79	78	78	2
5194	相模ゴム	330	330	326	326	2
5195	バンドー化	229	229	226	228	54
5196	鬼怒川ゴム	82	82	78	79	64
5199	不二ラテック	122	122	120	120	4
5201	旭硝子	817	818	790	794	1517
5202	日本板硝子	421	423	411	411	1249
5204	石塚硝子	184	184	180	180	24
5208	有沢製作所	2375	2445	2365	2445	20
5210	山村硝子	189	191	187	189	50
5213	東芝セラミ	358	367	355	360	275
5214	日電気硝子	1255	1257	1226	1226	173
5215	旭テクノグラ	275	278	275	278	7
5216	倉元製作所	1070	1090	1050	1050	2.7
5217	テクノクオー	901	913	901	910	5
5232	住友大阪セ	198	198	189	189	1099
5233	太平洋セメン	227	229	222	222	820
5234	第一セメ	198	198	191	191	10
5237	ノザワ	103	104	103	103	3
5261	ミサワリゾ	190	190	189	189	3
5262	日ヒューム	151	151	150	150	26
5267	ハネックス	138	138	131	131	22
5268	旭コンクリ	300	300	290	300	7
5269	日本コンク	119	119	116	116	13
5276	石川島建工	250	260	250	260	7
5277	スパンクリー	360	360	360	360	5
5278	エバタ	121	121	121	121	1
5281	旭ダンケ	196	206	191	195	16
5282	ジオスター	390	390	390	390	6
5283	高見澤	165	165	165	165	3
5285	ヤマックス	121	121	118	118	8
5287	イトヨギョ	760	770	760	770	2
5301	東海カボン	229	229	221	221	389
5302	日カーボン	117	117	113	114	246
5304	ＳＥＣ	227	228	222	222	4
5331	ノリタケ	483	492	483	485	156
5332	ＴＯＴＯ	570	571	560	562	560
5333	日本ガイシ	996	1010	991	996	668
5334	日特殊陶業	950	954	930	930	467
5337	ダントー	415	415	413	413	4
5341	アサヒ衛陶	84	84	84	84	1
5344	ＭＡＲＵＷＡ	1823	1880	1820	1821	5
5351	品川白煉瓦	169	169	165	166	12
5352	黒崎播磨	109	109	106	106	18
5355	日本坩堝	102	102	102	102	6
5356	美濃窯業	195	195	195	195	7
5357	ヨータイ	153	153	153	153	6
5358	イソライト	168	168	168	168	3
5361	東海高熱工	250	250	250	250	3
5363	ＴＹＫ	223	230	217	218	16
5381	日本ミクロコ	1380	1390	1370	1370	3.1
5382	中央商事	300	300	280	280	3
5383	三共理化学	650	650	650	650	5
5384	フジミインコ	2570	2570	2500	2500	5.1
5388	クニミネ工業	200	215	200	215	2
5389	日レヂボン	368	370	368	370	6
5390	宇部マテリ	162	166	161	166	19
5391	エーアンドエ	55	55	53	53	37
5393	ニチアス	279	279	268	269	127
5398	日本研紙	157	157	157	157	1
5401	新日本製鐵	208	209	200	202	20590
5403	川崎製鉄	175	176	169	170	24467
5404	ＮＫＫ	127	129	124	125	14128
5405	住友金属工	56	56	54	54	11373
5406	神戸製鋼所	72	74	71	71	11221
5407	日新製鋼	68	68	66	66	1152
5408	中山製鋼所	87	87	83	83	147
5410	合同製鐵	96	97	91	93	770
5423	東京製鐵	497	497	458	458	298
5444	大和工業	736	750	732	742	105
5445	東京鐵鋼	218	218	210	210	166
5448	東京鋼鐵	50	50	50	50	1
5449	大阪製鐵	560	560	530	530	1.1
5450	豊平製鋼	154	154	154	154	1
5451	淀川製鋼所	283	285	280	280	214
5453	東洋鋼鈑	385	393	380	383	47
5454	大同鋼板	139	140	138	138	12
5457	住友鋼管	284	284	271	271	13
5458	高砂鐵工	86	87	86	86	11
5463	丸一鋼管	1400	1400	1388	1388	53
5464	モリ工業	166	166	161	165	44
5471	大同特殊鋼	276	279	270	273	709
5476	日高周波鋼	73	73	69	69	348
5479	日本金属工	127	128	121	123	613
5480	日本冶金工	46	46	44	46	605
5481	山陽特殊鋼	120	122	118	120	86
5482	愛知製鋼	663	663	631	632	183
5484	東北特殊鋼	310	310	310	310	1
5486	日立金属	442	446	430	430	218
5491	日本金属	114	114	107	109	135
5541	大平洋金属	104	106	100	101	528
5563	日本電工	207	207	199	200	150
5566	中央電気工	106	107	105	107	11
5602	栗本鐵工所	225	225	216	217	63
5603	虹技	98	98	97	97	4
5605	自動車鋳物	59	59	57	57	34
5606	旭テック	121	126	121	124	13
5607	中央可鍛工業	251	251	251	251	2
5608	川口金属工	254	254	254	254	2
5609	日本鋳造	54	56	53	55	29
5612	日本鋳鉄管	132	135	130	135	18
5613	日本カタン	280	280	280	280	3
5631	日本製鋼所	121	121	116	118	1747
5632	三菱製鋼	88	89	86	86	176
5633	カントク	49	50	48	48	111
5641	ＴＤＦ	134	134	134	134	2
5642	日本鍛工	58	58	57	57	7
5644	メタルアト	98	98	97	98	12
5657	鈴木金属工	98	98	98	98	2
5658	日亜鋼業	283	286	278	280	24
5659	日本精線	186	190	185	185	9
5660	神鋼鋼線工	105	108	103	105	28
5695	パウダーテッ	200	215	190	215	18
5696	川鉄鋼板	110	110	103	103	21
5701	日本軽金属	109	110	106	106	1545
5702	大紀アルミ	203	203	196	199	36
5706	三井金属	359	363	351	351	1135
5707	東邦亜鉛	175	177	168	168	386
5711	三菱マテリ	250	250	241	242	2148
5713	住友金属鉱	590	592	577	583	4051
5714	同和鉱業	620	626	603	605	946
5715	古河機械金	106	107	104	104	394
5716	日鉱金属	470	470	455	457	71
5721	志村化工	115	115	111	111	224
5726	住友チタニウ	2265	2265	2225	2250	19.5
5727	東邦チタ	825	826	825	826	5
5728	アライドマテ	1400	1400	1360	1360	3.5
5729	日本精鉱	293	308	273	289	382
5738	住友軽金属	91	92	87	87	278
5739	日本製箔	87	87	87	87	4
5753	日本伸銅	40	40	40	40	16
5756	東海アルミ箔	29	31	29	30	104
5771	三菱伸銅	197	197	185	185	46
5781	東邦金属	123	123	123	123	1
5801	古河電気工	480	485	459	460	2941
5802	住友電気工	890	890	855	856	1669
5803	フジクラ	461	462	445	448	1101
5804	三菱電線工	130	130	126	126	76
5805	昭和電線	109	110	107	109	148
5807	東特殊電線	128	129	127	129	9
5808	理研電線	89	89	87	87	11
5809	タツタ電線	144	146	143	143	42
5810	第一電工	49	49	46	48	239
5811	トヨクニ電線	340	340	340	340	1
5812	日立電線	565	565	538	538	187
5815	沖電線	189	189	186	186	4
5817	日本電線工	375	375	375	375	1
5819	カナレ電気	1500	1530	1500	1530	0.4
5820	三ッ星	183	183	183	183	1
5851	リョービ	168	168	162	163	96
5852	アーレスティ	384	384	361	361	8
5853	京都ダイカ	117	122	117	122	8
5855	アサヒプリテ	950000	955000	941000	952000	0.063
5900	ダイケン	530	530	530	530	1
5901	東洋製罐	1680	1700	1631	1652	361
5902	北海製罐	259	263	257	262	35
5903	ＳＨＩＮＰＯ	400	410	400	410	10
5905	日本製罐	120	120	120	120	8
5907	川鉄コンテ	142	142	142	142	4
5909	コロナ	2310	2390	2310	2360	21.7
5911	横河ブリジ	440	440	423	423	14
5912	日本橋梁	64	64	62	62	22
5913	松尾橋梁	192	192	183	183	22
5914	宮地鐵工所	173	173	173	173	6
5915	駒井鉄工	244	244	236	238	5
5916	ハルテック	207	207	207	207	1
5917	サクラダ	86	87	85	85	37
5921	川岸工業	240	243	240	243	2
5922	那須電機鉄	135	135	135	135	1
5923	高田機工	415	416	411	415	17
5925	酒井鉄工所	69	74	69	72	22
5926	安治川鉄工	155	180	143	180	1577
5928	アルメタク	130	131	130	131	3
5929	三和シヤタ	399	407	397	398	1517
5930	文化シヤタ	315	315	312	312	90
5931	川田工業	217	217	212	212	77
5932	三協アルミ	106	107	101	102	1306
5933	アルインコ	175	177	174	177	10
5934	日本アルミ	42	42	42	42	7
5936	東洋シヤタ	46	47	45	46	140
5938	トステム	2145	2145	2040	2040	530
5939	大谷工業	160	160	155	155	7
5940	不二サッシ	77	82	77	82	28.5
5942	日フイルコ	482	482	482	482	2
5943	ノーリツ	1059	1071	1050	1050	91.5
5944	日立粉末	539	550	539	550	4
5946	長府製作所	1763	1789	1763	1786	12.1
5947	リンナイ	2915	2930	2850	2870	89.3
5949	ユニプレス	203	203	203	203	1
5951	ダイニチ工	466	467	458	460	15.2
5952	アマテイ	56	56	51	56	24
5954	トープラ	130	166	130	154	630
5955	ヤマシナ	35	36	35	35	96
5956	トーソー	295	295	292	295	4
5957	日東精工	160	160	155	155	10
5958	三洋工業	386	388	377	384	209
5959	岡部	310	310	304	310	8
5962	浅香工業	180	180	180	180	1
5963	日立ツール	445	445	432	433	3
5964	東洋刃物	146	146	122	122	24
5965	フジマック	389	389	389	389	1
5966	ＫＴＣ	315	315	315	315	1
5967	前田金属工	105	105	100	102	7
5969	ロブテクス	143	143	143	143	2
5972	日本建鐵	150	151	145	145	20.5
5974	中国工業	137	138	137	137	60
5975	東プレ	430	430	417	425	51
5976	ネツレン	315	316	309	309	11
5977	コマツ電金	704	705	684	685	9.1
5980	田中亜鉛鍍金	179	190	179	184	7
5981	東京製綱	80	80	76	76	348
5982	マルゼン	382	382	382	382	2
5984	兼房	512	525	512	525	2
5985	サンコール	350	353	350	353	3
5986	モリテック	198	200	198	200	15
5987	オーネックス	280	280	280	280	2
5990	スーパーツー	144	144	140	140	4
5991	ニッパツ	398	398	386	386	207
5992	中央発條	390	390	384	384	7
5995	日科学冶金	237	237	237	237	1
5996	新立川航機	750	750	750	750	0.2
5997	協立エアテッ	305	305	305	305	3.4
5998	アドバネクス	209	209	199	199	211
5999	イハラサイエ	147	147	145	145	5
6005	三浦工業	1508	1531	1500	1500	38.1
6013	タクマ	929	939	929	933	141
6016	神戸発動機	86	86	86	86	9
6018	阪神内燃機	83	83	83	83	2
6020	神鋼造機	69	69	69	69	4
6021	富士ロビン	130	140	130	140	2
6022	赤阪鐵工所	77	87	77	87	29
6023	ダイハツデ	107	107	106	107	8
6041	ボッシュオー	110	113	106	106	487
6042	ニッキ	140	140	140	140	2
6101	ツガミ	226	229	217	219	241
6103	オークマ	216	217	210	210	342
6104	東芝機械	352	353	336	341	873
6106	日立精機	93	93	90	91	105
6107	アマダマシニ	220	224	220	220	132
6111	旭精機工業	143	145	143	145	10
6112	小島鉄工所	109	109	106	106	6
6113	アマダ	589	605	587	587	1535
6118	アイダエン	346	354	325	331	82
6119	ゼィープラス	184	184	184	184	9
6121	瀧澤鐵工所	56	61	56	56	17
6125	岡本工作機	84	84	83	84	10
6130	日平トヤマ	185	192	185	188	25
6131	浜井産業	93	99	93	97	16
6134	富士機械製造	1850	1860	1820	1850	15
6135	牧野フライ	496	496	480	481	111
6136	ＯＳＧ	485	485	455	464	62
6137	小池酸素工	149	149	149	149	1
6138	ダイジェト	126	126	126	126	12
6139	東芝タンガ	335	336	311	311	37
6140	旭ダイヤ	513	515	506	506	69
6141	森精機製作	1120	1121	1070	1088	3.2
6143	ソディック	381	390	381	385	28
6145	日特エンジニ	640	650	635	635	24.5
6146	ディスコ	6790	6850	6610	6620	80
6147	ヤマザキ	681	681	681	681	1
6148	ＵＨＴ	898	898	898	898	0.1
6149	小田原エンジ	460	470	440	440	7
6151	日東工器	2010	2010	1950	1950	14.3
6201	豊田自動織	1943	1945	1905	1926	248.2
6203	豊和工業	82	83	78	78	170
6205	ＯＫＫ	92	92	88	88	71
6206	豊田工機	552	554	531	531	156
6208	石川製作所	77	77	74	74	68
6210	東洋機械金	235	235	235	235	3
6212	帝人製機	309	309	302	302	31
6213	ＯＭ製作所	107	109	103	103	14
6214	大隈豊和機	99	99	98	98	10
6217	津田駒工業	254	255	246	246	377
6218	エンシュウ	127	129	123	125	28
6221	大東製機	188	188	188	188	2
6222	島精機製作	2860	2900	2800	2800	3.1
6242	スピンドル	164	164	158	160	58
6245	ヒラノテク	210	210	210	210	3
6247	日阪製作所	489	490	479	479	8
6271	ニッセイ	820	820	820	820	1.2
6272	レオン自動	357	357	348	350	4
6273	ＳＭＣ	14700	14800	14510	14550	182.4
6274	新川	2695	2695	2610	2635	27.1
6275	イセキ開発工	2	2	1	1	49
6276	ナビタス	435	435	435	435	1
6277	ホソミクロ	575	575	552	552	3
6278	ユニツール	5540	5540	5280	5280	63
6279	瑞光	793	793	793	793	0.3
6280	名機製作所	319	319	319	319	1
6282	オイレス工	1851	1890	1850	1871	49.8
6284	日精エーエス	202	202	202	202	1
6286	靜甲	530	565	530	540	11
6287	サトー	3080	3080	2990	2990	18.3
6288	ハマダ印機	112	112	110	110	2
6289	技研製作所	444	444	420	425	9
6290	エスイーエス	601	601	587	590	131.8
6291	エアテック	581	581	581	581	2
6293	日精樹脂工業	666	671	655	655	14
6294	オカダアイ	495	500	470	480	26
6296	ロキテクノ	1010	1010	985	985	5.5
6297	鉱研工業	201	201	198	198	3.1
6298	ワイエイシイ	330	350	330	349	4
6301	コマツ	456	462	447	453	4333
6302	住友重機工	140	141	136	137	2919
6305	日立建機	394	398	382	389	294
6306	日工	296	299	292	293	9
6307	サンセイ	101	120	100	120	263
6309	巴工業	680	680	680	680	1
6310	井関農機	92	92	88	89	425
6311	セイレイ工	136	141	136	141	16
6312	フロイント産	745	745	725	725	0.4
6313	共立	163	164	160	162	32
6314	石井工作研究	400	400	390	390	0.2
6315	ＴＯＷＡ	1791	1800	1790	1795	11.5
6316	丸山製作所	111	116	111	112	36
6317	北川鉄工所	102	106	100	102	421
6319	シンニタン	203	205	198	200	13
6321	石川島運搬	263	263	263	263	7
6322	タクミナ	485	485	485	485	6
6323	ローツェ	1620	1630	1590	1590	12.2
6324	ハーモニック	1420000	1430000	1420000	1430000	0.004
6326	クボタ	396	396	381	381	1601
6328	荏原実業	1310	1310	1300	1300	5.2
6330	東洋エンジ	214	216	202	202	1264
6331	三菱化工機	140	142	140	140	12
6332	月島機械	660	660	644	648	48
6334	明治機械	64	64	62	64	157
6335	東京機械製	342	344	338	338	45
6336	石井表記	2160	2160	2125	2130	1.3
6337	テセック	1300	1300	1300	1300	3
6338	タカトリ	285	285	285	285	4
6339	新東工業	291	291	276	277	5
6340	澁谷工業	791	791	788	788	4
6341	日立富岡機	98	98	98	98	5
6342	太平製作所	53	53	53	53	2
6343	Ｆマクロス	61	61	59	59	26
6344	ＮＥＣマシナ	1080	1100	1080	1099	3.5
6345	アイチコポ	228	228	213	216	26.9
6346	菊川鉄工所	141	141	139	139	3
6347	プラコー	59	60	59	60	3
6349	小森コーポ	1515	1541	1504	1507	73
6350	新日本造機	136	136	136	136	2
6351	鶴見製作所	518	518	510	510	9
6352	トーヨーコー	155	155	138	138	21
6354	日立機電工	386	386	384	384	3
6355	住友精密工	562	570	562	566	119
6356	日本ギア工	145	149	143	145	142
6357	三精輸送機	338	340	338	339	6
6358	酒井重工業	180	180	168	168	34
6359	粟村製作所	89	89	87	87	4
6360	東京自働機	220	220	220	220	7
6361	荏原	678	679	661	661	1159
6362	石井鐵工所	187	189	185	185	96
6363	酉島製作所	510	510	491	491	17
6364	北越工業	93	93	93	93	1
6366	千代田化建	238	239	230	230	1264
6367	ダイキン工	2340	2345	2270	2285	774
6368	オルガノ	478	484	475	477	36
6369	トヨカネツ	120	120	114	116	634
6370	栗田工業	1600	1610	1535	1595	208.5
6371	椿本チエイ	376	378	366	366	131
6372	大阪製鎖造	68	82	68	82	27
6373	大同工業	169	169	165	165	22
6374	ＴＣＭ	298	305	290	292	35
6375	日コンベヤ	64	64	62	62	42
6376	日機装	586	588	576	576	64
6378	木村化工機	143	144	142	142	6
6379	新興プランテ	96	105	95	99	747
6380	オリチエン	70	73	70	73	4
6381	アネスト	164	164	160	163	23
6383	ダイフク	537	537	515	521	130
6384	昭和真空	960	960	940	950	6.1
6385	東精エンジニ	1598	1598	1598	1598	2
6386	扶桑レクセ	580	580	570	570	2
6387	サムコインタ	2050	2150	2030	2050	40
6390	加藤製作所	142	144	140	140	17
6391	加地テック	120	121	120	121	5
6392	ヤマダコポ	219	219	211	214	7
6393	油研工業	125	125	123	123	31
6394	大江工業	56	56	55	55	26
6395	タダノ	177	179	176	177	20
6396	宇野澤鐵工	89	89	89	89	3
6397	郷鉄工所	99	99	99	99	2
6400	不二精機	605	615	600	605	14
6401	ソディックプ	189000	190000	180000	190000	0.011
6403	水道機工	251	251	251	251	2
6406	フジテック	670	680	661	670	196
6407	ＣＫＤ	445	445	432	432	72
6409	キトー	238	239	238	239	5
6412	平和	2100	2120	2005	2090	86.6
6413	理想科学工業	3290	3290	3250	3260	3
6414	川重冷熱工業	445	445	440	445	3
6417	ＳＡＮＫＹ	3310	3350	3230	3290	196.2
6418	日金銭機械	1980	1980	1980	1980	2
6419	マースエン	3820	3880	3770	3820	22.4
6420	福島工業	590	590	580	580	14.5
6421	キヤノアプ	680	680	666	666	4
6423	高砂電器産	1041	1073	1031	1042	7.1
6425	アルゼ	2890	2900	2850	2890	17.7
6426	サミー	4080	4080	3930	3930	162.9
6427	東北リコー	652	652	652	652	1
6428	オーイズミ	1135	1150	1100	1102	13.6
6429	タイヨーエレ	1190	1200	1180	1200	25
6431	キヤノンエヌ	340	340	340	340	2
6436	アマノ	859	864	836	836	99
6439	中日本鋳工	60	60	60	60	6
6440	ＪＵＫＩ	322	350	317	345	7362
6442	コピア	284	285	276	277	10
6443	東洋製作所	152	152	143	143	20
6444	サンデン	419	420	408	408	359
6445	蛇の目ミシ	109	109	104	105	3088
6448	ブラザー工	712	715	699	706	1057
6453	シルバー精	55	55	52	54	250
6454	マックス	1060	1060	1047	1047	15
6455	モリタ	391	394	391	391	10
6457	グローリー	2070	2070	2035	2050	4
6458	新晃工業	164	164	163	163	11
6459	大和冷機工	346	346	333	343	26
6461	日ピストン	105	105	100	101	195
6462	リケン	313	313	304	306	211
6463	帝ピストン	286	287	286	286	5
6466	トウアバルブ	57000	57000	57000	57000	0.013
6467	ニチダイ	565	565	565	565	2
6468	駿河精機	959	960	940	940	8.6
6469	放電精密加工	935	935	910	935	2.5
6470	大豊工業	1050	1070	1042	1070	30.5
6471	日本精工	542	542	509	510	1180
6472	ＮＴＮ	496	497	479	485	1327
6473	光洋精工	611	611	604	605	454
6474	不二越	160	160	153	153	300
6475	天辻鋼球製	826	826	826	826	1
6476	富士テクニカ	419	419	419	419	2
6477	ツバキナカ	943	943	884	885	37
6478	ダイベア	175	175	175	175	24
6479	ミネベア	726	730	712	720	1519
6480	日トムソン	640	640	613	613	209
6481	ＴＨＫ	2390	2410	2320	2320	293.6
6482	ユーシン精	3400	3420	3350	3350	17.6
6483	川重防災工	356	357	356	357	4
6484	ＫＶＫ	250	250	240	246	5
6485	前澤給装工	739	740	720	720	21
6486	イーグル工	390	390	386	386	6
6488	ヨシタケ	294	295	294	295	6
6489	前澤工業	570	572	555	562	21.1
6490	日本ピラー	625	625	616	616	2
6492	岡野バルブ	103	103	103	103	1
6493	日鍛バルブ	231	232	225	232	5
6494	日本ファーネ	126	126	123	123	7
6495	宮入バルブ	69	69	66	66	20
6496	中北製作所	255	264	255	264	15
6498	キッツ	150	151	149	150	55
6501	日立製作所	798	800	765	765	17927
6502	東芝	520	524	506	510	20482
6503	三菱電機	567	574	544	549	7033
6504	富士電機	366	368	361	365	1649
6505	東洋電機製	113	113	107	107	60
6506	安川電機	500	503	484	489	678
6507	神鋼電機	241	242	236	241	475
6508	明電舎	210	210	201	201	469
6513	オリジン電	403	405	400	400	10
6516	山洋電気	309	315	309	314	40
6517	デンヨー	560	560	550	551	4
6518	三相電機	700	700	700	700	13
6519	エネサーブ	5700	5760	5590	5590	29.2
6581	日立工機	430	432	414	415	261
6584	三桜工業	415	415	406	406	14
6585	日本サーボ	160	160	160	160	2
6586	マキタ	831	835	796	796	240
6587	松下精工	555	558	542	542	55
6588	テック	318	319	310	312	222
6590	芝浦メカトロ	480	483	466	467	51
6591	西芝電機	149	150	144	144	5
6592	マブチ	12180	12230	11830	11900	63.4
6594	日本電産	9090	9100	8700	8710	9.1
6621	高岳製作所	141	143	136	137	116
6622	ダイヘン	140	142	139	139	36
6623	愛知電機	192	192	190	190	3
6641	日新電機	190	190	187	189	21
6643	戸上電機製	100	100	100	100	9
6644	大崎電気工	540	540	517	519	25
6645	オムロン	1922	1949	1867	1902	15
6646	エナジー	460	464	460	464	8
6647	森尾電機	155	155	155	155	1
6650	春日電機	79	79	76	76	13
6651	日東工業	936	940	900	915	28.6
6652	和泉電気	585	585	568	572	28
6654	不二電機工業	580	580	580	580	0.8
6680	ＩＢＭ	8900	8900	8750	8750	1.84
6687	アルカテル	870	870	870	870	0.02
6689	アップルコン	2290	2290	2250	2250	0.55
6701	ＮＥＣ	860	862	827	840	10974
6702	富士通	865	866	843	850	12521
6703	沖電気工業	280	283	266	268	3409
6704	岩崎通信機	244	246	233	236	714
6705	ＮＥＣインフ	417	417	404	404	46
6706	電気興業	486	489	472	475	108
6707	サンケン電	1000	1008	991	1000	1159
6708	東洋通信機	381	381	357	357	65
6709	明星電気	171	172	167	167	54
6710	大興電機製	101	101	101	101	3
6712	田村電機製	242	243	236	236	35
6714	神田通信工	88	93	87	87	12
6715	ナカヨ通信	183	183	170	170	5
6717	富士通電装	750	752	730	732	12
6718	アイホン	1304	1314	1290	1298	15.7
6719	富士通コンポ	99000	99000	97000	97000	0.002
6735	ディーアンド	248	251	248	250	15
6736	サン電子	1050	1050	1020	1030	17.3
6737	ナナオ	1398	1410	1353	1380	51
6738	東研	1050	1080	1050	1070	38
6739	アドテックス	410000	410000	385000	385000	0.041
6741	日本信号	340	340	330	334	32
6742	京三製作所	265	267	258	259	329
6743	大同信号	208	208	208	208	3
6744	能美防災	530	530	511	521	26
6745	ホーチキ	345	345	340	340	7
6747	小糸工業	300	304	295	295	47
6748	星和電機	1256	1256	1230	1230	39
6749	マスプロ電	1280	1280	1250	1256	45.4
6751	日本無線	378	379	360	360	396
6752	松下電器産	1690	1697	1652	1660	3683
6753	シャープ	1529	1536	1481	1500	2867
6754	アンリツ	842	853	820	820	817
6755	富士通ゼネ	353	355	347	355	78
6756	国際電気	565	565	550	550	45
6757	オーエスジー	3700	3780	3380	3500	2.3
6758	ソニー	6350	6360	6180	6180	3941.3
6759	トーキン	942	943	935	937	164
6760	カシオマイク	1450	1550	1450	1520	13.5
6761	アイワ	315	319	300	304	75
6762	ＴＤＫ	5900	5970	5750	5760	490.3
6763	帝国通信工	370	379	364	369	92
6764	三洋電機	567	568	551	551	4142
6765	ケンウッド	122	123	117	118	1571
6766	宮越商事	76	82	76	82	568
6767	ミツミ電機	1995	1995	1940	1940	372.7
6768	タムラ製作	366	369	345	358	174
6769	ザインエレク	1750000	1800000	1690000	1710000	0.128
6770	アルプス電	1625	1625	1561	1575	1026
6771	池上通信機	120	123	116	117	142
6772	コスモス電	82	83	80	83	10
6773	パイオニア	2200	2200	2130	2170	1024.4
6774	カノープス	565000	584000	565000	575000	0.052
6775	東和メクス	88	90	88	90	28
6777	ｓａｎｔｅｃ	870	880	870	880	0.4
6778	アルチザネッ	124000	126000	121000	121000	0.224
6779	日本電波工	2005	2060	2005	2005	8.4
6781	松下通信工	4800	4840	4700	4700	344.7
6782	九州松下電	960	1000	930	935	179
6783	松下寿電子	1418	1418	1357	1361	94
6784	プラネックス	362000	366000	359000	360000	0.043
6785	鈴木	560	560	560	560	1
6786	リアルビジョ	330000	335000	325000	325000	0.019
6787	メイコー	600	630	595	620	22
6788	日本トリム	10000	10000	9600	9600	3.2
6789	ローランドデ	698	700	694	700	3.9
6790	野田スクリー	310000	310000	290000	300000	0.027
6791	コロムビア	187	189	175	177	2634
6792	ビクター	840	842	810	810	616
6793	山水電気	10	11	10	11	266
6794	フォスタ電	520	520	491	491	87
6796	クラリオン	90	92	86	86	5557
6798	ＳＭＫ	361	361	346	354	58
6800	ヨコオ	774	784	754	759	33.4
6801	東光	340	340	320	324	140
6803	ティアック	241	245	224	227	355
6804	ホシデン	1531	1531	1501	1505	8
6806	ヒロセ電機	10000	10070	9870	9910	122
6807	航空電子工	778	778	732	732	166
6808	シントム	2	3	2	2	405
6809	ＴＯＡ	516	516	496	496	28
6810	マクセル	1837	1843	1770	1815	179
6811	イーラックス	101	104	98	98	412
6812	ジャルコ	290	290	290	290	2
6814	古野電気	330	330	330	330	3
6815	ユニデン	761	765	744	757	459
6816	アルパイン	1404	1408	1381	1385	148.6
6817	スミダコーポ	3230	3290	3230	3270	12
6818	島田理化工	740	740	707	707	3.2
6819	オメガプロジ	95	97	93	93	142
6820	アイコム	1511	1530	1490	1502	7
6821	バーテスタン	690	690	685	690	4
6823	リオン	510	510	510	510	2
6825	パトライト	1260	1260	1260	1260	0.4
6826	本多通信工業	625	633	624	633	3.7
6827	東北パイオニ	2105	2125	2090	2095	16.8
6828	シメオ精密	981	1000	981	1000	4.6
6829	ソーテック	214000	216000	202000	209000	0.612
6830	鷹山	96800	97000	92700	92800	1.369
6832	アオイ電子	1120	1138	1082	1082	6.3
6834	精工技研	3550	3550	3460	3500	3.8
6835	アライドテレ	5020	5020	4800	4820	7.1
6836	ぷらっとホー	203000	203000	200000	200000	0.006
6837	京写	420	420	420	420	2
6839	船井電機	14620	14650	14160	14420	8.1
6840	アドテック	620	630	610	620	18
6841	横河電機	994	1000	964	966	863
6842	ユニパルス	1161	1161	1150	1150	1.6
6843	東光精機	107	107	102	102	5
6844	新電元工業	386	388	372	382	77
6845	山武	981	987	950	955	202.8
6847	安藤電気	507	515	502	502	73
6848	東亜ディーケ	260	270	260	270	3
6849	日本光電	580	584	566	574	339
6850	チノー	289	289	271	272	153
6852	テクノセブン	92	92	90	90	3
6853	共和電業	270	270	236	237	40
6855	日本電子材料	1200	1200	1110	1140	10
6856	堀場製作所	982	984	980	980	5
6857	アドテスト	7790	7830	7500	7540	1315.6
6858	小野測器	218	220	214	214	16
6859	エスペック	555	569	555	569	28
6860	ＳＵＮＸ	657	657	657	657	0.1
6861	キーエンス	25900	26100	25640	25850	101.1
6862	ミナトエレク	70	70	70	70	4
6863	ニレコ	610	610	600	600	11
6864	エヌエフ回路	290	290	290	290	1
6866	ＨＩＯＫＩ	641	641	641	641	0.1
6868	東京カソード	750	750	700	700	7.1
6869	シスメックス	2700	2700	2580	2580	21.7
6870	日本フェンオ	315	315	315	315	0.5
6871	日本マイクロ	900	930	890	890	5.3
6872	日本コーリン	6180	6180	6010	6030	25
6873	日立電子エ	387	392	386	386	41
6874	協立電機	1440	1440	1440	1440	0.5
6875	メガチップス	2605	2620	2520	2520	83.1
6876	光波	1580	1580	1550	1550	3.4
6877	ＯＢＡＲＡ	890	890	890	890	1
6878	長野日本無線	247	247	247	247	2
6879	フォトロン	390	390	390	390	4
6880	シンワ(店頭)	1090	1090	1060	1060	4.2
6881	キョウデン	415	418	400	415	63
6884	デジタル	2190	2200	2190	2190	0.8
6885	ミヤチテクノ	1490	1490	1430	1430	0.8
6887	日本ＬＳＩ	600000	600000	582000	590000	0.007
6888	アクモス	162000	162000	160000	160000	0.002
6889	オーデリック	600	600	590	590	9
6890	フェローテッ	1880	1880	1800	1800	12.1
6891	イーター電機	234	234	229	230	9
6892	シチズン電子	9360	9700	9360	9700	18.1
6893	タイテック	410	410	410	410	1
6894	パルステック	645	670	645	670	9
6895	ダイヤ電機	385	385	375	375	5
6896	北川工業	840	840	830	830	2.2
6897	ツインバード	405	406	390	390	12
6899	ＡＳＴＩ	456	461	456	456	5
6900	東京電波	1786	1811	1755	1755	13.5
6901	澤藤電機	170	174	170	170	10
6902	デンソー	1994	1994	1940	1941	1380
6904	原田工業	292	295	285	285	6
6905	コーセル	2690	2710	2620	2635	26.9
6907	ジオマテック	1330	1390	1300	1300	11.3
6908	イリソ電子工	321	321	321	321	2
6909	北部通信工業	6	6	6	6	42
6910	メディコ	1730	1735	1655	1655	32
6911	新日本無線	752	752	732	732	42
6912	菊水電子工業	289	289	280	280	7
6913	メルコ	2285	2290	2215	2250	84
6914	オプテックス	1550	1550	1530	1530	3.4
6915	千代田インテ	1488	1488	1465	1485	25.1
6916	アイオーデー	940	940	920	920	9.9
6917	デンセイラム	1150	1150	1100	1100	10.9
6918	アバールデー	351	355	350	350	18
6919	ケル	330	340	330	330	4
6920	レーザーテッ	2300	2450	2300	2360	5
6921	東光電気	253	253	240	240	14
6923	スタンレー	1269	1291	1261	1267	143
6924	岩崎電気	358	358	345	345	285
6925	ウシオ電機	1431	1441	1421	1421	191
6926	岡谷電機産	165	165	162	162	12
6928	エノモト	353	353	352	352	5
6929	日本セラミ	1254	1254	1169	1175	9
6930	日本アンテナ	1170	1250	1170	1250	9
6931	日本電池	254	254	246	246	206
6932	遠藤照明	330	330	310	315	18
6933	ＹＵＡＳＡ	193	193	186	186	299
6934	新神戸電機	480	480	465	467	14
6935	日デジタル	1075	1075	1030	1030	14.7
6936	洋高砂電池	62	62	61	61	26
6937	古河電池	222	222	211	211	3
6938	双信電機	490	500	490	500	7.5
6939	ユーエムシー	336000	338000	327000	330000	0.494
6941	山一電機	1500	1505	1490	1490	21.1
6942	ソフィアシス	130	130	127	127	4
6943	日本開閉器工	361	361	361	361	2
6944	アイレックス	130	130	130	130	3
6945	富士通機電	449	461	449	461	6.9
6947	図研	1211	1220	1181	1186	65.1
6949	キンセキ	711	733	705	705	24
6951	日本電子	747	748	730	730	149
6952	カシオ	650	650	631	631	1190
6954	ファナック	6400	6410	6210	6210	861.8
6955	ＦＤＫ	295	295	283	284	14
6957	芝浦電子	261	261	254	254	0.2
6958	日本ＣＭＫ	1120	1121	1091	1093	74
6960	フクダ電子	2690	2800	2690	2720	6.9
6961	エンプラス	3700	3720	3670	3690	66.3
6962	大真空	390	390	385	389	24
6963	ローム	17730	17750	17310	17310	17.6
6964	サンコー	550	550	540	542	9
6965	浜松ホトニ	2635	2645	2590	2590	290.8
6966	三井ハイテ	1190	1190	1150	1169	34.8
6967	新光電気工	2695	2700	2640	2690	97.1
6968	グラフテク	104	104	95	95	40
6969	松尾電機	253	255	251	251	9
6970	日本コンラ	468	469	466	466	14
6971	京セラ	9020	9130	8670	8840	814.9
6972	エルナー	394	394	376	376	18
6973	協栄産業	302	302	300	301	5
6974	日本インタ	334	344	326	344	627
6975	住友特殊金	805	805	795	795	4
6976	太陽誘電	2035	2040	1963	1963	470
6977	日本抵抗器	125	125	125	125	1
6981	村田製作所	7800	7800	7430	7460	46.3
6982	リード	63	65	63	64	53
6985	ユーシン	513	522	511	511	41
6986	双葉電子工	3610	3610	3450	3560	26.7
6988	日東電工	3980	3990	3840	3840	393.5
6989	北陸電気工	99	99	98	99	33
6991	松下電工	855	860	838	838	1573
6992	国産電機	160	160	160	160	5
6993	森電機	21	21	20	21	686
6994	指月電機製	202	206	196	196	53
6995	東海理化	962	965	950	950	100
6996	ニチコン	1700	1728	1691	1692	115.5
6997	日ケミコン	510	518	505	505	281
6998	日タングス	197	205	197	205	17
6999	ＫＯＡ	1006	1007	983	983	130.4
7003	三井造船	156	157	148	148	3447
7004	日立造船	75	76	73	73	977
7007	佐世保重工	104	104	100	102	474
7011	三菱重工業	375	379	367	369	12435
7012	川崎重工業	166	167	160	160	3842
7013	石川島播磨	200	200	195	195	1856
7014	名村造船所	330	335	317	317	446
7018	内海造船	67	67	67	67	1
7020	サノヤス	218	218	209	209	18
7021	ニッチツ	140	141	140	141	12
7102	日本車輌製	218	220	212	212	438
7105	ニチユ	199	199	196	196	3
7122	近畿車輛	205	208	204	206	567
7123	東急車輛製	81	82	81	82	172
7124	輸送機工業	130	130	130	130	2
7142	ナブコ	137	139	132	133	108
7201	日産自	865	865	841	841	13791
7202	いすゞ自	82	83	77	77	4861
7203	トヨタ自	3130	3140	3010	3020	6998.1
7204	コマツゼノ	291	295	291	292	39
7205	日野自動車	355	355	339	339	745
7210	日産ディ	103	104	100	103	180
7211	三菱自動車	345	346	328	328	1796
7212	エフテック	550	550	502	532	4
7217	テイン	490	490	485	485	4
7218	田中精密工業	2020	2020	2010	2010	4
7220	武蔵精密工業	2120	2120	2030	2040	12.6
7221	トヨタ車体	1448	1448	1329	1329	107
7222	日産車体	289	294	273	273	98
7223	関東自動車	630	637	626	629	34
7224	新明和工業	204	207	201	201	86
7225	小松リフト	170	176	170	172	134
7226	極東開発工	722	725	696	713	15.9
7229	ユタカ技研	900	900	900	900	2
7230	日信工業	2980	2980	2900	2900	15.7
7231	トピー工業	181	182	177	177	346
7232	トキコ	299	300	291	291	207
7233	自動車部品	63	63	63	63	17
7234	橋本フォミ	79	81	79	80	29
7235	東京ラヂエ	281	281	240	246	119
7236	東洋ラジエ	273	273	264	265	110
7238	曙ブレーキ	198	198	192	192	24
7239	タチエス	630	630	630	630	5.1
7240	ＮＯＫ	1065	1070	1053	1060	418
7241	フタバ産業	1428	1428	1357	1357	99
7242	カヤバ工業	185	189	184	187	404
7243	シロキ工業	210	214	201	205	49
7244	市光工業	205	205	201	202	81
7245	大同メタル工	397	397	380	395	7
7246	プレス工業	95	95	90	92	526
7247	ミクニ	130	130	127	129	28
7248	カルソニク	525	528	510	510	251
7249	尾張精機	175	175	175	175	2
7250	太平洋工業	370	371	368	368	127
7251	ケーヒン	1330	1340	1294	1294	47.7
7252	富士機械	104	104	100	100	2
7256	河西工業	234	240	223	223	840
7257	自動車電機	233	233	222	222	12
7258	栃木富士産	265	265	252	252	18
7259	アイシン精	1690	1700	1653	1666	338
7260	富士機工	215	215	205	208	9
7261	マツダ	367	367	350	350	5808
7262	ダイハツ工	494	495	480	480	366
7263	愛知機械工	274	277	264	264	110
7266	今仙電機製作	398	398	398	398	1
7267	ホンダ	5200	5220	4960	5020	2188.9
7269	スズキ	1536	1536	1451	1456	754
7270	富士重工業	602	605	590	593	2382
7271	安永	253	253	247	247	3
7272	ヤマハ発動	931	932	902	923	444
7273	イクヨ	300	308	298	302	160
7274	ショーワ	1043	1043	1030	1030	52
7275	ユニシア	154	156	150	152	90
7276	小糸製作所	479	482	466	467	85
7277	東京部品工	95	95	88	90	54
7278	エクセディ	760	784	760	784	23.2
7279	日ケーブル	1164	1175	1164	1175	2
7280	ミツバ	492	493	470	475	19
7282	豊田合成	1549	1553	1498	1500	102.2
7283	愛三工業	831	831	805	805	31
7284	盟和産業	220	225	220	225	5
7286	イズミ工業	7	7	7	7	2
7287	日本精機	507	510	505	505	48
7288	テクノエイト	381	381	376	376	7
7289	テネックス	131	139	131	139	10
7290	日発精密工業	130	130	130	130	2
7291	日本プラスト	235	239	235	239	2
7293	大井製作所	197	197	197	197	1
7294	ヨロズ	349	349	330	336	3.9
7295	アイエス精機	350	370	350	365	9
7296	エフシーシー	2500	2500	2350	2350	9.8
7297	カーメイト	591	591	591	591	7.1
7298	八千代工業	840	870	835	870	190
7299	フジオーゼ	215	215	215	215	9
7301	宮田工業	84	85	84	85	6
7305	新家工業	98	98	95	95	7
7306	丸石自転車	58	58	57	57	16
7309	シマノ	1701	1720	1671	1672	10.6
7404	昭和飛行機	291	300	291	300	8
7407	日本飛行機	214	214	211	211	14
7408	ジャムコ	450	450	430	430	18
7412	アトム	1420	1427	1420	1427	4.1
7415	新星堂	205	205	200	204	7
7416	はるやま商	930	960	930	950	29.5
7418	ヤマキ	144	149	120	130	35
7419	ノジマ	630	630	630	630	0.5
7420	佐鳥電機	661	661	660	660	2.2
7421	カッパクリエ	6850	7060	6850	6950	14.7
7423	フォンテヌ	1398	1398	1376	1376	0.3
7424	ニコニコ堂	2	2	1	2	106
7425	初穂商事	325	325	325	325	1
7426	山大	89	90	89	90	4
7427	エコートレ	761	775	761	775	3
7428	江戸沢	750	750	743	743	8.5
7429	セイジョー	1350	1352	1346	1350	5.2
7430	サンワドー	500	500	500	500	0.1
7433	伯東	1574	1600	1570	1570	25.6
7434	オータケ	1200	1200	1200	1200	0.1
7435	ナデックス	505	505	505	505	1
7437	サークルＫ	2865	2940	2800	2830	57
7440	クラフト	1160	1200	1150	1150	9
7442	中山福	363	363	350	350	15
7444	ハリマ共和	512	512	500	500	1
7445	ライトオン	971	980	965	966	14.6
7446	東北化学薬品	446	449	446	449	3
7447	ナガイレーベ	3100	3140	3080	3130	3.8
7448	ジーンズメ	1010	1015	1000	1010	30.2
7449	太洋興業	105	105	101	101	5
7450	サンデー	800	800	790	800	1.4
7451	菱食	4060	4120	4000	4000	10.3
7453	良品計画	3150	3200	3120	3150	153.2
7455	三城	2620	2620	2540	2555	72.1
7456	松田産業	1145	1150	1130	1143	8.5
7457	セキテクノト	220	223	220	223	2
7458	第一興商	1990	2000	1950	1950	21.9
7459	三星堂	673	681	670	670	271.3
7463	アドヴァン	1042	1100	1042	1080	168.3
7465	マックス北海	1500	1500	1500	1500	0.6
7466	ＳＰＫ	1030	1030	1030	1030	1.8
7467	萩原電気	590	595	590	595	2
7470	サロモンアン	1350	1360	1350	1360	3
7471	ふじ	425	425	425	425	3
7472	鳥羽洋行	683	683	682	682	2
7474	パオ	401	401	401	401	1
7475	アルビス	415	415	406	406	6
7476	アズワン	1500	1500	1470	1470	3.9
7477	ムラキ	103	103	102	102	7
7478	ブルーグラス	470	470	463	465	14
7479	サンマルク	3500	3520	3490	3500	29.1
7480	スズデン	370	370	370	370	1
7481	尾家産業	624	624	606	610	2.5
7482	シモジマ商事	1100	1100	1060	1062	6.5
7483	ドウシシャ	1950	2000	1948	1960	32.7
7487	小津産業	635	635	585	587	1.9
7491	オーエーシス	198	198	198	198	2
7492	タイカン	193	198	193	198	7
7494	コナカ	756	756	742	750	3.6
7496	八千代ム電	436	436	436	436	0.5
7501	ティムコ	611	611	601	601	1.2
7502	プラザクリエ	1170	1180	1130	1140	6
7503	アイエムアイ	1490	1490	1490	1490	0.9
7504	高速	725	730	725	730	2.4
7506	ハウスオブロ	745	750	745	745	1.1
7509	アイエー	570	570	570	570	1
7510	竹菱電機	865	865	865	865	3
7512	ポスフール	795	795	757	757	2.7
7513	コジマ	1479	1485	1470	1470	33.5
7514	ヒマラヤ	275	275	275	275	0.5
7515	マルヨシ	394	394	394	394	5
7516	コーナン商	2700	2700	2560	2565	132.9
7517	黒田電気	3050	3060	2970	2990	46.9
7518	ネットワンシ	720000	725000	708000	720000	1.883
7520	エコス	571	571	562	562	9.1
7521	ムサシ	1010	1050	1000	1020	14
7522	ワタミ	1750	1750	1692	1693	31.7
7523	アールビバン	715	720	715	720	0.6
7524	マルシェ	1190	1200	1180	1200	2.9
7525	リックス	600	600	600	600	4.2
7527	システムソフ	182	182	182	182	2
7528	安藤薬業公司	320	325	320	325	2
7530	ナブコドア	698	698	698	698	1
7531	清和鋼業	660	665	660	660	2
7532	ドンキホテ	11200	11200	10970	11000	14.3
7533	グリーンクロ	285	285	285	285	1
7535	グッドマン	5700	5750	5600	5610	21.9
7536	船橋薬品	350	350	330	330	0.6
7537	丸文	908	937	904	904	6.8
7538	大水	455	455	455	455	23
7541	メガネトップ	2410	2430	2390	2390	43.6
7542	ビスケー	710	710	710	710	2
7543	ＭｒＪＯＨＮ	510	510	510	510	4
7544	スリーエフ	908	908	903	903	4.1
7545	西松屋	3930	4050	3910	4020	132.9
7547	オートハロー	172	172	170	172	3
7548	サンクスジャ	1550	1630	1510	1550	22.4
7550	ゼンショー	2480	2500	2425	2435	8.3
7551	ウェッズ	575	589	520	560	27.8
7552	ハピネット	1180	1198	1122	1172	10.7
7553	サザビー	3520	3650	3520	3650	9.6
7554	幸楽苑	1700	1710	1670	1680	52.1
7555	大田花き	450	450	450	450	1
7556	住商エレクト	1110	1120	1100	1100	1.2
7558	トーメンエレク	3160	3240	3150	3200	14.8
7559	ジーエフシー	870	870	870	870	1
7560	ユニマットオ	1150	1161	1145	1156	3.5
7561	ハークスレイ	1710	1710	1700	1710	0.6
7562	安楽亭	629	629	629	629	1
7563	ニッパン	179	180	179	180	2
7564	ワークマン	2180	2180	2180	2180	0.1
7565	萬世電機	449	449	449	449	1
7566	ジャパンケア	427	427	412	419	44
7567	栄電子	315	315	315	315	1
7569	モンテカルロ	165	165	150	154	33
7571	ヤマノホール	380	380	360	360	9
7573	ツルハ	2490	2495	2360	2400	14.8
7574	共信テクノソ	800	815	800	800	6.8
7575	日本ライフラ	665	665	665	665	2.2
7577	パスポート	160	160	160	160	2
7579	オリジン東秀	2600	2640	2550	2640	13
7581	サイゼリヤ	3420	3470	3400	3440	240.4
7582	富士通デバ	924	925	920	920	50
7584	丸紅インフォ	309	309	309	309	1
7586	寺島薬局	1140	1180	1140	1160	4.1
7587	ＰＡＬＴＥＫ	580	590	580	585	3.3
7588	シートゥーネ	4190	4190	4050	4060	16.5
7589	デジキューブ	171000	171000	171000	171000	0.01
7590	タカショー	315	320	315	316	5
7591	エクセル	945	955	930	930	6
7592	アイユーケイ	470	470	470	470	2
7595	アルゴグラフ	2900	2900	2850	2900	3.5
7596	魚力	1950	1990	1950	1970	2.1
7597	東京貴宝	550	550	550	550	5
7598	ナイスクラッ	180	185	180	181	21
7599	ガリバーイン	4830	4830	4750	4800	3.2
7600	日本エムディ	3270	3350	3270	3320	11.5
7601	ポプラ	1437	1437	1437	1437	0.1
7602	ジャック	984	984	929	929	12.5
7603	マックハウス	615	615	611	611	8
7604	梅の花	743000	743000	736000	736000	0.009
7606	ユナイテッド	3650	3680	3600	3600	20.9
7607	進和	1131	1140	1100	1100	5.9
7608	エスケイ	500	500	496	496	4
7609	ダイトエレク	950	950	912	940	3.1
7610	テイツー	335000	340000	330000	335000	0.031
7611	ハイデイ日高	740	740	730	735	28.2
7612	トップボーイ	390	390	390	390	5
7613	シークス	2040	2050	2040	2045	8.9
7614	オーエムツー	850	850	800	820	3.8
7615	京都きもの友	394000	394000	383000	383000	0.037
7616	コロワイド	825	829	824	829	6.5
7617	オオゼキ	3610	3610	3600	3600	0.9
7618	ピーシーデポ	210000	210000	209000	210000	0.003
7619	田中商事	480	489	480	489	6
7620	ヤマト硝子	300	310	295	295	10
7622	焼肉屋さかい	990	1000	990	1000	2.9
7623	サンオータス	485	500	485	495	11
7624	ＮａＩＴＯ	780	780	780	780	1
7625	グローバルダイ	1445	1445	1360	1360	0.9
7626	ドッドウエル	1025	1030	1015	1022	55.2
7628	オーハシテク	940	950	940	950	5.1
7629	ムラチク	850	850	850	850	1
7630	壱番屋	1140	1160	1130	1140	5.3
7631	マクニカ	4060	4180	3950	3960	13.3
7632	住商メタレッ	530	535	530	530	9
7633	明響社	270	270	270	270	3
7634	星医療酸器	3220	3300	3180	3180	8.2
7635	杉田エース	500	500	500	500	8
7637	白銅	680	690	670	690	3
7639	贔屓屋	626	626	626	626	1
7640	トップカルチ	610	610	595	595	3
7641	フォーユー	401000	401000	401000	401000	0.002
7642	ビジョンメガ	1120	1120	1100	1110	4.1
7645	日本トイザら	2840	2840	2730	2750	19.9
7646	みった	2350	2350	2280	2290	17.7
7647	音通	198	200	198	200	6
7649	スギ薬局	5300	5300	5100	5100	3.7
7659	フォルクスワ	5500	5500	5500	5500	0.03
7701	島津製作所	341	344	326	326	508
7702	ＪＭＳ	354	354	351	353	7
7703	川澄化学工	1149	1149	1130	1130	6
7704	アロカ	846	846	830	831	12
7705	ジーエルサイ	1200	1200	1200	1200	5
7706	セントラルユ	500	500	500	500	4
7707	プレシジョン	327000	340000	321000	336000	0.091
7708	フォトニクス	210000	210000	201000	207000	0.159
7709	クボテック	360000	360000	354000	354000	0.015
7713	シグマ光機	605	605	600	600	2
7714	モリテックス	1250	1251	1220	1221	23.5
7715	長野計器	1250	1250	1250	1250	4
7717	ブイテクノロ	515000	515000	505000	505000	0.014
7718	スター精密	810	819	806	810	92
7719	東京衡機製	73	73	73	73	3
7720	ソキア	333	333	320	325	299
7721	トキメック	101	102	98	99	160
7722	国際計測器	870	870	870	870	12
7723	愛知時計電	236	246	236	240	11
7724	金門製作所	113	113	110	110	16
7725	インターアク	222000	223000	218000	218000	0.019
7726	黒田精工	148	148	148	148	4
7727	オーバル	106	108	106	108	2
7728	トーソク	670	670	670	670	2
7729	東京精密	4170	4200	4050	4050	108
7730	マニー	2210	2230	2210	2230	0.4
7731	ニコン	1339	1339	1296	1299	1233
7732	トプコン	378	379	364	365	63
7733	オリンパス	1705	1718	1670	1675	480
7734	理研計器	448	449	439	439	23
7735	スクリーン	637	639	622	630	877
7736	ユニオン光	102	104	90	92	243
7738	チノン	185	185	185	185	2
7739	キヤノン電	673	673	673	673	1
7740	タムロン	620	649	615	615	89
7741	ＨＯＹＡ	9060	9060	8780	8780	200.7
7743	シード	330	330	330	330	2
7744	ノーリツ鋼	2590	2630	2505	2505	1.8
7750	旭光学工業	247	249	242	242	87
7751	キヤノン	4570	4570	4400	4400	2039
7752	リコー	2205	2215	2120	2135	1163
7753	ミノルタ	378	380	356	359	1852
7756	コパル	1315	1315	1289	1289	5
7757	三協精機製	329	329	315	319	144
7758	セコニック	168	168	168	168	11
7762	シチズン	869	873	854	854	914
7764	オリエ時計	123	145	123	140	28
7765	エレメックス	485	490	485	490	2
7768	ジェコー	309	315	305	315	15
7769	リズム時計	110	110	107	107	102
7771	日本精密	254	254	250	250	5
7845	ハイビック	800	800	800	800	1
7846	パイロットグ	530000	532000	522000	522000	0.011
7847	グラファイト	310000	310000	310000	310000	0.007
7850	総合商研	750	760	730	730	9
7854	バンプレスト	1120	1150	1100	1149	7.1
7858	小野産業	325	325	325	325	1
7860	エイベックス	2960	2960	2870	2880	31.9
7861	東京リスマチ	930	930	930	930	0.1
7862	トッパンフ	2110	2150	2085	2110	157
7863	平賀	650	650	650	650	1
7864	フジシール	5200	5200	5150	5150	11.2
7865	Ｐｅｏｐｌｅ	500	500	500	500	4
7866	アトラス	695	705	681	691	7.2
7867	トミー	1795	1800	1686	1740	206.9
7868	廣済堂	1180	1180	1112	1134	2.3
7869	日本フォーム	330	330	330	330	1
7872	エステール	1020	1020	960	980	7.9
7873	アーク	5620	5690	5520	5670	52.3
7874	スルガ	1930	1950	1930	1950	8.6
7877	永大化工	390	390	388	388	2
7879	ノダ	400	400	393	393	2
7880	南部化成	341	366	341	366	3
7881	ニッソー	47	48	47	48	2
7882	アロン化成	359	359	345	345	32
7883	サンメッセ	1190	1250	1170	1250	5.1
7884	本間ゴルフ	171	172	160	169	6.1
7885	タカノ	980	981	970	970	8.6
7886	ヤマトインダ	200	200	200	200	10
7887	南海プラ	330	330	330	330	1
7888	三光合成	305	305	300	305	6
7889	桑山	500	500	500	500	0.2
7890	アテナ工業	650	650	650	650	0.5
7892	宇部日東	298	298	298	298	1
7893	亜細亜印刷	729	729	729	729	13
7895	中央化学	1420	1420	1390	1390	0.6
7896	セブン工業	360	363	360	363	9
7897	ホクシン	90	92	87	92	10.3
7898	住建産業	965	965	965	965	3
7899	オザキ軽化学	380	380	380	380	1
7902	ソノコム	1380	1380	1380	1380	1
7904	天龍木材	48	48	48	48	1
7905	大建工業	314	314	310	311	77
7906	ヨネックス	425	430	423	430	13
7908	ＫＩＭＯＴＯ	400	400	400	400	4
7909	シーアイ化	369	369	362	367	10
7911	凸版印刷	1270	1283	1232	1232	982
7912	大日本印刷	1654	1654	1571	1594	1092
7913	図書印刷	264	270	255	260	41
7914	共同印刷	608	617	600	600	155
7915	日写真印刷	753	753	745	745	36
7916	光村印刷	343	343	333	333	2
7917	藤森工業	590	600	590	600	3
7919	野崎印刷紙	202	202	202	202	2
7920	三浦印刷	420	420	420	420	10
7921	宝印刷	710	710	700	700	8.5
7923	トーイン	315	315	315	315	2.5
7925	前澤化成工業	1300	1300	1278	1288	12
7926	ベルテクノ	260	260	260	260	11
7927	ムトー精工	450	450	450	450	1
7928	旭化学工業	390	390	390	390	6
7929	新輝合成	220	220	220	220	2
7931	未来工業	839	839	810	810	0.4
7932	ニッピ	210	225	210	225	2
7934	メルクス	40	43	40	42	33
7935	コンビ	585	590	571	571	7.5
7936	アシックス	126	127	120	120	415
7937	ツツミ	2725	2750	2590	2590	3.1
7938	リーガルコー	100	100	100	100	2
7939	研創	293	293	293	293	5
7940	日ウェーブ	290	295	290	295	5
7943	ニチハ	1040	1040	1010	1010	16
7944	ローランド	1225	1225	1202	1202	0.5
7945	コマニー	550	550	550	550	3
7947	エフピコ	3260	3320	3250	3250	1.2
7949	小松ウオル	1230	1230	1200	1207	5.3
7951	ヤマハ	1233	1238	1190	1213	347
7952	河合楽器製	114	114	103	105	65
7954	ＰＣＣＷＪ	130	130	125	126	42
7955	クリナップ	637	640	633	635	64
7956	ピジョン	785	793	773	773	13.5
7957	フジコピアン	99	121	99	121	45
7958	天馬	1351	1351	1304	1304	34
7960	パラベッド	2700	2700	2640	2640	12
7961	兼松日産農	158	158	151	151	26
7962	キングジム	600	600	600	600	1
7963	興研	675	675	675	675	1
7964	セガ	2950	2995	2925	2960	546.3
7965	象印	395	395	390	390	7
7966	リンテック	959	959	947	947	10
7967	バンダイ	4400	4420	4350	4400	166.1
7968	田崎真珠	360	364	360	360	36
7969	タカラ	1047	1047	1020	1028	785
7970	信越ポリマ	455	456	437	445	21
7971	東リ	171	175	171	173	60
7972	イトーキク	254	257	238	238	18
7974	任天堂	17150	17150	16450	16450	22.5
7975	リヒトラブ	196	196	195	195	5
7976	三菱鉛筆	719	719	702	702	5
7977	フラベッド	279	279	271	276	8
7979	松風	750	750	750	750	1
7981	タカラスタ	491	495	474	474	394
7983	ミロク製作	131	135	131	135	4
7984	コクヨ	1300	1338	1260	1270	103
7985	ネポン	163	163	163	163	1
7986	キング工業	124	124	124	124	1
7987	ナカバヤシ	175	176	174	175	22
7988	ニフコ	1235	1254	1231	1249	100
7989	ブラインド	582	582	581	581	5.5
7990	ダイワ精工	101	101	97	98	51
7991	マミヤＯＰ	273	275	263	263	45
7992	セーラー	301	307	291	304	80
7993	サンウエブ	181	181	178	178	19
7994	岡村製作所	600	602	578	578	92
7995	日バルカー	146	147	143	145	69
7997	くろがね工	130	136	130	136	22
7999	武藤工業	205	205	200	200	21
8001	伊藤忠商事	407	413	404	408	10471
8002	丸紅	131	132	127	128	3836
8003	トーメン	95	95	90	90	519
8004	ニチメン	101	102	96	97	1369
8005	ムトウ	443	443	427	427	65
8006	ユアサフナ	165	165	165	165	6
8007	高島	102	109	101	102	88
8010	新興産業	90	93	90	90	18
8011	三陽商会	685	685	664	664	179
8012	長瀬産業	549	554	542	542	37
8013	ナイガイ	82	82	80	80	49
8014	蝶理	72	72	69	69	50
8015	豊田通商	521	531	510	518	99
8016	オンワード	1190	1192	1135	1150	434
8018	三共生興	367	370	361	370	64
8019	市田	92	92	88	91	60.5
8020	兼松	215	215	204	204	565
8021	レナウン	83	84	79	81	2134
8022	ミズノ	321	327	316	316	151
8023	大興電子通	251	251	251	251	2
8024	シルバーオッ	260	264	259	264	31
8025	ツカモト	112	114	112	113	10
8027	ルシアン	53	53	51	53	131
8028	ファミリＭ	3030	3050	2900	2955	179.4
8029	レナルック	206	206	194	194	22
8031	三井物産	768	771	741	742	12745
8032	日紙パ商	368	372	355	355	36
8033	ジーネット	97	100	97	100	18
8035	東京エレク	7790	7840	7480	7540	1381.3
8036	日立ハイテク	1878	1880	1786	1830	119
8037	カメイ	519	535	519	535	9
8038	東都水産	189	191	189	190	7
8039	築地魚市場	166	166	165	165	3
8040	東ソワール	237	237	237	237	1
8041	大阪魚市場	234	240	230	230	33
8042	日本マタイ	208	209	205	205	7
8043	スターゼン	140	140	138	138	109
8044	大都魚類	131	133	130	133	5
8046	丸藤パイル	130	133	130	133	4
8048	シャディ	1151	1163	1145	1160	10.6
8050	セイコー	280	283	274	279	46
8051	山善	195	195	183	183	29
8052	椿本興業	175	175	168	168	8
8053	住友商事	750	750	717	727	2655
8056	日ユニシス	1010	1017	986	986	136
8057	内田洋行	351	359	350	351	82
8058	三菱商事	893	893	863	868	4004
8059	第一実業	156	157	153	153	47
8060	キヤノン販	982	986	970	970	97
8061	西華産業	148	148	146	146	36
8063	日商岩井	91	92	88	89	2877
8064	金商	330	332	322	329	483
8065	佐藤商事	303	303	302	302	2
8067	トミヤアパ	271	275	270	270	19
8068	菱洋エレ	1200	1210	1175	1182	19.1
8070	東京産業	309	309	299	299	8.5
8071	東海物産	344	350	335	335	11
8072	日本出版貿易	110	110	110	110	1
8073	ＣＳＫエレク	59	61	58	58	62
8074	ユアサ商事	113	113	109	110	117
8075	神鋼商事	137	137	132	133	5
8076	カノークス	115	115	105	115	6
8077	小林産業	160	160	160	160	2
8078	阪和興業	172	173	166	167	745
8079	正栄食品工	453	453	448	448	12
8080	ジョイス	1150	1150	1150	1150	0.4
8081	カナデン	410	410	406	407	7
8083	サンテレホ	300	300	296	296	3
8084	菱電商事	321	324	312	312	25
8085	楢崎産業	324	329	311	328	18
8086	ニプロ	2070	2085	2010	2020	156
8087	フルサト工	282	283	278	278	21
8088	岩谷産業	234	235	225	225	833
8089	ナイス	221	221	212	214	59
8090	昭光通商	142	142	140	140	13
8091	ニチモウ	154	154	150	150	14
8092	富士通ビジ	1530	1530	1480	1480	20.9
8093	極東貿易	320	320	317	319	14
8095	イワキ	165	165	165	165	2
8096	兼松エレク	905	910	900	900	13
8097	三愛石油	316	317	306	306	29
8098	稲畑産業	575	575	562	568	16
8101	ＧＳＩクレオ	242	242	229	231	546
8103	明和産業	200	203	191	197	156
8105	丸正	100	100	100	100	2
8107	キムラタン	55	56	51	52	1388
8110	川鉄商事	111	112	105	105	155
8111	ゴールドウ	127	127	121	121	34
8112	東スタイル	1060	1074	1060	1068	236
8113	ユニチャム	4840	4880	4650	4690	143.2
8114	デサント	137	138	133	134	50
8115	ムンバット	98	98	95	98	43
8116	ダーバン	113	113	112	112	19
8117	中央自動車	258	275	258	270	51
8118	キング	179	179	176	179	12
8119	三栄コーポ	309	310	300	305	16
8125	ワキタ	358	358	350	350	5
8126	三光純薬	557	557	540	550	8
8127	ヤマトイン	164	166	162	163	49
8129	東邦薬品	381	399	381	383	48
8130	サンゲツ	1991	2000	1991	1999	11
8131	ミツウロコ	650	651	650	651	3
8132	シナネン	475	477	459	466	27
8133	伊藤忠エネク	590	597	585	590	50
8134	ＴＯＫＡＩ	425	426	422	422	26
8135	ゼット	147	160	147	153	41
8136	サンリオ	1115	1120	1073	1073	52.7
8137	サンワテクノ	510	510	510	510	3
8138	三京化成	151	160	150	160	18
8139	ナガホリ	216	220	215	215	4
8140	リョーサン	1445	1445	1387	1394	22.9
8141	新光商事	544	550	535	535	19
8142	トーホー	882	885	880	880	11
8143	ラピーヌ	145	145	142	142	9
8144	電響社	378	378	378	378	2
8146	小杉産業	100	100	100	100	10
8147	トミタ	250	250	249	250	4
8148	上原成商事	274	274	272	272	2
8150	三信電気	507	510	500	500	27
8151	東陽テクニカ	2010	2050	1995	1995	27
8152	ソマール	165	165	165	165	1
8153	モスフード	945	949	935	939	22
8154	加賀電子	2200	2200	2155	2155	35.9
8155	三益半導体	1615	1636	1600	1611	14.4
8157	都築電気	342	349	339	339	22
8158	ソーダニカ	176	176	175	175	7
8159	立花エレテッ	565	565	565	565	1
8160	木曽路	1409	1412	1400	1408	11
8163	サト	715	715	711	711	4
8164	キャビン	122	122	120	120	25
8165	千趣会	585	594	580	581	54
8166	タカキュー	79	80	78	80	24.5
8167	丸久	225	225	225	225	1
8168	ケーヨー	812	835	810	811	39.1
8169	宝船	151	154	140	143	454
8170	アデランス	3660	3680	3520	3520	159.5
8171	マックス中部	780	780	780	780	1
8173	上新電機	133	133	126	126	6
8174	日本瓦斯	846	847	846	846	7
8175	ベスト電器	395	398	382	382	68
8176	西洋フード	380	380	374	374	14
8178	マルエツ	513	524	507	512	531
8179	ロイヤル	965	969	955	955	18
8180	すかいらく	2950	2980	2925	2950	114.1
8181	東天紅	246	246	233	233	6
8182	いなげや	806	809	799	802	27
8183	セブイレブ	4870	4900	4750	4820	1181
8184	島忠	2350	2350	2280	2300	70.8
8185	チヨダ	1240	1252	1240	1244	4.9
8186	大塚家具	4200	4230	4110	4110	20
8188	ヨークベニ	3190	3190	3140	3190	50.5
8189	マツヤデン	141	144	135	138	442
8192	中川無線電	83	101	81	95	140
8193	鈴丹	150	150	147	149	158
8194	ライフコポ	830	841	830	833	6
8195	デニーズ	2095	2100	2070	2070	13
8196	カスミ	402	405	400	400	36
8197	東急ストア	369	382	365	372	347
8200	リンガー	1185	1185	1175	1181	6.5
8201	さが美	336	336	335	335	8
8202	ラオックス	300	308	295	304	40
8203	ＭｒＭａｘ	301	306	299	299	12.8
8204	ジョナサン	1550	1550	1550	1550	2
8206	エルメ	108	118	93	118	4577
8207	テンアライ	431	431	428	428	8.8
8208	エンチョー	391	391	391	391	4
8209	フレンドリ	576	576	576	576	2
8211	相鉄ローゼ	532	532	523	523	16
8212	オーク	64	64	63	64	4
8214	アオキ	468	469	454	458	5.6
8215	銀座山形屋	97	97	97	97	2
8216	フォルクス	391	395	391	391	3
8217	オークワ	1050	1050	1005	1015	11
8218	コメリ	3700	3750	3680	3700	59.5
8219	青山商事	1477	1490	1467	1467	15.5
8226	理経	270	270	266	266	13
8227	しまむら	9270	9370	9110	9110	50.2
8229	ハックキミ	815	815	798	798	72
8231	三越	371	375	362	365	915
8232	東急百貨店	118	118	113	113	747
8233	高島屋	727	731	716	720	673
8234	大丸	594	594	571	571	201
8235	松坂屋	319	321	311	311	240
8236	丸善	230	230	226	228	216
8237	松屋	440	440	418	418	9
8238	伊勢丹	1280	1326	1254	1257	1666.8
8239	横浜松坂屋	75	75	72	73	10
8240	サポロライ	668	668	668	668	1
8241	阪神百貨店	458	458	458	458	3
8242	阪急百貨店	887	894	855	855	226
8244	近鉄百貨店	221	223	220	223	18
8245	丸栄	153	159	153	153	10
8246	岩田屋	120	120	120	120	11
8248	ニッセン	2300	2300	2210	2295	246.6
8249	東洋物産	601	605	601	603	0.8
8251	パルコ	612	613	610	610	6
8252	丸井	1559	1559	1515	1522	1652.4
8253	クレセゾン	2990	3030	2970	3000	966.7
8255	原信	865	865	865	865	1.1
8256	プロルート丸	280	280	275	275	6
8257	山陽百貨店	2400	2400	2400	2400	0.1
8258	ダイエーＯ	495	495	475	479	158
8259	十字屋	43	43	42	42	241
8260	井筒屋	215	215	208	215	189
8261	名鉄百貨店	179	179	179	179	1
8263	ダイエー	238	243	220	220	1798
8264	イトヨーカ	6440	6460	6260	6360	791
8266	イズミヤ	713	713	700	710	98
8267	イオン	3440	3470	3390	3420	624.8
8268	西友	473	474	462	463	1664
8270	ユニー	1388	1395	1365	1365	162
8273	イズミ	1890	1890	1840	1841	21.8
8274	東武ストア	193	194	192	193	16
8275	フォーバル	525	535	525	535	11.4
8276	平和堂	1001	1039	1001	1039	141
8278	フジ	2040	2060	2035	2035	5.7
8279	ヤオコー	1620	1620	1600	1600	1.4
8280	富士電機冷	360	375	360	363	14
8281	ゼビオ	2245	2245	2210	2210	34.4
8282	ケーズデンキ	1530	1540	1502	1540	12.3
8283	パルタック	888	890	888	889	29
8287	マックス西日	1240	1240	1240	1240	0.2
8289	オリンピク	1749	1749	1645	1645	13.3
8290	デンコードー	510	515	506	515	3.5
8291	東京日産販	205	210	200	200	23
8293	愛知トヨタ自	910	910	910	910	5
8295	キヤノンシス	616	616	616	616	1
8305	みずほホール	299000	302000	281000	284000	54.309
8306	三菱東京フィ	923000	925000	884000	884000	12.976
8307	ＵＦＪホール	319000	320000	302000	305000	24.399
8308	大和銀ホール	95	96	93	93	6376
8309	三井トラスト	277	277	262	262	4163
8318	三井住友銀	675	675	636	636	30431
8324	第四銀	397	397	385	385	60
8325	北越銀	285	288	275	275	60
8326	福岡銀	479	485	458	465	569
8327	西日本銀	359	359	335	335	87
8328	札幌北洋ホー	435000	435000	420000	420000	0.083
8329	もみじホール	388000	388000	380000	384000	0.067
8331	千葉銀	432	435	424	427	1036
8332	横浜銀	521	524	517	520	1893
8333	常陽銀	333	333	323	324	278
8334	群馬銀	565	565	547	549	114
8335	足利銀	154	154	148	148	233
8336	武蔵野銀	3720	3720	3610	3650	9.1
8337	千葉興業銀	662	688	654	674	13.8
8338	関東銀	1100	1100	1060	1065	5.5
8339	東京都民銀	1100	1110	1052	1069	10.6
8340	九州親和ホー	314	314	302	305	43
8341	七十七銀	483	484	465	477	395
8342	青森銀	415	415	403	405	31
8343	秋田銀	397	397	375	375	53
8344	山形銀	557	557	530	530	72
8345	岩手銀	3500	3530	3480	3480	11.7
8346	東邦銀	435	435	425	425	49
8350	みちのく銀	670	670	655	660	39
8353	北海道銀	114	114	109	110	123
8355	静岡銀	787	790	765	775	1023
8356	十六銀	458	459	445	445	114
8357	北陸銀	190	190	183	183	147
8358	スルガ銀	639	639	620	625	502
8359	八十二銀	595	595	565	565	132
8360	山梨中央銀	424	424	405	409	22
8361	大垣共立銀	562	568	535	535	136
8362	福井銀	435	439	430	430	115
8363	北國銀	458	460	453	453	155
8364	清水銀	5180	5180	4910	4910	2.3
8365	富山銀行	416	416	416	416	1
8366	滋賀銀	444	444	426	426	63
8367	南都銀	375	375	366	366	13
8368	百五銀	444	444	434	435	109
8369	京都銀	480	480	465	468	133
8370	紀陽銀	230	230	222	224	101
8372	泉州銀	250	250	250	250	6
8374	三重銀	504	504	492	492	20
8375	池田銀	5190	5190	5100	5110	2.1
8379	広島銀	403	404	401	403	131
8380	山口銀	828	830	818	824	52
8381	山陰合同銀	533	541	533	538	78
8382	中国銀	752	764	742	742	101
8383	鳥取銀	332	337	332	333	3
8385	伊予銀	624	624	596	601	42
8386	百十四銀	630	640	615	615	41
8387	四国銀	655	655	620	621	47
8388	阿波銀	578	580	555	555	105
8390	鹿児島銀	397	397	388	397	91
8392	大分銀	539	540	539	540	7
8393	宮崎銀	374	374	360	360	31
8394	肥後銀	425	425	419	425	59
8395	佐賀銀	423	423	402	402	27
8396	十八銀	490	490	480	480	28
8397	沖縄銀	2150	2150	2055	2055	3.1
8398	筑邦銀行	506	506	506	506	5
8399	琉球銀	1396	1396	1368	1375	11.9
8403	住友信託銀	643	645	608	615	3021
8404	みずほアセッ	69	69	66	66	2115
8458	エヌアイエフ	242000	245000	242000	242000	0.086
8462	キャピタル	90000	91000	90000	91000	0.024
8473	ソフトインベ	95900	95900	92800	93100	0.678
8489	アプレック	192	192	192	192	1
8493	インター	779	779	750	750	0.5
8507	学研クレジッ	421	426	421	426	2
8508	イッコー	260	260	260	260	1
8511	日本証券金	452	454	442	446	114
8512	大阪証券金	185	185	183	184	12
8514	アース	588	590	585	590	6
8515	アイフル	7800	7870	7600	7660	290.35
8518	日本アジア投	203	204	200	200	98
8519	ポケットカー	1190	1200	1180	1180	6.4
8521	長野銀	375	375	368	371	26
8522	名古屋銀	554	555	544	544	45
8527	愛知銀	6880	6880	6600	6600	1.4
8528	岐阜銀行	54	60	48	55	62
8529	第三銀	400	400	390	390	37
8530	中京銀	478	478	450	450	33
8536	東日本銀	328	328	310	310	23
8537	大光銀行	300	300	300	300	16
8539	福岡シ銀	247	250	232	233	64
8541	愛媛銀	426	426	410	417	22
8542	トマト銀	257	260	250	251	19
8543	みなと銀行	265	268	263	263	15
8544	京葉銀	298	299	295	295	58
8545	関西銀	125	125	123	123	4
8550	栃木銀	655	655	625	626	16
8551	北日本銀	4750	4750	4660	4660	2
8552	びわこ銀	230	230	230	230	7
8553	熊本ファミリ	402	407	400	407	15
8556	香川銀	628	628	612	612	11
8558	東和銀	365	366	361	361	90
8559	豊和銀行	452	458	452	458	9
8560	宮崎太陽銀行	458	465	458	465	11
8561	徳島銀	690	694	682	682	13
8562	福島銀	106	107	104	105	127
8563	大東銀	315	315	313	315	39
8564	武富士	8440	8500	8220	8260	84.52
8565	三洋電クレ	3300	3340	3240	3270	148.3
8566	リコーリス	1820	1830	1800	1801	42
8567	クレディア	1675	1691	1675	1676	1.7
8568	シンキ	617	617	598	608	78
8570	イオンクレ	7230	7300	7140	7170	41.6
8571	ニッシン	969	979	958	958	70.3
8572	アコム	8240	8390	7870	7890	450.5
8573	三洋信販	3630	3630	3500	3530	29.5
8574	プロミス	6000	6000	5710	5720	373.4
8577	日栄	766	772	751	755	21.8
8579	東京リース	595	595	595	595	3
8580	ファーストク	2	2	2	2	88
8583	日本信販	234	234	223	224	1100
8584	ジャックス	389	389	386	387	62
8585	オリコ	109	110	102	102	1988
8586	日立キャピタ	1640	1646	1627	1641	199.1
8588	セントファ	391	391	385	386	24
8589	アプラス	83	83	80	80	80
8591	オリックス	9400	9430	9150	9190	332.6
8592	住商リース	1902	1915	1890	1890	28.3
8593	ダイヤリス	2750	2770	2700	2715	109.6
8595	ジャフコ	10510	10700	10300	10300	51.1
8597	商工ファド	15500	15500	14990	15000	22.59
8599	セントラルリ	712	718	712	718	5
8601	大和証券グル	840	840	809	809	4606
8603	日興コーディ	639	639	613	619	5816
8604	野村ホールデ	1843	1845	1770	1770	6424
8606	新光証券	248	248	237	242	1491
8607	みずほインベ	133	135	126	126	775
8609	岡三証券	490	490	460	460	91
8610	さくらフレン	196	196	186	189	131
8611	コスモ証券	121	122	118	119	343
8613	丸三証券	355	355	339	340	100
8614	東洋証券	198	200	192	194	104
8615	国際証券	769	769	743	746	454
8616	東京証券	196	196	183	183	102
8617	光世証券	133	140	129	129	83
8621	つばさ証券	366	370	351	351	424
8622	水戸証券	269	269	265	267	25
8623	明光証券	309	311	292	293	20.5
8624	いちよし証券	455	455	450	450	6
8625	高木証券	178	178	172	175	36
8626	マネックス証	26000	26000	25500	25690	0.153
8627	イートレード	63000	63100	62000	62000	0.105
8628	松井証券	1596	1599	1531	1531	195.3
8629	バンクフロン	106000	110000	106000	110000	0.005
8634	JPモルガンチ	4050	4050	4050	4050	0.05
8651	ドイツ銀行	8310	8550	8310	8550	1.02
8657	ＵＢＳ	5750	5750	5750	5750	0.12
8668	アジアボンド	691	691	691	691	2.9
8676	コリアファン	2000	2000	2000	2000	0.3
8678	スペインファ	871	871	871	871	0.2
8681	コリアエクイ	480	480	480	480	2.4
8682	モルガンスタ	990	990	990	990	2
8683	テンプルトン	1060	1060	1060	1060	0.3
8686	アフラック	3790	3790	3690	3690	9.4
8692	だいこう証	328	328	328	328	2
8738	ひまわりホー	140	145	140	145	8
8739	スパークスア	3420000	3450000	3320000	3320000	0.104
8740	フジトミ	945	945	945	945	2
8741	スターフュー	440	440	440	440	0.5
8742	小林洋行	2150	2150	2130	2135	3.4
8744	日本ユニコム	880	880	880	880	4
8745	グローバリー	1960	2000	1930	2000	11.2
8746	第一商品	340	340	335	335	6
8749	エース交易	400	400	385	385	8
8752	三井海上	644	644	626	631	2712
8754	日本興亜損害	481	481	459	460	940
8755	安田火災	774	774	755	755	1124
8757	日新火災	216	220	216	217	39
8759	ニッセイ同和	424	424	412	412	110
8761	あいおい損害	282	288	273	273	837
8763	富士火災	198	199	193	193	191
8766	ミレアホール	952000	957000	923000	933000	3.701
8798	アドバンスク	56700	57200	56000	56000	0.079
8799	大同生命保険	306000	307000	303000	303000	1.779
8801	三井不動産	1188	1188	1133	1135	2717
8802	三菱地所	1079	1086	1049	1055	5030
8803	平和不動産	285	287	277	277	407
8804	東京建物	236	236	226	226	315
8805	日本中央地所	82	82	81	81	30
8806	ダイビル	672	673	672	673	5
8809	サンケイビ	371	371	363	368	12
8815	東急不動産	223	224	211	211	2285
8818	京阪神不動	336	339	334	334	18
8821	立飛企業	2250	2250	2250	2250	1
8830	住友不動産	801	810	775	789	1859
8832	小田急不動	285	286	276	277	15
8833	東宝不動産	409	410	402	402	11
8834	藤和不動産	56	57	55	56	53
8835	太平洋興発	66	67	65	65	51
8836	ヒューネット	238	244	233	236	171
8837	北海道振興	20	20	20	20	1
8838	有楽土地	218	218	218	218	3
8839	ニチモ	50	51	48	48	101
8840	大京	86	88	86	88	374
8841	テーオーシ	580	580	565	565	47
8842	東京楽天地	377	381	377	381	8
8844	リクルートコ	254	254	254	254	1
8845	セザール	99	99	90	91	3546
8846	積和不動産	575	575	552	552	2
8848	レオパレス２	887	887	835	860	591
8850	スターツ	670	685	670	685	3
8851	アバライフ	100	101	100	101	5
8852	関西積和不	304	304	304	304	3
8853	ダイシティ	1630	1630	1630	1630	0.6
8854	日住サビス	187	187	186	186	13
8855	全日空ビル	106	108	106	106	21
8857	三井不販売	538	550	537	546	26
8858	ダイア建設	198	198	190	190	9
8860	フジ住宅	317	320	317	320	8
8864	空港施設	425	425	420	421	52
8866	幸洋コーポ	319	328	319	328	7
8867	横浜地下街	330	340	330	330	13
8868	アーバンコー	1180	1260	1180	1260	46.7
8869	明和地所	1200	1200	1131	1163	14.8
8870	住友不動販	2985	3000	2950	2960	17.9
8871	ゴールドク	3880	3940	3880	3900	26.5
8872	エイブル	2740	2740	2700	2740	9.6
8874	ジョイント	1594	1605	1548	1548	25.7
8875	東栄住宅	1464	1475	1463	1463	2.8
8876	リロホールデ	2950	2980	2950	2950	2.3
8877	日本エスリード	1261	1262	1245	1245	18.2
8878	日本綜合地所	657	668	645	650	83.7
8879	東急リバブル	799	810	791	791	10.4
8880	飯田産業	1340	1350	1320	1321	8.1
8881	日神不動産	1170	1175	1150	1170	1
8882	ゼファー	340000	340000	339000	339000	0.002
8886	ウッドフレン	340000	340000	340000	340000	0.001
8887	リベレステ	88500	88500	82500	83000	0.086
8888	クリード	249000	250000	243000	246000	0.178
8889	アパマンショ	400000	400000	387000	387000	0.027
8890	レーサムリサ	128000	132000	118000	121000	0.51
8892	日本エスコン	512000	515000	500000	515000	0.015
8893	新日本建物	899	900	891	895	15
8894	原弘産	270000	270000	270000	270000	0.001
8895	アーネストワ	1320	1350	1290	1300	31
8896	菱和ライフク	1550	1620	1550	1600	5.2
8897	タカラレーベ	885	885	860	870	4.3
8898	センチュリー	432000	433000	432000	433000	0.005
8900	セイクレスト	201000	201000	201000	201000	0.001
8901	ダイナシティ	750000	750000	745000	749000	0.02
8902	パシフィック	171000	172000	162000	162000	0.122
9001	東武鉄道	349	349	334	335	802
9002	西武鉄道	1609	1617	1548	1548	122
9003	相模鉄道	317	318	312	312	128
9004	箱根登山鉄	285	286	285	285	5
9005	東京急行電	506	509	501	502	3400
9006	京浜急行電	558	561	547	548	367
9007	小田急電鉄	522	529	513	516	643
9008	京王電鉄	617	618	608	609	825
9009	京成電鉄	395	397	387	392	1212
9010	富士急行	413	413	400	400	18
9013	伊豆箱根鉄	15000	15000	15000	15000	0.1
9014	新京成電鉄	374	384	371	372	25
9019	伊豆急行	2235	2235	2235	2235	0.1
9020	ＪＲ東日本	574000	574000	558000	563000	9.914
9021	ＪＲ西日本	500000	502000	489000	489000	0.914
9022	ＪＲ東海	761000	765000	747000	751000	0.947
9031	西日本鉄道	304	304	299	299	495
9033	広島電鉄	1210	1210	1210	1210	4
9036	東部ネットワ	510	515	510	510	5
9037	ハマキョウレ	2255	2430	2240	2380	101.5
9039	サカイ引越	2500	2505	2500	2505	0.4
9040	大宝運輸	280	280	280	280	5
9041	近畿日本鉄	402	403	389	396	1404
9042	阪急電鉄	398	399	395	395	789
9043	阪神電気鉄	324	327	321	321	131
9044	南海電気鉄	329	329	328	328	61
9045	京阪電気鉄	355	357	355	355	91
9046	神戸電鉄	442	442	442	442	1
9047	名糖運輸	986	995	976	976	1.1
9048	名古屋鉄道	328	330	323	323	478
9050	三重交通	311	311	300	300	5
9051	センコン物流	710	710	710	710	1
9052	山陽電気鉄	273	273	272	273	25
9053	中央運輸	245	245	245	245	2
9054	大和物流	430	440	415	415	7
9055	アルプス物	508	510	499	499	20
9059	カンダコーポ	315	315	315	315	1
9060	日本ロジテム	325	325	320	320	14
9062	日本通運	611	614	595	601	2274
9064	ヤマト運輸	2310	2310	2215	2235	1021
9065	山九	124	125	120	121	216
9066	日新	190	190	184	184	34
9067	丸運	191	191	189	189	5
9068	丸全昭和運	226	228	223	228	32
9069	センコー	237	237	233	237	23
9070	トナミ運輸	250	250	246	249	19
9072	日梱包運倉	865	865	855	860	45
9074	日石油輸送	217	217	206	206	21
9075	福山通運	485	487	476	476	111
9076	西濃運輸	743	748	721	729	1169
9077	名鉄運輸	210	210	210	210	5
9078	エスラインギ	294	294	294	294	11
9079	東急ロジステ	420	420	420	420	9
9081	神奈川中交	610	610	595	595	3
9085	北海道中央バ	350	350	350	350	17
9086	日立物流	668	682	656	656	137
9087	タカセ	210	215	210	215	6
9089	バンダイロジ	410	410	410	410	1
9101	日本郵船	445	445	434	436	1475
9104	商船三井船	280	280	274	274	3582
9107	川崎汽船	175	177	169	169	2336
9110	新和海運	69	69	67	68	65
9113	乾汽船	57	57	56	56	32
9115	明治海運	155	155	155	155	3
9119	飯野海運	193	193	191	192	45
9123	太平洋海運	47	47	45	46	79
9127	玉井商船	50	50	45	45	26
9130	共栄タンカ	112	113	112	112	4
9132	第一中央船	49	49	45	45	86
9133	東栄リーファ	336	348	332	348	17
9151	東京船舶	73	74	72	73	36
9152	関西汽船	34	34	33	33	76
9171	栗林商船	190	190	190	190	2
9173	東海汽船	285	285	285	285	2
9174	ワンダーテー	165	166	165	166	4
9179	川崎近海船	165	165	165	165	2
9180	新和内航海運	190	193	190	190	8
9195	Ｐ＆Ｏ	490	490	490	490	0.1
9201	日本航空	361	364	350	353	1857
9202	全日本空輸	333	335	327	327	2223
9203	日本エアシス	3160	3240	3110	3150	2.6
9204	スカイマーク	116000	116000	113000	116000	0.033
9231	国際航業	416	422	416	420	12
9232	パスコ	325	333	325	330	7
9301	三菱倉庫	879	879	853	867	541
9302	三井倉庫	247	247	244	244	302
9303	住友倉庫	341	341	330	331	380
9304	澁澤倉庫	236	237	236	237	6
9305	ヤマタネ	80	83	79	80	68
9306	東陽倉庫	196	196	192	194	11
9310	トランシィ	238	238	232	233	8
9312	ケイヒン	140	142	139	140	10
9313	丸八倉庫	169	169	169	169	1
9318	日本橋倉庫	330	347	326	347	138
9319	中央倉庫	570	570	570	570	10
9322	川西倉庫	602	602	602	602	1
9323	日本ロジステ	260	260	260	260	2
9351	東洋埠頭	161	162	159	160	35
9353	櫻島埠頭	175	175	175	175	3
9355	リンコー	175	195	175	195	6
9358	宇徳運輸	101	101	101	101	3
9359	伊勢湾海運	261	261	260	260	4
9361	伏木海陸運	167	167	167	167	1
9362	兵機海運	102	102	102	102	5
9363	大運	44	44	43	43	261
9364	上組	517	525	510	510	655
9366	サンリツ	690	690	670	670	1.4
9369	ＱＰ流通	1028	1028	1011	1028	0.3
9370	郵船航空サー	1450	1470	1420	1420	9.7
9373	ニッコウトラ	760	760	756	756	1
9374	軽貨急配	1900	1920	1900	1900	8.7
9375	近鉄エクスプ	1380	1384	1380	1380	25.2
9401	ＴＢＳ	2715	2760	2640	2680	605
9402	中部日本放送	850	850	850	850	0.4
9404	日本テレビ	27900	28070	27150	27150	114.51
9405	朝日放送	6120	6250	6120	6120	0.12
9407	アールケービ	550	550	550	550	7
9408	新潟放送	695	757	695	757	1.2
9409	テレビ朝日	221000	222000	217000	217000	0.308
9429	日立モバイル	445	450	438	450	28
9430	ＮＥＣモバイ	1212	1212	1193	1196	7.7
9432	ＮＴＴ	522000	523000	496000	510000	18.985
9433	ＫＤＤＩ	378000	383000	358000	359000	19.082
9434	日テレコム	391000	392000	373000	380000	5.508
9435	光通信	1019	1020	981	988	23.1
9436	沖縄セルラー	127000	129000	125000	127000	0.123
9437	ドコモ	289000	290000	271000	271000	111.197
9438	エムティーア	120000	120000	113000	114000	0.116
9439	ビーアイジー	130000	130000	130000	130000	0.032
9441	ベルパーク	196000	200000	195000	198000	0.01
9442	ＪＳＡＴ	557000	560000	548000	548000	0.314
9443	インテックコ	401	401	400	400	3
9444	トーシン	127000	127000	122000	126000	0.031
9445	フォーバルテ	102000	102000	102000	102000	0.001
9446	エスケーアイ	121000	121000	121000	121000	0.001
9447	丸紅テレコム	53500	53500	53500	53500	0.075
9448	インボイス	244000	244000	240000	244000	0.265
9449	グローバルメ	455	468	450	460	20
9470	学習研究社	136	136	131	133	246
9472	エスコム	85	85	80	81	85
9473	アスキー	39	39	36	36	52
9474	ゼンリン	1055	1070	1055	1055	4.1
9475	昭文社	1359	1360	1343	1357	7.5
9476	中央経済社	300	300	300	300	1
9477	角川書店	2200	2200	2195	2200	14.8
9478	翔泳社	268000	270000	256000	266000	0.011
9479	インプレス	89900	93500	87700	87700	0.091
9496	ドイツテレコ	1256	1276	1235	1241	6.3
9501	東京電力	2530	2535	2490	2505	1444.8
9502	中部電力	2140	2140	2100	2100	466.8
9503	関西電力	1900	1900	1870	1870	668.8
9504	中国電力	1733	1733	1704	1704	134.2
9505	北陸電力	1635	1646	1622	1622	223.3
9506	東北電力	1715	1718	1699	1703	315.1
9507	四国電力	1716	1729	1697	1697	192.7
9508	九州電力	1813	1815	1787	1814	322
9509	北海道電力	1645	1649	1632	1632	139.9
9511	沖縄電力	2600	2600	2575	2600	4
9531	東京ガス	338	339	328	331	6826
9532	大阪ガス	292	292	286	288	3903
9533	東邦ガス	254	254	250	251	735
9534	北海道ガス	260	260	252	252	4
9536	西部ガス	188	188	182	182	77
9539	京葉瓦斯	300	300	300	300	2
9541	大多喜ガス	301	301	300	300	6
9542	新日本瓦斯	405	405	405	405	2.5
9543	静岡ガス	389	389	375	375	10
9600	アイネット	540	540	540	540	2
9601	松竹	598	598	590	591	38
9602	東宝	1400	1409	1370	1370	130.5
9603	エイチアイエ	2300	2350	2300	2330	18.3
9605	東映	340	341	332	333	433
9607	葵プロ	692	709	690	697	7.5
9609	ベンチャーリ	1680	1680	1650	1652	115
9610	ウィルソンラ	790	791	790	791	3.8
9611	ディーワンダ	460	460	455	455	2
9613	ＮＴＴデ	513000	516000	491000	494000	6.284
9614	ベル２４	42000	42250	40850	40900	12.8
9615	東京美装興	620	620	620	620	1
9616	共立メンテ	2385	2450	2385	2445	23.4
9618	エムサビス	1270	1270	1270	1270	1
9620	スクウェア	2220	2220	2095	2095	227.8
9621	建設技術研	591	591	571	572	2
9622	スペース	411	425	411	420	2.8
9623	キヤノンソフ	555	555	555	555	4
9624	長大	320	320	311	311	11
9627	アインファー	1430	1430	1400	1410	5
9628	公益社	2955	2960	2955	2960	0.4
9629	ピーシーエー	925	925	914	914	2.5
9630	アップ	500	500	500	500	0.5
9631	東急レクリ	609	609	608	608	4
9632	スバル興業	355	355	347	347	7
9633	東テアトル	114	115	113	113	77
9634	修学社	648	648	580	595	40
9636	きんえい	385	385	382	382	6
9637	オーエス	760	760	760	760	1
9639	三協フロンテ	790	793	780	793	11
9640	セゾン情報シ	1550	1550	1500	1500	3
9641	サコス	160	160	160	160	0.1
9644	タナベ経営	344	344	335	338	1.1
9645	ＤＣＳ	750	750	728	728	5.4
9646	タイトー	110000	114000	106000	108000	0.219
9648	ウエスコ	264	264	262	263	1.9
9649	明電エンジ	488	492	485	488	11.5
9650	テクモ	1205	1211	1180	1196	19
9651	日本プロセス	480	480	470	470	5
9652	日本医療事務	1850	1850	1760	1800	54
9653	ディジットブ	95	110	95	100	205
9654	コーエー	3870	3870	3800	3800	25.2
9658	ビジネスブレ	424	424	424	424	1
9660	ＣＲＣソリュ	1462	1470	1450	1470	8.6
9661	歌舞伎座	4100	4100	4100	4100	2
9664	御園座	1100	1250	1100	1250	6
9665	吉本興業	1085	1085	1085	1085	1
9667	ホリプロ	650	650	645	645	0.8
9669	オークネット	1248	1251	1239	1241	9.6
9671	よみランド	308	308	303	305	22
9672	東京都競馬	119	120	117	119	58
9674	花月園観光	136	136	136	136	1
9675	常磐興産	123	126	123	126	12
9676	松戸公産	555	555	555	555	3
9677	日本ジャンボ	700	710	700	710	2.5
9678	カナモト	484	485	475	475	12
9681	東京ドーム	315	322	312	312	319
9682	データ通信	3330	3330	3170	3180	23.3
9684	エニックス	2300	2310	2260	2260	49.1
9686	東洋テック	445	445	426	426	4
9687	国際システム	251	252	251	252	4
9689	グリーンハウ	1450	1450	1380	1380	10
9692	ＣＥＣ	1430	1430	1386	1398	13
9694	日立ソフト	4520	4540	4360	4360	219.1
9696	学育舎	386	386	386	386	4
9697	カプコン	3340	3340	3290	3330	322.9
9698	クレオ	458	458	442	442	4
9699	西尾レント	879	885	876	880	9.6
9700	ＳＲＬ	1251	1269	1200	1200	22.9
9701	東京會舘	175	180	175	180	6
9703	地トーカン	61	62	60	62	91
9704	東海観光	33	33	31	31	378
9706	日空港ビル	892	901	889	889	58
9707	メデカジャパ	515	515	500	505	10
9709	日コンピュ	366	370	366	370	4
9712	日本エムアイ	51	52	50	51	135
9715	トラコスモ	3000	3000	2865	2865	192.2
9717	ジャステック	3380	3390	3380	3390	1
9718	国際観光会館	220	225	220	225	13
9719	住商情報シ	4450	4450	4300	4340	109.2
9722	藤田観光	436	436	425	425	12
9724	新阪急ホテ	233	233	220	222	7
9726	近ツリスト	275	275	273	273	20
9727	東急観光	120	120	117	117	4
9728	日本管財	1902	1949	1902	1931	52.2
9730	ワオコーポ	292	292	284	284	2
9731	白洋舎	281	281	276	276	4
9732	東映化学工	197	197	197	197	1
9733	ナガセ	651	651	651	651	1
9734	精養軒	690	690	690	690	0.2
9735	セコム	6180	6190	5980	6020	511.5
9736	白青舎	194	195	194	195	4
9737	ＣＳＫ	4550	4550	4370	4380	228.8
9738	インテック	1040	1040	994	1020	73
9739	ＮＳＷ	1581	1630	1581	1600	85.8
9740	ＣＳＰ	666	666	660	662	4
9741	日立情報シ	4380	4380	4180	4210	75.4
9742	アイネス	909	909	880	880	41.3
9743	丹青社	407	407	407	407	1
9744	メイテック	4000	4040	3990	4000	60.9
9746	ＴＫＣ	1630	1660	1622	1635	17.2
9747	アサツーディ	2610	2630	2595	2600	26.2
9748	ＮＪＫ	391	394	387	387	7
9749	富士ソフト	4980	4980	4780	4810	109.3
9750	ＭＫＣスタ	1030	1030	994	1012	25.9
9751	ＴＩＳ	3360	3370	3180	3220	71
9752	ナムコ	2300	2330	2270	2275	159
9753	アイエックス	420	420	420	420	2
9755	応用地質	1090	1098	1060	1066	9.7
9756	アスクプラン	520	520	520	520	7
9757	船井総研	490	495	490	490	9
9759	日シスデベ	4840	4840	4650	4720	35.9
9760	進学会	445	445	445	445	4
9761	東海リース	118	122	118	122	87
9762	大和リース	293	293	286	286	55
9763	丸紅リース	90	92	89	89	25
9764	技研興業	125	125	121	121	5
9766	コナミ	2615	2670	2600	2650	496.6
9767	日建工学	222	224	221	221	5
9768	国土環境	595	606	595	606	2
9776	札幌臨床検査	355	355	340	340	5
9777	日本電子計算	1152	1171	1132	1132	8.5
9778	昴	471	473	471	473	4
9779	メフォス	1200	1200	1200	1200	6
9780	ハリマビステ	258	275	258	271	21
9781	石川島汎用機	460	460	460	460	1
9783	ベネッセ	2385	2395	2320	2350	24.7
9784	日本工業検査	1170	1170	1160	1160	0.2
9785	大新東	275	275	271	271	4
9786	キャッツ	2705	2710	2620	2690	19.1
9787	ジメンテ	418	418	405	405	5.3
9788	ナック	980	985	975	975	13.7
9792	ニチイ学館	7940	7990	7630	7630	72.7
9793	ダイセキ	2070	2070	2010	2025	4.8
9795	ステップ	905	905	905	905	1
9796	ダイテック	1120	1120	1070	1070	1.8
9797	大日コンサ	255	255	253	253	2.9
9799	旭情報サービ	911	911	910	910	4
9810	日鐵商事	80	82	80	82	4
9811	アスティス	350	350	325	330	5
9813	トッキ	2770	2780	2700	2720	2.8
9814	アシクス商	660	660	660	660	4
9815	カテナ	401	405	395	395	27
9816	バーテリンク	127	127	127	127	1
9822	なが多	30	33	30	33	1214
9824	泉州電業	475	475	462	462	2
9825	アズウェル	433	440	409	415	20.1
9826	ＪＥＵＧＩ	137	137	137	137	1
9828	元気寿司	1306	1310	1300	1310	1.8
9830	トラス中山	1550	1550	1531	1538	11
9831	ヤマダ電機	10400	10400	10110	10190	71.4
9832	オートバク	3520	3520	3410	3460	2
9833	エルクコーポ	685	685	685	685	0.1
9836	リーバイスト	680	680	680	680	53
9837	モリト	500	500	500	500	1
9839	ゲッツブラザ	616	616	610	610	10
9840	ホーマック	1075	1077	1044	1057	35.8
9841	ユーズビーエ	259	259	245	245	90
9842	アークランド	1550	1590	1550	1550	30.5
9843	ニトリ	4710	4710	4650	4710	2.4
9844	ユーエスシー	1300	1300	1270	1290	69.1
9845	パーカーコー	230	230	230	230	2
9847	東京電音	300	300	300	300	3
9848	トヨタカロー	1030	1030	1030	1030	1
9850	グルメ杵屋	883	883	876	876	5
9852	中央物産	210	210	210	210	13
9854	愛眼	680	697	670	689	22.4
9855	くろがねや	335	350	335	344	24
9856	ケーユー	830	830	830	830	0.1
9857	英和	330	330	330	330	1.5
9858	明光商会	809	809	795	805	6.6
9859	ユーストア	900	900	900	900	1.5
9861	吉野家ディー	223000	224000	222000	223000	0.607
9862	メモレックス	150	150	150	150	3
9865	日商エレク	2030	2030	1891	1900	19.4
9867	ソレキア	225	225	225	225	2
9869	加藤産業	560	560	560	560	1
9870	ハナテン	1710	1710	1710	1710	0.3
9871	イトーキ	210	210	208	208	16
9873	日ケンタキ	2720	2740	2700	2725	15
9875	マツモトキヨシ	5870	5870	5690	5720	85
9878	セキド	251	251	251	251	2
9879	フタタ	128	128	128	128	1
9880	イノテック	755	775	733	733	23.1
9882	イエロハト	865	865	851	856	14.6
9883	富士エレクト	794	800	794	798	5
9884	都築電産	400	400	400	400	1.1
9885	シャルレ	711	715	701	701	9
9887	松屋フーズ	2530	2590	2510	2515	9.2
9889	ＪＢＣＣ	1295	1307	1289	1296	36.9
9892	卑弥呼	920	920	901	910	28
9893	ホムワイド	400	400	400	400	2
9894	アトル	510	510	510	510	4
9895	コンセック	169	169	165	169	3
9896	ジャパン建材	510	515	510	515	1.6
9897	ユニダックス	430	433	421	421	37
9898	ジャパンオー	28	29	27	28	1249
9900	サガミチェ	995	995	990	990	15
9901	宮	692	692	692	692	1
9903	カンセキ	140	140	140	140	4
9905	コージツ	46	46	45	46	24
9906	藤井産業	545	545	540	542	5
9908	日本電計	410	410	410	410	2
9909	愛光電気	235	235	235	235	2
9912	ダイワボ情	1005	1027	985	985	36
9913	日邦産業	270	270	260	265	10
9916	バイタルネッ	730	730	701	702	46.5
9917	マツモト電器	160	160	160	160	2
9919	関西スーパ	638	641	638	640	8
9922	日立機材	341	341	341	341	0.5
9924	ドミー	489	489	489	489	4
9925	北の家族	2	2	1	1	80
9927	ワットマン	140	140	139	139	5
9928	ミロク情サ	500	500	500	500	0.5
9930	北沢産業	173	176	173	175	9
9934	因幡電機産	1494	1494	1443	1468	22.1
9936	王将フード	904	904	904	904	1
9937	セシール	1310	1310	1250	1252	6.4
9938	住金物産	70	70	67	67	118
9941	太洋物産	210	210	210	210	2
9942	ジョイフル	1384	1384	1384	1384	1
9943	ココスジャパ	1420	1430	1400	1410	45.9
9944	インパクト	1400	1415	1367	1415	9.3
9945	プレナス	5000	5030	4990	5000	40.3
9946	ミニストプ	1870	1870	1800	1805	41.8
9947	シムリー	733	735	733	734	4.4
9948	ラルズ	960	967	900	900	18
9950	ハチバン	540	540	531	540	4
9951	カーマ	595	599	594	599	13.6
9952	ドトールコー	6400	6400	6110	6200	12.7
9953	ダイキ	1211	1220	1162	1191	6.6
9955	ヨンキュウ	1790	1800	1790	1790	5.7
9956	バロー	1750	1750	1700	1700	2.7
9957	バイテック	1031	1043	1031	1043	0.2
9958	サリ	380	388	365	370	49
9959	アシード	535	535	535	535	1.2
9960	東テク	445	445	419	430	22
9961	日商リース	149	149	139	148	24
9962	ミスミ	4510	4520	4420	4460	26.4
9966	藤久	4190	4200	4010	4030	18.2
9967	堺商事	200	200	200	200	3
9968	イチヤ	52	52	50	51	433
9969	ショクブン	800	805	800	805	3
9970	東洋オフィス	430	430	430	430	2
9971	カウボーイ	460	470	460	470	15
9972	アルテック	624	624	602	605	3.1
9973	小僧寿し本部	1200	1220	1200	1220	13.5
9974	ベルク	1530	1530	1480	1480	0.5
9975	マルヤ	980	980	980	980	1
9976	セキチュー	520	520	520	520	1
9978	文教堂	740	740	740	740	0.3
9979	大庄	1056	1056	1033	1035	24.4
9980	マルコ	745	745	730	730	7.6
9982	タキヒヨー	455	460	455	460	4
9983	Ｆリテイリ	2785	2790	2735	2770	281.7
9984	ソフバンク	1750	1780	1702	1702	1373.4
9985	榮太郎	830	830	830	830	1
9987	スズケン	2900	2920	2780	2790	62.5
9989	サンドラグ	5470	5500	5430	5440	11.3
9990	東京デリカ	390	400	390	400	3
9991	川商ジェコ	305	305	291	294	5.1
9993	ヤマザワ	1300	1300	1300	1300	6
9994	やまや	542	555	542	545	1.2
9995	イーストンエ	385	385	380	380	8
9997	ベルーナ	5000	5040	4870	4870	21.6
