20010412
1001	日経２２５	13205	13452	13126	13352	85.627
1002	ＴＯＰＩＸ	1294	1307	1288	1301	85.627
1301	極洋	153	155	150	151	239
1319	日経300F	265	265	260	265	230
1331	ニチロ	259	264	257	264	717
1332	日水	220	220	216	217	595
1333	マルハ	159	159	156	157	306
1351	宝幸水産	79	80	78	79	113
1352	ホウスイ	95	95	95	95	4
1376	カネコ種	0	0	0	0	0
1377	サカタタネ	1900	1930	1890	1890	24.3
1378	雪国まいたけ	591	591	585	585	4
1379	ホクト	4270	4280	4200	4200	3.5
1380	秋川牧園	600	600	600	600	1
1381	アクシーズ	604	604	604	604	2
1491	中外鉱	113	114	112	113	2817
1501	三井鉱山	110	112	109	112	1519
1503	住友炭	79	80	76	77	110
1515	日鉄鉱	293	294	285	288	149
1518	三井松島	218	224	216	222	506
1601	帝石	637	642	625	633	736
1603	アラビア石油	1057	1070	1039	1070	152.6
1661	ガス開	565	568	560	565	81
1701	昭和鉱	234	235	232	234	21
1702	共立マテリア	0	0	0	0	0
1730	麻生フォーム	354	354	333	345	29
1731	ペイント	4850000	5200000	4800000	5200000	0.172
1735	伊田テクノス	405	405	405	405	2
1736	オーテック	0	0	0	0	0
1737	三井エンジ	355	355	355	355	1
1738	ＮＩＴＴＯＨ	0	0	0	0	0
1739	ＳＥＥＤ	331000	331000	330000	330000	0.004
1740	極東工業	0	0	0	0	0
1741	ミサワサンイ	0	0	0	0	0
1742	セコムテクノ	3150	3180	3130	3160	10
1743	コーアツ工業	450	450	450	450	1
1744	キョーエイ	0	0	0	0	0
1745	ミサワホーム東海	0	0	0	0	0
1748	ミサワ北日	0	0	0	0	0
1750	カナック	0	0	0	0	0
1751	日立プラサ	0	0	0	0	0
1752	富士通シス	1040	1040	1040	1040	1
1753	土屋ツバイ	134000	134000	134000	134000	0.003
1754	東新住建	705	705	705	705	1
1755	JFE工建	351	351	351	351	4
1756	和興エンジ	0	0	0	0	0
1757	千年の杜	395	450	395	450	110
1758	太洋基礎	460	460	460	460	1
1759	ジオトップ	234	234	233	233	5
1762	高松建設	0	0	0	0	0
1763	北陸ミサワ	352	352	352	352	0.5
1764	工藤建設	243	243	243	243	1
1765	イビデンテック	275000	275000	275000	275000	0.001
1766	東建コーポ	1240	1240	1240	1240	2
1767	沖ウィン	422	422	412	412	2
1768	ソネック	270	270	270	270	2
1770	藤田エンジ	430	430	430	430	23
1772	東北エンタープライズ	214	214	214	214	1
1774	機動建	192	195	192	195	7
1775	富士電Ｅ＆Ｃ	0	0	0	0	0
1776	三井住建道路	115	115	112	112	24
1777	川崎設備	365	365	365	365	3
1778	古河総設	0	0	0	0	0
1779	松本建工	0	0	0	0	0
1780	ヤマウラ	336	336	335	335	2
1781	国土総合	375	375	375	375	1
1782	常磐開発	0	0	0	0	0
1783	南野建設	0	0	0	0	0
1784	サワコー	29	29	27	27	47.7
1785	ナナボシ	0	0	0	0	0
1786	オリ建	390	390	382	385	11.2
1787	ナカボテック	0	0	0	0	0
1788	三東工業	0	0	0	0	0
1789	山加電業	305	305	302	302	0.2
1790	平和奥田	341	341	341	341	1
1791	三井木材	109	109	107	107	51
1792	みらい建設Ｇ	203	203	202	202	10
1793	大本組	0	0	0	0	0
1795	マサル	360	360	350	350	4
1796	トヨタウッド	210	216	210	216	4.5
1797	藤木工務店	396	406	396	406	2
1798	守谷商会	0	0	0	0	0
1799	第一建設	0	0	0	0	0
1800	利塚地下技術	0	0	0	0	0
1801	大成建	260	265	257	264	2162
1802	大林組	555	560	545	560	1665
1803	清水建	503	514	490	500	2744
1804	佐藤工業	55	58	55	57	997
1805	飛島建	51	52	50	52	383
1806	ACリアル	40	41	39	39	733
1807	渡辺組	160	160	160	160	1
1808	長谷工	41	41	40	41	2392
1809	富士工	2	2	1	2	280
1810	松井建	315	315	308	309	26
1811	銭高組	250	250	249	249	2
1812	鹿島	370	378	368	375	3918
1813	不動建	132	133	131	132	56
1814	大末建	80	80	77	80	13
1815	鉄建	103	103	100	102	262
1816	安藤建	186	186	177	185	73
1817	勝村建	134	134	131	131	4
1818	日産建設	81	81	79	79	26
1819	太平工	140	140	138	139	28
1820	西松建	454	469	452	458	633
1821	三井住友建	76	79	76	78	332
1822	大豊建	156	157	156	157	25
1823	住友建設	76	77	75	77	161
1824	前田建	550	563	548	563	740
1825	環境建設	125	125	122	122	411
1826	佐田建	126	137	126	136	30
1827	ナカノフドー建	77	79	76	76	15
1828	田辺工業	0	0	0	0	0
1829	大和建設	58	58	58	58	1
1830	共栄冷機工業	0	0	0	0	0
1833	奥村組	480	490	480	481	506
1834	小田急建	238	238	238	238	3
1835	東鉄工	198	199	197	199	5
1836	大日本土木	148	150	143	145	125
1837	間組	46	48	46	47	370
1838	古久根建設	85	86	85	86	16
1839	真柄建	138	138	137	137	11
1840	土屋ホーム	276	276	276	276	2.6
1841	サンユ	390	392	390	390	8.1
1844	大盛工業	113	113	110	110	11
1845	森本組	113	116	113	116	11
1846	鈴縫工	0	0	0	0	0
1847	イチケン	128	129	124	124	44
1848	富士ＰＳ	426	426	426	426	1
1850	南海辰村建	0	0	0	0	0
1851	大木建設	198	199	198	199	2
1852	浅沼組	140	141	140	141	19
1853	森組	0	0	0	0	0
1854	新井組	104	105	103	105	25
1855	東急建設	67	67	66	66	162
1856	ジェイオー建設	109	109	108	108	5
1857	松村組	96	97	95	96	38
1858	井上工	185	194	185	187	105
1860	戸田建	594	595	578	595	333
1861	熊谷組	64	65	63	65	1291
1862	横河工事	347	350	347	347	2.1
1863	テトラ	216	218	215	218	11
1865	青木あすなろ建	150	150	149	149	13
1866	北野建	257	264	256	262	21
1867	植木組	177	187	177	182	12
1868	三井ホーム	415	415	414	414	16
1869	名工建	0	0	0	0	0
1870	矢作建	346	346	346	346	2
1871	ピーエス三菱	390	391	390	391	3.5
1872	アゼル	241	250	241	250	128
1873	東ハウス	330	330	329	330	33
1874	佐藤秀	0	0	0	0	0
1875	青木マリン	0	0	0	0	0
1877	川田建設	0	0	0	0	0
1878	大東建	2100	2105	2060	2095	134.2
1879	新日本建	215	215	215	215	14
1880	スルガコーポ	0	0	0	0	0
1881	ＮＩＰＰＯ	559	559	546	546	86
1882	東亜道	213	220	213	215	9
1883	前田道	537	538	530	531	48
1884	日道路	189	194	188	194	139
1885	東亜建	140	143	138	142	229
1886	青木建設	42	43	42	42	727
1888	若築建	102	114	101	114	1352
1889	佐伯建	133	134	131	131	12
1890	東洋建	75	76	74	75	63
1892	徳倉建	280	280	280	280	2
1893	五洋建	181	182	177	182	2367
1895	大成ロテック	166	168	166	168	41
1896	大林道	255	255	250	250	6
1897	金下建	491	492	491	491	9
1898	世紀東急	82	85	82	85	25
1899	福田組	288	288	280	280	46
1900	白石	274	274	274	274	2
1902	山崎建設	223	223	223	223	1
1904	大成温調	306	314	306	314	6
1905	テノックス	240	240	240	240	8
1906	細田工務	0	0	0	0	0
1907	東北ミサワ	555	555	550	550	1.5
1908	三平建設	405000	405000	405000	405000	0.004
1910	フドウ建研	98	98	95	95	4
1911	住友林	734	755	726	755	213
1912	ミサワセラミ	340	340	340	340	1
1913	旭ホームズ	0	0	0	0	0
1914	日基技	454	465	453	463	24.4
1915	東京ミサワホーム	0	0	0	0	0
1916	日成ビルド	225	228	214	219	107
1917	ニッセキハウス	86	87	85	86	508
1919	エスバイエル	260	260	257	257	75
1920	殖産住宅相互	71	73	71	72	469
1921	巴	184	185	182	183	20
1922	大成ユーレック	114	115	112	115	99
1923	ミサワホーム	313	314	307	310	87
1924	パナホーム	700	711	700	700	113
1925	大和ハウス	830	837	820	827	662
1926	ライト	415	415	411	411	20.1
1927	中 部	0	0	0	0	0
1928	積ハウス	968	976	961	976	1734
1929	日特建	174	176	173	174	10
1930	北陸電工	307	307	307	307	1
1931	日本電通	0	0	0	0	0
1932	コミュチュア	473	476	473	476	2
1933	西シス建	0	0	0	0	0
1934	ユアテック	372	372	362	370	24
1935	ＴＴＫ	230	230	224	226	7
1936	シーキューブ	260	268	255	268	3
1937	西部電工	285	285	280	285	11
1938	千歳電	225	225	223	224	5
1939	四電工	390	390	388	388	7
1940	つうけん	215	217	215	217	2
1941	中電工	1577	1590	1550	1552	58
1942	関電工	550	555	545	548	206
1943	大明	760	763	751	760	39
1944	きんでん	646	647	628	630	88
1945	東京エネシス	364	364	360	360	9
1946	トーエネク	425	425	422	422	7
1947	日本コムシス	1993	2025	1962	1990	198
1948	弘電社	350	350	350	350	6
1949	住友電設	501	501	485	488	6.2
1950	電設工	349	355	348	348	12
1951	協エクシオ	1175	1185	1130	1166	145
1952	新日空調	370	370	355	369	12
1953	国際電設	0	0	0	0	0
1954	日工営	242	242	237	238	45
1955	東電通	318	319	317	319	52
1956	日電設	357	370	357	370	13
1957	保安工	0	0	0	0	0
1958	三和エレック	253	259	253	259	27
1959	九電工	353	356	353	353	21
1960	サンテック	360	360	360	360	1
1961	三機工	570	600	568	596	224
1962	エルゴテック	85	85	85	85	1
1963	日揮	1006	1020	997	1010	1215
1964	中外炉	319	320	315	316	13
1965	テクノ菱和	500	507	500	507	0.9
1966	高田工	0	0	0	0	0
1967	ヤマト	354	354	337	352	12
1968	太平電	287	290	283	288	9
1969	高砂熱	655	665	654	654	24
1970	日立プラ	289	291	286	287	43
1971	ビルト工	107	108	106	106	14
1972	三晃金	122	123	118	123	27
1973	ＮＥＣシス建	2315	2365	2275	2305	40.2
1974	宮地建設工業	209	210	209	210	3
1975	朝日工	270	275	270	270	23
1976	明星工	219	219	210	211	75
1977	ジェイコス	450	450	450	450	1
1978	アタカ	290	290	282	285	19
1979	大気社	780	792	780	790	20
1980	ダイダン	440	440	440	440	8
1981	協和日成	0	0	0	0	0
1982	日比谷設	545	550	545	548	28
1983	東芝プラ	254	260	254	260	11
1984	三信建	0	0	0	0	0
1985	大和電設	0	0	0	0	0
1986	日商インター	382	385	380	385	6.7
1987	ソルコム	0	0	0	0	0
1988	シボンド建	1530	1533	1520	1531	25.3
1989	北陸電話	0	0	0	0	0
1990	東邦建	0	0	0	0	0
1991	都築通技	0	0	0	0	0
1992	神田通機	0	0	0	0	0
1993	ニッタン	196	196	196	196	3
1994	高橋ウォール	315	315	315	315	1
1995	鈴木工務店	0	0	0	0	0
1996	三菱建設	173	173	173	173	1
1997	暁飯島工業	0	0	0	0	0
1998	日本土建	0	0	0	0	0
2001	日本粉	294	309	293	306	986
2002	日清粉	982	996	975	993	355
2003	日東粉	224	225	220	223	16
2004	昭和産	202	203	201	203	64
2006	東福粉	81	81	81	81	1
2007	富士粉	0	0	0	0	0
2008	増田粉	190	190	190	190	1
2009	鳥越粉	361	380	361	372	26
2051	農産工	236	236	230	231	987
2052	協同飼	123	124	122	123	55
2053	中部飼	517	520	517	517	7
2055	日和産	221	222	221	222	2
2056	日配飼	147	151	147	149	172
2057	雪印種	490	490	490	490	4
2102	台糖	256	259	255	258	51
2107	東洋糖	158	164	156	160	622
2108	甜菜糖	167	169	166	168	295
2109	三井糖	226	226	220	220	15
2111	フジ製糖	202	202	202	202	5
2112	塩水糖	280	280	275	280	5
2113	新光糖	0	0	0	0	0
2114	フジ日本精糖	360	360	360	360	5
2116	日新糖	151	153	148	150	54
2201	森永	246	246	241	241	309
2202	明菓	639	660	634	655	748
2204	中村屋	287	294	287	294	40
2205	駿河屋	70	70	70	70	2
2206	グリコ	720	748	718	743	972
2207	名糖産	1472	1472	1455	1455	17
2208	ブルボン	707	707	707	707	17
2209	井村屋	0	0	0	0	0
2211	不二家	232	232	228	230	94
2212	山パン	850	859	848	851	97
2215	一パン	275	275	265	270	82
2216	カンロ	270	270	270	270	1
2217	モロゾフ	219	220	215	215	7
2219	タカラブネ	152	160	152	155	749
2220	亀田製菓	510	510	500	500	3
2221	岩塚製菓	0	0	0	0	0
2222	寿製菓	410	410	410	410	1
2224	コモ	1460	1460	1460	1460	1
2261	明乳	512	519	509	511	755
2262	雪印	401	402	398	399	346
2264	森永乳	281	283	280	282	178
2266	六甲バタ	0	0	0	0	0
2267	ヤクルト	1480	1490	1451	1460	320
2268	サーティワン	0	0	0	0	0
2281	プリマ	123	124	121	122	98
2282	日ハム	1320	1338	1320	1336	372
2284	伊藤ハ	376	381	375	377	377
2286	林兼	151	153	150	152	86
2287	雪印食品	191	191	191	191	4
2288	丸大食	166	169	165	169	119
2289	相模ハム	0	0	0	0	0
2290	米久	1100	1116	1100	1113	21.5
2291	福留ハ	0	0	0	0	0
2292	ＳＦＯＯＤＳ	767	769	766	769	7
2293	滝沢ハム	0	0	0	0	0
2294	柿安本店	0	0	0	0	0
2501	サッポロＨＤ	360	365	357	362	893
2502	アサヒ	1243	1250	1230	1247	1250
2503	キリン	1112	1135	1112	1126	935
2531	宝ＨＤ	1690	1701	1670	1677	708
2533	オエノンＨＤ	300	304	300	304	251
2536	メルシャン	310	327	310	325	1525
2538	マルキン忠勇	242	242	226	230	231
2540	養命酒	775	775	765	765	12
2571	中京コカ	990	990	981	981	9
2572	三国コカ	1289	1290	1283	1289	21
2573	北海コカ	850	850	850	850	4
2575	三笠コカ	719	720	713	718	14.2
2576	近畿コカ	1150	1158	1144	1144	15
2577	富士コカ	1014	1034	1006	1007	6
2578	四国コカ	1000	1000	997	1000	14.7
2579	コカウエスト	2565	2590	2540	2550	73.1
2591	カルピス	560	562	557	560	75
2592	ポッカ	415	420	415	419	9
2593	伊藤園	7610	7860	7550	7690	30.3
2594	キーコーヒー	1396	1399	1369	1370	2.8
2595	キリンビバ	2680	2705	2665	2700	116
2596	キューサイ	1400	1400	1380	1380	36.1
2597	ユニカフェ	1480	1490	1468	1480	4.5
2598	アサヒ飲料	823	824	817	817	19.5
2599	ジャパンＦ	0	0	0	0	0
2601	ホーネンコーポ	198	200	198	200	181
2602	日清オイリオ	341	353	336	351	587
2604	吉原製油	289	289	288	288	19
2607	不二油	914	914	886	890	237
2608	ボーソー	0	0	0	0	0
2611	摂津油	310	310	310	310	2
2612	かどや製油	780	785	780	785	1
2650	橘テクトロン	770	775	770	775	5
2651	ローソン	4120	4130	4000	4030	111.2
2652	まんだらけ	224000	224000	221000	221000	0.002
2653	イオン九州	1670	1670	1670	1670	1
2654	シンワ	0	0	0	0	0
2655	マックス東北	0	0	0	0	0
2656	ベクター	0	0	0	0	0
2657	インタニクス	1620	1660	1620	1650	10
2658	ウライ	0	0	0	0	0
2659	サンエー	1330	1330	1320	1320	2
2660	キリン堂	597	599	596	596	13
2661	キンレイ	685	700	680	690	16
2662	ダイユエイト	0	0	0	0	0
2663	伊藤伊	510	511	510	511	2
2664	カワチ薬品	7300	7300	7300	7300	1.2
2665	ネクストコム	7230000	7230000	7090000	7090000	0.003
2666	オートウェブ	950	950	950	950	1
2667	イメージワン	570000	570000	570000	570000	0.003
2668	ダン	1300	1300	1300	1300	1
2669	カネ美食品	3050	3100	3050	3100	2
2670	ＡＢＣマート	3250	3300	3250	3300	58
2671	エフディシィ	550	552	550	552	17
2672	アクティ２１	0	0	0	0	0
2673	ステイラー	505	505	505	505	1
2674	ハードオフ	1580	1580	1560	1570	10
2675	ダイナック	520	520	518	518	3
2676	高千穂交易	1300	1360	1300	1360	30
2678	アスクル	4510	4510	4510	4510	2
2680	日本オプティ	735	735	735	735	2
2681	ゲオ	419000	419000	398000	400000	0.029
2682	ジューテック	0	0	0	0	0
2683	魚喜	1200	1200	1200	1200	0.5
2684	プライム	4650000	4650000	4500000	4550000	0.029
2685	ポイント	575	575	570	575	7
2686	ツルヤ靴店	700	700	680	700	5
2687	ＣＶＳベイ	780	780	770	770	3
2688	レックスＨＤ	2590000	2670000	2350000	2350000	0.045
2689	カワニシ	720	720	720	720	1
2690	ソフマップ	2200	2200	2140	2150	14
2691	サンビック	545	545	520	520	19
2692	伊藤忠食品	5750	5760	5550	5670	117.3
2693	ＹＫＴ	415	415	410	410	13
2801	キッコマン	797	814	790	808	397
2802	味の素	1239	1240	1215	1228	1855
2804	ブルドック	616	620	616	620	5
2805	エスビー	0	0	0	0	0
2806	ユタカフーズ	0	0	0	0	0
2808	サンビシ	0	0	0	0	0
2809	キユーピー	1062	1085	1055	1076	190
2810	ハウス食品	1395	1400	1376	1381	70
2811	カゴメ	932	940	932	940	14
2812	焼津水化	1760	1769	1700	1700	49
2813	和弘食品	110	111	109	110	10
2814	佐藤食品	750	750	750	750	1
2815	アリアケ	7000	7000	6850	6850	0.7
2816	ダイショー	0	0	0	0	0
2817	ギャバン	580	580	580	580	1
2830	アヲハタ	0	0	0	0	0
2831	はごろも	1031	1031	1021	1021	3
2871	ニチレイ	490	506	485	500	691
2872	セイヒョー	0	0	0	0	0
2873	加ト吉	2850	2880	2850	2860	88.1
2874	ヨコレイ	650	650	638	650	19
2875	東洋水	1020	1050	1010	1030	621
2876	ＪＣコムサ	250	255	250	255	3
2877	日東ベスト	0	0	0	0	0
2878	赤城水産	380	385	375	378	6
2879	ニチロサンフズ	0	0	0	0	0
2891	酵母工	581	595	581	595	37
2892	日食品	0	0	0	0	0
2893	ローマイヤ	105	105	105	105	1
2894	石井食	0	0	0	0	0
2897	日清食	2820	2820	2745	2755	90.1
2898	ソントン	890	890	890	890	2
2899	永谷園	781	781	781	781	4
2900	明星食	228	228	227	227	8
2901	石垣食	0	0	0	0	0
2902	太陽化	625	625	625	625	4
2903	シノブフズ	0	0	0	0	0
2904	一正蒲鉾	0	0	0	0	0
2905	オーケー食	0	0	0	0	0
2906	ホッコク	0	0	0	0	0
2907	あじかん	580	599	580	599	2.5
2908	フジッコ	1379	1396	1379	1396	4
2909	トオカツフズ	0	0	0	0	0
2910	Ｒフィールド	4300	4370	4280	4300	5.5
2911	旭松食品	0	0	0	0	0
2912	鐘崎	240	250	240	250	3
2913	フジフーズ	197	200	197	200	5
2914	ＪＴ	823000	830000	815000	830000	0.652
2915	ケンコーマヨ	505	505	505	505	1
2916	仙波糖化	0	0	0	0	0
2917	大森屋	705	705	705	705	1
2918	わらべ日洋	902	902	901	901	2
2920	ケイビー	390	390	360	360	74
2921	フクシマフズ	0	0	0	0	0
2922	なとり	950	950	940	940	3
2923	サトウ食品	1180	1180	1130	1170	167
3001	片倉	1041	1099	1041	1067	180
3002	グンゼ	484	489	481	487	995
3003	昭栄	1240	1240	1240	1240	2
3004	神栄	178	181	178	179	18
3007	神戸生絲	71	74	71	72	74
3009	川島織	144	150	144	146	128
3010	上毛	625	625	572	580	284
3011	バナーズ	100	100	95	95	7
3101	東洋紡	277	285	276	280	3436
3102	カネボウ	329	334	328	330	483
3103	ユニチカ	93	93	91	91	996
3104	富士紡Ｈ	63	66	62	65	697
3105	日清紡	622	630	610	622	673
3106	クラボウ	202	220	201	219	3073
3107	ダイワボウ	103	104	101	102	60
3109	シキボウ	82	83	81	82	253
3110	日東紡	173	175	168	175	1733
3111	オーミケン	90	90	85	85	37
3113	ＢＳＬ	134	138	129	130	560
3114	同興紡	124	125	124	125	7
3115	テザック	53	53	52	53	180
3116	トヨタ紡織	663	670	662	662	20
3117	興和紡	0	0	0	0	0
3121	アセットイン	56	56	55	56	12
3123	サイボー	610	610	610	610	1
3125	内外綿	0	0	0	0	0
3128	テラボウ	70	70	70	70	7
3129	ファブリカＴ	119	119	119	119	3
3201	日毛	470	474	465	465	24
3202	大東紡	87	89	87	87	24
3203	東亜紡織	80	80	76	77	43
3205	ダイドー	340	343	340	341	55
3206	南海毛糸紡績	87	93	86	86	43
3207	中央毛	164	164	164	164	5
3209	カネヨウ	0	0	0	0	0
3211	太陽毛絲紡	78	78	78	78	3
3216	御幸ＨＤ	405	425	405	425	18
3302	帝繊維	195	195	190	190	10
3304	トスコ	77	77	77	77	6
3306	日本麻	59	65	59	62	31
3401	帝人	625	650	625	640	5379
3402	東レ	504	513	501	504	2878
3403	東邦テナ	136	138	134	137	312
3404	三菱レ	375	381	374	375	1819
3405	クラレ	822	841	811	834	1161
3407	旭化成	590	601	588	598	3860
3408	サカイオーベ	89	90	89	90	59
3409	北日紡	0	0	0	0	0
3411	オートリ	127	128	127	128	18
3420	ケーエフシー	1040	1040	1040	1040	1
3421	稲葉製作	1720	1720	1700	1700	0.7
3422	丸順	0	0	0	0	0
3423	エスイー	0	0	0	0	0
3424	ミヤコ	455	465	450	455	10
3425	本郷	660	660	650	650	22
3426	アトムリビン	420	420	420	420	4
3428	サンポット	325	326	322	322	5
3501	住江織	193	193	190	190	35
3503	東和織	0	0	0	0	0
3512	フエルト	386	386	380	384	10
3513	イチカワ	275	281	275	281	8
3514	バイリーン	251	255	251	252	92
3515	フジコー	470	480	470	470	4
3521	エコナック	131	140	126	133	1511
3524	日東網	79	85	79	85	18
3526	芦森工	200	202	199	201	48
3528	グローベルス	176	178	174	174	83
3529	アツギ	111	111	107	107	813
3532	堀田産	67	69	66	66	11
3533	ダイオ化成	0	0	0	0	0
3534	ＮＢＣ	1180	1200	1160	1200	22
3551	ダイニック	176	176	173	174	27
3552	洋クロス	230	230	230	230	8
3553	共和レ	495	495	491	491	3
3569	セーレン	360	365	352	365	97
3570	オリカキャピ	314	329	292	300	372
3571	ソトー	497	500	482	482	7
3572	大同マルタ	50	50	50	50	1
3576	カンボウ	0	0	0	0	0
3577	東海染	106	106	104	104	13
3578	倉庫精	85	85	85	85	3
3580	小松精	0	0	0	0	0
3581	岐セン	68	69	67	69	11
3583	オーベクス	0	0	0	0	0
3584	福助	135	135	130	132	12
3585	トムスエンタ	276	285	276	280	90
3587	ＩＢダイワ	53	53	51	53	270
3588	丸山工	0	0	0	0	0
3591	ワコール	1170	1230	1167	1212	1247
3592	ＣＨＯＹＡ	0	0	0	0	0
3593	ホギメデ	5840	6100	5840	5930	21.3
3594	モリシタ	0	0	0	0	0
3595	ヤギコーポ	0	0	0	0	0
3596	ワールド	3900	3900	3770	3810	39.4
3597	自重堂	0	0	0	0	0
3598	山喜	0	0	0	0	0
3599	コーコス	0	0	0	0	0
3600	フジックス	0	0	0	0	0
3601	ニチメンイン	1199	1225	1190	1195	1.9
3602	イタリヤード	100	100	99	99	19
3603	チャッコット	0	0	0	0	0
3706	東海パ	419	434	419	421	7
3861	王子紙	518	523	516	520	2784
3864	三菱紙	216	228	216	228	2631
3865	北越紙	648	659	636	651	626
3868	高崎三興	97	97	93	93	64
3869	日本板紙	192	193	191	192	32
3870	日本加工製紙	74	74	71	72	90
3872	三島紙	150	150	142	142	3
3877	中越パ	252	257	250	257	31
3878	巴川紙	393	393	388	388	5
3880	大王紙	996	1010	970	1000	55
3881	特種紙	430	443	430	443	80
3882	紀州紙	170	173	169	169	24
3886	チューエツ	82	87	82	86	20
3887	中央板紙	106	110	106	108	40
3889	大平製紙	0	0	0	0	0
3890	ゼネＫＫ	380	380	380	380	9
3891	高度紙	1100	1100	1100	1100	1
3892	岡山製紙	0	0	0	0	0
3893	日本製紙Ｇ本社	631000	645000	630000	640000	1.851
3941	レンゴー	392	396	389	391	618
3944	古林紙	0	0	0	0	0
3945	スパバッグ	194	194	194	194	3
3946	トーモク	214	215	209	210	148
3947	ダイナパック	0	0	0	0	0
3948	光ビジネス	480	480	480	480	1
3949	日本ハイパック	249	250	249	250	12
3950	ザ・パック	785	785	785	785	3
3951	朝日印刷	0	0	0	0	0
3952	中央紙器	0	0	0	0	0
3953	大村紙業	0	0	0	0	0
3954	昭和パックス	0	0	0	0	0
3955	イムラ封筒	647	647	647	647	1
3971	東セロ	260	260	258	258	3
4003	コープケミ	98	99	97	97	18
4004	昭電工	269	273	268	270	7333
4005	住友化学	630	638	624	632	2773
4007	日化成	183	184	180	181	52
4008	住友精化	255	270	252	266	70
4010	三菱化学	365	371	364	367	2750
4021	日産化	801	824	795	808	353
4022	ラサ工	270	270	266	267	83
4023	呉羽化	360	366	354	365	3669
4025	多木化	385	385	382	382	2
4026	神島化	350	350	350	350	1
4027	テイカ	292	292	284	288	58
4028	石原産	280	282	276	279	2264
4031	チッカリン	363	363	361	361	4
4032	日東バイオン	215	218	211	218	27
4033	日東エフシー	401	401	400	400	2
4041	日曹達	361	363	355	361	488
4042	東ソー	335	338	329	336	1362
4043	トクヤマ	510	531	510	527	745
4044	セ硝子	621	640	611	620	2752
4045	東合成	239	241	236	236	794
4046	ダイソー	207	209	205	206	23
4047	関電化	0	0	0	0	0
4050	鶴見曹達	410	412	410	410	17
4061	電化	423	428	417	424	986
4062	イビデン	1625	1640	1610	1621	299
4063	信越化	4510	4680	4510	4670	1227
4064	カーバイド	156	158	155	157	244
4065	紀文フ	358	358	355	356	17
4077	富士チタン工業	510	510	510	510	5
4078	堺化学	635	650	635	645	70
4079	ハクスイテック	650	650	650	650	1
4080	田中化研	1350	1350	1220	1240	55
4086	日本エア・リキード	558	559	535	541	20
4088	エアウォータ	492	497	490	495	445
4089	大阪酸素工業	307	309	307	307	677
4091	大陽日酸	509	515	502	508	507
4092	日本化	369	377	365	366	704
4093	アセチレン	95	95	94	94	14
4094	日化産	306	307	305	307	4
4095	パーカライ	366	368	361	368	20
4096	昭炭酸	298	300	295	295	8
4097	高圧ガス	364	364	360	360	39
4098	チタン	177	179	177	179	5
4099	四国化	425	425	420	420	17
4100	戸田工	515	515	502	503	57
4101	日興酸素	0	0	0	0	0
4102	丸尾カル	220	220	218	218	3
4103	大陽東洋酸素	250	263	250	259	638
4104	タテホ	235	237	230	230	15
4105	メルテックス	885	885	885	885	2
4106	ケムキャット	1190	1190	1160	1160	3
4107	伊勢化	451	451	431	431	16
4109	ステラケミ	3850	3870	3820	3860	12.4
4112	保土谷	209	210	202	206	91
4113	田岡化	343	379	340	370	83
4114	日触媒	484	489	483	487	199
4115	本州化	633	642	633	642	4
4116	大日精	362	365	355	355	21
4117	川崎化	112	113	111	113	37
4118	カネカ	1041	1050	1012	1028	903
4119	ピグメント	265	270	265	270	8
4120	スガイ	257	257	256	256	3
4123	山化成	0	0	0	0	0
4151	協発酵	820	833	805	829	811
4182	菱ガス化	385	392	382	382	2503
4183	三井化学	590	596	585	592	1868
4185	ＪＳＲ	725	735	724	730	198
4186	東応化	1877	1925	1867	1886	50.1
4187	大有機	505	511	501	511	6
4201	日合成	180	180	176	179	337
4202	ダイセル	386	392	383	389	603
4203	住友ベ	1031	1050	1005	1035	546
4204	積水化	367	374	367	373	677
4205	ゼオン	562	562	554	557	570
4206	アイカ	693	695	675	684	222
4208	宇部興	263	272	260	268	2926
4209	フドー	100	101	100	101	13
4210	東洋化学	395	399	390	394	37
4212	積水樹	374	381	369	379	113
4213	菱樹脂	243	247	240	244	497
4214	高分子	366	366	362	362	61
4215	タキロン	347	347	339	340	54
4216	旭有機	338	339	332	335	48
4217	日立化	2190	2200	2100	2100	198.5
4218	ニチバン	345	346	343	345	9
4219	プラス・テク	92	92	87	87	3
4220	リケンテクノ	323	324	322	323	26
4221	大倉工	362	370	362	362	16
4222	児玉化	73	73	72	73	15
4224	ロンシール	80	83	80	82	36
4225	筒中	317	317	313	313	9
4226	テスコ	0	0	0	0	0
4227	郡是高分子	0	0	0	0	0
4228	積化成	220	236	220	234	712
4229	群栄化	239	239	230	235	311
4231	タイガポリ	571	571	571	571	1
4232	東芝ケミカル	285	286	281	281	13
4233	ワコー	0	0	0	0	0
4234	サンエー化研	730	800	730	800	2
4271	カーリット	790	795	790	795	8
4272	日化薬	626	640	618	635	272
4274	細火工	182	190	182	184	8
4361	川口化	0	0	0	0	0
4362	日精化	448	448	440	447	4
4363	新日鐵化学	294	297	286	290	199
4364	マナック	0	0	0	0	0
4365	松本油脂	1850	1850	1850	1850	1
4366	ダイトーケミ	610	610	610	610	1
4367	広栄化学	0	0	0	0	0
4401	旭電化	816	819	803	811	79
4403	日油脂	270	271	267	271	269
4404	ミヨシ	240	242	238	238	102
4406	日理化	576	576	576	576	14
4409	東邦化	237	237	237	237	24
4410	ハリマ化成	428	428	418	425	14
4452	花王	3030	3080	3000	3050	1417
4461	一工薬	319	335	313	330	412
4462	石原薬品	862	862	862	862	1
4463	日華化学	400	400	385	385	3
4471	三洋化	850	859	850	856	102
4501	三共	2695	2725	2650	2715	1364
4502	武田	6000	6010	5910	5950	1265
4503	アステラス薬	4390	4460	4340	4390	733
4505	第一製薬	2710	2745	2685	2735	571
4506	大日薬	1720	1750	1702	1703	516
4507	塩野義	2060	2125	2050	2095	507
4508	田辺薬	1000	1018	956	989	1433
4509	三菱ウェルファーマ	1070	1078	1064	1078	429
4511	藤沢薬品	2765	2780	2735	2750	598
4512	わかもと	457	459	445	458	41
4514	帝臓器	821	840	821	839	28
4515	萬有製薬	2320	2365	2315	2345	288
4516	日新薬	820	824	807	816	282
4517	ビオフェル	905	905	905	905	0.5
4518	富山化	515	515	504	507	420
4519	中外薬	1950	1959	1906	1940	1050
4520	和光堂	3000	3000	3000	3000	0.2
4521	科研薬	1060	1096	1030	1070	1900
4523	エーザイ	3060	3120	3030	3050	819
4524	仁丹	2180	2180	2100	2175	66
4526	理ビタ	1512	1520	1512	1515	4
4527	ロート	1182	1219	1182	1194	32
4528	小野薬	4370	4370	4260	4310	67
4529	日研化	400	404	397	404	57
4530	久光薬	2060	2100	2010	2030	318
4531	有機薬	475	490	465	480	76
4534	持田薬	1281	1292	1252	1273	728
4535	大正薬	2615	2630	2545	2570	262
4536	参天薬	2070	2070	2050	2060	134
4537	エスエス	1100	1100	1070	1070	18
4538	扶桑薬	605	610	595	599	45
4539	ケミファ	290	300	290	294	124
4540	ツムラ	405	405	402	404	17
4541	日医工	240	240	232	236	29
4542	三笠薬	420	425	420	420	4
4543	テルモ	2080	2120	2055	2100	484.1
4544	みらかＨＤ	1152	1155	1111	1145	150
4545	国際試薬	550	550	533	536	18
4546	北陸製薬	2865	2880	2820	2880	99
4547	キッセイ	2490	2490	2390	2395	32
4548	生化学	1150	1150	1120	1140	37
4549	栄研化	1970	2060	1940	2030	377
4550	日水薬	620	620	610	610	3
4551	鳥居薬	2350	2360	2305	2315	4.3
4552	日本ケミカル	707	708	700	705	41
4553	東和薬品	1080	1080	1080	1080	1
4554	富士製薬	505	505	490	490	5
4555	沢井製薬	1340	1390	1300	1390	20
4556	カイノス	940	950	930	930	15
4557	医学生物	1820	1830	1780	1800	94
4558	中京医薬	818	818	781	781	1
4559	ゼリア新薬	1080	1080	1060	1070	5
4560	キョーリン薬	4560	4570	4380	4470	83
4561	デンカ生研	0	0	0	0	0
4611	大日塗	178	190	175	187	270
4612	日本ペ	452	453	447	452	588
4613	関西ペ	370	379	366	376	201
4614	トウペ	142	144	140	144	13
4615	神東塗	143	146	139	146	22
4616	川上塗	0	0	0	0	0
4617	中国塗	230	289	230	269	2201
4619	日特塗	280	280	276	278	13
4620	藤倉化	524	524	519	524	141
4621	ロック	0	0	0	0	0
4622	ユニペイン	0	0	0	0	0
4623	アサヒペン	226	230	226	230	9
4624	イサム	0	0	0	0	0
4625	アトミクス	320	335	320	330	23
4626	太陽インキ	5160	5190	5100	5100	4.2
4627	ナトコ	655	655	640	640	21
4628	エスケー化研	0	0	0	0	0
4629	大伸化学	349	350	340	340	9
4631	インキ	349	349	344	348	892
4633	サカタＩＮＸ	297	297	290	292	19
4634	洋インキ	405	406	394	399	1595
4635	東インキ	0	0	0	0	0
4636	Ｔ＆Ｋ	2100	2100	2100	2100	0.6
4640	アンドール	235	240	235	240	11
4641	アルプス技	1390	1390	1390	1390	1
4642	オリジナル設	0	0	0	0	0
4643	コナミスポ	6160	6390	6160	6300	8.5
4644	イマジニア	775	790	760	760	6.4
4645	市進	0	0	0	0	0
4646	ジャスフォート	790	790	788	788	0.2
4649	大成	0	0	0	0	0
4650	スガイエンタ	0	0	0	0	0
4651	サニックス	4850	4900	4800	4900	44.6
4652	ウッドランド	1210	1230	1170	1230	31.3
4653	ダイオーズ	0	0	0	0	0
4654	ニチゾウテク	0	0	0	0	0
4655	ＮＯＶＡ	615	615	610	615	4
4656	サン・ライフ	2910	2920	2910	2920	0.3
4657	環境管理	795	795	795	795	1
4658	日本空調	0	0	0	0	0
4659	エイジス	1050	1050	1050	1050	1
4660	ニッポン放送	4620	4620	4600	4610	13
4661	ＯＬＣ	8010	8400	8010	8400	202.4
4662	フォーカス	2500	2600	2500	2590	196.9
4663	ＡＴＬ	390000	400000	390000	400000	0.002
4664	ＲＳＣ	0	0	0	0	0
4666	パーク２４	7720	7820	7720	7800	9.9
4667	アイサンテク	127	127	127	127	1
4668	明光ネット	351	370	351	370	4
4669	ニッパンＲ	0	0	0	0	0
4670	セタ	528	545	528	545	7
4671	ファルコバ	1529	1550	1503	1520	15
4672	ベルックス	0	0	0	0	0
4673	川崎地質	0	0	0	0	0
4674	クレスコ	4190	4450	4160	4400	11.5
4675	エヌエス環境	0	0	0	0	0
4676	フジテレビ	940000	950000	933000	935000	2.083
4678	秀英	903	914	900	914	12.6
4679	田谷	0	0	0	0	0
4680	ラウンドワン	112000	115000	112000	113000	0.273
4681	リゾートトラ	3340	3350	3280	3350	7.8
4682	電通テック	7200	7300	7200	7200	1.6
4683	堀内カラー	510	510	510	510	1
4684	オービック	21790	22250	21760	21950	16.6
4685	菱友システム	0	0	0	0	0
4686	ジャスト	2250	2250	2200	2250	8.5
4687	ＴＤＣソフト	2150	2200	2150	2160	3.1
4688	日本ドレーク	7610	7800	7600	7800	6.3
4689	ヤフー	5490000	5550000	5380000	5460000	0.165
4690	日パレット	265	265	265	265	1
4692	アルゴ２１	2490	2530	2400	2530	21.6
4694	ＢＭＬ	3690	3730	3690	3690	18.4
4695	マイスター	418	418	411	411	8
4696	ワタベ	0	0	0	0	0
4697	ゼロ	121000	126000	121000	121000	0.035
4699	ウチダエスコ	0	0	0	0	0
4700	アクセス	2840000	2950000	2820000	2950000	0.055
4701	プレック研	0	0	0	0	0
4702	55ステーション	525	525	525	525	2
4703	住商オート	1000	1000	985	1000	10
4704	トレンド	5500	5540	5370	5420	168
4705	クリップ	225	225	225	225	2
4706	富士通サポート	4810	4930	4700	4870	77.3
4707	キタック	0	0	0	0	0
4708	もしもしＨＬ	0	0	0	0	0
4709	ＩＤ	1000	1020	1000	1000	3
4710	ウィン	340	340	330	330	2
4711	コミュニティ	1330	1334	1320	1325	4.3
4712	アドアーズ	281	285	274	276	34
4713	日信電サ	0	0	0	0	0
4714	リソー教育	190000	190000	185000	186000	0.027
4715	クリエイティブ	0	0	0	0	0
4716	日本オラクル	15100	15890	14900	15740	287
4717	ソデッソジャパン	1390	1390	1360	1360	4
4718	早稲アカ	0	0	0	0	0
4719	アルファシス	8280	8350	8100	8200	15.6
4720	城南進研	0	0	0	0	0
4721	フジスタッフ	1470	1480	1440	1440	8.4
4722	フューチャー	1500000	1670000	1490000	1630000	0.449
4723	グッドウィル	370000	398000	368000	390000	0.556
4724	シチエ	0	0	0	0	0
4725	ＣＡＣ	3760	3760	3680	3750	51
4726	ソフトバンテク	4190	4200	4100	4180	3.5
4727	アジアＳ総研	1090	1100	1080	1080	3
4728	トーセ	3790	3790	3450	3600	2.4
4729	コナミスタジオ	352000	372000	352000	370000	0.053
4730	関西メンテ	545	545	545	545	5
4731	ユニバホーム	0	0	0	0	0
4732	ＵＳＳ	2950	2980	2930	2980	59.2
4733	ＯＢＣ	8510	8510	8300	8400	17.4
4734	ビーイング	475	475	465	465	4
4735	京進	0	0	0	0	0
4736	日本ラッド	550	550	550	550	1
4738	日立ビジネス	1500	1500	1460	1481	2.7
4739	ＣＴＣ	10820	11480	10750	11350	284.5
4740	ニューディル	200000	200000	195000	195000	0.11
4741	ＩＲＩ	2040000	2290000	1960000	2230000	0.262
4742	エイトコン	780000	780000	780000	780000	0.002
4743	アイティフォ	2740	2870	2740	2840	6
4744	メッツ	330000	330000	330000	330000	0.002
4745	東京個別	3170	3330	3170	3330	4
4746	東計電算	903	903	901	901	2
4747	Ｃフィッシュ	520000	525000	520000	525000	0.007
4748	構造計画	1240	1260	1170	1200	5.8
4749	アドバックス	0	0	0	0	0
4750	ダイサン	290	320	290	320	15
4751	サイバエージ	661000	690000	660000	690000	0.009
4752	昭和システム	0	0	0	0	0
4753	ライブドア	1400000	1400000	1390000	1390000	0.003
4754	トスネット	0	0	0	0	0
4755	楽天	1090000	1110000	1070000	1080000	0.262
4756	ＣＣＣ	1910	1910	1870	1900	13
4757	インテリ	1650000	1680000	1600000	1620000	0.076
4758	シーアイエス	2300000	2300000	2300000	2300000	0.001
4759	ライブＭ	495000	495000	462000	467000	0.027
4760	ＡＬＰＨＡ	0	0	0	0	0
4761	さくらＫＣＳ	904	904	904	904	1
4762	エクスネット	2150000	2160000	2150000	2150000	0.011
4763	クリークリバ	2150000	2150000	2140000	2140000	0.004
4764	Ｄデザイン	0	0	0	0	0
4765	モーニングＳ	1320000	1340000	1300000	1320000	0.019
4766	ピーエイ	0	0	0	0	0
4767	ＴＯＷ	1430	1430	1380	1420	9
4768	大塚商会	3200	3350	3200	3300	10.5
4769	インフォクリ	640	640	640	640	6
4770	エルミック	0	0	0	0	0
4771	Ｆ＆Ｍ	930000	930000	930000	930000	0.005
4772	デジタルアド	1680	1680	1500	1500	24
4773	Ａ＆Ｉ	1506	1506	1505	1505	2
4774	NECソフト	9190	9500	9190	9500	12.3
4775	総合メディカ	0	0	0	0	0
4776	ＣＹＢＯＺＵ	863000	863000	850000	850000	0.004
4777	ガーラ	460000	460000	455000	458000	0.003
4778	ヒューマネジ	820000	880000	820000	880000	0.025
4779	ソフトブレン	0	0	0	0	0
4780	コナミ東京	1890	1930	1860	1900	20
4781	日本ハウズ	516	516	516	516	2
4782	オリコンサル	255	255	255	255	1
4783	日ダイナミク	0	0	0	0	0
4784	まぐクリック	865000	865000	835000	845000	0.006
4786	ディジット	460000	470000	450000	470000	0.075
4787	ＮＣＧ	530000	535000	520000	521000	0.011
4788	サイバＣＯＭ	445000	447000	440000	447000	0.04
4789	エスイーラボ	0	0	0	0	0
4790	グレース	265000	265000	265000	265000	0.001
4791	ドリーム・トレイン	530000	530000	530000	530000	0.002
4792	ＴＦＰコンサ	470000	470000	470000	470000	0.001
4793	富士通ＢＳＣ	3500	3550	3460	3500	6.1
4794	デザインＥＸ	401000	401000	400000	400000	0.005
4795	スカパー	131000	133000	129000	132000	2.538
4797	アイシーエフ	0	0	0	0	0
4798	日本ＬＣＡ	621	625	601	601	8
4800	オリコン	990000	990000	963000	963000	0.015
4801	セントラルＳ	1490	1490	1390	1420	34.2
4812	電通国際情報	7000	7330	7000	7210	13.9
4813	ＡＣＣＥＳＳ	3500000	3550000	3500000	3550000	0.003
4814	ネクストウェ	600000	600000	600000	600000	0.001
4815	ジャパンＤＣ	257000	257000	256000	256000	0.003
4816	東映アニメ	6650	6650	6300	6350	58
4818	サイトデザイン	366000	366000	365000	365000	0.002
4819	デジタルガレ	1040000	1040000	1010000	1010000	0.034
4820	イーエムシス	1920	1920	1920	1920	2
4821	ウェブゲノム	1700000	1700000	1640000	1680000	0.031
4822	ハドソン	1000	1000	950	950	9
4823	サイバード	1700000	1700000	1650000	1650000	0.015
4824	メディアＳ	720000	722000	700000	700000	0.015
4825	ウェザーニュ	1700	1700	1650	1650	5
4826	ＣＩＪ	1150	1160	1120	1160	5.1
4828	東洋ビジネス	0	0	0	0	0
4829	日本エンター	900000	900000	895000	895000	0.004
4830	サンライズ	428	450	428	450	13
4831	オープンルプ	2180000	2200000	2100000	2150000	0.032
4832	ＪＦＥシス	616000	617000	611000	616000	0.024
4833	ぱど	304000	355000	303000	355000	0.043
4835	インデックス	820000	930000	815000	907000	0.715
4836	日本フィッツ	1520000	1700000	1440000	1700000	0.818
4837	シダックス	164000	164000	161000	163000	0.082
4901	富士写	4900	4960	4890	4900	1074
4902	コニカＨＤ	792	815	785	788	1073
4911	資生堂	1229	1235	1209	1218	796
4912	ライオン	450	455	450	455	195
4913	サンスター	335	335	334	334	3
4914	高砂香	528	565	526	555	1898
4915	エイボンＪ	240	240	240	240	4
4916	ノエビア	1020	1020	1020	1020	2
4917	マンダム	1570	1610	1560	1570	185.5
4918	アイビー	0	0	0	0	0
4919	ミルボン	4800	4800	4750	4750	0.5
4920	日本色材	0	0	0	0	0
4921	ファンケル	6240	6990	6240	6800	124.3
4922	コーセー	4070	4200	4070	4100	8.7
4951	エステー化	815	815	815	815	4
4953	タイホー工業	1350	1400	1340	1380	19
4954	マークテック	0	0	0	0	0
4955	アグロカネシ	0	0	0	0	0
4956	コニシ	1017	1049	1017	1020	1.4
4957	ヤスハラケミ	0	0	0	0	0
4958	長谷川香料	1000	1000	990	990	14.9
4959	シーシーアイ	0	0	0	0	0
4960	ケミプロ	376	380	365	365	5
4961	日油技研	700	705	695	695	12
4962	互応化学	801	801	800	800	2
4963	星光ＰＭＣ	540	540	540	540	2
4964	星光化学工業	340	340	340	340	0.2
4965	曽田香料	0	0	0	0	0
4966	上村工	1990	1990	1990	1990	1
4967	小林製薬	4970	5050	4900	5000	22.3
4968	荒川化工	800	815	800	815	6
4970	東洋合成	1250	1310	1240	1300	39
4971	メック	0	0	0	0	0
4987	寺岡製	670	670	670	670	1
4989	イハラケミ	215	222	213	217	123
4990	昭和化	0	0	0	0	0
4992	北興化	365	366	360	365	37
4996	クミアイ化	181	186	181	183	30
4997	日農薬	260	260	255	256	34
4998	フマキラ	197	197	195	195	23
4999	セメダイン	0	0	0	0	0
5001	新日本石油	700	728	675	705	5292
5002	昭和シェル	646	659	610	646	416
5006	興亜石油	280	283	278	283	131
5007	コスモ石	265	265	252	253	2160
5008	東亜石	139	140	131	131	403
5009	富士興	82	88	80	82	873
5010	日精蝋	95	99	95	99	6
5011	ニチレキ	435	435	435	435	2
5012	東燃ゼネ石	880	883	861	868	1074
5013	ユシロ	590	590	585	585	6
5014	ジャパンエナジー	259	262	251	253	10946
5015	ＢＰカスト	606	617	605	605	0.8
5101	浜ゴム	267	277	267	271	615
5102	大機エンジ	240	284	240	250	64
5103	昭ゴム	147	151	141	143	653
5104	日東化工	147	147	144	144	29
5105	洋ゴム	165	166	162	162	463
5106	オーツタイヤ	210	215	208	208	155
5108	ブリヂストン	1320	1345	1302	1317	1517
5110	住友ゴ	630	657	630	635	523
5121	藤ゴム	208	208	206	206	16
5122	オカモト	261	269	261	266	108
5123	ミサワ東洋	0	0	0	0	0
5142	アキレス	162	179	160	179	1330
5143	世界長	91	91	89	89	19
5161	西川ゴム	615	615	606	606	11
5162	朝日ラバー	0	0	0	0	0
5184	ニチリン	0	0	0	0	0
5185	フコク	0	0	0	0	0
5186	ニッタ	975	979	953	960	23.9
5187	クリエート	0	0	0	0	0
5188	帝都ゴム	0	0	0	0	0
5189	桜ゴム	420	448	420	448	6
5191	東海ゴ	1281	1281	1279	1281	19
5192	三星ベ	303	307	303	306	121
5193	平成ポリマー	90	95	90	95	10
5194	相模ゴ	425	425	425	425	1
5195	バンドー	247	251	246	250	114
5196	鬼ゴム	129	130	128	130	71
5199	不二ラテ	151	151	151	151	2
5201	旭硝子	945	986	930	978	6833
5202	板硝子	1150	1180	1125	1162	4687
5204	石塚硝	215	221	215	218	59
5208	有沢製	2600	2600	2550	2590	15.2
5210	日山村硝	226	255	225	250	10630
5212	不二硝	0	0	0	0	0
5213	芝セラミ	500	511	500	504	838
5214	日電硝	1812	1854	1811	1840	721
5215	旭テクノグラス	559	565	556	559	94
5216	倉元	1340	1350	1340	1340	5.1
5217	テクノクオツ	1410	1460	1410	1460	4
5232	住友大阪	340	344	333	336	1705
5233	太平洋セメ	270	277	270	276	4865
5234	デイ・シイ	176	177	175	176	6
5237	ノザワ	115	115	110	110	22
5261	ミサワリゾ	236	238	236	236	9
5262	日ヒューム	191	192	190	190	11
5266	テイヒュー	121	121	120	120	10
5267	ハネックス	183	195	183	187	27
5268	旭コン	285	285	285	285	2
5269	日コン	115	118	113	114	18
5271	トヨアサノ	0	0	0	0	0
5273	三谷セキ	0	0	0	0	0
5274	ゼニパイプ	0	0	0	0	0
5276	石建工	350	360	350	360	17
5277	スパンクリト	242	242	242	242	1
5278	エバタ	110	110	110	110	3
5279	日本興業	168	168	168	168	1
5280	ヨシコン	467	467	467	467	2
5281	旭ダンケ	0	0	0	0	0
5282	ジオスター	0	0	0	0	0
5283	高見沢	0	0	0	0	0
5284	ヤマウ	0	0	0	0	0
5285	ヤマックス	180	180	176	180	18
5286	武井工業	221	221	221	221	1
5287	イトヨーギョ	0	0	0	0	0
5301	東海カ	300	308	300	305	484
5302	カーボン	243	248	229	229	4656
5304	エスイ−シ−	260	260	255	255	14
5331	ノリタケ	709	710	693	693	192
5332	ＴＯＴＯ	843	865	835	863	1604
5333	ガイシ	1358	1420	1358	1413	704
5334	特殊陶	1500	1542	1500	1539	930
5336	INAX	700	740	700	740	1192
5337	ダントー	409	410	403	408	72
5338	大トー	0	0	0	0	0
5341	アサヒ陶	118	118	118	118	1
5342	ジャニス	80	83	80	83	9
5343	ニッコー	340	350	340	350	2
5344	ＭＡＲＵＷＡ	2810	2850	2800	2800	9.3
5351	白煉瓦	213	220	213	217	70
5352	黒崎	203	203	196	203	237
5355	ルツボ	140	140	140	140	3
5356	美濃窯	0	0	0	0	0
5357	ヨータイ	210	210	210	210	2
5358	イソライト	190	198	190	198	13
5361	東海熱	360	360	358	358	2
5362	九州耐	260	265	260	265	2
5363	ＴＹＫ	223	223	221	223	15
5367	ニッカトー	0	0	0	0	0
5380	新東	425	435	425	435	5
5381	日本ミクロ	5450	5740	5400	5740	16.3
5382	中央商事	0	0	0	0	0
5383	三共理化	523	523	520	521	5
5384	フジミインコ	3350	3400	3350	3400	4.1
5386	鶴弥	0	0	0	0	0
5387	チヨダウーテ	0	0	0	0	0
5388	クニミネ	0	0	0	0	0
5389	日レヂボン	290	290	290	290	1
5390	宇部マテリア	140	140	139	139	2
5391	Ａ＆ＡＭ	111	113	111	111	17
5393	ニチアス	349	349	336	338	332
5395	コランダム	170	170	170	170	1
5397	ＭＩＥテクノ	0	0	0	0	0
5398	日研紙	0	0	0	0	0
5401	新日鉄	210	212	208	210	10852
5403	川崎製鉄	134	134	132	134	6027
5404	日本鋼管	104	104	101	103	9419
5405	住金	77	82	76	81	52355
5406	神戸鋼	71	74	70	74	9588
5407	日新鋼	115	117	114	115	5427
5408	中山鋼	150	151	148	149	113
5410	合同鉄	106	116	106	115	5336
5423	東京製鉄	368	405	366	405	1896
5444	大和工	470	480	470	479	226
5445	東京鉄	79	82	79	80	102
5446	北越メ	115	115	115	115	2
5448	東京鋼鉄	0	0	0	0	0
5449	大阪製鉄	420	426	419	421	3.4
5451	淀川鋼	295	309	295	304	97
5453	洋鋼鈑	448	457	442	443	472
5454	日鉄鋼板	223	224	214	224	29
5457	住友鋼管	398	412	398	405	72
5458	高砂鉄	120	120	119	119	9
5461	中部鋼	160	160	160	160	2
5462	日鉄鋼管	122	129	122	129	24
5463	丸一管	1670	1700	1670	1700	31
5464	モリ工	228	229	222	222	10
5471	大同特鋼	358	358	347	357	1052
5476	高周波	113	125	112	125	2835
5479	日金工	124	128	122	126	3260
5480	冶金工	73	83	73	83	2826
5481	山陽鋼	206	206	203	204	401
5482	愛知鋼	702	787	692	775	6269
5484	東北鋼	0	0	0	0	0
5486	日立金	550	562	548	562	762
5491	日金属	114	120	111	118	145
5541	大平金	192	200	192	197	285
5542	報国鉄	0	0	0	0	0
5562	日本重化学	131	131	129	129	223
5563	日本電工	181	181	177	177	304
5566	中央電	204	204	204	204	7
5602	栗本鉄	250	263	248	261	793
5603	虹技	106	107	106	107	17
5605	自動鋳	67	67	65	66	4
5606	旭テック	206	208	203	203	73
5607	中可鍛	0	0	0	0	0
5608	川口金	241	253	241	251	23
5609	日鋳造	86	86	85	85	32
5610	大和重	0	0	0	0	0
5612	鋳鉄管	204	209	203	203	29
5613	日本カタン	0	0	0	0	0
5631	日製鋼	130	137	126	136	7440
5632	菱製鋼	140	142	139	140	758
5633	関東特殊製鋼	85	89	83	89	190
5641	ＴＤＦ	196	196	190	193	23
5642	日本鍛工	47	47	47	47	1
5644	メタルアート	0	0	0	0	0
5645	イチタン	137	140	137	140	3
5657	鈴木金	160	163	160	163	29
5658	日亜鋼	355	362	355	362	17
5659	日精線	238	238	228	235	12
5660	神鋼線	88	93	88	90	60
5691	東京シヤリング	100	100	100	100	1
5694	大和綱帯	0	0	0	0	0
5695	パウダテック	0	0	0	0	0
5696	川鉄鋼板	107	107	107	107	2
5697	サンユウ	0	0	0	0	0
5701	日軽金	102	110	102	108	8606
5702	大紀ア	229	250	222	247	291
5706	三井金	683	696	682	683	2566
5707	東邦鉛	225	232	223	229	1091
5711	三菱マ	299	304	295	302	2996
5713	住友鉱	480	500	480	494	2333
5714	同和鉱	545	558	532	536	3264
5715	古河機金	211	213	209	211	461
5716	日鉱金属	659	680	659	665	1013
5721	Ｓサイエンス	692	699	678	692	607
5727	邦チタ	840	900	820	900	247
5728	アライドマテリアル	1200	1240	1190	1240	35
5729	日精鉱	272	280	270	280	39
5738	住軽金	95	100	95	98	1278
5739	日製箔	158	158	154	156	6
5740	九州不二サッシ	0	0	0	0	0
5753	日伸銅	69	69	66	66	9
5756	東海アルミ箔	53	53	51	51	14
5757	サンエツ	0	0	0	0	0
5771	菱伸銅	272	272	266	268	54
5781	東邦金	216	222	216	220	10
5801	古河電	1360	1383	1343	1373	6098
5802	住友電	1470	1478	1450	1460	2043
5803	フジクラ	879	890	863	875	1833
5804	菱線工	296	313	293	313	1245
5805	昭電線	199	199	195	195	545
5807	東特線	284	286	284	285	36
5808	理研線	223	223	222	222	14
5809	タツタ	167	167	163	167	39
5810	第一電工	117	118	110	110	400
5811	トヨ電線	850	850	850	850	2
5812	日立線	756	770	751	756	482
5813	花島電線	0	0	0	0	0
5815	沖電線	298	298	292	293	18
5816	オーナンバ	0	0	0	0	0
5817	日電線	369	370	369	370	2
5818	東日京三電線	0	0	0	0	0
5819	カナレ電気	1930	1930	1930	1930	0.1
5820	三ッ星	0	0	0	0	0
5851	リョービ	213	214	208	211	352
5852	アーレスティ	391	391	391	391	1
5853	京都ダイカスト	160	160	155	160	10
5854	東京理化工	575	575	560	570	21
5855	アサヒプリテ	1220000	1240000	1220000	1240000	0.024
5900	ダイケン	435	435	434	434	2
5901	洋カン	1890	1959	1875	1947	326
5902	北カン	260	265	260	265	62
5903	シンポ	696	710	685	710	9
5904	アルコアシステム	500	500	500	500	1
5905	日カン	141	145	140	140	7
5906	エムケー精工	0	0	0	0	0
5907	ＪＦＥコンテ	121	121	121	121	1
5908	日鉄ドラム	298	298	298	298	1
5909	コロナ	1740	1740	1600	1670	5
5910	立山アルミ	204	204	204	204	33
5911	横河ブ	430	437	425	437	94
5912	日本橋	133	135	128	129	9
5913	松尾橋	244	244	240	240	22
5914	宮地鐵工所	191	192	191	192	29
5915	駒井鉄	306	309	301	302	56
5916	ハルテック	236	237	236	237	8
5917	サクラダ	110	112	108	111	32
5918	滝上工	330	335	330	335	3
5919	日鉄塔	291	291	290	290	6
5921	川岸工	268	268	256	260	3
5922	那須鉄	182	182	175	175	8
5923	高田機	454	459	450	459	14
5925	酒井鉄工所	100	100	95	95	5
5926	安治川鉄工	80	80	80	80	2
5927	ホリー	120	125	119	125	12
5928	アルメタクス	527	527	500	518	127.5
5929	三和シャタ	251	255	251	253	222
5930	文化シヤタ	239	244	239	241	10
5931	川田工	229	230	228	230	21
5932	三協アルミ	81	82	79	81	173
5933	アルインコ	176	176	173	173	7
5934	日本ア	50	50	50	50	2
5935	元旦	0	0	0	0	0
5936	洋シヤタ	163	165	161	162	464
5938	住生活Ｇ	1715	1795	1715	1779	1011
5939	大谷工業	150	150	150	150	1
5940	不二サッシ	105	107	102	105	20.5
5941	中西製	0	0	0	0	0
5942	フイルコン	0	0	0	0	0
5943	ノーリツ	1220	1230	1210	1225	71
5944	日立粉末	796	802	796	802	3
5945	天竜製鋸	0	0	0	0	0
5946	長府製	1340	1350	1340	1348	4.5
5947	リンナイ	2190	2190	2130	2160	43
5949	ユニプレス	270	270	252	252	5
5950	パワーファス	157	157	157	157	2
5951	ダイニチ工業	297	297	292	292	4.3
5952	アマテイ	0	0	0	0	0
5954	トープラ	181	183	180	183	18
5955	ヤマシナ	84	88	81	88	265
5956	トーソー	0	0	0	0	0
5957	日東精	197	197	191	191	17
5958	三洋工	608	609	592	605	140
5959	岡部	347	354	347	350	9
5961	トーカロ	899	899	890	890	0.9
5962	浅香工	0	0	0	0	0
5963	日立ツール	570	572	570	572	3.5
5964	洋刃物	132	132	132	132	1
5965	フジマック	428	428	426	426	2
5966	ＫＴＣ	265	265	265	265	6
5967	前田金	142	145	142	145	3
5969	ロブテックス	156	156	156	156	1
5970	菊池プレス	510	510	510	510	2
5971	共和工業	0	0	0	0	0
5972	日本建鐵	239	239	233	233	3.5
5973	トーアミ	0	0	0	0	0
5974	中国工	168	173	166	173	84
5975	東プレ	384	415	381	410	389
5976	ネツレン	338	339	335	335	21
5977	コマツ電子	689	704	680	700	10.5
5979	カネソウ	420	420	420	420	2
5980	田中亜鉛	235	235	235	235	1
5981	東京綱	141	142	139	139	337
5982	マルゼン	385	395	385	388	12
5983	イワブチ	0	0	0	0	0
5984	兼房	0	0	0	0	0
5985	サンコール	385	385	382	382	6
5986	モリテック	209	209	209	209	2
5987	オーネックス	380	445	380	445	28
5988	パイオラクス	0	0	0	0	0
5989	ヒラタ	415	415	415	415	1
5990	スーパツール	126	126	126	126	1
5991	ニッパツ	400	411	399	409	422
5992	中央発條	400	400	399	400	16
5993	知多鋼	0	0	0	0	0
5994	ファインＳ	290	290	290	290	2
5995	科学冶金	385	385	385	385	1
5996	新立川	750	750	750	750	0.3
5997	協立エアテク	400	400	400	400	0.5
5998	アドバネクス	252	252	252	252	3
5999	イハラサイエ	0	0	0	0	0
6005	三浦工	1600	1615	1590	1610	101.4
6011	新潟鉄工所	80	82	78	82	1802
6013	タクマ	924	944	910	920	580
6016	神発動	100	100	100	100	5
6018	阪神燃	0	0	0	0	0
6020	神鋼造機	72	72	72	72	1
6021	ロビン	0	0	0	0	0
6022	赤阪鉄	88	88	85	85	6
6023	ダイハツデ	0	0	0	0	0
6041	ボッシュ	139	141	137	140	201
6042	ニッキ	155	158	155	157	9
6101	ツガミ	315	330	314	329	544
6102	池貝	1	2	1	1	694
6103	オークマ	333	342	328	337	223
6104	東芝機	371	378	370	370	143
6106	日立精機	175	175	169	169	184
6107	アマダマシ	304	307	301	306	213
6111	旭精機	200	200	200	200	4
6112	小島鉄	120	127	120	127	14
6113	アマダ	715	715	698	705	484
6114	住倉工業	190	204	185	204	396
6118	アイダ	420	430	420	430	39
6119	ゼィープラス	245	260	245	260	13
6121	滝澤鉄	66	66	63	63	22
6125	岡本工	139	143	139	143	59
6130	日平トヤマ	250	251	248	249	27
6131	浜井産	134	134	132	134	13
6134	富機製	3060	3090	3030	3050	21.8
6135	牧野フ	621	628	605	612	174
6136	ＯＳＧ	619	626	619	624	27
6137	小池工	190	210	188	201	355
6138	ダイジェト	151	151	151	151	3
6139	東芝タンガロイ	498	503	496	497	99
6140	旭ダイヤ	597	607	597	604	15
6141	森精機	1185	1220	1185	1198	81
6142	富士精	231	233	231	233	5
6143	ソディック	460	460	446	447	48
6144	西部電機	230	230	230	230	1
6145	日特エンジ	1380	1390	1350	1390	7.5
6146	ディスコ	9280	9490	9200	9220	112.6
6147	ヤマザキ	0	0	0	0	0
6148	UHT	1820	1820	1780	1800	9.8
6149	小田原エンジ	555	555	555	555	0.5
6150	タケダ機械	0	0	0	0	0
6151	日東工器	2080	2080	2070	2075	7.1
6155	高松機械	0	0	0	0	0
6201	豊田織	2420	2440	2355	2410	507
6203	豊和工	121	122	119	120	163
6204	キリウ	240	290	240	290	120
6205	ＯＫＫ	125	140	124	140	544
6206	豊田工	676	685	671	681	35
6208	石川製	109	109	105	109	86
6210	東洋機械	300	300	298	299	10
6211	倉敷機	0	0	0	0	0
6212	帝人製機	349	373	347	367	2837
6213	ＯＭ製	123	125	123	123	28
6214	大隈豊和機械	168	168	164	164	54
6216	寿工業	0	0	0	0	0
6217	津田駒	144	144	140	141	61
6218	エンシュウ	174	174	171	171	6
6221	大東製機	0	0	0	0	0
6222	島精機	2250	2270	2205	2215	10.9
6242	スピンドル	205	205	204	205	34
6245	ヒラノテク	282	282	282	282	2
6246	井上金	141	141	140	140	4
6247	日阪製	529	534	525	533	53
6271	ニッセイ	0	0	0	0	0
6272	レオン	360	360	355	357	8
6273	ＳＭＣ	14600	14850	13720	13930	206.5
6274	新川	2485	2550	2470	2540	155.6
6275	イセキ開発工	54	56	54	54	26
6276	ナビタス	630	630	620	630	5
6277	ホソミクロン	0	0	0	0	0
6278	ユニオンツル	6330	6460	6230	6270	104.8
6279	瑞光	1001	1010	995	1000	6.5
6280	名機製	490	492	490	490	7
6281	前田製作	0	0	0	0	0
6282	オイレス	1780	1810	1780	1790	8
6283	オリイメック	296	296	296	296	5
6284	ＡＳＢ機械	242	242	240	240	4
6286	静甲	0	0	0	0	0
6287	サトー	2770	2810	2730	2785	56.4
6288	ハマダ印刷機	0	0	0	0	0
6289	技研製	0	0	0	0	0
6290	ＳＥＳ	553	553	541	547	49.1
6291	エアーテック	706	750	706	750	39
6292	カワタ	450	450	440	440	5
6293	日精樹脂	731	738	730	730	11
6294	オカアイヨン	331	349	331	349	4
6295	富士変速	0	0	0	0	0
6296	ロキテクノ	1100	1110	1100	1110	6
6297	鉱研工業	0	0	0	0	0
6298	ワイエイシイ	507	510	500	510	19
6299	神鋼環境Ｓ	288	292	288	292	15
6300	アピクヤマダ	577	582	577	582	7
6301	コマツ	612	618	595	599	3052
6302	住友機	176	182	174	182	2800
6303	ササクラ	0	0	0	0	0
6304	マキ製作所	0	0	0	0	0
6305	日立建機	430	435	425	430	52
6306	日工	256	256	254	255	8
6307	サンセイ	0	0	0	0	0
6309	巴工業	690	690	690	690	3
6310	井関農	82	83	80	82	419
6311	セイレイ工業	194	194	190	190	9
6312	フロイント	550	550	550	550	1
6313	共立	148	148	145	148	21
6314	石井工研	685	685	685	685	0.8
6315	ＴＯＷＡ	1702	1730	1668	1680	42.2
6316	丸山製	150	155	150	150	57
6317	北川鉄	158	165	157	160	426
6319	シンニッタン	230	234	230	233	11
6320	新ダイワ	0	0	0	0	0
6321	石搬機	349	349	349	349	1
6322	タクミナ	0	0	0	0	0
6323	ローツェ	1600	1640	1530	1560	51
6324	ハーモニック	1550000	1580000	1550000	1580000	0.005
6325	タカキタ	174	174	174	174	1
6326	クボタ	420	425	414	420	2518
6327	北川精機	615	615	605	605	4
6328	荏原実業	0	0	0	0	0
6329	ＨＥＣ	500	510	500	510	14
6330	東洋エンジ	371	374	352	359	5144
6331	化工機	240	240	235	238	112
6332	月島機	880	890	878	878	20
6333	帝国電	725	727	710	725	15
6334	明治機	92	92	89	89	425
6335	東京機	405	407	403	405	22
6336	石井表記	2950	2960	2950	2960	11.7
6337	テセック	2210	2250	2210	2250	7
6338	タカトリ	820	880	820	870	6
6339	新東工	290	290	283	283	16
6340	渋谷工	801	802	801	802	4
6341	日立造船富岡	0	0	0	0	0
6342	太平製	78	78	78	78	2
6343	フリージア	57	59	53	58	82
6344	ＮＥＣマシナ	1445	1465	1440	1445	9
6345	アイチコーポ	180	180	178	178	35.4
6346	菊川鉄	165	165	165	165	1
6347	プラコー	0	0	0	0	0
6348	日本マリンテクノ	0	0	0	0	0
6349	小森	1700	1784	1700	1784	74
6350	新日本造機	160	163	160	163	15
6351	鶴見製	531	532	531	532	3
6352	トヨコケン	183	183	183	183	2
6354	日立機電	410	410	410	410	2
6355	住友精	375	375	361	362	14
6356	日ギア	153	155	153	154	3
6357	三精輸	316	316	313	315	17
6358	酒井重	236	237	232	233	8
6359	粟村製作所	0	0	0	0	0
6360	東自機	284	284	284	284	1
6361	荏原	1077	1086	1053	1084	670
6362	石井鉄	205	207	202	202	45
6363	酉島	545	550	545	550	8
6364	北越工	126	135	126	135	4
6365	電業社	3800	3800	3780	3780	0.5
6366	千代建	373	387	362	370	1454
6367	ダイキン	2090	2130	2070	2130	609
6368	オルガノ	475	478	470	478	57
6369	トヨカネツ	233	239	230	233	1644
6370	栗田工	1600	1613	1590	1610	233
6371	椿本チ	315	319	314	319	268
6372	セイサ	82	85	82	85	3
6373	大同工	249	249	241	241	22
6374	ＴＣＭ	320	323	314	315	55
6375	コンベヤ	108	117	107	113	391
6376	日機装	571	575	570	572	70
6378	木村化	192	193	183	193	25
6379	新興プラン	100	103	100	101	32
6380	オリチェン	91	91	91	91	1
6381	アネスト岩田	194	197	191	191	14
6382	トリニ工	215	220	215	220	3
6383	ダイフク	681	690	681	685	108
6384	昭和真空	3350	3400	3300	3300	14
6386	扶桑レクセ	986	986	980	980	3
6388	ミサワバン	405	405	395	395	17
6389	内田油圧	38	38	37	37	15
6390	加藤製	185	187	179	179	192
6391	加地テック	165	165	165	165	2
6392	ヤマダコーポ	245	249	245	245	16
6393	油研工	134	137	131	137	88
6394	大江工業	125	125	125	125	6
6395	タダノ	223	224	220	223	406
6396	宇野鉄	248	261	245	255	42
6397	郷鉄工	90	90	90	90	4
6398	日本電産シンポ	640	640	640	640	7
6403	水道機	0	0	0	0	0
6406	フジテック	536	540	527	528	135
6407	シーケーディ	670	680	659	662	58
6408	クラッチ	680	680	680	680	1
6409	キトー	0	0	0	0	0
6411	中野冷	0	0	0	0	0
6412	平和	1980	1980	1901	1934	21
6413	理想科学	2020	2050	2020	2050	1.9
6414	川重冷熱	0	0	0	0	0
6415	ニスカ	0	0	0	0	0
6416	桂川電機	0	0	0	0	0
6417	ＳＡＮＫＹＯ	3260	3360	3260	3350	46.8
6418	日金銭	1740	1750	1720	1720	37
6419	マース	3400	3430	3350	3430	5.8
6420	福島工業	0	0	0	0	0
6421	キヤノンＦ	899	899	870	890	5
6423	アビリット	1890	1910	1860	1890	24.1
6424	高見サイ	0	0	0	0	0
6425	アルゼ	4100	4100	4050	4060	7.8
6426	サミー	3080	3090	3000	3060	21.9
6427	東北リコー	800	800	796	800	12
6428	オーイズミ	0	0	0	0	0
6429	タイヨーエレ	1300	1330	1200	1240	293
6431	キャノンＮＴＣ	410	420	408	420	62
6436	アマノ	988	990	981	982	53
6437	三条機	133	133	131	133	6
6439	中日鋳	106	106	106	106	1
6440	ＪＵＫＩ	485	503	485	492	3004
6442	コピア	296	296	295	295	5
6443	東洋製	135	135	135	135	3
6444	サンデン	548	552	548	550	106
6445	蛇の目	108	110	105	107	332
6448	ブラザー	285	290	285	286	801
6453	シルバ精	109	110	107	107	389
6454	マックス	1220	1250	1180	1235	231
6455	モリタ	278	285	276	276	8
6457	グローリー	1901	1910	1900	1910	4
6458	新晃工	195	211	193	208	87
6459	大和冷	323	334	323	334	156
6461	日ピス	123	124	120	120	154
6462	リケン	257	260	256	256	156
6463	ＴＰＲ	312	313	307	313	15
6466	トウアバルブ	87400	87400	87400	87400	0.002
6467	ニチダイ	615	630	615	630	19
6468	駿河精機	2440	2600	2440	2540	33
6469	放電精密	2400	2470	2400	2470	32
6470	大豊工業	1021	1046	1020	1046	7.4
6471	日精工	549	557	542	550	846
6472	ＮＴＮ	338	343	332	343	737
6473	光洋精	632	654	631	649	327
6474	不二越	190	191	186	187	392
6475	天辻	0	0	0	0	0
6476	富士テクニカ	320	320	320	320	1
6477	ツバキ・ナカ	1070	1075	1064	1068	9.5
6478	ダイベア	205	205	205	205	3
6479	ミネベア	900	918	900	910	859
6480	トムソン	952	977	936	936	65
6481	ＴＨＫ	2690	2750	2660	2720	225.1
6482	ユーシン精機	3500	3610	3500	3600	3.4
6483	川重防災	360	360	360	360	1
6484	ＫＶＫ	0	0	0	0	0
6485	前沢給装	670	679	670	670	5
6486	イーグル工	386	389	386	389	3
6487	積水工機	192	192	192	192	2
6488	ヨシタケ	275	275	275	275	1
6489	前沢工業	712	718	711	715	4.6
6490	ピラー	769	770	760	760	13
6492	岡野バ	130	130	130	130	1
6493	日鍛バ	184	186	183	186	63
6494	ファネス	635	650	600	600	495
6495	宮入バ	74	77	72	77	10
6496	中北製	0	0	0	0	0
6497	ハマイ	0	0	0	0	0
6498	キッツ	184	184	180	184	111
6499	大隈エンジニア	0	0	0	0	0
6501	日立	1094	1095	1072	1080	5624
6502	東芝	750	772	747	762	12979
6503	三菱電	734	745	725	735	5476
6504	富士電機ＨＤ	324	328	319	323	2175
6505	東洋電	155	156	146	146	45
6506	安川電	620	630	618	624	967
6507	神鋼電	213	215	210	210	265
6508	明電舎	227	230	223	226	591
6513	オリジン	586	590	576	590	36
6516	山洋電	485	490	483	488	20
6517	デンヨー	580	580	570	570	24
6518	三相電機	0	0	0	0	0
6519	エネサーブ	4500	4500	4500	4500	7
6581	日立工	410	410	401	409	132
6584	三桜工	525	530	524	525	15
6585	サーボ	202	202	201	202	6
6586	マキタ	801	801	787	794	174
6587	松下精工	444	445	435	435	40
6588	東芝テック	325	333	324	325	176
6590	芝浦	560	560	548	551	86
6591	西芝電	150	150	145	149	21
6592	マブチ	11500	12200	11470	11650	69.5
6593	ローヤル電	390	390	390	390	1
6594	日電産	5760	5860	5740	5850	276.5
6621	高岳	155	156	154	155	147
6622	ダイヘン	195	195	190	190	234
6623	愛電機	0	0	0	0	0
6624	田淵電	185	185	185	185	5
6641	日新電	264	274	263	268	723
6643	戸上電	155	155	154	154	3
6644	大崎電	665	675	665	670	11
6645	オムロン	2120	2160	2095	2125	483
6646	エナジーサポ	435	436	435	436	11
6647	森尾電	0	0	0	0	0
6650	春日電	135	139	135	139	16
6651	日東工	880	880	864	864	8
6652	和泉電	1024	1039	1021	1030	29
6654	不二電機	0	0	0	0	0
6655	東洋電機	359	359	359	359	1
6701	ＮＥＣ	2010	2065	1992	2035	9429
6702	富士通	1657	1695	1643	1659	5813
6703	沖電気	630	630	615	622	2856
6704	岩崎通	248	259	245	259	436
6705	ＮＥＣインフ	597	620	597	620	154
6706	電気興	630	650	621	628	208
6707	サンケン	585	588	572	580	223
6708	東洋通	679	697	679	686	109
6709	明星電	113	113	105	105	5
6710	大興電機製作	195	195	190	190	11
6711	高見澤電機	206	206	206	206	5
6712	田村電機製作	338	350	336	337	298
6714	神田通信工業	148	153	148	153	7
6715	ナカヨ通	247	247	247	247	1
6716	中央無	191	191	191	191	4
6717	富士通アクセ	1050	1056	1010	1010	19
6718	アイホン	1105	1110	1095	1095	14
6741	信号	406	406	393	395	47
6742	京三	236	239	236	237	16
6743	大同信	0	0	0	0	0
6744	能美防災	391	398	391	398	3
6745	ホーチキ	300	303	295	303	10
6747	小糸工	0	0	0	0	0
6748	星和電	0	0	0	0	0
6749	マスプロ	1720	1749	1700	1711	22
6751	日無線	752	765	743	755	363
6752	松下	2100	2130	2075	2120	5187
6753	シャープ	1560	1590	1555	1562	3568
6754	アンリツ	1920	1929	1870	1889	1756
6755	富士通ゼ	524	526	518	520	22
6756	日立国際	828	844	820	830	156
6758	ソニー	8700	8840	8650	8720	2033.4
6759	ＮＥＣトーキ	993	1005	990	999	69
6761	アイワ	1029	1049	1015	1028	64.2
6762	ＴＤＫ	7900	8100	7800	7990	852.1
6763	帝通工	338	339	334	339	30
6764	三洋電	779	787	772	777	6648
6765	ケンウッド	219	224	217	223	618
6766	宮越商	43	45	42	45	124
6767	ミツミ	2245	2315	2240	2285	741
6768	タムラ	389	395	382	395	76
6770	アルプス	1236	1261	1221	1253	1219
6771	池上通	212	219	212	219	58
6772	コスモス	128	128	126	126	4
6773	パイオニア	3380	3450	3310	3390	884
6775	東和メクス	84	85	82	82	84
6776	天昇電	151	152	151	152	2
6779	日電波	2870	2960	2865	2905	63.3
6781	松下通信工業	8070	8270	7880	8200	797.7
6782	九州松下電器	960	976	955	960	77
6783	松下寿電子	1470	1490	1459	1470	66
6785	鈴木	751	752	751	751	8
6786	リアルＶ	2400000	2550000	2400000	2500000	0.022
6787	メイコー	1170	1180	1140	1170	17
6788	日本トリム	3400	3500	3400	3500	21
6789	ローランドDG	891	895	890	890	2.7
6790	野田スクリン	1310000	1350000	1300000	1300000	0.011
6791	コロムビア	171	173	170	170	50
6792	ビクター	742	780	725	774	743
6793	山水電	11	15	11	14	15107
6794	フォスター	427	427	415	415	28
6796	クラリオン	301	305	292	292	914
6797	名古屋電機	0	0	0	0	0
6798	ＳＭＫ	480	483	476	477	169
6799	日本マランツ	240	240	225	235	15
6800	ヨコオ	1257	1271	1246	1260	52.4
6801	東光	520	529	519	526	247
6803	ティアック	302	304	300	301	53
6804	ホシデン	2925	3050	2860	3040	404
6806	ヒロセ電	11010	11310	11010	11210	60.8
6807	航空電子	640	659	632	632	81
6808	シントム	47	48	45	45	3805
6809	ＴＯＡ	310	310	301	305	16
6810	マクセル	1525	1589	1525	1529	113
6811	クオンツ	415	419	395	400	79
6812	ジャルコ	425	430	425	430	3
6813	ナカミチ	75	75	73	74	65
6814	古野電	330	330	330	330	6
6815	ユニデン	534	548	527	546	370
6816	アルパイン	1196	1200	1181	1185	89
6817	スミダコーポ	4440	4450	4390	4390	6.1
6818	島田理	1105	1121	1080	1080	5.2
6819	オメガ・プロ	261	263	257	259	178
6820	アイコム	1259	1259	1230	1230	2.9
6821	バーテクスＳ	930	960	910	960	8
6822	大井電気	185	195	185	195	10
6823	リオン	0	0	0	0	0
6824	新コスモス	430	431	420	430	13
6825	パトライト	1601	1601	1575	1575	2
6826	本多通信	1780	1799	1740	1760	13.2
6827	東北パイオ	4340	4400	4310	4350	35
6828	シメオ精密	4600	4600	4600	4600	3
6829	ソーテック	560000	570000	520000	528000	0.335
6830	ＹＯＺＡＮ	3200000	3230000	3130000	3200000	0.156
6832	アオイ電子	1600	1650	1590	1590	34
6833	日電産リード	1980	1980	1980	1980	1
6834	精工技研	18800	19000	18400	18700	17.9
6835	アライドＨＤ	2450	2450	2385	2440	20.1
6836	ぷらっと	2840000	2840000	2840000	2840000	0.001
6837	京写	0	0	0	0	0
6838	多摩川電	0	0	0	0	0
6839	船井電	9020	9110	8700	9000	47.2
6840	アドテック	1310	1350	1300	1330	82
6841	横河電	1125	1147	1125	1145	544
6842	ユニパルス	3300	3340	3300	3340	1.9
6843	東光精機	0	0	0	0	0
6844	新電元	710	726	705	705	260
6845	山武	1012	1030	1012	1030	100
6846	中央製	129	129	129	129	1
6847	安藤電気	910	910	900	901	26
6848	東亜ＤＫＫ	335	335	335	335	3
6849	日本光電	350	358	348	348	79
6850	チノー	232	237	232	234	45
6851	大倉電気	144	144	140	140	3
6852	テクノセブン	144	144	140	140	3
6853	共和電	270	270	270	270	1
6855	電子材料	1600	1600	1600	1600	5
6856	堀場製	900	900	895	895	16
6857	アドバンテスト	13120	14050	12910	13620	1755
6858	小野測器	198	198	198	198	7
6859	エスペック	920	950	920	948	7
6860	サンクス	970	970	970	970	1
6861	キーエンス	25300	25700	24660	24660	95.4
6862	ミナトエレ	0	0	0	0	0
6863	ニレコ	0	0	0	0	0
6864	ＮＦ回路	0	0	0	0	0
6866	ＨＩＯＫＩ	0	0	0	0	0
6867	リーダー電子	960	960	940	940	3
6868	東カソード	1190	1190	1150	1160	2.4
6869	シスメックス	2815	2815	2760	2795	2.5
6870	フェンオール	614	614	614	614	1
6871	日本マイクロ	1570	1570	1510	1520	1.9
6872	日本コーリン	11100	11100	10800	11000	49.3
6873	日立電子Ｅ	588	588	588	588	1
6874	協立電機	2000	2000	1950	2000	1
6875	メガチップス	4800	4880	4580	4700	88.3
6876	光波	1400	1430	1360	1360	2.6
6877	ＯＢＡＲＡ	1950	2100	1920	2020	73
6878	長野日無	520	520	500	500	8
6879	フォトロン	0	0	0	0	0
6880	シンワ	0	0	0	0	0
6881	キョウデン	1157	1158	1123	1154	21
6882	三社電機	931	950	931	950	9
6883	電産コ電	1150	1150	1150	1150	1
6884	デジタル	3100	3100	3100	3100	5.4
6885	ミヤチテクノ	3350	3410	3230	3240	60.5
6886	グラフィック	0	0	0	0	0
6887	日本ＬＳＩカード	535000	600000	535000	599000	0.029
6888	アクモス	305000	310000	305000	306000	0.013
6889	オーデリック	590	590	590	590	6
6890	フェローテク	2550	2640	2500	2640	34
6891	イーター電機	370	380	370	380	9
6892	シチズン電子	6800	7200	6800	7200	10.3
6893	タイテック	735	735	730	735	6
6894	パルステック	1001	1010	1000	1000	13
6895	ダイヤ電機	460	460	460	460	2
6896	北川工業	1320	1330	1300	1300	2.8
6897	ツインバード	213	213	213	213	3
6898	トミタ電機	254	254	254	254	1
6899	ＡＳＴＩ	601	601	601	601	3
6900	東京電波	2615	2780	2600	2730	45.2
6901	沢藤電	209	209	209	209	1
6902	デンソー	2380	2405	2320	2400	622
6904	原田工業	270	270	270	270	1
6905	コーセル	2335	2340	2260	2285	33.7
6906	キヤ･コンポ	0	0	0	0	0
6907	ジオマテック	1810	1850	1810	1850	10.8
6908	イリソ電子	0	0	0	0	0
6909	北部通信工業	0	0	0	0	0
6910	日立メディコ	1094	1094	1093	1093	3
6911	新日無	750	765	742	745	30
6912	菊水電子	410	418	410	418	2
6913	メルコ	1981	2005	1980	1989	39.5
6914	オプテックス	0	0	0	0	0
6915	千代田インテ	1230	1249	1205	1249	1.4
6916	アイオデータ	1250	1280	1250	1260	12.8
6917	デンセラムダ	1803	1803	1790	1797	27.4
6918	アバール	612	625	612	625	6
6919	ケル	0	0	0	0	0
6920	レーザーテク	1720	1750	1720	1750	4
6921	東光電	293	293	293	293	3
6922	昭和情報	0	0	0	0	0
6923	スタンレー	956	958	940	955	342
6924	岩崎電	424	424	411	420	244
6925	ウシオ電	1855	1890	1803	1849	270
6926	岡谷電	285	290	282	282	15
6928	エノモト	590	600	590	595	4
6929	日セラ	1960	1970	1900	1900	31
6930	日本アンテナ	1580	1600	1520	1550	17
6931	日本電池	400	400	391	391	212
6932	ユアサコーポ	425	425	421	425	17
6933	ＹＵＡＳＡ	250	255	250	252	566
6934	新神戸	700	700	674	674	13
6935	日デジタル	1290	1320	1290	1305	32.5
6936	東洋高砂乾	110	110	110	110	5
6937	古河池	225	230	225	225	6
6938	双信電機	897	900	890	897	19
6939	ＵＭＣＪ	872000	920000	870000	885000	0.881
6940	多摩電気	0	0	0	0	0
6941	山一電機	1880	1885	1870	1875	20.3
6942	ソフィア	208	209	208	209	2
6943	開閉器	0	0	0	0	0
6944	アイレックス	0	0	0	0	0
6945	ＦＴＥＣ	525	525	520	520	7
6946	日本アビオ	234	234	234	234	2
6947	図研	1960	1999	1960	1980	23.4
6948	住友電装	750	750	733	735	9
6949	キンセキ	915	922	912	914	22
6950	ＹＥデータ	350	350	344	344	7
6951	日電子	610	620	607	620	75
6952	カシオ	787	811	785	804	591
6954	ファナック	6730	7190	6700	6920	509.8
6955	ＦＤＫ	659	667	654	657	126
6956	神明電	1180	1190	1150	1180	8
6957	芝浦電子	330	350	330	350	0.6
6958	日本ＣＭＫ	1251	1265	1251	1260	191
6960	フクダ電	2620	2620	2600	2600	4
6961	エンプラス	2660	2710	2645	2650	26.5
6962	大真空	632	633	629	630	212
6963	ローム	20340	20850	20010	20850	490.5
6964	サンコー	1050	1070	1030	1030	6
6965	ホトニクス	4440	4550	4390	4440	207.7
6966	三井ハイテク	1278	1290	1270	1285	59.9
6967	新光電工	2800	2880	2780	2850	102.8
6968	グラフテック	149	149	149	149	6
6969	松尾電	391	391	390	391	4
6970	日本コンラックス	540	540	531	535	71
6971	京セラ	11600	11930	11430	11830	1737.8
6972	エルナー	379	380	370	370	38
6973	協栄産	325	330	325	325	30
6974	日本インター	262	262	262	262	10
6975	ＮＥＯＭＡＸ	1133	1170	1095	1170	329
6976	太陽電	3270	3460	3250	3370	1300
6977	抵抗器	0	0	0	0	0
6980	日立ＡＩＣ	797	810	797	809	107
6981	村田製	10800	10870	10430	10550	997.2
6982	リード	129	129	129	129	1
6984	朝日ナショナ	0	0	0	0	0
6985	ユーシン	575	575	564	569	50
6986	双葉電	3600	3600	3460	3500	64.2
6988	日東電	3500	3570	3460	3530	283.6
6989	北電工	215	217	211	211	71
6991	松電工	1319	1339	1293	1309	1219
6992	国産電	0	0	0	0	0
6993	森電機	90	90	88	89	8
6994	指月電	201	204	201	204	3
6995	東海理	885	885	860	860	20
6996	ニチコン	1705	1749	1705	1730	216.7
6997	日ケミコン	750	760	726	748	420
6998	タングス	0	0	0	0	0
6999	ＫＯＡ	1792	1825	1780	1785	93.4
7003	三井造	147	148	144	147	3133
7004	日立造	109	109	106	107	4499
7007	佐世保	112	113	110	113	605
7011	三菱重	470	483	468	478	3451
7012	川重	183	187	180	187	5460
7013	石川島	290	293	286	292	5265
7014	名村造	302	312	301	308	125
7018	内海造	0	0	0	0	0
7020	サノヤス	197	197	197	197	5
7021	ニッチツ	150	150	150	150	3
7052	信貴造船所	0	0	0	0	0
7102	日車両	207	213	207	209	252
7104	富士車輌	3	3	2	3	884
7105	ニチユ	202	202	193	193	14
7122	近畿車	121	122	120	120	20
7123	東急車輌製造	94	101	90	101	945
7124	輸送機工業	0	0	0	0	0
7142	ナブコ	153	154	150	150	24
7201	日産自	860	863	836	849	11748
7202	いすゞ	233	238	229	237	2929
7203	トヨタ	4130	4180	4090	4130	3684.2
7204	小松ゼノア	237	239	237	239	3
7205	日野自	532	548	530	545	423
7210	日産ディ	178	187	173	184	2359
7211	三菱自	345	347	338	341	928
7212	エフテック	520	520	515	520	5
7218	田中精密	1090	1090	1010	1050	21
7219	ＨＫＳ	495	510	490	500	9
7220	武蔵精密	1350	1350	1330	1330	6
7221	トヨ車	1260	1265	1247	1248	127
7222	産車体	237	237	231	231	205
7223	関東自	633	643	633	643	11
7224	新明和	230	230	226	228	291
7225	小松フォーク	183	186	175	181	86
7226	極東開発	522	540	510	512	9.7
7227	アスカ	480	480	480	480	1
7228	デイトナ	0	0	0	0	0
7229	ユタカ技研	620	620	620	620	3
7230	日信工業	3070	3090	2980	3000	42
7231	トピー	183	188	183	184	265
7232	トキコ	230	232	226	230	196
7233	自部品	79	79	75	75	3
7234	橋本フォーミング	82	82	80	80	4
7235	東ラヂ	115	115	115	115	1
7236	ティラド	450	450	435	435	27
7237	ボッシュブレーキ	0	0	0	0	0
7238	ブレーキ	220	222	220	222	8
7239	タチエス	540	540	530	530	3
7240	ＮＯＫ	945	950	925	928	427
7241	フタバ	1410	1415	1402	1407	50
7242	カヤバ	211	212	209	210	243
7243	シロキ	213	214	209	214	30
7244	市光工	232	232	227	232	121
7245	大同メ	510	515	510	515	2
7246	プレス工	111	114	111	114	407
7247	ミクニ	140	149	140	145	21
7248	カルソニック	320	328	320	325	70
7249	尾張精	0	0	0	0	0
7250	太平洋工	373	387	373	380	589
7251	ケーヒン	1050	1051	1020	1040	65
7252	富士機	0	0	0	0	0
7253	日本ガスケット	0	0	0	0	0
7254	フジユニ	213	213	200	200	10
7255	桜井製	0	0	0	0	0
7256	河西工	206	211	205	205	26
7257	自転車電機工	311	311	306	306	6
7258	栃木富士産業	236	240	236	240	22
7259	アイシン	1790	1836	1770	1810	395
7260	富士機工	221	221	215	215	17
7261	マツダ	315	317	311	311	934
7262	ダイハツ	738	738	702	730	1039
7263	愛知機	245	249	244	244	17
7264	ＭＵＲＯ	0	0	0	0	0
7265	エイケン工業	0	0	0	0	0
7266	今仙電機	0	0	0	0	0
7267	ホンダ	4980	5000	4850	4900	1269
7268	タツミ	0	0	0	0	0
7269	スズキ	1437	1460	1430	1458	582
7270	富士重	860	871	852	860	1283
7271	安永	436	436	431	431	7
7272	ヤマハ発	886	896	886	893	180
7273	イクヨ	163	163	163	163	2
7274	ショーワ	735	749	720	729	162
7275	ユニシア	211	216	210	211	46
7276	小糸製	454	460	450	460	178
7277	ＴＢＫ	107	112	107	112	5
7278	エクセディ	757	760	740	749	11.4
7279	ケーブル	990	990	990	990	1
7280	ミツバ	545	545	537	537	10
7282	豊田合	1980	1990	1931	1958	476
7283	愛三工	775	775	742	742	8
7284	盟和産	259	259	255	255	12
7286	イズミ工業	0	0	0	0	0
7287	日精機	601	611	601	603	8
7288	テクノエイト	225	225	225	225	1
7289	マーレ テネックス	238	238	213	215	40
7290	日発精密工業	269	270	269	270	4
7291	日本プラスト	285	290	285	290	8
7292	村上開明	0	0	0	0	0
7293	大井製作所	270	270	258	258	5
7294	ヨロズ	456	469	451	469	26
7295	アイエス製機	0	0	0	0	0
7296	ＦＣＣ	1090	1090	1090	1090	4
7297	カーメイト	0	0	0	0	0
7298	八千代工	0	0	0	0	0
7299	フジオーゼ	0	0	0	0	0
7301	宮田	112	117	112	117	5
7305	新家工	142	143	135	140	176
7306	丸石自転車	184	188	184	188	6
7308	ツノダ	0	0	0	0	0
7309	シマノ	2030	2030	2000	2010	64.4
7399	ナンシン	215	215	215	215	2
7404	昭和飛	314	320	306	320	44
7407	日本飛行機	243	247	243	245	17
7408	ジャムコ	464	470	460	470	10
7410	横浜鋼業	0	0	0	0	0
7411	成和産業	0	0	0	0	0
7412	アトム	1380	1385	1370	1370	3
7413	創健社	0	0	0	0	0
7414	小野建	0	0	0	0	0
7415	新星堂	206	206	206	206	1
7416	はるやま	660	661	660	661	2.5
7418	ヤマキ	135	135	131	131	6
7419	ノジマ	1420	1420	1390	1400	4.8
7420	佐鳥電機	1250	1270	1250	1260	11
7421	カッパクリエ	5300	5350	5300	5350	3.7
7422	東邦レマック	0	0	0	0	0
7423	フォンテーヌ	1450	1450	1410	1410	3.3
7424	ニコニコ堂	155	155	155	155	3
7425	初穂商事	300	300	300	300	1
7426	山大	0	0	0	0	0
7427	エコーＴＤ	1340	1370	1340	1350	0.4
7428	江戸沢	775	775	773	774	5
7429	セイジョー	970	987	970	981	8.9
7430	サンワドー	480	480	465	480	10.1
7432	ダルトン	0	0	0	0	0
7433	伯東	2680	2680	2610	2680	82.9
7434	オータケ	1860	1880	1860	1880	0.7
7435	ナ・デックス	535	535	535	535	2
7437	シーアンドエス	3440	3460	3400	3410	64.7
7438	コンドー	480	480	480	480	1
7439	サンミック千代田	0	0	0	0	0
7440	クラフト	0	0	0	0	0
7442	中山福	323	323	321	321	7
7443	横浜魚類	300	300	300	300	1
7444	ハリマ共和	0	0	0	0	0
7445	ライトオン	1600	1630	1595	1600	43.6
7446	東北化学	438	438	438	438	1
7447	ナガイレーベ	2270	2270	2200	2210	1.2
7448	ジンズメイト	715	720	715	715	1.5
7449	太洋興業	0	0	0	0	0
7450	サンデー	0	0	0	0	0
7451	菱食	3800	3800	3750	3780	5.2
7452	マツヤ	0	0	0	0	0
7453	良品計画	3260	3350	3210	3270	97.9
7454	ホットスパー	109	109	109	109	1
7455	三城	3580	3610	3510	3510	23
7456	松田産業	1591	1591	1510	1510	22.5
7457	セキテクノ	0	0	0	0	0
7458	第一興商	2570	2690	2520	2580	124.9
7459	メディセオＨＤ	775	783	759	759	173.7
7460	ヤギ	480	480	480	480	1
7461	キムラ	1130	1130	1130	1130	1
7462	ダイヤ通商	0	0	0	0	0
7463	アドヴァン	1155	1185	1155	1185	19
7464	セフテック	260	260	260	260	3
7465	ＭＶ北海道	0	0	0	0	0
7466	ＳＰＫ	1030	1051	1030	1051	6.6
7467	萩原電気	0	0	0	0	0
7468	アムスク	851	855	851	855	3
7470	サロモンメイド	1200	1220	1180	1220	21
7471	ふじ	510	520	510	520	8
7472	鳥羽洋行	1030	1030	1030	1030	4
7473	静岡スバル	0	0	0	0	0
7474	パオ	565	565	565	565	3
7475	アルビス	477	477	477	477	1
7476	アズワン	1780	1780	1722	1722	1.6
7477	ムラキ	157	157	157	157	7
7478	ブルーグラス	400	400	400	400	6
7479	サンマルク	3090	3090	3030	3090	1.4
7480	スズデン	500	500	500	500	1
7481	尾家産	695	705	680	705	10
7482	シモジマ	0	0	0	0	0
7483	ドウシシャ	2045	2045	2000	2000	0.8
7485	岡谷鋼機	935	945	935	945	2
7486	サンリン	0	0	0	0	0
7487	小津産業	0	0	0	0	0
7488	ヤガミ	0	0	0	0	0
7490	日新商	395	395	395	395	1
7491	ＯＡシステム	360	360	360	360	1
7492	タイカン	545	545	510	535	22
7494	コナカ	710	716	706	712	6.2
7495	レオ	0	0	0	0	0
7496	八千代ムセン	0	0	0	0	0
7498	ジャパン	1510	1530	1500	1530	8.1
7500	西川計測	383	389	383	389	7
7501	ティムコ	700	725	700	725	1.4
7502	プラザクリエ	0	0	0	0	0
7503	ＩＭＩ	0	0	0	0	0
7504	高速	0	0	0	0	0
7505	扶桑電通	0	0	0	0	0
7506	ハウスローゼ	698	698	690	695	0.5
7508	オートセブ	0	0	0	0	0
7509	アイエー	430	430	425	430	3
7510	竹菱電機	0	0	0	0	0
7511	ジプロ	0	0	0	0	0
7512	ポスフール	755	755	729	730	28.2
7513	コジマ	2230	2290	2230	2235	32.1
7514	ヒマラヤ	370	370	370	370	5
7515	マルヨシ	235	235	235	235	11
7516	コーナン	1120	1136	1100	1120	11.8
7517	黒田電気	1911	1970	1911	1940	9.4
7518	ネットワン	2350000	2350000	2290000	2330000	0.359
7519	五洋インテ	238	238	238	238	1
7520	エコス	500	501	500	501	0.7
7521	ムサシ	0	0	0	0	0
7522	ワタミ	4450	4450	4210	4210	8.2
7523	アールビバン	950	950	945	945	1.2
7524	マルシェ	991	1000	991	991	3
7527	システムソフ	0	0	0	0	0
7528	安藤薬業公司	345	345	345	345	1
7529	はるやま	121	121	121	121	0.2
7530	ナブコドア	0	0	0	0	0
7531	清和鋼業	385	385	385	385	1
7532	ドンキホーテ	8500	8690	8450	8500	3.8
7535	グッドマン	2610	2800	2610	2800	2
7536	船橋薬品	0	0	0	0	0
7537	丸文	1174	1200	1166	1200	86
7538	大水	0	0	0	0	0
7539	アベルコ	0	0	0	0	0
7540	エルエスフェンス	0	0	0	0	0
7541	メガネトップ	1570	1580	1520	1520	6.6
7542	ビスケーＨＤ	0	0	0	0	0
7543	ミスタージョン	0	0	0	0	0
7544	スリーエフ	991	995	991	995	0.3
7545	西松屋チェ	1999	2040	1970	2040	9.1
7547	オートハローズ	0	0	0	0	0
7548	サンクスＪＰ	1410	1450	1380	1420	32
7549	エス・エス・ブイ	0	0	0	0	0
7550	ゼンショー	1100	1100	1092	1100	5.5
7551	ウェッズ	320	320	311	311	0.3
7552	ハピネット	1700	1700	1650	1663	3.6
7553	サザビー	6400	6500	6300	6490	4.1
7554	幸楽苑	980	980	980	980	1
7555	大田花き	0	0	0	0	0
7556	住商エレク	1140	1160	1140	1150	3.7
7557	サンクス	2980	3070	2950	2950	34.8
7558	トーメンエレ	3990	4040	3800	3850	27.7
7559	ジーエフシー	855	855	855	855	1
7560	ユニマット	1270	1290	1261	1270	1.1
7561	ハークスレイ	0	0	0	0	0
7562	安楽亭	730	745	730	740	4
7563	ニッパン	0	0	0	0	0
7564	ワークマン	0	0	0	0	0
7565	万世電機	0	0	0	0	0
7566	ジャパンケア	1130	1140	1130	1130	27
7567	栄電子	660	660	660	660	2
7568	クレックス	0	0	0	0	0
7569	モンテカルロ	220	220	220	220	1
7570	橋本総業	0	0	0	0	0
7571	ヤマノＨＣ	798	798	770	796	16
7573	ツルハ	1940	1960	1900	1930	15.2
7574	共信テクノ	1160	1160	1160	1160	1
7575	日本ライフＬ	913	913	912	912	5
7576	ベターライフ	13	13	11	11	29
7577	パスポート	0	0	0	0	0
7578	ニチリョク	665	670	665	670	4
7579	オリジン東	3210	3210	3210	3210	0.5
7580	フーズネット	1100	1100	1100	1100	2
7581	サイゼリヤ	5000	5010	4910	4980	155.3
7582	富デバイス	1280	1280	1260	1270	39
7583	通商	0	0	0	0	0
7584	丸紅インフォ	0	0	0	0	0
7585	かんなん	860	860	860	860	2
7586	寺島薬局	670	670	661	670	2.8
7587	ＰＡＬＴＥＫ	1770	1770	1700	1730	14.5
7588	シートゥーネット	8100	8100	7720	7730	8.1
7589	デジキューブ	505000	505000	505000	505000	0.003
7590	タカショー	0	0	0	0	0
7591	エクセル	1030	1030	1020	1030	17
7592	アイ・ユー・ケイ	440	440	440	440	1
7593	ＶＴＨＤ	0	0	0	0	0
7594	マルカキカイ	0	0	0	0	0
7595	アルゴグラフ	1730	1760	1730	1750	2.4
7596	魚力	1530	1550	1530	1530	2.5
7597	東京貴宝	600	600	600	600	1
7598	ナイスクラ	185	185	178	180	16
7599	ガリバー	2190	2250	2130	2250	5.6
7600	日本ＭＤＭ	4600	4700	4550	4610	70.6
7601	ポプラ	1070	1070	1050	1050	0.5
7602	ジャック	1543	1543	1510	1520	21.6
7603	マックハウス	0	0	0	0	0
7604	梅の花	690000	690000	690000	690000	0.001
7605	フジコーポ	145	145	145	145	2
7606	Ｕアローズ	1300	1330	1280	1290	15.3
7607	進和	1160	1180	1160	1180	9
7608	ＳＫジャパン	499	499	499	499	1
7609	ダイトエレク	1860	1920	1860	1900	5
7610	テイツー	350000	350000	340000	343000	0.03
7611	ハイデ日高	1150	1150	1150	1150	1
7612	コモンウェル	370	370	370	370	2
7613	シークス	2200	2250	2160	2240	2.1
7614	オーエムツー	1600	1700	1600	1700	1.3
7615	京都友禅	558000	560000	558000	560000	0.003
7616	コロワイド	1435	1440	1430	1435	2
7617	オオゼキ	4200	4300	4200	4200	7.7
7618	ＰＣＤＥＰＯ	320000	330000	320000	330000	0.007
7619	田中商事	0	0	0	0	0
7620	ヤマト硝子	0	0	0	0	0
7621	うかい	0	0	0	0	0
7622	焼肉サカイ	1480	1530	1470	1510	10.4
7623	サンオータス	396	396	395	395	2
7624	内藤	0	0	0	0	0
7625	ダイニング	1735	1735	1725	1725	0.3
7626	ドッドウエル	1340	1340	1340	1340	4
7627	なか卯	990	990	970	970	3
7628	オーハシテク	1610	1630	1610	1610	1.2
7629	ムラチク	835	835	835	835	1
7630	壱番屋	965	970	960	960	5
7631	マクニカ	7710	7930	7700	7930	61.8
7632	住商メタレックス	674	690	674	675	17
7633	明響社	360	360	344	350	5
7634	星医療	1580	1590	1580	1580	5
7635	杉田エース	0	0	0	0	0
7636	ハンズマン	1290	1300	1290	1300	2
7637	白 銅	1810	1840	1800	1840	14
7638	シーマ	230	230	230	230	1
7639	贔屓屋	716	716	716	716	3
7640	トップカル	0	0	0	0	0
7641	フォーユー	500000	500000	500000	500000	0.006
7642	ビジョン	550	580	550	580	0.8
7643	ダイイチ	380	380	380	380	1
7644	常盤薬品	0	0	0	0	0
7645	日本トイザ	13000	13000	13000	13000	4.5
7646	ＰＬＡＮＴ	2450	2510	2440	2500	32.1
7647	音通	0	0	0	0	0
7648	トーカン	0	0	0	0	0
7649	スギ薬局	3700	3700	3700	3700	2
7701	島津	507	518	501	511	617
7702	ＪＭＳ	382	384	371	372	23
7703	川澄化	874	880	870	880	38
7704	アロカ	855	865	854	863	41
7705	ジーエル	1430	1450	1430	1450	4
7706	セントラユニ	0	0	0	0	0
7707	プレシジョン	3550000	3550000	3400000	3480000	0.019
7708	フォトニクス	2600000	2610000	2450000	2450000	0.044
7709	クボテック	2850000	3000000	2820000	3000000	0.05
7711	助川電気	0	0	0	0	0
7713	シグマ光機	1450	1490	1450	1490	4
7714	モリテックス	3500	3580	3350	3390	107.2
7715	長野計器	2490	2490	2490	2490	2
7716	ナカニシ	2550	2580	2520	2520	5
7717	ブイテクノ	1170000	1180000	1150000	1150000	0.008
7718	スター精	1355	1365	1291	1292	260
7719	東衡機	92	92	92	92	2
7720	ソキア	201	202	200	201	23
7721	トキメック	132	133	131	131	74
7722	国際計測器	536	550	526	535	6
7723	愛時計	282	282	270	270	23
7724	金門	150	159	150	159	12
7725	インタＡＣＴ	730000	731000	710000	711000	0.04
7726	黒田精	269	269	262	265	6
7727	オーバル	152	152	150	150	3
7728	電産トーソク	0	0	0	0	0
7729	東京精	7530	7720	7450	7680	127
7731	ニコン	1466	1510	1450	1481	2254
7732	トプコン	345	345	344	345	22
7733	オリンパス	1795	1810	1753	1781	614
7734	理計器	435	437	432	437	20
7735	スクリン	534	553	530	549	2037
7736	ユニオンＨＤ	111	111	105	109	19
7738	チノン	241	242	241	242	3
7739	キヤノン電	1001	1021	1001	1020	3
7740	タムロン	860	860	831	833	10
7741	ＨＯＹＡ	8270	8290	8010	8010	258.7
7743	シード	0	0	0	0	0
7744	ノーリツ鋼機	2250	2260	2235	2235	10.4
7750	ペンタックス	253	255	253	253	54
7751	キヤノン	4740	4800	4730	4770	2064
7752	リコー	2235	2270	2220	2235	1614
7753	ミノルタ	483	489	479	489	651
7756	電産コパル	1045	1055	1020	1020	17
7757	三協精	530	531	516	530	95
7758	セコニック	328	328	322	322	4
7762	シチズン	943	943	924	937	540
7764	オリエント時計	298	320	298	320	55
7765	リコーエレメ	640	640	640	640	1
7768	ジェコー	0	0	0	0	0
7769	リズム	195	195	191	195	219
7770	ミヨタ	0	0	0	0	0
7771	日本精密	440	440	421	421	2
7851	カワセＣＳ	398	398	381	381	3
7854	バンプレスト	1160	1210	1160	1210	2
7855	カーディナル	230	230	230	230	1
7856	萩原工業	765	767	760	760	4
7857	セキ	0	0	0	0	0
7858	小野産業	450	450	442	442	6
7859	アルメディオ	995	1020	985	1020	6
7860	エイベックス	8040	8480	8040	8390	32.6
7861	東京リスマ	1180	1190	1170	1180	5.2
7862	トッパンフォ	1940	1970	1913	1919	48.3
7863	平賀	0	0	0	0	0
7864	フジシール	4090	4120	4090	4120	1.1
7865	ピープル	665	665	662	662	1.5
7866	アトラス	800	815	781	800	13.5
7867	トミー	2980	3110	2980	3020	36.1
7868	広済堂	1000	1009	987	987	4.6
7869	日本フォーム	0	0	0	0	0
7870	福島印刷	0	0	0	0	0
7871	フクビ	594	600	594	600	2
7872	エステール	0	0	0	0	0
7873	アーク	4750	4750	4750	4750	1
7874	スルガ	3400	3500	3350	3370	6.2
7875	竹田印刷	0	0	0	0	0
7876	三陽PAX	505	520	505	520	4
7877	永大化工	523	525	520	525	10
7878	光彩工芸	165	165	165	165	1
7879	ノダ	450	450	450	450	0.2
7880	南部化成	347	347	347	347	1
7881	ニッソー	73	73	73	73	1
7882	アロン化成	373	377	365	371	36
7883	サンメッセ	0	0	0	0	0
7884	本間ゴルフ	250	255	245	255	7.3
7885	タカノ	1550	1570	1525	1550	20.2
7886	ヤマト・イン	0	0	0	0	0
7887	南プラ	370	370	370	370	3
7888	三光合成	0	0	0	0	0
7889	桑山	525	530	525	530	0.4
7890	アテナ工業	0	0	0	0	0
7891	日本ユピカ	211	211	211	211	4
7892	宇部日東化成	360	365	360	365	5
7893	亜細亜	1015	1015	1012	1012	2
7895	中央化学	1500	1500	1500	1500	0.9
7896	セブン工業	341	341	340	341	5
7897	ホクシン	160	160	156	156	2
7898	ウッドワン	857	857	840	846	14
7899	オザキ軽化	405	410	405	410	3
7900	大出産業	0	0	0	0	0
7901	マツモト	0	0	0	0	0
7902	ソノコム	1160	1160	1160	1160	1
7903	名木材	0	0	0	0	0
7904	天竜木	62	62	62	62	2
7905	大建工	299	301	297	299	44
7906	ヨネックス	390	390	390	390	1
7907	日防腐	0	0	0	0	0
7908	きもと	0	0	0	0	0
7909	シーアイ化	340	340	332	332	3
7910	段谷産業	80	81	77	77	231
7911	凸版	1015	1030	1005	1009	1158
7912	大日印	1500	1519	1483	1493	1438
7913	図書印	220	220	217	218	66
7914	共同印	360	362	354	359	32
7915	日写印	610	612	607	611	42
7916	光村印	373	374	361	361	14
7917	藤森工業	710	710	710	710	2
7918	ヴィアＨＤ	272	312	272	312	4
7919	野崎紙	0	0	0	0	0
7920	三浦印	0	0	0	0	0
7921	宝印刷	1190	1190	1170	1170	3
7922	三光産業	0	0	0	0	0
7923	トーイン	0	0	0	0	0
7925	前沢化成	1450	1470	1440	1440	41.3
7926	ベルテクノ	0	0	0	0	0
7927	ムトー精工	752	752	752	752	1
7928	旭化学	415	420	411	420	4
7929	新輝合成	0	0	0	0	0
7931	未来工業	1120	1130	1120	1130	18.1
7932	ニッピ	0	0	0	0	0
7933	ファイリング	420	420	420	420	1
7934	メルクス	78	80	78	79	17
7935	コンビ	515	530	510	525	24
7936	アシックス	122	123	120	122	84
7937	ツツミ	1770	1770	1770	1770	0.3
7938	リーガル	105	106	105	106	7
7939	研創	0	0	0	0	0
7940	ウェーブＨＤ	279	279	275	275	2
7942	ＪＳＰ	624	624	624	624	2
7943	ニチハ	810	821	810	811	2.7
7944	ローランド	1590	1590	1536	1589	6.1
7945	コマニー	544	544	544	544	5
7946	光陽社	0	0	0	0	0
7947	エフピコ	3430	3680	3400	3680	43.2
7948	ＡＷ・エモト	0	0	0	0	0
7949	小松ウオール	948	948	947	947	3.5
7950	日デコラ	0	0	0	0	0
7951	ヤマハ	1216	1276	1201	1239	414
7952	河合楽	157	157	152	152	59
7953	菊水化	0	0	0	0	0
7954	ジャレコ	453	462	452	461	11
7955	クリナップ	539	539	533	534	7
7956	ピジョン	795	795	780	780	5.1
7957	フジコピアン	150	150	150	150	2
7958	天馬	1550	1550	1525	1530	70
7959	オリバー	0	0	0	0	0
7960	パラマウント	3410	3470	3400	3400	69
7961	兼松日産農	231	240	229	235	73
7962	キングジム	678	678	678	678	1
7963	興研	515	515	515	515	1
7964	セガ	2235	2340	2205	2275	1281.8
7965	象印	500	510	500	510	5
7966	リンテック	1013	1033	1013	1033	4
7967	バンダイ	4450	4450	4320	4340	55.1
7968	田崎真珠	448	450	447	450	16
7969	タカラ	1030	1030	970	990	444
7970	信越ポリ	601	601	597	600	55
7971	東リ	218	218	214	218	75
7972	イトーキ	309	309	307	307	27
7973	ホウトク	124	124	124	124	2
7974	任天堂	20480	20530	19800	19800	231.1
7975	リヒトラブ	194	194	194	194	1
7976	菱鉛筆	805	813	805	812	6
7977	フランスベッド	329	335	326	328	15
7979	松風	656	656	645	645	4
7980	重松製	0	0	0	0	0
7981	タカラスタ	465	470	464	470	95
7983	ミロク	162	162	162	162	1
7984	コクヨ	1556	1579	1511	1511	84
7985	ネポン	208	208	208	208	1
7986	キング工	124	124	120	120	13
7987	ナカバヤシ	243	247	242	243	42
7988	ニフコ	1220	1247	1217	1220	267
7989	ブラインド	659	659	659	659	0.1
7990	ダイワ精	122	122	119	120	90
7991	マミヤＯＰ	229	231	229	229	10
7992	セーラー	414	418	413	416	79
7993	サンウエブ	184	184	182	183	29
7994	岡村製	560	600	555	600	267
7995	バルカー	210	210	200	200	224
7996	パイロット	602	605	600	600	6
7997	くろ工	167	169	167	169	6
7999	武藤工	262	272	262	265	18
8000	カイゲン	455	455	455	455	1
8001	伊藤忠	470	486	465	485	4923
8002	丸紅	230	240	230	240	3487
8003	トーメン	131	132	130	130	627
8004	ニチメン	150	151	147	150	1432
8005	ムトウ	510	517	510	517	5
8006	ユアサフナ	234	239	227	227	260
8007	高島	151	152	145	148	94
8008	アスティ	760	780	760	780	9
8010	新興産業	113	113	113	113	6
8011	三陽商	320	325	315	317	163
8012	長瀬産	550	550	531	549	23
8013	ナイガイ	124	125	120	120	243
8014	蝶理	120	120	113	113	19
8015	豊田通商	442	444	438	439	47
8016	オンワード	1090	1130	1085	1130	859
8017	阪急共栄物産	114	115	114	115	2
8018	三共興	254	254	251	251	19
8019	市田	65	65	64	65	157
8020	兼松	292	323	292	316	6111
8021	レナウン	96	97	95	95	323
8022	ミズノ	344	347	341	344	135
8023	大興電子	0	0	0	0	0
8024	シルバーＯＸ	418	420	410	418	11
8025	ツカモトＣ	140	140	137	140	7
8027	ルシアン	74	75	73	75	43
8028	ファミリーＭ	1950	1990	1932	1966	379.2
8029	ルック	191	192	185	185	18
8030	中央魚	190	190	188	188	9
8031	三井物	651	669	646	665	2502
8032	紙パ商	371	372	369	369	24
8033	ジーネット	0	0	0	0	0
8035	東エレク	8240	8510	8140	8480	2597.9
8036	日立ハイテク	1601	1630	1601	1620	44
8037	カメイ	539	539	537	537	10
8038	東都水	265	270	261	269	22
8039	築地魚	160	160	159	160	6
8040	東ソワール	219	220	219	220	21
8041	魚市場	287	287	287	287	1
8042	マタイ	226	234	224	224	23
8043	スターゼン	230	230	220	226	218
8044	大都魚	138	140	138	140	11
8045	浜丸魚	0	0	0	0	0
8046	丸藤パ	135	135	134	134	6
8048	シャディ	1551	1600	1551	1600	5.1
8050	セイコー	461	525	459	500	1172
8051	山善	208	209	205	206	63
8052	椿本興	194	194	193	193	14
8053	住友商	835	855	822	844	1063
8056	ユニシス	872	873	851	861	129
8057	内田洋	533	533	510	515	283
8058	三菱商	855	894	850	879	2520
8059	第一実	219	220	217	217	18
8060	キヤノン販	1194	1211	1194	1198	166
8061	西華産	174	176	173	174	42
8063	日商岩井	137	138	135	135	4213
8064	金商	112	117	112	117	16
8065	佐藤商	375	375	375	375	1
8066	三谷商	448	448	448	448	1
8067	トミヤアパ	274	274	273	273	4
8068	菱洋エレク	1365	1400	1355	1400	50
8070	東京産	322	322	322	322	3.5
8071	東海物産	0	0	0	0	0
8072	出版貿	0	0	0	0	0
8073	Ｔ・ＺＯＮＥ	246	260	230	258	13
8074	ユアサ商	143	145	141	141	132
8075	神鋼商	152	154	150	154	44
8076	カノークス	95	95	95	95	4
8077	小林産	0	0	0	0	0
8078	阪和興	125	128	125	126	249
8079	正栄食	475	475	472	472	7
8080	ジョイス	0	0	0	0	0
8081	カナデン	453	465	453	461	7
8083	サンテレ	318	320	311	320	12
8084	菱電商	357	357	350	356	16
8085	ナラサキ産業	247	250	240	245	56
8086	ニプロ	1230	1279	1211	1273	757
8087	フルサト	0	0	0	0	0
8088	岩谷産	250	251	247	247	421
8089	ナイス	250	250	247	249	161
8090	昭光通商	206	206	201	204	334
8091	ニチモウ	148	149	146	146	12
8092	富士通シス	1439	1439	1371	1371	8.8
8093	極東貿易	440	450	440	445	45
8095	イワキ	211	211	206	206	6
8096	兼松エレク	660	670	660	670	16
8097	三愛石	421	426	418	420	121
8098	稲畑産	738	738	720	735	77
8101	ＧＳＩクレ	400	418	386	403	1396
8103	明和産	114	115	113	115	19
8105	丸正	145	146	145	146	6
8107	キムラタン	38	41	37	37	328
8109	山洋工	80	81	80	81	3
8110	川鉄商事	120	120	119	119	76
8111	ゴルドウイン	137	137	135	135	8
8112	東スタイル	1267	1304	1267	1302	247
8113	ユニチャーム	5000	5030	4920	4960	65.1
8114	デサント	195	195	192	192	8
8115	ムーンバット	104	107	104	106	25
8116	ダーバン	189	189	184	185	40
8117	中央自	252	255	252	255	12
8118	キング	163	163	163	163	1
8119	三栄コ	290	291	285	290	24
8120	大木	0	0	0	0	0
8123	川辺	0	0	0	0	0
8125	ワキタ	333	334	310	333	231
8126	三光純薬	530	540	526	530	16
8127	ヤマトインタ	148	152	145	147	29
8128	エフワン	66	68	66	68	3
8129	東邦薬	0	0	0	0	0
8130	サンゲツ	1615	1620	1615	1620	2
8131	ミツウロコ	611	621	611	611	7
8132	シナネン	454	457	454	455	21
8133	伊藤忠エネ	485	485	480	484	62
8134	ＴＯＫＡＩ	625	640	625	630	10
8135	ゼット	135	135	135	135	1
8136	サンリオ	1591	1629	1590	1612	104.9
8137	サンワテク	0	0	0	0	0
8138	三京化	192	195	192	193	8
8139	ナガホリ	231	231	231	231	1
8140	リョーサン	1802	1825	1800	1819	44
8141	新光商	680	685	672	672	25
8142	トーホー	0	0	0	0	0
8143	ラピーヌ	96	96	95	95	10
8144	電響社	391	391	390	390	3
8145	中部水産	295	295	295	295	4
8146	小杉産	129	130	129	130	2
8147	トミタ	0	0	0	0	0
8148	上原成	0	0	0	0	0
8150	三信電	662	662	652	652	23
8151	東陽テク	2325	2390	2255	2290	97.9
8152	ソマール	263	263	258	258	3
8153	モスフード	930	935	920	920	24
8154	加賀電子	1490	1490	1461	1461	22
8155	三益半導	1370	1399	1370	1372	48.4
8156	ガステック	480	484	480	484	3
8157	都築電	341	342	341	342	2
8158	ソーダニッカ	196	200	196	200	2
8159	立花エレ	0	0	0	0	0
8160	木曽路	1254	1273	1253	1273	2
8161	エイデン	684	690	683	690	5
8163	サトＲＳ	699	699	697	697	3
8164	キャビン	92	94	92	93	28
8165	千趣会	535	535	530	534	10
8166	タカキュー	79	80	78	79	51.5
8167	丸久	185	185	178	178	8
8168	ケーヨー	500	514	500	514	8.2
8169	宝船	115	115	115	115	2
8170	アデランス	3820	3900	3730	3730	33
8171	ＭＶ中部	0	0	0	0	0
8172	第一家庭電器	128	139	123	137	4603
8173	上新電	292	310	292	302	67
8174	日ガス	671	671	671	671	1
8175	ベスト電	531	533	530	530	19
8176	西洋フードシス	347	350	345	345	27
8178	マルエツ	325	326	323	326	11
8179	ロイヤルＨＤ	1185	1192	1182	1192	23
8180	すかいらく	3800	3800	3700	3720	131
8181	東天紅	293	293	293	293	1
8182	いなげや	707	713	707	713	4
8183	セブン−イレブン	5500	5570	5340	5530	1133
8184	島忠	1590	1600	1570	1580	50.5
8185	チヨダ	470	470	470	470	3.3
8186	大塚家具	8340	8500	8250	8500	6.1
8188	ヨークベニ	3100	3120	3040	3050	75.2
8189	マツヤデンキ	240	240	235	235	12
8190	ヤマナカ	0	0	0	0	0
8191	光製作	0	0	0	0	0
8192	中川無線	77	78	75	78	8
8193	鈴丹	79	79	74	76	2409
8194	ライフコーポ	799	799	799	799	1
8195	デニーズジャパン	1861	1886	1856	1856	11
8196	カスミ	404	405	401	401	21
8197	東急ストア	303	309	303	307	10
8199	デオデオ	740	750	740	750	50.5
8200	リンガハット	1199	1199	1181	1195	6.1
8201	さが美	293	293	293	293	2
8202	ラオックス	400	400	398	400	33
8203	ＭｒＭａｘ	330	338	329	331	13.1
8204	ジョナサン	1550	1600	1540	1550	23
8205	シャクリー	0	0	0	0	0
8206	アポロイン	46	48	46	48	8
8207	テンアライド	385	388	385	388	6.5
8208	エンチョー	345	365	340	365	17
8209	フレンドリ	0	0	0	0	0
8210	フットワーク	7	7	5	6	718
8211	相鉄ローゼ	469	470	469	470	3
8212	オーク	0	0	0	0	0
8214	アオキインタ	364	368	360	365	59.8
8215	銀座山形屋	189	189	189	189	2
8216	フォルクス	523	525	521	525	3
8217	オークワ	1298	1298	1297	1297	3
8218	コメリ	2600	2600	2565	2585	28.6
8219	青山商	1425	1473	1422	1455	534.3
8225	タカチホ	0	0	0	0	0
8226	理経	330	335	330	335	3
8227	しまむら	7260	7300	6800	6850	256.1
8228	マルイチ	890	1000	890	1000	2
8229	ＣＦＳコーポ	794	794	794	794	0.5
8230	はせがわ	680	683	680	680	28
8231	三越	515	525	513	517	1728
8232	東急百貨店	106	107	99	103	944
8233	高島屋	920	958	885	920	531
8234	大丸	486	499	486	488	982
8235	松坂屋	270	273	268	268	21
8236	丸善	603	610	586	588	3339
8237	松屋	398	400	390	392	10
8238	伊勢丹	1372	1380	1342	1380	662
8239	横浜松坂屋	83	83	83	83	2
8240	サッポロライオン	640	640	640	640	1
8241	阪神百貨店	455	455	450	450	14
8242	阪急百	530	544	530	531	206
8244	近鉄百貨店	335	335	327	334	30
8245	丸栄	175	175	171	171	13
8247	大和	0	0	0	0	0
8248	ニッセン	275	275	267	268	38.1
8249	東洋物	0	0	0	0	0
8250	小松ストアー	490	490	490	490	1
8251	パルコ	395	403	393	398	75
8252	丸井	1685	1690	1650	1680	562
8253	クレセゾン	2450	2535	2410	2475	702.3
8254	さいか屋	460	460	460	460	1
8255	原信	880	880	880	880	0.4
8256	プロルート	0	0	0	0	0
8257	山陽百	0	0	0	0	0
8258	ＯＭＣカード	428	430	420	421	161
8259	十字屋	68	70	68	70	223
8260	井筒屋	156	160	156	157	81
8261	ｼ鉄百貨店	200	200	200	200	5
8263	ダイエー	205	215	203	215	3240
8264	イトーヨーカ堂	6590	6730	6280	6300	1250
8265	壽屋	100	100	97	97	33
8266	イズミヤ	386	392	382	390	128
8267	イオン	2725	2780	2665	2695	634
8268	西友	326	330	325	328	211
8269	マイカル	158	160	157	157	421
8270	ユニー	1180	1225	1165	1219	239
8273	イズミ	995	1060	995	1060	63
8274	東武ストア	195	195	188	190	10
8275	フォーバル	1140	1150	1120	1140	4.4
8276	平和堂	738	738	726	726	3
8278	フジ	1891	1909	1891	1894	0.5
8279	ヤオコー	1230	1230	1202	1202	16.4
8280	富士冷機	351	355	350	353	39
8281	ゼビオ	1368	1370	1348	1350	68.9
8282	ギガスケーズ	1620	1630	1600	1600	20.4
8283	パルタック	850	850	800	820	107
8285	三谷産業	0	0	0	0	0
8287	ＭＶ西日本	1200	1200	1200	1200	1
8289	オリンピック	1950	1950	1949	1949	1.2
8290	デンコードー	605	615	605	605	13
8291	東日カーライフ	210	212	210	212	13
8293	愛トヨ	820	820	820	820	1
8295	キャノンシステム	625	628	625	628	7
8298	ファミリー	0	0	0	0	0
8299	大栄太源	0	0	0	0	0
8301	日銀	75000	75000	74000	74000	0.3
8305	みずほＨ	660000	695000	650000	674000	17.326
8306	三菱東京Ｆ	1180000	1270000	1180000	1240000	8.418
8307	ＵＦＪホールディング	761000	802000	753000	793000	9.248
8318	三井住友銀行	1020	1091	1006	1035	17780
8319	大和銀行	162	167	159	161	4003
8322	あさひ銀行	315	326	311	320	6946
8324	第四銀	384	390	381	381	18
8325	北越銀	263	265	256	256	120
8326	福岡銀	512	521	512	517	302
8327	西日本シティ銀	413	420	413	420	47
8328	札幌北洋	651000	670000	651000	660000	0.018
8331	千葉銀	418	425	415	425	528
8332	横浜銀	454	465	440	457	636
8333	常陽銀	398	399	389	393	337
8334	群馬銀	526	535	525	528	113
8335	足利銀行	191	195	191	191	140
8336	武蔵銀	4200	4250	4200	4240	1.6
8337	千葉興	1045	1050	1025	1049	5.5
8338	関東つくば銀	1309	1310	1308	1309	2.9
8339	都民銀	1732	1750	1730	1730	14.6
8341	七十七	668	694	668	685	203
8342	青森銀	460	471	460	465	12
8343	秋田銀	413	423	406	418	111
8344	山形銀	532	548	532	548	4
8345	岩手銀	4250	4250	4100	4100	1.1
8346	東邦銀	390	398	390	392	5
8349	東北銀	217	217	217	217	4
8350	みちのく銀	668	680	668	668	8
8353	北海道銀行	113	113	110	111	96
8355	静岡銀	967	990	967	983	501
8356	十六銀	500	505	495	500	48
8357	北陸銀行	233	236	233	233	135
8358	スルガ銀	800	802	780	780	201
8359	八十二	611	630	610	624	62
8360	山梨銀	370	376	354	354	41
8361	大垣共立	580	598	580	598	31
8362	福井銀	310	314	307	307	7
8363	北国銀	447	450	442	442	24
8364	清水銀	4150	4250	4150	4200	1.4
8365	富山銀	0	0	0	0	0
8366	滋賀銀	485	493	476	481	99
8367	南都銀	376	388	376	385	43
8368	百五銀	470	475	465	466	39
8369	京都銀	505	506	505	505	135
8370	紀陽銀	275	279	275	275	41
8371	近畿大阪銀	180	180	176	180	5
8372	泉州銀	264	264	261	261	7
8374	三重銀	485	485	482	483	5
8375	池田銀	5500	5510	5500	5500	0.4
8379	広島銀	401	405	399	403	157
8380	山口銀	691	700	691	700	61
8381	山陰合銀	582	600	582	596	17
8382	中国銀	800	819	797	803	30
8383	鳥取銀	355	360	355	359	9
8385	伊予銀	651	656	645	645	97
8386	百十四	617	630	616	616	18
8387	四国銀	630	630	611	630	15
8388	阿波銀	503	509	500	501	19
8390	鹿児銀	455	460	445	445	23
8391	親和銀行	359	360	359	359	19
8392	大分銀	565	565	548	548	7
8393	宮崎銀	379	381	376	376	15
8394	肥後銀	405	410	398	398	189
8395	佐賀銀	409	409	400	404	50
8396	十八銀	510	530	510	510	18
8397	沖縄銀	2140	2140	2135	2135	0.6
8399	琉球銀	1495	1525	1495	1515	1
8403	住友信	710	731	699	729	3444
8404	みずほ信託銀	100	101	99	101	998
8408	中央三井信	220	220	218	220	3121
8421	信中金	375000	376000	375000	376000	0.269
8473	ＳＢＩＨＤ	2740000	2760000	2680000	2680000	0.401
8489	アプレック	0	0	0	0	0
8493	インター	975	975	960	960	1
8507	学研クレジット	639	639	639	639	4
8508	イッコー	199	200	196	196	12
8511	日証金	440	465	433	455	668
8512	大証金	228	230	221	221	39
8513	中証金	0	0	0	0	0
8515	アイフル	10530	10910	10450	10450	60.55
8518	アジア投資	292	297	291	291	82
8519	ポケットＣ	3560	3620	3540	3600	260.1
8520	殖産銀行	408	408	408	408	35
8521	長野銀	444	444	440	441	7
8522	名古屋銀	616	617	616	616	11
8527	愛知銀	6680	6680	6680	6680	0.1
8528	岐阜銀	153	153	145	153	45
8529	第三銀	445	445	431	435	15
8530	中京銀	425	425	415	415	9
8533	広島総合銀行	399	399	399	399	12
8536	東日銀	540	543	539	543	72
8537	大光銀	295	297	295	297	2
8539	福岡シティ銀	393	403	391	391	32
8541	愛媛銀	452	452	452	452	1
8542	トマト銀	335	335	335	335	1
8543	みなと銀	280	280	276	276	50
8544	京葉銀	315	316	305	305	98
8545	関西アーバン	152	152	151	151	7
8548	九州銀行	297	297	297	297	19
8549	せとうち銀行	0	0	0	0	0
8550	栃木銀	625	626	625	626	5
8551	北日銀	5240	5240	5160	5230	0.7
8552	びわこ銀	0	0	0	0	0
8556	香川銀	591	598	591	593	7
8558	東和銀	429	435	429	435	35
8561	徳島銀	682	682	682	682	2
8562	福島銀	336	336	335	336	24
8563	大東銀	337	337	332	332	19
8564	武富士	9620	9630	9480	9550	88
8565	三洋クレ	3530	3530	3400	3500	22.3
8566	リコーリース	2100	2120	2070	2120	19.4
8567	クレディア	2095	2135	2080	2095	14.4
8568	シンキ	1180	1200	1160	1180	10.7
8569	ユニココーポ	0	0	0	0	0
8570	イオンクレ	6170	6240	6060	6100	128
8571	ニッシン	2050	2060	2010	2030	21.3
8572	アコム	9900	9950	9650	9830	138.6
8573	三洋信販	4700	4750	4550	4610	52.3
8574	プロミス	9500	9540	9280	9400	332.3
8577	ロプロ	1018	1025	1000	1007	141.5
8579	東京リース	0	0	0	0	0
8580	ファーストクレジット	185	187	178	185	165
8583	日信販	258	268	256	262	2662
8584	ジャックス	370	376	370	370	23
8585	オリコ	259	259	253	253	1291
8586	日立キャピ	2900	2900	2815	2820	237.4
8588	セントラル	362	362	356	356	19
8589	アプラス	166	167	158	158	439
8591	オリックス	10300	10630	10200	10630	205.9
8592	住商リース	1320	1330	1300	1325	56
8593	ダイヤリース	1330	1330	1320	1330	22
8595	ジャフコ	12470	12740	12450	12550	22.5
8597	ＳＦＣＧ	15790	16100	15580	15930	16.37
8599	ＵＦＪセント	470	470	470	470	1
8601	大和証Ｇ	1230	1247	1200	1219	2731
8603	日興コーデ	910	930	885	918	3106
8604	野村ＨＤ	2400	2455	2355	2415	5407
8606	新光	388	404	380	404	1101
8607	みずほイン証	195	198	193	198	677
8609	岡三ＨＤ	635	658	630	657	57
8610	さくらフレンド	248	250	245	245	143
8611	コスモ証	175	176	171	171	224
8613	丸三	540	544	535	543	34
8614	東洋	280	280	273	275	57
8615	三菱証	955	990	954	977	353
8616	東海東京	271	275	270	270	208
8617	光世	209	210	208	209	51
8621	ＵＦＪつばさ証券	380	393	380	392	210
8622	水戸	280	281	280	281	8
8623	ＳＭＢＣ証	266	270	255	255	15.5
8624	いちよし証	530	530	520	520	8
8625	高木	544	546	539	545	37
8626	マネックス	52900	53100	52500	52700	0.237
8627	イー・トレード	810000	810000	800000	801000	0.074
8691	証券代	800	800	800	800	1
8692	だいこう	384	384	380	381	13
8740	フジトミ	0	0	0	0	0
8741	スターフューチャーズ	575	575	575	575	1
8742	小林洋行	1250	1250	1250	1250	2.8
8743	ひまわり証	168	170	168	170	12
8744	日本ユニコム	550	550	550	550	2
8745	グローバリー	0	0	0	0	0
8746	第一商品	228	228	228	228	2
8747	豊商事	475	480	475	480	2
8748	岡藤商事	369	369	369	369	1
8749	エース交易	190	190	190	190	16
8751	東京海上火災	1229	1232	1206	1217	1415
8752	三井住友海上	675	675	657	674	1436
8753	住友海上火災	756	757	740	742	969
8754	日本興亜	465	470	455	465	264
8755	損害保険Ｊ	660	660	645	659	1489
8756	日産火災海上	467	475	466	472	240
8757	日新火	264	264	259	259	25
8759	ニッセイ同和	435	442	429	440	222
8760	日動火災海上	804	804	786	800	177
8761	あいおい損保	402	407	379	385	1203
8763	富士火	200	201	198	200	228
8764	太陽火災	0	0	0	0	0
8765	大成火災海上	365	376	365	376	6
8801	三井不	1297	1300	1261	1273	1346
8802	菱地所	1263	1265	1240	1262	2031
8803	平和不	302	310	300	308	451
8804	東建物	270	270	262	266	701
8805	中央地	127	129	124	128	34
8806	ダイビル	880	880	870	880	14
8809	サンケビル	390	392	390	390	6
8810	港振興	0	0	0	0	0
8815	東急不	178	180	175	176	1271
8817	阪急不動産	396	399	390	399	7
8818	京阪神不	360	360	341	350	15
8821	立飛企	1881	1910	1870	1870	9
8830	住友不	678	684	666	674	1281
8832	小田急不	215	215	215	215	5
8833	東宝不	410	410	403	405	19
8834	藤和不	87	88	83	84	706
8835	太平発	134	134	130	132	30
8836	ヒューネット	400	400	395	399	155
8838	有楽地	219	225	215	225	112
8839	ニチモ	99	102	99	99	34
8840	大京	213	218	212	216	570
8841	テーオーシー	754	765	745	763	39
8842	楽天地	360	360	359	359	7
8844	リクコスモス	415	415	414	414	3
8845	セザール	228	229	223	223	60
8846	積和不動産	460	460	460	460	10
8848	レオパレス	325	340	316	330	244
8850	スターツ	0	0	0	0	0
8851	アバンライフ	170	170	170	170	1
8852	積和不動関西	344	344	344	344	1
8853	ダイヤシティ	328	333	325	333	37
8854	日住	227	227	227	227	3
8855	全日空ビル	0	0	0	0	0
8857	三井不動販売	545	565	545	565	106
8858	ダイア建	249	259	249	259	7
8860	フジ住	482	492	482	490	6
8863	積和不動中部	450	450	450	450	5
8864	空港施設	433	433	430	430	12
8865	神鋼興産	0	0	0	0	0
8866	コマーシャル	255	255	250	250	9
8867	横浜地下街	280	280	280	280	2
8868	ＵＲＢＡＮ	2090	2100	2060	2090	36.5
8869	明和地所	2135	2160	2090	2130	22.9
8870	住不販売	3610	3610	3530	3530	4
8871	ゴールドクレ	8000	8000	7930	7930	9.5
8872	エイブル	0	0	0	0	0
8873	積和不動中国	420	420	420	420	2
8874	ジョイント	3800	3800	3720	3780	12.7
8875	東栄住宅	1631	1631	1600	1600	10.5
8876	リロＨＤ	7250	7300	7200	7300	1.8
8877	エスリード	1090	1090	1050	1050	1.6
8878	日綜地所	1130	1150	1130	1150	8
8879	東急リバブル	756	775	756	763	3.5
8880	飯田産業	1390	1420	1360	1415	166.5
8881	日神不動産	1710	1730	1620	1730	25
8882	ゼファー	2600000	2720000	2600000	2720000	0.008
8884	ディックス	0	0	0	0	0
8886	ウッドフレン	550000	550000	530000	540000	0.004
8887	リベレステ	1750000	1760000	1730000	1730000	0.012
8888	クリード	715000	725000	710000	715000	0.204
8889	アパマン	990000	990000	940000	940000	0.118
8890	レーサムリサ	3300000	3380000	3110000	3110000	0.213
9001	東武	369	375	367	375	330
9002	西武鉄道	1480	1501	1480	1500	49
9003	相鉄	271	278	271	277	85
9004	箱根登山鉄道	269	269	260	260	8
9005	東急	593	595	577	579	985
9006	京急	505	513	504	510	430
9007	小田急	440	448	437	443	321
9008	京王	556	568	551	562	545
9009	京成	285	290	285	290	369
9010	富士急	395	400	395	396	3
9012	秩父鉄	0	0	0	0	0
9013	伊豆箱根鉄道	0	0	0	0	0
9014	新京成	269	269	269	269	1
9017	新潟交	0	0	0	0	0
9019	伊豆急行	0	0	0	0	0
9020	ＪＲ東日本	665000	671000	656000	670000	3.039
9021	ＪＲ西日本	543000	544000	531000	535000	0.985
9022	ＪＲ東海	780000	790000	771000	780000	0.692
9031	西鉄	281	283	277	277	47
9033	広電鉄	1200	1200	1200	1200	2
9034	南総通運	617	689	617	689	11
9036	東部ネット	410	410	410	410	1
9037	ハマキョウ	910	910	901	901	3
9038	東海西濃	0	0	0	0	0
9039	サカイ引越	2310	2310	2305	2305	0.6
9040	大宝運輸	0	0	0	0	0
9041	近鉄	474	478	460	474	409
9042	阪急ＨＤ	404	407	401	402	177
9043	阪神	297	299	295	299	91
9044	南海電	383	385	380	380	52
9045	京阪電	369	369	357	361	104
9046	神電鉄	431	435	431	431	8
9047	名糖運輸	1040	1064	1030	1064	11.8
9048	名鉄	313	318	313	316	138
9049	京福電	0	0	0	0	0
9050	三重交	0	0	0	0	0
9051	センコン物流	0	0	0	0	0
9052	山陽電	263	265	263	265	14
9053	中央運輸	0	0	0	0	0
9054	大和物流	430	437	425	437	4
9055	アルプス物流	565	565	557	560	10
9056	ヒューテック	0	0	0	0	0
9057	遠州トラック	600	600	600	600	3
9058	トランコム	415	420	415	420	12
9059	カンダ	261	261	261	261	1
9060	日ロジテム	0	0	0	0	0
9061	富士物流	207	207	207	207	1
9062	日通	571	588	570	585	1977
9063	岡県運送	0	0	0	0	0
9064	ヤマト運	2600	2600	2520	2590	978
9065	山九	102	102	99	100	150
9066	日新	178	178	176	176	41
9067	丸運	195	195	195	195	1
9068	丸全運	220	232	217	230	270
9069	センコー	215	219	212	217	73
9070	トナミ	219	220	215	216	38
9072	日梱包	708	712	708	712	62
9073	京極運	367	367	367	367	0.2
9074	日石輸	205	205	202	203	27
9075	福山運	480	486	465	486	196
9076	西濃運	519	530	515	530	655
9077	名鉄運	0	0	0	0	0
9078	エスライン	256	256	256	256	1
9079	東急ロジ	0	0	0	0	0
9080	関東西濃	0	0	0	0	0
9081	神奈交	475	480	475	480	3
9082	大和自	0	0	0	0	0
9083	神姫バ	0	0	0	0	0
9086	日立物流	655	656	654	655	31
9087	タカセ	0	0	0	0	0
9088	濃飛西濃	732	732	732	732	1
9089	ロジパル	0	0	0	0	0
9101	郵船	506	517	501	516	3281
9104	商船三井	297	310	295	310	21443
9107	川崎汽	207	215	205	215	4688
9110	新和海	98	105	98	105	929
9113	乾汽船	76	79	76	79	5
9115	明治海	174	174	170	170	15
9119	飯野海	191	193	189	192	282
9123	太平海	57	58	56	57	72
9127	玉井船	48	50	48	50	19
9130	共栄タ	120	120	117	119	16
9132	第一汽	58	60	57	59	175
9133	東栄リーファ	0	0	0	0	0
9151	東京船舶	86	86	85	85	4
9152	関西汽	56	58	55	56	357
9171	栗林船	190	190	190	190	1
9173	東海汽	315	315	315	315	2
9174	ワンダーＴ	268	268	249	249	5
9176	佐渡汽	0	0	0	0	0
9178	日鉄物流	0	0	0	0	0
9179	川崎近海	174	174	174	174	1
9180	新和内航	0	0	0	0	0
9193	東京汽	318	318	317	317	3
9201	日本航空	472	477	468	470	2198
9202	ＡＮＡ	452	460	447	448	4455
9203	日本エアシス	3920	3920	3910	3910	0.5
9204	スカイマーク	130000	134000	130000	130000	0.026
9231	国際航	560	570	550	555	22
9232	パスコ	406	406	404	405	11
9233	アジア航	328	329	322	322	9
9301	三菱倉	1062	1099	1061	1079	357
9302	三井倉	265	265	260	263	533
9303	住友倉	366	369	362	369	1217
9304	渋沢倉	270	275	270	275	184
9305	ヤマタネ	130	132	130	132	13
9306	東陽倉	209	210	209	210	5
9307	杉村倉	0	0	0	0	0
9308	イヌイ建	415	415	415	415	2
9309	京神倉庫	0	0	0	0	0
9310	トランシティ	203	204	201	201	24
9311	アサガミ	0	0	0	0	0
9312	ケイヒン	149	149	147	149	35
9313	丸八倉	190	193	190	190	4
9314	品川倉	0	0	0	0	0
9317	オーナミ	133	133	133	133	2
9318	Ｊブリッジ	0	0	0	0	0
9319	中央倉	598	598	598	598	4
9320	三和倉	158	158	158	158	4
9321	アイロジステ	160	160	160	160	4
9322	川西倉	0	0	0	0	0
9323	ロジステック	0	0	0	0	0
9324	安田倉	366	370	365	369	8
9351	洋埠頭	161	163	160	160	39
9353	桜島埠	340	359	340	350	32
9355	リンコー	134	134	127	127	7
9357	名港海	340	340	340	340	2
9358	宇徳運	137	137	131	131	4
9359	伊勢湾	258	259	258	259	2
9360	鈴与シンワ	0	0	0	0	0
9361	伏木運	0	0	0	0	0
9362	兵機海	0	0	0	0	0
9363	大運	58	58	58	58	4
9364	上組	540	540	528	540	600
9365	トレーディア	0	0	0	0	0
9366	サンリツ	702	702	702	702	0.6
9367	大東港運	98	98	98	98	3
9368	キムラユニテ	0	0	0	0	0
9369	キユソ流通	1301	1320	1300	1300	5.6
9370	郵船航空	1550	1580	1530	1540	21.3
9373	ニッコウトラ	1110	1130	1100	1100	22
9374	軽貨急配	1600	1630	1600	1620	17
9375	近鉄エクス	1100	1105	1100	1105	3
9401	ＴＢＳ	2900	2930	2880	2930	494
9402	ＣＢＣ	0	0	0	0	0
9404	日テレ	40000	40450	39300	39500	23.84
9405	朝日放	8890	8900	8800	8880	0.95
9408	新潟放	0	0	0	0	0
9409	テレビ朝日	278000	281000	277000	277000	0.262
9432	ＮＴＴ	778000	785000	751000	772000	17.081
9433	ＫＤＤＩ	407000	426000	404000	419000	19.092
9434	ボーダフォン	2340000	2340000	2300000	2310000	0.893
9435	光通信	2240	2240	2200	2200	22
9436	沖縄セルラー	221000	221000	219000	219000	0.024
9437	ＮＴＴドコモ	2410000	2420000	2370000	2410000	13.909
9438	ＭＴＩ	391000	391000	375000	376000	0.056
9439	ビーアイジー	260000	260000	256000	256000	0.004
9441	ベルパーク	0	0	0	0	0
9442	ＪＳＡＴ	842000	855000	830000	848000	0.23
9443	インテックコミュ	550	556	550	555	8
9444	トーシン	236000	237000	233000	233000	0.005
9445	フォバルテレ	198000	200000	197000	200000	0.009
9449	ＧＭＯインター	1600	1650	1600	1650	10
9470	学研	164	164	161	162	74
9471	文渓堂	0	0	0	0	0
9472	エスコム	236	240	225	225	28
9473	アスキー	599	620	599	620	12
9474	ゼンリン	1320	1320	1300	1300	43.7
9475	昭文社	1300	1300	1282	1282	6.8
9476	中央経済	0	0	0	0	0
9477	角川ＨＤ	2700	2700	2670	2690	18.6
9478	翔泳社	899000	900000	865000	880000	0.017
9479	インプレスＨＤ	357000	358000	350000	355000	0.282
9501	東電	2825	2850	2815	2850	816.8
9502	中部電	1995	2000	1980	2000	388.7
9503	関西電	1835	1850	1830	1849	467.3
9504	中国電	1710	1714	1690	1701	96.7
9505	北陸電	1560	1568	1555	1568	117.5
9506	東北電	1635	1640	1624	1640	358.9
9507	四国電	1733	1733	1718	1733	125.3
9508	九州電	1664	1680	1650	1670	263.6
9509	北海電	1565	1568	1559	1567	69.3
9511	沖縄電	0	0	0	0	0
9531	東ガス	355	356	350	350	3362
9532	大ガス	347	349	342	345	2128
9533	邦ガス	266	270	265	267	443
9534	北ガス	224	225	221	221	38
9535	広ガス	0	0	0	0	0
9536	西部ガス	169	170	167	168	267
9537	北陸ガ	310	310	310	310	2
9539	葉ガス	285	285	280	280	3
9540	中ガス	231	231	231	231	1
9541	大多喜ガス	319	319	319	319	5
9542	新日ガス	0	0	0	0	0
9600	アイネット	571	600	571	579	7
9601	松竹	488	498	488	498	16
9602	東宝	14600	14700	13900	14290	16.3
9603	ＨＩＳ	2650	2800	2650	2760	70.4
9604	際放映	0	0	0	0	0
9605	東映	497	546	494	530	3817
9607	葵プロ	872	872	870	871	11
9608	福山コンサル	0	0	0	0	0
9609	ベンチャーリ	8000	8100	7900	7900	47.6
9610	ウィルソン	3050	3050	3030	3030	0.6
9611	Ｄワンダー	1100	1100	1090	1090	3
9612	ラックランド	0	0	0	0	0
9613	ＮＴＴデータ	628000	649000	620000	640000	5.62
9614	ベルシス24	45000	45000	43900	44800	1.63
9615	東京美装	411	411	411	411	2
9616	共立メンテ	2700	2700	2685	2685	0.8
9618	エームサービス	1200	1200	1200	1200	1
9619	イチネン	0	0	0	0	0
9620	スクウェア	2600	2650	2595	2635	62.7
9621	建設技研	640	650	630	645	12.7
9622	スペース	442	450	438	440	14.7
9623	キヤノンソフ	0	0	0	0	0
9624	長大	0	0	0	0	0
9625	セレスポ	160	160	160	160	1
9626	日本技開	0	0	0	0	0
9627	アインファマ	1180	1200	1180	1180	3
9628	燦ＨＤ	3700	3700	3650	3650	4.8
9629	ＰＣＡ	1182	1182	1182	1182	0.5
9630	アップ	321	321	321	321	1.5
9631	東急レク	609	609	600	600	4
9632	スバル	350	352	350	352	5
9633	テアトル	169	170	168	168	23
9634	修学社	387	387	387	387	3
9635	武蔵野	430	430	420	420	4
9636	きんえい	0	0	0	0	0
9637	オーエス	785	790	785	790	2
9638	情報技術	0	0	0	0	0
9639	三協フロンテ	515	560	515	550	69
9640	セゾン情報	755	755	750	755	6
9641	サコス	113	114	113	113	4.3
9642	コマスタ	0	0	0	0	0
9643	中日興	0	0	0	0	0
9644	タナベ経営	320	320	310	320	4.5
9645	ダイヤモンドコン	1050	1050	1030	1030	0.5
9646	タイトー	71000	71300	70500	70700	0.079
9647	協和コンサル	220	220	217	217	2
9648	ウエスコ	274	279	271	271	7.4
9649	明電エンジニア	565	566	557	564	5.7
9650	テクモ	1400	1400	1280	1320	42.2
9651	日本プロセス	0	0	0	0	0
9652	日本医療	1180	1180	1160	1160	11.4
9653	ＳＢＩパートナ	450	520	450	520	24
9654	コーエー	4440	4500	4370	4490	30.1
9656	三井ランド	619	619	619	619	0.1
9657	コムテック	0	0	0	0	0
9658	ビジ太田昭	483	483	483	483	2
9660	ＣＲＣソリュ	1255	1280	1255	1270	31
9661	歌舞伎	3960	3960	3960	3960	1
9663	ナガワ	670	670	660	666	4
9664	御園座	999	999	999	999	3
9665	吉本興	953	960	940	959	8
9667	ホリプロ	650	650	650	650	1
9668	相鉄企業	0	0	0	0	0
9669	オークネット	2400	2400	2335	2335	3.4
9671	よみランド	376	385	376	384	22
9672	東競馬	115	117	114	114	122
9673	甲子園土地	0	0	0	0	0
9674	花月園	210	210	195	195	2
9675	常磐興	148	151	148	150	22
9676	松戸公産	416	416	416	416	6
9677	日本ジャンボ	505	506	505	505	1.6
9678	カナモト	538	538	535	538	28
9679	ホウライ	325	325	311	311	5
9680	共成レンテム	600	600	590	590	3
9681	東京ドーム	400	409	396	405	245
9682	ＤＴＳ	5720	5880	5680	5750	12.7
9684	スク・エニ	3080	3170	3060	3170	38
9685	共同コンＨＤ	263	263	263	263	1
9686	東洋テック	375	375	370	370	16
9687	ＫＳＫ	0	0	0	0	0
9689	グリンハウス	0	0	0	0	0
9691	両毛システム	0	0	0	0	0
9692	シーイーシー	1189	1193	1176	1185	11.1
9694	日立ソフト	7540	7650	7400	7480	77.9
9695	鴨川グランド	0	0	0	0	0
9696	ウィザス	295	300	295	300	6
9697	カプコン	3980	4000	3880	3920	58.4
9698	クレオ	740	740	740	740	1
9699	西尾レント	755	755	737	750	15.6
9700	エスアールエル	1430	1485	1415	1475	76
9701	会舘	0	0	0	0	0
9702	アイエスビー	851	851	800	819	11
9703	ジェネラスコーポ	106	109	105	107	49
9704	東海観	56	58	55	56	414
9706	日本空港ビル	1245	1270	1245	1250	25
9707	メデカＪ	790	815	790	815	29
9708	帝ホテル	0	0	0	0	0
9709	日コンピュタ	0	0	0	0	0
9711	日コンシス	0	0	0	0	0
9712	ファイ	178	178	175	177	145
9713	ロイヤルホ	220	230	220	221	31
9714	ＳＲＡ	1210	1251	1210	1251	0.2
9715	トランスコス	5840	5980	5810	5880	60.3
9716	乃村工芸社	335	335	335	335	3
9717	ジャステック	3710	3710	3710	3710	0.2
9718	国際観光会館	195	195	195	195	2
9719	住商情報	4750	4800	4580	4660	35.7
9720	グランド	0	0	0	0	0
9722	藤田観	581	601	581	595	156
9723	京都ホ	0	0	0	0	0
9724	新阪急ホテル	429	444	428	444	131
9725	東急ホテル	182	186	181	181	28
9726	近ツーリスト	317	317	310	310	43
9727	東急観光	129	129	127	127	5
9728	日本管財	1791	1800	1770	1800	22.2
9729	トーカイ	0	0	0	0	0
9730	ワオコーポ	0	0	0	0	0
9731	白洋舎	361	385	361	361	6
9732	東映ラボ	239	239	239	239	1
9733	ナガセ	0	0	0	0	0
9734	精養軒	0	0	0	0	0
9735	セコム	7110	7300	7050	7120	446.5
9736	白青舎	145	145	145	145	4
9737	ＣＳＫ	3030	3300	3030	3280	2932.1
9738	インテック	1121	1138	1104	1125	38
9739	ＮＳＷ	5700	5800	5630	5750	2.9
9740	ＣＳＰ	0	0	0	0	0
9741	日立情報	2800	2870	2790	2810	42.5
9742	アイネス	1120	1171	1120	1139	60.1
9743	丹青社	426	426	424	426	8
9744	メイテック	4160	4220	4030	4090	105.1
9746	ＴＫＣ	1900	1930	1875	1875	8.2
9747	アサツーＤＫ	2705	2705	2645	2650	93.6
9748	ＮＪＫ	526	530	526	530	2
9749	富士ソフト	6710	6740	6600	6730	39
9750	ソラン	1720	1748	1710	1722	29
9751	ＴＩＳ	4030	4080	3980	3980	82.8
9752	ナムコ	2285	2320	2235	2260	224.3
9753	ＩＸナレッジ	531	540	530	540	4
9755	応用地質	1190	1210	1169	1191	21.9
9756	ＡＳＫ	561	561	550	550	14
9757	船井研	580	590	580	590	4
9758	ジシステム	450	450	425	425	19
9759	日システムデ	6930	7200	6920	7060	171
9760	進学会	0	0	0	0	0
9761	東海リース	167	169	167	167	7
9762	大和リース	332	332	327	327	147
9763	丸紅リ	79	79	78	78	12
9764	技研興	0	0	0	0	0
9765	オオバ	125	125	124	125	6
9766	コナミ	5260	5300	5030	5100	826.2
9767	日建工学	0	0	0	0	0
9768	国土環境	630	630	630	630	2
9769	学究社	0	0	0	0	0
9776	札臨	320	320	320	320	1
9777	日電計算	1300	1300	1290	1290	5.8
9778	昴	435	435	415	415	2
9779	メフォス	0	0	0	0	0
9780	ビステム	0	0	0	0	0
9781	石川島汎サ	0	0	0	0	0
9782	ＤＭＳ	0	0	0	0	0
9783	ベネッセ	4600	4660	4500	4510	137.3
9784	日工検	1050	1050	1050	1050	0.5
9785	大新東	225	225	225	225	1
9786	キャッツ	3450	3450	3350	3440	19
9787	Ｊメンテ	1070	1100	1070	1081	22.8
9788	ナック	704	719	704	710	18.9
9789	栄光	415	415	415	415	1
9790	福井コン	710	720	710	720	5.5
9791	ビケンテクノ	519	519	519	519	2
9792	ニチイ学館	4270	4320	4110	4250	75.2
9793	ダイセキ	1700	1701	1690	1700	1.9
9794	カラカミ観光	0	0	0	0	0
9795	ステップ	0	0	0	0	0
9796	ダイテック	1030	1030	1030	1030	0.3
9797	大日本コン	287	288	285	288	4
9799	旭情報	1011	1011	1011	1011	2
9810	日鉄商	85	85	85	85	2
9811	アスティス	320	320	300	300	3
9812	テーオー	0	0	0	0	0
9813	トッキ	3340	3350	3250	3250	17
9814	アシックス商	0	0	0	0	0
9815	カテナ	738	740	731	731	29
9816	バーテックス	0	0	0	0	0
9817	ゴトー	0	0	0	0	0
9818	大丸エナ	0	0	0	0	0
9820	エムティＧ	186	187	186	187	5
9822	なが多	57	57	55	56	367
9823	マミーマート	0	0	0	0	0
9824	泉州電	636	636	635	635	3
9825	アズウェル	570	579	570	570	1.6
9826	ＪＥＵＧＩＡ	0	0	0	0	0
9827	リリカラ	126	126	126	126	1
9828	元気寿司	0	0	0	0	0
9829	ながの東急	0	0	0	0	0
9830	トラスコ中山	1336	1359	1336	1359	5
9831	ヤマダ電	8300	8300	8140	8300	27.3
9832	オートバクス	2810	2830	2810	2810	15.5
9833	エルクコーポ	0	0	0	0	0
9834	リオチェン	0	0	0	0	0
9835	ジュンテン	0	0	0	0	0
9836	リーバイス	470	470	470	470	2
9837	モリト	0	0	0	0	0
9838	トラベラー	0	0	0	0	0
9839	ゲッツブラザーズ	600	600	600	600	3.5
9840	ホーマック	930	931	910	925	30.2
9841	ＢＭＢ	685	691	660	680	982
9842	アークランド	1350	1350	1300	1350	17
9844	ユーエスシー	1130	1130	1120	1120	2
9845	パーカー	0	0	0	0	0
9846	天満屋ス	0	0	0	0	0
9847	ソリスト	1440	1490	1440	1490	7
9848	トヨタカローラ岐阜	0	0	0	0	0
9849	河内屋紙	0	0	0	0	0
9850	グルメ杵屋	860	870	835	835	5
9852	中央物産	0	0	0	0	0
9853	銀座ルノア	440	440	440	440	1
9854	愛眼	892	900	885	886	1.7
9855	くろがねや	327	328	327	328	9
9856	ケーユー	703	703	701	701	0.3
9857	英和	330	345	330	345	1.5
9858	明光商会	1430	1430	1410	1430	3.7
9859	ユーストア	0	0	0	0	0
9860	岐阜日野	0	0	0	0	0
9861	吉野家ディー	170000	172000	168000	169000	0.843
9862	メモレックス・テレ	163	163	163	163	1
9864	ナカイ	250	250	250	250	2
9865	日商エレク	3190	3350	3140	3310	145
9867	ソレキア	385	390	385	385	4
9868	トリイ	0	0	0	0	0
9869	加藤産	590	590	590	590	2
9870	ハナテン	1800	1800	1800	1800	0.1
9871	イトーキ	264	264	264	264	5
9872	北恵	189	189	189	189	1
9873	ケンタッキー	2600	2640	2580	2600	62
9875	マツモトキヨ	3920	3990	3920	3950	142.8
9876	コックス	0	0	0	0	0
9877	マルフル	0	0	0	0	0
9878	セキド	381	381	381	381	1
9879	フタタ	151	153	151	153	4
9880	イノテック	1730	1730	1650	1690	29.2
9882	イエロハット	890	890	876	890	5.6
9883	富士エレ	1050	1060	1020	1060	21
9884	都築電産	530	532	530	532	5
9885	シャルレ	0	0	0	0	0
9887	松屋フーズ	2470	2490	2470	2470	12.5
9888	ＵＥＸ	360	450	360	450	42
9889	ＪＢＣＣ	1300	1320	1291	1319	45.3
9890	マキヤ	0	0	0	0	0
9892	卑弥呼	1210	1210	1210	1210	1
9893	ホームワイド	380	381	380	380	11
9894	アトル	569	569	569	569	1
9895	コンセック	0	0	0	0	0
9896	Ｊ建材	551	551	551	551	1
9897	ユニダックス	743	744	720	721	12
9898	サハダイヤ	55	55	53	54	239
9899	サンデサン	0	0	0	0	0
9900	サガミ	894	894	894	894	1
9901	宮	625	625	625	625	1
9902	日伝	0	0	0	0	0
9903	カンセキ	102	102	101	101	3
9904	ベリテ	196	196	196	196	1
9905	コージツ	0	0	0	0	0
9906	藤井産業	0	0	0	0	0
9907	大電社	0	0	0	0	0
9908	日本電計	530	530	520	520	3
9909	愛光電気	221	222	220	220	8
9911	真電	0	0	0	0	0
9912	ダイワボ情	1265	1280	1263	1280	25.5
9913	日邦産業	245	245	245	245	1
9914	植松商会	187	191	187	191	2
9916	バイタルＮ	695	716	695	695	4.1
9917	マツモト電器	0	0	0	0	0
9918	ダイワラクダ	355	355	355	355	1
9919	関西スーパ	540	545	540	545	15
9920	シービーエム	860	860	860	860	0.6
9921	ギガス	0	0	0	0	0
9922	日立機材	505	505	504	504	4
9923	ダイトーエム	400	400	400	400	1
9924	ドミー	484	484	484	484	1
9925	北の家族	504	539	480	480	141
9926	ダイカ	322	322	320	320	3
9927	ワットマン	310	314	310	314	3
9928	ミロク情報	730	735	730	735	4
9929	平和紙業	0	0	0	0	0
9930	北沢産	213	215	213	214	26.5
9931	家族亭	0	0	0	0	0
9932	杉本商	537	537	530	531	4.5
9934	因幡電産	1329	1335	1310	1319	4
9935	あずみ	0	0	0	0	0
9936	王将フード	955	960	955	960	2
9937	セシール	950	1000	950	960	9
9938	住金物産	92	92	90	91	77
9939	すみや	0	0	0	0	0
9941	太洋物産	0	0	0	0	0
9943	ココス	600	600	600	600	1
9944	インパクト	1280	1280	1266	1279	2.6
9945	プレナス	4850	4850	4800	4840	3.8
9946	ミニストップ	1870	1900	1851	1870	25.5
9947	シムリー	710	738	710	722	5.6
9948	アークス	735	750	735	745	7
9949	タイヨー	0	0	0	0	0
9950	ハチバン	0	0	0	0	0
9951	カーマ	508	513	500	506	36
9952	ドトール	7650	7890	7650	7890	8.9
9953	ダイキ	1183	1190	1183	1190	0.8
9954	東京小僧寿し	490	490	490	490	3
9955	ヨンキュウ	2190	2270	2190	2260	4.7
9956	バロー	0	0	0	0	0
9957	バイテック	1451	1520	1450	1500	2.8
9958	サリ	0	0	0	0	0
9959	アシード	700	700	700	700	0.1
9960	東テク	0	0	0	0	0
9961	エムオーテック	140	140	140	140	5
9962	駿河製機	6700	6700	6430	6600	109.3
9963	江守商事	0	0	0	0	0
9964	アイ・テック	800	800	800	800	1
9965	福原	390	402	390	395	6
9966	藤久	1420	1450	1420	1450	0.9
9967	堺商事	0	0	0	0	0
9968	イチヤ	680	730	650	700	393
9969	ショクブン	815	815	815	815	3
9970	東洋オフィス	0	0	0	0	0
9971	カウボーイ	580	580	580	580	2
9972	アルテック	725	729	702	702	7.3
9973	小僧本部	0	0	0	0	0
9974	ベルク	945	945	945	945	0.3
9975	マルヤ	0	0	0	0	0
9976	セキチュー	545	545	545	545	2
9977	アオキスーパ	0	0	0	0	0
9978	文教堂	850	850	850	850	9
9979	大庄	1309	1309	1290	1308	20.5
9980	マルコ	638	638	620	620	4.1
9981	ニック産業	0	0	0	0	0
9982	タキヒヨー	487	489	487	489	2
9983	ファストリ	24070	24090	23210	23940	110.3
9984	ソフトバンク	4630	4630	4540	4600	1738.7
9985	榮太郎	760	760	760	760	3
9986	蔵王産業	0	0	0	0	0
9987	スズケン	2750	2790	2680	2700	83.2
9988	神港魚類	0	0	0	0	0
9989	サンドラッグ	4520	4550	4450	4500	7.3
9990	東京デリカ	400	400	400	400	3
9991	ジェコス	296	296	291	293	3.3
9992	理研グリン	225	225	225	225	2
9993	ヤマザワ	0	0	0	0	0
9994	やまや	450	450	450	450	0.9
9995	イーストン	580	580	561	575	8
9996	サトー商会	0	0	0	0	0
9997	ベルーナ	3220	3260	3200	3200	16
