20010305
1001	日経２２５	12285	12389	12133	12322	61.483
1002	ＴＯＰＩＸ	1198	1201	1182	1194	61.483
1301	極洋	144	150	143	143	268
1319	日経300F	249	250	245	247	469
1331	ニチロ	228	235	228	230	499
1332	日水	189	195	187	191	729
1333	マルハ	135	136	134	134	351
1351	宝幸水産	72	73	65	68	673
1352	ホウスイ	82	82	80	80	10
1376	カネコ種	635	640	625	640	5
1377	サカタタネ	1800	1816	1780	1806	31.4
1378	雪国まいたけ	660	660	639	639	6
1379	ホクト	4260	4260	4170	4210	22.6
1380	秋川牧園	0	0	0	0	0
1381	アクシーズ	0	0	0	0	0
1491	中外鉱	123	126	121	121	3188
1501	三井鉱山	88	89	87	87	206
1503	住友炭	63	63	60	60	58
1515	日鉄鉱	235	243	233	241	103
1518	三井松島	183	190	183	185	313
1601	帝石	542	554	538	540	495
1603	アラビア石油	1151	1170	1130	1140	375.8
1661	ガス開	471	501	471	475	175
1701	昭和鉱	215	215	206	206	84
1702	共立マテリア	350	350	331	331	3
1731	ペイント	3200000	3200000	2950000	3100000	0.04
1735	伊田テクノス	0	0	0	0	0
1736	オーテック	301	304	301	304	4
1737	三井エンジ	360	360	360	360	3
1738	ＮＩＴＴＯＨ	0	0	0	0	0
1739	ＳＥＥＤ	0	0	0	0	0
1740	極東工業	0	0	0	0	0
1741	ミサワサンイ	0	0	0	0	0
1742	セコムテクノ	2780	2800	2690	2690	6
1743	コーアツ工業	0	0	0	0	0
1744	キョーエイ	0	0	0	0	0
1745	ミサワホーム東海	0	0	0	0	0
1748	ミサワ北日	0	0	0	0	0
1750	カナック	0	0	0	0	0
1751	日立プラサ	0	0	0	0	0
1752	富士通シス	960	960	900	900	12
1753	土屋ツバイ	0	0	0	0	0
1754	東新住建	685	685	680	680	5
1755	JFE工建	0	0	0	0	0
1756	和興エンジ	220	220	220	220	1
1757	千年の杜	319	319	310	315	23
1758	太洋基礎	455	455	455	455	1
1759	ジオトップ	234	234	231	234	9
1762	高松建設	1210	1249	1210	1249	1
1763	北陸ミサワ	0	0	0	0	0
1764	工藤建設	226	228	222	222	5
1765	イビデンテック	0	0	0	0	0
1766	東建コーポ	1120	1120	1110	1110	3
1767	沖ウィン	0	0	0	0	0
1768	ソネック	0	0	0	0	0
1770	藤田エンジ	0	0	0	0	0
1772	東北エンタープライズ	320	325	310	310	5
1774	機動建	201	201	201	201	1
1775	富士電Ｅ＆Ｃ	0	0	0	0	0
1776	三井住建道路	93	93	93	93	4
1777	川崎設備	0	0	0	0	0
1778	古河総設	0	0	0	0	0
1779	松本建工	460	460	460	460	1
1780	ヤマウラ	317	319	315	315	9
1781	国土総合	405	420	400	416	7
1782	常磐開発	0	0	0	0	0
1783	南野建設	61	61	60	60	5
1784	サワコー	38	38	36	37	9.4
1785	ナナボシ	0	0	0	0	0
1786	オリ建	370	383	365	378	10.6
1787	ナカボテック	258	265	258	265	10
1788	三東工業	0	0	0	0	0
1789	山加電業	335	340	335	335	1.2
1790	平和奥田	340	340	340	340	2
1791	三井木材	85	85	80	80	125
1792	みらい建設Ｇ	186	186	184	184	3
1793	大本組	530	530	530	530	1
1795	マサル	280	390	275	370	19
1796	トヨタウッド	220	220	213	213	4.3
1797	藤木工務店	0	0	0	0	0
1798	守谷商会	0	0	0	0	0
1799	第一建設	230	230	230	230	3
1800	利塚地下技術	193	193	190	190	3
1801	大成建	247	251	244	251	3839
1802	大林組	462	476	455	475	1485
1803	清水建	352	355	351	352	1408
1804	佐藤工業	46	49	45	48	381
1805	飛島建	51	51	47	50	197
1806	ACリアル	34	35	33	33	450
1807	渡辺組	0	0	0	0	0
1808	長谷工	33	34	32	34	3271
1809	富士工	63	63	60	61	644
1810	松井建	300	300	299	299	4
1811	銭高組	0	0	0	0	0
1812	鹿島	312	314	307	308	1351
1813	不動建	116	116	113	114	64
1814	大末建	64	64	59	59	101
1815	鉄建	96	96	94	95	184
1816	安藤建	184	186	183	186	84
1817	勝村建	127	131	124	127	36
1818	日産建設	75	75	74	74	4
1819	太平工	134	134	133	133	43
1820	西松建	398	400	395	398	606
1821	三井住友建	58	60	55	55	283
1822	大豊建	147	155	147	155	34
1823	住友建設	62	62	61	61	95
1824	前田建	435	435	417	417	85
1825	環境建設	149	150	140	141	1211
1826	佐田建	117	117	110	110	9
1827	ナカノフドー建	71	72	70	70	18
1828	田辺工業	0	0	0	0	0
1829	大和建設	60	60	57	58	5
1830	共栄冷機工業	0	0	0	0	0
1833	奥村組	396	401	395	399	909
1834	小田急建	220	220	215	215	4
1835	東鉄工	192	193	192	193	4
1836	大日本土木	138	138	132	132	21
1837	間組	49	50	48	49	413
1838	古久根建設	71	75	71	75	5
1839	真柄建	130	130	128	128	9
1840	土屋ホーム	250	250	240	240	10.3
1841	サンユ	0	0	0	0	0
1842	昭和テクノ	762	762	762	762	1
1844	大盛工業	134	134	127	129	21
1845	森本組	119	119	108	119	13
1846	鈴縫工	110	110	110	110	1
1847	イチケン	127	132	124	130	92
1848	富士ＰＳ	455	470	455	470	4
1850	南海辰村建	66	66	66	66	3
1851	大木建設	195	195	190	195	56
1852	浅沼組	130	132	130	132	12
1853	森組	76	76	76	76	1
1854	新井組	96	96	94	94	25.7
1855	東急建設	61	61	60	60	87
1856	ジェイオー建設	0	0	0	0	0
1857	松村組	94	97	94	97	116
1858	井上工	262	264	213	245	691
1860	戸田建	513	518	500	504	389
1861	熊谷組	71	71	66	67	1068
1862	横河工事	331	331	330	330	2.6
1863	テトラ	210	219	210	219	14
1865	青木あすなろ建	131	131	130	130	6
1866	北野建	234	235	226	227	97
1867	植木組	177	187	177	179	23
1868	三井ホーム	415	415	405	405	30
1869	名工建	0	0	0	0	0
1870	矢作建	0	0	0	0	0
1871	ピーエス三菱	378	378	365	365	5.3
1872	アゼル	188	189	186	187	49
1873	東ハウス	310	310	305	305	7
1874	佐藤秀	68	68	65	68	5
1875	青木マリン	250	250	250	250	1
1877	川田建設	0	0	0	0	0
1878	大東建	2090	2100	1990	2040	535.3
1879	新日本建	219	219	218	219	5
1880	スルガコーポ	1160	1160	1160	1160	1
1881	ＮＩＰＰＯ	493	509	493	509	48
1882	東亜道	190	192	190	192	2
1883	前田道	480	480	470	471	56
1884	日道路	159	159	154	155	88
1885	東亜建	145	147	134	134	232
1886	青木建設	30	31	29	30	1038
1888	若築建	92	92	88	88	75
1889	佐伯建	128	128	125	125	19
1890	東洋建	60	61	60	60	117
1892	徳倉建	249	249	249	249	1
1893	五洋建	148	151	145	148	592
1895	大成ロテック	161	161	156	157	26
1896	大林道	230	230	225	227	8
1897	金下建	456	458	455	458	8
1898	世紀東急	77	77	73	73	12
1899	福田組	258	258	256	256	10
1900	白石	294	294	290	290	12
1902	山崎建設	222	222	222	222	7
1904	大成温調	325	325	325	325	1
1905	テノックス	0	0	0	0	0
1906	細田工務	0	0	0	0	0
1907	東北ミサワ	515	515	515	515	0.5
1908	三平建設	0	0	0	0	0
1910	フドウ建研	0	0	0	0	0
1911	住友林	675	684	673	680	46
1912	ミサワセラミ	429	429	429	429	1
1913	旭ホームズ	0	0	0	0	0
1914	日基技	411	413	405	408	19.9
1915	東京ミサワホーム	285	285	285	285	100
1916	日成ビルド	97	98	97	97	13
1917	ニッセキハウス	99	99	88	88	2365
1919	エスバイエル	260	264	260	263	142
1920	殖産住宅相互	64	67	64	64	350
1921	巴	168	168	166	167	48
1922	大成ユーレック	100	101	100	100	15
1923	ミサワホーム	292	296	292	295	272
1924	パナホーム	640	645	635	640	17
1925	大和ハウス	752	776	752	755	1088
1926	ライト	397	397	390	390	81.2
1927	中 部	0	0	0	0	0
1928	積ハウス	985	1029	985	1029	2859
1929	日特建	164	166	164	165	41
1930	北陸電工	0	0	0	0	0
1931	日本電通	297	297	297	297	1
1932	コミュチュア	440	440	440	440	5
1933	西シス建	225	225	225	225	2
1934	ユアテック	359	359	347	350	30
1935	ＴＴＫ	249	249	238	238	17
1936	シーキューブ	245	245	243	245	3.1
1937	西部電工	265	265	265	265	1
1938	千歳電	246	246	245	245	8
1939	四電工	371	371	371	371	6
1940	つうけん	220	220	215	215	9
1941	中電工	1355	1389	1355	1389	10
1942	関電工	541	552	541	546	88
1943	大明	710	720	708	720	33
1944	きんでん	570	580	568	568	529
1945	東京エネシス	363	363	346	346	19
1946	トーエネク	416	416	391	392	56
1947	日本コムシス	1731	1841	1731	1839	535
1948	弘電社	350	360	350	360	23
1949	住友電設	499	499	485	487	8.2
1950	電設工	326	326	320	322	67
1951	協エクシオ	952	957	941	948	186
1952	新日空調	340	340	330	330	15.7
1953	国際電設	0	0	0	0	0
1954	日工営	224	227	224	227	78
1955	東電通	295	295	294	294	40
1956	日電設	340	341	340	340	7
1957	保安工	235	235	235	235	3
1958	三和エレック	235	236	235	235	3
1959	九電工	338	342	335	340	69
1960	サンテック	320	325	320	322	9
1961	三機工	520	543	508	523	117
1962	エルゴテック	0	0	0	0	0
1963	日揮	795	800	781	789	1497
1964	中外炉	292	300	282	290	27
1965	テクノ菱和	500	500	500	500	0.7
1966	高田工	320	320	320	320	1
1967	ヤマト	312	313	312	312	11
1968	太平電	265	282	265	282	21
1969	高砂熱	614	615	608	610	14
1970	日立プラ	279	280	278	278	50
1971	ビルト工	81	81	81	81	7
1972	三晃金	105	115	105	108	41
1973	ＮＥＣシス建	2210	2220	2160	2195	56.3
1974	宮地建設工業	209	210	205	205	16
1975	朝日工	268	271	265	265	39
1976	明星工	126	129	122	129	38
1977	ジェイコス	0	0	0	0	0
1978	アタカ	255	255	250	252	14
1979	大気社	755	768	755	767	10
1980	ダイダン	455	455	454	454	5
1981	協和日成	0	0	0	0	0
1982	日比谷設	480	500	480	500	56
1983	東芝プラ	230	234	230	232	14
1984	三信建	149	150	149	150	17
1985	大和電設	0	0	0	0	0
1986	日商インター	375	385	360	370	14.7
1987	ソルコム	275	275	275	275	5
1988	シボンド建	1396	1420	1389	1405	11.9
1989	北陸電話	223	223	223	223	1
1990	東邦建	0	0	0	0	0
1991	都築通技	0	0	0	0	0
1992	神田通機	0	0	0	0	0
1993	ニッタン	196	198	196	198	12
1994	高橋ウォール	263	263	263	263	2
1995	鈴木工務店	0	0	0	0	0
1996	三菱建設	171	171	171	171	3
1997	暁飯島工業	142	142	142	142	2
1998	日本土建	940	940	940	940	0.9
2001	日本粉	267	277	264	264	428
2002	日清粉	972	976	946	960	325
2003	日東粉	215	215	215	215	1
2004	昭和産	186	190	186	190	82
2006	東福粉	79	79	76	76	5
2007	富士粉	0	0	0	0	0
2008	増田粉	195	195	195	195	3
2009	鳥越粉	325	325	320	320	8
2051	農産工	197	202	195	197	230
2052	協同飼	109	110	107	107	33
2053	中部飼	0	0	0	0	0
2055	日和産	220	223	220	223	6
2056	日配飼	125	127	122	125	61
2057	雪印種	460	460	460	460	3
2102	台糖	240	240	235	235	11
2107	東洋糖	112	113	112	112	12
2108	甜菜糖	153	154	152	152	165
2109	三井糖	213	213	212	213	29
2111	フジ製糖	170	210	169	200	95
2112	塩水糖	280	280	265	270	17
2113	新光糖	190	190	190	190	2
2114	フジ日本精糖	330	330	330	330	4
2116	日新糖	131	131	131	131	13
2201	森永	244	247	241	241	333
2202	明菓	620	639	614	636	490
2204	中村屋	284	284	277	280	9
2205	駿河屋	70	70	63	63	3
2206	グリコ	730	762	724	750	561
2207	名糖産	1060	1060	1060	1060	3
2208	ブルボン	0	0	0	0	0
2209	井村屋	430	430	430	430	4
2211	不二家	225	228	224	225	81
2212	山パン	730	760	730	735	150
2215	一パン	215	240	215	238	298
2216	カンロ	0	0	0	0	0
2217	モロゾフ	198	199	198	199	17
2219	タカラブネ	98	101	98	98	41
2220	亀田製菓	500	500	500	500	2
2221	岩塚製菓	1050	1050	1050	1050	1
2222	寿製菓	0	0	0	0	0
2224	コモ	1510	1520	1510	1520	2
2261	明乳	522	523	504	515	416
2262	雪印	380	383	378	378	393
2264	森永乳	290	293	285	290	185
2266	六甲バタ	0	0	0	0	0
2267	ヤクルト	1255	1270	1250	1260	77
2268	サーティワン	0	0	0	0	0
2281	プリマ	111	112	110	110	125
2282	日ハム	1360	1394	1360	1365	253
2284	伊藤ハ	380	384	379	379	64
2286	林兼	140	144	129	133	616
2287	雪印食品	190	204	190	204	6
2288	丸大食	135	137	135	136	54
2289	相模ハム	580	580	579	579	4
2290	米久	1080	1090	1080	1088	22.5
2291	福留ハ	150	150	150	150	1
2292	ＳＦＯＯＤＳ	835	835	835	835	2
2293	滝沢ハム	0	0	0	0	0
2294	柿安本店	1600	1600	1560	1560	4
2501	サッポロＨＤ	357	358	351	355	367
2502	アサヒ	1126	1149	1126	1136	753
2503	キリン	1129	1130	1114	1121	1001
2531	宝ＨＤ	1671	1750	1671	1704	927
2533	オエノンＨＤ	222	224	222	223	17
2536	メルシャン	285	285	275	279	163
2538	マルキン忠勇	139	139	139	139	5
2540	養命酒	776	790	776	780	4
2571	中京コカ	991	1010	989	1010	36
2572	三国コカ	1230	1238	1220	1229	55
2573	北海コカ	850	850	822	822	4
2575	三笠コカ	1060	1060	1060	1060	29.2
2576	近畿コカ	1220	1220	1200	1210	7
2577	富士コカ	1000	1025	1000	1005	17
2578	四国コカ	1026	1040	1005	1005	1.7
2579	コカウエスト	2390	2395	2345	2345	51.1
2591	カルピス	490	495	472	472	57
2592	ポッカ	388	389	387	387	25
2593	伊藤園	7120	7170	7060	7150	31.6
2594	キーコーヒー	1319	1319	1310	1310	2.9
2595	キリンビバ	2380	2395	2360	2395	47
2596	キューサイ	1779	1779	1731	1740	3.7
2597	ユニカフェ	1485	1485	1450	1460	8.5
2598	アサヒ飲料	725	728	699	700	36.5
2599	ジャパンＦ	804	804	803	803	3
2601	ホーネンコーポ	181	181	178	178	213
2602	日清オイリオ	344	352	343	343	282
2604	吉原製油	279	279	270	275	26
2607	不二油	930	956	930	940	214
2608	ボーソー	160	181	160	165	98
2611	摂津油	0	0	0	0	0
2612	かどや製油	790	790	785	785	3.6
2650	橘テクトロン	695	695	685	690	6
2651	ローソン	3270	3290	3200	3260	61.2
2652	まんだらけ	233000	233000	228000	228000	0.003
2653	イオン九州	1540	1540	1540	1540	1
2654	シンワ	0	0	0	0	0
2655	マックス東北	634	634	634	634	3
2656	ベクター	0	0	0	0	0
2657	インタニクス	1780	1800	1750	1780	13
2658	ウライ	260	260	255	255	11
2659	サンエー	1400	1400	1400	1400	7
2660	キリン堂	543	543	543	543	1
2661	キンレイ	735	735	735	735	2
2662	ダイユエイト	401	401	401	401	1
2663	伊藤伊	535	535	535	535	4
2664	カワチ薬品	7350	7350	7200	7250	8.8
2665	ネクストコム	7000000	7000000	6900000	7000000	0.006
2666	オートウェブ	0	0	0	0	0
2667	イメージワン	0	0	0	0	0
2668	ダン	0	0	0	0	0
2669	カネ美食品	3300	3300	3300	3300	1
2670	ＡＢＣマート	2900	3000	2900	3000	20
2671	エフディシィ	603	605	601	601	4
2672	アクティ２１	590000	590000	590000	590000	0.001
2673	ステイラー	521	540	500	530	14
2674	ハードオフ	1410	1430	1330	1380	24
2675	ダイナック	505	505	505	505	1
2676	高千穂交易	1670	1700	1650	1700	30
2678	アスクル	6700	6700	6600	6600	6
2680	日本オプティ	720	725	720	720	10
2681	ゲオ	811000	850000	811000	850000	0.005
2682	ジューテック	0	0	0	0	0
2683	魚喜	1200	1220	1190	1190	3
2684	プライム	4200000	4350000	4120000	4300000	0.026
2685	ポイント	665	665	645	650	8
2686	ツルヤ靴店	0	0	0	0	0
2687	ＣＶＳベイ	750	750	732	732	3
2688	レックスＨＤ	3300000	3300000	3200000	3210000	0.016
2689	カワニシ	681	684	680	680	18
2690	ソフマップ	2565	2620	2550	2550	35.7
2801	キッコマン	820	822	806	816	199
2802	味の素	1315	1360	1315	1350	1197
2804	ブルドック	608	608	608	608	3
2805	エスビー	580	584	580	584	4
2806	ユタカフーズ	0	0	0	0	0
2808	サンビシ	0	0	0	0	0
2809	キユーピー	1000	1030	1000	1012	107
2810	ハウス食品	1399	1399	1380	1397	40
2811	カゴメ	920	930	899	899	21
2812	焼津水化	1890	1890	1844	1851	24
2813	和弘食品	92	95	92	95	3
2814	佐藤食品	730	730	730	730	2
2815	アリアケ	6850	6850	6570	6600	49.7
2816	ダイショー	705	705	705	705	3
2817	ギャバン	530	530	530	530	1
2830	アヲハタ	785	785	785	785	1
2831	はごろも	1100	1100	1100	1100	2
2871	ニチレイ	439	453	431	442	762
2872	セイヒョー	0	0	0	0	0
2873	加ト吉	2940	2965	2920	2920	108.4
2874	ヨコレイ	611	613	606	613	11
2875	東洋水	918	936	918	926	21
2876	ＪＣコムサ	290	290	290	290	1
2877	日東ベスト	0	0	0	0	0
2878	赤城水産	340	340	340	340	3
2879	ニチロサンフズ	0	0	0	0	0
2891	酵母工	529	529	495	500	58
2892	日食品	260	260	255	260	8
2893	ローマイヤ	102	102	102	102	4
2894	石井食	255	258	253	258	6
2897	日清食	2845	2885	2835	2840	158.7
2898	ソントン	868	868	865	865	2
2899	永谷園	775	776	761	761	8
2900	明星食	220	222	217	221	33
2901	石垣食	0	0	0	0	0
2902	太陽化	600	610	600	600	4
2903	シノブフズ	167	167	164	165	12
2904	一正蒲鉾	0	0	0	0	0
2905	オーケー食	112	112	112	112	1
2906	ホッコク	300	302	300	300	7
2907	あじかん	0	0	0	0	0
2908	フジッコ	1340	1350	1329	1349	18
2909	トオカツフズ	267	267	267	267	6
2910	Ｒフィールド	4600	4720	4600	4620	6
2911	旭松食品	0	0	0	0	0
2912	鐘崎	250	250	250	250	1
2913	フジフーズ	211	211	211	211	1
2914	ＪＴ	825000	825000	815000	825000	1.199
2915	ケンコーマヨ	475	475	470	470	2
2916	仙波糖化	0	0	0	0	0
2917	大森屋	665	665	665	665	1
2918	わらべ日洋	890	890	880	880	2
2920	ケイビー	585	600	550	569	18
2921	フクシマフズ	0	0	0	0	0
2922	なとり	1700	1700	1700	1700	1
3001	片倉	799	829	780	829	891
3002	グンゼ	419	420	414	415	368
3003	昭栄	0	0	0	0	0
3004	神栄	154	159	150	158	8
3007	神戸生絲	45	45	43	43	137
3009	川島織	132	134	131	132	98
3010	上毛	749	750	636	636	262
3011	バナーズ	84	85	84	85	13
3101	東洋紡	251	254	247	250	2977
3102	カネボウ	299	308	299	304	749
3103	ユニチカ	82	83	80	82	758
3104	富士紡Ｈ	53	53	52	52	117
3105	日清紡	582	588	571	574	357
3106	クラボウ	176	186	176	182	412
3107	ダイワボウ	87	89	87	87	48
3109	シキボウ	70	70	67	67	97
3110	日東紡	145	148	145	145	655
3111	オーミケン	67	67	66	66	3
3113	ＢＳＬ	241	245	208	218	1506
3114	同興紡	120	120	120	120	6
3115	テザック	43	43	40	41	120
3116	トヨタ紡織	613	613	610	610	2
3117	興和紡	280	280	280	280	1
3121	アセットイン	55	55	51	51	5
3123	サイボー	0	0	0	0	0
3125	内外綿	0	0	0	0	0
3128	テラボウ	58	59	58	58	8
3129	ファブリカＴ	0	0	0	0	0
3201	日毛	405	413	405	407	93
3202	大東紡	76	77	75	75	36
3203	東亜紡織	60	60	58	58	50
3205	ダイドー	275	275	266	266	51
3206	南海毛糸紡績	73	74	73	74	6
3207	中央毛	147	147	145	145	4
3209	カネヨウ	0	0	0	0	0
3211	太陽毛絲紡	0	0	0	0	0
3216	御幸ＨＤ	400	400	395	395	3
3302	帝繊維	169	169	166	166	4
3304	トスコ	82	82	72	73	16
3306	日本麻	59	59	50	52	17
3401	帝人	532	541	532	538	1357
3402	東レ	415	426	412	422	1327
3403	東邦テナ	82	82	81	81	79
3404	三菱レ	353	364	350	364	968
3405	クラレ	888	890	861	877	671
3407	旭化成	547	549	534	541	1913
3408	サカイオーベ	73	75	73	75	14
3409	北日紡	0	0	0	0	0
3411	オートリ	94	94	94	94	3
3420	ケーエフシー	1030	1030	1030	1030	1
3421	稲葉製作	1590	1590	1590	1590	2.1
3422	丸順	409	409	409	409	2
3423	エスイー	345	350	345	350	3
3424	ミヤコ	480	500	480	500	18
3425	本郷	592	595	580	595	14
3426	アトムリビン	435	435	435	435	2
3428	サンポット	320	320	320	320	9
3501	住江織	143	144	142	142	21
3503	東和織	57	57	57	57	1
3512	フエルト	355	368	355	368	20
3513	イチカワ	255	275	255	275	21
3514	バイリーン	219	219	210	210	43
3515	フジコー	0	0	0	0	0
3521	エコナック	108	108	102	104	117
3524	日東網	67	69	67	68	16
3526	芦森工	179	179	177	177	23
3528	グローベルス	144	144	137	138	50
3529	アツギ	74	74	71	71	204
3532	堀田産	57	57	56	56	5
3533	ダイオ化成	420	420	410	410	3
3534	ＮＢＣ	1400	1400	1250	1320	53
3551	ダイニック	157	162	155	155	75
3552	洋クロス	209	209	205	205	5
3553	共和レ	462	463	462	462	3
3569	セーレン	308	308	300	307	56
3570	オリカキャピ	145	145	145	145	4
3571	ソトー	445	445	445	445	1
3572	大同マルタ	0	0	0	0	0
3576	カンボウ	0	0	0	0	0
3577	東海染	86	86	84	84	26
3578	倉庫精	79	79	69	69	5
3580	小松精	278	278	270	270	12
3581	岐セン	0	0	0	0	0
3583	オーベクス	128	128	128	128	1
3584	福助	125	126	123	123	36
3585	トムスエンタ	290	291	274	274	81
3587	ＩＢダイワ	60	60	56	58	339
3588	丸山工	0	0	0	0	0
3591	ワコール	930	932	915	920	287
3592	ＣＨＯＹＡ	168	168	160	160	8
3593	ホギメデ	6000	6060	5900	5900	13
3594	モリシタ	0	0	0	0	0
3595	ヤギコーポ	0	0	0	0	0
3596	ワールド	3760	3830	3740	3790	43.5
3597	自重堂	0	0	0	0	0
3598	山喜	186	186	186	186	1
3599	コーコス	0	0	0	0	0
3600	フジックス	0	0	0	0	0
3601	ニチメンイン	1182	1210	1180	1210	7.8
3602	イタリヤード	107	109	106	106	10
3603	チャッコット	498	498	498	498	1
3706	東海パ	387	387	372	372	5
3861	王子紙	591	597	590	592	1614
3863	日本製紙	647	664	647	652	1924
3864	三菱紙	232	237	226	227	298
3865	北越紙	739	746	721	726	331
3868	高崎三興	73	74	73	73	50
3869	日本板紙	196	196	195	195	16
3870	日本加工製紙	55	55	54	55	67
3871	大昭和紙	379	390	379	390	47
3872	三島紙	0	0	0	0	0
3877	中越パ	253	255	244	244	114
3878	巴川紙	361	370	360	370	10
3880	大王紙	1081	1090	1081	1081	29
3881	特種紙	406	410	405	405	9
3882	紀州紙	156	159	155	157	30
3886	チューエツ	80	80	80	80	1
3887	中央板紙	97	97	96	96	14
3889	大平製紙	0	0	0	0	0
3890	ゼネＫＫ	396	396	391	391	2
3891	高度紙	1240	1250	1220	1220	4
3892	岡山製紙	276	276	276	276	2
3941	レンゴー	423	438	423	430	836
3944	古林紙	115	115	115	115	2
3945	スパバッグ	197	197	191	191	9
3946	トーモク	202	202	199	199	46
3947	ダイナパック	510	510	510	510	1
3948	光ビジネス	448	450	448	450	2
3949	日本ハイパック	220	220	220	220	2
3950	ザ・パック	0	0	0	0	0
3951	朝日印刷	0	0	0	0	0
3952	中央紙器	299	299	299	299	1
3953	大村紙業	0	0	0	0	0
3954	昭和パックス	392	400	392	400	4
3955	イムラ封筒	0	0	0	0	0
3971	東セロ	250	251	250	251	2
4003	コープケミ	85	85	84	85	8
4004	昭電工	214	216	209	212	7270
4005	住友化学	549	563	546	552	2858
4007	日化成	173	173	166	167	32
4008	住友精化	240	243	240	242	27
4010	三菱化学	343	352	339	348	5244
4021	日産化	739	749	722	725	534
4022	ラサ工	252	252	245	252	86
4023	呉羽化	275	279	273	275	70
4025	多木化	352	352	340	349	11
4026	神島化	302	302	302	302	10
4027	テイカ	247	247	238	238	8
4028	石原産	236	239	228	231	2152
4031	チッカリン	350	360	350	355	16
4032	日東バイオン	196	196	191	191	14
4033	日東エフシー	0	0	0	0	0
4041	日曹達	306	319	306	312	328
4042	東ソー	296	299	293	293	822
4043	トクヤマ	432	439	430	435	206
4044	セ硝子	448	452	440	451	679
4045	東合成	207	209	203	208	372
4046	ダイソー	200	200	180	181	84
4047	関電化	0	0	0	0	0
4050	鶴見曹達	375	375	370	370	3
4061	電化	400	408	398	402	649
4062	イビデン	1520	1550	1495	1495	185
4063	信越化	3800	3820	3670	3700	1911
4064	カーバイド	102	103	101	101	102
4065	紀文フ	368	370	361	362	6
4077	富士チタン工業	498	510	489	489	9
4078	堺化学	633	633	620	625	38
4079	ハクスイテック	0	0	0	0	0
4080	田中化研	1660	1700	1620	1700	5
4086	日本エア・リキード	510	517	507	508	34
4088	エアウォータ	412	414	401	408	90
4089	大阪酸素工業	230	230	224	229	8
4091	大陽日酸	485	485	474	475	510
4092	日本化	365	373	365	373	137
4093	アセチレン	80	80	80	80	2
4094	日化産	300	300	300	300	13
4095	パーカライ	347	347	331	332	10
4096	昭炭酸	295	295	290	294	13
4097	高圧ガス	325	325	322	322	3
4098	チタン	145	148	145	148	8
4099	四国化	391	391	390	390	5
4100	戸田工	471	481	471	473	30
4101	日興酸素	0	0	0	0	0
4102	丸尾カル	0	0	0	0	0
4103	大陽東洋酸素	231	233	225	229	150
4104	タテホ	213	219	211	218	22
4105	メルテックス	840	840	810	810	2
4106	ケムキャット	1180	1200	1150	1200	6
4107	伊勢化	375	375	360	370	10
4109	ステラケミ	3930	3950	3900	3900	19.9
4112	保土谷	184	184	168	175	143
4113	田岡化	303	309	276	276	16
4114	日触媒	432	437	430	431	94
4115	本州化	605	606	600	601	16
4116	大日精	350	354	350	354	14
4117	川崎化	103	104	100	104	15
4118	カネカ	925	934	920	925	697
4119	ピグメント	259	259	250	250	2
4120	スガイ	240	240	240	240	3
4123	山化成	0	0	0	0	0
4151	協発酵	758	783	755	783	758
4182	菱ガス化	326	330	322	323	417
4183	三井化学	485	489	481	482	899
4185	ＪＳＲ	673	679	667	672	400
4186	東応化	1840	1845	1801	1810	38.6
4187	大有機	421	421	421	421	2
4201	日合成	145	146	143	143	109
4202	ダイセル	347	354	345	351	296
4203	住友ベ	927	937	911	915	828
4204	積水化	338	339	333	336	529
4205	ゼオン	450	465	450	459	1833
4206	アイカ	670	680	655	665	120
4208	宇部興	253	257	248	249	2475
4209	フドー	78	79	78	79	3
4210	東洋化学	350	355	336	350	44
4212	積水樹	352	353	352	353	5
4213	菱樹脂	206	206	199	200	134
4214	高分子	328	329	323	328	68
4215	タキロン	315	315	312	312	47
4216	旭有機	320	320	315	315	36
4217	日立化	1875	1920	1840	1870	330.5
4218	ニチバン	319	327	319	320	10
4219	プラス・テク	78	78	78	78	2
4220	リケンテクノ	307	312	297	302	66
4221	大倉工	345	347	345	347	30
4222	児玉化	61	61	58	58	47
4224	ロンシール	70	70	70	70	18
4225	筒中	295	299	295	296	18
4226	テスコ	0	0	0	0	0
4227	郡是高分子	0	0	0	0	0
4228	積化成	188	189	184	187	44
4229	群栄化	157	157	153	155	64
4231	タイガポリ	0	0	0	0	0
4232	東芝ケミカル	283	283	275	275	20
4233	ワコー	300	300	300	300	3
4234	サンエー化研	850	850	830	840	3
4271	カーリット	794	794	793	793	2
4272	日化薬	560	574	552	552	199
4274	細火工	0	0	0	0	0
4361	川口化	129	129	129	129	1
4362	日精化	420	430	420	422	19
4363	新日鐵化学	278	282	274	275	551
4364	マナック	395	395	395	395	3
4365	松本油脂	1750	1750	1750	1750	1
4366	ダイトーケミ	580	580	580	580	2
4367	広栄化学	0	0	0	0	0
4401	旭電化	766	774	753	770	271
4403	日油脂	253	253	244	244	214
4404	ミヨシ	232	232	222	223	53
4406	日理化	587	590	585	590	13
4409	東邦化	210	210	210	210	5
4410	ハリマ化成	385	385	380	384	4
4452	花王	2900	2955	2900	2930	2025
4461	一工薬	275	275	270	270	16
4462	石原薬品	889	889	888	888	6
4463	日華化学	362	362	362	362	2
4471	三洋化	850	855	843	843	65
4501	三共	2490	2585	2490	2505	1393
4502	武田	5490	5530	5410	5480	1297
4503	アステラス薬	4490	4590	4480	4510	948
4505	第一製薬	2690	2755	2680	2680	344
4506	大日薬	1745	1750	1705	1707	245
4507	塩野義	1810	1916	1800	1893	575
4508	田辺薬	906	930	906	920	450
4509	三菱ウェルファーマ	815	818	780	788	451
4511	藤沢薬品	2900	2920	2875	2915	503
4512	わかもと	416	416	408	408	8
4514	帝臓器	720	733	720	733	8
4515	萬有製薬	2290	2360	2290	2355	163
4516	日新薬	776	778	770	770	69
4517	ビオフェル	0	0	0	0	0
4518	富山化	440	445	430	435	350
4519	中外薬	1640	1655	1640	1648	696
4520	和光堂	3010	3010	3000	3000	5.7
4521	科研薬	777	793	770	778	1705
4523	エーザイ	2960	2980	2905	2955	703
4524	仁丹	1691	1720	1689	1720	17
4526	理ビタ	1460	1520	1451	1451	7
4527	ロート	1131	1135	1110	1110	46
4528	小野薬	3850	4150	3830	4080	396
4529	日研化	344	349	344	349	18
4530	久光薬	1799	1826	1760	1825	21
4531	有機薬	389	406	389	404	85
4534	持田薬	914	950	914	940	595
4535	大正薬	2400	2425	2365	2400	336
4536	参天薬	2135	2135	2100	2115	40
4537	エスエス	1078	1110	1078	1085	67
4538	扶桑薬	530	540	520	540	39
4539	ケミファ	237	240	235	235	19
4540	ツムラ	370	376	362	362	95
4541	日医工	192	193	180	180	19
4542	三笠薬	410	410	410	410	3
4543	テルモ	2110	2125	2070	2085	414.7
4544	みらかＨＤ	819	819	760	800	174
4545	国際試薬	351	351	351	351	3
4546	北陸製薬	2495	2500	2460	2500	94
4547	キッセイ	2235	2275	2235	2245	13
4548	生化学	1100	1130	1050	1080	40
4549	栄研化	1661	1730	1651	1730	92
4550	日水薬	618	628	617	628	8
4551	鳥居薬	2130	2170	2105	2105	10.9
4552	日本ケミカル	718	720	710	715	14
4553	東和薬品	1120	1120	1100	1100	32
4554	富士製薬	406	406	380	381	8
4555	沢井製薬	992	992	985	985	8.5
4556	カイノス	1110	1110	930	950	37
4557	医学生物	1800	1810	1550	1620	406
4558	中京医薬	1000	1000	1000	1000	1.5
4559	ゼリア新薬	1050	1050	1025	1025	6
4560	キョーリン薬	4500	4550	4500	4500	38
4561	デンカ生研	1750	1750	1750	1750	2
4611	大日塗	161	161	156	156	97
4612	日本ペ	361	387	352	363	333
4613	関西ペ	345	349	343	345	96
4614	トウペ	110	110	110	110	1
4615	神東塗	108	110	106	110	16
4616	川上塗	0	0	0	0	0
4617	中国塗	207	211	207	211	30
4619	日特塗	255	255	255	255	2
4620	藤倉化	395	415	395	406	56
4621	ロック	694	694	694	694	1
4622	ユニペイン	0	0	0	0	0
4623	アサヒペン	213	213	210	212	20
4624	イサム	0	0	0	0	0
4625	アトミクス	295	295	295	295	2
4626	太陽インキ	5200	5200	5000	5060	3.2
4627	ナトコ	685	685	610	650	28
4628	エスケー化研	2020	2020	2020	2020	2
4629	大伸化学	0	0	0	0	0
4631	インキ	309	313	306	307	738
4633	サカタＩＮＸ	265	268	265	268	9
4634	洋インキ	336	345	336	344	1016
4635	東インキ	253	253	253	253	1
4636	Ｔ＆Ｋ	2000	2000	1970	1970	1.7
4640	アンドール	250	260	250	251	6
4641	アルプス技	1312	1312	1312	1312	3
4642	オリジナル設	860	860	860	860	0.5
4643	コナミスポ	6110	6150	5970	5970	4
4644	イマジニア	905	910	900	900	3.5
4645	市進	0	0	0	0	0
4646	ジャスフォート	850	850	850	850	0.1
4649	大成	0	0	0	0	0
4650	スガイエンタ	544	544	544	544	0.1
4651	サニックス	4500	4850	4500	4850	21.2
4652	ウッドランド	920	920	850	885	14.2
4653	ダイオーズ	561	561	561	561	1
4654	ニチゾウテク	310	310	310	310	3
4655	ＮＯＶＡ	655	660	645	660	8
4656	サン・ライフ	0	0	0	0	0
4657	環境管理	0	0	0	0	0
4658	日本空調	560	590	560	590	3
4659	エイジス	0	0	0	0	0
4660	ニッポン放送	4120	4140	4040	4090	24
4661	ＯＬＣ	6800	6880	6720	6730	159.4
4662	フォーカス	1130	1370	1120	1320	226.5
4663	ＡＴＬ	450000	450000	425000	425000	0.01
4664	ＲＳＣ	0	0	0	0	0
4666	パーク２４	8400	8400	8250	8250	5.7
4667	アイサンテク	118	118	110	117	8
4668	明光ネット	0	0	0	0	0
4669	ニッパンＲ	0	0	0	0	0
4670	セタ	500	500	460	460	8
4671	ファルコバ	1610	1620	1451	1513	30
4672	ベルックス	0	0	0	0	0
4673	川崎地質	0	0	0	0	0
4674	クレスコ	4900	4900	4750	4750	1.8
4675	エヌエス環境	0	0	0	0	0
4676	フジテレビ	794000	824000	780000	810000	4.001
4678	秀英	834	834	800	800	3.5
4679	田谷	2890	2980	2890	2895	13.5
4680	ラウンドワン	111000	112000	105000	107000	0.527
4681	リゾートトラ	3190	3190	3100	3170	20.1
4682	電通テック	7000	7200	6900	7200	2.4
4683	堀内カラー	0	0	0	0	0
4684	オービック	19900	20600	19360	20600	5.9
4685	菱友システム	500	500	500	500	3
4686	ジャスト	2440	2600	2440	2580	33.2
4687	ＴＤＣソフト	2280	2280	2250	2250	0.6
4688	日本ドレーク	5820	6350	5820	6260	5.2
4689	ヤフー	6250000	6250000	5650000	6110000	0.391
4690	日パレット	240	240	240	240	1
4692	アルゴ２１	2380	2420	2325	2420	8.2
4694	ＢＭＬ	3000	3040	2900	3040	6.8
4695	マイスター	455	460	440	450	88
4696	ワタベ	0	0	0	0	0
4697	ゼロ	152000	156000	143000	147000	0.038
4699	ウチダエスコ	0	0	0	0	0
4700	アクセス	2430000	2630000	2380000	2630000	0.031
4701	プレック研	430	430	430	430	1
4702	55ステーション	520	520	520	520	2
4703	住商オート	836	840	835	840	5.9
4704	トレンド	8750	9190	8400	8970	326
4705	クリップ	220	220	220	220	1
4706	富士通サポート	4830	4900	4400	4520	252.3
4707	キタック	0	0	0	0	0
4708	もしもしＨＬ	10510	10510	9800	10200	2.7
4709	ＩＤ	1140	1140	1060	1070	14.5
4710	ウィン	0	0	0	0	0
4711	コミュニティ	1187	1187	1120	1120	2.6
4712	アドアーズ	316	316	310	312	26
4713	日信電サ	950	950	950	950	2
4714	リソー教育	200000	207000	198000	198000	0.051
4715	クリエイティブ	321	321	321	321	2
4716	日本オラクル	16000	16000	14600	14900	481.7
4717	ソデッソジャパン	1480	1480	1470	1470	2
4718	早稲アカ	298	299	295	295	12
4719	アルファシス	8510	8710	7950	7950	38.4
4720	城南進研	555	555	555	555	1
4721	フジスタッフ	1750	1750	1580	1610	13.4
4722	フューチャー	990000	1060000	990000	1050000	0.104
4723	グッドウィル	287000	291000	271000	271000	0.439
4724	シチエ	820	835	800	835	2.6
4725	ＣＡＣ	3320	3320	3070	3070	9.2
4726	ソフトバンテク	4000	4000	3790	3850	17
4727	アジアＳ総研	1120	1120	1070	1070	3.6
4728	トーセ	3450	3450	3450	3450	0.1
4729	コナミスタジオ	290000	290000	274000	290000	0.056
4730	関西メンテ	528	528	528	528	4
4731	ユニバホーム	0	0	0	0	0
4732	ＵＳＳ	2890	2910	2860	2890	92.1
4733	ＯＢＣ	7370	7570	7100	7300	12.2
4734	ビーイング	560	560	530	530	5
4735	京進	275	275	275	275	1
4736	日本ラッド	0	0	0	0	0
4737	シダックス	870	870	850	851	10.9
4738	日立ビジネス	1528	1568	1501	1568	27.6
4739	ＣＴＣ	14490	14600	13310	14300	453.3
4740	ニューディル	234000	240000	195000	200000	0.682
4741	ＩＲＩ	1410000	1430000	1330000	1330000	0.023
4742	エイトコン	0	0	0	0	0
4743	アイティフォ	2600	2600	2460	2530	5.7
4744	メッツ	0	0	0	0	0
4745	東京個別	0	0	0	0	0
4746	東計電算	860	870	858	859	6
4747	Ｃフィッシュ	750000	752000	749000	750000	0.006
4748	構造計画	1150	1150	1100	1140	4
4749	アドバックス	95	105	95	105	3
4750	ダイサン	230	230	230	230	1
4751	サイバエージ	650000	660000	650000	650000	0.029
4752	昭和システム	0	0	0	0	0
4753	ライブドア	1540000	1540000	1540000	1540000	0.002
4754	トスネット	0	0	0	0	0
4755	楽天	1240000	1260000	1120000	1180000	0.353
4756	ＣＣＣ	1700	1700	1700	1700	4
4757	インテリ	1570000	1570000	1210000	1320000	0.161
4758	シーアイエス	2380000	2380000	2300000	2300000	0.004
4759	ライブＭ	1000000	1000000	1000000	1000000	0.002
4760	ＡＬＰＨＡ	585	585	580	580	7
4761	さくらＫＣＳ	0	0	0	0	0
4762	エクスネット	2410000	2410000	2300000	2300000	0.004
4763	クリークリバ	2070000	2070000	2060000	2060000	0.002
4764	Ｄデザイン	0	0	0	0	0
4765	モーニングＳ	3350000	3350000	3200000	3200000	0.003
4766	ピーエイ	900	900	900	900	2
4767	ＴＯＷ	985	985	950	950	21
4768	大塚商会	3030	3080	2800	2900	22
4769	インフォクリ	0	0	0	0	0
4770	エルミック	1120	1120	1080	1100	13
4771	Ｆ＆Ｍ	1000000	1000000	960000	1000000	0.003
4772	デジタルアド	2210	2220	2100	2180	10
4773	Ａ＆Ｉ	0	0	0	0	0
4774	NECソフト	8100	8100	7200	7450	105.6
4775	総合メディカ	3810	3860	3800	3800	0.5
4776	ＣＹＢＯＺＵ	1020000	1020000	910000	910000	0.02
4777	ガーラ	540000	540000	500000	500000	0.005
4778	ヒューマネジ	1000000	1000000	850000	940000	0.041
4779	ソフトブレン	405000	430000	400000	430000	0.016
4780	コナミ東京	1250	1250	1230	1230	7
4781	日本ハウズ	550	550	535	535	3
4782	オリコンサル	245	245	240	245	5
4783	日ダイナミク	572	572	570	570	3
4784	まぐクリック	1190000	1330000	1190000	1200000	0.012
4785	Ｓサイエンス	453	453	453	453	1
4786	ディジット	550000	551000	515000	530000	0.023
4787	ＮＣＧ	800000	801000	770000	800000	0.023
4788	サイバＣＯＭ	500000	500000	453000	458000	0.047
4789	エスイーラボ	649	649	649	649	2
4790	グレース	250000	250000	241000	241000	0.002
4791	ドリーム・トレイン	590000	590000	590000	590000	0.002
4792	ＴＦＰコンサ	510000	510000	510000	510000	0.001
4793	富士通ＢＳＣ	3500	3510	3260	3260	15.3
4794	デザインＥＸ	475000	475000	435000	460000	0.027
4795	スカパー	169000	169000	153000	163000	2.802
4797	アイシーエフ	260000	260000	240000	240000	0.007
4798	日本ＬＣＡ	602	610	565	565	19
4800	オリコン	780000	780000	750000	760000	0.007
4801	セントラルＳ	1320	1330	1300	1300	7.8
4812	電通国際情報	7700	7800	7400	7460	23.3
4813	ＡＣＣＥＳＳ	3580000	3580000	3270000	3500000	0.025
4814	ネクストウェ	620000	630000	611000	611000	0.009
4815	ジャパンＤＣ	275000	275000	260000	266000	0.008
4816	東映アニメ	5850	5850	5400	5450	35
4818	サイトデザイン	350000	350000	310000	311000	0.014
4819	デジタルガレ	1190000	1200000	1140000	1180000	0.03
4820	イーエムシス	1850	1850	1750	1800	7
4821	ウェブゲノム	1830000	1860000	1630000	1720000	0.17
4822	ハドソン	930	930	930	930	64
4823	サイバード	1580000	1680000	1480000	1520000	0.076
4824	メディアＳ	861000	871000	824000	825000	0.029
4825	ウェザーニュ	1682	1682	1500	1510	9
4826	ＣＩＪ	1160	1180	1050	1120	31.4
4828	東洋ビジネス	5400	5450	5350	5400	4.1
4829	日本エンター	970000	1010000	925000	925000	0.016
4830	サンライズ	478	478	450	450	62
4831	オープンルプ	1600000	1600000	1600000	1600000	1.759
4901	富士写	4190	4380	4160	4350	1171
4902	コニカＨＤ	661	689	661	670	759
4911	資生堂	1208	1217	1195	1210	1138
4912	ライオン	430	434	428	431	116
4913	サンスター	328	328	320	327	8
4914	高砂香	435	440	431	431	92
4915	エイボンＪ	216	217	216	217	2
4916	ノエビア	1030	1030	1010	1020	4
4917	マンダム	1310	1340	1290	1290	84.6
4918	アイビー	382	382	382	382	1
4919	ミルボン	4700	4710	4680	4710	1.3
4920	日本色材	0	0	0	0	0
4921	ファンケル	5000	5020	4800	5000	53.3
4922	コーセー	4450	4450	4400	4440	47.4
4951	エステー化	710	710	710	710	7
4953	タイホー工業	1680	1680	1550	1600	39
4954	マークテック	360	370	360	370	3
4955	アグロカネシ	0	0	0	0	0
4956	コニシ	980	980	949	949	2.1
4957	ヤスハラケミ	725	725	725	725	1
4958	長谷川香料	1751	1751	1720	1720	19.9
4959	シーシーアイ	0	0	0	0	0
4960	ケミプロ	420	420	411	420	3
4961	日油技研	0	0	0	0	0
4962	互応化学	0	0	0	0	0
4963	星光ＰＭＣ	515	515	515	515	1
4964	星光化学工業	0	0	0	0	0
4965	曽田香料	0	0	0	0	0
4966	上村工	1650	1660	1650	1655	7
4967	小林製薬	4750	4760	4480	4480	23.7
4968	荒川化工	788	788	768	768	2
4970	東洋合成	1130	1140	1130	1140	3
4971	メック	1620	1640	1600	1600	5
4987	寺岡製	680	680	661	680	4
4989	イハラケミ	193	197	190	192	26
4990	昭和化	250	250	245	245	4
4992	北興化	303	305	300	300	9
4996	クミアイ化	163	163	160	163	14
4997	日農薬	206	207	200	202	49
4998	フマキラ	173	175	171	175	18
4999	セメダイン	288	293	288	293	9
5001	新日本石油	562	575	559	575	2390
5002	昭和シェル	588	588	570	574	209
5006	興亜石油	269	269	265	267	55
5007	コスモ石	219	219	211	215	569
5008	東亜石	122	122	116	117	76
5009	富士興	68	69	67	67	67
5010	日精蝋	84	84	84	84	3
5011	ニチレキ	410	414	402	410	9
5012	東燃ゼネ石	705	705	676	680	1089
5013	ユシロ	540	541	540	540	8
5014	ジャパンエナジー	188	189	183	186	4903
5015	ＢＰカスト	600	650	600	600	7.3
5101	浜ゴム	231	235	230	232	300
5102	大機エンジ	195	195	195	195	5
5103	昭ゴム	148	158	147	153	1102
5104	日東化工	166	171	154	160	79
5105	洋ゴム	138	139	137	137	179
5106	オーツタイヤ	174	174	170	171	69
5108	ブリヂストン	1140	1149	1123	1147	2290
5110	住友ゴ	530	562	530	561	371
5121	藤ゴム	188	189	180	184	33
5122	オカモト	250	254	250	252	23
5123	ミサワ東洋	0	0	0	0	0
5142	アキレス	142	143	141	142	65
5143	世界長	86	88	83	84	62
5161	西川ゴム	617	617	617	617	1
5162	朝日ラバー	0	0	0	0	0
5184	ニチリン	310	310	310	310	1
5185	フコク	480	480	468	470	19.5
5186	ニッタ	1050	1060	1043	1045	21.1
5187	クリエート	510	510	510	510	3
5188	帝都ゴム	119	119	119	119	1
5189	桜ゴム	360	370	360	360	5
5191	東海ゴ	1250	1251	1249	1251	20
5192	三星ベ	268	269	268	268	38
5193	平成ポリマー	0	0	0	0	0
5194	相模ゴ	415	415	415	415	1
5195	バンドー	235	248	234	244	165
5196	鬼ゴム	90	90	89	90	11
5199	不二ラテ	0	0	0	0	0
5201	旭硝子	790	800	771	800	1204
5202	板硝子	1084	1152	1082	1125	4455
5204	石塚硝	204	204	201	204	8
5205	日本無機	317	319	305	314	58
5208	有沢製	2660	2660	2550	2550	9.2
5210	日山村硝	170	174	170	174	118
5212	不二硝	0	0	0	0	0
5213	芝セラミ	470	480	460	460	192
5214	日電硝	1755	1800	1755	1785	303
5215	旭テクノグラス	606	606	590	598	52
5216	倉元	1380	1390	1350	1360	15.9
5217	テクノクオツ	1410	1410	1410	1410	3
5232	住友大阪	293	303	286	286	1346
5233	太平洋セメ	217	222	216	218	1620
5234	デイ・シイ	156	157	155	155	8
5237	ノザワ	85	85	85	85	3
5261	ミサワリゾ	218	220	218	219	17
5262	日ヒューム	166	171	165	171	30
5266	テイヒュー	119	119	119	119	1
5267	ハネックス	152	157	145	147	49
5268	旭コン	289	289	289	289	2
5269	日コン	92	92	90	90	8
5271	トヨアサノ	121	121	121	121	1
5273	三谷セキ	0	0	0	0	0
5274	ゼニパイプ	0	0	0	0	0
5276	石建工	305	305	305	305	1
5277	スパンクリト	285	285	285	285	15
5278	エバタ	113	113	113	113	3
5279	日本興業	170	179	161	170	15
5280	ヨシコン	0	0	0	0	0
5281	旭ダンケ	0	0	0	0	0
5282	ジオスター	0	0	0	0	0
5283	高見沢	0	0	0	0	0
5284	ヤマウ	0	0	0	0	0
5285	ヤマックス	0	0	0	0	0
5286	武井工業	0	0	0	0	0
5287	イトヨーギョ	0	0	0	0	0
5301	東海カ	261	269	258	263	323
5302	カーボン	122	126	114	120	3028
5304	エスイ−シ−	215	225	201	205	8
5331	ノリタケ	578	592	578	582	273
5332	ＴＯＴＯ	755	798	755	779	505
5333	ガイシ	1238	1275	1218	1255	898
5334	特殊陶	1215	1228	1202	1220	1224
5336	INAX	575	581	569	581	147
5337	ダントー	343	349	343	343	20
5338	大トー	130	130	130	130	3
5341	アサヒ陶	116	116	116	116	7
5342	ジャニス	83	83	83	83	2
5343	ニッコー	340	340	340	340	5
5344	ＭＡＲＵＷＡ	2355	2370	2335	2340	17.1
5351	白煉瓦	190	193	190	192	45
5352	黒崎	148	150	148	148	44
5355	ルツボ	130	134	130	134	12
5356	美濃窯	0	0	0	0	0
5357	ヨータイ	180	201	180	201	8
5358	イソライト	173	173	173	173	1
5361	東海熱	343	350	341	350	45
5362	九州耐	0	0	0	0	0
5363	ＴＹＫ	196	196	196	196	25
5367	ニッカトー	640	640	640	640	2
5380	新東	455	455	415	420	23
5381	日本ミクロ	6500	6600	6200	6410	25.3
5382	中央商事	0	0	0	0	0
5383	三共理化	0	0	0	0	0
5384	フジミインコ	3200	3300	3140	3250	2.7
5386	鶴弥	0	0	0	0	0
5387	チヨダウーテ	550	570	530	530	6
5388	クニミネ	0	0	0	0	0
5389	日レヂボン	280	280	280	280	6
5390	宇部マテリア	131	133	123	123	75
5391	Ａ＆ＡＭ	98	98	96	96	24
5393	ニチアス	306	306	288	297	321
5395	コランダム	0	0	0	0	0
5397	ＭＩＥテクノ	82	82	82	82	6
5398	日研紙	150	150	148	148	9
5401	新日鉄	206	208	203	206	10963
5403	川崎製鉄	126	127	124	127	6356
5404	日本鋼管	90	91	88	90	9142
5405	住金	65	68	65	67	6605
5406	神戸鋼	62	64	62	62	1860
5407	日新鋼	100	106	100	105	1409
5408	中山鋼	142	144	140	140	57
5410	合同鉄	100	102	96	98	837
5423	東京製鉄	348	348	326	331	68.3
5444	大和工	410	411	405	405	91
5445	東京鉄	62	62	60	60	31
5446	北越メ	0	0	0	0	0
5448	東京鋼鉄	0	0	0	0	0
5449	大阪製鉄	369	369	361	361	4.7
5451	淀川鋼	248	256	248	254	54
5453	洋鋼鈑	310	315	307	314	70
5454	日鉄鋼板	169	173	168	168	34
5457	住友鋼管	334	335	324	324	45
5458	高砂鉄	113	114	112	112	14
5461	中部鋼	0	0	0	0	0
5462	日鉄鋼管	0	0	0	0	0
5463	丸一管	1360	1361	1330	1330	40
5464	モリ工	211	211	208	211	7
5471	大同特鋼	288	288	286	286	205
5476	高周波	81	81	78	80	126
5479	日金工	70	73	70	73	278
5480	冶金工	60	61	59	59	378
5481	山陽鋼	150	151	149	149	152
5482	愛知鋼	429	437	411	418	574
5484	東北鋼	450	450	450	450	2
5486	日立金	524	525	507	510	357
5491	日金属	90	90	84	84	33
5541	大平金	180	180	173	180	826
5542	報国鉄	530	530	530	530	0.6
5562	日本重化学	124	124	119	120	478
5563	日本電工	160	161	159	161	140
5566	中央電	183	183	182	182	6
5602	栗本鉄	238	238	235	238	142
5603	虹技	106	119	102	116	36
5605	自動鋳	60	62	60	60	13
5606	旭テック	149	149	148	149	45
5607	中可鍛	0	0	0	0	0
5608	川口金	274	274	270	272	42
5609	日鋳造	88	88	86	86	8
5610	大和重	0	0	0	0	0
5612	鋳鉄管	197	198	197	198	5
5613	日本カタン	0	0	0	0	0
5631	日製鋼	96	98	93	94	601
5632	菱製鋼	115	119	111	113	1222
5633	関東特殊製鋼	65	65	61	61	48
5641	ＴＤＦ	184	185	170	173	27
5642	日本鍛工	48	48	48	48	1
5644	メタルアート	95	95	94	94	7
5645	イチタン	0	0	0	0	0
5657	鈴木金	145	150	145	150	3
5658	日亜鋼	296	296	293	294	22
5659	日精線	209	209	202	202	6
5660	神鋼線	63	63	61	61	11
5691	東京シヤリング	95	95	90	90	2
5694	大和綱帯	0	0	0	0	0
5695	パウダテック	280	285	280	285	5
5696	川鉄鋼板	116	154	115	154	41
5697	サンユウ	335	335	335	335	5
5701	日軽金	86	87	85	85	959
5702	大紀ア	179	179	178	178	6
5706	三井金	666	680	662	673	1416
5707	東邦鉛	205	215	205	208	441
5711	三菱マ	260	265	254	257	2652
5713	住友鉱	450	458	441	441	2130
5714	同和鉱	467	487	467	477	841
5715	古河機金	199	200	192	192	544
5716	日鉱金属	561	570	561	568	121
5721	Ｓサイエンス	628	635	610	630	606
5727	邦チタ	618	625	613	620	40
5728	アライドマテリアル	1050	1055	1050	1055	38
5729	日精鉱	276	277	262	274	13
5734	昭和アルミ	210	218	207	210	192
5738	住軽金	86	87	84	85	642
5739	日製箔	135	135	131	133	5
5740	九州不二サッシ	225	230	225	230	3
5753	日伸銅	59	59	59	59	2
5756	東海アルミ箔	48	48	48	48	3
5757	サンエツ	530	530	530	530	1
5771	菱伸銅	241	244	236	239	92
5781	東邦金	210	217	207	217	132
5801	古河電	1423	1470	1385	1449	4599
5802	住友電	1350	1388	1335	1376	3201
5803	フジクラ	731	739	718	721	2548
5804	菱線工	231	234	222	225	379
5805	昭電線	195	205	191	191	1011
5807	東特線	241	241	236	236	26
5808	理研線	245	245	245	245	1
5809	タツタ	150	150	147	148	55
5810	第一電工	87	89	87	87	56
5811	トヨ電線	850	850	850	850	5
5812	日立線	693	714	688	704	1285
5813	花島電線	138	138	138	138	1
5815	沖電線	280	280	275	276	9
5816	オーナンバ	0	0	0	0	0
5817	日電線	351	351	351	351	2
5818	東日京三電線	0	0	0	0	0
5819	カナレ電気	1750	1750	1730	1740	3.8
5820	三ッ星	0	0	0	0	0
5851	リョービ	141	142	137	138	154
5852	アーレスティ	344	344	340	340	2
5853	京都ダイカスト	142	142	141	141	10
5854	東京理化工	791	800	777	788	81
5855	アサヒプリテ	908000	908000	908000	908000	0.008
5900	ダイケン	405	405	405	405	1
5901	洋カン	2120	2150	2100	2135	302
5902	北カン	250	251	249	249	81
5903	シンポ	715	715	680	680	9
5904	アルコアシステム	0	0	0	0	0
5905	日カン	136	136	136	136	2
5906	エムケー精工	0	0	0	0	0
5907	ＪＦＥコンテ	0	0	0	0	0
5908	日鉄ドラム	0	0	0	0	0
5909	コロナ	1050	1060	1040	1060	11.2
5910	立山アルミ	0	0	0	0	0
5911	横河ブ	399	410	398	401	67
5912	日本橋	113	115	113	115	11
5913	松尾橋	221	222	218	218	11
5914	宮地鐵工所	181	181	177	177	13
5915	駒井鉄	256	266	256	260	15
5916	ハルテック	218	218	218	218	1
5917	サクラダ	93	93	92	92	20
5918	滝上工	329	330	328	330	17
5919	日鉄塔	290	290	290	290	1
5921	川岸工	243	243	242	243	5
5922	那須鉄	185	195	185	195	8
5923	高田機	412	412	408	410	7
5925	酒井鉄工所	0	0	0	0	0
5926	安治川鉄工	83	83	80	80	5
5927	ホリー	0	0	0	0	0
5928	アルメタクス	339	350	325	350	104
5929	三和シャタ	227	229	225	228	233
5930	文化シヤタ	240	249	240	240	53
5931	川田工	208	211	207	208	10
5932	三協アルミ	62	62	61	62	107
5933	アルインコ	141	141	137	140	33
5934	日本ア	48	48	45	45	33
5935	元旦	670	670	670	670	1
5936	洋シヤタ	114	115	112	112	334
5938	住生活Ｇ	1355	1418	1355	1401	313
5939	大谷工業	162	162	160	160	7
5940	不二サッシ	83	88	80	80	39.5
5941	中西製	0	0	0	0	0
5942	フイルコン	0	0	0	0	0
5943	ノーリツ	1020	1040	1020	1040	35
5944	日立粉末	760	765	732	732	16
5945	天竜製鋸	0	0	0	0	0
5946	長府製	1150	1150	1145	1146	7.3
5947	リンナイ	1900	1900	1873	1890	25.6
5949	ユニプレス	198	199	190	190	7
5950	パワーファス	0	0	0	0	0
5951	ダイニチ工業	293	293	284	284	2.6
5952	アマテイ	70	70	70	70	8
5954	トープラ	185	190	185	190	37
5955	ヤマシナ	90	90	83	83	202
5956	トーソー	0	0	0	0	0
5957	日東精	187	192	183	184	21
5958	三洋工	520	549	510	540	736
5959	岡部	313	313	305	305	3
5961	トーカロ	0	0	0	0	0
5962	浅香工	200	200	200	200	1
5963	日立ツール	533	533	533	533	0.5
5964	洋刃物	130	130	125	125	11
5965	フジマック	0	0	0	0	0
5966	ＫＴＣ	255	255	255	255	3
5967	前田金	0	0	0	0	0
5969	ロブテックス	0	0	0	0	0
5970	菊池プレス	480	480	480	480	1
5971	共和工業	280	280	280	280	8
5972	日本建鐵	204	204	200	200	6
5973	トーアミ	0	0	0	0	0
5974	中国工	149	151	148	151	34
5975	東プレ	330	334	328	329	43
5976	ネツレン	294	295	291	291	14
5977	コマツ電子	640	640	600	620	22.9
5979	カネソウ	0	0	0	0	0
5980	田中亜鉛	235	235	235	235	1
5981	東京綱	121	123	121	122	144
5982	マルゼン	372	372	372	372	2
5983	イワブチ	330	330	320	320	4
5984	兼房	0	0	0	0	0
5985	サンコール	340	344	340	344	11
5986	モリテック	215	215	215	215	1
5987	オーネックス	420	430	415	420	41
5988	パイオラクス	740	740	735	740	4
5989	ヒラタ	416	416	415	415	5
5990	スーパツール	135	135	135	135	1
5991	ニッパツ	366	374	363	365	319
5992	中央発條	362	373	362	373	6
5993	知多鋼	0	0	0	0	0
5994	ファインＳ	270	270	270	270	1
5995	科学冶金	0	0	0	0	0
5996	新立川	0	0	0	0	0
5997	協立エアテク	410	410	400	410	7.8
5998	アドバネクス	250	260	242	242	14
5999	イハラサイエ	265	265	260	264	10
6005	三浦工	1519	1519	1470	1500	52.7
6011	新潟鉄工所	72	75	72	74	981
6013	タクマ	721	737	721	725	128
6016	神発動	77	82	77	82	9
6018	阪神燃	0	0	0	0	0
6020	神鋼造機	70	70	70	70	2
6021	ロビン	0	0	0	0	0
6022	赤阪鉄	77	77	77	77	5
6023	ダイハツデ	137	137	137	137	1
6041	ボッシュ	125	125	122	122	81
6042	ニッキ	151	151	151	151	8
6101	ツガミ	298	299	292	297	116
6102	池貝	3	3	2	2	4613
6103	オークマ	340	353	340	352	247
6104	東芝機	370	375	360	367	381
6106	日立精機	129	130	125	130	149
6107	アマダマシ	265	266	260	263	85
6111	旭精機	194	194	194	194	2
6112	小島鉄	125	125	111	111	3
6113	アマダ	649	678	649	669	987
6114	住倉工業	172	172	145	153	338
6118	アイダ	425	430	416	424	107
6119	ゼィープラス	180	180	178	180	9
6121	滝澤鉄	67	69	62	62	26
6125	岡本工	133	133	130	130	97
6130	日平トヤマ	180	185	179	181	84
6131	浜井産	128	135	127	128	14
6134	富機製	2930	2950	2920	2940	49.4
6135	牧野フ	573	590	565	569	318
6136	ＯＳＧ	632	634	630	630	5
6137	小池工	170	170	161	162	26
6138	ダイジェト	135	135	133	133	4
6139	東芝タンガロイ	414	414	403	408	122
6140	旭ダイヤ	560	600	560	589	44
6141	森精機	1110	1158	1110	1150	218
6142	富士精	231	231	230	230	10
6143	ソディック	422	430	417	417	68
6144	西部電機	0	0	0	0	0
6145	日特エンジ	1410	1410	1360	1370	31.5
6146	ディスコ	7500	7850	7500	7740	36
6147	ヤマザキ	900	900	900	900	1
6148	UHT	1800	1870	1700	1760	4.9
6149	小田原エンジ	600	600	570	600	10
6150	タケダ機械	0	0	0	0	0
6151	日東工器	2200	2205	2140	2140	40
6155	高松機械	440	450	440	440	11
6201	豊田織	2205	2230	2185	2185	378
6203	豊和工	107	109	107	108	58
6204	キリウ	0	0	0	0	0
6205	ＯＫＫ	105	106	103	104	50
6206	豊田工	655	663	652	659	164
6208	石川製	88	88	85	85	83
6210	東洋機械	260	260	259	260	10
6211	倉敷機	69	69	65	65	7
6212	帝人製機	235	238	235	235	16
6213	ＯＭ製	108	108	105	106	18
6214	大隈豊和機械	152	154	150	150	45
6216	寿工業	100	103	99	103	30
6217	津田駒	120	120	120	120	1
6218	エンシュウ	170	175	170	174	34
6221	大東製機	325	325	310	320	12
6222	島精機	2005	2060	2005	2040	5.9
6242	スピンドル	178	180	178	178	8
6245	ヒラノテク	280	280	280	280	2
6246	井上金	141	141	141	141	1
6247	日阪製	460	465	460	465	8
6271	ニッセイ	950	950	950	950	2
6272	レオン	331	331	329	329	7
6273	ＳＭＣ	12400	12690	11900	12350	135.7
6274	新川	2360	2380	2335	2335	21.6
6275	イセキ開発工	64	64	60	60	6
6276	ナビタス	680	710	680	705	16
6277	ホソミクロン	542	545	533	533	8
6278	ユニオンツル	5810	6000	5810	5860	83.3
6279	瑞光	1110	1110	1050	1050	5.5
6280	名機製	515	515	515	515	5
6281	前田製作	0	0	0	0	0
6282	オイレス	1650	1661	1600	1610	10.9
6283	オリイメック	300	300	300	300	1
6284	ＡＳＢ機械	231	231	208	209	37
6286	静甲	560	560	560	560	1
6287	サトー	2820	2850	2820	2835	12.9
6288	ハマダ印刷機	145	145	145	145	2
6289	技研製	0	0	0	0	0
6290	ＳＥＳ	551	553	520	550	33.9
6291	エアーテック	645	645	640	640	6
6292	カワタ	470	470	450	450	5
6293	日精樹脂	810	810	782	807	45
6294	オカアイヨン	0	0	0	0	0
6295	富士変速	295	299	295	299	0.6
6296	ロキテクノ	1100	1100	1100	1100	1
6297	鉱研工業	188	188	186	186	1
6298	ワイエイシイ	669	690	665	665	10
6299	神鋼環境Ｓ	279	279	279	279	1
6300	アピクヤマダ	601	601	590	590	14
6301	コマツ	518	530	513	530	1591
6302	住友機	169	169	161	165	2400
6303	ササクラ	401	401	400	400	2
6304	マキ製作所	0	0	0	0	0
6305	日立建機	410	416	409	409	68
6306	日工	237	237	236	236	6
6307	サンセイ	70	70	70	70	5
6309	巴工業	0	0	0	0	0
6310	井関農	84	85	82	82	636
6311	セイレイ工業	201	201	199	199	19
6312	フロイント	580	580	580	580	2
6313	共立	122	122	119	121	41
6314	石井工研	800	800	800	800	0.7
6315	ＴＯＷＡ	1793	1801	1745	1780	24.5
6316	丸山製	122	125	122	123	24
6317	北川鉄	125	125	125	125	49
6319	シンニッタン	225	226	225	226	14
6320	新ダイワ	220	220	220	220	4
6321	石搬機	350	355	349	355	11
6322	タクミナ	0	0	0	0	0
6323	ローツェ	1370	1370	1300	1300	8
6324	ハーモニック	1700000	1700000	1600000	1600000	0.005
6325	タカキタ	179	179	179	179	6
6326	クボタ	327	337	324	335	2103
6327	北川精機	620	620	595	615	8
6328	荏原実業	1170	1180	1170	1170	9
6329	ＨＥＣ	523	530	510	510	25
6330	東洋エンジ	195	198	187	189	3646
6331	化工機	200	203	192	192	130
6332	月島機	840	850	830	835	68
6333	帝国電	600	600	600	600	1
6334	明治機	81	82	77	80	423
6335	東京機	395	400	395	396	23
6336	石井表記	2910	3000	2910	3000	1.5
6337	テセック	2250	2250	2200	2200	6
6338	タカトリ	0	0	0	0	0
6339	新東工	275	275	259	264	25
6340	渋谷工	785	785	785	785	1
6341	日立造船富岡	0	0	0	0	0
6342	太平製	67	67	67	67	3
6343	フリージア	41	45	40	42	62
6344	ＮＥＣマシナ	1540	1560	1540	1540	8
6345	アイチコーポ	154	155	150	150	10.9
6346	菊川鉄	0	0	0	0	0
6347	プラコー	75	80	75	80	4
6348	日本マリンテクノ	0	0	0	0	0
6349	小森	1696	1700	1659	1659	140
6350	新日本造機	0	0	0	0	0
6351	鶴見製	495	497	495	497	3
6352	トヨコケン	116	120	113	120	9
6354	日立機電	355	355	345	345	11
6355	住友精	350	354	350	350	23
6356	日ギア	0	0	0	0	0
6357	三精輸	326	330	324	330	18
6358	酒井重	219	220	215	215	16
6359	粟村製作所	0	0	0	0	0
6360	東自機	248	248	230	230	7
6361	荏原	1165	1166	1133	1147	413
6362	石井鉄	170	170	165	165	7
6363	酉島	486	486	480	480	5
6364	北越工	125	125	125	125	2
6365	電業社	3790	3800	3790	3800	0.6
6366	千代建	215	216	208	213	708
6367	ダイキン	2020	2090	1980	1983	636
6368	オルガノ	429	430	428	428	36
6369	トヨカネツ	147	147	135	140	1259
6370	栗田工	1365	1380	1343	1343	281
6371	椿本チ	311	314	306	306	253
6372	セイサ	0	0	0	0	0
6373	大同工	217	217	211	214	11
6374	ＴＣＭ	246	252	244	250	135
6375	コンベヤ	88	89	83	84	126
6376	日機装	516	520	507	514	51
6378	木村化	174	175	170	170	23
6379	新興プラン	75	76	73	73	93
6380	オリチェン	0	0	0	0	0
6381	アネスト岩田	166	166	161	161	39
6382	トリニ工	209	209	209	209	1
6383	ダイフク	631	631	611	615	104
6384	昭和真空	3240	3300	2950	3080	117
6386	扶桑レクセ	1000	1000	1000	1000	8
6388	ミサワバン	480	490	480	490	4
6389	内田油圧	42	42	40	40	36
6390	加藤製	146	146	144	145	23
6391	加地テック	140	140	139	139	2
6392	ヤマダコーポ	300	338	295	310	86
6393	油研工	107	107	106	106	18
6394	大江工業	0	0	0	0	0
6395	タダノ	179	189	177	185	34
6396	宇野鉄	107	119	107	119	11
6397	郷鉄工	0	0	0	0	0
6398	日本電産シンポ	0	0	0	0	0
6403	水道機	305	305	305	305	5
6406	フジテック	530	530	517	520	118
6407	シーケーディ	642	642	620	623	38
6408	クラッチ	650	650	650	650	1
6409	キトー	270	270	260	260	10
6411	中野冷	0	0	0	0	0
6412	平和	1831	1855	1830	1855	149.6
6413	理想科学	1820	1830	1820	1830	6.6
6414	川重冷熱	0	0	0	0	0
6415	ニスカ	0	0	0	0	0
6416	桂川電機	0	0	0	0	0
6417	ＳＡＮＫＹＯ	3110	3230	3100	3130	93.1
6418	日金銭	1300	1370	1300	1370	41
6419	マース	3170	3300	3150	3300	23.7
6420	福島工業	0	0	0	0	0
6421	キヤノンＦ	816	819	811	811	7
6423	アビリット	1700	1701	1691	1691	40.2
6424	高見サイ	470	470	450	450	4
6425	アルゼ	4190	4330	4190	4230	21
6426	サミー	3220	3450	3190	3300	208.7
6427	東北リコー	785	785	771	775	6
6428	オーイズミ	1500	1570	1450	1570	5
6431	キャノンＮＴＣ	366	385	366	385	11
6436	アマノ	800	809	798	802	46
6437	三条機	0	0	0	0	0
6439	中日鋳	0	0	0	0	0
6440	ＪＵＫＩ	350	354	340	343	169
6442	コピア	295	295	290	290	7
6443	東洋製	114	114	112	112	2
6444	サンデン	508	515	508	510	115
6445	蛇の目	85	86	85	86	87
6448	ブラザー	240	248	238	238	243
6453	シルバ精	102	103	101	101	331
6454	マックス	1049	1089	1049	1075	56
6455	モリタ	262	262	259	261	7
6457	グローリー	1850	1851	1761	1783	11
6458	新晃工	154	155	146	148	55
6459	大和冷	299	299	295	296	60
6461	日ピス	94	95	93	94	81
6462	リケン	211	213	210	211	63
6463	ＴＰＲ	279	279	279	279	2
6466	トウアバルブ	85000	85000	85000	85000	0.001
6467	ニチダイ	585	585	570	570	11
6468	駿河精機	3010	3010	3000	3000	6
6469	放電精密	0	0	0	0	0
6470	大豊工業	983	1013	970	1013	16.4
6471	日精工	485	500	483	488	1744
6472	ＮＴＮ	321	329	318	325	644
6473	光洋精	632	649	632	640	354
6474	不二越	166	169	161	161	302
6475	天辻	900	900	900	900	1
6476	富士テクニカ	306	306	306	306	1
6477	ツバキ・ナカ	1002	1004	1001	1003	24
6478	ダイベア	0	0	0	0	0
6479	ミネベア	847	870	843	848	1596
6480	トムソン	800	802	780	780	243
6481	ＴＨＫ	2275	2275	2200	2200	387.1
6482	ユーシン精機	3550	3610	3360	3370	19.8
6483	川重防災	0	0	0	0	0
6484	ＫＶＫ	205	205	205	205	1
6485	前沢給装	620	623	611	611	16
6486	イーグル工	321	321	321	321	6
6487	積水工機	0	0	0	0	0
6488	ヨシタケ	285	293	285	285	4
6489	前沢工業	646	656	646	649	17.8
6490	ピラー	751	760	740	760	62
6492	岡野バ	125	125	120	120	3
6493	日鍛バ	180	180	175	175	9
6494	ファネス	570	570	542	555	54
6495	宮入バ	62	62	61	61	13
6496	中北製	0	0	0	0	0
6497	ハマイ	0	0	0	0	0
6498	キッツ	166	166	160	160	103
6499	大隈エンジニア	0	0	0	0	0
6501	日立	977	988	964	974	5559
6502	東芝	640	646	634	636	6792
6503	三菱電	615	624	605	618	6409
6504	富士電機ＨＤ	325	325	317	318	459
6505	東洋電	126	128	124	124	30
6506	安川電	546	550	540	550	275
6507	神鋼電	187	190	184	189	809
6508	明電舎	190	190	181	185	254
6513	オリジン	575	580	569	575	51
6516	山洋電	476	481	471	471	33
6517	デンヨー	534	540	530	540	33
6518	三相電機	645	645	635	635	4
6519	エネサーブ	4150	4200	4000	4200	12
6581	日立工	343	343	340	343	97
6584	三桜工	485	488	471	472	23
6585	サーボ	193	194	193	194	2
6586	マキタ	720	735	720	728	268
6587	松下精工	423	430	421	426	35
6588	東芝テック	296	298	283	287	468
6590	芝浦	479	483	470	476	110
6591	西芝電	141	141	141	141	4
6592	マブチ	9500	9750	9400	9680	63.5
6593	ローヤル電	395	395	395	395	1
6594	日電産	5100	5150	4850	4920	243.3
6621	高岳	143	143	141	142	57
6622	ダイヘン	170	171	164	170	197
6623	愛電機	0	0	0	0	0
6624	田淵電	155	160	153	153	12
6641	日新電	230	233	229	232	111
6643	戸上電	142	142	142	142	3
6644	大崎電	625	628	605	610	71
6645	オムロン	1746	1811	1746	1792	567
6646	エナジーサポ	431	440	420	440	16
6647	森尾電	100	100	100	100	6
6650	春日電	132	132	130	130	17
6651	日東工	846	850	840	840	9
6652	和泉電	1001	1001	990	991	10
6654	不二電機	585	585	585	585	1
6655	東洋電機	0	0	0	0	0
6701	ＮＥＣ	1705	1725	1663	1694	8422
6702	富士通	1485	1505	1441	1460	11962
6703	沖電気	512	521	511	515	2616
6704	岩崎通	231	236	230	231	176
6705	ＮＥＣインフ	530	534	525	526	125
6706	電気興	636	640	602	634	140
6707	サンケン	531	542	521	525	142
6708	東洋通	655	667	641	641	142
6709	明星電	108	108	105	105	7
6710	大興電機製作	201	201	199	200	27
6711	高見澤電機	216	216	216	216	18
6712	田村電機製作	223	225	215	215	48
6714	神田通信工業	145	150	144	144	27
6715	ナカヨ通	246	246	246	246	1
6716	中央無	0	0	0	0	0
6717	富士通アクセ	995	1000	966	966	71.9
6718	アイホン	1020	1020	996	996	12.5
6741	信号	375	378	370	375	66
6742	京三	227	228	225	226	110
6743	大同信	199	199	199	199	8
6744	能美防災	386	386	385	385	5
6745	ホーチキ	290	292	290	290	4
6747	小糸工	294	294	281	281	4
6748	星和電	0	0	0	0	0
6749	マスプロ	1300	1330	1292	1300	15
6751	日無線	796	808	795	796	354
6752	松下	2095	2105	2020	2065	6387
6753	シャープ	1390	1399	1348	1399	3055
6754	アンリツ	1819	1835	1791	1834	1803
6755	富士通ゼ	495	504	490	492	94
6756	日立国際	814	831	810	810	161
6758	ソニー	8100	8160	8050	8150	1942
6759	ＮＥＣトーキ	893	903	888	891	214
6761	アイワ	800	802	780	780	87
6762	ＴＤＫ	7680	7780	7450	7670	447.4
6763	帝通工	307	307	295	302	71
6764	三洋電	664	677	651	651	6250
6765	ケンウッド	207	207	203	203	477
6766	宮越商	35	35	30	34	116
6767	ミツミ	1822	1839	1790	1799	465
6768	タムラ	375	380	373	373	44
6770	アルプス	1150	1170	1106	1119	793
6771	池上通	212	213	205	209	50
6772	コスモス	128	128	128	128	2
6773	パイオニア	2755	2815	2720	2755	681
6775	東和メクス	89	89	83	85	46
6776	天昇電	0	0	0	0	0
6779	日電波	2775	2780	2690	2750	87.4
6781	松下通信工業	7800	7870	7530	7850	924.2
6782	九州松下電器	934	939	922	927	117
6783	松下寿電子	1310	1350	1303	1303	241
6785	鈴木	911	911	895	895	17
6786	リアルＶ	0	0	0	0	0
6787	メイコー	1250	1310	1250	1310	39
6788	日本トリム	2550	2650	2250	2550	82
6789	ローランドDG	718	720	701	703	13.5
6790	野田スクリン	1400000	1400000	1380000	1380000	0.006
6791	コロムビア	168	168	165	165	46
6792	ビクター	690	699	661	670	172
6793	山水電	12	12	11	11	1772
6794	フォスター	389	389	383	384	38
6796	クラリオン	268	277	266	266	252
6797	名古屋電機	1310	1310	1310	1310	2
6798	ＳＭＫ	459	460	439	439	128
6799	日本マランツ	225	230	220	220	16
6800	ヨコオ	1431	1469	1430	1459	50.1
6801	東光	495	505	491	496	191
6803	ティアック	300	303	298	300	60
6804	ホシデン	2940	2945	2915	2945	73
6806	ヒロセ電	8890	9210	8890	9040	136.9
6807	航空電子	541	567	541	560	207
6808	シントム	41	41	36	39	3801
6809	ＴＯＡ	288	290	286	286	5
6810	マクセル	1506	1511	1458	1472	200
6811	クオンツ	412	412	401	408	55
6812	ジャルコ	460	460	440	440	8
6813	ナカミチ	71	73	69	69	123
6814	古野電	313	313	313	313	3
6815	ユニデン	468	475	467	471	125
6816	アルパイン	1114	1119	1107	1118	58
6817	スミダコーポ	4510	4510	4480	4490	3.2
6818	島田理	920	921	900	900	23.9
6819	オメガ・プロ	275	275	256	263	383
6820	アイコム	1309	1309	1272	1273	6.4
6821	バーテクスＳ	870	870	860	865	4
6822	大井電気	175	175	175	175	7
6823	リオン	717	717	715	717	11
6824	新コスモス	393	400	390	400	5
6825	パトライト	1450	1450	1430	1430	2
6826	本多通信	1850	1900	1810	1900	5.7
6827	東北パイオ	5100	5300	5100	5240	46
6828	シメオ精密	7100	7100	7100	7100	3
6829	ソーテック	820000	827000	810000	820000	0.019
6830	ＹＯＺＡＮ	3680000	3750000	3350000	3410000	0.089
6832	アオイ電子	2470	2535	2455	2455	6
6833	日電産リード	2010	2010	2010	2010	6
6834	精工技研	21500	22200	20200	20200	17.6
6835	アライドＨＤ	3200	3290	3030	3030	26.9
6836	ぷらっと	3290000	3440000	3290000	3390000	0.003
6837	京写	760	765	750	760	11
6838	多摩川電	1380	1380	1340	1340	9
6839	船井電	7410	7900	7310	7800	80.7
6840	アドテック	1340	1350	1330	1340	10
6841	横河電	1031	1048	990	1041	945
6842	ユニパルス	3100	3150	3050	3100	2.6
6843	東光精機	232	232	232	232	1
6844	新電元	670	675	655	660	102
6845	山武	973	998	973	995	61
6846	中央製	131	131	115	117	7
6847	安藤電気	1140	1140	1100	1100	18
6848	東亜ＤＫＫ	300	300	300	300	5
6849	日本光電	270	274	265	269	15
6850	チノー	216	216	207	207	22
6851	大倉電気	135	139	131	132	26
6852	テクノセブン	155	155	146	146	21
6853	共和電	257	257	249	249	9
6855	電子材料	1630	1630	1590	1590	13
6856	堀場製	831	831	830	830	15
6857	アドバンテスト	12100	12260	11710	12050	459.8
6858	小野測器	175	175	175	175	3
6859	エスペック	830	846	830	845	18
6860	サンクス	1000	1000	980	980	11
6861	キーエンス	20440	21250	20010	20100	183.9
6862	ミナトエレ	0	0	0	0	0
6863	ニレコ	620	620	615	615	7
6864	ＮＦ回路	380	380	380	380	1
6866	ＨＩＯＫＩ	785	785	780	780	2
6867	リーダー電子	920	920	860	900	14
6868	東カソード	1250	1280	1190	1210	9.2
6869	シスメックス	2755	2755	2680	2700	6
6870	フェンオール	485	485	485	485	3
6871	日本マイクロ	1550	1560	1530	1530	1.7
6872	日本コーリン	8620	8820	8400	8800	34.7
6873	日立電子Ｅ	650	660	650	660	14
6874	協立電機	2140	2140	2040	2100	2.1
6875	メガチップス	3950	3950	3820	3940	19.4
6876	光波	1450	1500	1380	1400	10.7
6877	ＯＢＡＲＡ	1390	1400	1350	1400	14
6878	長野日無	450	450	450	450	1
6879	フォトロン	391	391	391	391	1
6880	シンワ	830	850	830	830	1.5
6881	キョウデン	1731	1750	1731	1750	8
6882	三社電機	786	800	786	800	6
6883	電産コ電	1150	1150	1020	1050	14
6884	デジタル	3300	3300	3110	3110	0.8
6885	ミヤチテクノ	3500	3520	3330	3330	15
6886	グラフィック	330	330	330	330	1
6887	日本ＬＳＩカード	710000	710000	660000	660000	0.013
6888	アクモス	350000	360000	325000	335000	0.049
6889	オーデリック	500	500	500	500	2
6890	フェローテク	2190	2240	2000	2040	31
6891	イーター電機	395	395	381	381	3
6892	シチズン電子	5610	5610	5400	5500	1.8
6893	タイテック	695	705	690	690	23
6894	パルステック	1160	1190	1150	1160	13
6895	ダイヤ電機	415	415	413	413	6
6896	北川工業	1270	1270	1240	1260	13.9
6897	ツインバード	0	0	0	0	0
6898	トミタ電機	244	245	241	241	10
6899	ＡＳＴＩ	620	620	605	610	6
6900	東京電波	2590	2610	2590	2600	27.2
6901	沢藤電	213	213	206	206	5
6902	デンソー	2130	2190	2120	2170	786
6904	原田工業	0	0	0	0	0
6905	コーセル	2395	2395	2350	2350	10.5
6906	キヤ･コンポ	225	225	225	225	2
6907	ジオマテック	1720	1720	1620	1670	27
6908	イリソ電子	421	421	421	421	2
6909	北部通信工業	245	245	245	245	1
6910	日立メディコ	1069	1089	1060	1061	11
6911	新日無	720	740	717	719	63
6912	菊水電子	421	421	415	420	6
6913	メルコ	2000	2000	1850	1850	47.2
6914	オプテックス	0	0	0	0	0
6915	千代田インテ	1370	1380	1370	1370	9.6
6916	アイオデータ	1300	1330	1300	1320	11.5
6917	デンセラムダ	1850	1880	1800	1825	42
6918	アバール	669	669	669	669	1
6919	ケル	650	650	645	650	4
6920	レーザーテク	0	0	0	0	0
6921	東光電	275	275	275	275	1
6922	昭和情報	310	310	301	301	2
6923	スタンレー	780	820	780	804	483
6924	岩崎電	330	335	322	330	126
6925	ウシオ電	1450	1500	1450	1470	322
6926	岡谷電	272	272	252	261	19
6928	エノモト	695	695	655	655	8
6929	日セラ	1879	1900	1857	1868	40
6930	日本アンテナ	1340	1350	1320	1320	9
6931	日本電池	316	330	316	322	437
6932	ユアサコーポ	330	330	320	320	5
6933	ＹＵＡＳＡ	235	237	226	227	419
6934	新神戸	619	619	590	598	37
6935	日デジタル	1200	1220	1181	1185	30.6
6936	東洋高砂乾	109	109	109	109	1
6937	古河池	229	230	221	227	5
6938	双信電機	888	890	841	871	37
6939	ＵＭＣＪ	900000	900000	870000	875000	0.157
6940	多摩電気	260	260	260	260	1
6941	山一電機	2090	2100	2060	2060	49.2
6942	ソフィア	190	190	190	190	1
6943	開閉器	540	540	540	540	1
6944	アイレックス	280	280	280	280	1
6945	ＦＴＥＣ	518	525	510	525	19
6946	日本アビオ	250	250	235	235	8
6947	図研	1951	1951	1800	1850	93.2
6948	住友電装	721	721	721	721	1
6949	キンセキ	866	880	850	855	68
6950	ＹＥデータ	351	351	348	348	7
6951	日電子	492	492	480	481	70
6952	カシオ	765	771	752	755	736
6954	ファナック	6130	6250	5890	6180	405.9
6955	ＦＤＫ	667	680	662	678	65
6956	神明電	1240	1240	1220	1240	6
6957	芝浦電子	305	315	305	315	0.8
6958	日本ＣＭＫ	1281	1300	1281	1299	45
6960	フクダ電	2200	2200	2180	2180	11
6961	エンプラス	2500	2530	2415	2470	52.5
6962	大真空	570	580	561	580	180
6963	ローム	17500	18700	17490	18490	430.2
6964	サンコー	950	950	950	950	5
6965	ホトニクス	7200	7340	7200	7320	82.1
6966	三井ハイテク	1270	1293	1255	1255	25.3
6967	新光電工	2970	3030	2945	2950	88.5
6968	グラフテック	136	136	135	136	14
6969	松尾電	380	381	377	377	23
6970	日本コンラックス	540	540	535	535	14
6971	京セラ	9690	9850	9420	9750	884.3
6972	エルナー	329	330	325	325	24
6973	協栄産	326	326	326	326	7
6974	日本インター	266	266	262	262	11
6975	ＮＥＯＭＡＸ	906	950	906	939	60
6976	太陽電	2785	2870	2740	2855	671
6977	抵抗器	0	0	0	0	0
6980	日立ＡＩＣ	685	685	667	670	51
6981	村田製	9300	9720	9250	9600	890.6
6982	リード	138	142	126	126	78
6984	朝日ナショナ	0	0	0	0	0
6985	ユーシン	446	470	443	470	274
6986	双葉電	3110	3120	2990	3000	76.7
6988	日東電	2780	2820	2740	2820	422.3
6989	北電工	200	200	195	196	85
6991	松電工	1230	1231	1213	1225	860
6992	国産電	189	189	189	189	2
6993	森電機	92	92	83	87	127
6994	指月電	184	184	183	183	9
6995	東海理	802	802	801	801	9
6996	ニチコン	1728	1729	1715	1715	165.6
6997	日ケミコン	611	667	611	654	459
6998	タングス	295	295	290	290	4
6999	ＫＯＡ	1670	1670	1630	1631	65.8
7003	三井造	103	104	102	102	869
7004	日立造	89	91	88	89	2226
7007	佐世保	72	72	71	71	117
7011	三菱重	463	467	455	466	4137
7012	川重	129	132	126	127	2586
7013	石川島	262	270	260	263	2228
7014	名村造	236	236	231	231	145
7018	内海造	0	0	0	0	0
7020	サノヤス	174	175	171	171	36
7021	ニッチツ	0	0	0	0	0
7052	信貴造船所	97	98	95	98	5
7102	日車両	201	205	195	200	193
7104	富士車輌	3	3	3	3	807
7105	ニチユ	177	178	175	175	19
7122	近畿車	113	113	113	113	12
7123	東急車輌製造	70	73	70	70	52
7124	輸送機工業	0	0	0	0	0
7142	ナブコ	145	145	138	138	17
7201	日産自	745	752	742	748	8528
7202	いすゞ	220	222	216	218	1138
7203	トヨタ	3960	3990	3940	3980	2264.9
7204	小松ゼノア	219	232	218	219	34
7205	日野自	560	560	530	534	308
7210	日産ディ	115	115	111	114	281
7211	三菱自	333	334	326	330	1118
7212	エフテック	430	430	430	430	2
7218	田中精密	800	800	780	780	7
7219	ＨＫＳ	550	550	545	550	20
7220	武蔵精密	1190	1190	1190	1190	2
7221	トヨ車	1130	1140	1107	1140	8
7222	産車体	152	154	151	152	85
7223	関東自	575	578	570	576	13
7224	新明和	168	168	166	167	55
7225	小松フォーク	155	156	153	154	29
7226	極東開発	438	438	428	433	12.9
7227	アスカ	558	558	558	558	1
7228	デイトナ	525	525	525	525	2
7229	ユタカ技研	580	580	580	580	2
7230	日信工業	2080	2080	2050	2050	10
7231	トピー	177	183	175	175	352
7232	トキコ	201	206	200	200	169
7233	自部品	0	0	0	0	0
7234	橋本フォーミング	65	65	60	60	28
7235	東ラヂ	0	0	0	0	0
7236	ティラド	373	373	350	357	72
7237	ボッシュブレーキ	125	134	125	125	3
7238	ブレーキ	203	203	200	203	13
7239	タチエス	535	535	515	515	5
7240	ＮＯＫ	795	829	792	792	442
7241	フタバ	1093	1093	1063	1075	236
7242	カヤバ	192	195	190	194	240
7243	シロキ	192	192	189	191	10
7244	市光工	203	204	200	201	44
7245	大同メ	488	490	486	490	18
7246	プレス工	63	64	62	63	101
7247	ミクニ	122	122	120	120	7
7248	カルソニック	298	300	290	300	94
7249	尾張精	0	0	0	0	0
7250	太平洋工	250	250	249	250	19
7251	ケーヒン	898	898	860	860	5
7252	富士機	0	0	0	0	0
7253	日本ガスケット	0	0	0	0	0
7254	フジユニ	0	0	0	0	0
7255	桜井製	0	0	0	0	0
7256	河西工	189	189	182	183	9
7257	自転車電機工	280	280	270	270	32
7258	栃木富士産業	215	215	206	206	32
7259	アイシン	1550	1579	1541	1568	230
7260	富士機工	211	213	210	210	19
7261	マツダ	297	300	286	293	2584
7262	ダイハツ	686	694	683	690	170
7263	愛知機	204	204	201	202	35
7264	ＭＵＲＯ	700	700	700	700	2
7265	エイケン工業	630	630	630	630	2
7266	今仙電機	0	0	0	0	0
7267	ホンダ	4450	4510	4390	4410	2573
7268	タツミ	0	0	0	0	0
7269	スズキ	1267	1338	1267	1316	627
7270	富士重	878	880	845	851	775
7271	安永	0	0	0	0	0
7272	ヤマハ発	764	764	752	754	107
7273	イクヨ	161	161	161	161	2
7274	ショーワ	535	537	532	536	22
7275	ユニシア	188	188	180	180	68
7276	小糸製	454	454	448	451	180
7277	ＴＢＫ	99	99	92	92	12
7278	エクセディ	710	710	700	700	4.5
7279	ケーブル	910	918	890	890	21
7280	ミツバ	500	515	490	515	51
7282	豊田合	2150	2180	2110	2110	55
7283	愛三工	719	722	688	688	53
7284	盟和産	0	0	0	0	0
7286	イズミ工業	112	115	112	114	19
7287	日精機	636	636	606	606	26
7288	テクノエイト	214	214	213	213	3
7289	マーレ テネックス	0	0	0	0	0
7290	日発精密工業	280	280	270	270	4
7291	日本プラスト	0	0	0	0	0
7292	村上開明	0	0	0	0	0
7293	大井製作所	0	0	0	0	0
7294	ヨロズ	391	391	383	383	5.2
7295	アイエス製機	0	0	0	0	0
7296	ＦＣＣ	0	0	0	0	0
7297	カーメイト	0	0	0	0	0
7298	八千代工	400	400	400	400	3
7299	フジオーゼ	205	205	200	200	6
7301	宮田	98	98	98	98	2
7305	新家工	105	105	105	105	2
7306	丸石自転車	200	200	187	188	23
7308	ツノダ	0	0	0	0	0
7309	シマノ	1791	1890	1785	1850	77.1
7399	ナンシン	220	220	220	220	2
7404	昭和飛	256	256	246	246	14
7407	日本飛行機	220	220	215	215	45
7408	ジャムコ	452	460	452	457	5
7410	横浜鋼業	105	105	105	105	2
7411	成和産業	0	0	0	0	0
7412	アトム	1500	1500	1500	1500	1
7413	創健社	0	0	0	0	0
7414	小野建	640	640	620	620	11
7415	新星堂	0	0	0	0	0
7416	はるやま	650	650	650	650	1
7418	ヤマキ	0	0	0	0	0
7419	ノジマ	1420	1420	1360	1360	3
7420	佐鳥電機	1120	1129	1100	1129	6
7421	カッパクリエ	4600	4800	4600	4650	0.3
7422	東邦レマック	565	565	550	550	9
7423	フォンテーヌ	1184	1185	1184	1185	0.6
7424	ニコニコ堂	127	127	127	127	5
7425	初穂商事	270	270	270	270	2
7426	山大	115	115	115	115	1
7427	エコーＴＤ	1330	1330	1330	1330	0.1
7428	江戸沢	772	772	770	770	3
7429	セイジョー	999	1000	990	995	3.6
7430	サンワドー	440	440	440	440	0.2
7432	ダルトン	273	273	273	273	1
7433	伯東	2750	2750	2650	2650	4.9
7434	オータケ	1850	1850	1850	1850	0.1
7435	ナ・デックス	0	0	0	0	0
7437	シーアンドエス	3280	3310	3250	3280	61.1
7438	コンドー	448	448	448	448	1
7439	サンミック千代田	0	0	0	0	0
7440	クラフト	665	665	665	665	2
7442	中山福	329	330	328	329	6
7443	横浜魚類	0	0	0	0	0
7444	ハリマ共和	0	0	0	0	0
7445	ライトオン	1731	1731	1700	1729	5.9
7446	東北化学	0	0	0	0	0
7447	ナガイレーベ	2140	2140	2080	2080	2.6
7448	ジンズメイト	715	715	680	680	9.6
7449	太洋興業	123	123	123	123	2
7450	サンデー	740	752	740	752	2
7451	菱食	3800	3980	3800	3810	12.4
7452	マツヤ	0	0	0	0	0
7453	良品計画	2690	2690	2600	2605	133.4
7454	ホットスパー	90	90	90	90	1
7455	三城	2800	2835	2800	2835	20.6
7456	松田産業	2630	2670	2630	2640	3.5
7457	セキテクノ	0	0	0	0	0
7458	第一興商	1800	1820	1710	1710	15.2
7459	メディセオＨＤ	870	870	855	857	29.5
7460	ヤギ	0	0	0	0	0
7461	キムラ	0	0	0	0	0
7462	ダイヤ通商	0	0	0	0	0
7463	アドヴァン	1201	1240	1199	1202	39.4
7464	セフテック	241	241	240	240	4
7465	ＭＶ北海道	0	0	0	0	0
7466	ＳＰＫ	0	0	0	0	0
7467	萩原電気	530	530	511	511	2
7468	アムスク	780	781	780	781	2
7470	サロモンメイド	790	800	770	800	27
7471	ふじ	435	450	435	450	6
7472	鳥羽洋行	989	989	952	960	5
7473	静岡スバル	355	355	355	355	1
7474	パオ	599	599	599	599	1
7475	アルビス	431	431	431	431	8
7476	アズワン	1665	1730	1609	1727	20.1
7477	ムラキ	150	150	150	150	3
7478	ブルーグラス	431	431	430	430	2
7479	サンマルク	3450	3450	3400	3430	2
7480	スズデン	0	0	0	0	0
7481	尾家産	621	621	620	620	2
7482	シモジマ	1000	1000	1000	1000	1
7483	ドウシシャ	1900	1900	1888	1889	5.4
7485	岡谷鋼機	940	940	940	940	4
7486	サンリン	0	0	0	0	0
7487	小津産業	1000	1000	1000	1000	3
7488	ヤガミ	829	829	829	829	1
7490	日新商	346	346	346	346	1
7491	ＯＡシステム	420	420	400	410	28
7492	タイカン	527	527	515	525	24
7494	コナカ	650	656	650	650	12.6
7495	レオ	0	0	0	0	0
7496	八千代ムセン	821	821	821	821	0.5
7497	マインマート	0	0	0	0	0
7498	ジャパン	1790	1790	1740	1750	3.5
7500	西川計測	380	380	360	360	11
7501	ティムコ	669	669	668	669	0.9
7502	プラザクリエ	3450	3450	3300	3300	1.6
7503	ＩＭＩ	1230	1230	1230	1230	1
7504	高速	636	636	635	635	2
7505	扶桑電通	490	490	490	490	1
7506	ハウスローゼ	770	770	765	765	1.5
7508	オートセブ	500	500	500	500	1
7509	アイエー	0	0	0	0	0
7510	竹菱電機	0	0	0	0	0
7511	ジプロ	0	0	0	0	0
7512	ポスフール	730	748	722	748	13.2
7513	コジマ	2240	2265	2200	2200	46.2
7514	ヒマラヤ	400	400	400	400	1
7515	マルヨシ	0	0	0	0	0
7516	コーナン	1199	1199	1110	1111	4.1
7517	黒田電気	2090	2090	2050	2055	12.1
7518	ネットワン	2560000	2640000	2330000	2520000	1.158
7519	五洋インテ	235	235	235	235	1
7520	エコス	522	522	520	520	1.5
7521	ムサシ	0	0	0	0	0
7522	ワタミ	3990	3990	3890	3890	8.6
7523	アールビバン	1030	1030	980	1020	5.3
7524	マルシェ	1100	1100	1099	1099	1
7527	システムソフ	0	0	0	0	0
7528	安藤薬業公司	320	320	320	320	1
7529	はるやま	129	129	129	129	1
7530	ナブコドア	0	0	0	0	0
7531	清和鋼業	0	0	0	0	0
7532	ドンキホーテ	6050	6130	6010	6100	29.9
7535	グッドマン	2280	2280	2120	2150	5.6
7536	船橋薬品	0	0	0	0	0
7537	丸文	1230	1230	1131	1169	67
7538	大水	0	0	0	0	0
7539	アベルコ	0	0	0	0	0
7540	エルエスフェンス	190	190	190	190	2
7541	メガネトップ	1601	1601	1500	1515	5.9
7542	ビスケーＨＤ	0	0	0	0	0
7543	ミスタージョン	369	369	364	364	12
7544	スリーエフ	1010	1010	1000	1000	4.2
7545	西松屋チェ	1700	1720	1690	1700	5.9
7547	オートハローズ	0	0	0	0	0
7548	サンクスＪＰ	1300	1300	1290	1300	19
7549	エス・エス・ブイ	704	704	704	704	1
7550	ゼンショー	901	910	900	910	5.3
7551	ウェッズ	355	355	355	355	1.1
7552	ハピネット	1710	1710	1580	1620	12.4
7553	サザビー	5900	5900	5700	5700	9.8
7554	幸楽苑	0	0	0	0	0
7555	大田花き	410	410	400	400	4
7556	住商エレク	1160	1160	1150	1160	2.1
7557	サンクス	2900	2920	2825	2860	40.1
7558	トーメンエレ	3400	3780	3350	3780	12.2
7559	ジーエフシー	855	855	850	850	3
7560	ユニマット	1238	1238	1172	1230	27
7561	ハークスレイ	2000	2000	2000	2000	2.6
7562	安楽亭	770	770	762	762	5
7563	ニッパン	0	0	0	0	0
7564	ワークマン	1810	1810	1810	1810	0.4
7565	万世電機	400	400	400	400	1
7566	ジャパンケア	1750	1750	1700	1700	3
7567	栄電子	671	671	645	645	2
7568	クレックス	430	430	430	430	1
7569	モンテカルロ	254	254	254	254	1
7570	橋本総業	0	0	0	0	0
7571	ヤマノＨＣ	810	810	803	810	30
7573	ツルハ	1810	1830	1710	1750	19.9
7574	共信テクノ	990	1020	990	1000	9
7575	日本ライフＬ	790	790	775	781	1.5
7576	ベターライフ	0	0	0	0	0
7577	パスポート	0	0	0	0	0
7578	ニチリョク	630	630	615	615	4
7579	オリジン東	3790	3810	3700	3750	5
7580	フーズネット	0	0	0	0	0
7581	サイゼリヤ	4360	4410	4200	4300	100.6
7582	富デバイス	1230	1240	1210	1220	16
7583	通商	0	0	0	0	0
7584	丸紅インフォ	464	464	464	464	1
7585	かんなん	0	0	0	0	0
7586	寺島薬局	743	772	743	771	3
7587	ＰＡＬＴＥＫ	1850	1950	1820	1940	31.6
7588	シートゥーネット	6700	6980	6690	6980	36.4
7589	デジキューブ	585000	585000	575000	580000	0.012
7590	タカショー	440	445	440	445	5
7591	エクセル	1010	1010	1010	1010	1
7592	アイ・ユー・ケイ	0	0	0	0	0
7593	ＶＴＨＤ	800	800	800	800	0.5
7594	マルカキカイ	325	325	325	325	1
7595	アルゴグラフ	1780	1790	1760	1780	3.6
7596	魚力	1400	1410	1350	1410	15
7597	東京貴宝	560	560	555	555	3
7598	ナイスクラ	0	0	0	0	0
7599	ガリバー	1806	1806	1611	1685	13
7600	日本ＭＤＭ	4300	4340	4200	4310	70.8
7601	ポプラ	1100	1100	1060	1060	5.1
7602	ジャック	1600	1600	1470	1548	41.3
7603	マックハウス	0	0	0	0	0
7604	梅の花	665000	665000	653000	653000	0.016
7605	フジコーポ	155	155	155	155	1
7606	Ｕアローズ	1400	1400	1300	1340	6.4
7607	進和	1230	1230	1030	1030	2
7608	ＳＫジャパン	0	0	0	0	0
7609	ダイトエレク	1580	1580	1480	1480	6
7610	テイツー	360000	360000	345000	350000	0.023
7611	ハイデ日高	1230	1240	1230	1240	2
7612	コモンウェル	410	410	410	410	1
7613	シークス	1760	1778	1750	1770	32.6
7614	オーエムツー	1850	1850	1850	1850	1
7615	京都友禅	565000	565000	565000	565000	0.003
7616	コロワイド	2380	2380	2365	2365	2.5
7617	オオゼキ	3300	3300	3280	3280	2.3
7618	ＰＣＤＥＰＯ	409000	409000	381000	381000	0.007
7619	田中商事	0	0	0	0	0
7620	ヤマト硝子	460	460	445	450	7
7621	うかい	1100	1100	1100	1100	1
7622	焼肉サカイ	1030	1060	1030	1040	14.4
7623	サンオータス	410	410	400	410	7
7624	内藤	0	0	0	0	0
7625	ダイニング	1750	1760	1700	1700	4.9
7626	ドッドウエル	1150	1160	1150	1150	7
7627	なか卯	980	980	980	980	1
7628	オーハシテク	1600	1610	1590	1590	6.1
7629	ムラチク	0	0	0	0	0
7630	壱番屋	850	860	845	855	21
7631	マクニカ	9750	9750	8850	9100	68.9
7632	住商メタレックス	720	720	710	720	15
7633	明響社	450	450	430	430	2
7634	星医療	1460	1460	1400	1400	4
7635	杉田エース	485	485	485	485	2
7636	ハンズマン	0	0	0	0	0
7637	白 銅	2310	2380	2200	2200	71
7638	シーマ	250	250	250	250	2
7639	贔屓屋	721	747	720	720	5
7640	トップカル	1500	1500	1500	1500	16
7641	フォーユー	410000	415000	410000	415000	0.009
7642	ビジョン	640	655	640	655	1.2
7643	ダイイチ	0	0	0	0	0
7644	常盤薬品	0	0	0	0	0
7645	日本トイザ	12500	12500	12300	12400	5.5
7646	ＰＬＡＮＴ	2390	2400	2320	2320	8.9
7647	音通	143	143	140	140	12
7648	トーカン	0	0	0	0	0
7649	スギ薬局	3900	3900	3700	3700	6
7701	島津	460	472	460	467	678
7702	ＪＭＳ	347	349	343	343	9
7703	川澄化	1030	1030	1000	1000	18
7704	アロカ	763	770	750	750	18
7705	ジーエル	1560	1560	1560	1560	3
7706	セントラユニ	0	0	0	0	0
7707	プレシジョン	3610000	3610000	3160000	3300000	0.108
7709	クボテック	2350000	2400000	2250000	2310000	0.047
7711	助川電気	0	0	0	0	0
7713	シグマ光機	1470	1470	1400	1400	6
7714	モリテックス	3750	3800	3540	3580	53.2
7715	長野計器	2580	2580	2570	2570	6
7716	ナカニシ	2510	2510	2330	2330	6
7717	ブイテクノ	1200000	1200000	1160000	1160000	0.006
7718	スター精	1111	1120	1061	1069	90
7719	東衡機	0	0	0	0	0
7720	ソキア	169	175	169	175	18
7721	トキメック	112	113	112	112	55
7722	国際計測器	560	560	545	560	18
7723	愛時計	243	246	241	242	4
7724	金門	130	145	130	141	18
7725	インタＡＣＴ	610000	610000	540000	570000	0.065
7726	黒田精	0	0	0	0	0
7727	オーバル	141	141	139	139	5
7728	電産トーソク	738	738	738	738	3
7729	東京精	6740	6770	6360	6520	62.4
7731	ニコン	1334	1350	1290	1302	1221
7732	トプコン	315	316	315	315	17
7733	オリンパス	1481	1500	1440	1443	1139
7734	理計器	406	407	406	407	3
7735	スクリン	525	533	518	523	362
7736	ユニオンＨＤ	94	94	85	92	37
7738	チノン	238	238	230	230	10
7739	キヤノン電	921	921	921	921	1
7740	タムロン	879	879	879	879	1
7741	ＨＯＹＡ	7000	7420	7000	7080	400.5
7743	シード	0	0	0	0	0
7744	ノーリツ鋼機	2350	2400	2340	2340	10.6
7750	ペンタックス	269	270	259	259	49
7751	キヤノン	3810	3920	3800	3870	2712
7752	リコー	1925	1990	1921	1971	4440
7753	ミノルタ	565	566	553	555	226
7756	電産コパル	988	988	970	970	596
7757	三協精	507	516	507	510	214
7758	セコニック	360	360	351	351	6
7762	シチズン	909	922	880	900	972
7764	オリエント時計	235	239	230	236	50
7765	リコーエレメ	0	0	0	0	0
7768	ジェコー	0	0	0	0	0
7769	リズム	172	174	169	171	207
7770	ミヨタ	1930	1930	1930	1930	1
7771	日本精密	0	0	0	0	0
7854	バンプレスト	1380	1380	1380	1380	2
7855	カーディナル	0	0	0	0	0
7856	萩原工業	780	780	780	780	1
7857	セキ	0	0	0	0	0
7858	小野産業	630	630	630	630	1
7859	アルメディオ	1100	1100	1100	1100	1
7860	エイベックス	6850	6900	6750	6800	23.7
7861	東京リスマ	1120	1130	1100	1100	5.9
7862	トッパンフォ	1530	1565	1501	1520	140.3
7863	平賀	682	682	680	680	6
7864	フジシール	3790	3850	3740	3850	16.3
7865	ピープル	1010	1010	990	1010	6
7866	アトラス	761	775	745	774	6.8
7867	トミー	2450	2450	2390	2390	9.3
7868	広済堂	991	991	990	990	0.9
7869	日本フォーム	490	490	490	490	1
7870	福島印刷	0	0	0	0	0
7871	フクビ	0	0	0	0	0
7872	エステール	460	468	460	465	3.3
7873	アーク	4190	4190	4100	4110	5
7874	スルガ	4300	4300	4150	4200	9.1
7875	竹田印刷	0	0	0	0	0
7876	三陽PAX	0	0	0	0	0
7877	永大化工	565	565	565	565	1
7878	光彩工芸	0	0	0	0	0
7879	ノダ	0	0	0	0	0
7880	南部化成	0	0	0	0	0
7881	ニッソー	69	69	68	68	7
7882	アロン化成	355	363	350	354	29
7883	サンメッセ	1440	1440	1440	1440	1
7884	本間ゴルフ	254	254	245	250	7.1
7885	タカノ	1415	1415	1350	1390	4.5
7886	ヤマト・イン	228	228	228	228	1
7887	南プラ	0	0	0	0	0
7888	三光合成	0	0	0	0	0
7889	桑山	0	0	0	0	0
7890	アテナ工業	0	0	0	0	0
7891	日本ユピカ	0	0	0	0	0
7892	宇部日東化成	273	275	270	270	39
7893	亜細亜	1160	1160	1150	1150	5
7895	中央化学	1660	1660	1660	1660	0.6
7896	セブン工業	340	341	340	341	3
7897	ホクシン	113	115	110	114	19.7
7898	ウッドワン	745	745	720	720	46
7899	オザキ軽化	385	385	385	385	1
7900	大出産業	0	0	0	0	0
7901	マツモト	0	0	0	0	0
7902	ソノコム	0	0	0	0	0
7903	名木材	0	0	0	0	0
7904	天竜木	28	30	28	30	23
7905	大建工	295	303	294	294	72
7906	ヨネックス	375	375	371	371	4
7907	日防腐	0	0	0	0	0
7908	きもと	0	0	0	0	0
7909	シーアイ化	320	320	306	306	7
7910	段谷産業	60	60	58	58	135
7911	凸版	908	929	906	915	1078
7912	大日印	1390	1408	1377	1405	942
7913	図書印	207	208	207	208	8
7914	共同印	320	320	317	320	11
7915	日写印	574	574	562	569	16
7916	光村印	337	337	317	317	21
7917	藤森工業	0	0	0	0	0
7918	ヴィアＨＤ	0	0	0	0	0
7919	野崎紙	0	0	0	0	0
7920	三浦印	0	0	0	0	0
7921	宝印刷	1110	1125	1075	1110	33.5
7922	三光産業	0	0	0	0	0
7923	トーイン	211	230	211	230	1.5
7925	前沢化成	1277	1300	1265	1300	30.2
7926	ベルテクノ	264	264	264	264	2
7927	ムトー精工	888	888	888	888	2
7928	旭化学	460	460	460	460	1
7929	新輝合成	0	0	0	0	0
7931	未来工業	1020	1020	980	980	18.4
7932	ニッピ	0	0	0	0	0
7933	ファイリング	0	0	0	0	0
7934	メルクス	72	75	72	75	30
7935	コンビ	510	515	510	510	15.5
7936	アシックス	101	102	100	100	86
7937	ツツミ	1681	1741	1680	1680	0.6
7938	リーガル	93	95	93	93	22
7939	研創	325	325	325	325	3
7940	ウェーブＨＤ	258	271	258	271	11
7942	ＪＳＰ	635	635	610	610	4
7943	ニチハ	746	749	705	705	9.5
7944	ローランド	1770	1770	1700	1701	6.8
7945	コマニー	0	0	0	0	0
7946	光陽社	0	0	0	0	0
7947	エフピコ	3080	3200	3080	3100	7.7
7948	ＡＷ・エモト	100	100	100	100	1
7949	小松ウオール	910	910	910	910	0.5
7950	日デコラ	0	0	0	0	0
7951	ヤマハ	1295	1358	1295	1355	418
7952	河合楽	140	140	139	139	34
7953	菊水化	0	0	0	0	0
7954	ジャレコ	519	520	505	505	58
7955	クリナップ	470	475	465	465	23
7956	ピジョン	715	715	707	707	12.5
7957	フジコピアン	109	109	108	109	3
7958	天馬	1090	1100	1079	1100	18
7959	オリバー	1010	1010	1010	1010	2
7960	パラマウント	3800	3850	3750	3750	23
7961	兼松日産農	141	141	137	137	8
7962	キングジム	602	602	600	600	3
7963	興研	485	485	485	485	1
7964	セガ	2075	2190	2020	2070	1338.8
7965	象印	0	0	0	0	0
7966	リンテック	1060	1090	1050	1068	51
7967	バンダイ	4120	4230	4050	4130	78.5
7968	田崎真珠	410	414	410	411	15
7969	タカラ	748	768	748	764	243
7970	信越ポリ	560	560	553	553	59
7971	東リ	193	199	193	195	19
7972	イトーキ	301	302	297	297	56
7973	ホウトク	0	0	0	0	0
7974	任天堂	18000	18440	18000	18190	290.4
7975	リヒトラブ	165	165	165	165	13
7976	菱鉛筆	728	733	725	733	5
7977	フランスベッド	315	315	312	314	33
7979	松風	0	0	0	0	0
7980	重松製	0	0	0	0	0
7981	タカラスタ	463	465	450	465	63
7983	ミロク	0	0	0	0	0
7984	コクヨ	1384	1445	1380	1381	115
7985	ネポン	0	0	0	0	0
7986	キング工	120	120	114	115	9
7987	ナカバヤシ	223	223	215	215	19
7988	ニフコ	1177	1180	1156	1180	79
7989	ブラインド	635	635	635	635	0.7
7990	ダイワ精	114	114	111	111	61
7991	マミヤＯＰ	222	222	200	205	50
7992	セーラー	410	420	396	413	337
7993	サンウエブ	157	157	152	155	30
7994	岡村製	513	525	507	525	70
7995	バルカー	145	145	142	142	44
7996	パイロット	510	511	510	511	2
7997	くろ工	0	0	0	0	0
7999	武藤工	250	250	240	245	63
8000	カイゲン	476	485	476	485	3
8001	伊藤忠	501	505	495	497	4013
8002	丸紅	234	234	228	234	2263
8003	トーメン	109	110	106	106	437
8004	ニチメン	123	123	116	116	525
8005	ムトウ	498	498	491	491	5
8006	ユアサフナ	168	168	166	166	12
8007	高島	116	116	112	112	28
8008	アスティ	0	0	0	0	0
8010	新興産業	110	110	107	107	10
8011	三陽商	260	265	260	260	81
8012	長瀬産	480	490	480	489	87
8013	ナイガイ	75	77	75	75	50
8014	蝶理	90	90	84	87	95
8015	豊田通商	419	419	405	406	94
8016	オンワード	990	1010	984	1000	441
8017	阪急共栄物産	120	120	120	120	2
8018	三共興	234	234	232	233	29
8019	市田	56	59	56	57	592
8020	兼松	158	158	151	154	699
8021	レナウン	88	89	85	85	1531
8022	ミズノ	323	329	322	323	148
8023	大興電子	0	0	0	0	0
8024	シルバーＯＸ	390	397	390	397	8
8025	ツカモトＣ	0	0	0	0	0
8027	ルシアン	69	69	60	60	90
8028	ファミリーＭ	1990	1990	1920	1957	287.1
8029	ルック	180	180	175	175	21
8030	中央魚	195	198	195	198	22
8031	三井物	658	663	636	649	1520
8032	紙パ商	379	384	379	379	23
8033	ジーネット	123	124	123	123	4
8035	東エレク	7320	7470	7100	7360	736.6
8036	日立ハイテク	1409	1409	1375	1400	47
8037	カメイ	510	510	502	502	5
8038	東都水	227	227	216	216	31
8039	築地魚	152	159	150	159	143
8040	東ソワール	200	209	200	201	21
8041	魚市場	275	275	273	273	4
8042	マタイ	213	213	210	210	4
8043	スターゼン	229	229	219	222	295
8044	大都魚	139	139	139	139	3
8045	浜丸魚	420	420	420	420	1
8046	丸藤パ	0	0	0	0	0
8048	シャディ	1616	1620	1569	1591	12.3
8050	セイコー	395	399	392	392	37
8051	山善	193	193	187	188	43
8052	椿本興	175	175	170	170	4
8053	住友商	757	765	720	720	1667
8056	ユニシス	835	848	810	810	178.6
8057	内田洋	521	541	511	511	25
8058	三菱商	792	802	781	789	1057
8059	第一実	197	197	191	191	25
8060	キヤノン販	1200	1200	1160	1160	173
8061	西華産	160	160	156	158	41
8063	日商岩井	114	114	111	112	1528
8064	金商	92	92	90	90	12
8065	佐藤商	363	363	363	363	2
8066	三谷商	0	0	0	0	0
8067	トミヤアパ	253	253	248	250	19
8068	菱洋エレク	1209	1228	1202	1202	11
8070	東京産	295	300	290	290	40
8071	東海物産	0	0	0	0	0
8072	出版貿	0	0	0	0	0
8073	Ｔ・ＺＯＮＥ	255	255	240	245	14
8074	ユアサ商	111	115	111	115	146
8075	神鋼商	130	135	130	133	38
8076	カノークス	0	0	0	0	0
8077	小林産	183	190	183	190	5
8078	阪和興	101	102	98	101	241
8079	正栄食	0	0	0	0	0
8080	ジョイス	0	0	0	0	0
8081	カナデン	436	437	435	435	10
8083	サンテレ	250	250	247	247	6
8084	菱電商	321	322	315	317	47
8085	ナラサキ産業	220	227	220	227	53
8086	ニプロ	928	940	926	926	47
8087	フルサト	0	0	0	0	0
8088	岩谷産	222	224	219	220	246
8089	ナイス	240	243	240	240	159
8090	昭光通商	147	149	144	145	67
8091	ニチモウ	124	128	121	128	32
8092	富士通シス	1360	1401	1360	1380	12.8
8093	極東貿易	401	410	401	401	27
8095	イワキ	207	207	205	205	5
8096	兼松エレク	465	470	465	470	12
8097	三愛石	311	311	300	300	9
8098	稲畑産	620	625	615	618	49
8101	ＧＳＩクレ	115	115	110	112	203
8103	明和産	91	91	91	91	6
8105	丸正	125	125	125	125	5
8107	キムラタン	34	35	33	33	62
8109	山洋工	75	75	75	75	1
8110	川鉄商事	102	103	101	103	35
8111	ゴルドウイン	122	122	118	120	13
8112	東スタイル	1080	1089	1074	1076	189
8113	ユニチャーム	4800	4910	4790	4910	44.3
8114	デサント	198	198	195	195	33
8115	ムーンバット	95	101	95	101	7
8116	ダーバン	156	160	156	158	25
8117	中央自	235	237	232	232	18
8118	キング	150	155	150	155	28
8119	三栄コ	246	289	246	270	16
8120	大木	0	0	0	0	0
8123	川辺	0	0	0	0	0
8125	ワキタ	245	245	242	245	10
8126	三光純薬	490	490	470	475	31
8127	ヤマトインタ	125	125	110	124	25
8128	エフワン	64	64	64	64	2
8129	東邦薬	389	389	389	389	16
8130	サンゲツ	1580	1582	1580	1580	6
8131	ミツウロコ	619	619	602	602	4
8132	シナネン	430	430	425	426	60
8133	伊藤忠エネ	432	445	429	429	112
8134	ＴＯＫＡＩ	620	629	620	624	17
8135	ゼット	119	119	119	119	1
8136	サンリオ	1600	1611	1570	1571	162.8
8137	サンワテク	615	615	615	615	1
8138	三京化	190	190	188	188	24
8139	ナガホリ	216	217	216	217	4
8140	リョーサン	1752	1780	1752	1760	31
8141	新光商	640	649	640	640	31
8142	トーホー	825	830	825	826	18
8143	ラピーヌ	73	73	73	73	2
8144	電響社	390	393	390	393	2
8145	中部水産	260	260	260	260	1
8146	小杉産	127	127	127	127	3
8147	トミタ	0	0	0	0	0
8148	上原成	262	262	261	262	4
8150	三信電	638	640	631	633	19
8151	東陽テク	2500	2565	2500	2550	71.9
8152	ソマール	257	257	257	257	1
8153	モスフード	909	909	905	909	14
8154	加賀電子	1360	1385	1351	1380	140
8155	三益半導	1170	1190	1110	1116	40.4
8156	ガステック	446	446	445	445	5
8157	都築電	370	370	370	370	3
8158	ソーダニッカ	176	176	176	176	5
8159	立花エレ	616	650	616	650	6
8160	木曽路	1260	1260	1240	1249	2.5
8161	エイデン	700	700	681	681	17
8163	サトＲＳ	700	704	700	703	10
8164	キャビン	82	83	81	83	38
8165	千趣会	495	507	495	506	56
8166	タカキュー	81	82	68	70	2091.5
8167	丸久	182	182	182	182	2
8168	ケーヨー	465	465	459	460	8.7
8169	宝船	123	123	115	115	7
8170	アデランス	3710	3800	3660	3660	29.6
8171	ＭＶ中部	0	0	0	0	0
8172	第一家庭電器	61	63	51	54	1020
8173	上新電	294	294	286	286	9
8174	日ガス	600	600	569	600	11
8175	ベスト電	560	560	516	516	22
8176	西洋フードシス	355	358	355	358	18
8178	マルエツ	316	316	310	312	11
8179	ロイヤルＨＤ	1059	1059	1030	1058	35
8180	すかいらく	3340	3480	3340	3390	121
8181	東天紅	291	292	290	290	16
8182	いなげや	630	631	630	630	26
8183	セブン−イレブン	4920	5030	4800	5030	973
8184	島忠	1360	1378	1360	1378	44.6
8185	チヨダ	460	460	450	450	21.8
8186	大塚家具	7090	7210	7050	7200	26
8188	ヨークベニ	2520	2545	2520	2540	5.5
8189	マツヤデンキ	210	220	210	220	37
8190	ヤマナカ	1679	1679	1679	1679	12
8191	光製作	0	0	0	0	0
8192	中川無線	70	70	68	69	40
8193	鈴丹	83	83	81	82	30
8194	ライフコーポ	710	725	710	720	24
8195	デニーズジャパン	1830	1830	1801	1801	9
8196	カスミ	400	400	396	398	7
8197	東急ストア	302	302	300	300	9
8199	デオデオ	720	733	710	713	47.6
8200	リンガハット	1210	1210	1198	1200	22.3
8201	さが美	295	296	295	296	4
8202	ラオックス	403	404	400	402	31
8203	ＭｒＭａｘ	320	320	315	315	16.3
8204	ジョナサン	1460	1460	1450	1450	3
8205	シャクリー	820	820	820	820	4
8206	アポロイン	0	0	0	0	0
8207	テンアライド	405	405	400	401	6.2
8208	エンチョー	0	0	0	0	0
8209	フレンドリ	545	550	545	550	2
8210	フットワーク	0	0	0	0	0
8211	相鉄ローゼ	465	465	465	465	1
8212	オーク	102	102	102	102	21
8213	トステムビバ	329	329	316	318	10
8214	アオキインタ	350	350	343	344	23.3
8215	銀座山形屋	0	0	0	0	0
8216	フォルクス	510	515	510	512	4
8217	オークワ	988	999	980	989	39
8218	コメリ	2020	2090	2015	2030	8.9
8219	青山商	1256	1270	1205	1207	210.7
8225	タカチホ	0	0	0	0	0
8226	理経	327	327	320	320	9
8227	しまむら	6180	6320	6100	6320	41.9
8228	マルイチ	0	0	0	0	0
8229	ＣＦＳコーポ	750	750	748	748	1
8230	はせがわ	650	650	650	650	12
8231	三越	430	435	428	429	426
8232	東急百貨店	77	83	77	83	291
8233	高島屋	817	825	810	821	426
8234	大丸	351	358	351	356	162
8235	松坂屋	255	255	249	249	46
8236	丸善	460	482	453	480	10263
8237	松屋	354	354	345	346	8
8238	伊勢丹	1125	1234	1125	1160	242
8239	横浜松坂屋	78	78	78	78	3
8240	サッポロライオン	630	648	620	620	3
8241	阪神百貨店	389	389	389	389	9
8242	阪急百	492	492	475	475	143
8244	近鉄百貨店	196	198	196	196	32
8245	丸栄	189	190	187	187	12
8247	大和	208	208	208	208	8
8248	ニッセン	241	249	195	220	327.2
8249	東洋物	0	0	0	0	0
8250	小松ストアー	0	0	0	0	0
8251	パルコ	350	365	350	365	134
8252	丸井	1605	1648	1592	1640	498
8253	クレセゾン	2305	2370	2300	2305	303.4
8254	さいか屋	425	425	425	425	2
8255	原信	900	900	900	900	1.2
8256	プロルート	0	0	0	0	0
8257	山陽百	0	0	0	0	0
8258	ＯＭＣカード	343	343	326	330	72
8259	十字屋	52	54	50	52	629
8260	井筒屋	147	147	141	141	289
8261	ｼ鉄百貨店	0	0	0	0	0
8263	ダイエー	175	177	170	174	849
8264	イトーヨーカ堂	6060	6230	6000	6200	1112
8265	壽屋	100	100	97	100	132
8266	イズミヤ	477	478	440	442	100
8267	イオン	2600	2640	2540	2620	744
8268	西友	307	310	302	305	116
8269	マイカル	196	199	171	173	1103
8270	ユニー	1105	1120	1096	1099	263
8273	イズミ	843	848	843	844	8
8274	東武ストア	163	165	163	165	6
8275	フォーバル	1150	1170	1140	1140	4.8
8276	平和堂	684	696	674	696	8
8278	フジ	1880	1881	1880	1880	2
8279	ヤオコー	1140	1151	1140	1150	5.4
8280	富士冷機	327	330	325	330	18
8281	ゼビオ	1500	1529	1490	1491	15.6
8282	ギガスケーズ	1671	1715	1650	1701	17.1
8283	パルタック	699	699	650	665	17
8285	三谷産業	0	0	0	0	0
8287	ＭＶ西日本	1200	1200	1200	1200	5
8289	オリンピック	1970	1970	1910	1910	0.8
8290	デンコードー	690	690	690	690	2
8291	東日カーライフ	191	200	188	188	17
8293	愛トヨ	0	0	0	0	0
8295	キャノンシステム	705	705	700	700	5
8298	ファミリー	0	0	0	0	0
8299	大栄太源	580	590	580	590	3
8301	日銀	60500	60500	60500	60500	0.1
8305	みずほＨ	694000	697000	654000	663000	16.546
8314	さくら銀行	662	668	638	660	8185
8315	東京三菱銀	1159	1165	1110	1152	10375
8318	三井住友銀行	1125	1125	1078	1115	9349
8319	大和銀行	169	173	168	170	2680
8320	三和銀行	830	845	810	840	7603
8321	東海銀行	519	519	500	513	4727
8322	あさひ銀行	329	342	324	335	12353
8324	第四銀	355	360	355	356	37
8325	北越銀	257	259	255	255	73
8326	福岡銀	496	514	491	504	437
8327	西日本シティ銀	381	384	381	382	21
8331	千葉銀	433	434	427	432	1876
8332	横浜銀	444	445	432	438	1086
8333	常陽銀	405	406	400	403	275
8334	群馬銀	535	536	520	522	84
8335	足利銀行	188	195	188	193	114
8336	武蔵銀	4040	4050	4040	4040	0.9
8337	千葉興	1050	1050	1000	1000	5.6
8338	関東つくば銀	1201	1201	1180	1180	0.8
8339	都民銀	1800	1810	1790	1801	18.2
8341	七十七	614	614	602	602	292
8342	青森銀	450	467	450	467	30
8343	秋田銀	430	430	423	423	21
8344	山形銀	520	532	520	520	3
8345	岩手銀	4030	4060	4000	4010	1.5
8346	東邦銀	391	398	391	395	130
8349	東北銀	0	0	0	0	0
8350	みちのく銀	656	656	650	650	6
8353	北海道銀行	122	122	121	122	103
8355	静岡銀	983	995	976	984	338
8356	十六銀	456	460	455	458	23
8357	北陸銀行	218	219	215	215	181
8358	スルガ銀	900	905	858	858	200
8359	八十二	542	546	542	542	108
8360	山梨銀	358	364	357	360	15
8361	大垣共立	574	590	574	578	35
8362	福井銀	307	309	306	307	14
8363	北国銀	425	426	424	425	45
8364	清水銀	4220	4220	4210	4210	0.6
8365	富山銀	450	460	450	460	2
8366	滋賀銀	480	481	480	481	29
8367	南都銀	383	390	380	390	17
8368	百五銀	469	470	465	465	31
8369	京都銀	460	460	455	458	58
8370	紀陽銀	283	283	277	278	68
8371	近畿大阪銀	164	164	164	164	5
8372	泉州銀	277	277	277	277	1
8374	三重銀	487	490	486	486	7
8375	池田銀	5260	5400	5260	5400	0.7
8379	広島銀	410	419	409	411	108
8380	山口銀	650	657	650	651	23
8381	山陰合銀	586	594	586	586	102
8382	中国銀	754	785	754	785	40
8383	鳥取銀	358	358	341	341	7
8385	伊予銀	635	637	635	635	26
8386	百十四	612	615	612	613	24
8387	四国銀	619	619	615	615	8
8388	阿波銀	513	515	501	501	75
8390	鹿児銀	432	432	426	426	24
8391	親和銀行	346	346	346	346	11
8392	大分銀	525	526	523	523	16
8393	宮崎銀	361	361	361	361	6
8394	肥後銀	407	408	406	406	20
8395	佐賀銀	385	385	384	384	5
8396	十八銀	430	435	430	434	23
8397	沖縄銀	2220	2220	2215	2215	0.4
8399	琉球銀	1465	1470	1465	1465	3.2
8402	三菱信託	798	809	763	791	3867
8403	住友信	804	808	734	770	5576
8404	みずほ信託銀	97	99	97	97	1838
8405	日本信託	157	159	153	159	278
8407	東洋信託	379	385	368	379	2145
8408	中央三井信	281	285	279	284	853
8421	信中金	385000	390000	385000	390000	0.282
8473	ＳＢＩＨＤ	2170000	2360000	2010000	2170000	0.442
8489	アプレック	235	235	230	230	2
8493	インター	1100	1137	1100	1130	12
8507	学研クレジット	590	590	575	589	8
8508	イッコー	216	216	199	199	44
8511	日証金	394	398	390	398	152
8512	大証金	192	192	192	192	5
8513	中証金	0	0	0	0	0
8515	アイフル	9200	9300	9100	9300	77.85
8518	アジア投資	296	296	272	290	460
8519	ポケットＣ	2830	2840	2700	2785	92
8520	殖産銀行	400	402	400	402	10
8521	長野銀	445	445	445	445	5
8522	名古屋銀	572	579	572	575	9
8524	北洋銀行	603	603	580	580	39
8527	愛知銀	6700	6750	6690	6750	0.9
8528	岐阜銀	155	180	155	180	11
8529	第三銀	436	436	435	436	10
8530	中京銀	412	412	411	411	3
8533	広島総合銀行	387	390	384	390	27
8536	東日銀	540	548	538	538	12
8537	大光銀	295	295	295	295	3
8539	福岡シティ銀	415	415	405	411	14
8541	愛媛銀	450	459	450	459	6
8542	トマト銀	362	365	362	365	12
8543	みなと銀	277	277	275	277	34
8544	京葉銀	305	306	304	304	35
8545	関西アーバン	118	118	118	118	31
8548	九州銀行	294	296	292	292	10
8549	せとうち銀行	0	0	0	0	0
8550	栃木銀	631	631	610	610	5
8551	北日銀	5460	5480	5460	5460	0.4
8552	びわこ銀	250	260	250	260	3
8556	香川銀	603	603	603	603	4
8558	東和銀	417	421	417	421	29
8561	徳島銀	673	675	673	675	6
8562	福島銀	309	313	309	310	14
8563	大東銀	301	304	300	301	34
8564	武富士	8800	8820	8600	8720	275.3
8565	三洋クレ	3450	3450	3270	3380	65.6
8566	リコーリース	1800	1958	1800	1956	134.9
8567	クレディア	1900	1900	1880	1880	7.3
8568	シンキ	1105	1130	1090	1090	37.9
8569	ユニココーポ	0	0	0	0	0
8570	イオンクレ	6140	6140	5980	5980	60.7
8571	ニッシン	5100	5100	4990	5080	18.9
8572	アコム	8600	8650	8530	8640	141
8573	三洋信販	3520	3520	3380	3410	31.3
8574	プロミス	7750	7770	7610	7750	98.9
8577	ロプロ	730	739	682	715	255.3
8579	東京リース	580	580	580	580	5
8580	ファーストクレジット	144	145	128	128	82
8583	日信販	135	138	130	130	918
8584	ジャックス	304	305	290	305	71
8585	オリコ	133	134	128	131	1254
8586	日立キャピ	2200	2215	2135	2160	44.7
8588	セントラル	317	318	317	318	50
8589	アプラス	95	95	91	95	62
8591	オリックス	10040	10150	9930	10080	137.4
8592	住商リース	1000	1000	950	950	39
8593	ダイヤリース	1060	1061	1042	1042	10
8595	ジャフコ	10930	11170	10900	11030	91.3
8597	ＳＦＣＧ	13110	13350	12700	13200	24.45
8599	ＵＦＪセント	0	0	0	0	0
8601	大和証Ｇ	1005	1016	979	999	4033
8603	日興コーデ	804	804	776	796	4413
8604	野村ＨＤ	2140	2150	2060	2060	6126
8606	新光	342	345	337	338	1084
8607	みずほイン証	129	130	127	127	178
8609	岡三ＨＤ	530	530	505	506	101
8610	さくらフレンド	207	207	201	201	91
8611	コスモ証	145	148	143	145	259
8613	丸三	465	465	450	450	74
8614	東洋	234	234	230	231	24
8615	三菱証	819	824	804	805	389
8616	東海東京	239	239	234	236	159
8617	光世	176	178	175	177	32
8621	ＵＦＪつばさ証券	350	350	335	340	162
8622	水戸	235	235	230	230	16
8623	ＳＭＢＣ証	206	206	199	200	29.5
8624	いちよし証	450	450	420	420	63
8625	高木	415	419	406	415	50
8626	マネックス	52000	52000	51300	51300	0.396
8627	イー・トレード	888000	905000	812000	820000	0.366
8691	証券代	750	750	750	750	1
8692	だいこう	350	350	341	341	16
8740	フジトミ	0	0	0	0	0
8741	スターフューチャーズ	619	619	619	619	1
8742	小林洋行	1350	1350	1330	1330	2.6
8743	ひまわり証	0	0	0	0	0
8744	日本ユニコム	506	506	505	505	2
8745	グローバリー	1220	1290	1200	1290	5
8746	第一商品	228	228	228	228	7
8747	豊商事	450	450	450	450	2
8748	岡藤商事	350	350	348	348	2
8749	エース交易	200	200	200	200	4
8751	東京海上火災	1184	1208	1184	1201	1270
8752	三井住友海上	630	640	623	624	983
8753	住友海上火災	707	717	698	698	622
8754	日本興亜	410	413	402	410	330
8755	損害保険Ｊ	591	595	585	594	1147
8756	日産火災海上	404	408	402	406	329
8757	日新火	235	240	235	240	18
8758	千代田火災	330	330	321	325	71
8759	ニッセイ同和	348	348	333	342	450
8760	日動火災海上	695	711	695	711	344
8761	あいおい損保	362	363	356	357	128
8762	興亜火災	402	406	401	405	31
8763	富士火	186	188	186	186	329
8764	太陽火災	0	0	0	0	0
8765	大成火災海上	290	290	284	285	11
8801	三井不	1146	1156	1141	1151	1997
8802	菱地所	1138	1140	1125	1135	1938
8803	平和不	251	259	250	251	261.5
8804	東建物	195	199	195	195	282
8805	中央地	102	105	102	102	29
8806	ダイビル	790	800	786	791	33
8809	サンケビル	354	405	354	369	77
8810	港振興	0	0	0	0	0
8815	東急不	115	117	114	114	486
8817	阪急不動産	345	349	345	345	20
8818	京阪神不	300	305	298	305	16
8821	立飛企	1730	1730	1720	1720	3
8829	大和団地	221	230	221	226	42
8830	住友不	560	572	550	565	1043
8832	小田急不	180	180	180	180	1
8833	東宝不	360	363	360	363	7
8834	藤和不	52	53	51	51	184
8835	太平発	119	119	113	114	62
8836	ヒューネット	415	425	380	425	511
8838	有楽地	158	158	158	158	17
8839	ニチモ	65	67	65	66	62
8840	大京	161	163	157	159	238
8841	テーオーシー	607	611	595	595	48
8842	楽天地	341	343	341	343	13
8844	リクコスモス	400	400	390	390	57
8845	セザール	181	187	181	185	43
8846	積和不動産	429	429	422	422	2
8848	レオパレス	265	265	250	252	97
8850	スターツ	0	0	0	0	0
8851	アバンライフ	120	120	120	120	4
8852	積和不動関西	310	310	301	301	25
8853	ダイヤシティ	0	0	0	0	0
8854	日住	201	201	201	201	1
8855	全日空ビル	118	118	118	118	1
8857	三井不動販売	440	444	431	432	25
8858	ダイア建	275	275	245	258	22
8860	フジ住	441	441	430	440	12
8863	積和不動中部	406	406	406	406	1
8864	空港施設	420	420	416	416	27
8865	神鋼興産	242	242	242	242	2
8866	コマーシャル	285	285	267	280	9
8867	横浜地下街	0	0	0	0	0
8868	ＵＲＢＡＮ	1320	1370	1240	1260	20
8869	明和地所	1920	1950	1900	1900	15.5
8870	住不販売	3510	3590	3490	3490	3.4
8871	ゴールドクレ	7770	7800	7410	7410	6.3
8872	エイブル	850	850	790	805	9
8873	積和不動中国	0	0	0	0	0
8874	ジョイント	2710	2755	2500	2745	59.6
8875	東栄住宅	1469	1470	1440	1450	5.5
8876	リロＨＤ	6950	6950	6300	6550	27.8
8877	エスリード	894	900	850	880	17.5
8878	日綜地所	1070	1070	1000	1040	14
8879	東急リバブル	698	715	697	714	47.5
8880	飯田産業	1390	1390	1390	1390	1
8881	日神不動産	1370	1389	1370	1370	6.9
8882	ゼファー	2430000	2500000	2430000	2500000	0.01
8884	ディックス	0	0	0	0	0
8886	ウッドフレン	470000	480000	450000	460000	0.016
8887	リベレステ	1700000	1700000	1600000	1610000	0.169
8888	クリード	327000	327000	304000	312000	0.13
9001	東武	361	369	360	364	464
9002	西武鉄道	1406	1406	1370	1383	40
9003	相鉄	270	272	268	270	115
9004	箱根登山鉄道	260	270	259	259	9
9005	東急	519	529	515	529	1033
9006	京急	485	490	483	483	531
9007	小田急	427	430	425	426	381
9008	京王	531	540	530	536	786
9009	京成	269	273	267	267	486
9010	富士急	360	360	355	360	11
9012	秩父鉄	230	230	225	225	2
9013	伊豆箱根鉄道	13800	13800	13800	13800	0.4
9014	新京成	263	263	263	263	1
9017	新潟交	291	291	291	291	3
9019	伊豆急行	2260	2260	2150	2150	3.2
9020	ＪＲ東日本	653000	671000	652000	665000	10.012
9021	ＪＲ西日本	510000	518000	508000	518000	1.15
9022	ＪＲ東海	715000	725000	715000	723000	3.174
9031	西鉄	265	267	264	264	111
9033	広電鉄	1240	1240	1240	1240	4
9036	東部ネット	0	0	0	0	0
9037	ハマキョウ	978	978	940	940	9
9038	東海西濃	250	250	250	250	1
9039	サカイ引越	2355	2380	2340	2375	8.9
9040	大宝運輸	0	0	0	0	0
9041	近鉄	440	442	439	441	587
9042	阪急ＨＤ	386	395	386	391	380
9043	阪神	288	290	288	289	207
9044	南海電	380	385	380	385	48
9045	京阪電	355	360	353	355	81
9046	神電鉄	431	435	431	433	30
9047	名糖運輸	1060	1060	1042	1055	7.4
9048	名鉄	303	304	302	302	190
9049	京福電	0	0	0	0	0
9050	三重交	340	340	275	275	17
9051	センコン物流	661	661	660	660	5
9052	山陽電	261	262	261	261	48
9053	中央運輸	0	0	0	0	0
9054	大和物流	0	0	0	0	0
9055	アルプス物流	592	592	583	584	10
9056	ヒューテック	1350	1350	1350	1350	1
9057	遠州トラック	690	690	690	690	1
9058	トランコム	460	460	435	440	5
9059	カンダ	280	280	280	280	1
9060	日ロジテム	279	279	279	279	1
9061	富士物流	201	201	201	201	1
9062	日通	530	531	521	527	3311
9063	岡県運送	0	0	0	0	0
9064	ヤマト運	2260	2310	2245	2260	1423
9065	山九	91	91	90	90	178
9066	日新	162	163	161	161	40
9067	丸運	177	177	177	177	4
9068	丸全運	202	205	202	205	27
9069	センコー	202	205	202	205	25
9070	トナミ	212	212	204	204	96
9072	日梱包	681	698	681	696	15
9073	京極運	0	0	0	0	0
9074	日石輸	191	195	190	191	16
9075	福山運	445	452	437	439	112
9076	西濃運	465	479	464	477	239
9077	名鉄運	0	0	0	0	0
9078	エスライン	282	282	280	280	4
9079	東急ロジ	434	434	434	434	6
9080	関東西濃	0	0	0	0	0
9081	神奈交	0	0	0	0	0
9082	大和自	0	0	0	0	0
9083	神姫バ	482	490	482	490	90
9086	日立物流	611	630	601	625	75
9087	タカセ	0	0	0	0	0
9088	濃飛西濃	664	664	664	664	1
9089	ロジパル	0	0	0	0	0
9101	郵船	504	519	494	507	1790
9104	商船三井	231	237	228	234	3637
9107	川崎汽	189	192	187	190	1905
9110	新和海	63	64	62	63	65
9113	乾汽船	62	62	60	60	7
9115	明治海	159	159	159	159	5
9119	飯野海	156	160	155	160	134
9123	太平海	45	46	45	45	100
9127	玉井船	0	0	0	0	0
9130	共栄タ	106	110	106	106	8
9132	第一汽	45	46	43	43	114
9133	東栄リーファ	123	123	123	123	1
9151	東京船舶	80	83	80	83	15
9152	関西汽	46	46	43	43	227
9171	栗林船	0	0	0	0	0
9173	東海汽	0	0	0	0	0
9174	ワンダーＴ	268	268	265	265	4
9176	佐渡汽	0	0	0	0	0
9178	日鉄物流	405	405	405	405	1
9179	川崎近海	163	163	163	163	2
9180	新和内航	218	218	218	218	2
9193	東京汽	320	320	320	320	5
9201	日本航空	500	504	494	500	1714
9202	ＡＮＡ	400	407	396	404	1998
9203	日本エアシス	3830	3840	3810	3830	1.7
9204	スカイマーク	119000	119000	117000	118000	0.018
9231	国際航	468	469	462	468	28
9232	パスコ	406	406	400	400	15
9233	アジア航	297	297	295	295	8
9301	三菱倉	915	916	879	897	763
9302	三井倉	225	225	219	220	466
9303	住友倉	283	290	283	289	394
9304	渋沢倉	238	238	231	235	33
9305	ヤマタネ	113	115	110	110	67
9306	東陽倉	191	191	191	191	2
9307	杉村倉	0	0	0	0	0
9308	イヌイ建	0	0	0	0	0
9309	京神倉庫	0	0	0	0	0
9310	トランシティ	190	190	186	187	44
9311	アサガミ	0	0	0	0	0
9312	ケイヒン	146	146	143	143	24
9313	丸八倉	150	150	150	150	10
9314	品川倉	0	0	0	0	0
9317	オーナミ	0	0	0	0	0
9318	Ｊブリッジ	210	220	210	220	7
9319	中央倉	550	550	549	550	5
9320	三和倉	0	0	0	0	0
9321	アイロジステ	153	153	153	153	2
9322	川西倉	630	630	630	630	2
9323	ロジステック	240	240	240	240	1
9324	安田倉	0	0	0	0	0
9351	洋埠頭	145	145	144	144	15
9353	桜島埠	402	409	390	399	62
9355	リンコー	105	105	105	105	2
9357	名港海	0	0	0	0	0
9358	宇徳運	124	124	124	124	6
9359	伊勢湾	250	253	250	251	10
9360	鈴与シンワ	0	0	0	0	0
9361	伏木運	0	0	0	0	0
9362	兵機海	109	109	108	108	11
9363	大運	48	48	46	46	15
9364	上組	470	470	462	463	232
9365	トレーディア	103	103	103	103	1
9366	サンリツ	695	700	693	693	2.1
9367	大東港運	0	0	0	0	0
9368	キムラユニテ	0	0	0	0	0
9369	キユソ流通	1400	1430	1400	1400	18
9370	郵船航空	1750	1750	1680	1700	6.1
9373	ニッコウトラ	1230	1230	1230	1230	9
9374	軽貨急配	1520	1520	1410	1410	32
9375	近鉄エクス	1000	1050	1000	1050	7
9401	ＴＢＳ	2610	2720	2605	2695	435
9402	ＣＢＣ	0	0	0	0	0
9404	日テレ	36000	36500	35650	36000	48.45
9405	朝日放	9000	9000	8880	8880	0.21
9408	新潟放	650	650	616	616	5.1
9409	テレビ朝日	280000	282000	278000	278000	0.314
9432	ＮＴＴ	730000	745000	724000	733000	14.865
9433	ＫＤＤＩ	480000	484000	460000	467000	9.124
9434	ボーダフォン	1930000	1950000	1810000	1880000	1.101
9435	光通信	2000	2080	1901	1901	48
9436	沖縄セルラー	243000	243000	238000	242000	0.042
9437	ＮＴＴドコモ	1870000	1880000	1800000	1850000	23.158
9438	ＭＴＩ	409000	409000	372000	377000	0.168
9439	ビーアイジー	340000	340000	305000	305000	0.007
9441	ベルパーク	0	0	0	0	0
9442	ＪＳＡＴ	820000	833000	806000	810000	0.271
9443	インテックコミュ	620	620	550	555	11
9444	トーシン	285000	290000	270000	270000	0.008
9445	フォバルテレ	225000	225000	212000	212000	0.005
9449	ＧＭＯインター	1940	1950	1790	1800	82
9470	学研	166	168	155	158	187
9471	文渓堂	0	0	0	0	0
9472	エスコム	240	242	236	237	43
9473	アスキー	590	590	570	575	16
9474	ゼンリン	1398	1398	1322	1322	14.9
9475	昭文社	1295	1325	1285	1325	29.7
9476	中央経済	0	0	0	0	0
9477	角川ＨＤ	2900	3000	2800	2925	25.3
9478	翔泳社	1380000	1380000	1300000	1320000	0.017
9479	インプレスＨＤ	443000	444000	413000	425000	0.335
9501	東電	2740	2785	2720	2785	1674.4
9502	中部電	2010	2050	2010	2040	654.2
9503	関西電	1938	1950	1930	1937	472.6
9504	中国電	1699	1710	1674	1704	194.8
9505	北陸電	1564	1580	1560	1566	138.2
9506	東北電	1650	1699	1640	1691	1348.8
9507	四国電	1753	1780	1739	1777	173.2
9508	九州電	1660	1682	1660	1669	393.4
9509	北海電	1549	1565	1545	1560	256.6
9511	沖縄電	1930	1995	1930	1995	2.3
9531	東ガス	331	337	327	327	11252
9532	大ガス	308	311	300	300	2313
9533	邦ガス	242	250	242	245	365
9534	北ガス	211	211	205	206	9
9535	広ガス	250	250	250	250	4
9536	西部ガス	161	162	160	160	132
9537	北陸ガ	305	305	305	305	12
9539	葉ガス	0	0	0	0	0
9540	中ガス	0	0	0	0	0
9541	大多喜ガス	325	325	325	325	1
9542	新日ガス	0	0	0	0	0
9600	アイネット	560	560	551	551	4
9601	松竹	486	498	480	498	47
9602	東宝	14040	14200	14040	14120	13.6
9603	ＨＩＳ	2400	2410	2100	2180	35.1
9604	際放映	142	145	142	145	5
9605	東映	403	404	391	395	414
9607	葵プロ	809	810	780	780	27.5
9608	福山コンサル	0	0	0	0	0
9609	ベンチャーリ	7000	7050	6950	6950	23.4
9610	ウィルソン	2900	2900	2850	2890	1.7
9611	Ｄワンダー	0	0	0	0	0
9612	ラックランド	2490	2490	2490	2490	0.3
9613	ＮＴＴデータ	615000	622000	592000	597000	5.757
9614	ベルシス24	42000	42000	40200	40400	3.68
9615	東京美装	403	404	403	404	2
9616	共立メンテ	2370	2370	2350	2370	4.5
9618	エームサービス	1140	1200	1140	1200	2
9619	イチネン	780	780	780	780	0.5
9620	スクウェア	2500	2550	2460	2460	39.4
9621	建設技研	529	529	527	527	0.8
9622	スペース	450	450	443	447	4.8
9623	キヤノンソフ	523	523	523	523	1
9624	長大	0	0	0	0	0
9625	セレスポ	212	220	200	201	47
9626	日本技開	195	195	195	195	1
9627	アインファマ	1150	1170	1150	1170	2
9628	燦ＨＤ	4100	4230	4100	4200	0.9
9629	ＰＣＡ	1232	1232	1232	1232	1.5
9630	アップ	0	0	0	0	0
9631	東急レク	592	592	591	591	4
9632	スバル	340	340	330	330	9
9633	テアトル	170	170	167	169	7
9634	修学社	490	490	480	490	10
9635	武蔵野	480	480	470	470	10
9636	きんえい	330	330	330	330	2
9637	オーエス	0	0	0	0	0
9638	情報技術	601	601	601	601	1
9639	三協フロンテ	385	385	380	380	5
9640	セゾン情報	820	825	800	800	4
9641	サコス	125	125	125	125	2.6
9642	コマスタ	0	0	0	0	0
9643	中日興	11000	11000	10700	10700	0.2
9644	タナベ経営	336	336	325	325	3.4
9645	ダイヤモンドコン	980	980	970	980	0.6
9646	タイトー	68100	69900	67000	69500	0.178
9647	協和コンサル	0	0	0	0	0
9648	ウエスコ	269	269	262	262	5.7
9649	明電エンジニア	558	558	540	550	2.1
9650	テクモ	1195	1200	1165	1200	21.7
9651	日本プロセス	600	620	600	620	2
9652	日本医療	1350	1350	1270	1280	19.2
9653	ＳＢＩパートナ	390	390	390	390	2
9654	コーエー	3550	3570	3500	3530	26.4
9656	三井ランド	541	590	541	590	0.3
9657	コムテック	383	383	383	383	1
9658	ビジ太田昭	460	460	460	460	23
9660	ＣＲＣソリュ	0	0	0	0	0
9661	歌舞伎	0	0	0	0	0
9663	ナガワ	700	710	700	710	48
9664	御園座	1000	1000	1000	1000	1
9665	吉本興	900	900	880	890	27
9667	ホリプロ	642	642	640	640	4
9668	相鉄企業	470	470	470	470	1
9669	オークネット	2740	2790	2690	2710	1.8
9671	よみランド	323	325	315	318	19
9672	東競馬	100	101	99	99	119
9673	甲子園土地	43	43	43	43	7
9674	花月園	210	215	210	215	12
9675	常磐興	141	141	140	141	22
9676	松戸公産	379	379	379	379	1
9677	日本ジャンボ	510	510	502	503	3.7
9678	カナモト	468	470	455	470	28
9679	ホウライ	0	0	0	0	0
9680	共成レンテム	629	629	600	600	8
9681	東京ドーム	415	419	410	413	253
9682	ＤＴＳ	5400	5480	5240	5320	27.2
9684	スク・エニ	2900	2965	2900	2910	27.8
9685	共同コンＨＤ	280	280	280	280	3
9686	東洋テック	0	0	0	0	0
9687	ＫＳＫ	0	0	0	0	0
9689	グリンハウス	0	0	0	0	0
9691	両毛システム	0	0	0	0	0
9692	シーイーシー	1173	1196	1120	1196	15.6
9694	日立ソフト	6660	6890	6400	6430	147.9
9695	鴨川グランド	0	0	0	0	0
9696	ウィザス	310	314	305	314	6
9697	カプコン	3030	3090	3020	3070	295.9
9698	クレオ	749	749	690	700	13
9699	西尾レント	700	709	690	690	9.7
9700	エスアールエル	1265	1265	1187	1220	64
9701	会舘	240	240	240	240	13
9702	アイエスビー	781	781	719	731	18
9703	ジェネラスコーポ	78	79	78	78	24
9704	東海観	51	52	50	50	450
9706	日本空港ビル	985	1000	985	995	11
9707	メデカＪ	825	845	796	796	16
9708	帝ホテル	0	0	0	0	0
9709	日コンピュタ	0	0	0	0	0
9711	日コンシス	0	0	0	0	0
9712	ファイ	240	240	220	220	998
9713	ロイヤルホ	241	241	235	240	20
9714	ＳＲＡ	1390	1390	1285	1295	1.8
9715	トランスコス	5030	5100	4740	4850	130.2
9716	乃村工芸社	348	348	348	348	3
9717	ジャステック	3670	3680	3550	3610	9.7
9718	国際観光会館	180	180	180	180	3
9719	住商情報	4700	4700	4400	4440	41.1
9720	グランド	0	0	0	0	0
9722	藤田観	480	495	480	495	17
9723	京都ホ	0	0	0	0	0
9724	新阪急ホテル	241	241	230	240	32
9725	東急ホテル	161	165	161	163	34
9726	近ツーリスト	292	292	288	288	24
9727	東急観光	116	120	116	120	3
9728	日本管財	1770	1900	1730	1880	13.5
9729	トーカイ	0	0	0	0	0
9730	ワオコーポ	275	275	273	273	5
9731	白洋舎	331	332	331	332	4
9732	東映ラボ	210	210	210	210	1
9733	ナガセ	0	0	0	0	0
9734	精養軒	405	405	405	405	0.5
9735	セコム	6700	6880	6680	6830	450
9736	白青舎	0	0	0	0	0
9737	ＣＳＫ	2275	2275	2135	2175	454.7
9738	インテック	1000	1011	990	990	74
9739	ＮＳＷ	5800	5800	5560	5580	8.2
9740	ＣＳＰ	589	600	589	600	5
9741	日立情報	2810	2875	2810	2830	88.3
9742	アイネス	1045	1060	1012	1034	47.6
9743	丹青社	384	384	370	370	26
9744	メイテック	3420	3500	3350	3420	103.9
9746	ＴＫＣ	1740	1740	1710	1714	10.4
9747	アサツーＤＫ	2730	2780	2690	2740	137.8
9748	ＮＪＫ	501	501	481	481	14
9749	富士ソフト	5600	5630	5230	5250	112.8
9750	ソラン	1483	1483	1400	1445	21
9751	ＴＩＳ	3650	3920	3650	3780	229.2
9752	ナムコ	1809	1810	1790	1795	177.1
9753	ＩＸナレッジ	500	501	500	500	5
9755	応用地質	1085	1085	1010	1051	27.6
9756	ＡＳＫ	660	673	650	669	47
9757	船井研	570	570	540	540	25
9758	ジシステム	450	460	440	440	17
9759	日システムデ	7150	7450	7150	7350	137.7
9760	進学会	0	0	0	0	0
9761	東海リース	165	165	163	163	23
9762	大和リース	336	340	333	335	103
9763	丸紅リ	72	73	72	73	32
9764	技研興	0	0	0	0	0
9765	オオバ	121	121	120	121	7
9766	コナミ	4420	4680	4250	4470	1389.9
9767	日建工学	255	255	251	255	4
9768	国土環境	600	600	600	600	1
9769	学究社	315	335	315	335	8
9776	札臨	0	0	0	0	0
9777	日電計算	1290	1295	1260	1260	7.9
9778	昴	430	430	430	430	5
9779	メフォス	0	0	0	0	0
9780	ビステム	275	285	275	275	5
9781	石川島汎サ	0	0	0	0	0
9782	ＤＭＳ	430	430	415	415	2
9783	ベネッセ	4490	4500	4350	4500	29.1
9784	日工検	0	0	0	0	0
9785	大新東	0	0	0	0	0
9786	キャッツ	3300	3340	3200	3250	166
9787	Ｊメンテ	935	935	910	929	6
9788	ナック	644	644	625	638	6.3
9789	栄光	401	401	401	401	2
9790	福井コン	700	700	700	700	10.5
9791	ビケンテクノ	463	463	460	461	3
9792	ニチイ学館	4370	4470	4350	4390	42.5
9793	ダイセキ	1500	1520	1495	1500	23.8
9794	カラカミ観光	515	518	515	518	2
9795	ステップ	685	685	676	676	4
9796	ダイテック	1070	1100	1070	1100	0.3
9797	大日本コン	266	266	266	266	1
9798	シダックス	1730	1730	1700	1700	0.8
9799	旭情報	1040	1040	1010	1010	7
9810	日鉄商	83	83	83	83	5
9811	アスティス	0	0	0	0	0
9812	テーオー	0	0	0	0	0
9813	トッキ	3290	3500	3290	3480	84
9814	アシックス商	600	600	600	600	3
9815	カテナ	700	705	690	692	111
9816	バーテックス	0	0	0	0	0
9817	ゴトー	0	0	0	0	0
9818	大丸エナ	0	0	0	0	0
9820	エムティＧ	0	0	0	0	0
9822	なが多	69	72	63	64	891
9823	マミーマート	0	0	0	0	0
9824	泉州電	590	591	590	591	3
9825	アズウェル	590	590	580	582	10.4
9826	ＪＥＵＧＩＡ	149	149	148	148	5
9827	リリカラ	0	0	0	0	0
9828	元気寿司	1139	1139	1139	1139	1
9829	ながの東急	0	0	0	0	0
9830	トラスコ中山	1400	1400	1360	1360	1.1
9831	ヤマダ電	9210	9210	8970	9100	31.8
9832	オートバクス	2490	2505	2470	2500	35.5
9833	エルクコーポ	0	0	0	0	0
9834	リオチェン	394	394	320	320	3.8
9835	ジュンテン	208	208	208	208	5
9836	リーバイス	448	448	445	445	2
9837	モリト	555	555	555	555	2
9838	トラベラー	630	630	630	630	1
9839	ゲッツブラザーズ	540	546	540	540	5
9840	ホーマック	943	943	926	939	22
9841	ＢＭＢ	450	450	416	423	276
9842	アークランド	1310	1310	1300	1300	21
9844	ユーエスシー	1240	1240	1220	1220	10
9845	パーカー	250	250	250	250	5
9846	天満屋ス	0	0	0	0	0
9847	ソリスト	1400	1400	1240	1300	60
9848	トヨタカローラ岐阜	0	0	0	0	0
9849	河内屋紙	0	0	0	0	0
9850	グルメ杵屋	849	849	849	849	1
9852	中央物産	0	0	0	0	0
9853	銀座ルノア	0	0	0	0	0
9854	愛眼	830	846	830	840	17.7
9855	くろがねや	321	332	321	332	23
9856	ケーユー	690	690	685	685	0.3
9857	英和	326	326	326	326	3
9858	明光商会	1410	1410	1360	1390	10.9
9859	ユーストア	891	891	889	889	22
9860	岐阜日野	0	0	0	0	0
9861	吉野家ディー	178000	179000	172000	173000	0.445
9862	メモレックス・テレ	153	153	150	150	10
9863	靴のマルトミ	1	1	1	1	80.1
9864	ナカイ	0	0	0	0	0
9865	日商エレク	3150	3250	2900	3160	209
9867	ソレキア	380	385	380	380	8
9868	トリイ	0	0	0	0	0
9869	加藤産	601	601	600	600	2
9870	ハナテン	1800	1800	1800	1800	0.1
9871	イトーキ	271	271	271	271	1
9872	北恵	182	182	182	182	5
9873	ケンタッキー	1700	1700	1690	1693	46
9875	マツモトキヨ	3710	3800	3650	3690	77.1
9876	コックス	0	0	0	0	0
9877	マルフル	132	132	132	132	4
9878	セキド	400	400	400	400	1
9879	フタタ	0	0	0	0	0
9880	イノテック	1630	1650	1600	1620	27.1
9882	イエロハット	861	873	861	863	8.3
9883	富士エレ	1128	1130	1050	1130	5
9884	都築電産	560	560	560	560	1
9885	シャルレ	600	600	600	600	20
9887	松屋フーズ	2300	2385	2290	2370	48.1
9888	ＵＥＸ	0	0	0	0	0
9889	ＪＢＣＣ	1333	1333	1235	1239	45.7
9890	マキヤ	1150	1150	1150	1150	5
9892	卑弥呼	1190	1190	1190	1190	1
9893	ホームワイド	0	0	0	0	0
9894	アトル	546	546	546	546	1
9895	コンセック	309	320	309	320	30
9896	Ｊ建材	0	0	0	0	0
9897	ユニダックス	745	750	745	750	12
9898	サハダイヤ	75	75	65	67	840
9899	サンデサン	730	730	730	730	3
9900	サガミ	858	871	858	871	13
9901	宮	620	640	620	640	5
9902	日伝	0	0	0	0	0
9903	カンセキ	110	110	110	110	2
9904	ベリテ	195	195	191	191	5
9905	コージツ	0	0	0	0	0
9906	藤井産業	420	420	420	420	2
9907	大電社	0	0	0	0	0
9908	日本電計	541	541	541	541	2
9909	愛光電気	0	0	0	0	0
9911	真電	0	0	0	0	0
9912	ダイワボ情	1151	1151	1100	1120	23.5
9913	日邦産業	235	235	230	230	3
9914	植松商会	0	0	0	0	0
9916	バイタルＮ	695	697	695	695	4
9917	マツモト電器	0	0	0	0	0
9918	ダイワラクダ	350	350	350	350	1
9919	関西スーパ	496	496	496	496	1
9920	シービーエム	885	885	880	880	1.3
9921	ギガス	0	0	0	0	0
9922	日立機材	498	498	498	498	3
9923	ダイトーエム	380	380	380	380	2
9924	ドミー	0	0	0	0	0
9925	北の家族	510	515	501	515	24
9926	ダイカ	290	290	290	290	1
9927	ワットマン	320	320	320	320	2
9928	ミロク情報	760	795	760	790	14.5
9929	平和紙業	0	0	0	0	0
9930	北沢産	193	195	193	195	4
9931	家族亭	0	0	0	0	0
9932	杉本商	480	493	477	492	18.5
9934	因幡電産	1310	1319	1309	1310	6.2
9935	あずみ	0	0	0	0	0
9936	王将フード	1000	1000	999	1000	12
9937	セシール	836	854	831	831	2
9938	住金物産	87	87	85	85	30
9939	すみや	0	0	0	0	0
9941	太洋物産	0	0	0	0	0
9943	ココス	605	610	605	610	3
9944	インパクト	1130	1130	1079	1100	6.6
9945	プレナス	4400	4400	4300	4300	0.6
9946	ミニストップ	1900	1920	1860	1866	11
9947	シムリー	720	740	720	730	3
9948	アークス	770	770	750	765	15
9949	タイヨー	1200	1200	1200	1200	9
9950	ハチバン	542	542	542	542	5
9951	カーマ	510	516	510	510	3.7
9952	ドトール	7160	7190	7050	7050	17
9953	ダイキ	1255	1255	1230	1238	5.6
9954	東京小僧寿し	470	470	470	470	10
9955	ヨンキュウ	1930	1930	1930	1930	8.3
9956	バロー	1180	1180	1180	1180	1
9957	バイテック	1450	1490	1410	1420	4.3
9958	サリ	0	0	0	0	0
9959	アシード	765	765	745	745	0.5
9960	東テク	441	441	441	441	1
9961	エムオーテック	134	134	131	131	3
9962	駿河製機	6500	6700	6500	6640	90.5
9963	江守商事	420	420	420	420	1
9964	アイ・テック	0	0	0	0	0
9965	福原	380	380	370	370	6
9966	藤久	1500	1500	1500	1500	0.7
9967	堺商事	0	0	0	0	0
9968	イチヤ	810	850	780	799	168
9969	ショクブン	890	890	890	890	1
9970	東洋オフィス	420	420	398	401	10
9971	カウボーイ	560	560	530	530	34
9972	アルテック	680	695	655	690	18.1
9973	小僧本部	1160	1170	1160	1160	4
9974	ベルク	0	0	0	0	0
9975	マルヤ	0	0	0	0	0
9976	セキチュー	505	510	500	510	3
9977	アオキスーパ	0	0	0	0	0
9978	文教堂	840	860	830	860	5
9979	大庄	1111	1150	1083	1100	13
9980	マルコ	651	677	650	660	1.9
9981	ニック産業	0	0	0	0	0
9982	タキヒヨー	0	0	0	0	0
9983	ファストリ	18450	18450	17450	17700	185.1
9984	ソフトバンク	5020	5090	4700	4850	3305.9
9985	榮太郎	800	800	795	800	5
9986	蔵王産業	0	0	0	0	0
9987	スズケン	2650	2705	2650	2670	55.6
9988	神港魚類	0	0	0	0	0
9989	サンドラッグ	4570	4570	4450	4500	3.5
9990	東京デリカ	0	0	0	0	0
9991	ジェコス	255	257	253	253	12.8
9992	理研グリン	240	240	238	238	2
9993	ヤマザワ	1040	1040	1040	1040	1
9994	やまや	450	450	450	450	1.6
9995	イーストン	570	575	540	545	29
9996	サトー商会	0	0	0	0	0
9997	ベルーナ	3020	3220	2980	3190	26.1
