20010404
1001	日経２２５	13043	13242	12874	13242	101.476
1002	ＴＯＰＩＸ	1285	1304	1277	1304	101.476
1301	極洋	150	153	149	153	306
1319	日経300F	253	259	253	259	88
1331	ニチロ	256	260	252	259	1019
1332	日水	211	217	208	215	2123
1333	マルハ	153	159	152	158	1985
1351	宝幸水産	75	79	73	79	484
1352	ホウスイ	87	89	87	88	32
1376	カネコ種	665	665	665	665	1
1377	サカタタネ	1960	1960	1920	1930	24.8
1378	雪国まいたけ	614	620	614	620	2
1379	ホクト	4300	4330	4230	4280	106.2
1380	秋川牧園	0	0	0	0	0
1381	アクシーズ	608	608	608	608	1
1491	中外鉱	116	121	116	119	2265
1501	三井鉱山	96	98	94	96	1046
1503	住友炭	78	81	75	81	432
1515	日鉄鉱	255	271	255	271	448
1518	三井松島	193	198	193	195	65
1601	帝石	613	654	612	653	930
1603	アラビア石油	980	1074	980	1049	413.8
1661	ガス開	533	543	530	541	73
1701	昭和鉱	228	229	225	229	41
1702	共立マテリア	345	345	345	345	3
1731	ペイント	3350000	3700000	3350000	3700000	0.172
1735	伊田テクノス	396	396	396	396	2
1736	オーテック	284	288	284	288	2
1737	三井エンジ	0	0	0	0	0
1738	ＮＩＴＴＯＨ	0	0	0	0	0
1739	ＳＥＥＤ	340000	340000	340000	340000	0.004
1740	極東工業	351	351	351	351	1
1741	ミサワサンイ	0	0	0	0	0
1742	セコムテクノ	2975	3000	2950	3000	34
1743	コーアツ工業	0	0	0	0	0
1744	キョーエイ	0	0	0	0	0
1745	ミサワホーム東海	0	0	0	0	0
1748	ミサワ北日	0	0	0	0	0
1750	カナック	0	0	0	0	0
1751	日立プラサ	411	411	411	411	1
1752	富士通シス	1020	1020	990	1000	8
1753	土屋ツバイ	0	0	0	0	0
1754	東新住建	705	705	705	705	1
1755	JFE工建	359	359	359	359	4
1756	和興エンジ	213	213	213	213	10
1757	千年の杜	325	325	325	325	3
1758	太洋基礎	440	440	440	440	4
1759	ジオトップ	232	232	232	232	2
1762	高松建設	1220	1240	1220	1240	1.5
1763	北陸ミサワ	0	0	0	0	0
1764	工藤建設	235	235	235	235	1
1765	イビデンテック	0	0	0	0	0
1766	東建コーポ	1180	1200	1170	1200	11
1767	沖ウィン	0	0	0	0	0
1768	ソネック	269	269	269	269	1
1770	藤田エンジ	440	440	430	430	8
1772	東北エンタープライズ	200	200	200	200	2
1774	機動建	184	184	180	180	16
1775	富士電Ｅ＆Ｃ	233	233	226	230	40
1776	三井住建道路	112	117	111	115	44
1777	川崎設備	361	361	361	361	1
1778	古河総設	0	0	0	0	0
1779	松本建工	410	410	400	400	11
1780	ヤマウラ	334	348	334	348	2.5
1781	国土総合	390	390	373	382	9
1782	常磐開発	175	175	175	175	2
1783	南野建設	0	0	0	0	0
1784	サワコー	27	30	26	30	15.8
1785	ナナボシ	414	414	414	414	1
1786	オリ建	390	390	383	389	5.2
1787	ナカボテック	0	0	0	0	0
1788	三東工業	207	225	207	220	24
1789	山加電業	315	315	305	305	0.9
1790	平和奥田	358	358	358	358	1
1791	三井木材	85	93	83	93	159
1792	みらい建設Ｇ	196	200	196	200	4
1793	大本組	525	525	525	525	6
1795	マサル	0	0	0	0	0
1796	トヨタウッド	215	215	210	210	2
1797	藤木工務店	0	0	0	0	0
1798	守谷商会	0	0	0	0	0
1799	第一建設	210	210	206	206	3
1800	利塚地下技術	193	193	188	188	6
1801	大成建	244	249	240	248	1133
1802	大林組	537	550	531	549	4672
1803	清水建	432	449	427	447	1428
1804	佐藤工業	53	54	51	53	465
1805	飛島建	50	51	49	51	310
1806	ACリアル	37	37	36	37	802
1807	渡辺組	0	0	0	0	0
1808	長谷工	39	40	38	40	2596
1809	富士工	2	2	1	2	318
1810	松井建	311	311	303	311	33
1811	銭高組	250	250	243	243	4
1812	鹿島	344	350	337	350	1633
1813	不動建	136	140	136	139	152
1814	大末建	75	84	75	84	180
1815	鉄建	98	100	97	98	349
1816	安藤建	182	185	182	184	45
1817	勝村建	130	134	130	134	10
1818	日産建設	84	84	78	82	62
1819	太平工	138	142	138	138	28
1820	西松建	448	454	448	453	303
1821	三井住友建	79	80	78	79	331
1822	大豊建	152	152	150	150	41
1823	住友建設	76	77	74	77	183
1824	前田建	520	545	515	539	493
1825	環境建設	130	131	125	126	810
1826	佐田建	138	138	138	138	13
1827	ナカノフドー建	76	78	74	76	42
1828	田辺工業	0	0	0	0	0
1829	大和建設	58	58	58	58	13
1830	共栄冷機工業	0	0	0	0	0
1833	奥村組	494	508	494	498	338
1834	小田急建	222	224	220	224	2.5
1835	東鉄工	201	205	201	205	4
1836	大日本土木	138	142	138	139	11
1837	間組	47	48	46	48	290
1838	古久根建設	87	87	85	87	13
1839	真柄建	135	135	135	135	2
1840	土屋ホーム	271	271	264	264	8.3
1841	サンユ	400	400	400	400	1
1844	大盛工業	119	119	115	115	9
1845	森本組	119	119	119	119	2
1846	鈴縫工	0	0	0	0	0
1847	イチケン	129	129	125	128	12
1848	富士ＰＳ	450	450	450	450	1
1850	南海辰村建	68	68	64	64	18
1851	大木建設	199	200	190	196	69
1852	浅沼組	140	145	140	145	27
1853	森組	0	0	0	0	0
1854	新井組	109	114	109	114	5.4
1855	東急建設	70	70	69	70	194
1856	ジェイオー建設	109	109	109	109	1
1857	松村組	95	95	92	92	65
1858	井上工	193	197	192	195	164
1860	戸田建	584	605	584	603	666
1861	熊谷組	68	68	66	68	1436
1862	横河工事	350	350	331	331	0.4
1863	テトラ	213	218	213	213	8
1865	青木あすなろ建	143	155	138	155	43
1866	北野建	263	265	257	265	52
1867	植木組	182	189	182	187	5
1868	三井ホーム	415	420	414	419	12
1869	名工建	0	0	0	0	0
1870	矢作建	315	321	315	321	2
1871	ピーエス三菱	391	391	370	386	3.8
1872	アゼル	206	226	205	225	441
1873	東ハウス	335	335	334	335	14
1874	佐藤秀	70	71	70	71	13
1875	青木マリン	0	0	0	0	0
1877	川田建設	422	422	422	422	1
1878	大東建	1920	2025	1920	2000	444.6
1879	新日本建	217	217	217	217	6
1880	スルガコーポ	0	0	0	0	0
1881	ＮＩＰＰＯ	525	534	520	520	130
1882	東亜道	218	218	213	213	6
1883	前田道	503	506	500	504	87
1884	日道路	180	193	175	192	1040
1885	東亜建	142	143	138	143	381
1886	青木建設	40	41	38	40	2095
1888	若築建	100	100	97	97	49
1889	佐伯建	126	134	126	128	24
1890	東洋建	74	77	73	77	193
1892	徳倉建	290	290	290	290	3
1893	五洋建	159	164	157	160	963
1895	大成ロテック	158	163	157	163	109
1896	大林道	252	254	250	250	12
1897	金下建	485	490	485	490	3
1898	世紀東急	84	84	80	80	10
1899	福田組	265	272	265	272	5
1900	白石	0	0	0	0	0
1902	山崎建設	0	0	0	0	0
1904	大成温調	0	0	0	0	0
1905	テノックス	245	245	240	240	3
1906	細田工務	0	0	0	0	0
1907	東北ミサワ	570	570	570	570	6
1908	三平建設	380000	400000	380000	400000	0.007
1910	フドウ建研	0	0	0	0	0
1911	住友林	692	735	692	735	210
1912	ミサワセラミ	350	350	350	350	1
1913	旭ホームズ	82	82	82	82	2
1914	日基技	438	447	438	447	5.9
1915	東京ミサワホーム	0	0	0	0	0
1916	日成ビルド	202	210	201	210	184
1917	ニッセキハウス	85	87	85	86	283
1919	エスバイエル	258	259	257	259	45
1920	殖産住宅相互	72	76	71	74	618
1921	巴	175	176	173	175	6
1922	大成ユーレック	108	109	104	106	23
1923	ミサワホーム	305	306	301	305	123
1924	パナホーム	675	690	675	690	39
1925	大和ハウス	808	834	808	834	684
1926	ライト	408	409	401	406	29.4
1927	中 部	310	310	310	310	0.1
1928	積ハウス	996	1026	990	1020	1798
1929	日特建	173	179	173	179	20
1930	北陸電工	300	320	300	320	7
1931	日本電通	0	0	0	0	0
1932	コミュチュア	470	470	469	469	5
1933	西シス建	0	0	0	0	0
1934	ユアテック	360	364	360	360	25
1935	ＴＴＫ	238	238	233	233	5
1936	シーキューブ	262	263	262	263	4
1937	西部電工	270	270	270	270	3
1938	千歳電	0	0	0	0	0
1939	四電工	377	377	377	377	3
1940	つうけん	204	204	204	204	1
1941	中電工	1561	1562	1516	1562	12
1942	関電工	567	567	549	554	232
1943	大明	744	755	740	755	40
1944	きんでん	623	631	615	628	160
1945	東京エネシス	367	376	367	376	7
1946	トーエネク	423	430	419	424	28
1947	日本コムシス	1938	1966	1926	1927	257
1948	弘電社	350	350	350	350	1
1949	住友電設	513	523	511	520	7.9
1950	電設工	338	351	338	350	31
1951	協エクシオ	1211	1234	1205	1226	338
1952	新日空調	369	369	356	365	4.9
1953	国際電設	0	0	0	0	0
1954	日工営	226	232	226	230	58
1955	東電通	317	318	314	314	17
1956	日電設	348	350	348	350	5
1957	保安工	230	230	230	230	1
1958	三和エレック	252	260	252	260	7
1959	九電工	348	350	347	348	41
1960	サンテック	340	340	340	340	2
1961	三機工	545	548	542	543	47
1962	エルゴテック	0	0	0	0	0
1963	日揮	990	1010	955	965	3847
1964	中外炉	309	320	309	320	9
1965	テクノ菱和	506	514	506	514	1.4
1966	高田工	0	0	0	0	0
1967	ヤマト	325	349	325	349	547
1968	太平電	282	288	280	288	12
1969	高砂熱	669	675	662	662	22
1970	日立プラ	271	271	266	270	255
1971	ビルト工	106	106	105	105	24
1972	三晃金	115	116	115	115	37
1973	ＮＥＣシス建	2280	2335	2250	2300	51
1974	宮地建設工業	207	208	207	208	5
1975	朝日工	267	276	267	269	64
1976	明星工	202	205	197	202	177
1977	ジェイコス	0	0	0	0	0
1978	アタカ	260	264	260	264	5
1979	大気社	756	760	745	756	95
1980	ダイダン	448	450	448	450	10
1981	協和日成	330	358	330	358	13
1982	日比谷設	543	549	541	549	30
1983	東芝プラ	235	255	235	255	107
1984	三信建	165	165	165	165	1
1985	大和電設	215	215	215	215	1
1986	日商インター	360	375	360	374	9
1987	ソルコム	0	0	0	0	0
1988	シボンド建	1497	1498	1469	1472	9
1989	北陸電話	0	0	0	0	0
1990	東邦建	0	0	0	0	0
1991	都築通技	774	774	774	774	0.3
1992	神田通機	0	0	0	0	0
1993	ニッタン	195	205	195	205	3
1994	高橋ウォール	300	300	300	300	1
1995	鈴木工務店	150	150	150	150	1
1996	三菱建設	0	0	0	0	0
1997	暁飯島工業	0	0	0	0	0
1998	日本土建	0	0	0	0	0
2001	日本粉	294	299	290	299	433
2002	日清粉	1000	1000	964	990	428
2003	日東粉	210	217	210	217	6
2004	昭和産	197	200	197	197	101
2006	東福粉	0	0	0	0	0
2007	富士粉	160	160	160	160	1
2008	増田粉	0	0	0	0	0
2009	鳥越粉	343	349	343	347	8
2051	農産工	203	214	203	213	750
2052	協同飼	115	120	115	119	142
2053	中部飼	550	550	548	548	3
2055	日和産	217	217	217	217	1
2056	日配飼	145	150	143	148	303
2057	雪印種	0	0	0	0	0
2102	台糖	250	254	249	249	42
2107	東洋糖	135	137	133	135	46
2108	甜菜糖	159	160	155	159	271
2109	三井糖	215	221	214	221	75
2111	フジ製糖	210	210	201	201	6
2112	塩水糖	280	280	275	275	8
2113	新光糖	180	182	180	182	4
2114	フジ日本精糖	355	360	355	360	6
2116	日新糖	136	142	136	142	22
2201	森永	245	248	243	247	246
2202	明菓	668	675	657	675	447
2204	中村屋	280	299	280	289	26
2205	駿河屋	72	72	72	72	1
2206	グリコ	700	709	695	700	279
2207	名糖産	1431	1530	1431	1490	60
2208	ブルボン	0	0	0	0	0
2209	井村屋	0	0	0	0	0
2211	不二家	233	233	226	226	150
2212	山パン	849	875	841	874	275
2215	一パン	251	255	250	250	35
2216	カンロ	0	0	0	0	0
2217	モロゾフ	214	214	210	214	7
2219	タカラブネ	130	136	129	136	160
2220	亀田製菓	500	500	500	500	2
2221	岩塚製菓	1030	1030	1030	1030	1
2222	寿製菓	450	450	450	450	1
2224	コモ	1490	1500	1490	1500	2
2261	明乳	515	525	502	525	430
2262	雪印	395	398	392	397	366
2264	森永乳	275	280	272	279	186
2266	六甲バタ	295	295	295	295	1
2267	ヤクルト	1520	1520	1491	1491	860
2268	サーティワン	0	0	0	0	0
2281	プリマ	121	126	119	120	349
2282	日ハム	1324	1338	1323	1329	315
2284	伊藤ハ	389	396	388	392	141
2286	林兼	152	164	152	160	913
2287	雪印食品	0	0	0	0	0
2288	丸大食	172	176	170	175	381
2289	相模ハム	0	0	0	0	0
2290	米久	1100	1119	1100	1100	7.5
2291	福留ハ	0	0	0	0	0
2292	ＳＦＯＯＤＳ	760	765	760	762	15
2293	滝沢ハム	650	650	650	650	1
2294	柿安本店	1600	1600	1600	1600	1
2501	サッポロＨＤ	350	357	350	357	481
2502	アサヒ	1229	1260	1220	1246	2848
2503	キリン	1128	1151	1127	1143	1019
2531	宝ＨＤ	1761	1795	1740	1792	537
2533	オエノンＨＤ	285	285	276	284	140
2536	メルシャン	275	282	270	282	272
2538	マルキン忠勇	224	250	223	230	476
2540	養命酒	764	788	764	788	11
2571	中京コカ	980	994	980	994	5
2572	三国コカ	1275	1275	1269	1272	33
2573	北海コカ	867	867	867	867	1
2575	三笠コカ	750	750	739	739	14.9
2576	近畿コカ	1205	1206	1205	1205	13
2577	富士コカ	1036	1042	1036	1040	9
2578	四国コカ	1043	1048	1023	1023	1.5
2579	コカウエスト	2705	2750	2700	2720	31.7
2591	カルピス	558	570	555	570	158
2592	ポッカ	415	422	415	422	11
2593	伊藤園	8090	8100	7800	7800	46
2594	キーコーヒー	1350	1385	1350	1385	2.7
2595	キリンビバ	2550	2605	2550	2600	46
2596	キューサイ	1550	1550	1501	1501	20.4
2597	ユニカフェ	1500	1525	1498	1498	5.2
2598	アサヒ飲料	830	830	820	822	24.5
2599	ジャパンＦ	894	895	880	890	13
2601	ホーネンコーポ	190	197	190	194	991
2602	日清オイリオ	335	349	331	349	413
2604	吉原製油	295	295	290	292	7
2607	不二油	917	929	908	925	101
2608	ボーソー	168	168	160	160	2
2611	摂津油	0	0	0	0	0
2612	かどや製油	780	789	780	780	1.5
2650	橘テクトロン	760	760	740	740	13
2651	ローソン	3800	3950	3730	3870	77.8
2652	まんだらけ	232000	232000	232000	232000	0.002
2653	イオン九州	1680	1680	1680	1680	3
2654	シンワ	203	203	203	203	2
2655	マックス東北	610	610	610	610	2
2656	ベクター	1720000	1790000	1650000	1790000	0.009
2657	インタニクス	1630	1640	1580	1630	13
2658	ウライ	260	260	260	260	5
2659	サンエー	0	0	0	0	0
2660	キリン堂	551	570	550	570	7
2661	キンレイ	0	0	0	0	0
2662	ダイユエイト	400	400	400	400	1
2663	伊藤伊	585	585	580	585	5
2664	カワチ薬品	7190	7200	7100	7130	5
2665	ネクストコム	0	0	0	0	0
2666	オートウェブ	0	0	0	0	0
2667	イメージワン	481000	501000	480000	501000	0.009
2668	ダン	1300	1300	1300	1300	3
2669	カネ美食品	2900	2950	2900	2950	2
2670	ＡＢＣマート	3300	3350	3300	3300	17
2671	エフディシィ	532	532	531	531	2
2672	アクティ２１	0	0	0	0	0
2673	ステイラー	505	505	505	505	1
2674	ハードオフ	1600	1600	1550	1550	28
2675	ダイナック	511	520	511	520	3
2676	高千穂交易	1390	1410	1380	1390	16
2678	アスクル	6110	6120	6000	6000	12
2680	日本オプティ	740	750	740	750	6
2681	ゲオ	410000	410000	372000	410000	0.038
2682	ジューテック	475	475	475	475	2
2683	魚喜	1300	1320	1230	1230	5
2684	プライム	4100000	4150000	4000000	4100000	0.017
2685	ポイント	0	0	0	0	0
2686	ツルヤ靴店	0	0	0	0	0
2687	ＣＶＳベイ	820	830	810	810	4
2688	レックスＨＤ	2100000	2100000	2000000	2050000	0.008
2689	カワニシ	713	713	713	713	11
2690	ソフマップ	2400	2410	2360	2400	29.2
2691	サンビック	440	520	435	520	54
2692	伊藤忠食品	5550	5700	5400	5410	114.8
2693	ＹＫＴ	435	435	400	400	16
2801	キッコマン	829	837	817	837	261
2802	味の素	1330	1332	1295	1316	1355
2804	ブルドック	610	620	610	620	3
2805	エスビー	0	0	0	0	0
2806	ユタカフーズ	0	0	0	0	0
2808	サンビシ	0	0	0	0	0
2809	キユーピー	1095	1095	1080	1083	66
2810	ハウス食品	1382	1393	1376	1376	128
2811	カゴメ	920	943	920	941	13
2812	焼津水化	1799	1801	1799	1800	9.5
2813	和弘食品	110	110	110	110	2
2814	佐藤食品	740	740	740	740	1
2815	アリアケ	6900	6950	6860	6900	15.8
2816	ダイショー	680	680	680	680	1
2817	ギャバン	564	615	564	613	15
2830	アヲハタ	799	799	799	799	1
2831	はごろも	1062	1062	1003	1032	10
2871	ニチレイ	510	515	497	509	429
2872	セイヒョー	0	0	0	0	0
2873	加ト吉	2900	2950	2860	2870	66.7
2874	ヨコレイ	632	640	630	633	46
2875	東洋水	879	879	850	850	106
2876	ＪＣコムサ	0	0	0	0	0
2877	日東ベスト	0	0	0	0	0
2878	赤城水産	390	390	390	390	1
2879	ニチロサンフズ	0	0	0	0	0
2891	酵母工	520	530	520	530	25
2892	日食品	251	251	250	250	5
2893	ローマイヤ	103	103	102	102	2
2894	石井食	249	249	245	245	2
2897	日清食	2935	2980	2900	2930	240.4
2898	ソントン	880	880	880	880	1
2899	永谷園	815	815	808	813	6
2900	明星食	221	222	221	222	15
2901	石垣食	0	0	0	0	0
2902	太陽化	624	624	624	624	1
2903	シノブフズ	160	160	157	158	6
2904	一正蒲鉾	0	0	0	0	0
2905	オーケー食	0	0	0	0	0
2906	ホッコク	0	0	0	0	0
2907	あじかん	0	0	0	0	0
2908	フジッコ	1370	1410	1370	1399	16
2909	トオカツフズ	263	263	263	263	1
2910	Ｒフィールド	4450	4560	4410	4500	19.3
2911	旭松食品	0	0	0	0	0
2912	鐘崎	240	240	240	240	2
2913	フジフーズ	195	195	195	195	2
2914	ＪＴ	835000	840000	814000	840000	0.723
2915	ケンコーマヨ	495	500	495	500	2
2916	仙波糖化	0	0	0	0	0
2917	大森屋	695	695	695	695	1
2918	わらべ日洋	930	930	900	900	8
2920	ケイビー	440	471	430	471	22
2921	フクシマフズ	0	0	0	0	0
2922	なとり	956	975	956	975	7
3001	片倉	897	975	881	968	587
3002	グンゼ	460	470	453	470	540
3003	昭栄	1100	1110	1100	1110	3
3004	神栄	179	185	175	185	87
3007	神戸生絲	68	70	66	66	297
3009	川島織	141	143	141	143	152
3010	上毛	535	540	520	530	69
3011	バナーズ	0	0	0	0	0
3101	東洋紡	255	266	254	265	5496
3102	カネボウ	335	340	330	340	976
3103	ユニチカ	89	91	88	91	1213
3104	富士紡Ｈ	60	62	59	62	257
3105	日清紡	590	609	588	609	1814
3106	クラボウ	186	195	185	193	774
3107	ダイワボウ	102	104	102	102	199
3109	シキボウ	81	84	79	83	222
3110	日東紡	158	164	156	164	2118
3111	オーミケン	103	104	92	93	235
3113	ＢＳＬ	130	135	127	135	571
3114	同興紡	115	120	113	120	10
3115	テザック	56	57	53	55	397
3116	トヨタ紡織	646	687	646	650	21
3117	興和紡	0	0	0	0	0
3121	アセットイン	0	0	0	0	0
3123	サイボー	600	600	600	600	2
3125	内外綿	45	45	45	45	5
3128	テラボウ	70	70	70	70	7
3129	ファブリカＴ	124	124	121	121	6
3201	日毛	445	466	445	466	164
3202	大東紡	84	86	81	86	120
3203	東亜紡織	75	79	75	79	19
3205	ダイドー	303	329	303	329	120
3206	南海毛糸紡績	81	83	81	83	15
3207	中央毛	153	155	153	155	12
3209	カネヨウ	118	119	111	119	16
3211	太陽毛絲紡	74	74	74	74	2
3216	御幸ＨＤ	428	428	428	428	2
3302	帝繊維	194	194	186	186	20
3304	トスコ	75	75	73	74	9
3306	日本麻	55	55	55	55	3
3401	帝人	573	588	570	586	2176
3402	東レ	505	512	500	511	2966
3403	東邦テナ	138	141	138	139	349
3404	三菱レ	348	374	348	371	2009
3405	クラレ	822	836	810	828	895
3407	旭化成	559	565	552	561	2328
3408	サカイオーベ	87	90	87	89	76
3409	北日紡	0	0	0	0	0
3411	オートリ	120	120	115	115	16
3420	ケーエフシー	0	0	0	0	0
3421	稲葉製作	1640	1640	1620	1620	2.2
3422	丸順	0	0	0	0	0
3423	エスイー	0	0	0	0	0
3424	ミヤコ	435	435	426	426	12
3425	本郷	620	625	620	625	4
3426	アトムリビン	0	0	0	0	0
3428	サンポット	320	320	318	318	6
3501	住江織	175	185	174	185	69
3503	東和織	0	0	0	0	0
3512	フエルト	380	395	380	382	13
3513	イチカワ	279	280	272	272	13
3514	バイリーン	246	251	241	251	17
3515	フジコー	472	495	472	477	7
3521	エコナック	100	101	98	100	45
3524	日東網	77	79	75	78	40
3526	芦森工	185	188	185	186	71
3528	グローベルス	177	192	175	192	530
3529	アツギ	115	117	112	112	1244
3532	堀田産	58	58	57	58	5
3533	ダイオ化成	446	510	446	510	3.5
3534	ＮＢＣ	1150	1190	1120	1170	34
3551	ダイニック	177	177	173	175	33
3552	洋クロス	220	220	220	220	1
3553	共和レ	499	500	499	500	5
3569	セーレン	336	361	335	351	144
3570	オリカキャピ	248	257	236	237	148
3571	ソトー	464	484	464	484	10
3572	大同マルタ	0	0	0	0	0
3576	カンボウ	92	92	90	90	2
3577	東海染	103	108	101	108	58
3578	倉庫精	75	75	75	75	1
3580	小松精	0	0	0	0	0
3581	岐セン	63	63	62	62	5
3583	オーベクス	0	0	0	0	0
3584	福助	130	135	130	132	19
3585	トムスエンタ	269	270	266	270	62
3587	ＩＢダイワ	56	56	54	54	279
3588	丸山工	0	0	0	0	0
3591	ワコール	1030	1040	1015	1030	395
3592	ＣＨＯＹＡ	170	170	169	169	4
3593	ホギメデ	6300	6360	6280	6280	25.8
3594	モリシタ	0	0	0	0	0
3595	ヤギコーポ	325	325	315	320	6
3596	ワールド	3580	3700	3560	3650	123.9
3597	自重堂	0	0	0	0	0
3598	山喜	183	198	183	198	2
3599	コーコス	0	0	0	0	0
3600	フジックス	0	0	0	0	0
3601	ニチメンイン	1199	1246	1179	1230	4.2
3602	イタリヤード	100	100	100	100	5
3603	チャッコット	0	0	0	0	0
3706	東海パ	403	405	401	405	11
3861	王子紙	517	532	516	525	2179
3864	三菱紙	199	206	199	206	1556
3865	北越紙	654	665	636	659	510
3868	高崎三興	97	104	96	98	839
3869	日本板紙	197	197	194	194	33
3870	日本加工製紙	74	74	72	73	56
3872	三島紙	0	0	0	0	0
3877	中越パ	250	250	243	250	170
3878	巴川紙	380	394	380	394	15
3880	大王紙	1019	1019	1004	1019	32
3881	特種紙	412	420	411	420	29
3882	紀州紙	162	170	162	166	33
3886	チューエツ	0	0	0	0	0
3887	中央板紙	108	108	103	104	27
3889	大平製紙	95	95	95	95	7
3890	ゼネＫＫ	366	368	365	365	24
3891	高度紙	1110	1110	1110	1110	1
3892	岡山製紙	270	270	266	267	18
3893	日本製紙Ｇ本社	586000	605000	580000	592000	3.733
3941	レンゴー	416	418	405	410	484
3944	古林紙	123	123	123	123	7
3945	スパバッグ	184	205	184	205	20
3946	トーモク	207	215	207	215	55
3947	ダイナパック	530	530	530	530	1
3948	光ビジネス	470	472	470	472	2
3949	日本ハイパック	240	245	240	245	2
3950	ザ・パック	790	790	790	790	1
3951	朝日印刷	0	0	0	0	0
3952	中央紙器	0	0	0	0	0
3953	大村紙業	0	0	0	0	0
3954	昭和パックス	0	0	0	0	0
3955	イムラ封筒	0	0	0	0	0
3971	東セロ	254	254	250	250	2
4003	コープケミ	99	103	94	97	44
4004	昭電工	277	289	272	288	26938
4005	住友化学	625	652	625	648	3100
4007	日化成	169	190	169	188	482
4008	住友精化	245	254	243	253	166
4010	三菱化学	350	359	350	356	7825
4021	日産化	780	795	775	795	545
4022	ラサ工	256	265	256	265	110
4023	呉羽化	287	297	287	295	170
4025	多木化	380	380	371	371	7
4026	神島化	0	0	0	0	0
4027	テイカ	265	298	265	293	668
4028	石原産	266	274	264	274	7382
4031	チッカリン	361	370	361	361	6
4032	日東バイオン	220	229	216	216	75
4033	日東エフシー	0	0	0	0	0
4041	日曹達	330	345	325	345	600
4042	東ソー	312	320	308	319	1262
4043	トクヤマ	458	481	450	481	925
4044	セ硝子	583	592	575	588	5012
4045	東合成	222	244	221	243	3593
4046	ダイソー	199	210	199	210	31
4047	関電化	0	0	0	0	0
4050	鶴見曹達	371	371	371	371	1
4061	電化	408	415	403	415	1800
4062	イビデン	1506	1518	1490	1490	305
4063	信越化	4570	4710	4540	4710	900
4064	カーバイド	162	170	156	169	1096
4065	紀文フ	379	379	379	379	1
4077	富士チタン工業	512	513	501	501	17
4078	堺化学	673	690	665	690	159
4079	ハクスイテック	680	680	680	680	0.5
4080	田中化研	1600	1600	1510	1530	47
4086	日本エア・リキード	526	555	526	555	124
4088	エアウォータ	440	450	438	450	273
4089	大阪酸素工業	307	309	306	306	1562
4091	大陽日酸	500	510	491	502	705
4092	日本化	350	355	345	354	323
4093	アセチレン	91	105	91	105	97
4094	日化産	304	305	304	305	2
4095	パーカライ	340	355	340	355	39
4096	昭炭酸	292	292	292	292	7
4097	高圧ガス	335	349	335	345	16
4098	チタン	170	170	165	165	7
4099	四国化	421	429	421	428	31
4100	戸田工	495	510	495	510	55
4101	日興酸素	110	110	110	110	1
4102	丸尾カル	0	0	0	0	0
4103	大陽東洋酸素	241	260	241	252	619
4104	タテホ	231	237	225	235	56
4105	メルテックス	880	880	880	880	5
4106	ケムキャット	1250	1250	1250	1250	1
4107	伊勢化	453	455	445	445	13
4109	ステラケミ	3980	4000	3900	3970	7.8
4112	保土谷	206	210	203	208	76
4113	田岡化	312	314	310	310	10
4114	日触媒	460	469	459	459	218
4115	本州化	625	625	625	625	1
4116	大日精	363	374	363	370	15
4117	川崎化	111	111	106	109	7
4118	カネカ	1029	1080	1029	1057	641
4119	ピグメント	252	252	241	245	14
4120	スガイ	0	0	0	0	0
4123	山化成	530	530	530	530	1
4151	協発酵	800	823	792	816	553
4182	菱ガス化	330	339	330	334	600
4183	三井化学	530	548	526	543	1289
4185	ＪＳＲ	743	755	720	747	133
4186	東応化	1855	1921	1855	1890	47.7
4187	大有機	470	472	467	467	4
4201	日合成	172	179	172	179	542
4202	ダイセル	369	379	369	374	503
4203	住友ベ	1015	1034	1006	1024	469
4204	積水化	350	355	350	352	776
4205	ゼオン	505	530	505	530	1126
4206	アイカ	693	694	685	686	108
4208	宇部興	244	257	242	255	5050
4209	フドー	0	0	0	0	0
4210	東洋化学	375	381	372	381	23
4212	積水樹	373	380	369	379	38
4213	菱樹脂	218	229	215	225	398
4214	高分子	342	344	332	344	48
4215	タキロン	332	338	331	337	55
4216	旭有機	325	335	325	334	179
4217	日立化	2150	2180	2125	2155	221.5
4218	ニチバン	330	335	330	334	11
4219	プラス・テク	89	89	89	89	3
4220	リケンテクノ	310	318	310	318	26
4221	大倉工	380	380	370	374	67
4222	児玉化	66	69	66	69	7
4224	ロンシール	74	74	74	74	29
4225	筒中	300	317	300	312	17
4226	テスコ	250	250	250	250	2
4227	郡是高分子	0	0	0	0	0
4228	積化成	209	214	208	213	110
4229	群栄化	234	250	228	250	1990
4231	タイガポリ	0	0	0	0	0
4232	東芝ケミカル	272	275	271	272	7
4233	ワコー	0	0	0	0	0
4234	サンエー化研	830	830	830	830	1
4271	カーリット	772	803	772	800	5
4272	日化薬	611	632	605	631	389
4274	細火工	180	180	180	180	12
4361	川口化	138	138	138	138	1
4362	日精化	410	420	410	420	8
4363	新日鐵化学	277	306	276	299	1222
4364	マナック	401	405	398	398	5
4365	松本油脂	1880	1880	1880	1880	1
4366	ダイトーケミ	580	580	580	580	3
4367	広栄化学	0	0	0	0	0
4401	旭電化	805	814	802	812	73
4403	日油脂	258	267	257	263	824
4404	ミヨシ	230	240	228	235	67
4406	日理化	574	590	572	589	5
4409	東邦化	230	230	229	230	3
4410	ハリマ化成	414	417	414	417	7
4452	花王	3190	3240	3170	3200	2475
4461	一工薬	282	282	273	273	64
4462	石原薬品	0	0	0	0	0
4463	日華化学	410	410	410	410	5
4471	三洋化	868	897	868	895	79
4501	三共	2560	2560	2460	2525	1065
4502	武田	6230	6270	6170	6270	2434
4503	アステラス薬	4400	4460	4380	4450	1068
4505	第一製薬	2820	2890	2820	2860	501
4506	大日薬	1733	1770	1698	1770	840
4507	塩野義	2050	2130	1990	2115	732
4508	田辺薬	1069	1069	1060	1062	401
4509	三菱ウェルファーマ	1010	1070	1009	1030	1858
4511	藤沢薬品	2670	2670	2620	2640	796
4512	わかもと	442	450	435	439	23
4514	帝臓器	779	785	773	785	38
4515	萬有製薬	2440	2450	2405	2450	148
4516	日新薬	780	792	776	776	207
4517	ビオフェル	920	920	900	905	7.5
4518	富山化	459	548	458	515	5372
4519	中外薬	1937	1946	1920	1920	601
4520	和光堂	2940	3020	2940	3020	0.2
4521	科研薬	1029	1089	1021	1049	7853
4523	エーザイ	3270	3320	3170	3250	581
4524	仁丹	2000	2080	2000	2070	67
4526	理ビタ	1544	1544	1510	1543	19
4527	ロート	1221	1245	1210	1245	36
4528	小野薬	4440	4500	4410	4470	158
4529	日研化	366	370	366	366	27
4530	久光薬	2100	2135	2055	2065	108
4531	有機薬	400	404	381	400	11
4534	持田薬	1100	1138	1091	1125	939
4535	大正薬	2625	2665	2585	2595	289
4536	参天薬	2210	2245	2170	2220	289
4537	エスエス	1133	1135	1090	1090	46
4538	扶桑薬	550	560	548	552	66
4539	ケミファ	265	272	261	263	47
4540	ツムラ	400	404	398	402	68
4541	日医工	221	240	221	239	158
4542	三笠薬	411	411	402	410	5
4543	テルモ	2035	2075	2030	2070	492.6
4544	みらかＨＤ	1036	1040	1008	1017	147
4545	国際試薬	465	550	461	550	496
4546	北陸製薬	2675	2790	2675	2705	179
4547	キッセイ	2455	2500	2415	2485	61
4548	生化学	1080	1080	1060	1080	26
4549	栄研化	1765	1770	1730	1751	53
4550	日水薬	605	605	605	605	2
4551	鳥居薬	2250	2280	2230	2240	8.5
4552	日本ケミカル	745	745	726	728	9
4553	東和薬品	1090	1110	1090	1090	28
4554	富士製薬	430	470	430	470	18
4555	沢井製薬	1230	1230	1200	1230	8
4556	カイノス	1000	1050	980	1020	23
4557	医学生物	1870	1950	1850	1920	711
4558	中京医薬	850	850	810	810	1.5
4559	ゼリア新薬	1060	1070	1060	1060	14
4560	キョーリン薬	4540	4650	4540	4580	57
4561	デンカ生研	0	0	0	0	0
4611	大日塗	172	176	171	173	134
4612	日本ペ	413	419	410	416	352
4613	関西ペ	351	375	350	375	351
4614	トウペ	130	130	125	125	6
4615	神東塗	139	140	131	140	32
4616	川上塗	106	106	106	106	1
4617	中国塗	216	224	213	223	45
4619	日特塗	270	270	269	269	14
4620	藤倉化	500	500	490	496	67
4621	ロック	0	0	0	0	0
4622	ユニペイン	0	0	0	0	0
4623	アサヒペン	230	230	223	223	2
4624	イサム	440	440	440	440	1
4625	アトミクス	285	285	280	280	6
4626	太陽インキ	5300	5390	5210	5390	2.8
4627	ナトコ	660	660	660	660	2
4628	エスケー化研	0	0	0	0	0
4629	大伸化学	0	0	0	0	0
4631	インキ	330	333	325	327	966
4633	サカタＩＮＸ	298	298	292	293	23
4634	洋インキ	385	406	381	402	11884
4635	東インキ	270	270	270	270	3
4636	Ｔ＆Ｋ	2030	2030	2030	2030	0.4
4640	アンドール	247	247	247	247	1
4641	アルプス技	1340	1350	1340	1340	8
4642	オリジナル設	0	0	0	0	0
4643	コナミスポ	5680	5900	5680	5810	6.5
4644	イマジニア	790	800	790	800	0.5
4645	市進	0	0	0	0	0
4646	ジャスフォート	800	800	800	800	0.1
4649	大成	410	410	410	410	0.5
4650	スガイエンタ	0	0	0	0	0
4651	サニックス	4750	4880	4650	4700	45.3
4652	ウッドランド	1260	1300	1230	1280	18.5
4653	ダイオーズ	0	0	0	0	0
4654	ニチゾウテク	0	0	0	0	0
4655	ＮＯＶＡ	635	640	635	640	6
4656	サン・ライフ	2900	2900	2850	2850	0.2
4657	環境管理	0	0	0	0	0
4658	日本空調	0	0	0	0	0
4659	エイジス	0	0	0	0	0
4660	ニッポン放送	4050	4250	4050	4250	31
4661	ＯＬＣ	7930	8130	7900	8120	183.2
4662	フォーカス	2370	2450	2360	2380	150.3
4663	ＡＴＬ	420000	420000	410000	420000	0.006
4664	ＲＳＣ	0	0	0	0	0
4666	パーク２４	8150	8170	7940	7940	9
4667	アイサンテク	120	120	120	120	1
4668	明光ネット	335	335	335	335	1
4669	ニッパンＲ	0	0	0	0	0
4670	セタ	505	505	486	486	12
4671	ファルコバ	1550	1550	1510	1510	5
4672	ベルックス	810	810	810	810	1
4673	川崎地質	0	0	0	0	0
4674	クレスコ	4000	4000	3820	3870	13.5
4675	エヌエス環境	0	0	0	0	0
4676	フジテレビ	891000	925000	878000	915000	2.547
4678	秀英	860	875	850	850	8.3
4679	田谷	2750	2750	2750	2750	2
4680	ラウンドワン	119000	119000	114000	116000	0.239
4681	リゾートトラ	3280	3460	3210	3400	20.4
4682	電通テック	7310	7310	7230	7230	1.3
4683	堀内カラー	501	501	501	501	1
4684	オービック	20890	20890	19600	19980	19
4685	菱友システム	520	540	520	540	2
4686	ジャスト	2170	2170	2080	2130	15.4
4687	ＴＤＣソフト	2150	2150	2140	2150	1.1
4688	日本ドレーク	6950	7100	6950	7090	4
4689	ヤフー	5020000	5020000	4900000	4950000	0.378
4690	日パレット	0	0	0	0	0
4692	アルゴ２１	2680	2680	2570	2680	13.5
4694	ＢＭＬ	3490	3800	3490	3700	32.4
4695	マイスター	435	437	433	435	6
4696	ワタベ	0	0	0	0	0
4697	ゼロ	123000	126000	122000	122000	0.067
4699	ウチダエスコ	0	0	0	0	0
4700	アクセス	2790000	2790000	2720000	2720000	0.012
4701	プレック研	0	0	0	0	0
4702	55ステーション	0	0	0	0	0
4703	住商オート	959	975	950	975	22.1
4704	トレンド	5200	5300	5020	5100	244.5
4705	クリップ	210	210	210	210	1
4706	富士通サポート	4980	5000	4720	4750	175.5
4707	キタック	0	0	0	0	0
4708	もしもしＨＬ	11100	11200	11000	11000	4.2
4709	ＩＤ	1070	1070	1020	1030	2.2
4710	ウィン	0	0	0	0	0
4711	コミュニティ	1311	1340	1310	1310	11
4712	アドアーズ	273	275	257	257	85
4713	日信電サ	941	941	941	941	0.1
4714	リソー教育	190000	190000	190000	190000	0.003
4715	クリエイティブ	333	335	325	325	4
4716	日本オラクル	14560	14790	14330	14480	180.8
4717	ソデッソジャパン	1470	1470	1400	1400	20
4718	早稲アカ	290	295	285	290	11
4719	アルファシス	8080	8100	7860	7920	24.3
4720	城南進研	520	520	515	515	4
4721	フジスタッフ	1400	1440	1390	1440	6.4
4722	フューチャー	1370000	1370000	1300000	1330000	0.04
4723	グッドウィル	425000	443000	420000	435000	0.692
4724	シチエ	840	840	821	821	1.9
4725	ＣＡＣ	3180	3280	3100	3190	6.2
4726	ソフトバンテク	4080	4090	4050	4080	2
4727	アジアＳ総研	1090	1100	1080	1080	1.2
4728	トーセ	0	0	0	0	0
4729	コナミスタジオ	330000	350000	326000	350000	0.016
4730	関西メンテ	0	0	0	0	0
4731	ユニバホーム	0	0	0	0	0
4732	ＵＳＳ	2845	2850	2800	2825	17.5
4733	ＯＢＣ	9190	9190	9100	9100	0.3
4734	ビーイング	505	505	505	505	1
4735	京進	0	0	0	0	0
4736	日本ラッド	0	0	0	0	0
4738	日立ビジネス	1500	1540	1480	1540	6.9
4739	ＣＴＣ	10700	10900	10360	10750	245.3
4740	ニューディル	215000	215000	201000	210000	0.201
4741	ＩＲＩ	1920000	1940000	1770000	1930000	0.143
4742	エイトコン	760000	770000	760000	761000	0.003
4743	アイティフォ	2700	2790	2650	2790	6
4744	メッツ	330000	340000	310000	340000	0.01
4745	東京個別	2900	2950	2900	2950	25
4746	東計電算	900	900	900	900	4
4747	Ｃフィッシュ	557000	557000	542000	542000	0.008
4748	構造計画	1300	1300	1300	1300	0.4
4749	アドバックス	0	0	0	0	0
4750	ダイサン	261	263	261	263	5
4751	サイバエージ	645000	684000	640000	684000	0.009
4752	昭和システム	0	0	0	0	0
4753	ライブドア	1400000	1400000	1380000	1380000	0.005
4754	トスネット	300	300	300	300	3
4755	楽天	930000	930000	900000	901000	0.816
4756	ＣＣＣ	0	0	0	0	0
4757	インテリ	1630000	1640000	1600000	1620000	0.014
4758	シーアイエス	0	0	0	0	0
4759	ライブＭ	520000	520000	490000	495000	0.005
4760	ＡＬＰＨＡ	541	545	541	545	3
4761	さくらＫＣＳ	0	0	0	0	0
4762	エクスネット	2420000	2500000	2420000	2450000	0.003
4763	クリークリバ	0	0	0	0	0
4764	Ｄデザイン	0	0	0	0	0
4765	モーニングＳ	1330000	1330000	1300000	1330000	0.015
4766	ピーエイ	0	0	0	0	0
4767	ＴＯＷ	1460	1470	1450	1450	19
4768	大塚商会	3680	3680	3570	3600	27.5
4769	インフォクリ	660	670	650	651	10
4770	エルミック	940	1000	940	1000	7
4771	Ｆ＆Ｍ	930000	945000	915000	920000	0.021
4772	デジタルアド	1779	1779	1680	1701	71
4773	Ａ＆Ｉ	1601	1601	1601	1601	1
4774	NECソフト	9310	9340	9020	9220	18.3
4775	総合メディカ	3640	3640	3630	3630	0.6
4776	ＣＹＢＯＺＵ	911000	920000	870000	873000	0.02
4777	ガーラ	465000	465000	451000	451000	0.004
4778	ヒューマネジ	880000	880000	870000	880000	0.005
4779	ソフトブレン	450000	455000	450000	450000	0.007
4780	コナミ東京	1700	1700	1700	1700	1
4781	日本ハウズ	510	515	510	515	4
4782	オリコンサル	260	260	250	255	9
4783	日ダイナミク	555	565	555	565	3
4784	まぐクリック	1000000	1000000	970000	970000	0.011
4786	ディジット	435000	438000	423000	425000	0.009
4787	ＮＣＧ	550000	553000	530000	540000	0.016
4788	サイバＣＯＭ	419000	422000	413000	422000	0.041
4789	エスイーラボ	0	0	0	0	0
4790	グレース	245000	245000	245000	245000	0.001
4791	ドリーム・トレイン	500000	500000	500000	500000	0.004
4792	ＴＦＰコンサ	500000	500000	470000	470000	0.002
4793	富士通ＢＳＣ	3610	3650	3580	3600	9.7
4794	デザインＥＸ	406000	406000	393000	397000	0.008
4795	スカパー	150000	150000	146000	148000	1.69
4797	アイシーエフ	249000	250000	225000	225000	0.012
4798	日本ＬＣＡ	641	670	641	670	10
4800	オリコン	959000	1010000	950000	1000000	0.017
4801	セントラルＳ	1450	1450	1420	1450	10.6
4812	電通国際情報	7000	7200	6750	7200	14.3
4813	ＡＣＣＥＳＳ	3450000	3550000	3400000	3500000	0.015
4814	ネクストウェ	601000	601000	580000	580000	0.006
4815	ジャパンＤＣ	280000	280000	268000	270000	0.009
4816	東映アニメ	6800	6900	6600	6900	23
4818	サイトデザイン	390000	390000	378000	378000	0.005
4819	デジタルガレ	1000000	1010000	980000	980000	0.025
4820	イーエムシス	1850	1850	1850	1850	2
4821	ウェブゲノム	1750000	1800000	1740000	1770000	0.037
4822	ハドソン	1010	1020	1010	1010	6
4823	サイバード	1510000	1550000	1470000	1500000	0.027
4824	メディアＳ	860000	860000	805000	820000	0.01
4825	ウェザーニュ	1780	1780	1680	1680	8
4826	ＣＩＪ	1100	1100	1050	1080	25.4
4828	東洋ビジネス	4790	4900	4740	4850	2.9
4829	日本エンター	920000	920000	850000	900000	0.016
4830	サンライズ	457	460	440	440	19
4831	オープンルプ	2100000	2100000	1960000	2030000	0.087
4832	ＪＦＥシス	636000	645000	631000	640000	0.026
4833	ぱど	340000	340000	315000	326000	0.019
4835	インデックス	780000	900000	760000	890000	0.57
4837	シダックス	170000	173000	165000	170000	0.103
4901	富士写	4910	5000	4890	5000	1476
4902	コニカＨＤ	819	819	792	815	1116
4911	資生堂	1273	1290	1252	1290	797
4912	ライオン	443	448	437	445	163
4913	サンスター	333	333	332	333	6
4914	高砂香	475	479	469	474	96
4915	エイボンＪ	235	235	235	235	2
4916	ノエビア	1010	1010	1010	1010	1
4917	マンダム	1560	1590	1470	1530	266.4
4918	アイビー	0	0	0	0	0
4919	ミルボン	4810	4830	4700	4700	2.5
4920	日本色材	0	0	0	0	0
4921	ファンケル	6880	7450	6830	7260	193
4922	コーセー	4350	4350	4210	4340	9.6
4951	エステー化	788	810	788	808	35
4953	タイホー工業	1550	1550	1480	1480	29
4954	マークテック	0	0	0	0	0
4955	アグロカネシ	0	0	0	0	0
4956	コニシ	1030	1030	1010	1010	9
4957	ヤスハラケミ	720	720	720	720	1
4958	長谷川香料	1000	1004	960	960	8.7
4959	シーシーアイ	0	0	0	0	0
4960	ケミプロ	360	370	360	370	13
4961	日油技研	0	0	0	0	0
4962	互応化学	0	0	0	0	0
4963	星光ＰＭＣ	550	550	550	550	1
4964	星光化学工業	0	0	0	0	0
4965	曽田香料	0	0	0	0	0
4966	上村工	1870	2000	1870	2000	21
4967	小林製薬	5080	5100	5000	5000	20.9
4968	荒川化工	840	840	770	770	2
4970	東洋合成	1050	1070	1040	1070	20
4971	メック	1650	1650	1630	1630	4
4987	寺岡製	0	0	0	0	0
4989	イハラケミ	208	208	204	207	59
4990	昭和化	0	0	0	0	0
4992	北興化	365	368	355	368	28
4996	クミアイ化	180	183	179	180	85
4997	日農薬	279	296	270	287	972
4998	フマキラ	180	180	180	180	7
4999	セメダイン	0	0	0	0	0
5001	新日本石油	620	660	620	652	1969
5002	昭和シェル	620	637	612	637	524
5006	興亜石油	274	278	271	275	64
5007	コスモ石	224	233	223	228	705
5008	東亜石	120	121	119	120	38
5009	富士興	76	79	76	78	80
5010	日精蝋	88	90	88	90	7
5011	ニチレキ	413	430	413	430	6
5012	東燃ゼネ石	803	849	803	844	961
5013	ユシロ	579	579	579	579	1
5014	ジャパンエナジー	244	255	241	255	47754
5015	ＢＰカスト	600	600	600	600	2
5101	浜ゴム	237	244	232	241	1022
5102	大機エンジ	208	208	208	208	1
5103	昭ゴム	131	131	125	126	583
5104	日東化工	150	155	149	151	49
5105	洋ゴム	160	171	158	170	3591
5106	オーツタイヤ	188	188	186	187	49
5108	ブリヂストン	1290	1335	1274	1335	2031
5110	住友ゴ	626	639	626	633	139
5121	藤ゴム	196	200	196	200	11
5122	オカモト	267	269	263	265	58
5123	ミサワ東洋	0	0	0	0	0
5142	アキレス	155	158	153	157	133
5143	世界長	88	88	85	85	33
5161	西川ゴム	615	615	615	615	1
5162	朝日ラバー	810	820	810	820	3
5184	ニチリン	0	0	0	0	0
5185	フコク	0	0	0	0	0
5186	ニッタ	977	995	970	974	17.6
5187	クリエート	570	580	570	580	8
5188	帝都ゴム	0	0	0	0	0
5189	桜ゴム	418	418	412	412	2
5191	東海ゴ	1289	1310	1284	1310	45
5192	三星ベ	289	294	287	290	80
5193	平成ポリマー	87	87	87	87	1
5194	相模ゴ	413	420	413	420	5
5195	バンドー	235	242	235	241	188
5196	鬼ゴム	129	134	129	130	130
5199	不二ラテ	155	155	155	155	3
5201	旭硝子	875	890	872	881	1694
5202	板硝子	1220	1252	1209	1235	2261
5204	石塚硝	215	220	213	220	43
5208	有沢製	2800	2810	2780	2780	12.6
5210	日山村硝	198	204	197	204	577
5212	不二硝	0	0	0	0	0
5213	芝セラミ	466	475	464	473	274
5214	日電硝	1910	1948	1900	1919	189
5215	旭テクノグラス	530	540	520	529	78
5216	倉元	1350	1350	1320	1330	6.9
5217	テクノクオツ	1500	1500	1460	1460	3
5232	住友大阪	332	340	331	340	1413
5233	太平洋セメ	267	283	265	282	9969
5234	デイ・シイ	175	175	171	171	11
5237	ノザワ	112	120	112	120	7
5261	ミサワリゾ	230	239	226	239	28
5262	日ヒューム	185	190	185	190	15
5266	テイヒュー	120	120	120	120	2
5267	ハネックス	192	192	177	177	9
5268	旭コン	0	0	0	0	0
5269	日コン	106	110	104	104	40
5271	トヨアサノ	0	0	0	0	0
5273	三谷セキ	245	246	245	246	2
5274	ゼニパイプ	106	106	106	106	3
5276	石建工	385	390	383	383	8
5277	スパンクリト	218	218	208	216	126
5278	エバタ	0	0	0	0	0
5279	日本興業	0	0	0	0	0
5280	ヨシコン	0	0	0	0	0
5281	旭ダンケ	0	0	0	0	0
5282	ジオスター	859	859	859	859	5
5283	高見沢	0	0	0	0	0
5284	ヤマウ	0	0	0	0	0
5285	ヤマックス	200	200	198	200	6
5286	武井工業	0	0	0	0	0
5287	イトヨーギョ	610	610	610	610	2
5301	東海カ	296	309	296	308	1135
5302	カーボン	228	242	225	235	4219
5304	エスイ−シ−	0	0	0	0	0
5331	ノリタケ	720	730	697	700	1440
5332	ＴＯＴＯ	817	847	815	847	1435
5333	ガイシ	1380	1436	1369	1410	962
5334	特殊陶	1430	1499	1429	1488	693
5336	INAX	683	720	681	719	4409
5337	ダントー	394	406	392	401	195
5338	大トー	138	139	138	139	2
5341	アサヒ陶	118	118	117	117	2
5342	ジャニス	85	85	85	85	4
5343	ニッコー	0	0	0	0	0
5344	ＭＡＲＵＷＡ	2580	2600	2505	2520	43.9
5351	白煉瓦	221	230	220	227	247
5352	黒崎	208	213	200	205	2094
5355	ルツボ	137	147	137	147	3
5356	美濃窯	0	0	0	0	0
5357	ヨータイ	201	202	198	202	13
5358	イソライト	0	0	0	0	0
5361	東海熱	348	348	340	341	9
5362	九州耐	251	251	251	251	8
5363	ＴＹＫ	212	220	209	215	22
5367	ニッカトー	0	0	0	0	0
5380	新東	430	435	425	435	24
5381	日本ミクロ	6400	6450	6150	6210	18.2
5382	中央商事	0	0	0	0	0
5383	三共理化	0	0	0	0	0
5384	フジミインコ	3540	3700	3540	3540	9.2
5386	鶴弥	590	590	590	590	2
5387	チヨダウーテ	0	0	0	0	0
5388	クニミネ	0	0	0	0	0
5389	日レヂボン	0	0	0	0	0
5390	宇部マテリア	134	134	132	132	4
5391	Ａ＆ＡＭ	114	114	110	113	54
5393	ニチアス	340	352	339	340	746
5395	コランダム	0	0	0	0	0
5397	ＭＩＥテクノ	0	0	0	0	0
5398	日研紙	199	199	196	196	2
5401	新日鉄	210	215	209	215	10044
5403	川崎製鉄	126	129	124	128	5010
5404	日本鋼管	91	94	90	93	9706
5405	住金	71	74	71	74	19485
5406	神戸鋼	68	70	68	70	2789
5407	日新鋼	108	118	108	118	7895
5408	中山鋼	142	144	137	141	56
5410	合同鉄	95	97	94	95	1545
5423	東京製鉄	340	350	338	342	227.7
5444	大和工	440	444	437	440	160
5445	東京鉄	71	75	71	73	32
5446	北越メ	0	0	0	0	0
5448	東京鋼鉄	0	0	0	0	0
5449	大阪製鉄	414	444	413	443	16.2
5451	淀川鋼	280	282	269	281	113
5453	洋鋼鈑	435	445	431	444	454
5454	日鉄鋼板	218	220	211	216	117
5457	住友鋼管	346	353	346	352	47
5458	高砂鉄	119	120	119	119	15
5461	中部鋼	0	0	0	0	0
5462	日鉄鋼管	128	128	128	128	1
5463	丸一管	1655	1660	1620	1650	89
5464	モリ工	216	225	214	215	10
5471	大同特鋼	320	348	320	348	2559
5476	高周波	91	110	90	101	1735
5479	日金工	99	114	99	108	7286
5480	冶金工	72	77	71	77	1348
5481	山陽鋼	209	209	199	203	1389
5482	愛知鋼	554	650	545	650	3683
5484	東北鋼	440	440	440	440	1
5486	日立金	556	576	550	574	457
5491	日金属	106	115	106	110	145
5541	大平金	188	210	183	208	3343
5542	報国鉄	0	0	0	0	0
5562	日本重化学	124	135	122	131	682
5563	日本電工	175	178	171	175	342
5566	中央電	186	190	186	186	7
5602	栗本鉄	238	238	234	234	160
5603	虹技	102	107	102	107	31
5605	自動鋳	0	0	0	0	0
5606	旭テック	184	199	184	196	351
5607	中可鍛	282	282	282	282	1
5608	川口金	231	239	231	239	5
5609	日鋳造	85	88	85	88	24
5610	大和重	0	0	0	0	0
5612	鋳鉄管	201	202	201	202	11
5613	日本カタン	0	0	0	0	0
5631	日製鋼	107	112	107	111	877
5632	菱製鋼	132	138	131	137	1651
5633	関東特殊製鋼	82	82	79	82	99
5641	ＴＤＦ	196	196	192	193	10
5642	日本鍛工	49	49	44	44	3
5644	メタルアート	107	110	103	110	10
5645	イチタン	0	0	0	0	0
5657	鈴木金	153	157	153	157	5
5658	日亜鋼	341	341	340	341	21
5659	日精線	229	229	225	225	3
5660	神鋼線	82	97	82	97	204
5691	東京シヤリング	94	98	94	98	9
5694	大和綱帯	0	0	0	0	0
5695	パウダテック	0	0	0	0	0
5696	川鉄鋼板	0	0	0	0	0
5697	サンユウ	0	0	0	0	0
5701	日軽金	89	98	88	98	3606
5702	大紀ア	202	244	202	237	615
5706	三井金	730	747	727	740	1456
5707	東邦鉛	220	232	220	232	642
5711	三菱マ	289	298	287	298	3363
5713	住友鉱	475	505	475	502	1785
5714	同和鉱	506	537	502	537	2575
5715	古河機金	199	210	196	210	574
5716	日鉱金属	596	630	596	627	546
5721	Ｓサイエンス	670	691	670	688	1717
5727	邦チタ	710	740	710	735	158
5728	アライドマテリアル	1200	1200	1181	1200	22
5729	日精鉱	263	264	263	264	8
5738	住軽金	91	97	90	97	535
5739	日製箔	150	150	150	150	3
5740	九州不二サッシ	195	195	195	195	1
5753	日伸銅	63	64	63	63	10
5756	東海アルミ箔	48	48	48	48	4
5757	サンエツ	0	0	0	0	0
5771	菱伸銅	247	252	247	252	120
5781	東邦金	210	215	210	212	8
5801	古河電	1260	1265	1201	1239	9450
5802	住友電	1460	1490	1429	1478	2360
5803	フジクラ	871	874	838	860	4549
5804	菱線工	234	238	233	235	199
5805	昭電線	188	188	183	185	404
5807	東特線	255	255	250	250	36
5808	理研線	220	220	210	210	8
5809	タツタ	160	160	158	160	108
5810	第一電工	102	107	102	105	165
5811	トヨ電線	0	0	0	0	0
5812	日立線	774	779	757	768	737
5813	花島電線	127	127	127	127	5
5815	沖電線	297	297	287	292	14
5816	オーナンバ	0	0	0	0	0
5817	日電線	360	372	360	372	5
5818	東日京三電線	0	0	0	0	0
5819	カナレ電気	1930	1950	1930	1950	2.7
5820	三ッ星	0	0	0	0	0
5851	リョービ	190	219	188	219	5925
5852	アーレスティ	407	410	400	400	13
5853	京都ダイカスト	150	151	150	151	6
5854	東京理化工	595	595	580	595	20
5855	アサヒプリテ	1180000	1220000	1170000	1200000	0.08
5900	ダイケン	435	435	435	435	1
5901	洋カン	1956	1994	1911	1994	348
5902	北カン	250	256	248	253	59
5903	シンポ	715	720	710	710	6
5904	アルコアシステム	481	481	481	481	1
5905	日カン	0	0	0	0	0
5906	エムケー精工	0	0	0	0	0
5907	ＪＦＥコンテ	113	113	113	113	4
5908	日鉄ドラム	0	0	0	0	0
5909	コロナ	1550	1680	1550	1680	14.5
5910	立山アルミ	0	0	0	0	0
5911	横河ブ	405	413	405	413	77
5912	日本橋	124	124	124	124	1
5913	松尾橋	233	238	231	234	42
5914	宮地鐵工所	181	182	178	178	35
5915	駒井鉄	265	268	265	268	34
5916	ハルテック	0	0	0	0	0
5917	サクラダ	97	99	96	96	15
5918	滝上工	325	325	325	325	1
5919	日鉄塔	287	287	287	287	1
5921	川岸工	246	246	246	246	1
5922	那須鉄	0	0	0	0	0
5923	高田機	450	450	443	446	6
5925	酒井鉄工所	0	0	0	0	0
5926	安治川鉄工	80	80	80	80	2
5927	ホリー	115	115	112	112	17
5928	アルメタクス	535	540	511	522	169
5929	三和シャタ	248	258	246	257	647
5930	文化シヤタ	236	240	236	240	38
5931	川田工	218	218	216	216	15
5932	三協アルミ	75	77	71	77	353
5933	アルインコ	160	170	160	163	10
5934	日本ア	45	45	45	45	21
5935	元旦	0	0	0	0	0
5936	洋シヤタ	170	179	166	174	1250
5938	住生活Ｇ	1649	1649	1649	1649	211
5939	大谷工業	156	160	155	160	4
5940	不二サッシ	93	93	93	93	1.4
5941	中西製	0	0	0	0	0
5942	フイルコン	0	0	0	0	0
5943	ノーリツ	1189	1198	1180	1197	67
5944	日立粉末	791	797	791	797	3
5945	天竜製鋸	0	0	0	0	0
5946	長府製	1314	1325	1314	1319	18.1
5947	リンナイ	2125	2260	2120	2260	55.3
5949	ユニプレス	244	290	239	290	34
5950	パワーファス	0	0	0	0	0
5951	ダイニチ工業	285	294	285	293	1.3
5952	アマテイ	68	70	68	70	5
5954	トープラ	181	190	181	190	52
5955	ヤマシナ	88	90	87	87	643
5956	トーソー	0	0	0	0	0
5957	日東精	191	199	191	197	10
5958	三洋工	572	600	570	600	523
5959	岡部	338	338	334	335	7
5961	トーカロ	0	0	0	0	0
5962	浅香工	0	0	0	0	0
5963	日立ツール	560	563	541	563	4
5964	洋刃物	0	0	0	0	0
5965	フジマック	400	400	400	400	1
5966	ＫＴＣ	0	0	0	0	0
5967	前田金	137	137	137	137	1
5969	ロブテックス	0	0	0	0	0
5970	菊池プレス	0	0	0	0	0
5971	共和工業	0	0	0	0	0
5972	日本建鐵	230	230	224	230	7.5
5973	トーアミ	0	0	0	0	0
5974	中国工	160	160	159	159	29
5975	東プレ	366	367	361	361	35
5976	ネツレン	315	325	315	318	41
5977	コマツ電子	691	700	690	700	2
5979	カネソウ	0	0	0	0	0
5980	田中亜鉛	235	235	235	235	1
5981	東京綱	135	138	133	134	289
5982	マルゼン	380	380	380	380	4
5983	イワブチ	307	307	307	307	2
5984	兼房	0	0	0	0	0
5985	サンコール	380	390	380	390	26
5986	モリテック	203	203	203	203	9
5987	オーネックス	0	0	0	0	0
5988	パイオラクス	0	0	0	0	0
5989	ヒラタ	0	0	0	0	0
5990	スーパツール	0	0	0	0	0
5991	ニッパツ	390	390	380	387	431
5992	中央発條	385	395	385	395	13
5993	知多鋼	0	0	0	0	0
5994	ファインＳ	276	276	276	276	3
5995	科学冶金	0	0	0	0	0
5996	新立川	730	730	701	701	1.4
5997	協立エアテク	400	400	400	400	1.4
5998	アドバネクス	262	262	250	252	19
5999	イハラサイエ	230	230	230	230	1
6005	三浦工	1600	1650	1590	1620	88.3
6011	新潟鉄工所	77	80	76	80	956
6013	タクマ	860	928	850	920	2346
6016	神発動	102	102	100	100	9
6018	阪神燃	0	0	0	0	0
6020	神鋼造機	0	0	0	0	0
6021	ロビン	175	180	175	180	2
6022	赤阪鉄	79	79	79	79	3
6023	ダイハツデ	138	138	137	137	4
6041	ボッシュ	137	143	137	141	183
6042	ニッキ	155	155	151	151	19
6101	ツガミ	309	309	305	305	120
6102	池貝	2	2	1	2	783
6103	オークマ	330	343	325	343	336
6104	東芝機	368	392	357	362	638
6106	日立精機	142	143	140	142	99
6107	アマダマシ	280	280	275	277	68
6111	旭精機	0	0	0	0	0
6112	小島鉄	0	0	0	0	0
6113	アマダ	695	708	690	700	636
6114	住倉工業	168	174	166	166	458
6118	アイダ	439	441	431	436	64
6119	ゼィープラス	230	230	230	230	10
6121	滝澤鉄	61	62	61	62	14
6125	岡本工	139	140	137	138	38
6130	日平トヤマ	270	270	264	264	14
6131	浜井産	135	135	135	135	1
6134	富機製	2800	3140	2790	3140	75
6135	牧野フ	636	647	635	644	159
6136	ＯＳＧ	620	627	606	618	44
6137	小池工	172	174	172	173	13
6138	ダイジェト	153	154	151	152	7
6139	東芝タンガロイ	426	445	426	426	238
6140	旭ダイヤ	615	615	580	586	37
6141	森精機	1296	1298	1255	1260	65
6142	富士精	233	233	233	233	2
6143	ソディック	443	445	442	442	75
6144	西部電機	0	0	0	0	0
6145	日特エンジ	1350	1380	1340	1380	28.5
6146	ディスコ	8630	9350	8600	9250	72.6
6147	ヤマザキ	900	900	900	900	1
6148	UHT	1900	1950	1860	1900	10.2
6149	小田原エンジ	535	540	535	540	1
6150	タケダ機械	0	0	0	0	0
6151	日東工器	2030	2100	2030	2090	21.1
6155	高松機械	479	480	465	480	8
6201	豊田織	2500	2525	2475	2510	354
6203	豊和工	116	120	115	118	50
6204	キリウ	235	240	230	240	21
6205	ＯＫＫ	117	118	112	117	45
6206	豊田工	690	697	682	685	75
6208	石川製	101	102	98	102	92
6210	東洋機械	283	283	283	283	2
6211	倉敷機	0	0	0	0	0
6212	帝人製機	288	292	280	287	275
6213	ＯＭ製	121	122	119	120	32
6214	大隈豊和機械	155	164	155	161	124
6216	寿工業	0	0	0	0	0
6217	津田駒	138	139	138	138	23
6218	エンシュウ	166	166	160	166	14
6221	大東製機	365	365	335	341	15
6222	島精機	2210	2335	2210	2335	45.4
6242	スピンドル	190	196	187	196	20
6245	ヒラノテク	0	0	0	0	0
6246	井上金	146	146	146	146	1
6247	日阪製	493	497	492	497	33
6271	ニッセイ	997	997	997	997	1
6272	レオン	349	361	349	361	4
6273	ＳＭＣ	14300	14780	14250	14600	104.1
6274	新川	2380	2440	2380	2400	16.2
6275	イセキ開発工	57	57	53	53	21
6276	ナビタス	0	0	0	0	0
6277	ホソミクロン	581	600	581	585	14
6278	ユニオンツル	6600	6840	6530	6760	17.1
6279	瑞光	1075	1075	1050	1075	4.3
6280	名機製	500	500	500	500	1
6281	前田製作	0	0	0	0	0
6282	オイレス	1811	1900	1811	1874	2.7
6283	オリイメック	0	0	0	0	0
6284	ＡＳＢ機械	0	0	0	0	0
6286	静甲	0	0	0	0	0
6287	サトー	2600	2670	2590	2640	32.3
6288	ハマダ印刷機	0	0	0	0	0
6289	技研製	0	0	0	0	0
6290	ＳＥＳ	540	540	525	540	29.4
6291	エアーテック	690	710	690	700	10
6292	カワタ	445	445	445	445	4
6293	日精樹脂	768	768	759	759	7
6294	オカアイヨン	301	320	301	320	4
6295	富士変速	291	291	291	291	0.1
6296	ロキテクノ	1080	1090	1080	1090	4
6297	鉱研工業	220	220	220	220	0.2
6298	ワイエイシイ	500	501	500	501	16
6299	神鋼環境Ｓ	0	0	0	0	0
6300	アピクヤマダ	547	547	536	536	7
6301	コマツ	605	608	588	605	2304
6302	住友機	169	180	168	179	9787
6303	ササクラ	410	430	410	430	6
6304	マキ製作所	0	0	0	0	0
6305	日立建機	418	432	418	430	33
6306	日工	243	247	243	247	9
6307	サンセイ	71	71	71	71	1
6309	巴工業	0	0	0	0	0
6310	井関農	80	81	79	81	408
6311	セイレイ工業	192	192	190	190	4
6312	フロイント	548	548	548	548	1
6313	共立	146	153	142	153	34
6314	石井工研	705	705	691	692	2.7
6315	ＴＯＷＡ	1698	1730	1688	1708	24.1
6316	丸山製	144	146	140	141	106
6317	北川鉄	134	138	133	135	147
6319	シンニッタン	230	230	223	223	14
6320	新ダイワ	220	220	220	220	12
6321	石搬機	349	350	349	350	4
6322	タクミナ	0	0	0	0	0
6323	ローツェ	1450	1470	1450	1450	10
6324	ハーモニック	1700000	1700000	1700000	1700000	0.001
6325	タカキタ	0	0	0	0	0
6326	クボタ	395	405	395	400	1790
6327	北川精機	620	635	615	625	22
6328	荏原実業	1200	1240	1200	1240	3
6329	ＨＥＣ	517	518	500	517	5
6330	東洋エンジ	337	360	335	360	7709
6331	化工機	210	222	210	221	46
6332	月島機	865	915	865	915	50
6333	帝国電	0	0	0	0	0
6334	明治機	89	90	88	88	428
6335	東京機	410	417	408	414	98
6336	石井表記	2950	3040	2950	2950	2.1
6337	テセック	2200	2200	2200	2200	1
6338	タカトリ	800	800	798	798	4
6339	新東工	282	286	279	284	28
6340	渋谷工	813	815	809	809	10
6341	日立造船富岡	135	135	132	132	3
6342	太平製	85	85	85	85	3
6343	フリージア	52	57	51	57	121
6344	ＮＥＣマシナ	1510	1510	1500	1500	5
6345	アイチコーポ	160	170	160	166	29.1
6346	菊川鉄	165	168	165	168	2
6347	プラコー	108	120	108	120	4
6348	日本マリンテクノ	0	0	0	0	0
6349	小森	1900	1910	1880	1895	310
6350	新日本造機	159	159	159	159	1
6351	鶴見製	505	510	505	510	5
6352	トヨコケン	185	190	185	185	9
6354	日立機電	405	410	405	410	6
6355	住友精	355	371	354	368	28
6356	日ギア	146	146	145	145	9
6357	三精輸	312	312	310	310	19
6358	酒井重	226	230	226	230	16
6359	粟村製作所	0	0	0	0	0
6360	東自機	223	223	222	222	2
6361	荏原	1067	1094	1049	1070	1340
6362	石井鉄	188	223	188	205	260
6363	酉島	543	550	543	544	12
6364	北越工	0	0	0	0	0
6365	電業社	3760	3760	3760	3760	0.1
6366	千代建	305	318	299	315	4751
6367	ダイキン	2030	2155	2030	2115	567
6368	オルガノ	457	470	457	462	44
6369	トヨカネツ	222	239	222	238	4535
6370	栗田工	1500	1540	1500	1510	216
6371	椿本チ	313	316	308	314	348
6372	セイサ	74	74	74	74	5
6373	大同工	238	238	236	238	18
6374	ＴＣＭ	330	330	320	326	233
6375	コンベヤ	116	116	110	113	367
6376	日機装	537	545	537	543	22
6378	木村化	182	182	177	179	20
6379	新興プラン	85	86	84	85	26
6380	オリチェン	0	0	0	0	0
6381	アネスト岩田	180	195	180	194	150
6382	トリニ工	0	0	0	0	0
6383	ダイフク	640	664	638	662	108
6384	昭和真空	3100	3180	3100	3150	44
6386	扶桑レクセ	953	985	952	965	7
6388	ミサワバン	430	440	420	440	32
6389	内田油圧	38	39	38	39	27
6390	加藤製	162	163	159	159	24
6391	加地テック	0	0	0	0	0
6392	ヤマダコーポ	230	245	230	245	15
6393	油研工	120	124	120	124	32
6394	大江工業	0	0	0	0	0
6395	タダノ	194	209	192	209	413
6396	宇野鉄	169	170	165	170	29
6397	郷鉄工	0	0	0	0	0
6398	日本電産シンポ	713	713	713	713	1
6403	水道機	0	0	0	0	0
6406	フジテック	554	562	547	560	104
6407	シーケーディ	688	698	686	693	127
6408	クラッチ	0	0	0	0	0
6409	キトー	270	270	270	270	1
6411	中野冷	0	0	0	0	0
6412	平和	1861	1949	1861	1948	34.4
6413	理想科学	2080	2080	2050	2050	2.8
6414	川重冷熱	470	470	470	470	4
6415	ニスカ	0	0	0	0	0
6416	桂川電機	0	0	0	0	0
6417	ＳＡＮＫＹＯ	3350	3380	3310	3310	33.2
6418	日金銭	1600	1650	1600	1650	42
6419	マース	3370	3450	3310	3450	12
6420	福島工業	600	600	600	600	1.5
6421	キヤノンＦ	870	884	870	884	10
6423	アビリット	1720	1740	1715	1724	18.5
6424	高見サイ	0	0	0	0	0
6425	アルゼ	3850	3900	3750	3800	34.7
6426	サミー	3200	3200	3120	3130	23.7
6427	東北リコー	791	848	791	848	5
6428	オーイズミ	0	0	0	0	0
6431	キャノンＮＴＣ	390	395	385	390	42
6436	アマノ	949	977	949	974	48
6437	三条機	130	130	130	130	4
6439	中日鋳	107	107	107	107	2
6440	ＪＵＫＩ	415	443	412	440	2971
6442	コピア	292	292	291	291	4
6443	東洋製	130	130	128	128	6
6444	サンデン	573	581	561	569	236
6445	蛇の目	97	99	94	97	396
6448	ブラザー	254	270	252	269	546
6453	シルバ精	112	113	110	111	434
6454	マックス	1089	1130	1089	1120	68
6455	モリタ	285	290	285	285	9
6457	グローリー	1905	2000	1890	2000	13
6458	新晃工	178	185	178	183	63
6459	大和冷	311	314	310	310	28
6461	日ピス	124	124	120	120	214
6462	リケン	250	253	245	250	475
6463	ＴＰＲ	291	300	281	282	10
6466	トウアバルブ	85000	85000	83000	83000	0.014
6467	ニチダイ	585	585	585	585	1
6468	駿河精機	2670	2670	2670	2670	1
6469	放電精密	2290	2450	2290	2400	54
6470	大豊工業	1025	1069	1025	1050	4.1
6471	日精工	557	572	546	565	1840
6472	ＮＴＮ	334	344	331	340	1085
6473	光洋精	601	627	600	627	312
6474	不二越	186	193	184	191	687
6475	天辻	0	0	0	0	0
6476	富士テクニカ	0	0	0	0	0
6477	ツバキ・ナカ	1059	1110	1059	1110	25
6478	ダイベア	0	0	0	0	0
6479	ミネベア	889	897	881	889	882
6480	トムソン	983	983	964	970	111
6481	ＴＨＫ	2700	2815	2690	2700	330.2
6482	ユーシン精機	3500	3540	3500	3510	11.9
6483	川重防災	390	390	390	390	1
6484	ＫＶＫ	0	0	0	0	0
6485	前沢給装	657	660	657	660	8
6486	イーグル工	388	390	385	390	9
6487	積水工機	0	0	0	0	0
6488	ヨシタケ	265	265	265	265	2
6489	前沢工業	705	720	705	711	8.6
6490	ピラー	749	750	721	721	7
6492	岡野バ	125	125	125	125	2
6493	日鍛バ	185	185	185	185	2
6494	ファネス	575	615	565	580	168
6495	宮入バ	66	67	66	66	5
6496	中北製	209	215	209	215	5
6497	ハマイ	0	0	0	0	0
6498	キッツ	174	189	173	189	588
6499	大隈エンジニア	180	180	173	173	2
6501	日立	1027	1040	1012	1026	7316
6502	東芝	699	710	694	708	7442
6503	三菱電	668	678	650	671	5444
6504	富士電機ＨＤ	306	308	304	306	1515
6505	東洋電	144	148	142	144	21
6506	安川電	560	582	560	563	983
6507	神鋼電	203	212	202	207	412
6508	明電舎	196	197	189	197	297
6513	オリジン	569	570	560	565	41
6516	山洋電	460	460	451	460	57
6517	デンヨー	553	560	549	560	6
6518	三相電機	0	0	0	0	0
6519	エネサーブ	4420	4420	4400	4410	24
6581	日立工	405	420	401	408	475
6584	三桜工	513	534	513	533	67
6585	サーボ	202	210	202	202	15
6586	マキタ	800	822	791	810	304
6587	松下精工	435	459	435	458	64
6588	東芝テック	331	335	325	326	199
6590	芝浦	515	520	510	516	81
6591	西芝電	146	146	142	142	7
6592	マブチ	11620	11790	11530	11530	56.4
6593	ローヤル電	0	0	0	0	0
6594	日電産	5360	5460	5190	5250	92
6621	高岳	145	150	145	146	104
6622	ダイヘン	182	187	180	184	132
6623	愛電機	223	223	223	223	2
6624	田淵電	187	187	187	187	1
6641	日新電	239	249	239	245	145
6643	戸上電	151	151	150	150	7
6644	大崎電	669	669	652	663	17
6645	オムロン	2150	2160	2100	2145	499
6646	エナジーサポ	436	436	430	436	70
6647	森尾電	101	101	101	101	3
6650	春日電	133	138	133	133	5
6651	日東工	869	880	869	879	18
6652	和泉電	1000	1020	1000	1005	51
6654	不二電機	595	595	595	595	1
6655	東洋電機	340	340	340	340	2
6701	ＮＥＣ	1893	1908	1846	1875	9343
6702	富士通	1580	1600	1545	1600	6412
6703	沖電気	610	614	602	607	2415
6704	岩崎通	231	239	231	237	138
6705	ＮＥＣインフ	603	609	598	605	56
6706	電気興	598	598	580	584	84
6707	サンケン	583	600	580	590	114
6708	東洋通	701	702	682	683	117
6709	明星電	110	110	108	108	8
6710	大興電機製作	195	195	185	189	60
6711	高見澤電機	220	220	218	218	3
6712	田村電機製作	305	312	305	307	116
6714	神田通信工業	154	154	154	154	3
6715	ナカヨ通	240	240	240	240	2
6716	中央無	200	200	200	200	18
6717	富士通アクセ	1030	1080	1030	1060	33.8
6718	アイホン	1120	1130	1100	1114	5.7
6741	信号	392	398	390	395	41
6742	京三	232	239	232	236	77
6743	大同信	206	206	206	206	1
6744	能美防災	393	398	393	396	8
6745	ホーチキ	299	300	299	299	7
6747	小糸工	277	279	277	279	5
6748	星和電	0	0	0	0	0
6749	マスプロ	1681	1748	1680	1748	54.4
6751	日無線	790	807	790	799	402
6752	松下	2255	2305	2250	2305	2572
6753	シャープ	1550	1552	1497	1524	4156
6754	アンリツ	1975	1999	1882	1927	2209
6755	富士通ゼ	521	530	515	515	34
6756	日立国際	801	810	793	800	182
6758	ソニー	8550	8700	8510	8700	2552.2
6759	ＮＥＣトーキ	988	1020	985	991	55
6761	アイワ	1050	1055	1015	1055	176.8
6762	ＴＤＫ	7620	7730	7440	7730	898.1
6763	帝通工	323	330	323	329	39
6764	三洋電	720	736	718	733	4140
6765	ケンウッド	215	216	210	211	726
6766	宮越商	40	41	40	41	136
6767	ミツミ	2140	2175	2065	2175	545
6768	タムラ	387	395	387	392	42
6770	アルプス	1128	1171	1121	1171	932
6771	池上通	210	215	210	211	23
6772	コスモス	129	129	128	128	3
6773	パイオニア	3170	3230	3110	3230	1108
6775	東和メクス	85	86	83	86	54
6776	天昇電	148	148	148	148	1
6779	日電波	2850	2890	2800	2840	60.6
6781	松下通信工業	7980	8060	7770	8000	542.3
6782	九州松下電器	959	977	958	975	115
6783	松下寿電子	1450	1498	1450	1498	63
6785	鈴木	800	800	780	786	5
6786	リアルＶ	2400000	2400000	2400000	2400000	0.005
6787	メイコー	1190	1190	1180	1180	22
6788	日本トリム	3350	3350	3250	3300	32
6789	ローランドDG	820	860	820	850	19.7
6790	野田スクリン	1250000	1260000	1220000	1250000	0.011
6791	コロムビア	165	166	163	165	29
6792	ビクター	735	744	728	730	202
6793	山水電	11	12	11	11	818
6794	フォスター	436	436	422	436	12
6796	クラリオン	301	317	300	312	2013
6797	名古屋電機	0	0	0	0	0
6798	ＳＭＫ	502	510	500	507	52
6799	日本マランツ	234	234	232	232	6
6800	ヨコオ	1268	1291	1250	1276	29.7
6801	東光	502	505	500	501	391
6803	ティアック	295	301	295	300	61
6804	ホシデン	3000	3100	3000	3100	186
6806	ヒロセ電	11050	11250	10930	11000	57.5
6807	航空電子	620	620	600	600	96
6808	シントム	40	40	39	40	1018
6809	ＴＯＡ	300	304	300	304	9
6810	マクセル	1599	1613	1580	1613	36
6811	クオンツ	421	432	416	420	85
6812	ジャルコ	450	450	425	425	3
6813	ナカミチ	71	71	69	70	57
6814	古野電	330	330	330	330	3
6815	ユニデン	500	509	495	500	154
6816	アルパイン	1200	1270	1200	1266	161
6817	スミダコーポ	4350	4350	4150	4200	34.6
6818	島田理	1110	1147	1102	1102	13.1
6819	オメガ・プロ	271	271	255	258	303
6820	アイコム	1196	1248	1180	1230	6.5
6821	バーテクスＳ	0	0	0	0	0
6822	大井電気	175	175	175	175	1
6823	リオン	0	0	0	0	0
6824	新コスモス	400	400	400	400	2
6825	パトライト	1650	1670	1650	1660	12
6826	本多通信	1840	1900	1790	1790	4.3
6827	東北パイオ	4920	4990	4910	4950	64
6828	シメオ精密	4660	4660	4500	4500	12
6829	ソーテック	655000	655000	621000	640000	0.114
6830	ＹＯＺＡＮ	2600000	2600000	2460000	2470000	0.137
6832	アオイ電子	1600	1600	1565	1565	40
6833	日電産リード	0	0	0	0	0
6834	精工技研	21200	21200	20700	21200	7.3
6835	アライドＨＤ	2660	2660	2600	2620	14.9
6836	ぷらっと	2900000	2900000	2900000	2900000	0.001
6837	京写	900	900	880	890	5
6838	多摩川電	1300	1300	1300	1300	2
6839	船井電	9000	9200	8900	9150	39.1
6840	アドテック	1180	1240	1180	1190	35
6841	横河電	1063	1100	1063	1100	817
6842	ユニパルス	3490	3550	3400	3500	8.2
6843	東光精機	0	0	0	0	0
6844	新電元	718	718	703	708	99
6845	山武	1055	1074	1028	1044	108
6846	中央製	0	0	0	0	0
6847	安藤電気	900	900	880	900	16
6848	東亜ＤＫＫ	335	342	335	342	5
6849	日本光電	315	320	315	320	25
6850	チノー	223	224	218	220	21
6851	大倉電気	136	150	136	150	6
6852	テクノセブン	144	148	142	148	21
6853	共和電	274	274	273	273	5
6855	電子材料	1650	1650	1570	1570	14
6856	堀場製	880	890	880	880	39
6857	アドバンテスト	11900	12290	11700	12290	657.7
6858	小野測器	183	190	183	188	7
6859	エスペック	924	924	888	900	10
6860	サンクス	0	0	0	0	0
6861	キーエンス	23000	23780	22520	23520	103.1
6862	ミナトエレ	145	145	140	140	2
6863	ニレコ	0	0	0	0	0
6864	ＮＦ回路	0	0	0	0	0
6866	ＨＩＯＫＩ	0	0	0	0	0
6867	リーダー電子	830	850	820	830	13
6868	東カソード	1150	1170	1100	1170	6.1
6869	シスメックス	2795	2880	2790	2845	8.9
6870	フェンオール	500	560	495	550	32
6871	日本マイクロ	1450	1460	1440	1460	8.1
6872	日本コーリン	10300	10400	9900	10200	43.3
6873	日立電子Ｅ	565	575	555	555	5
6874	協立電機	0	0	0	0	0
6875	メガチップス	4610	4690	4530	4590	72
6876	光波	1450	1450	1410	1420	4.1
6877	ＯＢＡＲＡ	1810	1880	1800	1850	30
6878	長野日無	540	547	540	540	10
6879	フォトロン	0	0	0	0	0
6880	シンワ	890	890	890	890	0.1
6881	キョウデン	1092	1100	1088	1100	27
6882	三社電機	880	900	873	900	6
6883	電産コ電	0	0	0	0	0
6884	デジタル	0	0	0	0	0
6885	ミヤチテクノ	3200	3220	3160	3180	13.2
6886	グラフィック	410	410	410	410	36
6887	日本ＬＳＩカード	0	0	0	0	0
6888	アクモス	310000	330000	305000	320000	0.019
6889	オーデリック	554	554	554	554	2
6890	フェローテク	2550	2640	2550	2580	60
6891	イーター電機	0	0	0	0	0
6892	シチズン電子	7160	7170	7000	7000	8.6
6893	タイテック	730	730	710	730	6
6894	パルステック	1080	1120	1051	1065	8
6895	ダイヤ電機	0	0	0	0	0
6896	北川工業	1300	1300	1294	1300	5.2
6897	ツインバード	0	0	0	0	0
6898	トミタ電機	0	0	0	0	0
6899	ＡＳＴＩ	600	600	600	600	1
6900	東京電波	2400	2450	2400	2415	27.1
6901	沢藤電	213	213	209	209	8
6902	デンソー	2375	2425	2340	2425	686
6904	原田工業	0	0	0	0	0
6905	コーセル	2320	2500	2300	2500	11.1
6906	キヤ･コンポ	289	289	289	289	17
6907	ジオマテック	1840	1900	1830	1900	15
6908	イリソ電子	420	430	420	430	2
6909	北部通信工業	290	295	290	295	12
6910	日立メディコ	1059	1094	1055	1094	11
6911	新日無	781	785	780	785	24
6912	菊水電子	415	415	413	413	2
6913	メルコ	2000	2035	1980	2035	41.3
6914	オプテックス	0	0	0	0	0
6915	千代田インテ	1189	1225	1189	1220	8.9
6916	アイオデータ	1260	1260	1200	1220	49.3
6917	デンセラムダ	1860	1900	1830	1900	11.5
6918	アバール	620	620	610	610	4
6919	ケル	585	585	585	585	1
6920	レーザーテク	1700	1720	1700	1700	9
6921	東光電	292	292	290	290	6
6922	昭和情報	330	330	330	330	3
6923	スタンレー	959	960	936	940	577
6924	岩崎電	406	406	398	399	232
6925	ウシオ電	1800	1864	1800	1829	155
6926	岡谷電	295	295	280	280	9
6928	エノモト	608	610	600	600	11
6929	日セラ	1985	2010	1983	2000	56
6930	日本アンテナ	1550	1600	1520	1600	9
6931	日本電池	384	385	379	382	355
6932	ユアサコーポ	380	380	380	380	1
6933	ＹＵＡＳＡ	242	244	233	244	493
6934	新神戸	675	706	675	705	33
6935	日デジタル	1300	1320	1300	1310	21.9
6936	東洋高砂乾	115	115	115	115	2
6937	古河池	222	225	222	224	9
6938	双信電機	840	850	815	815	28
6939	ＵＭＣＪ	900000	900000	880000	885000	0.613
6940	多摩電気	0	0	0	0	0
6941	山一電機	1899	1900	1851	1899	21
6942	ソフィア	207	207	207	207	1
6943	開閉器	0	0	0	0	0
6944	アイレックス	230	230	230	230	4
6945	ＦＴＥＣ	0	0	0	0	0
6946	日本アビオ	243	243	243	243	3
6947	図研	1950	1975	1930	1930	31.7
6948	住友電装	730	730	730	730	2
6949	キンセキ	891	897	881	897	26
6950	ＹＥデータ	332	332	320	323	12
6951	日電子	584	611	584	607	91
6952	カシオ	790	806	781	806	677
6954	ファナック	7000	7000	6710	6990	575.4
6955	ＦＤＫ	650	656	640	640	119
6956	神明電	0	0	0	0	0
6957	芝浦電子	328	329	320	320	1.6
6958	日本ＣＭＫ	1299	1299	1250	1250	103
6960	フクダ電	2480	2540	2450	2510	16
6961	エンプラス	2800	2805	2705	2750	62.7
6962	大真空	622	622	613	617	41
6963	ローム	19700	19830	19390	19690	270
6964	サンコー	985	1045	985	1045	5
6965	ホトニクス	4610	4650	4580	4590	285
6966	三井ハイテク	1300	1316	1296	1307	26.3
6967	新光電工	2535	2580	2510	2550	52.8
6968	グラフテック	150	150	146	146	7
6969	松尾電	386	388	380	380	24
6970	日本コンラックス	526	537	526	537	22
6971	京セラ	11160	11300	10820	11120	1020.7
6972	エルナー	350	351	346	351	20
6973	協栄産	315	334	315	334	12
6974	日本インター	266	266	266	266	2
6975	ＮＥＯＭＡＸ	1020	1050	1020	1021	87
6976	太陽電	3100	3110	2970	3080	609
6977	抵抗器	172	180	172	180	2
6980	日立ＡＩＣ	800	805	785	799	74
6981	村田製	9980	10360	9980	10210	670.1
6982	リード	130	130	121	121	6
6984	朝日ナショナ	0	0	0	0	0
6985	ユーシン	549	550	534	534	53
6986	双葉電	3600	3600	3500	3540	38
6988	日東電	3100	3160	3080	3100	322
6989	北電工	209	209	205	205	89
6991	松電工	1336	1370	1321	1369	1391
6992	国産電	207	207	205	205	3
6993	森電機	86	89	86	89	12
6994	指月電	198	200	198	198	6
6995	東海理	857	857	822	822	10
6996	ニチコン	1719	1759	1717	1720	143.9
6997	日ケミコン	720	739	713	723	129
6998	タングス	300	300	300	300	4
6999	ＫＯＡ	1820	1840	1790	1790	48.2
7003	三井造	120	127	119	127	4209
7004	日立造	99	102	98	102	11574
7007	佐世保	113	114	112	113	799
7011	三菱重	472	487	468	482	5229
7012	川重	170	176	168	173	13853
7013	石川島	275	277	269	272	4270
7014	名村造	241	248	236	247	259
7018	内海造	0	0	0	0	0
7020	サノヤス	180	185	180	185	15
7021	ニッチツ	150	150	150	150	1
7052	信貴造船所	0	0	0	0	0
7102	日車両	208	211	202	210	284
7104	富士車輌	3	3	2	2	44
7105	ニチユ	190	193	187	193	17
7122	近畿車	120	121	118	118	16
7123	東急車輌製造	83	85	81	85	81
7124	輸送機工業	0	0	0	0	0
7142	ナブコ	151	154	151	154	36
7201	日産自	856	867	847	867	10651
7202	いすゞ	229	229	224	226	608
7203	トヨタ	4340	4340	4230	4330	5645.6
7204	小松ゼノア	241	241	237	237	16
7205	日野自	524	535	518	535	822
7210	日産ディ	185	187	176	182	819
7211	三菱自	356	364	350	351	808
7212	エフテック	490	490	490	490	3
7218	田中精密	900	900	861	861	3
7219	ＨＫＳ	500	510	500	510	2
7220	武蔵精密	1260	1260	1260	1260	4
7221	トヨ車	1249	1250	1230	1239	63
7222	産車体	245	250	240	249	220
7223	関東自	630	630	615	629	23
7224	新明和	205	209	202	206	452
7225	小松フォーク	172	172	168	169	52
7226	極東開発	497	503	497	499	11
7227	アスカ	0	0	0	0	0
7228	デイトナ	0	0	0	0	0
7229	ユタカ技研	580	580	580	580	1
7230	日信工業	2735	2890	2730	2850	123
7231	トピー	181	187	178	187	337
7232	トキコ	209	211	207	210	201
7233	自部品	0	0	0	0	0
7234	橋本フォーミング	81	81	78	78	21
7235	東ラヂ	124	124	124	124	1
7236	ティラド	410	452	410	450	423
7237	ボッシュブレーキ	135	135	135	135	1
7238	ブレーキ	222	223	220	220	29
7239	タチエス	530	530	530	530	1
7240	ＮＯＫ	1019	1020	991	1010	188
7241	フタバ	1494	1494	1473	1473	27
7242	カヤバ	210	213	206	208	315
7243	シロキ	210	220	210	216	29
7244	市光工	219	240	219	240	283
7245	大同メ	530	530	506	506	13
7246	プレス工	116	124	116	124	974
7247	ミクニ	0	0	0	0	0
7248	カルソニック	320	334	320	329	125
7249	尾張精	0	0	0	0	0
7250	太平洋工	282	305	280	300	188
7251	ケーヒン	991	1000	990	999	84
7252	富士機	0	0	0	0	0
7253	日本ガスケット	0	0	0	0	0
7254	フジユニ	0	0	0	0	0
7255	桜井製	0	0	0	0	0
7256	河西工	210	215	208	215	32
7257	自転車電機工	295	298	293	298	19
7258	栃木富士産業	224	232	224	232	30
7259	アイシン	1869	1900	1869	1876	214
7260	富士機工	217	217	217	217	2
7261	マツダ	335	335	326	330	2276
7262	ダイハツ	760	797	760	781	718
7263	愛知機	236	244	236	242	62
7264	ＭＵＲＯ	0	0	0	0	0
7265	エイケン工業	630	630	630	630	1
7266	今仙電機	305	310	305	310	5
7267	ホンダ	5110	5120	4980	5110	1989
7268	タツミ	0	0	0	0	0
7269	スズキ	1470	1490	1435	1475	535
7270	富士重	875	900	854	900	840
7271	安永	427	427	426	426	4
7272	ヤマハ発	910	925	910	925	194
7273	イクヨ	0	0	0	0	0
7274	ショーワ	700	720	698	715	281
7275	ユニシア	204	219	204	214	172
7276	小糸製	465	465	453	455	375
7277	ＴＢＫ	107	115	107	115	52
7278	エクセディ	750	765	750	764	10.2
7279	ケーブル	920	967	916	967	45
7280	ミツバ	511	527	510	527	20
7282	豊田合	2330	2375	2330	2335	95
7283	愛三工	801	817	801	805	16
7284	盟和産	246	250	246	250	3
7286	イズミ工業	110	110	110	110	1
7287	日精機	615	630	610	625	13
7288	テクノエイト	0	0	0	0	0
7289	マーレ テネックス	199	200	199	200	17
7290	日発精密工業	0	0	0	0	0
7291	日本プラスト	0	0	0	0	0
7292	村上開明	0	0	0	0	0
7293	大井製作所	250	260	248	260	6
7294	ヨロズ	448	455	445	450	16.6
7295	アイエス製機	0	0	0	0	0
7296	ＦＣＣ	1100	1100	1100	1100	2
7297	カーメイト	475	475	475	475	1.5
7298	八千代工	403	403	403	403	1
7299	フジオーゼ	191	199	191	199	2
7301	宮田	105	130	105	130	79
7305	新家工	117	120	117	118	11
7306	丸石自転車	183	186	182	186	16
7308	ツノダ	0	0	0	0	0
7309	シマノ	2000	2045	1980	2010	89
7399	ナンシン	0	0	0	0	0
7404	昭和飛	292	292	292	292	3
7407	日本飛行機	233	237	230	236	50
7408	ジャムコ	473	475	460	461	7
7410	横浜鋼業	0	0	0	0	0
7411	成和産業	0	0	0	0	0
7412	アトム	1367	1370	1363	1370	5
7413	創健社	193	193	193	193	1
7414	小野建	0	0	0	0	0
7415	新星堂	0	0	0	0	0
7416	はるやま	0	0	0	0	0
7418	ヤマキ	125	130	125	130	6
7419	ノジマ	1430	1430	1420	1430	3.7
7420	佐鳥電機	1200	1219	1190	1200	9
7421	カッパクリエ	5050	5300	5050	5300	3.6
7422	東邦レマック	0	0	0	0	0
7423	フォンテーヌ	1351	1370	1351	1351	1.9
7424	ニコニコ堂	135	135	135	135	1
7425	初穂商事	280	280	280	280	1
7426	山大	125	125	120	120	4
7427	エコーＴＤ	1270	1320	1270	1320	4.6
7428	江戸沢	783	788	783	788	1.5
7429	セイジョー	960	964	945	964	8.9
7430	サンワドー	0	0	0	0	0
7432	ダルトン	242	242	242	242	8
7433	伯東	2825	2900	2825	2865	42.9
7434	オータケ	1860	1870	1860	1870	0.6
7435	ナ・デックス	510	540	510	540	4
7437	シーアンドエス	3500	3550	3470	3490	64
7438	コンドー	495	495	475	495	6.5
7439	サンミック千代田	155	155	155	155	2
7440	クラフト	725	725	725	725	1
7442	中山福	328	328	317	317	11
7443	横浜魚類	0	0	0	0	0
7444	ハリマ共和	0	0	0	0	0
7445	ライトオン	1649	1679	1613	1641	9.3
7446	東北化学	0	0	0	0	0
7447	ナガイレーベ	2190	2200	2110	2180	5.3
7448	ジンズメイト	711	745	711	744	5.1
7449	太洋興業	0	0	0	0	0
7450	サンデー	771	792	771	792	2
7451	菱食	3750	3830	3700	3700	11.7
7452	マツヤ	0	0	0	0	0
7453	良品計画	2850	2995	2850	2965	252.9
7454	ホットスパー	109	110	108	109	446
7455	三城	3260	3430	3260	3380	43
7456	松田産業	1689	1689	1640	1640	30
7457	セキテクノ	393	393	393	393	2
7458	第一興商	2330	2510	2330	2510	358.6
7459	メディセオＨＤ	774	800	771	790	98.8
7460	ヤギ	485	485	485	485	10
7461	キムラ	0	0	0	0	0
7462	ダイヤ通商	0	0	0	0	0
7463	アドヴァン	1100	1150	1100	1150	7
7464	セフテック	0	0	0	0	0
7465	ＭＶ北海道	0	0	0	0	0
7466	ＳＰＫ	960	960	960	960	0.1
7467	萩原電気	0	0	0	0	0
7468	アムスク	801	801	790	801	5
7470	サロモンメイド	1250	1300	1230	1250	64
7471	ふじ	485	500	485	500	19
7472	鳥羽洋行	1060	1060	1030	1030	2
7473	静岡スバル	380	395	380	395	4
7474	パオ	0	0	0	0	0
7475	アルビス	0	0	0	0	0
7476	アズワン	1755	1780	1750	1751	2.7
7477	ムラキ	0	0	0	0	0
7478	ブルーグラス	395	395	395	395	2
7479	サンマルク	3000	3050	2990	3000	3.9
7480	スズデン	0	0	0	0	0
7481	尾家産	690	690	690	690	3
7482	シモジマ	1000	1000	1000	1000	2
7483	ドウシシャ	1916	1990	1910	1990	12.7
7485	岡谷鋼機	0	0	0	0	0
7486	サンリン	550	550	550	550	4
7487	小津産業	0	0	0	0	0
7488	ヤガミ	0	0	0	0	0
7490	日新商	390	395	390	395	2
7491	ＯＡシステム	355	360	350	360	12
7492	タイカン	505	549	505	545	111
7494	コナカ	683	704	683	702	6.4
7495	レオ	0	0	0	0	0
7496	八千代ムセン	0	0	0	0	0
7498	ジャパン	1770	1770	1755	1770	1.5
7500	西川計測	400	400	390	390	2
7501	ティムコ	725	760	725	760	1.9
7502	プラザクリエ	3790	3790	3560	3560	0.4
7503	ＩＭＩ	0	0	0	0	0
7504	高速	580	580	580	580	1
7505	扶桑電通	481	481	481	481	1
7506	ハウスローゼ	692	692	661	662	1.6
7508	オートセブ	0	0	0	0	0
7509	アイエー	430	430	430	430	2
7510	竹菱電機	0	0	0	0	0
7511	ジプロ	0	0	0	0	0
7512	ポスフール	751	780	751	765	13.1
7513	コジマ	2300	2350	2270	2325	42.7
7514	ヒマラヤ	370	370	370	370	0.5
7515	マルヨシ	0	0	0	0	0
7516	コーナン	1080	1110	1080	1110	0.8
7517	黒田電気	2000	2010	1950	1950	20.8
7518	ネットワン	2330000	2330000	2220000	2240000	0.652
7519	五洋インテ	0	0	0	0	0
7520	エコス	500	500	490	490	0.7
7521	ムサシ	0	0	0	0	0
7522	ワタミ	4450	4500	4200	4200	29.2
7523	アールビバン	960	960	945	945	5.9
7524	マルシェ	985	985	982	985	1.5
7527	システムソフ	0	0	0	0	0
7528	安藤薬業公司	345	345	345	345	1
7529	はるやま	121	121	120	120	1.7
7530	ナブコドア	0	0	0	0	0
7531	清和鋼業	0	0	0	0	0
7532	ドンキホーテ	8570	8570	8300	8450	10.8
7535	グッドマン	2800	2850	2750	2850	12.9
7536	船橋薬品	0	0	0	0	0
7537	丸文	1150	1169	1140	1150	30
7538	大水	405	470	405	470	2
7539	アベルコ	0	0	0	0	0
7540	エルエスフェンス	0	0	0	0	0
7541	メガネトップ	1718	1718	1688	1688	6.1
7542	ビスケーＨＤ	0	0	0	0	0
7543	ミスタージョン	451	476	451	476	10
7544	スリーエフ	950	980	950	980	0.2
7545	西松屋チェ	1972	2005	1972	1975	9.2
7547	オートハローズ	0	0	0	0	0
7548	サンクスＪＰ	1300	1300	1270	1270	5
7549	エス・エス・ブイ	0	0	0	0	0
7550	ゼンショー	986	1060	960	1000	22.5
7551	ウェッズ	0	0	0	0	0
7552	ハピネット	1676	1701	1670	1677	4.4
7553	サザビー	6640	6640	6350	6450	20.5
7554	幸楽苑	1020	1020	1010	1010	2
7555	大田花き	405	405	400	400	2
7556	住商エレク	1150	1150	1130	1140	5.3
7557	サンクス	3130	3130	3020	3020	17.5
7558	トーメンエレ	4190	4350	4190	4240	7.6
7559	ジーエフシー	840	840	810	810	2
7560	ユニマット	1353	1370	1341	1350	12.7
7561	ハークスレイ	2020	2050	1930	2040	2.9
7562	安楽亭	750	750	740	742	3
7563	ニッパン	205	205	205	205	1
7564	ワークマン	1900	1910	1900	1900	2.4
7565	万世電機	0	0	0	0	0
7566	ジャパンケア	0	0	0	0	0
7567	栄電子	650	650	650	650	3
7568	クレックス	445	445	445	445	1
7569	モンテカルロ	230	230	220	220	2
7570	橋本総業	0	0	0	0	0
7571	ヤマノＨＣ	771	790	770	790	8
7573	ツルハ	1800	1840	1790	1790	13.2
7574	共信テクノ	0	0	0	0	0
7575	日本ライフＬ	1100	1120	1050	1070	72.9
7576	ベターライフ	20	20	18	18	14
7577	パスポート	0	0	0	0	0
7578	ニチリョク	595	615	595	615	6
7579	オリジン東	3290	3290	3210	3210	2
7580	フーズネット	1130	1130	1130	1130	1
7581	サイゼリヤ	5050	5050	4900	4980	36
7582	富デバイス	1267	1280	1260	1280	13
7583	通商	0	0	0	0	0
7584	丸紅インフォ	0	0	0	0	0
7585	かんなん	855	860	855	858	5
7586	寺島薬局	660	660	650	650	0.8
7587	ＰＡＬＴＥＫ	1850	1850	1750	1760	10.5
7588	シートゥーネット	8000	8000	7800	7800	8.1
7589	デジキューブ	510000	518000	510000	518000	0.008
7590	タカショー	420	420	400	410	15
7591	エクセル	1030	1030	1030	1030	1
7592	アイ・ユー・ケイ	0	0	0	0	0
7593	ＶＴＨＤ	0	0	0	0	0
7594	マルカキカイ	0	0	0	0	0
7595	アルゴグラフ	1770	1770	1740	1740	3.2
7596	魚力	1480	1480	1450	1470	8.1
7597	東京貴宝	600	600	600	600	1
7598	ナイスクラ	185	195	185	195	5
7599	ガリバー	2400	2500	2250	2320	31.4
7600	日本ＭＤＭ	4350	4350	4250	4300	23.7
7601	ポプラ	1100	1100	1080	1080	4.1
7602	ジャック	1570	1580	1532	1555	14.3
7603	マックハウス	415	415	415	415	1
7604	梅の花	670000	670000	670000	670000	0.005
7605	フジコーポ	135	145	135	145	3
7606	Ｕアローズ	1280	1340	1280	1320	4.5
7607	進和	1190	1190	1190	1190	7
7608	ＳＫジャパン	479	479	478	479	6
7609	ダイトエレク	1800	1820	1790	1800	16
7610	テイツー	330000	340000	330000	340000	0.014
7611	ハイデ日高	0	0	0	0	0
7612	コモンウェル	0	0	0	0	0
7613	シークス	2250	2250	2210	2250	7.7
7614	オーエムツー	1710	1850	1700	1850	1.3
7615	京都友禅	590000	592000	590000	592000	0.012
7616	コロワイド	1420	1420	1400	1400	3.5
7617	オオゼキ	4580	4600	4400	4400	9.5
7618	ＰＣＤＥＰＯ	339000	339000	335000	338000	0.041
7619	田中商事	312	312	312	312	1
7620	ヤマト硝子	0	0	0	0	0
7621	うかい	1090	1090	1090	1090	1
7622	焼肉サカイ	1400	1400	1300	1320	12.8
7623	サンオータス	0	0	0	0	0
7624	内藤	0	0	0	0	0
7625	ダイニング	1731	1750	1730	1750	1.6
7626	ドッドウエル	1380	1380	1380	1380	5
7627	なか卯	1020	1020	1000	1020	3
7628	オーハシテク	1450	1450	1450	1450	2
7629	ムラチク	806	808	806	807	5
7630	壱番屋	970	970	950	955	12
7631	マクニカ	8360	8450	8150	8190	16.4
7632	住商メタレックス	670	680	655	670	7
7633	明響社	395	395	395	395	1
7634	星医療	1600	1600	1600	1600	4
7635	杉田エース	0	0	0	0	0
7636	ハンズマン	1260	1260	1260	1260	1
7637	白 銅	1930	1950	1850	1850	22
7638	シーマ	0	0	0	0	0
7639	贔屓屋	701	701	700	700	3
7640	トップカル	0	0	0	0	0
7641	フォーユー	536000	536000	480000	500000	0.045
7642	ビジョン	575	590	570	590	1.2
7643	ダイイチ	0	0	0	0	0
7644	常盤薬品	0	0	0	0	0
7645	日本トイザ	12400	12600	12400	12600	11
7646	ＰＬＡＮＴ	2400	2400	2400	2400	0.2
7647	音通	150	150	150	150	3
7648	トーカン	0	0	0	0	0
7649	スギ薬局	3710	3710	3700	3700	4
7701	島津	477	489	476	481	214
7702	ＪＭＳ	369	369	368	369	8
7703	川澄化	947	949	947	949	2
7704	アロカ	829	846	816	820	21
7705	ジーエル	1490	1490	1490	1490	2
7706	セントラユニ	0	0	0	0	0
7707	プレシジョン	3400000	3450000	3250000	3450000	0.035
7708	フォトニクス	2700000	2700000	2570000	2690000	0.102
7709	クボテック	2500000	2600000	2500000	2590000	0.012
7711	助川電気	0	0	0	0	0
7713	シグマ光機	1500	1500	1500	1500	5
7714	モリテックス	3920	3960	3850	3870	21.8
7715	長野計器	2500	2500	2500	2500	1
7716	ナカニシ	2550	2550	2550	2550	8
7717	ブイテクノ	1180000	1180000	1100000	1140000	0.05
7718	スター精	1130	1189	1130	1189	33
7719	東衡機	83	84	83	84	4
7720	ソキア	192	197	192	193	27
7721	トキメック	127	127	123	126	111
7722	国際計測器	590	590	560	560	7
7723	愛時計	262	270	261	266	14
7724	金門	152	159	151	151	33
7725	インタＡＣＴ	759000	789000	721000	769000	0.253
7726	黒田精	250	251	250	251	5
7727	オーバル	0	0	0	0	0
7728	電産トーソク	0	0	0	0	0
7729	東京精	7300	7400	7110	7200	44.3
7731	ニコン	1358	1380	1340	1375	1219
7732	トプコン	330	335	330	331	7
7733	オリンパス	1809	1878	1809	1868	629
7734	理計器	427	430	427	430	2
7735	スクリン	518	521	510	515	517
7736	ユニオンＨＤ	125	128	118	120	173
7738	チノン	231	240	231	240	5
7739	キヤノン電	1048	1048	1048	1048	3
7740	タムロン	849	850	820	830	8
7741	ＨＯＹＡ	7720	8130	7720	7980	189.1
7743	シード	380	380	380	380	1
7744	ノーリツ鋼機	2265	2300	2250	2295	11.3
7750	ペンタックス	247	257	247	250	78
7751	キヤノン	4660	4780	4610	4770	5644
7752	リコー	2210	2270	2180	2265	1930
7753	ミノルタ	497	522	496	515	231
7756	電産コパル	1090	1105	1090	1093	22
7757	三協精	536	538	515	518	115
7758	セコニック	321	321	319	319	9
7762	シチズン	914	929	897	918	576
7764	オリエント時計	266	275	263	263	22
7765	リコーエレメ	620	620	620	620	2
7768	ジェコー	410	410	410	410	1
7769	リズム	190	199	186	198	1171
7770	ミヨタ	1790	1790	1790	1790	1
7771	日本精密	0	0	0	0	0
7851	カワセＣＳ	385	390	380	380	12
7854	バンプレスト	0	0	0	0	0
7855	カーディナル	0	0	0	0	0
7856	萩原工業	790	790	790	790	2
7857	セキ	1430	1430	1430	1430	1
7858	小野産業	0	0	0	0	0
7859	アルメディオ	1040	1040	1040	1040	1
7860	エイベックス	8000	8070	7900	7900	31
7861	東京リスマ	1110	1110	1080	1110	3.9
7862	トッパンフォ	1891	1935	1888	1900	98.4
7863	平賀	0	0	0	0	0
7864	フジシール	4100	4230	4100	4230	7.1
7865	ピープル	665	670	660	660	15.5
7866	アトラス	809	809	790	800	9
7867	トミー	2705	2775	2705	2720	26.9
7868	広済堂	1014	1014	1001	1001	5.8
7869	日本フォーム	440	440	440	440	1
7870	福島印刷	0	0	0	0	0
7871	フクビ	594	594	594	594	2
7872	エステール	0	0	0	0	0
7873	アーク	4400	4480	4400	4480	5
7874	スルガ	3450	3450	3350	3360	7.4
7875	竹田印刷	0	0	0	0	0
7876	三陽PAX	0	0	0	0	0
7877	永大化工	520	525	515	525	4
7878	光彩工芸	0	0	0	0	0
7879	ノダ	442	442	442	442	1
7880	南部化成	0	0	0	0	0
7881	ニッソー	73	73	73	73	1
7882	アロン化成	383	383	377	381	5
7883	サンメッセ	0	0	0	0	0
7884	本間ゴルフ	241	242	238	238	8.6
7885	タカノ	1350	1400	1350	1400	3.9
7886	ヤマト・イン	205	205	205	205	1
7887	南プラ	0	0	0	0	0
7888	三光合成	0	0	0	0	0
7889	桑山	550	550	550	550	0.1
7890	アテナ工業	0	0	0	0	0
7891	日本ユピカ	0	0	0	0	0
7892	宇部日東化成	380	389	380	389	93
7893	亜細亜	1039	1039	1035	1035	4
7895	中央化学	1600	1600	1600	1600	1.1
7896	セブン工業	336	340	330	330	14
7897	ホクシン	150	155	142	142	10.4
7898	ウッドワン	800	849	795	848	33
7899	オザキ軽化	425	430	415	430	17
7900	大出産業	0	0	0	0	0
7901	マツモト	0	0	0	0	0
7902	ソノコム	1150	1160	1150	1160	3
7903	名木材	0	0	0	0	0
7904	天竜木	0	0	0	0	0
7905	大建工	286	299	286	289	259
7906	ヨネックス	382	385	382	385	4
7907	日防腐	0	0	0	0	0
7908	きもと	0	0	0	0	0
7909	シーアイ化	330	330	330	330	1
7910	段谷産業	67	67	65	66	141
7911	凸版	988	997	977	990	1058
7912	大日印	1598	1598	1551	1566	2125
7913	図書印	214	222	214	222	15
7914	共同印	342	349	340	341	43
7915	日写印	584	610	584	597	184
7916	光村印	327	330	327	328	4
7917	藤森工業	0	0	0	0	0
7918	ヴィアＨＤ	250	250	250	250	1
7919	野崎紙	0	0	0	0	0
7920	三浦印	427	427	427	427	1
7921	宝印刷	1156	1180	1150	1165	7.5
7922	三光産業	0	0	0	0	0
7923	トーイン	0	0	0	0	0
7925	前沢化成	1400	1448	1394	1400	16.8
7926	ベルテクノ	0	0	0	0	0
7927	ムトー精工	0	0	0	0	0
7928	旭化学	425	425	425	425	1
7929	新輝合成	0	0	0	0	0
7931	未来工業	1150	1150	1140	1140	1.1
7932	ニッピ	0	0	0	0	0
7933	ファイリング	0	0	0	0	0
7934	メルクス	70	73	70	73	5
7935	コンビ	515	515	505	510	9.5
7936	アシックス	122	128	122	123	534
7937	ツツミ	1710	1750	1710	1749	4.3
7938	リーガル	110	110	105	105	6
7939	研創	290	290	290	290	2
7940	ウェーブＨＤ	271	272	271	272	2
7942	ＪＳＰ	600	600	600	600	1
7943	ニチハ	800	812	800	810	29.3
7944	ローランド	1555	1560	1540	1550	14.7
7945	コマニー	0	0	0	0	0
7946	光陽社	0	0	0	0	0
7947	エフピコ	3300	3530	3300	3530	8.7
7948	ＡＷ・エモト	142	142	138	138	2
7949	小松ウオール	945	945	944	945	2.5
7950	日デコラ	0	0	0	0	0
7951	ヤマハ	1280	1340	1236	1334	421
7952	河合楽	158	158	151	153	43
7953	菊水化	0	0	0	0	0
7954	ジャレコ	498	498	470	470	31
7955	クリナップ	517	520	517	520	10
7956	ピジョン	780	784	771	771	7.1
7957	フジコピアン	130	135	130	135	12
7958	天馬	1400	1475	1399	1470	227
7959	オリバー	0	0	0	0	0
7960	パラマウント	3440	3520	3420	3450	34.2
7961	兼松日産農	231	236	230	233	93
7962	キングジム	681	684	680	684	6
7963	興研	500	500	500	500	1
7964	セガ	2265	2300	2250	2260	736.6
7965	象印	490	490	490	490	25
7966	リンテック	1004	1025	999	1025	70
7967	バンダイ	4450	4490	4450	4470	92.2
7968	田崎真珠	445	450	444	450	33
7969	タカラ	1070	1099	1053	1094	479
7970	信越ポリ	605	610	600	604	28
7971	東リ	211	215	211	214	89
7972	イトーキ	306	310	305	305	34
7973	ホウトク	0	0	0	0	0
7974	任天堂	21670	22000	21300	21400	416.4
7975	リヒトラブ	179	179	179	179	1
7976	菱鉛筆	786	798	782	798	10
7977	フランスベッド	336	338	334	338	22
7979	松風	0	0	0	0	0
7980	重松製	0	0	0	0	0
7981	タカラスタ	468	470	463	470	40
7983	ミロク	170	170	161	161	3
7984	コクヨ	1600	1629	1570	1615	119
7985	ネポン	0	0	0	0	0
7986	キング工	126	126	125	126	17
7987	ナカバヤシ	238	244	238	244	24
7988	ニフコ	1154	1193	1154	1181	45
7989	ブラインド	651	665	636	636	0.5
7990	ダイワ精	123	123	120	120	52
7991	マミヤＯＰ	228	230	220	229	36
7992	セーラー	411	415	406	407	74
7993	サンウエブ	174	178	173	178	15
7994	岡村製	577	580	567	580	100
7995	バルカー	210	224	210	221	658
7996	パイロット	560	632	560	622	22
7997	くろ工	170	170	170	170	2
7999	武藤工	250	251	249	250	130
8000	カイゲン	453	463	453	463	2
8001	伊藤忠	444	451	438	448	3263
8002	丸紅	228	233	226	232	3591
8003	トーメン	118	120	116	120	2813
8004	ニチメン	147	157	145	155	12351
8005	ムトウ	501	518	501	510	22
8006	ユアサフナ	181	183	179	183	66
8007	高島	136	138	132	138	76
8008	アスティ	0	0	0	0	0
8010	新興産業	109	109	109	109	1
8011	三陽商	291	297	290	295	153
8012	長瀬産	533	557	530	551	69
8013	ナイガイ	119	133	117	130	1723
8014	蝶理	117	138	115	128	1652
8015	豊田通商	438	450	438	449	144
8016	オンワード	999	1014	995	1006	209
8017	阪急共栄物産	112	112	112	112	3
8018	三共興	248	248	243	247	56
8019	市田	68	68	62	62	325
8020	兼松	302	309	294	301	2873
8021	レナウン	94	94	91	92	347
8022	ミズノ	328	337	328	337	137
8023	大興電子	315	315	312	312	3
8024	シルバーＯＸ	405	420	405	419	7
8025	ツカモトＣ	135	142	135	142	12
8027	ルシアン	69	73	68	72	50
8028	ファミリーＭ	1965	1988	1951	1973	221.6
8029	ルック	182	188	182	188	20
8030	中央魚	0	0	0	0	0
8031	三井物	665	688	663	683	1859
8032	紙パ商	374	384	374	378	33
8033	ジーネット	0	0	0	0	0
8035	東エレク	7670	7800	7500	7790	1014.6
8036	日立ハイテク	1588	1600	1560	1600	36
8037	カメイ	512	526	512	513	6
8038	東都水	282	283	275	282	18
8039	築地魚	0	0	0	0	0
8040	東ソワール	212	213	212	213	3
8041	魚市場	272	272	272	272	1
8042	マタイ	227	229	226	229	6
8043	スターゼン	233	233	227	227	114
8044	大都魚	137	137	137	137	2
8045	浜丸魚	0	0	0	0	0
8046	丸藤パ	0	0	0	0	0
8048	シャディ	1560	1639	1550	1638	11.3
8050	セイコー	426	429	421	425	77
8051	山善	206	209	202	208	77
8052	椿本興	188	190	187	190	16
8053	住友商	800	828	790	818	2535
8056	ユニシス	889	930	881	890	184.6
8057	内田洋	517	525	515	519	27
8058	三菱商	821	865	821	855	3033
8059	第一実	203	220	203	216	178
8060	キヤノン販	1190	1219	1180	1208	171
8061	西華産	167	185	167	185	1041
8063	日商岩井	144	146	141	146	32019
8064	金商	112	115	110	114	55
8065	佐藤商	397	397	395	397	3
8066	三谷商	0	0	0	0	0
8067	トミヤアパ	256	257	256	256	9
8068	菱洋エレク	1380	1400	1360	1372	33
8070	東京産	318	324	316	324	19
8071	東海物産	310	310	310	310	2
8072	出版貿	197	198	197	198	4
8073	Ｔ・ＺＯＮＥ	260	260	250	253	4
8074	ユアサ商	141	167	139	158	3428
8075	神鋼商	152	157	148	153	64
8076	カノークス	0	0	0	0	0
8077	小林産	195	195	195	195	4
8078	阪和興	130	131	127	129	1212
8079	正栄食	479	479	475	475	2
8080	ジョイス	1000	1000	1000	1000	1
8081	カナデン	448	456	448	456	5
8083	サンテレ	312	312	307	307	7
8084	菱電商	343	353	343	352	28
8085	ナラサキ産業	235	255	235	250	156
8086	ニプロ	1020	1120	1020	1120	383
8087	フルサト	349	365	349	365	2
8088	岩谷産	228	245	226	239	1507
8089	ナイス	242	255	242	254	392
8090	昭光通商	221	243	220	239	2082
8091	ニチモウ	142	148	142	143	122
8092	富士通シス	1360	1449	1360	1446	11.3
8093	極東貿易	429	437	429	437	49
8095	イワキ	201	204	198	198	16
8096	兼松エレク	644	700	643	685	322
8097	三愛石	381	412	380	408	185
8098	稲畑産	652	681	650	675	160
8101	ＧＳＩクレ	403	425	391	418	1235
8103	明和産	103	115	103	109	57
8105	丸正	132	132	132	132	1
8107	キムラタン	40	41	35	38	315
8109	山洋工	76	76	76	76	3
8110	川鉄商事	107	130	107	128	1130
8111	ゴルドウイン	126	128	124	128	44
8112	東スタイル	1225	1315	1210	1315	488
8113	ユニチャーム	5260	5370	5150	5150	159.4
8114	デサント	185	190	184	190	20
8115	ムーンバット	100	104	100	104	17
8116	ダーバン	192	197	189	195	432
8117	中央自	247	247	241	244	9
8118	キング	148	157	148	155	18
8119	三栄コ	270	272	270	272	7
8120	大木	215	215	215	215	1
8123	川辺	93	93	93	93	3
8125	ワキタ	251	251	247	250	15
8126	三光純薬	453	465	453	455	13
8127	ヤマトインタ	121	125	121	123	15
8128	エフワン	65	65	65	65	12
8129	東邦薬	380	381	380	381	6
8130	サンゲツ	1550	1580	1550	1580	8
8131	ミツウロコ	630	641	625	625	8
8132	シナネン	439	462	439	462	55
8133	伊藤忠エネ	470	480	470	480	112
8134	ＴＯＫＡＩ	645	650	640	650	45
8135	ゼット	128	128	128	128	1
8136	サンリオ	1580	1615	1551	1602	115.2
8137	サンワテク	0	0	0	0	0
8138	三京化	190	190	190	190	5
8139	ナガホリ	232	234	230	234	6
8140	リョーサン	1855	1855	1850	1850	25
8141	新光商	662	662	645	646	8
8142	トーホー	840	840	821	821	8
8143	ラピーヌ	93	108	93	106	147
8144	電響社	376	390	376	390	3
8145	中部水産	281	281	280	280	5
8146	小杉産	123	125	123	125	7
8147	トミタ	0	0	0	0	0
8148	上原成	280	280	271	271	6
8150	三信電	635	642	626	642	21
8151	東陽テク	2420	2420	2360	2380	44.2
8152	ソマール	255	255	255	255	2
8153	モスフード	905	929	905	929	14
8154	加賀電子	1410	1420	1410	1410	17
8155	三益半導	1370	1430	1369	1419	28.7
8156	ガステック	536	545	536	539	22
8157	都築電	360	360	350	350	9
8158	ソーダニッカ	193	194	190	190	5
8159	立花エレ	721	721	702	710	9
8160	木曽路	1220	1270	1220	1270	12.5
8161	エイデン	675	685	671	679	14
8163	サトＲＳ	694	696	694	696	6
8164	キャビン	96	104	96	96	227
8165	千趣会	526	526	520	522	27
8166	タカキュー	79	80	78	80	102
8167	丸久	0	0	0	0	0
8168	ケーヨー	486	496	482	485	18.5
8169	宝船	115	115	115	115	1
8170	アデランス	4000	4080	3860	4080	55.2
8171	ＭＶ中部	0	0	0	0	0
8172	第一家庭電器	94	100	90	100	2652
8173	上新電	280	286	280	283	10
8174	日ガス	627	649	627	649	5
8175	ベスト電	540	555	540	555	33
8176	西洋フードシス	350	359	350	356	14
8178	マルエツ	311	321	311	321	24
8179	ロイヤルＨＤ	1120	1134	1120	1125	30
8180	すかいらく	3680	3810	3670	3800	211
8181	東天紅	287	290	280	281	93
8182	いなげや	697	710	680	699	13
8183	セブン−イレブン	5280	5700	5250	5700	1917
8184	島忠	1680	1701	1680	1699	188.1
8185	チヨダ	490	490	480	485	6.5
8186	大塚家具	8000	8100	8000	8060	11.1
8188	ヨークベニ	2890	2930	2795	2920	28.8
8189	マツヤデンキ	225	225	216	216	25
8190	ヤマナカ	0	0	0	0	0
8191	光製作	0	0	0	0	0
8192	中川無線	72	72	72	72	19
8193	鈴丹	90	90	86	90	97
8194	ライフコーポ	770	790	751	751	7
8195	デニーズジャパン	1862	1889	1857	1857	9
8196	カスミ	409	410	407	407	12
8197	東急ストア	302	305	302	304	12
8199	デオデオ	745	790	745	768	70.4
8200	リンガハット	1190	1190	1171	1171	6.9
8201	さが美	288	291	288	291	17
8202	ラオックス	399	400	396	399	28
8203	ＭｒＭａｘ	327	336	325	335	13.6
8204	ジョナサン	1480	1500	1480	1500	8
8205	シャクリー	0	0	0	0	0
8206	アポロイン	0	0	0	0	0
8207	テンアライド	390	395	381	390	6.2
8208	エンチョー	0	0	0	0	0
8209	フレンドリ	540	540	535	535	3
8210	フットワーク	2	2	1	1	18
8211	相鉄ローゼ	473	480	473	476	5
8212	オーク	99	99	97	97	48
8214	アオキインタ	356	358	350	350	29
8215	銀座山形屋	189	189	189	189	1
8216	フォルクス	0	0	0	0	0
8217	オークワ	1256	1289	1256	1289	19
8218	コメリ	2450	2495	2450	2480	62.6
8219	青山商	1124	1150	1110	1140	148.9
8225	タカチホ	0	0	0	0	0
8226	理経	326	326	326	326	2
8227	しまむら	7600	8040	7600	7960	81.8
8228	マルイチ	0	0	0	0	0
8229	ＣＦＳコーポ	773	773	762	763	4
8230	はせがわ	680	680	680	680	3
8231	三越	493	525	490	522	3014
8232	東急百貨店	98	116	97	110	6900
8233	高島屋	921	960	912	960	943
8234	大丸	426	430	419	421	361
8235	松坂屋	260	273	260	270	46
8236	丸善	506	532	505	517	2114
8237	松屋	388	399	388	399	9
8238	伊勢丹	1387	1397	1367	1387	482
8239	横浜松坂屋	83	87	83	87	30
8240	サッポロライオン	635	635	635	635	1
8241	阪神百貨店	440	440	440	440	1
8242	阪急百	521	525	515	516	53
8244	近鉄百貨店	328	330	315	325	78
8245	丸栄	179	179	171	173	89
8247	大和	0	0	0	0	0
8248	ニッセン	264	270	252	252	57.4
8249	東洋物	680	680	680	680	1
8250	小松ストアー	0	0	0	0	0
8251	パルコ	391	393	385	392	47
8252	丸井	1773	1779	1724	1745	1351
8253	クレセゾン	2600	2610	2555	2595	984
8254	さいか屋	0	0	0	0	0
8255	原信	910	915	910	915	0.2
8256	プロルート	230	230	221	221	2.5
8257	山陽百	0	0	0	0	0
8258	ＯＭＣカード	398	405	398	401	349
8259	十字屋	65	71	65	68	944
8260	井筒屋	159	160	156	156	137
8261	ｼ鉄百貨店	0	0	0	0	0
8263	ダイエー	181	182	179	181	853
8264	イトーヨーカ堂	5980	6280	5960	6280	1269
8265	壽屋	96	98	95	98	34
8266	イズミヤ	388	389	375	380	174
8267	イオン	2690	2750	2660	2700	996
8268	西友	327	328	319	322	175
8269	マイカル	157	157	151	152	1296
8270	ユニー	1168	1177	1168	1170	140
8273	イズミ	860	880	860	880	52
8274	東武ストア	190	190	187	189	23
8275	フォーバル	1110	1140	1070	1090	14.6
8276	平和堂	716	725	716	723	6
8278	フジ	1874	1920	1874	1920	6.8
8279	ヤオコー	1237	1280	1237	1280	3.6
8280	富士冷機	343	353	343	353	4
8281	ゼビオ	1320	1330	1306	1329	20.8
8282	ギガスケーズ	1639	1650	1631	1650	9.3
8283	パルタック	765	768	765	765	25
8285	三谷産業	360	361	360	361	2
8287	ＭＶ西日本	0	0	0	0	0
8289	オリンピック	1899	1933	1897	1933	2.2
8290	デンコードー	610	620	610	615	7
8291	東日カーライフ	230	235	219	225	25
8293	愛トヨ	0	0	0	0	0
8295	キャノンシステム	628	630	625	626	37
8298	ファミリー	0	0	0	0	0
8299	大栄太源	0	0	0	0	0
8301	日銀	0	0	0	0	0
8305	みずほＨ	757000	776000	737000	773000	24.7
8306	三菱東京Ｆ	1260000	1300000	1230000	1300000	21.559
8307	ＵＦＪホールディング	785000	820000	777000	820000	21.715
8318	三井住友銀行	1150	1205	1139	1205	16667
8319	大和銀行	163	170	162	169	3418
8322	あさひ銀行	349	365	342	360	15926
8324	第四銀	385	396	385	392	75
8325	北越銀	270	279	263	278	70
8326	福岡銀	540	546	537	537	1650
8327	西日本シティ銀	430	444	430	444	66
8328	札幌北洋	661000	750000	661000	680000	0.21
8331	千葉銀	433	452	430	450	1571
8332	横浜銀	492	500	487	500	1115
8333	常陽銀	409	414	406	410	482
8334	群馬銀	554	578	554	578	92
8335	足利銀行	208	210	204	210	259
8336	武蔵銀	4420	4500	4400	4400	10
8337	千葉興	1200	1216	1149	1216	11.5
8338	関東つくば銀	1383	1390	1371	1371	2.4
8339	都民銀	1643	1644	1601	1644	16.9
8341	七十七	664	701	664	694	242
8342	青森銀	489	495	488	494	44
8343	秋田銀	442	447	441	442	55
8344	山形銀	547	574	547	574	23
8345	岩手銀	4310	4450	4310	4430	4.8
8346	東邦銀	402	406	400	400	61
8349	東北銀	214	226	214	219	13
8350	みちのく銀	679	699	671	697	29
8353	北海道銀行	115	121	115	117	139
8355	静岡銀	999	1006	986	995	810
8356	十六銀	500	520	500	518	70
8357	北陸銀行	229	238	229	238	178
8358	スルガ銀	789	795	780	785	371
8359	八十二	650	658	645	650	265
8360	山梨銀	367	380	367	380	33
8361	大垣共立	565	600	565	599	50
8362	福井銀	325	334	325	325	75
8363	北国銀	462	467	458	467	100
8364	清水銀	4300	4400	4300	4400	1.8
8365	富山銀	460	460	460	460	2
8366	滋賀銀	490	494	481	486	78
8367	南都銀	380	390	380	386	63
8368	百五銀	475	485	473	476	54
8369	京都銀	499	510	499	501	132
8370	紀陽銀	284	293	284	289	96
8371	近畿大阪銀	184	190	184	190	6
8372	泉州銀	280	290	280	290	3
8374	三重銀	485	485	479	485	17
8375	池田銀	5780	5940	5780	5850	6.7
8379	広島銀	405	418	405	413	124
8380	山口銀	709	729	699	725	52
8381	山陰合銀	620	650	618	630	82
8382	中国銀	840	860	840	860	87
8383	鳥取銀	353	363	353	355	27
8385	伊予銀	708	728	705	728	60
8386	百十四	640	650	639	649	71
8387	四国銀	650	670	650	650	45
8388	阿波銀	525	549	521	521	85
8390	鹿児銀	469	475	462	475	69
8391	親和銀行	360	370	360	365	49
8392	大分銀	584	595	581	589	71
8393	宮崎銀	388	414	388	396	40
8394	肥後銀	412	420	412	415	75
8395	佐賀銀	418	426	415	417	39
8396	十八銀	530	550	530	550	173
8397	沖縄銀	2230	2230	2120	2200	2
8399	琉球銀	1549	1549	1528	1540	3.8
8403	住友信	799	805	776	804	2893
8404	みずほ信託銀	103	105	102	103	1594
8408	中央三井信	238	239	232	237	2671
8421	信中金	380000	383000	376000	378000	0.138
8473	ＳＢＩＨＤ	2290000	2290000	2220000	2250000	0.119
8489	アプレック	295	295	295	295	2
8493	インター	999	999	980	980	1.6
8507	学研クレジット	615	615	610	610	3
8508	イッコー	225	225	215	225	22
8511	日証金	444	445	433	441	168
8512	大証金	214	219	214	219	22
8513	中証金	0	0	0	0	0
8515	アイフル	10300	10590	10300	10460	114.05
8518	アジア投資	290	293	279	283	349
8519	ポケットＣ	3570	3630	3550	3610	252.5
8520	殖産銀行	398	408	391	408	9
8521	長野銀	468	474	460	465	17
8522	名古屋銀	640	656	640	650	37
8527	愛知銀	7170	7180	7070	7180	1.7
8528	岐阜銀	155	155	155	155	24
8529	第三銀	459	460	445	445	17
8530	中京銀	435	439	429	429	13
8533	広島総合銀行	399	409	399	409	40
8536	東日銀	559	560	552	559	28
8537	大光銀	298	298	298	298	3
8539	福岡シティ銀	440	460	440	460	46
8541	愛媛銀	469	475	468	473	33
8542	トマト銀	373	373	373	373	1
8543	みなと銀	274	281	274	276	61
8544	京葉銀	309	315	305	314	41
8545	関西アーバン	155	155	155	155	2
8548	九州銀行	300	300	292	296	37
8549	せとうち銀行	388	400	388	400	4
8550	栃木銀	645	665	645	651	10
8551	北日銀	5400	5500	5290	5480	2.6
8552	びわこ銀	250	250	250	250	19
8556	香川銀	607	609	603	609	12
8558	東和銀	426	439	426	439	41
8561	徳島銀	683	700	683	700	13
8562	福島銀	347	348	340	347	21
8563	大東銀	342	343	339	343	20
8564	武富士	9540	9550	9320	9420	203.1
8565	三洋クレ	3650	3690	3590	3610	88.2
8566	リコーリース	2135	2160	2080	2140	38.4
8567	クレディア	2060	2090	2055	2055	10.3
8568	シンキ	1152	1210	1152	1194	19.2
8569	ユニココーポ	999	999	999	999	1
8570	イオンクレ	6200	6220	6140	6140	67.1
8571	ニッシン	2085	2095	2050	2055	22.6
8572	アコム	10060	10280	9920	10190	126.9
8573	三洋信販	4550	4570	4480	4530	61.5
8574	プロミス	9300	9350	9150	9300	208.4
8577	ロプロ	967	1024	964	1000	661.6
8579	東京リース	0	0	0	0	0
8580	ファーストクレジット	211	222	206	220	553
8583	日信販	226	232	222	228	1818
8584	ジャックス	335	338	330	338	130
8585	オリコ	223	227	220	222	1424
8586	日立キャピ	2650	2710	2640	2685	163.2
8588	セントラル	342	349	340	341	30
8589	アプラス	138	140	136	140	130
8591	オリックス	10000	10160	9900	10050	292.4
8592	住商リース	1205	1238	1205	1238	25
8593	ダイヤリース	1259	1270	1230	1236	21
8595	ジャフコ	12190	12800	12190	12500	51.3
8597	ＳＦＣＧ	14900	15000	14700	14880	9.39
8599	ＵＦＪセント	470	470	470	470	1
8601	大和証Ｇ	1201	1294	1201	1285	5764
8603	日興コーデ	915	938	896	937	10317
8604	野村ＨＤ	2375	2460	2330	2460	10858
8606	新光	400	410	395	409	1324
8607	みずほイン証	160	178	159	171	1099
8609	岡三ＨＤ	646	663	640	655	179
8610	さくらフレンド	234	245	233	237	219
8611	コスモ証	162	167	160	161	214
8613	丸三	512	523	512	518	74
8614	東洋	280	281	272	279	74
8615	三菱証	982	1014	975	1014	456
8616	東海東京	264	274	264	269	302
8617	光世	191	203	191	200	81
8621	ＵＦＪつばさ証券	383	394	383	389	183
8622	水戸	275	280	270	277	24
8623	ＳＭＢＣ証	250	256	250	256	21
8624	いちよし証	501	524	501	520	36
8625	高木	500	500	490	500	121
8626	マネックス	52100	52300	52000	52300	0.172
8627	イー・トレード	805000	805000	788000	790000	0.117
8691	証券代	0	0	0	0	0
8692	だいこう	356	360	351	360	22
8740	フジトミ	0	0	0	0	0
8741	スターフューチャーズ	0	0	0	0	0
8742	小林洋行	1290	1290	1280	1280	2.5
8743	ひまわり証	161	167	161	167	5
8744	日本ユニコム	0	0	0	0	0
8745	グローバリー	1250	1250	1250	1250	1
8746	第一商品	227	230	227	230	4
8747	豊商事	490	490	481	481	3
8748	岡藤商事	0	0	0	0	0
8749	エース交易	193	195	191	193	9
8751	東京海上火災	1286	1325	1276	1320	3866
8752	三井住友海上	680	701	676	701	2181
8753	住友海上火災	758	788	756	786	1853
8754	日本興亜	425	446	425	434	736
8755	損害保険Ｊ	670	679	666	677	1655
8756	日産火災海上	460	485	460	483	233
8757	日新火	253	268	251	268	104
8759	ニッセイ同和	412	439	411	439	714
8760	日動火災海上	803	839	803	832	333
8761	あいおい損保	400	415	395	415	561
8763	富士火	196	199	196	198	254
8764	太陽火災	0	0	0	0	0
8765	大成火災海上	363	380	363	370	17
8801	三井不	1300	1350	1292	1350	3894
8802	菱地所	1225	1265	1217	1258	8323
8803	平和不	280	298	280	298	675
8804	東建物	268	280	265	278	8880
8805	中央地	123	123	118	120	67
8806	ダイビル	865	905	860	882	83
8809	サンケビル	395	410	395	409	29
8810	港振興	0	0	0	0	0
8815	東急不	175	188	173	188	10081
8817	阪急不動産	375	394	375	388	52
8818	京阪神不	329	375	329	358	128
8821	立飛企	1750	1760	1750	1760	4
8830	住友不	653	684	643	680	9667
8832	小田急不	208	211	207	211	32
8833	東宝不	385	398	385	395	34
8834	藤和不	73	79	70	79	1858
8835	太平発	127	131	125	131	161
8836	ヒューネット	411	420	403	407	324
8838	有楽地	198	220	196	213	153
8839	ニチモ	100	107	97	106	483
8840	大京	184	215	184	215	3844
8841	テーオーシー	664	695	655	689	241
8842	楽天地	360	368	357	359	23
8844	リクコスモス	411	422	411	420	54
8845	セザール	212	225	211	222	300
8846	積和不動産	440	460	420	460	9
8848	レオパレス	333	335	325	330	157
8850	スターツ	0	0	0	0	0
8851	アバンライフ	162	162	162	162	1
8852	積和不動関西	322	340	322	333	24
8853	ダイヤシティ	310	315	310	315	17
8854	日住	204	225	204	225	20
8855	全日空ビル	122	122	122	122	4
8857	三井不動販売	512	560	511	553	167
8858	ダイア建	256	259	245	255	17
8860	フジ住	470	485	470	485	16
8863	積和不動中部	424	450	424	450	12
8864	空港施設	421	438	421	435	52
8865	神鋼興産	243	245	243	245	7
8866	コマーシャル	263	275	263	265	10
8867	横浜地下街	275	275	275	275	1
8868	ＵＲＢＡＮ	1980	2100	1950	2070	194
8869	明和地所	1980	2080	1961	2020	52.1
8870	住不販売	3500	3670	3500	3610	16.8
8871	ゴールドクレ	8380	8690	8300	8610	10.1
8872	エイブル	835	835	820	825	9
8873	積和不動中国	0	0	0	0	0
8874	ジョイント	3400	3720	3400	3650	8
8875	東栄住宅	1650	1660	1620	1650	5.3
8876	リロＨＤ	7380	7380	7250	7250	4.6
8877	エスリード	1021	1120	1010	1080	21.2
8878	日綜地所	1200	1240	1190	1200	29
8879	東急リバブル	766	780	765	775	20
8880	飯田産業	1500	1550	1490	1520	16.2
8881	日神不動産	1740	1780	1730	1760	18.3
8882	ゼファー	2480000	2500000	2480000	2480000	0.008
8884	ディックス	0	0	0	0	0
8886	ウッドフレン	530000	540000	530000	540000	0.019
8887	リベレステ	1420000	1420000	1420000	1420000	0.001
8888	クリード	830000	870000	794000	800000	1.71
8889	アパマン	985000	990000	914000	914000	0.182
9001	東武	374	380	367	377	731
9002	西武鉄道	1560	1610	1560	1599	63
9003	相鉄	272	283	272	278	123
9004	箱根登山鉄道	264	273	264	273	5
9005	東急	574	590	574	585	2338
9006	京急	512	518	504	516	975
9007	小田急	446	457	440	451	620
9008	京王	568	575	561	575	697
9009	京成	281	289	279	289	433
9010	富士急	395	403	395	403	16
9012	秩父鉄	240	240	240	240	2
9013	伊豆箱根鉄道	0	0	0	0	0
9014	新京成	263	270	263	270	7
9017	新潟交	270	270	270	270	10
9019	伊豆急行	1970	1970	1970	1970	0.1
9020	ＪＲ東日本	678000	682000	674000	682000	5.796
9021	ＪＲ西日本	541000	550000	541000	544000	1.221
9022	ＪＲ東海	788000	795000	773000	780000	0.992
9031	西鉄	280	290	280	285	111
9033	広電鉄	0	0	0	0	0
9034	南総通運	594	650	594	640	4
9036	東部ネット	0	0	0	0	0
9037	ハマキョウ	920	925	920	920	15
9038	東海西濃	290	290	290	290	1
9039	サカイ引越	2350	2360	2350	2350	1.4
9040	大宝運輸	0	0	0	0	0
9041	近鉄	469	475	460	465	780
9042	阪急ＨＤ	409	415	407	415	477
9043	阪神	293	297	293	297	113
9044	南海電	378	380	378	378	30
9045	京阪電	357	360	356	360	100
9046	神電鉄	430	430	430	430	4
9047	名糖運輸	1039	1050	1035	1050	8.2
9048	名鉄	319	330	318	330	584
9049	京福電	0	0	0	0	0
9050	三重交	0	0	0	0	0
9051	センコン物流	670	670	670	670	1
9052	山陽電	265	265	265	265	5
9053	中央運輸	241	242	241	242	2
9054	大和物流	405	410	405	410	3
9055	アルプス物流	575	575	575	575	1
9056	ヒューテック	1230	1230	1220	1220	2
9057	遠州トラック	0	0	0	0	0
9058	トランコム	410	410	410	410	1
9059	カンダ	0	0	0	0	0
9060	日ロジテム	0	0	0	0	0
9061	富士物流	203	203	203	203	6
9062	日通	540	551	536	550	3134
9063	岡県運送	0	0	0	0	0
9064	ヤマト運	2550	2580	2525	2545	1605
9065	山九	101	103	99	100	335
9066	日新	172	175	172	172	65
9067	丸運	180	186	178	179	9
9068	丸全運	217	217	213	214	34
9069	センコー	215	215	205	212	52
9070	トナミ	215	217	212	217	33
9072	日梱包	720	721	710	711	42
9073	京極運	0	0	0	0	0
9074	日石輸	200	206	200	206	16
9075	福山運	466	470	451	467	168
9076	西濃運	470	478	464	473	123
9077	名鉄運	0	0	0	0	0
9078	エスライン	270	270	260	260	3
9079	東急ロジ	0	0	0	0	0
9080	関東西濃	0	0	0	0	0
9081	神奈交	499	499	495	499	4
9082	大和自	218	218	218	218	2
9083	神姫バ	499	499	499	499	11
9086	日立物流	616	640	616	637	28
9087	タカセ	233	233	233	233	2
9088	濃飛西濃	0	0	0	0	0
9089	ロジパル	0	0	0	0	0
9101	郵船	505	528	501	516	2409
9104	商船三井	245	250	241	249	4194
9107	川崎汽	193	198	190	197	1824
9110	新和海	83	88	83	88	356
9113	乾汽船	71	71	70	71	7
9115	明治海	164	164	164	164	1
9119	飯野海	170	170	165	169	111
9123	太平海	55	57	55	57	145
9127	玉井船	43	44	39	44	51
9130	共栄タ	113	120	113	120	13
9132	第一汽	54	56	54	56	485
9133	東栄リーファ	0	0	0	0	0
9151	東京船舶	83	90	83	90	30
9152	関西汽	64	66	61	64	778
9171	栗林船	0	0	0	0	0
9173	東海汽	0	0	0	0	0
9174	ワンダーＴ	229	229	225	229	12
9176	佐渡汽	0	0	0	0	0
9178	日鉄物流	0	0	0	0	0
9179	川崎近海	170	170	169	169	7
9180	新和内航	0	0	0	0	0
9193	東京汽	326	326	326	326	1
9201	日本航空	455	463	448	450	8253
9202	ＡＮＡ	423	423	411	411	2716
9203	日本エアシス	3930	3930	3900	3910	1.7
9204	スカイマーク	136000	136000	133000	133000	0.02
9231	国際航	535	565	535	564	40
9232	パスコ	413	415	405	415	26
9233	アジア航	322	322	320	320	22
9301	三菱倉	990	1019	984	1019	332
9302	三井倉	242	250	239	250	864
9303	住友倉	325	339	324	339	1140
9304	渋沢倉	239	255	239	250	60
9305	ヤマタネ	129	132	128	129	57
9306	東陽倉	206	206	206	206	3
9307	杉村倉	450	450	450	450	1
9308	イヌイ建	390	390	390	390	45
9309	京神倉庫	300	300	300	300	1
9310	トランシティ	190	196	189	190	231
9311	アサガミ	0	0	0	0	0
9312	ケイヒン	144	146	143	145	9
9313	丸八倉	161	161	160	160	5
9314	品川倉	0	0	0	0	0
9317	オーナミ	0	0	0	0	0
9318	Ｊブリッジ	0	0	0	0	0
9319	中央倉	560	560	560	560	1
9320	三和倉	0	0	0	0	0
9321	アイロジステ	151	151	150	150	12
9322	川西倉	0	0	0	0	0
9323	ロジステック	205	209	205	209	7
9324	安田倉	361	361	361	361	1
9351	洋埠頭	149	158	147	150	83
9353	桜島埠	399	400	372	377	72
9355	リンコー	102	102	101	101	4
9357	名港海	0	0	0	0	0
9358	宇徳運	126	126	125	125	5
9359	伊勢湾	255	255	255	255	5
9360	鈴与シンワ	160	160	160	160	1
9361	伏木運	0	0	0	0	0
9362	兵機海	0	0	0	0	0
9363	大運	54	54	54	54	6
9364	上組	476	493	474	490	618
9365	トレーディア	0	0	0	0	0
9366	サンリツ	671	680	671	671	1.3
9367	大東港運	0	0	0	0	0
9368	キムラユニテ	640	640	640	640	3
9369	キユソ流通	1226	1226	1201	1205	2.8
9370	郵船航空	1600	1600	1570	1570	4.5
9373	ニッコウトラ	1140	1140	1140	1140	2
9374	軽貨急配	1650	1650	1618	1645	13
9375	近鉄エクス	1097	1101	1097	1100	6
9401	ＴＢＳ	2950	2980	2885	2950	490
9402	ＣＢＣ	911	912	910	910	1.6
9404	日テレ	39500	40000	38650	39400	36.03
9405	朝日放	9600	9600	9300	9300	2.57
9408	新潟放	0	0	0	0	0
9409	テレビ朝日	280000	289000	278000	287000	0.468
9432	ＮＴＴ	750000	762000	747000	760000	23.252
9433	ＫＤＤＩ	400000	401000	390000	395000	16.136
9434	ボーダフォン	2170000	2200000	2110000	2160000	0.342
9435	光通信	2110	2220	2110	2200	33.6
9436	沖縄セルラー	225000	228000	220000	228000	0.026
9437	ＮＴＴドコモ	2180000	2290000	2170000	2290000	14.322
9438	ＭＴＩ	373000	421000	373000	421000	0.326
9439	ビーアイジー	278000	280000	273000	273000	0.005
9441	ベルパーク	0	0	0	0	0
9442	ＪＳＡＴ	875000	890000	872000	888000	0.205
9443	インテックコミュ	556	556	556	556	3
9444	トーシン	265000	265000	254000	260000	0.007
9445	フォバルテレ	203000	204000	200000	200000	0.01
9449	ＧＭＯインター	1560	1600	1530	1560	33
9470	学研	165	165	159	159	161
9471	文渓堂	0	0	0	0	0
9472	エスコム	226	226	218	221	81
9473	アスキー	588	590	560	575	15
9474	ゼンリン	1350	1355	1338	1350	19.2
9475	昭文社	1250	1270	1245	1262	22.7
9476	中央経済	310	310	310	310	1
9477	角川ＨＤ	2735	2850	2710	2850	36.3
9478	翔泳社	879000	880000	830000	850000	0.051
9479	インプレスＨＤ	400000	401000	395000	395000	0.212
9501	東電	2750	2820	2750	2820	1233.2
9502	中部電	1993	2005	1981	1994	611.2
9503	関西電	1825	1865	1820	1845	524.6
9504	中国電	1700	1729	1700	1728	105.9
9505	北陸電	1561	1566	1545	1555	158.5
9506	東北電	1588	1603	1588	1593	291
9507	四国電	1725	1749	1725	1725	128.1
9508	九州電	1625	1642	1620	1626	188.5
9509	北海電	1550	1560	1542	1542	121.8
9511	沖縄電	1930	1940	1930	1940	1.9
9531	東ガス	341	348	338	346	6191
9532	大ガス	324	337	322	332	2847
9533	邦ガス	246	260	246	260	174
9534	北ガス	227	228	226	226	16
9535	広ガス	275	275	275	275	1
9536	西部ガス	165	166	164	164	264
9537	北陸ガ	310	310	310	310	4
9539	葉ガス	276	276	276	276	1
9540	中ガス	230	230	230	230	1
9541	大多喜ガス	312	312	312	312	1
9542	新日ガス	0	0	0	0	0
9600	アイネット	567	567	555	555	10
9601	松竹	492	499	488	495	31
9602	東宝	14100	14140	13800	13810	9.7
9603	ＨＩＳ	2560	2660	2550	2560	31.1
9604	際放映	0	0	0	0	0
9605	東映	402	410	391	410	400
9607	葵プロ	880	880	830	830	16
9608	福山コンサル	0	0	0	0	0
9609	ベンチャーリ	7590	7920	7590	7750	19.4
9610	ウィルソン	3040	3040	3000	3000	0.2
9611	Ｄワンダー	1010	1010	1000	1000	3
9612	ラックランド	0	0	0	0	0
9613	ＮＴＴデータ	603000	630000	599000	629000	6.287
9614	ベルシス24	46900	46900	45950	46400	3.06
9615	東京美装	423	423	423	423	4
9616	共立メンテ	2700	2700	2700	2700	1.1
9618	エームサービス	1150	1170	1150	1170	2
9619	イチネン	0	0	0	0	0
9620	スクウェア	2500	2510	2455	2490	29.6
9621	建設技研	609	630	600	630	5.2
9622	スペース	445	446	431	431	1.9
9623	キヤノンソフ	0	0	0	0	0
9624	長大	364	368	364	368	1.5
9625	セレスポ	158	165	158	165	5
9626	日本技開	200	200	200	200	2
9627	アインファマ	0	0	0	0	0
9628	燦ＨＤ	3660	3700	3660	3700	4.9
9629	ＰＣＡ	1201	1201	1200	1200	5.5
9630	アップ	315	315	315	315	3.5
9631	東急レク	590	590	590	590	4
9632	スバル	348	349	342	342	8
9633	テアトル	167	170	166	168	45
9634	修学社	390	400	390	390	3
9635	武蔵野	0	0	0	0	0
9636	きんえい	0	0	0	0	0
9637	オーエス	0	0	0	0	0
9638	情報技術	0	0	0	0	0
9639	三協フロンテ	425	436	425	425	24
9640	セゾン情報	800	800	800	800	2
9641	サコス	110	110	105	109	7.9
9642	コマスタ	0	0	0	0	0
9643	中日興	0	0	0	0	0
9644	タナベ経営	325	325	313	313	2.2
9645	ダイヤモンドコン	1030	1045	1029	1045	32.6
9646	タイトー	74600	74600	72500	73000	0.075
9647	協和コンサル	0	0	0	0	0
9648	ウエスコ	272	272	271	272	2.7
9649	明電エンジニア	568	589	568	588	18.5
9650	テクモ	1450	1480	1430	1465	16.2
9651	日本プロセス	525	525	500	500	14
9652	日本医療	1240	1290	1200	1260	8.2
9653	ＳＢＩパートナ	400	400	400	400	13
9654	コーエー	4100	4180	4100	4140	7.8
9656	三井ランド	580	580	580	580	0.2
9657	コムテック	351	352	351	352	2
9658	ビジ太田昭	0	0	0	0	0
9660	ＣＲＣソリュ	0	0	0	0	0
9661	歌舞伎	0	0	0	0	0
9663	ナガワ	700	700	660	660	7
9664	御園座	1000	1000	1000	1000	1
9665	吉本興	930	962	921	962	22
9667	ホリプロ	651	652	650	650	6
9668	相鉄企業	450	450	450	450	1
9669	オークネット	2500	2500	2390	2390	9.6
9671	よみランド	381	388	381	388	30
9672	東競馬	110	113	110	111	127
9673	甲子園土地	0	0	0	0	0
9674	花月園	200	200	200	200	1
9675	常磐興	147	148	147	148	52
9676	松戸公産	413	413	413	413	6
9677	日本ジャンボ	506	506	501	501	3.1
9678	カナモト	500	503	499	501	15
9679	ホウライ	0	0	0	0	0
9680	共成レンテム	570	570	551	560	4
9681	東京ドーム	405	409	398	408	340
9682	ＤＴＳ	5690	5800	5600	5780	8.8
9684	スク・エニ	3040	3130	3040	3130	26.2
9685	共同コンＨＤ	0	0	0	0	0
9686	東洋テック	376	376	376	376	32
9687	ＫＳＫ	405	405	405	405	1
9689	グリンハウス	0	0	0	0	0
9691	両毛システム	930	930	930	930	1
9692	シーイーシー	1180	1180	1155	1170	19
9694	日立ソフト	7200	7200	6890	7000	149.6
9695	鴨川グランド	0	0	0	0	0
9696	ウィザス	300	300	290	300	24
9697	カプコン	3690	3730	3670	3710	149.7
9698	クレオ	0	0	0	0	0
9699	西尾レント	736	760	736	760	17.3
9700	エスアールエル	1300	1350	1300	1340	20
9701	会舘	239	239	239	239	1
9702	アイエスビー	800	818	791	818	4
9703	ジェネラスコーポ	99	108	99	108	333
9704	東海観	56	58	55	57	618
9706	日本空港ビル	1199	1250	1190	1249	62
9707	メデカＪ	753	753	731	731	17
9708	帝ホテル	0	0	0	0	0
9709	日コンピュタ	0	0	0	0	0
9711	日コンシス	0	0	0	0	0
9712	ファイ	179	182	175	176	211
9713	ロイヤルホ	220	238	220	238	19
9714	ＳＲＡ	1290	1300	1270	1270	1.1
9715	トランスコス	5580	5750	5580	5750	53
9716	乃村工芸社	336	337	331	331	11
9717	ジャステック	3790	3850	3750	3850	1.9
9718	国際観光会館	0	0	0	0	0
9719	住商情報	4640	4700	4570	4640	49
9720	グランド	0	0	0	0	0
9722	藤田観	559	560	550	550	17
9723	京都ホ	0	0	0	0	0
9724	新阪急ホテル	392	414	362	414	117
9725	東急ホテル	180	184	179	182	284
9726	近ツーリスト	306	314	300	314	148
9727	東急観光	125	130	125	130	5
9728	日本管財	1835	1836	1799	1800	12.2
9729	トーカイ	0	0	0	0	0
9730	ワオコーポ	0	0	0	0	0
9731	白洋舎	355	355	355	355	3
9732	東映ラボ	221	221	221	221	1
9733	ナガセ	0	0	0	0	0
9734	精養軒	0	0	0	0	0
9735	セコム	7040	7390	7040	7390	509.5
9736	白青舎	0	0	0	0	0
9737	ＣＳＫ	2900	2950	2850	2910	455.6
9738	インテック	1051	1100	1050	1097	44
9739	ＮＳＷ	5750	5800	5560	5690	5.6
9740	ＣＳＰ	586	586	586	586	1
9741	日立情報	3010	3010	2930	2930	31
9742	アイネス	1150	1202	1148	1195	52.7
9743	丹青社	395	396	395	396	7
9744	メイテック	4200	4300	4100	4300	45.7
9746	ＴＫＣ	1970	2000	1960	1999	13.2
9747	アサツーＤＫ	2820	2840	2730	2750	34.1
9748	ＮＪＫ	516	516	516	516	1
9749	富士ソフト	6500	6780	6500	6630	108.6
9750	ソラン	1709	1732	1690	1720	39
9751	ＴＩＳ	4230	4300	4100	4300	76.7
9752	ナムコ	2060	2130	2040	2110	219
9753	ＩＸナレッジ	558	558	550	553	7
9755	応用地質	1200	1230	1200	1230	8.3
9756	ＡＳＫ	569	569	520	526	14
9757	船井研	570	579	560	560	8
9758	ジシステム	431	431	431	431	2
9759	日システムデ	6500	6550	6360	6370	64.3
9760	進学会	0	0	0	0	0
9761	東海リース	164	164	160	160	37
9762	大和リース	329	334	326	334	47
9763	丸紅リ	80	85	77	83	113
9764	技研興	0	0	0	0	0
9765	オオバ	0	0	0	0	0
9766	コナミ	5700	5780	5600	5750	380.7
9767	日建工学	250	250	250	250	3
9768	国土環境	640	640	640	640	1
9769	学究社	0	0	0	0	0
9776	札臨	0	0	0	0	0
9777	日電計算	1335	1335	1281	1320	7.5
9778	昴	410	420	410	410	5
9779	メフォス	0	0	0	0	0
9780	ビステム	0	0	0	0	0
9781	石川島汎サ	0	0	0	0	0
9782	ＤＭＳ	0	0	0	0	0
9783	ベネッセ	4580	4780	4530	4690	84.1
9784	日工検	0	0	0	0	0
9785	大新東	220	220	220	220	2
9786	キャッツ	3520	3520	3450	3490	13
9787	Ｊメンテ	1100	1140	1080	1130	18.3
9788	ナック	688	695	676	690	12.9
9789	栄光	0	0	0	0	0
9790	福井コン	690	690	690	690	1.5
9791	ビケンテクノ	489	489	489	489	2
9792	ニチイ学館	4720	4850	4710	4780	35.4
9793	ダイセキ	1690	1730	1690	1701	10.7
9794	カラカミ観光	540	540	539	539	4
9795	ステップ	740	740	740	740	3
9796	ダイテック	1000	1010	990	990	3.1
9797	大日本コン	272	279	272	279	1.6
9799	旭情報	1008	1009	1008	1009	2
9810	日鉄商	84	85	84	85	17
9811	アスティス	0	0	0	0	0
9812	テーオー	0	0	0	0	0
9813	トッキ	3650	3660	3260	3300	172
9814	アシックス商	0	0	0	0	0
9815	カテナ	731	740	730	733	48
9816	バーテックス	263	265	263	263	6
9817	ゴトー	0	0	0	0	0
9818	大丸エナ	0	0	0	0	0
9820	エムティＧ	0	0	0	0	0
9822	なが多	60	61	55	59	815
9823	マミーマート	1110	1110	1110	1110	0.3
9824	泉州電	641	642	641	642	1.5
9825	アズウェル	580	595	576	595	6
9826	ＪＥＵＧＩＡ	0	0	0	0	0
9827	リリカラ	145	145	145	145	21
9828	元気寿司	1250	1250	1170	1170	6
9829	ながの東急	0	0	0	0	0
9830	トラスコ中山	1327	1350	1318	1339	10.8
9831	ヤマダ電	8400	8400	8160	8160	83.3
9832	オートバクス	2795	2830	2765	2800	29.3
9833	エルクコーポ	0	0	0	0	0
9834	リオチェン	409	409	409	409	0.1
9835	ジュンテン	0	0	0	0	0
9836	リーバイス	465	465	461	461	2
9837	モリト	0	0	0	0	0
9838	トラベラー	0	0	0	0	0
9839	ゲッツブラザーズ	600	615	600	615	4.5
9840	ホーマック	930	930	919	925	23.3
9841	ＢＭＢ	638	645	615	640	733
9842	アークランド	1120	1120	1120	1120	5
9844	ユーエスシー	1120	1120	1110	1110	4
9845	パーカー	0	0	0	0	0
9846	天満屋ス	0	0	0	0	0
9847	ソリスト	1370	1410	1350	1410	8
9848	トヨタカローラ岐阜	0	0	0	0	0
9849	河内屋紙	490	490	490	490	2
9850	グルメ杵屋	847	849	835	849	5
9852	中央物産	0	0	0	0	0
9853	銀座ルノア	0	0	0	0	0
9854	愛眼	872	909	872	902	8.5
9855	くろがねや	328	329	326	328	15
9856	ケーユー	708	708	708	708	0.2
9857	英和	327	327	327	327	0.5
9858	明光商会	1500	1550	1500	1550	3.1
9859	ユーストア	899	899	890	890	5
9860	岐阜日野	0	0	0	0	0
9861	吉野家ディー	175000	175000	171000	171000	0.484
9862	メモレックス・テレ	156	158	156	158	2
9864	ナカイ	0	0	0	0	0
9865	日商エレク	3100	3230	3060	3200	94
9867	ソレキア	380	385	375	385	9
9868	トリイ	0	0	0	0	0
9869	加藤産	0	0	0	0	0
9870	ハナテン	1800	1800	1800	1800	0.1
9871	イトーキ	267	270	267	270	7
9872	北恵	0	0	0	0	0
9873	ケンタッキー	2250	2340	2250	2340	97
9875	マツモトキヨ	3840	3840	3730	3730	45.7
9876	コックス	0	0	0	0	0
9877	マルフル	129	130	129	130	4
9878	セキド	390	390	390	390	1
9879	フタタ	0	0	0	0	0
9880	イノテック	1710	1720	1670	1700	40.8
9882	イエロハット	870	885	864	885	13
9883	富士エレ	1086	1086	1006	1026	6
9884	都築電産	0	0	0	0	0
9885	シャルレ	590	590	590	590	3
9887	松屋フーズ	2360	2460	2350	2410	38.4
9888	ＵＥＸ	395	395	360	360	4
9889	ＪＢＣＣ	1260	1279	1240	1242	42
9890	マキヤ	0	0	0	0	0
9892	卑弥呼	0	0	0	0	0
9893	ホームワイド	388	388	380	380	7
9894	アトル	0	0	0	0	0
9895	コンセック	315	315	310	310	8
9896	Ｊ建材	549	549	549	549	1
9897	ユニダックス	750	750	720	720	17
9898	サハダイヤ	62	62	59	59	229
9899	サンデサン	0	0	0	0	0
9900	サガミ	883	900	881	900	8
9901	宮	0	0	0	0	0
9902	日伝	0	0	0	0	0
9903	カンセキ	0	0	0	0	0
9904	ベリテ	192	193	192	193	3
9905	コージツ	120	120	120	120	1
9906	藤井産業	0	0	0	0	0
9907	大電社	0	0	0	0	0
9908	日本電計	530	530	525	525	2
9909	愛光電気	0	0	0	0	0
9911	真電	0	0	0	0	0
9912	ダイワボ情	1255	1297	1249	1297	26.5
9913	日邦産業	250	250	250	250	2
9914	植松商会	0	0	0	0	0
9916	バイタルＮ	750	750	736	750	7.7
9917	マツモト電器	0	0	0	0	0
9918	ダイワラクダ	360	360	360	360	1
9919	関西スーパ	505	505	505	505	1
9920	シービーエム	870	870	870	870	0.2
9921	ギガス	0	0	0	0	0
9922	日立機材	505	505	505	505	0.5
9923	ダイトーエム	375	375	375	375	1
9924	ドミー	470	470	470	470	3
9925	北の家族	480	480	480	480	8
9926	ダイカ	355	355	320	320	10
9927	ワットマン	320	320	310	310	7
9928	ミロク情報	739	740	730	730	8
9929	平和紙業	500	500	500	500	3
9930	北沢産	203	203	195	200	19.5
9931	家族亭	0	0	0	0	0
9932	杉本商	513	530	511	530	6
9934	因幡電産	1300	1301	1300	1301	0.5
9935	あずみ	286	286	286	286	1
9936	王将フード	970	970	921	921	7
9937	セシール	910	910	900	910	4.4
9938	住金物産	90	92	88	92	157
9939	すみや	0	0	0	0	0
9941	太洋物産	171	171	171	171	8
9943	ココス	600	600	600	600	2
9944	インパクト	1254	1260	1249	1250	3.9
9945	プレナス	5090	5100	5000	5000	1.1
9946	ミニストップ	1900	1910	1875	1875	19
9947	シムリー	701	720	701	720	1.9
9948	アークス	740	740	740	740	2
9949	タイヨー	0	0	0	0	0
9950	ハチバン	0	0	0	0	0
9951	カーマ	520	520	510	510	9
9952	ドトール	7900	7990	7890	7920	11.9
9953	ダイキ	1200	1201	1180	1180	5.8
9954	東京小僧寿し	483	485	482	482	4
9955	ヨンキュウ	2000	2000	1980	2000	2.2
9956	バロー	0	0	0	0	0
9957	バイテック	1480	1480	1450	1480	5.9
9958	サリ	0	0	0	0	0
9959	アシード	700	700	700	700	1.2
9960	東テク	415	420	415	420	2
9961	エムオーテック	0	0	0	0	0
9962	駿河製機	7100	7450	7100	7370	43
9963	江守商事	0	0	0	0	0
9964	アイ・テック	0	0	0	0	0
9965	福原	390	390	390	390	1
9966	藤久	1350	1350	1350	1350	0.8
9967	堺商事	0	0	0	0	0
9968	イチヤ	589	589	545	570	314
9969	ショクブン	755	755	755	755	1
9970	東洋オフィス	0	0	0	0	0
9971	カウボーイ	540	550	535	550	23
9972	アルテック	687	700	687	699	3.7
9973	小僧本部	1150	1150	1150	1150	2
9974	ベルク	0	0	0	0	0
9975	マルヤ	0	0	0	0	0
9976	セキチュー	0	0	0	0	0
9977	アオキスーパ	0	0	0	0	0
9978	文教堂	900	900	900	900	6
9979	大庄	1220	1265	1220	1265	13
9980	マルコ	620	627	620	627	5.7
9981	ニック産業	0	0	0	0	0
9982	タキヒヨー	457	457	457	457	1
9983	ファストリ	20200	22390	20200	21400	192.4
9984	ソフトバンク	4570	4610	4490	4520	2605.2
9985	榮太郎	750	750	750	750	4
9986	蔵王産業	0	0	0	0	0
9987	スズケン	2810	2850	2790	2820	75.6
9988	神港魚類	0	0	0	0	0
9989	サンドラッグ	4390	4410	4350	4400	10.5
9990	東京デリカ	0	0	0	0	0
9991	ジェコス	289	297	285	290	13.8
9992	理研グリン	0	0	0	0	0
9993	ヤマザワ	0	0	0	0	0
9994	やまや	470	470	470	470	0.3
9995	イーストン	600	600	560	590	10
9996	サトー商会	0	0	0	0	0
9997	ベルーナ	3300	3450	3200	3400	71.9
