20010104
1001	日経２２５	13898	13991	13668	13691	34.878
1002	ＴＯＰＩＸ	1294	1304	1277	1281	34.878
1301	極洋	142	142	137	139	193
1319	日経300F	281	281	263	263	294
1331	ニチロ	242	242	229	230	614
1332	日水	177	180	172	178	366
1333	マルハ	128	130	124	125	504
1351	宝幸水産	62	64	62	62	118
1352	ホウスイ	80	80	73	73	5
1376	カネコ種	0	0	0	0	0
1377	サカタタネ	1820	1848	1800	1800	22
1378	雪国まいたけ	600	600	600	600	1
1379	ホクト	3970	3970	3770	3770	8
1380	秋川牧園	600	600	600	600	1
1381	アクシーズ	501	501	501	501	1
1491	中外鉱	140	140	127	136	2967
1501	三井鉱山	86	86	83	83	151
1503	住友炭	59	60	58	59	57
1515	日鉄鉱	230	235	228	228	48
1518	三井松島	146	147	145	146	35
1601	帝石	471	474	452	456	234
1603	アラビア石油	867	870	824	831	476.2
1661	ガス開	493	493	490	490	24
1701	昭和鉱	230	230	220	220	7
1702	共立マテリア	0	0	0	0	0
1735	伊田テクノス	0	0	0	0	0
1736	オーテック	0	0	0	0	0
1737	三井エンジ	0	0	0	0	0
1738	ＮＩＴＴＯＨ	0	0	0	0	0
1739	ＳＥＥＤ	307000	317000	307000	317000	0.003
1740	極東工業	0	0	0	0	0
1741	ミサワサンイ	0	0	0	0	0
1742	セコムテクノ	2540	2540	2540	2540	3
1743	コーアツ工業	0	0	0	0	0
1744	キョーエイ	0	0	0	0	0
1745	ミサワホーム東海	0	0	0	0	0
1748	ミサワ北日	0	0	0	0	0
1750	カナック	0	0	0	0	0
1751	日立プラサ	0	0	0	0	0
1752	富士通シス	1021	1021	1020	1020	4
1753	土屋ツバイ	0	0	0	0	0
1754	東新住建	655	655	655	655	1
1755	JFE工建	0	0	0	0	0
1756	和興エンジ	0	0	0	0	0
1757	千年の杜	233	233	233	233	3
1758	太洋基礎	410	415	410	415	4
1759	ジオトップ	0	0	0	0	0
1762	高松建設	0	0	0	0	0
1763	北陸ミサワ	0	0	0	0	0
1764	工藤建設	238	238	238	238	1
1765	イビデンテック	290000	290000	290000	290000	0.001
1766	東建コーポ	910	910	910	910	1
1767	沖ウィン	0	0	0	0	0
1768	ソネック	0	0	0	0	0
1770	藤田エンジ	445	445	440	440	2
1772	東北エンタープライズ	0	0	0	0	0
1774	機動建	0	0	0	0	0
1775	富士電Ｅ＆Ｃ	229	229	229	229	7
1776	三井住建道路	82	82	81	81	6
1777	川崎設備	400	400	400	400	9
1778	古河総設	0	0	0	0	0
1779	松本建工	0	0	0	0	0
1780	ヤマウラ	338	348	338	348	1
1781	国土総合	0	0	0	0	0
1782	常磐開発	202	202	202	202	3
1783	南野建設	0	0	0	0	0
1784	サワコー	23	25	23	24	40.7
1785	ナナボシ	0	0	0	0	0
1786	オリ建	378	378	362	362	3.9
1787	ナカボテック	0	0	0	0	0
1788	三東工業	0	0	0	0	0
1789	山加電業	0	0	0	0	0
1790	平和奥田	0	0	0	0	0
1791	三井木材	91	102	90	90	37
1792	みらい建設Ｇ	190	190	185	185	5
1793	大本組	655	655	655	655	1
1795	マサル	0	0	0	0	0
1796	トヨタウッド	230	230	225	225	2.9
1797	藤木工務店	0	0	0	0	0
1798	守谷商会	0	0	0	0	0
1799	第一建設	0	0	0	0	0
1800	利塚地下技術	200	200	200	200	1
1801	大成建	227	228	211	215	1048
1802	大林組	484	492	478	478	407
1803	清水建	348	348	328	332	402
1804	佐藤工業	46	47	41	41	392
1805	飛島建	50	50	45	45	398
1806	ACリアル	36	37	35	35	321
1807	渡辺組	0	0	0	0	0
1808	長谷工	37	37	35	36	1407
1809	富士工	42	42	42	42	34
1810	松井建	313	313	303	303	34
1811	銭高組	199	199	199	199	2
1812	鹿島	322	322	312	316	599
1813	不動建	107	107	104	105	56
1814	大末建	40	41	40	40	88
1815	鉄建	99	100	97	100	45
1816	安藤建	194	194	182	182	14
1817	勝村建	117	117	115	115	49
1818	日産建設	78	78	75	77	11
1819	太平工	122	124	120	121	44
1820	西松建	397	397	375	376	701
1821	三井住友建	59	60	55	55	738
1822	大豊建	135	135	134	134	39
1823	住友建設	65	67	65	66	55
1824	前田建	403	405	380	380	85
1825	環境建設	102	103	99	100	99
1826	佐田建	112	112	112	112	12
1827	ナカノフドー建	68	70	68	68	19
1828	田辺工業	0	0	0	0	0
1829	大和建設	61	62	58	58	11
1830	共栄冷機工業	0	0	0	0	0
1831	積水ハ北陸	660	660	660	660	1
1833	奥村組	384	384	362	365	141
1834	小田急建	229	229	229	229	0.5
1835	東鉄工	211	225	211	225	14
1836	大日本土木	143	143	138	139	11
1837	間組	51	51	46	48	463
1838	古久根建設	70	70	66	66	17
1839	真柄建	131	131	131	131	14
1840	土屋ホーム	255	255	255	255	0.7
1841	サンユ	395	395	395	395	1
1842	昭和テクノ	0	0	0	0	0
1844	大盛工業	89	89	89	89	10
1845	森本組	120	120	120	120	2
1846	鈴縫工	0	0	0	0	0
1847	イチケン	95	99	95	99	12
1848	富士ＰＳ	510	510	510	510	1
1850	南海辰村建	70	70	70	70	10
1851	大木建設	224	227	220	227	19
1852	浅沼組	122	138	122	125	37
1853	森組	0	0	0	0	0
1854	新井組	97	100	96	97	15.2
1855	東急建設	69	69	65	67	143
1856	ジェイオー建設	0	0	0	0	0
1857	松村組	85	95	85	87	68
1858	井上工	95	96	91	95	42
1860	戸田建	529	529	497	515	144
1861	熊谷組	47	47	41	43	4588
1862	横河工事	0	0	0	0	0
1863	テトラ	191	191	175	185	20
1865	青木あすなろ建	140	140	127	127	5
1866	北野建	215	220	208	208	70
1867	植木組	187	187	187	187	5
1868	三井ホーム	415	415	400	400	10
1869	名工建	0	0	0	0	0
1870	矢作建	360	378	360	378	3
1871	ピーエス三菱	366	366	336	336	6.5
1872	アゼル	186	186	181	183	35
1873	東ハウス	317	317	316	316	11
1874	佐藤秀	99	100	99	100	10
1875	青木マリン	0	0	0	0	0
1877	川田建設	0	0	0	0	0
1878	大東建	2090	2105	2010	2070	226.1
1879	新日本建	201	209	201	209	3
1880	スルガコーポ	0	0	0	0	0
1881	ＮＩＰＰＯ	495	495	481	481	36
1882	東亜道	194	194	185	191	8
1883	前田道	469	469	459	463	113
1884	日道路	152	152	151	151	40
1885	東亜建	133	134	128	132	612
1886	青木建設	33	33	31	31	552
1888	若築建	94	94	90	93	40
1889	佐伯建	115	116	115	116	3
1890	東洋建	63	63	62	62	32
1892	徳倉建	269	269	269	269	3
1893	五洋建	137	137	134	136	130
1895	大成ロテック	151	151	148	148	30
1896	大林道	239	246	235	235	12
1897	金下建	498	498	498	498	3
1898	世紀東急	74	74	72	73	11
1899	福田組	270	270	260	260	10
1900	白石	290	300	290	300	3
1902	山崎建設	250	260	250	260	5
1904	大成温調	310	310	310	310	1
1905	テノックス	0	0	0	0	0
1906	細田工務	290	290	290	290	1
1907	東北ミサワ	597	597	597	597	1
1908	三平建設	370000	370000	370000	370000	0.001
1910	フドウ建研	0	0	0	0	0
1911	住友林	790	790	762	774	76
1912	ミサワセラミ	395	395	395	395	1
1913	旭ホームズ	0	0	0	0	0
1914	日基技	406	406	392	392	6.4
1915	東京ミサワホーム	0	0	0	0	0
1916	日成ビルド	111	112	111	112	17
1917	ニッセキハウス	115	116	110	114	189
1919	エスバイエル	235	236	233	235	76
1920	殖産住宅相互	58	58	56	56	102
1921	巴	0	0	0	0	0
1922	大成ユーレック	94	98	94	98	45
1923	ミサワホーム	303	309	301	301	95
1924	パナホーム	729	729	706	715	70
1925	大和ハウス	730	731	703	727	931
1926	ライト	381	391	380	383	39.6
1927	中 部	0	0	0	0	0
1928	積ハウス	1012	1019	985	985	1464
1929	日特建	153	153	150	150	50
1930	北陸電工	309	309	304	304	6
1931	日本電通	0	0	0	0	0
1932	コミュチュア	442	442	416	416	6
1933	西シス建	0	0	0	0	0
1934	ユアテック	365	365	358	358	15
1935	ＴＴＫ	218	218	218	218	16
1936	シーキューブ	260	265	255	256	2.7
1937	西部電工	268	268	268	268	13
1938	千歳電	0	0	0	0	0
1939	四電工	375	375	370	370	7
1940	つうけん	200	200	200	200	6
1941	中電工	1500	1500	1470	1488	28
1942	関電工	597	604	596	596	66
1943	大明	755	755	719	719	30
1944	きんでん	667	691	662	673	120
1945	東京エネシス	360	360	358	358	5
1946	トーエネク	443	443	422	423	11
1947	日本コムシス	2090	2090	1990	2020	93
1948	弘電社	385	385	385	385	1
1949	住友電設	490	493	476	476	5.9
1950	電設工	325	325	320	320	8
1951	協エクシオ	1200	1200	1161	1170	100
1952	新日空調	363	363	353	355	1.9
1953	国際電設	0	0	0	0	0
1954	日工営	204	204	201	201	40
1955	東電通	305	306	304	305	48
1956	日電設	346	347	340	346	18
1957	保安工	0	0	0	0	0
1958	三和エレック	230	230	229	230	7
1959	九電工	345	347	335	335	47
1960	サンテック	310	310	309	309	6
1961	三機工	501	504	496	496	83
1962	エルゴテック	125	125	125	125	7
1963	日揮	785	789	731	750	651
1964	中外炉	272	272	260	260	14
1965	テクノ菱和	485	509	485	509	4.1
1966	高田工	0	0	0	0	0
1967	ヤマト	267	269	267	269	2
1968	太平電	249	249	246	247	51
1969	高砂熱	790	790	737	763	39
1970	日立プラ	279	279	272	274	37
1971	ビルト工	75	75	75	75	6
1972	三晃金	107	114	104	114	72
1973	ＮＥＣシス建	2340	2350	2300	2310	29
1974	宮地建設工業	193	200	185	185	26
1975	朝日工	250	250	248	249	16
1976	明星工	115	115	109	110	14
1977	ジェイコス	0	0	0	0	0
1978	アタカ	227	227	225	225	11
1979	大気社	710	710	702	707	15
1980	ダイダン	445	450	445	450	7
1981	協和日成	0	0	0	0	0
1982	日比谷設	436	441	436	436	16
1983	東芝プラ	216	218	215	215	72
1984	三信建	0	0	0	0	0
1985	大和電設	0	0	0	0	0
1986	日商インター	430	430	420	420	3.2
1987	ソルコム	0	0	0	0	0
1988	シボンド建	1600	1600	1523	1540	14.6
1989	北陸電話	0	0	0	0	0
1990	東邦建	0	0	0	0	0
1991	都築通技	0	0	0	0	0
1992	神田通機	0	0	0	0	0
1993	ニッタン	197	197	197	197	5
1994	高橋ウォール	0	0	0	0	0
1995	鈴木工務店	0	0	0	0	0
1996	三菱建設	181	181	181	181	3
1997	暁飯島工業	0	0	0	0	0
1998	日本土建	0	0	0	0	0
2001	日本粉	246	249	243	243	209
2002	日清粉	981	985	950	960	137
2003	日東粉	204	204	200	200	7
2004	昭和産	180	181	180	180	62
2006	東福粉	0	0	0	0	0
2007	富士粉	160	160	155	155	2
2008	増田粉	192	192	192	192	2
2009	鳥越粉	326	329	326	329	5
2051	農産工	171	173	167	167	81
2052	協同飼	105	107	105	107	67
2053	中部飼	0	0	0	0	0
2055	日和産	0	0	0	0	0
2056	日配飼	117	117	114	115	75
2057	雪印種	461	461	461	461	1
2102	台糖	235	235	221	221	13
2107	東洋糖	108	108	104	104	27
2108	甜菜糖	136	136	133	134	191
2109	三井糖	200	204	200	204	78
2111	フジ製糖	0	0	0	0	0
2112	塩水糖	245	245	235	235	4
2113	新光糖	0	0	0	0	0
2114	フジ日本精糖	0	0	0	0	0
2116	日新糖	126	126	124	124	7
2201	森永	234	235	230	230	231
2202	明菓	653	653	636	639	221
2204	中村屋	273	273	265	265	7
2205	駿河屋	0	0	0	0	0
2206	グリコ	690	690	677	677	38
2207	名糖産	1130	1130	1129	1129	2
2208	ブルボン	0	0	0	0	0
2209	井村屋	0	0	0	0	0
2211	不二家	212	212	205	205	84
2212	山パン	802	802	787	787	54
2215	一パン	210	210	206	210	12
2216	カンロ	0	0	0	0	0
2217	モロゾフ	203	203	198	198	11
2219	タカラブネ	88	88	85	85	15
2220	亀田製菓	0	0	0	0	0
2221	岩塚製菓	0	0	0	0	0
2222	寿製菓	0	0	0	0	0
2224	コモ	1500	1500	1500	1500	1
2261	明乳	497	497	482	492	324
2262	雪印	398	398	386	386	483
2264	森永乳	264	268	258	258	129
2266	六甲バタ	305	305	305	305	1
2267	ヤクルト	1330	1330	1300	1330	227
2268	サーティワン	0	0	0	0	0
2281	プリマ	105	105	103	103	122
2282	日ハム	1599	1599	1530	1530	170
2284	伊藤ハ	385	385	380	380	116
2286	林兼	124	124	115	118	39
2287	雪印食品	190	190	190	190	2
2288	丸大食	138	138	135	136	59
2289	相模ハム	0	0	0	0	0
2290	米久	1180	1180	1113	1113	12
2291	福留ハ	0	0	0	0	0
2292	ＳＦＯＯＤＳ	875	875	850	850	2
2293	滝沢ハム	0	0	0	0	0
2294	柿安本店	0	0	0	0	0
2501	サッポロＨＤ	340	340	330	331	197
2502	アサヒ	1150	1155	1123	1123	581
2503	キリン	1024	1033	996	1008	1618
2531	宝ＨＤ	2020	2055	1950	1997	393
2533	オエノンＨＤ	220	220	215	216	15
2536	メルシャン	264	264	256	256	147
2538	マルキン忠勇	140	142	138	138	4
2540	養命酒	665	673	665	669	5
2541	ニッカ	371	371	361	361	12
2571	中京コカ	865	865	860	860	7
2572	三国コカ	1220	1222	1186	1190	74
2573	北海コカ	870	879	870	879	2
2575	三笠コカ	815	815	815	815	0.1
2576	近畿コカ	1203	1219	1195	1219	29
2577	富士コカ	900	900	875	875	6
2578	四国コカ	1094	1094	1094	1094	0.1
2579	コカウエスト	2700	2700	2610	2620	9.9
2591	カルピス	464	467	460	460	24
2592	ポッカ	415	419	400	400	10
2593	伊藤園	8170	8170	7270	7280	24.6
2594	キーコーヒー	1355	1358	1321	1321	1.6
2595	キリンビバ	2320	2320	2210	2210	13
2596	キューサイ	1945	1945	1910	1910	1
2597	ユニカフェ	1297	1300	1260	1260	0.9
2598	アサヒ飲料	624	624	610	610	15.5
2599	ジャパンＦ	0	0	0	0	0
2601	ホーネンコーポ	180	180	175	176	65
2602	日清オイリオ	291	294	281	281	197
2604	吉原製油	261	277	252	252	17
2607	不二油	1008	1008	974	974	28
2608	ボーソー	160	162	126	160	58
2611	摂津油	0	0	0	0	0
2612	かどや製油	770	770	770	770	1
2650	橘テクトロン	665	665	665	665	2
2651	ローソン	4530	4530	4380	4440	46.1
2652	まんだらけ	210000	210000	210000	210000	0.002
2653	イオン九州	0	0	0	0	0
2654	シンワ	0	0	0	0	0
2655	マックス東北	610	610	610	610	1
2656	ベクター	0	0	0	0	0
2657	インタニクス	1550	1550	1510	1510	6
2658	ウライ	245	255	240	240	20
2659	サンエー	1600	1600	1570	1570	2
2660	キリン堂	0	0	0	0	0
2661	キンレイ	580	590	580	590	2
2662	ダイユエイト	0	0	0	0	0
2663	伊藤伊	521	521	521	521	2
2664	カワチ薬品	6890	6910	6870	6880	4.1
2665	ネクストコム	6280000	6280000	6280000	6280000	0.001
2666	オートウェブ	930	1020	930	1020	4
2667	イメージワン	860000	860000	860000	860000	0.002
2668	ダン	855	855	855	855	1
2669	カネ美食品	3400	3400	3400	3400	1
2670	ＡＢＣマート	2800	2870	2800	2850	40
2671	エフディシィ	501	501	501	501	2
2672	アクティ２１	0	0	0	0	0
2673	ステイラー	420	420	411	411	8
2674	ハードオフ	0	0	0	0	0
2675	ダイナック	521	521	511	511	5
2676	高千穂交易	1440	1500	1360	1360	33
2678	アスクル	6210	6500	6210	6420	11
2680	日本オプティ	440	440	440	440	1
2681	ゲオ	575000	580000	570000	580000	0.004
2682	ジューテック	0	0	0	0	0
2683	魚喜	880	900	880	888	16
2684	プライム	1580000	1620000	1550000	1580000	0.016
2685	ポイント	715	720	710	715	19
2686	ツルヤ靴店	750	750	740	750	6
2687	ＣＶＳベイ	710	710	695	710	6
2688	レックスＨＤ	2200000	2200000	2110000	2110000	0.012
2689	カワニシ	452	452	426	426	14
2801	キッコマン	866	866	835	838	166
2802	味の素	1465	1465	1417	1433	947
2804	ブルドック	0	0	0	0	0
2805	エスビー	560	579	560	579	2
2806	ユタカフーズ	0	0	0	0	0
2808	サンビシ	0	0	0	0	0
2809	キユーピー	942	947	935	935	72
2810	ハウス食品	1510	1510	1500	1502	81
2811	カゴメ	906	916	900	900	7
2812	焼津水化	1790	1790	1754	1764	6
2813	和弘食品	0	0	0	0	0
2814	佐藤食品	0	0	0	0	0
2815	アリアケ	7240	7290	7240	7290	1
2816	ダイショー	0	0	0	0	0
2817	ギャバン	0	0	0	0	0
2830	アヲハタ	0	0	0	0	0
2831	はごろも	0	0	0	0	0
2871	ニチレイ	485	485	456	471	256
2872	セイヒョー	0	0	0	0	0
2873	加ト吉	3030	3030	2900	3020	35.5
2874	ヨコレイ	596	599	586	586	21
2875	東洋水	822	835	822	824	36
2876	ＪＣコムサ	0	0	0	0	0
2877	日東ベスト	0	0	0	0	0
2878	赤城水産	0	0	0	0	0
2879	ニチロサンフズ	429	429	429	429	2
2891	酵母工	449	454	437	439	17
2892	日食品	0	0	0	0	0
2893	ローマイヤ	98	98	98	98	1
2894	石井食	0	0	0	0	0
2897	日清食	2775	2850	2715	2715	111
2898	ソントン	0	0	0	0	0
2899	永谷園	781	781	780	780	5
2900	明星食	215	215	211	211	14
2901	石垣食	316	316	316	316	10
2902	太陽化	526	530	526	530	4
2903	シノブフズ	150	150	148	148	8
2904	一正蒲鉾	0	0	0	0	0
2905	オーケー食	0	0	0	0	0
2906	ホッコク	0	0	0	0	0
2907	あじかん	0	0	0	0	0
2908	フジッコ	1345	1345	1345	1345	1
2909	トオカツフズ	289	291	289	290	7
2910	Ｒフィールド	4750	4810	4680	4680	2
2911	旭松食品	0	0	0	0	0
2912	鐘崎	0	0	0	0	0
2913	フジフーズ	0	0	0	0	0
2914	ＪＴ	880000	886000	836000	840000	1.4
2915	ケンコーマヨ	0	0	0	0	0
2916	仙波糖化	0	0	0	0	0
2917	大森屋	710	710	710	710	1
2918	わらべ日洋	960	960	960	960	8
2920	ケイビー	0	0	0	0	0
2921	フクシマフズ	0	0	0	0	0
2922	なとり	1210	1210	1210	1210	1
3001	片倉	0	0	0	0	0
3002	グンゼ	400	402	385	386	138
3003	昭栄	0	0	0	0	0
3004	神栄	144	144	134	134	30
3007	神戸生絲	38	38	37	37	12
3009	川島織	129	129	121	121	28
3010	上毛	203	203	190	198	53
3011	バナーズ	0	0	0	0	0
3101	東洋紡	228	229	215	215	558
3102	カネボウ	288	288	280	281	416
3103	ユニチカ	78	78	72	74	1020
3104	富士紡Ｈ	51	51	50	51	120
3105	日清紡	529	529	497	499	379
3106	クラボウ	164	166	159	159	611
3107	ダイワボウ	92	93	91	91	99
3109	シキボウ	66	66	65	65	83
3110	日東紡	139	139	133	134	305
3111	オーミケン	64	64	63	63	3
3113	ＢＳＬ	98	98	95	95	21
3114	同興紡	120	120	120	120	4
3115	テザック	42	43	41	42	46
3116	トヨタ紡織	640	648	610	610	19
3117	興和紡	0	0	0	0	0
3121	アセットイン	0	0	0	0	0
3123	サイボー	0	0	0	0	0
3125	内外綿	0	0	0	0	0
3128	テラボウ	0	0	0	0	0
3129	ファブリカＴ	117	117	117	117	2
3201	日毛	407	408	391	391	10
3202	大東紡	74	77	74	74	12
3203	東亜紡織	54	56	54	55	32
3205	ダイドー	264	264	254	261	37
3206	南海毛糸紡績	64	64	64	64	6
3207	中央毛	135	135	134	135	6
3209	カネヨウ	0	0	0	0	0
3211	太陽毛絲紡	68	68	68	68	5
3216	御幸ＨＤ	409	409	409	409	1
3302	帝繊維	173	173	173	173	1
3304	トスコ	0	0	0	0	0
3306	日本麻	0	0	0	0	0
3401	帝人	570	579	550	555	3020
3402	東レ	440	441	426	428	1617
3403	東邦テナ	82	82	80	80	104
3404	三菱レ	348	348	335	339	428
3405	クラレ	1048	1048	1001	1005	510
3407	旭化成	668	668	652	661	938
3408	サカイオーベ	78	78	74	74	7
3409	北日紡	0	0	0	0	0
3411	オートリ	86	90	86	90	2
3420	ケーエフシー	0	0	0	0	0
3421	稲葉製作	1450	1465	1445	1465	2.9
3422	丸順	400	407	400	407	5
3423	エスイー	355	355	355	355	1
3424	ミヤコ	0	0	0	0	0
3425	本郷	560	560	560	560	4
3426	アトムリビン	0	0	0	0	0
3428	サンポット	275	275	275	275	2
3501	住江織	115	121	115	115	16
3503	東和織	0	0	0	0	0
3512	フエルト	337	339	337	339	4
3513	イチカワ	240	240	238	240	8
3514	バイリーン	240	240	230	230	20
3515	フジコー	0	0	0	0	0
3521	エコナック	88	90	88	90	31
3524	日東網	75	77	75	77	3
3526	芦森工	180	181	180	180	18
3528	グローベルス	114	120	112	114	56
3529	アツギ	73	73	70	70	112
3532	堀田産	0	0	0	0	0
3533	ダイオ化成	0	0	0	0	0
3534	ＮＢＣ	960	960	960	960	2
3551	ダイニック	140	140	140	140	12
3552	洋クロス	210	215	210	210	11
3553	共和レ	467	467	460	460	4
3569	セーレン	283	283	275	276	28
3570	オリカキャピ	0	0	0	0	0
3571	ソトー	460	460	460	460	2
3572	大同マルタ	39	39	39	39	3
3576	カンボウ	0	0	0	0	0
3577	東海染	95	95	94	94	9
3578	倉庫精	0	0	0	0	0
3580	小松精	258	258	258	258	3
3581	岐セン	0	0	0	0	0
3583	オーベクス	0	0	0	0	0
3584	福助	121	124	119	119	21
3585	トムスエンタ	288	288	258	263	17
3587	ＩＢダイワ	54	55	51	52	135
3588	丸山工	0	0	0	0	0
3591	ワコール	982	982	968	969	95
3592	ＣＨＯＹＡ	0	0	0	0	0
3593	ホギメデ	7100	7100	6950	6950	2.2
3594	モリシタ	0	0	0	0	0
3595	ヤギコーポ	305	310	305	310	2
3596	ワールド	4400	4400	4210	4210	25.5
3597	自重堂	670	670	670	670	1
3598	山喜	0	0	0	0	0
3599	コーコス	0	0	0	0	0
3600	フジックス	0	0	0	0	0
3601	ニチメンイン	1040	1050	1000	1000	2.4
3602	イタリヤード	103	103	103	103	2
3603	チャッコット	0	0	0	0	0
3706	東海パ	396	396	389	389	3
3861	王子紙	591	594	576	583	938
3863	日本製紙	670	681	640	640	1596
3864	三菱紙	234	239	234	236	255
3865	北越紙	809	815	780	780	346
3868	高崎三興	76	77	75	75	19
3869	日本板紙	204	204	200	200	6
3870	日本加工製紙	59	61	57	57	56
3871	大昭和紙	400	400	374	375	24
3872	三島紙	188	188	188	188	10
3877	中越パ	245	245	240	245	23
3878	巴川紙	328	335	322	322	86
3880	大王紙	897	900	888	888	45
3881	特種紙	392	393	392	392	11
3882	紀州紙	162	162	155	155	8
3886	チューエツ	0	0	0	0	0
3887	中央板紙	100	100	91	91	9
3889	大平製紙	0	0	0	0	0
3890	ゼネＫＫ	471	471	433	433	13
3891	高度紙	0	0	0	0	0
3892	岡山製紙	251	251	232	232	3
3941	レンゴー	419	420	397	398	148
3944	古林紙	113	113	113	113	5
3945	スパバッグ	176	180	176	180	3
3946	トーモク	199	199	190	190	37
3947	ダイナパック	480	480	480	480	1
3948	光ビジネス	0	0	0	0	0
3949	日本ハイパック	220	220	220	220	9
3950	ザ・パック	0	0	0	0	0
3951	朝日印刷	0	0	0	0	0
3952	中央紙器	308	308	308	308	2
3953	大村紙業	0	0	0	0	0
3954	昭和パックス	0	0	0	0	0
3955	イムラ封筒	718	718	715	715	3
3971	東セロ	252	252	252	252	1
4003	コープケミ	82	89	82	82	8
4004	昭電工	156	157	147	148	2137
4005	住友化学	561	567	525	529	1045
4007	日化成	139	140	132	132	43
4008	住友精化	243	243	234	234	74
4010	三菱化学	301	302	282	282	2148
4021	日産化	901	920	901	901	186
4022	ラサ工	240	240	230	230	88
4023	呉羽化	279	284	276	284	177
4025	多木化	321	321	320	320	8
4026	神島化	320	320	320	320	1
4027	テイカ	235	235	231	231	19
4028	石原産	207	208	199	201	2297
4031	チッカリン	0	0	0	0	0
4032	日東バイオン	148	148	148	148	2
4033	日東エフシー	401	401	400	400	3
4041	日曹達	290	294	278	278	201
4042	東ソー	318	318	300	300	432
4043	トクヤマ	455	455	436	437	208
4044	セ硝子	538	539	517	526	225
4045	東合成	199	199	191	193	278
4046	ダイソー	199	199	176	178	52
4047	関電化	0	0	0	0	0
4050	鶴見曹達	368	368	345	345	32
4061	電化	388	391	380	380	541
4062	イビデン	1871	1900	1871	1883	56
4063	信越化	4500	4500	4370	4380	517
4064	カーバイド	98	99	97	98	71
4065	紀文フ	388	389	388	389	2
4077	富士チタン工業	493	501	492	492	27
4078	堺化学	724	729	699	700	67
4079	ハクスイテック	0	0	0	0	0
4080	田中化研	1980	1980	1900	1900	2
4086	日本エア・リキード	632	632	610	610	36
4088	エアウォータ	378	388	365	370	109
4089	大阪酸素工業	230	230	230	230	13
4091	大陽日酸	452	452	428	428	254
4092	日本化	375	375	360	360	123
4093	アセチレン	81	81	81	81	1
4094	日化産	292	299	291	299	4
4095	パーカライ	331	333	324	325	25
4096	昭炭酸	270	270	267	267	2
4097	高圧ガス	330	332	325	325	5
4098	チタン	156	160	149	149	5
4099	四国化	387	387	377	377	4
4100	戸田工	462	462	459	459	11
4101	日興酸素	0	0	0	0	0
4102	丸尾カル	0	0	0	0	0
4103	大陽東洋酸素	214	214	205	206	60
4104	タテホ	165	165	165	165	5
4105	メルテックス	0	0	0	0	0
4106	ケムキャット	1130	1130	1100	1100	7
4107	伊勢化	350	350	350	350	3
4109	ステラケミ	5010	5010	4610	4630	2.4
4112	保土谷	172	172	162	166	100
4113	田岡化	239	254	239	254	9
4114	日触媒	446	446	430	433	95
4115	本州化	601	601	582	582	5
4116	大日精	345	345	333	334	9
4117	川崎化	117	117	116	117	14
4118	カネカ	1070	1070	1030	1050	330
4119	ピグメント	230	230	218	218	7
4120	スガイ	212	212	212	212	1
4123	山化成	0	0	0	0	0
4151	協発酵	810	810	763	763	453
4182	菱ガス化	345	345	337	338	336
4183	三井化学	553	559	538	538	897
4185	ＪＳＲ	719	719	691	691	82
4186	東応化	1825	1826	1765	1765	58.1
4187	大有機	409	409	409	409	1
4201	日合成	135	136	134	134	108
4202	ダイセル	345	347	341	344	288
4203	住友ベ	1090	1099	1070	1083	396
4204	積水化	333	333	321	323	307
4205	ゼオン	427	427	408	410	85
4206	アイカ	631	636	601	601	103
4208	宇部興	252	258	250	250	536
4209	フドー	0	0	0	0	0
4210	東洋化学	366	366	363	363	34
4212	積水樹	347	349	335	338	27
4213	菱樹脂	192	192	186	190	232
4214	高分子	330	330	320	323	41
4215	タキロン	342	342	332	332	17
4216	旭有機	308	308	296	296	29
4217	日立化	2710	2710	2615	2615	20
4218	ニチバン	324	324	310	311	79
4219	プラス・テク	85	85	85	85	1
4220	リケンテクノ	300	306	300	300	41
4221	大倉工	330	331	330	331	138
4222	児玉化	54	54	54	54	2
4224	ロンシール	64	64	63	63	3
4225	筒中	271	274	271	272	25
4226	テスコ	0	0	0	0	0
4227	郡是高分子	0	0	0	0	0
4228	積化成	178	180	178	179	34
4229	群栄化	148	148	147	148	34
4231	タイガポリ	0	0	0	0	0
4232	東芝ケミカル	296	300	293	293	8
4233	ワコー	0	0	0	0	0
4234	サンエー化研	0	0	0	0	0
4271	カーリット	0	0	0	0	0
4272	日化薬	706	706	670	670	160
4274	細火工	0	0	0	0	0
4361	川口化	0	0	0	0	0
4362	日精化	401	406	401	405	8
4363	新日鐵化学	195	198	185	186	141
4364	マナック	0	0	0	0	0
4365	松本油脂	1740	1750	1740	1750	2
4366	ダイトーケミ	600	600	600	600	1
4367	広栄化学	0	0	0	0	0
4401	旭電化	772	778	763	763	43
4403	日油脂	238	238	232	233	150
4404	ミヨシ	214	215	204	204	32
4406	日理化	580	580	575	580	34
4409	東邦化	0	0	0	0	0
4410	ハリマ化成	395	395	395	395	2
4452	花王	3320	3440	3220	3340	3001
4461	一工薬	273	273	260	260	23
4462	石原薬品	896	896	891	891	6
4463	日華化学	390	395	390	395	2
4471	三洋化	855	860	836	836	44
4501	三共	2620	2635	2560	2575	1270
4502	武田	7060	7070	6760	6760	1515
4503	アステラス薬	4840	4840	4660	4680	980
4505	第一製薬	3400	3400	3250	3250	476
4506	大日薬	1903	1903	1855	1865	196
4507	塩野義	2380	2380	2200	2330	263
4508	田辺薬	968	980	968	980	552
4509	三菱ウェルファーマ	900	900	881	897	79
4511	藤沢薬品	3760	3770	3600	3620	500
4512	わかもと	403	405	403	403	17
4514	帝臓器	721	721	719	719	12
4515	萬有製薬	2625	2625	2500	2535	567
4516	日新薬	951	951	944	944	15
4517	ビオフェル	880	880	870	870	1
4518	富山化	413	415	402	402	113
4519	中外薬	1930	1930	1882	1900	464
4520	和光堂	3020	3020	3020	3020	0.2
4521	科研薬	630	632	600	615	174
4523	エーザイ	3840	3850	3670	3790	441
4524	仁丹	1910	1920	1810	1810	62
4526	理ビタ	1300	1305	1300	1302	17
4527	ロート	1426	1450	1400	1400	35
4528	小野薬	4500	4500	4340	4340	34
4529	日研化	330	330	325	325	22
4530	久光薬	2000	2000	1969	1969	28
4531	有機薬	325	327	324	327	6
4534	持田薬	723	730	690	697	120
4535	大正薬	3140	3140	2945	2945	183
4536	参天薬	2300	2325	2295	2310	133
4537	エスエス	912	923	899	899	50
4538	扶桑薬	488	490	471	471	19
4539	ケミファ	231	235	230	230	13
4540	ツムラ	319	319	314	314	8
4541	日医工	143	144	142	144	4
4542	三笠薬	398	398	398	398	1
4543	テルモ	2620	2630	2450	2590	166
4544	みらかＨＤ	610	610	591	591	15
4545	国際試薬	369	369	351	351	11
4546	北陸製薬	1875	1875	1801	1826	72
4547	キッセイ	2270	2275	2270	2270	29
4548	生化学	846	881	846	880	12
4549	栄研化	1425	1425	1400	1400	7
4550	日水薬	591	591	590	590	2
4551	鳥居薬	2470	2470	2350	2350	2.4
4552	日本ケミカル	686	686	680	680	14
4553	東和薬品	1100	1100	1100	1100	3
4554	富士製薬	312	312	312	312	1
4555	沢井製薬	1000	1000	1000	1000	1.5
4556	カイノス	500	510	490	500	8
4557	医学生物	970	1030	950	970	140
4558	中京医薬	900	900	900	900	2
4559	ゼリア新薬	1080	1080	1021	1021	9
4560	キョーリン薬	4140	4150	4000	4000	11
4561	デンカ生研	1800	1800	1800	1800	1
4611	大日塗	158	158	157	157	43
4612	日本ペ	316	317	301	308	290
4613	関西ペ	350	350	338	339	73
4614	トウペ	121	124	121	122	10
4615	神東塗	101	105	95	105	47
4616	川上塗	0	0	0	0	0
4617	中国塗	201	202	200	202	54
4619	日特塗	245	245	241	241	7
4620	藤倉化	355	356	350	350	21
4621	ロック	0	0	0	0	0
4622	ユニペイン	0	0	0	0	0
4623	アサヒペン	210	211	207	207	6
4624	イサム	0	0	0	0	0
4625	アトミクス	0	0	0	0	0
4626	太陽インキ	4670	4700	4520	4600	2.6
4627	ナトコ	590	590	590	590	2
4628	エスケー化研	2090	2090	2090	2090	2
4629	大伸化学	0	0	0	0	0
4631	インキ	346	346	330	340	517
4633	サカタＩＮＸ	282	285	280	280	5
4634	洋インキ	333	335	314	319	1078
4635	東インキ	245	245	245	245	1
4636	Ｔ＆Ｋ	2940	2940	2940	2940	0.1
4640	アンドール	0	0	0	0	0
4641	アルプス技	0	0	0	0	0
4642	オリジナル設	800	800	800	800	1
4643	コナミスポ	7100	7150	6900	7000	3.3
4644	イマジニア	850	850	820	840	3.7
4645	市進	245	245	245	245	1
4646	ジャスフォート	798	798	798	798	1
4649	大成	421	421	421	421	1
4650	スガイエンタ	0	0	0	0	0
4651	サニックス	4320	4400	4090	4110	15.9
4652	ウッドランド	978	978	880	880	4.3
4653	ダイオーズ	0	0	0	0	0
4654	ニチゾウテク	0	0	0	0	0
4655	ＮＯＶＡ	590	595	590	595	3
4656	サン・ライフ	0	0	0	0	0
4657	環境管理	0	0	0	0	0
4658	日本空調	599	599	599	599	1
4659	エイジス	750	750	750	750	1
4660	ニッポン放送	4400	4400	4360	4360	10
4661	ＯＬＣ	7750	7750	7550	7650	38.6
4662	フォーカス	1050	1050	965	1000	34.1
4663	ＡＴＬ	380000	380000	380000	380000	0.002
4664	ＲＳＣ	0	0	0	0	0
4666	パーク２４	9010	9050	8800	8800	5.7
4667	アイサンテク	117	118	115	115	3
4668	明光ネット	0	0	0	0	0
4669	ニッパンＲ	0	0	0	0	0
4670	セタ	390	390	390	390	1
4671	ファルコバ	1400	1400	1400	1400	4
4672	ベルックス	0	0	0	0	0
4673	川崎地質	0	0	0	0	0
4674	クレスコ	5400	5400	5100	5100	2
4675	エヌエス環境	0	0	0	0	0
4676	フジテレビ	810000	810000	775000	796000	1.827
4678	秀英	780	780	772	780	3.4
4679	田谷	2685	2690	2685	2690	0.2
4680	ラウンドワン	116000	116000	108000	108000	0.197
4681	リゾートトラ	3200	3200	3030	3030	1.9
4682	電通テック	7600	7600	7600	7600	0.2
4683	堀内カラー	562	562	562	562	2
4684	オービック	24490	24490	21900	23500	7.8
4685	菱友システム	0	0	0	0	0
4686	ジャスト	3250	3250	3160	3160	7.5
4687	ＴＤＣソフト	2480	2620	2410	2450	2.1
4688	日本ドレーク	4740	4740	4410	4410	1
4689	ヤフー	7120000	7120000	6620000	6760000	0.129
4690	日パレット	0	0	0	0	0
4692	アルゴ２１	2155	2185	2100	2100	5.8
4694	ＢＭＬ	2520	2560	2400	2400	7.4
4695	マイスター	0	0	0	0	0
4696	ワタベ	0	0	0	0	0
4697	ゼロ	136000	145000	136000	144000	0.085
4699	ウチダエスコ	0	0	0	0	0
4700	アクセス	1840000	1850000	1840000	1840000	0.011
4701	プレック研	0	0	0	0	0
4702	55ステーション	520	525	520	525	5
4703	住商オート	790	790	770	780	4.2
4704	トレンド	8970	8980	8420	8550	180
4705	クリップ	0	0	0	0	0
4706	富士通サポート	8210	8400	7930	8000	58.5
4707	キタック	450	450	447	447	2
4708	もしもしＨＬ	9980	10000	9680	9850	3.8
4709	ＩＤ	887	887	887	887	1.1
4710	ウィン	0	0	0	0	0
4711	コミュニティ	1150	1150	1107	1107	0.7
4712	アドアーズ	311	315	311	315	6
4713	日信電サ	0	0	0	0	0
4714	リソー教育	164000	164000	164000	164000	0.002
4715	クリエイティブ	285	285	285	285	3
4716	日本オラクル	22250	22250	21020	21200	57.4
4717	ソデッソジャパン	0	0	0	0	0
4718	早稲アカ	270	270	270	270	1
4719	アルファシス	12500	12500	11690	11700	2.8
4720	城南進研	0	0	0	0	0
4721	フジスタッフ	1230	1240	1100	1100	27.2
4722	フューチャー	802000	802000	780000	780000	0.018
4723	グッドウィル	122000	130000	110000	110000	0.16
4724	シチエ	0	0	0	0	0
4725	ＣＡＣ	4200	4200	4000	4020	1.3
4726	ソフトバンテク	3800	3850	3650	3650	6.5
4727	アジアＳ総研	1190	1190	1190	1190	0.6
4728	トーセ	3120	3120	3090	3120	0.5
4729	コナミスタジオ	264000	268000	261000	261000	0.022
4730	関西メンテ	437	437	436	436	5
4731	ユニバホーム	420000	420000	420000	420000	0.001
4732	ＵＳＳ	2555	2570	2540	2565	22.6
4733	ＯＢＣ	9850	9850	9290	9290	2.7
4734	ビーイング	400	405	390	390	5
4735	京進	250	250	250	250	5
4736	日本ラッド	580	580	565	565	2
4737	シダックス	751	760	751	755	4.8
4738	日立ビジネス	1050	1120	1040	1070	4.7
4739	ＣＴＣ	22250	22250	20270	20270	73.1
4740	ニューディル	118000	118000	102000	103000	0.052
4741	ＩＲＩ	1620000	1620000	1500000	1500000	0.006
4742	エイトコン	751000	751000	751000	751000	0.002
4743	アイティフォ	2530	2550	2300	2440	10.3
4744	メッツ	250000	250000	245000	246000	0.009
4745	東京個別	0	0	0	0	0
4746	東計電算	910	910	900	900	2
4747	Ｃフィッシュ	490000	500000	480000	490000	0.005
4748	構造計画	820	820	800	800	0.2
4749	アドバックス	0	0	0	0	0
4750	ダイサン	0	0	0	0	0
4751	サイバエージ	475000	475000	450000	450000	0.017
4752	昭和システム	0	0	0	0	0
4753	ライブドア	830000	830000	830000	830000	0.003
4754	トスネット	230	230	230	230	3
4755	楽天	670000	700000	640000	650000	0.198
4756	ＣＣＣ	0	0	0	0	0
4757	インテリ	570000	580000	570000	580000	0.002
4758	シーアイエス	0	0	0	0	0
4759	ライブＭ	0	0	0	0	0
4760	ＡＬＰＨＡ	530	535	530	535	7
4761	さくらＫＣＳ	0	0	0	0	0
4762	エクスネット	0	0	0	0	0
4763	クリークリバ	0	0	0	0	0
4764	Ｄデザイン	500000	530000	500000	530000	0.002
4765	モーニングＳ	1950000	2000000	1950000	2000000	0.002
4766	ピーエイ	0	0	0	0	0
4767	ＴＯＷ	960	960	960	960	6
4768	大塚商会	2420	2420	2300	2315	5.9
4769	インフォクリ	0	0	0	0	0
4770	エルミック	800	800	800	800	1
4771	Ｆ＆Ｍ	0	0	0	0	0
4772	デジタルアド	2520	2520	2520	2520	1
4773	Ａ＆Ｉ	0	0	0	0	0
4774	NECソフト	10400	10400	9200	9200	11.2
4775	総合メディカ	2400	2450	2400	2410	1.6
4776	ＣＹＢＯＺＵ	710000	710000	700000	700000	0.004
4777	ガーラ	468000	468000	467000	467000	0.003
4778	ヒューマネジ	590000	630000	590000	620000	0.007
4779	ソフトブレン	317000	325000	315000	315000	0.02
4780	コナミ東京	1250	1300	1250	1300	3
4781	日本ハウズ	490	490	490	490	4
4782	オリコンサル	275	275	275	275	3
4783	日ダイナミク	600	600	600	600	2
4784	まぐクリック	830000	830000	820000	820000	0.003
4785	Ｓサイエンス	0	0	0	0	0
4786	ディジット	600000	600000	540000	550000	0.012
4787	ＮＣＧ	488000	488000	473000	480000	0.004
4788	サイバＣＯＭ	566000	566000	500000	500000	0.02
4789	エスイーラボ	0	0	0	0	0
4790	グレース	0	0	0	0	0
4791	ドリーム・トレイン	0	0	0	0	0
4792	ＴＦＰコンサ	445000	445000	445000	445000	0.002
4793	富士通ＢＳＣ	3280	3350	3100	3100	13
4794	デザインＥＸ	275000	275000	268000	268000	0.005
4795	スカパー	160000	160000	148000	158000	0.517
4797	アイシーエフ	0	0	0	0	0
4798	日本ＬＣＡ	630	660	630	640	6
4800	オリコン	750000	750000	731000	731000	0.003
4801	セントラルＳ	1030	1040	1020	1020	3.8
4812	電通国際情報	9660	9950	9150	9510	296.3
4814	ネクストウェ	469000	469000	465000	465000	0.004
4815	ジャパンＤＣ	247000	247000	220000	230000	0.008
4816	東映アニメ	3890	3930	3600	3600	39
4818	サイトデザイン	310000	310000	310000	310000	0.001
4819	デジタルガレ	1200000	1230000	1190000	1200000	0.026
4820	イーエムシス	1040	1060	1030	1050	20
4821	ウェブゲノム	720000	722000	688000	688000	0.027
4822	ハドソン	1071	1110	1060	1060	8
4823	サイバード	951000	962000	921000	945000	0.071
4824	メディアＳ	630000	630000	550000	550000	0.075
4825	ウェザーニュ	1700	1700	1650	1650	3
4901	富士写	4680	4680	4470	4560	1341
4902	コニカＨＤ	925	934	906	925	706
4911	資生堂	1295	1295	1250	1264	845
4912	ライオン	410	410	395	395	132
4913	サンスター	340	341	333	333	22
4914	高砂香	402	405	398	398	52
4915	エイボンＪ	0	0	0	0	0
4916	ノエビア	0	0	0	0	0
4917	マンダム	1110	1110	1100	1100	12.1
4918	アイビー	0	0	0	0	0
4919	ミルボン	4400	4400	4100	4100	0.5
4920	日本色材	0	0	0	0	0
4921	ファンケル	3400	3400	3200	3220	16.7
4922	コーセー	4000	4000	3810	3860	2.6
4951	エステー化	664	665	630	630	6
4953	タイホー工業	950	960	939	939	32
4954	マークテック	355	355	355	355	1
4955	アグロカネシ	0	0	0	0	0
4956	コニシ	900	903	900	900	5
4957	ヤスハラケミ	850	850	850	850	1
4958	長谷川香料	1800	1800	1800	1800	0.5
4959	シーシーアイ	0	0	0	0	0
4960	ケミプロ	270	270	270	270	2
4961	日油技研	690	690	690	690	1
4963	星光ＰＭＣ	520	520	520	520	1
4964	星光化学工業	0	0	0	0	0
4965	曽田香料	0	0	0	0	0
4966	上村工	0	0	0	0	0
4967	小林製薬	5760	5900	5690	5690	1.7
4968	荒川化工	720	720	720	720	1
4970	東洋合成	0	0	0	0	0
4987	寺岡製	690	690	661	661	5
4989	イハラケミ	188	188	184	184	10
4990	昭和化	0	0	0	0	0
4992	北興化	311	315	311	315	9
4996	クミアイ化	158	158	156	156	19
4997	日農薬	205	205	197	197	35
4998	フマキラ	158	158	157	157	7
4999	セメダイン	0	0	0	0	0
5001	新日本石油	570	572	552	568	1136
5002	昭和シェル	478	478	445	465	250
5006	興亜石油	252	255	250	250	39
5007	コスモ石	210	210	195	202	413
5008	東亜石	106	112	106	107	43
5009	富士興	75	75	72	72	53
5010	日精蝋	81	81	81	81	2
5011	ニチレキ	423	423	423	423	2
5012	東燃ゼネ石	606	630	602	630	240
5013	ユシロ	510	510	510	510	2
5014	ジャパンエナジー	185	185	174	177	2417
5015	ＢＰカスト	609	609	609	609	0.1
5101	浜ゴム	216	217	202	203	315
5102	大機エンジ	195	195	195	195	1
5103	昭ゴム	155	156	145	145	357
5104	日東化工	103	103	95	95	13
5105	洋ゴム	131	132	127	127	206
5106	オーツタイヤ	184	184	181	182	15
5108	ブリヂストン	1087	1090	1012	1084	1607
5110	住友ゴ	479	483	452	454	208
5121	藤ゴム	179	179	177	177	11
5122	オカモト	250	250	243	243	53
5123	ミサワ東洋	0	0	0	0	0
5142	アキレス	145	147	142	147	52
5143	世界長	80	80	80	80	7
5161	西川ゴム	0	0	0	0	0
5162	朝日ラバー	0	0	0	0	0
5184	ニチリン	344	344	344	344	7
5185	フコク	490	490	490	490	1
5186	ニッタ	1190	1210	1145	1145	7.4
5187	クリエート	0	0	0	0	0
5188	帝都ゴム	0	0	0	0	0
5189	桜ゴム	0	0	0	0	0
5191	東海ゴ	1309	1309	1272	1272	8
5192	三星ベ	260	261	256	256	32
5193	平成ポリマー	81	81	81	81	5
5194	相模ゴ	444	444	444	444	1
5195	バンドー	192	193	190	190	106
5196	鬼ゴム	77	79	74	74	36
5199	不二ラテ	0	0	0	0	0
5201	旭硝子	933	933	915	920	1521
5202	板硝子	1434	1434	1411	1421	1965
5204	石塚硝	183	184	182	182	7
5205	日本無機	399	399	395	395	41
5208	有沢製	2870	3020	2870	3020	6.9
5210	日山村硝	162	163	159	159	61
5212	不二硝	0	0	0	0	0
5213	芝セラミ	600	610	580	580	143
5214	日電硝	2185	2195	2100	2135	232
5215	旭テクノグラス	980	990	980	985	3
5216	倉元	1770	1780	1700	1700	1.1
5217	テクノクオツ	0	0	0	0	0
5232	住友大阪	387	387	342	350	741
5233	太平洋セメ	197	197	190	195	754
5234	デイ・シイ	157	157	157	157	56
5237	ノザワ	0	0	0	0	0
5261	ミサワリゾ	220	236	220	236	3
5262	日ヒューム	187	187	187	187	7
5266	テイヒュー	0	0	0	0	0
5267	ハネックス	115	115	115	115	10
5268	旭コン	301	301	301	301	1
5269	日コン	91	97	91	97	5
5271	トヨアサノ	0	0	0	0	0
5273	三谷セキ	0	0	0	0	0
5274	ゼニパイプ	0	0	0	0	0
5276	石建工	300	300	300	300	3
5277	スパンクリト	295	295	295	295	1
5278	エバタ	0	0	0	0	0
5279	日本興業	180	180	180	180	1
5280	ヨシコン	510	510	510	510	1
5281	旭ダンケ	0	0	0	0	0
5282	ジオスター	0	0	0	0	0
5283	高見沢	0	0	0	0	0
5284	ヤマウ	0	0	0	0	0
5285	ヤマックス	291	291	290	290	3
5286	武井工業	0	0	0	0	0
5287	イトヨーギョ	580	590	580	590	4
5301	東海カ	236	237	221	222	203
5302	カーボン	86	86	84	84	114
5304	エスイ−シ−	220	220	220	220	2
5331	ノリタケ	623	631	600	602	143
5332	ＴＯＴＯ	825	836	787	800	296
5333	ガイシ	1528	1532	1480	1500	600
5334	特殊陶	1680	1690	1601	1648	345
5336	INAX	585	590	577	579	221
5337	ダントー	370	370	350	350	7
5338	大トー	145	145	145	145	2
5341	アサヒ陶	115	115	115	115	1
5342	ジャニス	0	0	0	0	0
5343	ニッコー	0	0	0	0	0
5344	ＭＡＲＵＷＡ	3180	3200	3000	3000	3.3
5351	白煉瓦	187	187	185	186	58
5352	黒崎	139	139	134	134	146
5355	ルツボ	138	138	136	136	4
5356	美濃窯	0	0	0	0	0
5357	ヨータイ	162	173	162	173	12
5358	イソライト	180	180	160	160	2
5361	東海熱	411	415	411	412	4
5362	九州耐	289	289	289	289	1
5363	ＴＹＫ	172	172	170	170	30
5367	ニッカトー	640	640	640	640	3
5382	中央商事	0	0	0	0	0
5383	三共理化	0	0	0	0	0
5384	フジミインコ	3550	3550	3550	3550	0.2
5386	鶴弥	525	525	525	525	1
5387	チヨダウーテ	790	790	790	790	2
5388	クニミネ	0	0	0	0	0
5389	日レヂボン	0	0	0	0	0
5390	宇部マテリア	103	114	103	114	26
5391	Ａ＆ＡＭ	100	100	91	91	46
5393	ニチアス	314	319	305	313	161
5395	コランダム	0	0	0	0	0
5397	ＭＩＥテクノ	0	0	0	0	0
5398	日研紙	0	0	0	0	0
5401	新日鉄	199	199	188	191	9605
5403	川崎製鉄	123	123	116	117	5350
5404	日本鋼管	72	73	69	71	2016
5405	住金	65	66	64	65	3223
5406	神戸鋼	63	64	62	62	613
5407	日新鋼	95	96	92	92	770
5408	中山鋼	133	133	125	130	39
5410	合同鉄	82	83	77	77	53
5423	東京製鉄	459	460	429	430	156.4
5444	大和工	366	367	361	361	61
5445	東京鉄	65	65	63	63	2
5446	北越メ	107	107	107	107	5
5448	東京鋼鉄	0	0	0	0	0
5449	大阪製鉄	421	421	400	400	3.6
5451	淀川鋼	249	255	242	255	50
5453	洋鋼鈑	275	277	271	271	63
5454	日鉄鋼板	167	167	165	165	24
5457	住友鋼管	354	354	330	330	14
5458	高砂鉄	98	98	98	98	3
5461	中部鋼	0	0	0	0	0
5462	日鉄鋼管	120	120	120	120	1
5463	丸一管	1580	1586	1550	1580	23
5464	モリ工	211	211	209	209	5
5471	大同特鋼	294	302	294	298	164
5476	高周波	83	83	77	78	65
5479	日金工	69	69	67	67	73
5480	冶金工	58	59	57	57	166
5481	山陽鋼	135	138	135	136	52
5482	愛知鋼	303	313	303	312	42
5484	東北鋼	0	0	0	0	0
5486	日立金	739	749	729	733	169
5491	日金属	80	80	78	78	29
5541	大平金	188	191	162	169	892
5542	報国鉄	0	0	0	0	0
5562	日本重化学	105	108	102	102	331
5563	日本電工	153	163	150	151	74
5566	中央電	160	162	160	160	7
5602	栗本鉄	220	221	220	220	60
5603	虹技	110	110	109	109	19
5605	自動鋳	55	55	55	55	6
5606	旭テック	150	150	140	140	15
5607	中可鍛	300	300	300	300	3
5608	川口金	199	199	191	191	13
5609	日鋳造	73	73	73	73	6
5610	大和重	0	0	0	0	0
5612	鋳鉄管	198	198	192	192	6
5613	日本カタン	357	357	357	357	1
5631	日製鋼	93	94	91	92	451
5632	菱製鋼	88	93	88	88	281
5633	関東特殊製鋼	63	63	58	58	39
5641	ＴＤＦ	380	404	380	402	15
5642	日本鍛工	42	42	42	42	1
5644	メタルアート	103	103	103	103	4
5645	イチタン	0	0	0	0	0
5657	鈴木金	150	155	150	155	39
5658	日亜鋼	285	285	284	284	6
5659	日精線	198	198	196	196	11
5660	神鋼線	61	61	58	58	4
5691	東京シヤリング	83	83	83	83	6
5694	大和綱帯	0	0	0	0	0
5695	パウダテック	0	0	0	0	0
5696	川鉄鋼板	0	0	0	0	0
5697	サンユウ	0	0	0	0	0
5701	日軽金	88	88	84	87	475
5702	大紀ア	173	173	168	168	11
5706	三井金	880	889	856	856	781
5707	東邦鉛	208	208	192	193	372
5711	三菱マ	283	283	273	277	1088
5713	住友鉱	603	608	585	600	926
5714	同和鉱	496	498	470	470	448
5715	古河機金	225	227	218	221	336
5716	日鉱金属	611	611	590	591	84
5721	Ｓサイエンス	457	467	433	439	311
5727	邦チタ	577	578	540	540	16
5728	アライドマテリアル	881	885	871	875	60
5729	日精鉱	236	236	231	236	3
5734	昭和アルミ	154	154	145	145	101
5738	住軽金	76	77	73	73	63
5739	日製箔	134	134	134	134	4
5740	九州不二サッシ	0	0	0	0	0
5753	日伸銅	57	57	57	57	2
5756	東海アルミ箔	58	58	58	58	3
5757	サンエツ	0	0	0	0	0
5771	菱伸銅	284	284	268	268	94
5781	東邦金	235	235	226	226	46
5801	古河電	2200	2220	2060	2135	4304
5802	住友電	1890	1930	1881	1916	1549
5803	フジクラ	866	885	846	850	895
5804	菱線工	274	276	264	264	92
5805	昭電線	165	167	155	155	257
5807	東特線	260	261	256	256	9
5808	理研線	305	305	305	305	2
5809	タツタ	157	159	155	155	28
5810	第一電工	81	81	79	79	17
5811	トヨ電線	0	0	0	0	0
5812	日立線	1098	1115	1038	1057	266
5813	花島電線	0	0	0	0	0
5815	沖電線	271	278	271	275	12
5816	オーナンバ	0	0	0	0	0
5817	日電線	336	336	335	336	4
5818	東日京三電線	300	300	300	300	1
5819	カナレ電気	1850	1850	1800	1800	0.2
5820	三ッ星	0	0	0	0	0
5851	リョービ	138	140	135	136	191
5852	アーレスティ	309	309	300	300	6
5853	京都ダイカスト	125	125	120	120	6
5854	東京理化工	305	305	305	305	1
5855	アサヒプリテ	1690000	1720000	1690000	1720000	0.005
5900	ダイケン	375	375	375	375	1
5901	洋カン	1897	1899	1820	1827	167
5902	北カン	235	235	231	234	28
5903	シンポ	600	620	600	611	7
5904	アルコアシステム	0	0	0	0	0
5905	日カン	140	140	140	140	1
5906	エムケー精工	480	480	480	480	1
5907	ＪＦＥコンテ	112	112	112	112	10
5908	日鉄ドラム	0	0	0	0	0
5909	コロナ	1000	1000	1000	1000	1
5910	立山アルミ	0	0	0	0	0
5911	横河ブ	335	345	335	335	67
5912	日本橋	120	120	120	120	1
5913	松尾橋	211	212	203	205	16
5914	宮地鐵工所	178	178	173	173	51
5915	駒井鉄	252	253	248	248	29
5916	ハルテック	254	254	236	245	32
5917	サクラダ	93	93	93	93	3
5918	滝上工	301	301	298	298	13
5919	日鉄塔	286	286	282	282	5
5921	川岸工	232	232	232	232	2
5922	那須鉄	0	0	0	0	0
5923	高田機	400	401	400	400	4
5925	酒井鉄工所	0	0	0	0	0
5926	安治川鉄工	0	0	0	0	0
5927	ホリー	0	0	0	0	0
5928	アルメタクス	0	0	0	0	0
5929	三和シャタ	237	237	223	233	164
5930	文化シヤタ	216	217	206	206	25
5931	川田工	204	204	203	203	6
5932	三協アルミ	65	66	64	66	108
5933	アルインコ	0	0	0	0	0
5934	日本ア	46	46	45	45	3
5935	元旦	0	0	0	0	0
5936	洋シヤタ	95	95	91	93	356
5938	住生活Ｇ	1459	1459	1375	1375	115
5939	大谷工業	160	160	160	160	4
5940	不二サッシ	84	84	81	84	3
5941	中西製	0	0	0	0	0
5942	フイルコン	0	0	0	0	0
5943	ノーリツ	905	910	905	905	11
5944	日立粉末	936	936	922	922	3
5945	天竜製鋸	0	0	0	0	0
5946	長府製	1147	1151	1102	1102	6.2
5947	リンナイ	1860	1892	1857	1860	21.6
5949	ユニプレス	0	0	0	0	0
5950	パワーファス	0	0	0	0	0
5951	ダイニチ工業	264	264	261	263	2.6
5952	アマテイ	72	72	72	72	2
5954	トープラ	0	0	0	0	0
5955	ヤマシナ	64	66	61	66	77
5956	トーソー	400	400	400	400	1
5957	日東精	176	176	175	175	3
5958	三洋工	346	346	325	339	161
5959	岡部	309	309	308	308	13
5961	トーカロ	0	0	0	0	0
5962	浅香工	0	0	0	0	0
5963	日立ツール	531	531	529	529	17
5964	洋刃物	117	117	117	117	1
5965	フジマック	341	341	341	341	2
5966	ＫＴＣ	273	273	273	273	1
5967	前田金	0	0	0	0	0
5969	ロブテックス	110	110	110	110	1
5970	菊池プレス	450	450	450	450	2
5971	共和工業	0	0	0	0	0
5972	日本建鐵	220	220	214	214	11.5
5973	トーアミ	0	0	0	0	0
5974	中国工	155	155	148	148	17
5975	東プレ	333	338	333	333	10
5976	ネツレン	281	281	276	276	11
5977	コマツ電子	739	739	710	710	4.4
5979	カネソウ	0	0	0	0	0
5980	田中亜鉛	250	250	250	250	8
5981	東京綱	112	112	108	108	218
5982	マルゼン	360	360	340	340	7
5983	イワブチ	0	0	0	0	0
5984	兼房	547	547	547	547	2
5985	サンコール	355	365	355	360	17
5986	モリテック	0	0	0	0	0
5987	オーネックス	0	0	0	0	0
5988	パイオラクス	649	649	649	649	1
5989	ヒラタ	370	370	370	370	1
5990	スーパツール	0	0	0	0	0
5991	ニッパツ	476	477	465	465	93
5992	中央発條	360	360	358	358	3
5993	知多鋼	0	0	0	0	0
5994	ファインＳ	260	260	260	260	9
5995	科学冶金	0	0	0	0	0
5996	新立川	0	0	0	0	0
5997	協立エアテク	0	0	0	0	0
5998	アドバネクス	273	273	270	273	7
5999	イハラサイエ	270	270	270	270	3
6005	三浦工	1560	1569	1520	1540	19.7
6011	新潟鉄工所	75	75	70	71	534
6013	タクマ	796	796	760	770	44
6016	神発動	86	86	76	76	7
6018	阪神燃	0	0	0	0	0
6020	神鋼造機	65	65	65	65	1
6021	ロビン	0	0	0	0	0
6022	赤阪鉄	0	0	0	0	0
6023	ダイハツデ	140	140	140	140	7
6041	ボッシュ	122	122	120	120	68
6042	ニッキ	155	155	155	155	3
6101	ツガミ	345	345	320	320	153
6102	池貝	100	100	92	92	217
6103	オークマ	363	373	353	373	124
6104	東芝機	392	392	370	370	110
6106	日立精機	138	138	131	131	62
6107	アマダマシ	261	262	255	255	99
6111	旭精機	0	0	0	0	0
6112	小島鉄	0	0	0	0	0
6113	アマダ	870	884	840	841	260
6114	住倉工業	115	115	105	105	57
6118	アイダ	420	420	405	405	18
6119	ゼィープラス	0	0	0	0	0
6121	滝澤鉄	60	61	60	61	10
6125	岡本工	140	140	135	136	35
6130	日平トヤマ	180	181	180	181	15
6131	浜井産	0	0	0	0	0
6134	富機製	3070	3200	3060	3200	62.6
6135	牧野フ	601	610	594	600	103
6136	ＯＳＧ	632	632	612	613	6
6137	小池工	154	154	153	153	9
6138	ダイジェト	160	160	140	140	5
6139	東芝タンガロイ	473	473	447	447	104
6140	旭ダイヤ	561	561	540	541	55
6141	森精機	1280	1280	1227	1227	34
6142	富士精	0	0	0	0	0
6143	ソディック	421	421	412	419	124
6144	西部電機	0	0	0	0	0
6145	日特エンジ	1460	1460	1390	1390	18
6146	ディスコ	6500	6590	6300	6460	51.3
6147	ヤマザキ	0	0	0	0	0
6148	UHT	1790	1790	1790	1790	0.3
6149	小田原エンジ	470	470	470	470	3
6150	タケダ機械	0	0	0	0	0
6151	日東工器	2330	2350	2300	2300	1.9
6201	豊田織	2275	2335	2250	2335	175
6203	豊和工	111	114	109	109	80
6204	キリウ	200	200	200	200	2
6205	ＯＫＫ	116	116	110	116	32
6206	豊田工	610	615	610	614	56
6208	石川製	80	84	80	80	49
6210	東洋機械	295	295	295	295	1
6211	倉敷機	77	77	77	77	1
6212	帝人製機	245	245	220	224	40
6213	ＯＭ製	122	124	112	112	18
6214	大隈豊和機械	180	180	178	178	3
6216	寿工業	0	0	0	0	0
6217	津田駒	110	110	108	108	27
6218	エンシュウ	142	147	136	136	25
6221	大東製機	372	373	372	373	3
6222	島精機	2100	2100	2005	2050	7.8
6242	スピンドル	178	178	172	172	16
6245	ヒラノテク	0	0	0	0	0
6246	井上金	0	0	0	0	0
6247	日阪製	436	436	426	429	31
6271	ニッセイ	892	892	892	892	2
6272	レオン	345	345	336	341	9
6273	ＳＭＣ	15200	15400	14820	15200	81.1
6274	新川	2640	2650	2550	2580	36.6
6275	イセキ開発工	47	47	47	47	10
6276	ナビタス	0	0	0	0	0
6277	ホソミクロン	575	585	575	581	59
6278	ユニオンツル	7080	7080	6200	6300	13
6279	瑞光	1000	1000	999	1000	5.2
6280	名機製	580	600	580	600	4
6281	前田製作	0	0	0	0	0
6282	オイレス	1700	1700	1625	1625	2.1
6283	オリイメック	290	290	290	290	1
6284	ＡＳＢ機械	285	285	285	285	1
6286	静甲	0	0	0	0	0
6287	サトー	2510	2510	2370	2400	5.3
6288	ハマダ印刷機	0	0	0	0	0
6289	技研製	299	299	299	299	1
6290	ＳＥＳ	601	620	600	600	7
6291	エアーテック	629	629	628	628	2
6292	カワタ	490	490	490	490	1
6293	日精樹脂	675	676	670	670	8
6294	オカアイヨン	200	200	190	190	6
6295	富士変速	253	253	253	253	0.6
6296	ロキテクノ	1130	1130	1130	1130	1
6297	鉱研工業	0	0	0	0	0
6298	ワイエイシイ	700	700	690	690	3
6299	神鋼環境Ｓ	0	0	0	0	0
6300	アピクヤマダ	630	630	605	610	9
6301	コマツ	495	496	489	496	1995
6302	住友機	183	183	173	176	492
6303	ササクラ	0	0	0	0	0
6304	マキ製作所	0	0	0	0	0
6305	日立建機	409	409	396	403	41
6306	日工	250	254	250	253	19
6307	サンセイ	78	78	78	78	2
6309	巴工業	0	0	0	0	0
6310	井関農	81	81	75	75	131
6311	セイレイ工業	0	0	0	0	0
6312	フロイント	0	0	0	0	0
6313	共立	132	132	125	125	26
6314	石井工研	730	730	700	700	1.9
6315	ＴＯＷＡ	2180	2180	2010	2015	11.1
6316	丸山製	130	130	120	120	49
6317	北川鉄	119	121	118	118	33
6319	シンニッタン	196	198	196	197	7
6320	新ダイワ	240	240	240	240	2
6321	石搬機	348	348	348	348	2
6322	タクミナ	0	0	0	0	0
6323	ローツェ	0	0	0	0	0
6324	ハーモニック	1400000	1440000	1400000	1440000	0.004
6325	タカキタ	0	0	0	0	0
6326	クボタ	363	371	354	360	1913
6327	北川精機	420	420	410	410	6
6328	荏原実業	1310	1310	1310	1310	1
6329	ＨＥＣ	354	354	354	354	2
6330	東洋エンジ	91	92	89	91	119
6331	化工機	177	177	170	170	42
6332	月島機	650	650	620	620	14
6333	帝国電	0	0	0	0	0
6334	明治機	91	91	86	88	132
6335	東京機	378	385	377	377	57
6336	石井表記	3450	3450	3400	3450	5.2
6337	テセック	2510	2510	2510	2510	1
6338	タカトリ	0	0	0	0	0
6339	新東工	234	239	234	239	9
6340	渋谷工	855	855	850	850	3
6341	日立造船富岡	0	0	0	0	0
6342	太平製	80	80	80	80	2
6343	フリージア	39	40	39	40	19
6344	ＮＥＣマシナ	1510	1511	1500	1500	20
6345	アイチコーポ	146	148	145	145	9.2
6346	菊川鉄	0	0	0	0	0
6347	プラコー	0	0	0	0	0
6348	日本マリンテクノ	0	0	0	0	0
6349	小森	1900	1900	1870	1898	77
6350	新日本造機	0	0	0	0	0
6351	鶴見製	513	513	512	512	7
6352	トヨコケン	0	0	0	0	0
6354	日立機電	355	355	355	355	1
6355	住友精	304	304	295	296	24
6356	日ギア	170	170	170	170	2
6357	三精輸	280	282	279	282	9
6358	酒井重	209	209	206	206	19
6359	粟村製作所	0	0	0	0	0
6360	東自機	280	280	280	280	2
6361	荏原	1267	1267	1160	1160	224
6362	石井鉄	191	191	170	170	5
6363	酉島	470	480	470	480	3
6364	北越工	0	0	0	0	0
6365	電業社	3800	3800	3520	3520	1.5
6366	千代建	70	70	66	66	645
6367	ダイキン	2190	2250	2090	2180	285
6368	オルガノ	410	412	405	405	28
6369	トヨカネツ	100	100	93	93	60
6370	栗田工	1515	1545	1495	1520	171
6371	椿本チ	339	343	329	329	120
6372	セイサ	0	0	0	0	0
6373	大同工	209	209	180	180	16
6374	ＴＣＭ	264	264	251	251	37
6375	コンベヤ	75	75	71	74	124
6376	日機装	490	494	480	480	42
6377	甲陽建設	359	359	359	359	4
6378	木村化	190	190	190	190	2
6379	新興プラン	86	86	80	80	10
6380	オリチェン	95	95	95	95	6
6381	アネスト岩田	158	158	151	151	10
6382	トリニ工	220	220	220	220	1
6383	ダイフク	660	677	660	663	63
6384	昭和真空	4100	4200	3700	3700	113
6386	扶桑レクセ	1010	1010	990	990	4
6388	ミサワバン	469	484	469	484	89
6389	内田油圧	58	58	43	43	112
6390	加藤製	135	135	128	128	51
6391	加地テック	142	142	142	142	1
6392	ヤマダコーポ	0	0	0	0	0
6393	油研工	106	109	101	101	69
6394	大江工業	134	134	134	134	2
6395	タダノ	168	169	167	168	19
6396	宇野鉄	0	0	0	0	0
6397	郷鉄工	0	0	0	0	0
6398	日本電産シンポ	0	0	0	0	0
6403	水道機	0	0	0	0	0
6406	フジテック	570	570	557	561	49
6407	シーケーディ	748	751	731	731	32
6408	クラッチ	700	700	700	700	2
6409	キトー	255	260	255	260	2
6411	中野冷	390	390	390	390	1
6412	平和	1421	1457	1340	1340	26.7
6413	理想科学	1750	1750	1730	1730	0.2
6414	川重冷熱	0	0	0	0	0
6415	ニスカ	0	0	0	0	0
6416	桂川電機	0	0	0	0	0
6417	ＳＡＮＫＹＯ	2850	2900	2700	2710	80.2
6418	日金銭	1251	1258	1250	1250	8
6419	マース	3370	3370	3000	3020	6.5
6420	福島工業	585	585	585	585	1
6421	キヤノンＦ	900	900	900	900	1
6423	アビリット	1576	1620	1510	1510	44
6424	高見サイ	398	398	398	398	1
6425	アルゼ	4080	4200	4030	4040	11.3
6426	サミー	2190	2200	2150	2150	9
6427	東北リコー	0	0	0	0	0
6428	オーイズミ	1150	1150	1150	1150	1
6431	キャノンＮＴＣ	343	343	320	320	6
6436	アマノ	890	890	874	883	71
6437	三条機	133	133	133	133	3
6439	中日鋳	108	108	107	107	2
6440	ＪＵＫＩ	410	413	395	395	173
6442	コピア	304	304	300	300	10
6443	東洋製	110	110	110	110	4
6444	サンデン	521	534	520	532	200
6445	蛇の目	77	82	77	78	106
6448	ブラザー	215	217	212	212	88
6453	シルバ精	93	98	90	91	213
6454	マックス	1110	1120	1080	1080	26
6455	モリタ	246	259	245	259	11
6457	グローリー	2195	2195	2130	2130	10
6458	新晃工	157	157	149	151	26
6459	大和冷	280	282	276	276	14
6461	日ピス	87	87	83	83	59
6462	リケン	212	216	202	212	38
6463	ＴＰＲ	285	285	285	285	1
6466	トウアバルブ	89900	89900	89900	89900	0.001
6467	ニチダイ	515	515	515	515	1
6468	駿河精機	4500	4600	4500	4600	4
6469	放電精密	1200	1200	1160	1160	3
6470	大豊工業	919	920	919	919	1.4
6471	日精工	713	714	685	685	571
6472	ＮＴＮ	355	365	350	365	478
6473	光洋精	785	800	785	785	221
6474	不二越	164	165	157	158	171
6475	天辻	0	0	0	0	0
6476	富士テクニカ	270	270	265	265	4
6477	ツバキ・ナカ	1005	1011	995	995	12
6478	ダイベア	0	0	0	0	0
6479	ミネベア	1058	1060	983	986	1328
6480	トムソン	885	885	826	832	131
6481	ＴＨＫ	2580	2590	2480	2480	173.9
6482	ユーシン精機	4600	4620	4310	4310	1.8
6483	川重防災	0	0	0	0	0
6484	ＫＶＫ	0	0	0	0	0
6485	前沢給装	602	602	601	601	4
6486	イーグル工	366	366	366	366	5
6487	積水工機	0	0	0	0	0
6488	ヨシタケ	240	240	240	240	1
6489	前沢工業	680	680	660	660	58
6490	ピラー	743	762	742	762	60
6492	岡野バ	0	0	0	0	0
6493	日鍛バ	174	174	173	173	104
6494	ファネス	341	355	340	346	19
6495	宮入バ	0	0	0	0	0
6496	中北製	192	192	190	190	96
6497	ハマイ	0	0	0	0	0
6498	キッツ	150	152	147	150	83
6499	大隈エンジニア	0	0	0	0	0
6501	日立	1035	1040	1011	1018	4420
6502	東芝	773	775	757	766	8353
6503	三菱電	723	730	704	716	2977
6504	富士電機ＨＤ	328	331	311	311	483
6505	東洋電	120	120	115	115	23
6506	安川電	771	779	731	740	390
6507	神鋼電	156	159	155	157	78
6508	明電舎	190	193	180	180	145
6513	オリジン	680	680	630	630	23
6516	山洋電	570	570	541	545	24
6517	デンヨー	610	610	600	600	11
6518	三相電機	0	0	0	0	0
6519	エネサーブ	4200	4250	4100	4100	13
6581	日立工	314	314	305	305	111
6584	三桜工	470	475	455	455	71
6585	サーボ	199	199	190	190	4
6586	マキタ	800	810	800	810	80
6587	松下精工	406	406	400	400	23
6588	東芝テック	300	305	290	290	263
6590	芝浦	550	560	530	530	60
6591	西芝電	142	142	140	140	2
6592	マブチ	11660	11850	11200	11500	21.4
6593	ローヤル電	0	0	0	0	0
6594	日電産	5230	5300	5030	5090	69.4
6621	高岳	132	132	128	128	26
6622	ダイヘン	172	175	170	170	35
6623	愛電機	245	245	245	245	1
6624	田淵電	0	0	0	0	0
6641	日新電	236	239	227	230	160
6643	戸上電	153	153	153	153	15
6644	大崎電	626	627	603	603	6
6645	オムロン	2495	2495	2410	2435	259
6646	エナジーサポ	400	400	399	399	130
6647	森尾電	100	105	100	105	8
6650	春日電	123	128	123	128	2
6651	日東工	880	880	850	850	13
6652	和泉電	1169	1169	1130	1130	15
6654	不二電機	0	0	0	0	0
6655	東洋電機	0	0	0	0	0
6701	ＮＥＣ	2150	2170	2075	2120	7168
6702	富士通	1745	1752	1703	1703	3944
6703	沖電気	525	530	507	519	1051
6704	岩崎通	216	216	210	210	116
6705	ＮＥＣインフ	527	527	506	525	72
6706	電気興	636	640	633	640	64
6707	サンケン	594	604	590	590	132
6708	東洋通	780	800	745	761	55
6709	明星電	0	0	0	0	0
6710	大興電機製作	175	175	175	175	3
6711	高見澤電機	195	195	195	195	2
6712	田村電機製作	210	213	207	207	25
6714	神田通信工業	156	156	155	155	6
6715	ナカヨ通	240	243	240	243	3
6716	中央無	0	0	0	0	0
6717	富士通アクセ	1190	1210	1154	1157	15.6
6718	アイホン	1040	1040	1020	1020	4.4
6741	信号	365	367	361	361	70
6742	京三	226	229	222	223	30
6743	大同信	0	0	0	0	0
6744	能美防災	378	378	377	377	12
6745	ホーチキ	294	294	294	294	1
6747	小糸工	290	290	276	276	4
6748	星和電	440	440	440	440	3
6749	マスプロ	1020	1035	1020	1020	4.8
6751	日無線	770	770	741	757	106
6752	松下	2780	2785	2680	2695	3520
6753	シャープ	1390	1391	1336	1343	1616
6754	アンリツ	2980	3010	2820	2870	1104
6755	富士通ゼ	530	530	515	515	41
6756	日立国際	894	894	860	867	137
6758	ソニー	8300	8430	8200	8230	2575.9
6759	ＮＥＣトーキ	1357	1365	1331	1360	76
6761	アイワ	875	875	790	815	92.8
6762	ＴＤＫ	11170	11240	10880	10880	443.6
6763	帝通工	312	320	311	320	55
6764	三洋電	970	973	941	953	2796
6765	ケンウッド	246	247	234	234	185
6766	宮越商	33	33	32	33	29
6767	ミツミ	1959	1959	1800	1869	204
6768	タムラ	398	398	371	371	62
6770	アルプス	1760	1799	1700	1701	296
6771	池上通	211	212	209	210	64
6772	コスモス	0	0	0	0	0
6773	パイオニア	3020	3100	2950	2950	744
6775	東和メクス	90	90	74	86	59
6776	天昇電	0	0	0	0	0
6779	日電波	3640	3640	3500	3510	24.3
6781	松下通信工業	14740	14740	14250	14250	237.5
6782	九州松下電器	1020	1054	1020	1026	76
6783	松下寿電子	1702	1716	1650	1658	78
6786	リアルＶ	1750000	1750000	1670000	1700000	0.006
6787	メイコー	960	990	960	960	30
6788	日本トリム	1500	1590	1400	1430	152
6789	ローランドDG	720	740	720	740	3.6
6790	野田スクリン	3200000	3200000	3200000	3200000	0.001
6791	コロムビア	173	177	170	171	17
6792	ビクター	742	752	734	749	107
6793	山水電	7	8	7	7	743
6794	フォスター	460	460	441	441	41
6796	クラリオン	264	264	238	248	461
6797	名古屋電機	0	0	0	0	0
6798	ＳＭＫ	545	546	496	497	119
6799	日本マランツ	185	185	183	183	5
6800	ヨコオ	1900	1930	1860	1860	12
6801	東光	563	567	542	547	235
6802	赤井電機	1	1	1	1	42
6803	ティアック	311	311	303	303	35
6804	ホシデン	4340	4430	4330	4390	92
6806	ヒロセ電	11400	11400	10810	11080	45.3
6807	航空電子	793	797	755	755	64
6808	シントム	24	26	23	23	1186
6809	ＴＯＡ	297	297	280	280	9
6810	マクセル	1990	1990	1917	1959	32
6811	クオンツ	255	255	236	236	5
6812	ジャルコ	0	0	0	0	0
6813	ナカミチ	63	64	61	64	67
6814	古野電	300	300	282	282	4
6815	ユニデン	559	559	530	531	128
6816	アルパイン	1198	1198	1170	1197	22
6817	スミダコーポ	3950	4030	3930	3930	15.3
6818	島田理	999	999	999	999	0.4
6819	オメガ・プロ	264	274	245	247	180
6820	アイコム	1198	1198	1180	1180	0.6
6821	バーテクスＳ	890	890	880	890	15
6822	大井電気	200	200	200	200	2
6823	リオン	600	600	600	600	1
6824	新コスモス	395	395	390	390	2
6825	パトライト	1350	1350	1300	1300	7
6826	本多通信	2610	2700	2600	2600	3.4
6827	東北パイオ	4490	4600	4490	4500	21
6828	シメオ精密	7000	7000	7000	7000	7
6829	ソーテック	820000	880000	820000	840000	0.054
6830	ＹＯＺＡＮ	2980000	2980000	2820000	2820000	0.031
6832	アオイ電子	3300	3400	3250	3400	10
6833	日電産リード	2060	2060	2060	2060	1
6834	精工技研	27000	27300	26400	26400	7.4
6835	アライドＨＤ	4010	4040	3990	4000	0.7
6836	ぷらっと	5750000	5750000	5700000	5700000	0.003
6837	京写	750	750	740	740	5
6838	多摩川電	1410	1410	1410	1410	1
6839	船井電	8680	8880	8620	8700	47
6840	アドテック	1350	1400	1280	1310	17
6841	横河電	980	980	925	949	206
6842	ユニパルス	0	0	0	0	0
6843	東光精機	230	230	230	230	1
6844	新電元	611	611	602	602	56
6845	山武	1140	1140	1091	1091	39
6846	中央製	0	0	0	0	0
6847	安藤電気	940	943	939	943	11
6848	東亜ＤＫＫ	330	330	310	310	39
6849	日本光電	295	295	289	289	2
6850	チノー	212	215	210	211	14
6851	大倉電気	140	140	140	140	9
6852	テクノセブン	137	137	134	134	3
6853	共和電	297	297	277	277	17
6855	電子材料	1500	1500	1450	1450	8
6856	堀場製	855	855	830	835	14
6857	アドバンテスト	11100	11530	10900	11240	478.4
6858	小野測器	179	179	160	160	7
6859	エスペック	1038	1038	1005	1005	5
6860	サンクス	1159	1159	1100	1100	3
6861	キーエンス	27400	28310	27400	28220	74.8
6862	ミナトエレ	0	0	0	0	0
6863	ニレコ	0	0	0	0	0
6864	ＮＦ回路	0	0	0	0	0
6866	ＨＩＯＫＩ	0	0	0	0	0
6867	リーダー電子	0	0	0	0	0
6868	東カソード	940	940	900	920	2
6869	シスメックス	2740	2740	2700	2700	3.8
6870	フェンオール	489	489	489	489	1
6871	日本マイクロ	1550	1550	1550	1550	0.7
6872	日本コーリン	7400	7420	6900	7240	11.2
6873	日立電子Ｅ	565	565	565	565	2
6874	協立電機	1900	1900	1840	1840	1
6875	メガチップス	3710	3760	3520	3520	10.3
6876	光波	1750	1750	1720	1750	0.5
6877	ＯＢＡＲＡ	1000	1000	1000	1000	2
6878	長野日無	514	535	500	535	4
6879	フォトロン	0	0	0	0	0
6880	シンワ	0	0	0	0	0
6881	キョウデン	2045	2045	2000	2025	5
6882	三社電機	845	850	845	849	5
6883	電産コ電	1210	1210	1160	1180	9
6884	デジタル	0	0	0	0	0
6885	ミヤチテクノ	3440	3550	3200	3200	9.2
6886	グラフィック	0	0	0	0	0
6887	日本ＬＳＩカード	180000	182000	180000	182000	0.006
6888	アクモス	380000	380000	340000	350000	0.011
6889	オーデリック	0	0	0	0	0
6890	フェローテク	2320	2320	2180	2180	6
6891	イーター電機	421	421	421	421	1
6892	シチズン電子	5700	5750	5700	5750	0.6
6893	タイテック	690	690	688	688	2
6894	パルステック	0	0	0	0	0
6895	ダイヤ電機	423	423	422	422	8
6896	北川工業	869	880	869	879	4.7
6897	ツインバード	0	0	0	0	0
6898	トミタ電機	0	0	0	0	0
6899	ＡＳＴＩ	0	0	0	0	0
6900	東京電波	3100	3150	2980	2980	15.4
6901	沢藤電	198	198	198	198	3
6902	デンソー	2510	2520	2480	2500	613
6904	原田工業	0	0	0	0	0
6905	コーセル	3070	3100	2950	2950	3.3
6906	キヤ･コンポ	220	220	220	220	1
6907	ジオマテック	1900	1900	1860	1860	5.6
6908	イリソ電子	0	0	0	0	0
6909	北部通信工業	225	225	225	225	1
6910	日立メディコ	1169	1169	1160	1160	4
6911	新日無	710	720	701	701	8
6912	菊水電子	425	425	425	425	1
6913	メルコ	2470	2475	2280	2280	23.4
6914	オプテックス	880	880	880	880	2
6915	千代田インテ	1250	1250	1250	1250	2
6916	アイオデータ	1140	1190	1140	1150	11.6
6917	デンセラムダ	2390	2470	2270	2275	26.1
6918	アバール	670	670	670	670	2
6919	ケル	590	590	590	590	2
6920	レーザーテク	1740	1740	1740	1740	1
6921	東光電	0	0	0	0	0
6922	昭和情報	0	0	0	0	0
6923	スタンレー	1020	1024	980	980	296
6924	岩崎電	305	309	290	298	141
6925	ウシオ電	1835	1865	1800	1800	151
6926	岡谷電	285	285	278	278	18
6928	エノモト	660	660	660	660	1
6929	日セラ	2040	2095	2040	2045	8
6930	日本アンテナ	1040	1040	1030	1030	2
6931	日本電池	330	330	320	321	135
6932	ユアサコーポ	329	330	320	329	5
6933	ＹＵＡＳＡ	218	218	200	200	220
6934	新神戸	455	460	448	449	30
6935	日デジタル	1346	1346	1237	1259	15.6
6936	東洋高砂乾	110	110	110	110	2
6937	古河池	253	253	248	248	2
6938	双信電機	725	780	725	780	6
6939	ＵＭＣＪ	930000	930000	921000	930000	0.256
6940	多摩電気	280	280	280	280	1
6941	山一電機	1750	1775	1669	1700	3.2
6942	ソフィア	0	0	0	0	0
6943	開閉器	570	570	570	570	1
6944	アイレックス	193	193	193	193	1
6945	ＦＴＥＣ	540	540	530	530	2
6946	日本アビオ	0	0	0	0	0
6947	図研	2200	2210	2100	2120	54.9
6948	住友電装	0	0	0	0	0
6949	キンセキ	1090	1090	1020	1020	50
6950	ＹＥデータ	350	365	350	365	4
6951	日電子	560	567	550	550	18
6952	カシオ	945	950	917	917	306
6954	ファナック	8160	8160	7670	7700	291.3
6955	ＦＤＫ	1186	1200	1185	1185	24
6956	神明電	0	0	0	0	0
6957	芝浦電子	280	280	270	270	3.5
6958	日本ＣＭＫ	1651	1689	1651	1661	24
6960	フクダ電	2180	2180	2010	2010	14
6961	エンプラス	3900	3990	3610	3650	6.1
6962	大真空	610	615	598	600	61
6963	ローム	22900	23310	22740	23270	334
6964	サンコー	949	949	949	949	10
6965	ホトニクス	8150	8180	7800	7800	65.5
6966	三井ハイテク	1410	1422	1360	1360	35.1
6967	新光電工	3300	3340	3200	3200	17.6
6968	グラフテック	147	148	125	125	50
6969	松尾電	431	436	430	430	7
6970	日本コンラックス	550	550	537	538	14
6971	京セラ	12620	12790	12280	12300	701.3
6972	エルナー	305	310	300	300	18
6973	協栄産	341	341	331	331	6
6974	日本インター	285	285	285	285	1
6975	ＮＥＯＭＡＸ	985	990	950	950	65
6976	太陽電	4020	4030	3930	3970	421
6977	抵抗器	200	200	200	200	1
6980	日立ＡＩＣ	760	760	743	743	26
6981	村田製	13990	14060	13780	13840	495.1
6982	リード	205	205	195	195	17
6984	朝日ナショナ	0	0	0	0	0
6985	ユーシン	348	348	346	346	18
6986	双葉電	3550	3550	3400	3400	43
6988	日東電	3230	3240	3040	3150	188.6
6989	北電工	229	229	211	211	141
6991	松電工	1300	1300	1275	1275	429
6992	国産電	0	0	0	0	0
6993	森電機	86	87	86	87	11
6994	指月電	193	195	193	195	8
6995	東海理	834	834	808	808	9
6996	ニチコン	1635	1655	1580	1583	67.6
6997	日ケミコン	811	812	781	781	297
6998	タングス	292	305	290	290	10
6999	ＫＯＡ	2035	2035	1960	1960	30.5
7003	三井造	110	110	103	104	478
7004	日立造	87	87	81	82	2193
7007	佐世保	69	69	65	65	233
7011	三菱重	488	490	480	490	5487
7012	川重	128	128	122	125	1317
7013	石川島	243	244	235	241	1722
7014	名村造	164	168	164	168	110
7018	内海造	0	0	0	0	0
7020	サノヤス	145	146	142	142	26
7021	ニッチツ	148	148	148	148	1
7052	信貴造船所	0	0	0	0	0
7102	日車両	195	197	181	189	204
7104	富士車輌	103	104	100	100	28
7105	ニチユ	179	179	171	174	6
7122	近畿車	127	127	125	126	19
7123	東急車輌製造	70	70	68	68	21
7124	輸送機工業	0	0	0	0	0
7142	ナブコ	149	149	143	143	15
7201	日産自	649	650	626	636	6518
7202	いすゞ	211	215	209	209	305
7203	トヨタ	3700	3740	3690	3720	2664.8
7204	小松ゼノア	228	228	220	225	14
7205	日野自	458	460	440	440	309
7210	日産ディ	101	101	95	95	146
7211	三菱自	335	335	326	330	339
7212	エフテック	0	0	0	0	0
7218	田中精密	750	750	750	750	1
7219	ＨＫＳ	0	0	0	0	0
7220	武蔵精密	0	0	0	0	0
7221	トヨ車	1012	1012	1000	1000	21
7222	産車体	145	145	142	142	48
7223	関東自	581	581	568	568	12
7224	新明和	166	166	163	163	59
7225	小松フォーク	152	153	151	151	10
7226	極東開発	411	416	411	415	7.6
7227	アスカ	0	0	0	0	0
7228	デイトナ	0	0	0	0	0
7229	ユタカ技研	0	0	0	0	0
7230	日信工業	1690	1690	1640	1650	9
7231	トピー	165	165	156	158	197
7232	トキコ	190	190	182	185	100
7233	自部品	72	72	72	72	3
7234	橋本フォーミング	59	60	59	59	14
7235	東ラヂ	112	112	112	112	1
7236	ティラド	416	420	416	419	151
7237	ボッシュブレーキ	0	0	0	0	0
7238	ブレーキ	203	203	187	187	20
7239	タチエス	500	500	500	500	1
7240	ＮＯＫ	1311	1360	1311	1320	231
7241	フタバ	1367	1373	1360	1360	33
7242	カヤバ	174	176	172	175	77
7243	シロキ	200	200	190	190	34
7244	市光工	190	195	185	185	41
7245	大同メ	560	560	540	555	30
7246	プレス工	63	64	62	62	96
7247	ミクニ	120	120	120	120	3
7248	カルソニック	280	282	275	275	100
7249	尾張精	0	0	0	0	0
7250	太平洋工	252	252	245	245	15
7251	ケーヒン	1000	1010	994	994	19
7252	富士機	0	0	0	0	0
7253	日本ガスケット	0	0	0	0	0
7254	フジユニ	163	163	163	163	1
7255	桜井製	790	790	790	790	1
7256	河西工	163	169	155	160	75
7257	自転車電機工	341	341	335	335	7
7258	栃木富士産業	199	199	193	193	13
7259	アイシン	1550	1550	1517	1519	45
7260	富士機工	202	204	202	204	2
7261	マツダ	297	297	288	295	1152
7262	ダイハツ	879	879	849	850	61
7263	愛知機	180	180	169	178	99
7264	ＭＵＲＯ	0	0	0	0	0
7265	エイケン工業	0	0	0	0	0
7266	今仙電機	328	328	328	328	9
7267	ホンダ	4210	4300	4200	4300	1895
7268	タツミ	0	0	0	0	0
7269	スズキ	1180	1192	1148	1148	429
7270	富士重	724	724	696	696	762
7271	安永	0	0	0	0	0
7272	ヤマハ発	789	789	757	763	56
7273	イクヨ	0	0	0	0	0
7274	ショーワ	620	620	609	609	14
7275	ユニシア	174	174	167	174	45
7276	小糸製	480	480	454	454	73
7277	ＴＢＫ	91	91	87	87	7
7278	エクセディ	769	789	750	750	4.5
7279	ケーブル	988	988	988	988	1
7280	ミツバ	398	398	397	398	5
7282	豊田合	2455	2525	2415	2415	78
7283	愛三工	600	600	600	600	4
7284	盟和産	223	223	223	223	2
7285	池田物産	105	106	105	106	27
7286	イズミ工業	0	0	0	0	0
7287	日精機	600	600	551	551	6
7288	テクノエイト	0	0	0	0	0
7289	マーレ テネックス	173	173	173	173	1
7290	日発精密工業	290	290	280	280	8
7291	日本プラスト	0	0	0	0	0
7292	村上開明	0	0	0	0	0
7293	大井製作所	0	0	0	0	0
7294	ヨロズ	411	420	407	420	7.3
7295	アイエス製機	395	395	395	395	1
7296	ＦＣＣ	0	0	0	0	0
7297	カーメイト	0	0	0	0	0
7298	八千代工	0	0	0	0	0
7299	フジオーゼ	210	210	209	209	2
7301	宮田	100	105	100	105	3
7305	新家工	94	94	94	94	5
7306	丸石自転車	201	201	201	201	1
7308	ツノダ	0	0	0	0	0
7309	シマノ	2300	2320	2265	2285	76.4
7399	ナンシン	195	195	195	195	2
7404	昭和飛	248	248	248	248	1
7407	日本飛行機	233	245	233	244	23
7408	ジャムコ	458	458	458	458	3
7410	横浜鋼業	0	0	0	0	0
7411	成和産業	0	0	0	0	0
7412	アトム	1280	1320	1280	1300	2.5
7413	創健社	0	0	0	0	0
7414	小野建	0	0	0	0	0
7415	新星堂	204	204	200	200	2
7416	はるやま	679	679	679	679	2.5
7418	ヤマキ	0	0	0	0	0
7419	ノジマ	1400	1430	1400	1400	1.6
7420	佐鳥電機	1170	1170	1150	1150	2
7421	カッパクリエ	4600	4650	4600	4650	0.2
7422	東邦レマック	580	580	580	580	1
7423	フォンテーヌ	1150	1150	1101	1101	2.1
7424	ニコニコ堂	175	175	175	175	1
7425	初穂商事	299	299	299	299	1
7426	山大	108	108	108	108	1
7427	エコーＴＤ	1260	1370	1260	1370	2.7
7428	江戸沢	774	774	770	770	1.5
7429	セイジョー	1160	1160	1139	1139	0.5
7430	サンワドー	495	505	495	505	4.6
7432	ダルトン	273	273	273	273	1
7433	伯東	3190	3190	3070	3110	39.8
7434	オータケ	1680	1680	1680	1680	0.1
7435	ナ・デックス	500	500	500	500	2
7437	シーアンドエス	4020	4020	3920	3920	17.8
7438	コンドー	370	375	370	375	2
7439	サンミック千代田	180	180	180	180	3
7440	クラフト	0	0	0	0	0
7442	中山福	320	320	320	320	1
7443	横浜魚類	0	0	0	0	0
7444	ハリマ共和	0	0	0	0	0
7445	ライトオン	1655	1670	1562	1562	13.5
7446	東北化学	0	0	0	0	0
7447	ナガイレーベ	2150	2180	2150	2150	0.7
7448	ジンズメイト	720	720	700	700	4.9
7449	太洋興業	0	0	0	0	0
7450	サンデー	735	750	735	750	3
7451	菱食	4590	4590	4200	4200	3.1
7452	マツヤ	0	0	0	0	0
7453	良品計画	4400	4400	4100	4190	25
7454	ホットスパー	93	93	78	78	7
7455	三城	2615	2615	2300	2305	34.1
7456	松田産業	2120	2120	2120	2120	1.5
7457	セキテクノ	0	0	0	0	0
7458	第一興商	1400	1400	1350	1350	8.2
7459	メディセオＨＤ	915	915	895	899	30.7
7460	ヤギ	0	0	0	0	0
7461	キムラ	0	0	0	0	0
7462	ダイヤ通商	517	517	517	517	2
7463	アドヴァン	1130	1130	1050	1080	5
7464	セフテック	0	0	0	0	0
7465	ＭＶ北海道	1650	1650	1650	1650	0.6
7466	ＳＰＫ	999	999	999	999	0.1
7467	萩原電気	0	0	0	0	0
7468	アムスク	771	771	770	770	2
7470	サロモンメイド	600	600	580	600	9
7471	ふじ	0	0	0	0	0
7472	鳥羽洋行	980	980	951	951	2
7473	静岡スバル	330	330	330	330	1
7474	パオ	0	0	0	0	0
7475	アルビス	490	490	490	490	3
7476	アズワン	1790	1790	1760	1760	5.5
7477	ムラキ	0	0	0	0	0
7478	ブルーグラス	470	470	461	461	5
7479	サンマルク	3690	3690	3620	3620	0.2
7480	スズデン	550	550	520	520	2
7481	尾家産	0	0	0	0	0
7482	シモジマ	0	0	0	0	0
7483	ドウシシャ	0	0	0	0	0
7485	岡谷鋼機	0	0	0	0	0
7486	サンリン	0	0	0	0	0
7487	小津産業	0	0	0	0	0
7488	ヤガミ	830	830	830	830	1
7490	日新商	0	0	0	0	0
7491	ＯＡシステム	440	440	440	440	1
7492	タイカン	0	0	0	0	0
7494	コナカ	628	638	628	628	2.3
7495	レオ	0	0	0	0	0
7496	八千代ムセン	808	808	808	808	1
7497	マインマート	960	960	960	960	0.1
7498	ジャパン	2050	2050	2035	2035	1.7
7500	西川計測	0	0	0	0	0
7501	ティムコ	0	0	0	0	0
7502	プラザクリエ	0	0	0	0	0
7503	ＩＭＩ	0	0	0	0	0
7504	高速	681	681	681	681	8
7505	扶桑電通	480	480	480	480	11
7506	ハウスローゼ	0	0	0	0	0
7507	浜 勝	0	0	0	0	0
7508	オートセブ	0	0	0	0	0
7509	アイエー	420	420	420	420	1
7510	竹菱電機	0	0	0	0	0
7511	ジプロ	0	0	0	0	0
7512	ポスフール	895	895	830	830	6.7
7513	コジマ	2080	2080	2030	2030	50.5
7514	ヒマラヤ	429	429	428	428	4
7515	マルヨシ	0	0	0	0	0
7516	コーナン	998	1000	990	995	4.9
7517	黒田電気	2020	2050	1960	1960	3.4
7518	ネットワン	2920000	2960000	2650000	2660000	0.245
7519	五洋インテ	0	0	0	0	0
7520	エコス	450	450	450	450	0.2
7521	ムサシ	1000	1000	990	990	2
7522	ワタミ	4440	4490	4250	4260	8.2
7523	アールビバン	950	999	950	999	1.3
7524	マルシェ	1000	1000	985	985	1
7527	システムソフ	0	0	0	0	0
7528	安藤薬業公司	290	290	290	290	1
7529	はるやま	0	0	0	0	0
7530	ナブコドア	0	0	0	0	0
7531	清和鋼業	0	0	0	0	0
7532	ドンキホーテ	9100	9200	8700	8700	20.8
7535	グッドマン	1700	1700	1700	1700	0.4
7536	船橋薬品	0	0	0	0	0
7537	丸文	1320	1320	1250	1250	8
7538	大水	0	0	0	0	0
7539	アベルコ	0	0	0	0	0
7540	エルエスフェンス	0	0	0	0	0
7541	メガネトップ	1740	1750	1700	1700	1.3
7542	ビスケーＨＤ	780	780	780	780	1
7543	ミスタージョン	400	420	400	420	4
7544	スリーエフ	0	0	0	0	0
7545	西松屋チェ	1660	1660	1600	1600	1.9
7547	オートハローズ	0	0	0	0	0
7548	サンクスＪＰ	0	0	0	0	0
7549	エス・エス・ブイ	0	0	0	0	0
7550	ゼンショー	0	0	0	0	0
7551	ウェッズ	0	0	0	0	0
7552	ハピネット	1800	1860	1800	1812	3
7553	サザビー	4510	4600	4450	4450	2.8
7554	幸楽苑	0	0	0	0	0
7555	大田花き	0	0	0	0	0
7556	住商エレク	1150	1150	1120	1130	6.5
7557	サンクス	3480	3530	3430	3430	6.8
7558	トーメンエレ	3800	3800	3700	3700	0.3
7559	ジーエフシー	660	660	660	660	3
7560	ユニマット	826	861	826	861	3.7
7561	ハークスレイ	1790	1800	1790	1800	0.5
7562	安楽亭	729	729	729	729	2
7563	ニッパン	186	186	186	186	2
7564	ワークマン	0	0	0	0	0
7565	万世電機	0	0	0	0	0
7566	ジャパンケア	1610	1610	1600	1600	4
7567	栄電子	0	0	0	0	0
7568	クレックス	0	0	0	0	0
7569	モンテカルロ	0	0	0	0	0
7570	橋本総業	0	0	0	0	0
7571	ヤマノＨＣ	0	0	0	0	0
7573	ツルハ	1420	1450	1400	1410	7.4
7574	共信テクノ	1150	1150	1150	1150	1
7575	日本ライフＬ	710	710	710	710	0.1
7576	ベターライフ	470	470	470	470	1
7577	パスポート	0	0	0	0	0
7578	ニチリョク	605	605	600	600	3
7579	オリジン東	3400	3400	3350	3350	4
7580	フーズネット	0	0	0	0	0
7581	サイゼリヤ	5970	5970	5650	5650	12.2
7582	富デバイス	1262	1278	1200	1200	30
7583	通商	0	0	0	0	0
7584	丸紅インフォ	0	0	0	0	0
7585	かんなん	0	0	0	0	0
7586	寺島薬局	900	900	870	870	0.5
7587	ＰＡＬＴＥＫ	2100	2100	1970	1970	0.7
7588	シートゥーネット	0	0	0	0	0
7589	デジキューブ	511000	511000	475000	477000	0.005
7590	タカショー	435	440	425	440	3
7591	エクセル	1040	1040	1020	1020	5
7592	アイ・ユー・ケイ	0	0	0	0	0
7593	ＶＴＨＤ	0	0	0	0	0
7594	マルカキカイ	340	340	315	315	5
7595	アルゴグラフ	1670	1740	1670	1740	0.7
7596	魚力	1450	1450	1450	1450	2.6
7597	東京貴宝	0	0	0	0	0
7598	ナイスクラ	245	245	240	245	5
7599	ガリバー	1480	1480	1280	1280	9.4
7600	日本ＭＤＭ	3300	3300	3200	3200	0.3
7601	ポプラ	1005	1010	1005	1005	2.2
7602	ジャック	1382	1400	1381	1391	4
7603	マックハウス	0	0	0	0	0
7604	梅の花	730000	730000	675000	675000	0.003
7605	フジコーポ	135	135	135	135	1
7606	Ｕアローズ	829	829	810	810	1.9
7607	進和	0	0	0	0	0
7608	ＳＫジャパン	0	0	0	0	0
7609	ダイトエレク	1830	1830	1740	1740	6
7610	テイツー	330000	340000	330000	330000	0.004
7611	ハイデ日高	0	0	0	0	0
7612	コモンウェル	0	0	0	0	0
7613	シークス	1190	1190	1150	1150	0.7
7614	オーエムツー	1630	1630	1630	1630	0.1
7615	京都友禅	0	0	0	0	0
7616	コロワイド	1940	2000	1940	2000	7.5
7617	オオゼキ	0	0	0	0	0
7618	ＰＣＤＥＰＯ	0	0	0	0	0
7619	田中商事	0	0	0	0	0
7620	ヤマト硝子	475	510	470	490	20
7621	うかい	0	0	0	0	0
7622	焼肉サカイ	890	920	890	910	0.6
7623	サンオータス	0	0	0	0	0
7624	内藤	880	880	880	880	1
7625	ダイニング	1550	1550	1500	1500	2.2
7626	ドッドウエル	0	0	0	0	0
7627	なか卯	0	0	0	0	0
7628	オーハシテク	0	0	0	0	0
7629	ムラチク	0	0	0	0	0
7630	壱番屋	770	780	770	770	9
7631	マクニカ	9100	9250	8800	8800	7.4
7632	住商メタレックス	565	580	565	565	4
7633	明響社	280	280	275	280	18
7634	星医療	1220	1230	1220	1230	3
7635	杉田エース	0	0	0	0	0
7636	ハンズマン	0	0	0	0	0
7637	白 銅	0	0	0	0	0
7638	シーマ	0	0	0	0	0
7639	贔屓屋	699	699	699	699	3
7640	トップカル	0	0	0	0	0
7641	フォーユー	489000	489000	489000	489000	0.005
7642	ビジョン	505	505	500	500	2.1
7643	ダイイチ	0	0	0	0	0
7644	常盤薬品	0	0	0	0	0
7645	日本トイザ	13100	13100	13000	13100	5.5
7646	ＰＬＡＮＴ	2500	2500	2480	2500	6
7647	音通	126	131	126	131	3
7648	トーカン	0	0	0	0	0
7649	スギ薬局	0	0	0	0	0
7701	島津	388	389	384	385	135
7702	ＪＭＳ	376	376	356	366	24
7703	川澄化	1075	1075	1050	1050	17
7704	アロカ	930	930	930	930	4
7705	ジーエル	1320	1330	1320	1320	7
7706	セントラユニ	0	0	0	0	0
7711	助川電気	211	211	211	211	1
7713	シグマ光機	1620	1660	1600	1600	20
7714	モリテックス	5000	5100	4550	4550	36.6
7715	長野計器	2470	2470	2470	2470	2
7716	ナカニシ	2000	2000	2000	2000	6
7717	ブイテクノ	820000	820000	820000	820000	0.002
7718	スター精	1245	1270	1200	1220	12
7719	東衡機	0	0	0	0	0
7720	ソキア	150	155	150	150	28
7721	トキメック	119	119	115	115	23
7723	愛時計	255	260	250	250	9
7724	金門	111	116	111	111	13
7726	黒田精	261	261	261	261	1
7727	オーバル	0	0	0	0	0
7728	電産トーソク	793	793	793	793	5
7729	東京精	6890	6890	6570	6770	70.4
7731	ニコン	1260	1277	1239	1256	1004
7732	トプコン	324	324	303	303	18
7733	オリンパス	1945	1960	1933	1940	593
7734	理計器	411	426	411	426	3
7735	スクリン	569	569	542	556	655
7736	ユニオンＨＤ	0	0	0	0	0
7738	チノン	315	315	310	310	3
7739	キヤノン電	1050	1050	1021	1021	7
7740	タムロン	955	955	955	955	4
7741	ＨＯＹＡ	8700	8700	8360	8450	174.7
7743	シード	0	0	0	0	0
7744	ノーリツ鋼機	2520	2520	2350	2355	9.6
7750	ペンタックス	258	260	254	254	80
7751	キヤノン	4250	4260	4190	4190	2580
7752	リコー	2135	2135	1966	1981	2082
7753	ミノルタ	439	449	430	446	229
7756	電産コパル	1279	1279	1227	1227	14
7757	三協精	680	700	677	693	84
7758	セコニック	306	306	300	305	6
7762	シチズン	824	824	800	800	299
7764	オリエント時計	141	146	141	145	6
7765	リコーエレメ	631	631	631	631	14
7768	ジェコー	0	0	0	0	0
7769	リズム	164	165	162	162	116
7770	ミヨタ	1910	1910	1910	1910	1
7771	日本精密	431	431	431	431	1
7854	バンプレスト	1550	1550	1550	1550	1
7855	カーディナル	0	0	0	0	0
7856	萩原工業	0	0	0	0	0
7857	セキ	1450	1450	1450	1450	1
7858	小野産業	0	0	0	0	0
7859	アルメディオ	0	0	0	0	0
7860	エイベックス	6700	6700	6240	6510	41.2
7861	東京リスマ	880	930	878	920	21.7
7862	トッパンフォ	1731	1731	1700	1700	34.6
7863	平賀	600	600	600	600	1
7864	フジシール	3030	3030	3000	3020	2.9
7865	ピープル	930	930	930	930	0.5
7866	アトラス	681	700	680	700	2.4
7867	トミー	2740	2800	2700	2745	17.4
7868	広済堂	997	997	980	980	2.5
7869	日本フォーム	380	405	380	390	3
7870	福島印刷	0	0	0	0	0
7871	フクビ	0	0	0	0	0
7872	エステール	0	0	0	0	0
7873	アーク	0	0	0	0	0
7874	スルガ	3790	3790	3740	3740	0.6
7875	竹田印刷	0	0	0	0	0
7876	三陽PAX	0	0	0	0	0
7877	永大化工	560	560	560	560	1
7878	光彩工芸	0	0	0	0	0
7879	ノダ	445	445	427	427	2.4
7880	南部化成	0	0	0	0	0
7881	ニッソー	0	0	0	0	0
7882	アロン化成	345	345	339	339	9
7883	サンメッセ	0	0	0	0	0
7884	本間ゴルフ	260	260	255	255	2.8
7885	タカノ	1370	1370	1301	1301	0.2
7886	ヤマト・イン	0	0	0	0	0
7887	南プラ	0	0	0	0	0
7888	三光合成	0	0	0	0	0
7889	桑山	0	0	0	0	0
7890	アテナ工業	0	0	0	0	0
7891	日本ユピカ	0	0	0	0	0
7892	宇部日東化成	268	268	267	267	4
7893	亜細亜	0	0	0	0	0
7895	中央化学	1700	1700	1700	1700	4.9
7896	セブン工業	0	0	0	0	0
7897	ホクシン	95	113	95	113	11.2
7898	ウッドワン	580	580	560	560	9
7899	オザキ軽化	350	350	340	340	3
7900	大出産業	0	0	0	0	0
7901	マツモト	0	0	0	0	0
7902	ソノコム	0	0	0	0	0
7903	名木材	0	0	0	0	0
7904	天竜木	0	0	0	0	0
7905	大建工	296	297	296	296	22
7906	ヨネックス	380	380	380	380	1
7907	日防腐	0	0	0	0	0
7908	きもと	0	0	0	0	0
7909	シーアイ化	309	309	288	288	5
7910	段谷産業	56	68	54	55	68
7911	凸版	1005	1009	986	986	1088
7912	大日印	1731	1731	1650	1687	838
7913	図書印	209	210	209	210	25
7914	共同印	305	305	300	301	43
7915	日写印	583	585	578	585	53
7916	光村印	320	320	296	300	76
7917	藤森工業	790	790	790	790	1
7918	ヴィアＨＤ	325	325	325	325	1
7919	野崎紙	0	0	0	0	0
7920	三浦印	0	0	0	0	0
7921	宝印刷	846	846	846	846	2
7922	三光産業	0	0	0	0	0
7923	トーイン	250	250	250	250	1
7925	前沢化成	1100	1100	1097	1097	0.3
7926	ベルテクノ	0	0	0	0	0
7927	ムトー精工	860	860	860	860	1
7928	旭化学	500	500	500	500	1
7929	新輝合成	0	0	0	0	0
7931	未来工業	950	960	950	960	2.6
7932	ニッピ	0	0	0	0	0
7933	ファイリング	0	0	0	0	0
7934	メルクス	70	70	61	61	12
7935	コンビ	550	580	500	500	13.5
7936	アシックス	99	99	98	98	255
7937	ツツミ	1620	1620	1530	1530	2.9
7938	リーガル	0	0	0	0	0
7939	研創	0	0	0	0	0
7940	ウェーブＨＤ	230	230	230	230	1
7942	ＪＳＰ	0	0	0	0	0
7943	ニチハ	626	626	615	616	7.9
7944	ローランド	1878	1878	1851	1855	2.1
7945	コマニー	500	500	500	500	2
7946	光陽社	0	0	0	0	0
7947	エフピコ	3500	3600	3430	3600	5.2
7948	ＡＷ・エモト	0	0	0	0	0
7949	小松ウオール	922	922	922	922	1
7950	日デコラ	413	413	413	413	2
7951	ヤマハ	1119	1120	1071	1100	105
7952	河合楽	128	128	125	125	34
7953	菊水化	0	0	0	0	0
7954	ジャレコ	911	911	850	875	14
7955	クリナップ	500	500	481	482	24
7956	ピジョン	760	761	753	753	5
7957	フジコピアン	107	107	107	107	1
7958	天馬	1009	1010	980	980	12
7959	オリバー	0	0	0	0	0
7960	パラマウント	3600	3600	3510	3510	16.7
7961	兼松日産農	146	146	131	132	10
7962	キングジム	580	580	580	580	4
7963	興研	0	0	0	0	0
7964	セガ	1152	1190	1041	1080	1058.7
7965	象印	0	0	0	0	0
7966	リンテック	1050	1050	1016	1016	13
7967	バンダイ	4200	4270	4180	4180	26.8
7968	田崎真珠	409	409	401	401	4
7969	タカラ	460	460	440	450	41
7970	信越ポリ	627	627	602	602	22
7971	東リ	191	191	189	189	8
7972	イトーキ	278	278	268	268	47
7973	ホウトク	139	139	139	139	1
7974	任天堂	18700	19040	18550	18700	239.3
7975	リヒトラブ	209	209	209	209	1
7976	菱鉛筆	735	742	735	742	5
7977	フランスベッド	330	335	325	325	35
7979	松風	0	0	0	0	0
7980	重松製	0	0	0	0	0
7981	タカラスタ	404	404	400	400	39
7983	ミロク	0	0	0	0	0
7984	コクヨ	1732	1732	1717	1725	45
7985	ネポン	240	240	240	240	1
7986	キング工	0	0	0	0	0
7987	ナカバヤシ	245	245	240	240	8
7988	ニフコ	1050	1060	1035	1035	28
7989	ブラインド	689	689	689	689	0.1
7990	ダイワ精	120	120	115	115	10
7991	マミヤＯＰ	204	204	194	194	15
7992	セーラー	562	562	520	525	65
7993	サンウエブ	175	177	175	175	6
7994	岡村製	547	570	532	565	381
7995	バルカー	153	153	140	142	31
7996	パイロット	499	499	499	499	7
7997	くろ工	0	0	0	0	0
7999	武藤工	278	285	275	275	70
8000	カイゲン	460	460	460	460	2
8001	伊藤忠	540	540	529	530	2708
8002	丸紅	278	278	267	268	1015
8003	トーメン	111	111	106	108	194
8004	ニチメン	113	115	109	111	424
8005	ムトウ	583	583	563	563	6
8006	ユアサフナ	153	153	153	153	7
8007	高島	109	109	103	108	17
8008	アスティ	0	0	0	0	0
8010	新興産業	108	108	105	108	19
8011	三陽商	274	276	265	265	37
8012	長瀬産	443	443	411	412	52
8013	ナイガイ	80	80	66	75	152
8014	蝶理	90	100	90	100	125
8015	豊田通商	370	375	367	375	85
8016	オンワード	975	975	925	935	109
8017	阪急共栄物産	0	0	0	0	0
8018	三共興	246	246	245	245	5
8019	市田	47	47	45	45	44
8020	兼松	140	140	134	134	357
8021	レナウン	100	100	94	94	740
8022	ミズノ	317	317	303	317	47
8023	大興電子	361	361	361	361	1
8024	シルバーＯＸ	0	0	0	0	0
8025	ツカモトＣ	120	120	117	117	27
8027	ルシアン	70	70	68	69	22
8028	ファミリーＭ	2880	2885	2780	2780	117.4
8029	ルック	212	212	211	211	22
8030	中央魚	182	185	182	185	2
8031	三井物	739	739	715	718	860
8032	紙パ商	330	333	330	333	22
8033	ジーネット	0	0	0	0	0
8035	東エレク	7080	7250	7000	7090	1239.2
8036	日立ハイテク	1290	1290	1151	1151	15
8037	カメイ	508	508	485	485	6
8038	東都水	234	234	219	220	32
8039	築地魚	140	143	140	141	17
8040	東ソワール	201	203	201	201	5
8041	魚市場	0	0	0	0	0
8042	マタイ	213	213	208	211	4
8043	スターゼン	172	172	169	169	34
8044	大都魚	136	136	136	136	3
8045	浜丸魚	0	0	0	0	0
8046	丸藤パ	122	122	122	122	2
8048	シャディ	1507	1527	1491	1491	3.2
8050	セイコー	405	405	391	391	112
8051	山善	190	195	186	186	26
8052	椿本興	173	173	169	169	17
8053	住友商	832	833	763	781	963
8056	ユニシス	1160	1203	1100	1110	76.4
8057	内田洋	591	594	583	594	43
8058	三菱商	862	862	776	780	1136
8059	第一実	198	198	190	190	7
8060	キヤノン販	1341	1350	1262	1280	49
8061	西華産	152	152	150	150	35
8063	日商岩井	108	109	102	105	1697
8064	金商	94	94	92	92	4
8065	佐藤商	0	0	0	0	0
8066	三谷商	0	0	0	0	0
8067	トミヤアパ	0	0	0	0	0
8068	菱洋エレク	1331	1350	1320	1320	26
8070	東京産	283	290	283	283	13.5
8071	東海物産	0	0	0	0	0
8072	出版貿	170	170	170	170	1
8073	Ｔ・ＺＯＮＥ	230	234	220	234	13
8074	ユアサ商	115	115	108	109	114
8075	神鋼商	145	148	135	135	91
8076	カノークス	0	0	0	0	0
8077	小林産	168	168	168	168	1
8078	阪和興	95	97	92	92	171
8079	正栄食	468	468	468	468	1
8080	ジョイス	1000	1000	990	990	1.8
8081	カナデン	425	428	420	420	16
8083	サンテレ	240	240	236	236	8
8084	菱電商	320	326	318	322	22
8085	ナラサキ産業	149	155	145	150	14
8086	ニプロ	851	851	846	846	13
8087	フルサト	0	0	0	0	0
8088	岩谷産	224	224	216	216	122
8089	ナイス	215	216	210	210	154
8090	昭光通商	130	132	128	128	77
8091	ニチモウ	116	116	115	115	21
8092	富士通シス	1471	1500	1400	1401	22.2
8093	極東貿易	457	460	450	450	18
8095	イワキ	200	202	200	202	2
8096	兼松エレク	451	451	442	442	6
8097	三愛石	293	296	289	289	15
8098	稲畑産	582	583	575	578	78
8101	ＧＳＩクレ	95	96	95	95	42
8103	明和産	91	91	82	82	17
8105	丸正	140	140	140	140	1
8107	キムラタン	37	37	37	37	7
8109	山洋工	0	0	0	0	0
8110	川鉄商事	106	106	101	101	54
8111	ゴルドウイン	118	118	118	118	3
8112	東スタイル	1065	1070	1022	1054	213
8113	ユニチャーム	5710	5710	5400	5560	41
8114	デサント	181	185	181	182	22
8115	ムーンバット	100	100	100	100	7
8116	ダーバン	160	160	156	157	75
8117	中央自	238	238	230	230	4
8118	キング	0	0	0	0	0
8119	三栄コ	245	245	220	220	6
8120	大木	0	0	0	0	0
8123	川辺	0	0	0	0	0
8125	ワキタ	242	250	240	240	11
8126	三光純薬	290	290	290	290	1
8127	ヤマトインタ	101	115	101	115	9
8128	エフワン	0	0	0	0	0
8129	東邦薬	370	370	370	370	1
8130	サンゲツ	1509	1509	1490	1490	28
8131	ミツウロコ	601	601	601	601	1
8132	シナネン	350	359	350	350	48
8133	伊藤忠エネ	409	409	382	382	42
8134	ＴＯＫＡＩ	610	610	595	600	73
8135	ゼット	0	0	0	0	0
8136	サンリオ	2050	2090	1910	1916	67.3
8137	サンワテク	0	0	0	0	0
8138	三京化	0	0	0	0	0
8139	ナガホリ	0	0	0	0	0
8140	リョーサン	1920	1941	1920	1939	23
8141	新光商	711	715	700	700	25
8142	トーホー	848	848	848	848	1
8143	ラピーヌ	71	71	70	70	19
8144	電響社	345	345	341	341	9
8145	中部水産	0	0	0	0	0
8146	小杉産	132	132	132	132	1
8147	トミタ	0	0	0	0	0
8148	上原成	274	274	251	256	3
8150	三信電	620	620	605	605	37
8151	東陽テク	2505	2520	2415	2455	36
8152	ソマール	0	0	0	0	0
8153	モスフード	919	919	870	870	15
8154	加賀電子	1305	1330	1298	1298	38
8155	三益半導	1000	1020	978	990	92.9
8156	ガステック	420	420	420	420	3
8157	都築電	385	385	380	380	4
8158	ソーダニッカ	176	176	176	176	2
8159	立花エレ	629	629	629	629	2
8160	木曽路	1199	1199	1199	1199	1
8161	エイデン	710	710	699	699	7
8163	サトＲＳ	0	0	0	0	0
8164	キャビン	83	83	80	80	31
8165	千趣会	560	560	551	551	8
8166	タカキュー	91	91	88	90	14.5
8167	丸久	0	0	0	0	0
8168	ケーヨー	463	464	450	458	20.5
8169	宝船	0	0	0	0	0
8170	アデランス	4450	4550	4420	4420	20
8171	ＭＶ中部	550	550	550	550	1
8172	第一家庭電器	37	38	37	37	70
8173	上新電	273	273	272	272	7
8174	日ガス	628	628	628	628	1
8175	ベスト電	545	545	527	527	13
8176	西洋フードシス	321	321	320	320	24
8178	マルエツ	302	302	295	295	15
8179	ロイヤルＨＤ	937	949	937	940	16
8180	すかいらく	3240	3240	3010	3100	124
8181	東天紅	307	307	299	302	8
8182	いなげや	664	664	659	659	2
8183	セブン−イレブン	6300	6500	6210	6500	462
8184	島忠	1390	1400	1351	1400	79.1
8185	チヨダ	460	465	460	465	4.7
8186	大塚家具	6810	6950	6800	6950	6.1
8188	ヨークベニ	2565	2565	2500	2500	7.9
8189	マツヤデンキ	212	212	210	210	14
8190	ヤマナカ	0	0	0	0	0
8191	光製作	0	0	0	0	0
8192	中川無線	70	76	70	76	2
8193	鈴丹	90	92	89	89	46
8194	ライフコーポ	652	652	652	652	2
8195	デニーズジャパン	1915	1915	1850	1850	6
8196	カスミ	416	422	416	421	6
8197	東急ストア	314	315	307	307	4
8199	デオデオ	662	672	655	657	27.9
8200	リンガハット	1209	1209	1175	1175	3.4
8201	さが美	340	340	334	334	10
8202	ラオックス	413	413	410	410	2
8203	ＭｒＭａｘ	320	320	315	315	12.8
8204	ジョナサン	1500	1500	1480	1480	2
8205	シャクリー	0	0	0	0	0
8206	アポロイン	84	84	84	84	1
8207	テンアライド	382	384	380	380	4.7
8208	エンチョー	0	0	0	0	0
8209	フレンドリ	0	0	0	0	0
8210	フットワーク	135	135	130	130	10
8211	相鉄ローゼ	500	500	495	495	4
8212	オーク	107	107	107	107	1
8213	トステムビバ	350	350	320	320	3
8214	アオキインタ	320	322	315	315	30.6
8215	銀座山形屋	0	0	0	0	0
8216	フォルクス	506	507	506	507	2
8217	オークワ	1020	1020	1020	1020	1
8218	コメリ	2400	2405	2155	2155	5.1
8219	青山商	828	828	813	813	68
8225	タカチホ	0	0	0	0	0
8226	理経	305	311	305	311	3
8227	しまむら	6770	6770	6300	6320	26.8
8228	マルイチ	0	0	0	0	0
8229	ＣＦＳコーポ	832	836	832	832	2
8230	はせがわ	741	750	741	750	42
8231	三越	485	488	461	461	925
8232	東急百貨店	77	78	72	72	257
8233	高島屋	777	780	762	762	161
8234	大丸	346	346	326	336	182
8235	松坂屋	268	268	250	250	31
8236	丸善	327	331	301	302	2906
8237	松屋	370	370	349	349	5
8238	伊勢丹	1186	1218	1186	1218	211
8239	横浜松坂屋	78	78	78	78	2
8240	サッポロライオン	603	604	603	604	2
8241	阪神百貨店	391	391	391	391	2
8242	阪急百	520	520	498	498	57
8244	近鉄百貨店	135	135	135	135	3
8245	丸栄	0	0	0	0	0
8247	大和	0	0	0	0	0
8248	ニッセン	265	265	261	262	5.2
8249	東洋物	0	0	0	0	0
8250	小松ストアー	0	0	0	0	0
8251	パルコ	314	314	305	305	19
8252	丸井	1700	1715	1639	1641	384
8253	クレセゾン	2410	2490	2410	2450	187.7
8254	さいか屋	0	0	0	0	0
8255	原信	0	0	0	0	0
8256	プロルート	221	221	221	221	1
8257	山陽百	3750	3750	3500	3500	0.2
8258	ＯＭＣカード	260	270	249	251	71
8259	十字屋	39	40	38	40	38
8260	井筒屋	141	144	136	136	605
8261	ｼ鉄百貨店	201	201	201	201	4
8263	ダイエー	188	188	177	179	476
8264	イトーヨーカ堂	5700	5750	5230	5330	521
8265	壽屋	115	119	112	119	27
8266	イズミヤ	668	668	650	657	23
8267	イオン	2515	2515	2445	2480	261
8268	西友	300	302	300	300	101
8269	マイカル	249	250	245	246	395
8270	ユニー	1250	1251	1230	1250	222
8273	イズミ	915	940	915	940	23
8274	東武ストア	172	172	164	164	5
8275	フォーバル	1310	1330	1290	1290	9.8
8276	平和堂	720	732	720	732	21
8278	フジ	1909	1909	1880	1880	3.2
8279	ヤオコー	1133	1140	1101	1101	1.3
8280	富士冷機	348	348	348	348	24
8281	ゼビオ	1860	1870	1830	1830	52.5
8282	ギガスケーズ	1630	1650	1550	1550	2.4
8283	パルタック	557	557	557	557	1
8285	三谷産業	0	0	0	0	0
8287	ＭＶ西日本	0	0	0	0	0
8289	オリンピック	0	0	0	0	0
8290	デンコードー	624	624	624	624	1
8291	東日カーライフ	191	194	187	187	16
8293	愛トヨ	819	819	819	819	3
8295	キャノンシステム	733	733	725	725	2
8298	ファミリー	0	0	0	0	0
8299	大栄太源	0	0	0	0	0
8301	日銀	0	0	0	0	0
8305	みずほＨ	727000	727000	702000	710000	4.921
8314	さくら銀行	710	714	689	699	4666
8315	東京三菱銀	1157	1157	1122	1130	3536
8318	三井住友銀行	1199	1199	1148	1148	2405
8319	大和銀行	188	190	180	185	1909
8320	三和銀行	810	815	783	784	1213
8321	東海銀行	510	510	480	487	1271
8322	あさひ銀行	399	399	380	385	2732
8324	第四銀	385	385	380	380	46
8325	北越銀	291	293	287	287	22
8326	福岡銀	503	503	470	471	389
8327	西日本シティ銀	427	427	420	420	31
8331	千葉銀	449	449	445	446	229
8332	横浜銀	529	530	508	518	569
8333	常陽銀	373	374	368	374	291
8334	群馬銀	560	560	538	550	128
8335	足利銀行	202	202	195	198	279
8336	武蔵銀	4250	4250	4160	4220	4.3
8337	千葉興	1120	1120	1039	1080	4.8
8338	関東つくば銀	1340	1340	1301	1340	1.6
8339	都民銀	2470	2470	2300	2300	3.1
8341	七十七	661	661	640	654	152
8342	青森銀	499	499	489	493	29
8343	秋田銀	420	420	417	419	78
8344	山形銀	530	530	515	515	39
8345	岩手銀	4030	4030	3960	3960	1.8
8346	東邦銀	410	410	400	400	30
8349	東北銀	225	225	225	225	1
8350	みちのく銀	684	684	674	674	47
8353	北海道銀行	127	127	123	123	30
8355	静岡銀	1050	1050	1010	1011	392
8356	十六銀	450	450	443	448	102
8357	北陸銀行	240	242	237	242	248
8358	スルガ銀	1031	1031	960	960	63
8359	八十二	599	599	585	596	59
8360	山梨銀	380	380	367	377	73
8361	大垣共立	598	598	591	591	59
8362	福井銀	300	300	298	299	30
8363	北国銀	465	465	448	448	46
8364	清水銀	4250	4250	4200	4240	1.6
8365	富山銀	470	470	470	470	1
8366	滋賀銀	488	488	478	478	27
8367	南都銀	365	368	360	360	37
8368	百五銀	440	442	434	434	17
8369	京都銀	501	504	498	498	48
8370	紀陽銀	298	298	290	290	108
8371	近畿大阪銀	161	161	160	160	2
8372	泉州銀	300	300	295	300	12
8374	三重銀	495	498	486	486	5
8375	池田銀	5580	5580	5410	5410	2
8379	広島銀	418	418	410	410	184
8380	山口銀	659	659	630	630	25
8381	山陰合銀	575	575	564	564	39
8382	中国銀	847	849	847	848	67
8383	鳥取銀	368	368	361	361	16
8385	伊予銀	640	640	610	610	51
8386	百十四	618	620	610	620	66
8387	四国銀	620	620	609	609	34
8388	阿波銀	505	505	496	504	32
8390	鹿児銀	461	461	428	430	43
8391	親和銀行	360	361	342	342	41
8392	大分銀	600	600	551	551	21
8393	宮崎銀	400	400	397	397	88
8394	肥後銀	420	420	406	406	26
8395	佐賀銀	370	370	362	367	30
8396	十八銀	455	457	455	455	109
8397	沖縄銀	2280	2310	2280	2280	0.5
8399	琉球銀	1549	1549	1501	1549	1.3
8402	三菱信託	787	788	762	772	1292
8403	住友信	797	798	720	720	810
8404	みずほ信託銀	100	100	93	95	622
8405	日本信託	157	157	155	157	118
8407	東洋信託	358	372	350	350	500
8408	中央三井信	357	357	345	352	316
8421	信中金	402000	404000	396000	396000	0.233
8473	ＳＢＩＨＤ	1540000	1540000	1460000	1500000	0.056
8489	アプレック	0	0	0	0	0
8493	インター	820	820	813	813	0.3
8507	学研クレジット	0	0	0	0	0
8508	イッコー	361	361	361	361	2
8511	日証金	402	402	387	387	100
8512	大証金	201	202	196	196	68
8513	中証金	0	0	0	0	0
8515	アイフル	9130	9700	9130	9550	69.9
8518	アジア投資	266	275	255	258	183
8519	ポケットＣ	1721	1760	1710	1710	5.5
8520	殖産銀行	420	420	420	420	1
8521	長野銀	456	456	446	446	13
8522	名古屋銀	598	598	585	585	38
8524	北洋銀行	677	680	665	665	29
8527	愛知銀	7600	7600	7300	7390	1.7
8528	岐阜銀	175	175	175	175	20
8529	第三銀	449	449	441	445	21
8530	中京銀	447	447	427	428	13
8533	広島総合銀行	415	415	404	406	52
8536	東日銀	564	564	547	558	21
8537	大光銀	300	300	300	300	11
8539	福岡シティ銀	450	450	435	445	19
8541	愛媛銀	471	471	461	469	24
8542	トマト銀	0	0	0	0	0
8543	みなと銀	274	274	267	267	34
8544	京葉銀	312	312	303	303	29
8545	関西アーバン	121	121	118	118	53
8548	九州銀行	315	315	308	308	10
8549	せとうち銀行	425	425	425	425	1
8550	栃木銀	698	700	682	682	12
8551	北日銀	5800	5800	5690	5730	3.5
8552	びわこ銀	275	275	275	275	2
8556	香川銀	607	607	600	600	20
8558	東和銀	439	439	434	435	19
8561	徳島銀	700	700	692	692	44
8562	福島銀	323	323	320	323	11
8563	大東銀	329	329	325	325	11
8564	武富士	7700	7700	7500	7600	179.6
8565	三洋クレ	3780	3810	3680	3690	124.7
8566	リコーリース	1850	1850	1800	1820	12.1
8567	クレディア	1530	1600	1530	1540	2.5
8568	シンキ	860	860	800	801	5.9
8569	ユニココーポ	0	0	0	0	0
8570	イオンクレ	6650	6700	6500	6500	16
8571	ニッシン	4300	4300	4180	4180	4.9
8572	アコム	8820	8830	8600	8780	61
8573	三洋信販	3340	3360	3320	3360	8.5
8574	プロミス	8400	8600	8160	8160	163.2
8577	ロプロ	637	637	615	615	110.9
8579	東京リース	0	0	0	0	0
8580	ファーストクレジット	125	125	120	124	69
8583	日信販	144	145	140	145	324
8584	ジャックス	305	305	295	295	24
8585	オリコ	140	144	136	139	211
8586	日立キャピ	2255	2260	2145	2205	56.2
8588	セントラル	343	344	343	344	11
8589	アプラス	92	92	88	90	45
8591	オリックス	11750	11750	11210	11230	95.9
8592	住商リース	954	980	945	945	13
8593	ダイヤリース	1173	1173	1106	1106	7
8595	ジャフコ	11000	11000	10000	10400	345.7
8597	ＳＦＣＧ	12100	13100	12100	12980	26.33
8599	ＵＦＪセント	0	0	0	0	0
8601	大和証Ｇ	1233	1246	1226	1241	3460
8603	日興コーデ	900	910	890	900	2182
8604	野村ＨＤ	2150	2175	2115	2130	5569
8606	新光	344	350	330	335	517
8607	みずほイン証	137	137	130	134	372
8609	岡三ＨＤ	535	545	530	531	82
8610	さくらフレンド	208	210	195	195	60
8611	コスモ証	150	150	140	147	93
8613	丸三	468	468	441	444	52
8614	東洋	232	234	220	220	34
8615	三菱証	921	925	890	910	78
8616	東海東京	242	247	231	233	148
8617	光世	180	180	161	162	67
8621	ＵＦＪつばさ証券	363	364	350	350	86
8622	水戸	265	265	265	265	2
8623	ＳＭＢＣ証	205	205	202	202	17
8624	いちよし証	380	393	376	376	16
8625	高木	370	379	360	379	46
8626	マネックス	69500	69500	63500	64000	2.968
8627	イー・トレード	335000	335000	310000	310000	0.066
8691	証券代	790	790	790	790	1
8692	だいこう	0	0	0	0	0
8740	フジトミ	505	505	500	500	2
8741	スターフューチャーズ	780	780	780	780	1
8742	小林洋行	1339	1339	1339	1339	0.4
8743	ひまわり証	173	173	173	173	1
8744	日本ユニコム	650	658	650	658	4
8745	グローバリー	0	0	0	0	0
8746	第一商品	229	230	228	230	3
8747	豊商事	550	550	550	550	1
8748	岡藤商事	0	0	0	0	0
8749	エース交易	205	205	205	205	1
8751	東京海上火災	1329	1333	1300	1300	1270
8752	三井住友海上	655	657	650	656	796
8753	住友海上火災	740	743	731	740	644
8754	日本興亜	406	406	400	401	166
8755	損害保険Ｊ	649	654	646	650	1263
8756	日産火災海上	385	387	384	386	149
8757	日新火	229	232	227	227	15
8758	千代田火災	315	317	313	313	82
8759	ニッセイ同和	251	252	251	251	77
8760	日動火災海上	609	609	605	606	85
8761	あいおい損保	348	348	341	341	88
8762	興亜火災	402	402	394	394	57
8763	富士火	191	193	188	190	73
8764	太陽火災	0	0	0	0	0
8765	大成火災海上	313	319	313	316	13
8801	三井不	1155	1155	1093	1129	1036
8802	菱地所	1221	1222	1185	1188	1533
8803	平和不	255	255	240	241	151.5
8804	東建物	186	186	176	176	150
8805	中央地	0	0	0	0	0
8806	ダイビル	810	810	780	780	19
8809	サンケビル	365	365	360	360	4
8810	港振興	0	0	0	0	0
8815	東急不	116	116	111	111	176
8817	阪急不動産	340	340	340	340	1
8818	京阪神不	0	0	0	0	0
8821	立飛企	0	0	0	0	0
8829	大和団地	210	214	206	212	38
8830	住友不	595	595	560	560	411
8832	小田急不	189	189	189	189	2
8833	東宝不	368	377	367	367	10
8834	藤和不	52	52	49	49	95
8835	太平発	117	117	112	112	15
8836	ヒューネット	470	474	425	440	227
8838	有楽地	175	175	165	167	20
8839	ニチモ	68	68	67	67	13
8840	大京	181	181	170	171	196
8841	テーオーシー	687	691	687	690	9
8842	楽天地	350	350	348	348	10
8844	リクコスモス	400	400	385	385	5
8845	セザール	192	197	186	186	36
8846	積和不動産	410	410	410	410	1
8848	レオパレス	232	232	222	223	38
8850	スターツ	700	700	700	700	2
8851	アバンライフ	127	127	127	127	2
8852	積和不動関西	320	320	319	319	12
8853	ダイヤシティ	0	0	0	0	0
8854	日住	216	216	216	216	1
8855	全日空ビル	115	115	115	115	1
8857	三井不動販売	495	495	470	474	11
8858	ダイア建	229	229	219	221	26
8860	フジ住	399	399	391	391	18
8863	積和不動中部	422	425	420	420	7
8864	空港施設	393	393	371	371	14
8865	神鋼興産	0	0	0	0	0
8866	コマーシャル	0	0	0	0	0
8867	横浜地下街	0	0	0	0	0
8868	ＵＲＢＡＮ	1425	1425	1380	1380	11.5
8869	明和地所	2150	2150	2040	2070	7.4
8870	住不販売	3700	3700	3650	3650	5.3
8871	ゴールドクレ	7250	7300	7000	7040	5
8872	エイブル	736	810	736	800	6
8873	積和不動中国	400	400	400	400	1
8874	ジョイント	2270	2280	2190	2190	2.6
8875	東栄住宅	1400	1400	1350	1350	2.2
8876	リロＨＤ	6550	6550	6500	6500	0.8
8877	エスリード	740	740	710	710	5.8
8878	日綜地所	0	0	0	0	0
8879	東急リバブル	600	600	600	600	0.5
8880	飯田産業	1320	1320	1300	1300	3.4
8881	日神不動産	1330	1330	1260	1260	6.5
8882	ゼファー	2200000	2200000	2200000	2200000	0.002
8884	ディックス	0	0	0	0	0
8886	ウッドフレン	0	0	0	0	0
8887	リベレステ	990000	990000	970000	970000	0.005
9001	東武	335	338	330	337	543
9002	西武鉄道	1360	1367	1350	1350	31
9003	相鉄	289	289	278	278	94
9004	箱根登山鉄道	273	273	272	272	3
9005	東急	629	635	619	634	1760
9006	京急	459	459	447	453	362
9007	小田急	411	411	395	407	502
9008	京王	511	511	490	491	232
9009	京成	273	273	261	261	189
9010	富士急	370	370	364	364	12
9012	秩父鉄	0	0	0	0	0
9013	伊豆箱根鉄道	0	0	0	0	0
9014	新京成	275	275	275	275	1
9017	新潟交	0	0	0	0	0
9019	伊豆急行	0	0	0	0	0
9020	ＪＲ東日本	655000	668000	645000	668000	3.167
9021	ＪＲ西日本	518000	518000	485000	492000	1.101
9022	ＪＲ東海	720000	720000	685000	703000	1.416
9031	西鉄	281	281	275	275	43
9033	広電鉄	0	0	0	0	0
9036	東部ネット	0	0	0	0	0
9037	ハマキョウ	1180	1180	1180	1180	3
9038	東海西濃	0	0	0	0	0
9039	サカイ引越	1960	1960	1919	1919	1.4
9040	大宝運輸	0	0	0	0	0
9041	近鉄	485	485	472	484	609
9042	阪急ＨＤ	369	369	361	361	173
9043	阪神	301	301	290	290	90
9044	南海電	378	378	365	365	8
9045	京阪電	348	350	346	350	64
9046	神電鉄	424	424	420	420	21
9047	名糖運輸	990	990	950	950	4
9048	名鉄	303	303	300	300	147
9049	京福電	170	170	170	170	3
9050	三重交	335	335	335	335	1
9051	センコン物流	0	0	0	0	0
9052	山陽電	260	260	260	260	5
9053	中央運輸	226	226	226	226	1
9054	大和物流	430	430	430	430	1
9055	アルプス物流	540	555	527	527	6
9056	ヒューテック	1210	1210	1210	1210	1
9057	遠州トラック	720	720	720	720	4
9058	トランコム	410	410	410	410	1
9059	カンダ	0	0	0	0	0
9060	日ロジテム	0	0	0	0	0
9061	富士物流	189	189	189	189	1
9062	日通	690	690	642	642	2022
9063	岡県運送	0	0	0	0	0
9064	ヤマト運	2180	2180	2090	2090	322
9065	山九	91	92	90	90	62
9066	日新	189	189	176	176	7
9067	丸運	194	194	194	194	1
9068	丸全運	190	192	187	187	28
9069	センコー	203	203	201	201	19
9070	トナミ	214	214	210	211	15
9072	日梱包	725	725	670	671	14
9073	京極運	0	0	0	0	0
9074	日石輸	183	183	178	178	11
9075	福山運	496	496	476	478	231
9076	西濃運	490	490	465	467	117
9077	名鉄運	318	318	318	318	1
9078	エスライン	280	280	280	280	10
9079	東急ロジ	445	445	445	445	1
9080	関東西濃	0	0	0	0	0
9081	神奈交	497	497	496	496	2
9082	大和自	219	219	219	219	1
9083	神姫バ	0	0	0	0	0
9086	日立物流	549	549	540	540	12
9087	タカセ	221	221	221	221	2
9088	濃飛西濃	0	0	0	0	0
9089	ロジパル	0	0	0	0	0
9101	郵船	477	477	461	461	884
9104	商船三井	213	215	207	208	1774
9107	川崎汽	173	174	170	170	768
9110	新和海	61	62	59	60	116
9113	乾汽船	57	58	56	56	9
9114	日之出汽船	45	46	45	46	73
9115	明治海	160	160	160	160	1
9119	飯野海	148	148	140	140	45
9123	太平海	47	47	43	43	103
9127	玉井船	0	0	0	0	0
9130	共栄タ	102	102	102	102	2
9132	第一汽	41	42	41	42	223
9133	東栄リーファ	0	0	0	0	0
9151	東京船舶	79	84	78	84	7
9152	関西汽	43	43	41	41	56
9171	栗林船	0	0	0	0	0
9173	東海汽	315	315	315	315	1
9174	ワンダーＴ	246	250	244	244	8
9176	佐渡汽	0	0	0	0	0
9178	日鉄物流	400	400	400	400	4
9179	川崎近海	160	160	160	160	1
9180	新和内航	0	0	0	0	0
9193	東京汽	0	0	0	0	0
9201	日本航空	543	544	520	520	1507
9202	ＡＮＡ	395	395	390	390	956
9203	日本エアシス	3800	3800	3790	3790	0.5
9204	スカイマーク	84000	84000	79500	79500	0.116
9231	国際航	501	501	480	481	12
9232	パスコ	380	380	360	360	14
9233	アジア航	324	326	324	325	4
9301	三菱倉	1019	1019	941	950	275
9302	三井倉	215	216	211	211	93
9303	住友倉	281	285	270	277	263
9304	渋沢倉	230	230	226	226	52
9305	ヤマタネ	114	117	114	117	30
9306	東陽倉	193	193	193	193	3
9307	杉村倉	0	0	0	0	0
9308	イヌイ建	355	355	350	350	3
9309	京神倉庫	0	0	0	0	0
9310	トランシティ	189	190	188	190	6
9311	アサガミ	0	0	0	0	0
9312	ケイヒン	137	140	135	135	24
9313	丸八倉	132	132	132	132	1
9314	品川倉	0	0	0	0	0
9317	オーナミ	0	0	0	0	0
9318	Ｊブリッジ	229	229	229	229	7
9319	中央倉	510	510	510	510	1
9320	三和倉	149	149	149	149	4
9321	アイロジステ	0	0	0	0	0
9322	川西倉	635	635	635	635	1
9323	ロジステック	0	0	0	0	0
9324	安田倉	340	340	340	340	1
9351	洋埠頭	140	140	135	135	11
9353	桜島埠	0	0	0	0	0
9355	リンコー	103	111	103	111	2
9357	名港海	0	0	0	0	0
9358	宇徳運	125	125	110	116	27
9359	伊勢湾	239	242	239	242	8
9360	鈴与シンワ	200	200	200	200	5
9361	伏木運	0	0	0	0	0
9362	兵機海	0	0	0	0	0
9363	大運	0	0	0	0	0
9364	上組	510	511	488	488	118
9365	トレーディア	103	103	103	103	1
9366	サンリツ	0	0	0	0	0
9367	大東港運	0	0	0	0	0
9368	キムラユニテ	0	0	0	0	0
9369	キユソ流通	0	0	0	0	0
9370	郵船航空	1900	1900	1890	1890	0.6
9373	ニッコウトラ	0	0	0	0	0
9374	軽貨急配	1106	1169	1101	1141	48
9375	近鉄エクス	1070	1070	1040	1070	10
9401	ＴＢＳ	3430	3450	3220	3260	340
9402	ＣＢＣ	901	901	900	900	1.2
9404	日テレ	39000	40100	38600	39350	24.64
9405	朝日放	11090	12000	11000	12000	2.6
9408	新潟放	681	681	680	680	2
9409	テレビ朝日	325000	325000	303000	304000	0.166
9432	ＮＴＴ	843000	848000	813000	813000	14.667
9433	ＫＤＤＩ	553000	562000	546000	551000	3.664
9434	ボーダフォン	2390000	2420000	2300000	2350000	0.538
9435	光通信	1741	1811	1741	1745	77.1
9436	沖縄セルラー	231000	232000	230000	231000	0.007
9437	ＮＴＴドコモ	2070000	2110000	2030000	2060000	16.471
9438	ＭＴＩ	311000	311000	299000	300000	0.107
9439	ビーアイジー	262000	262000	260000	260000	0.004
9441	ベルパーク	850000	860000	850000	860000	0.011
9442	ＪＳＡＴ	691000	710000	640000	650000	0.342
9443	インテックコミュ	621	621	620	620	2
9444	トーシン	190000	190000	190000	190000	0.001
9445	フォバルテレ	232000	232000	232000	232000	0.002
9449	ＧＭＯインター	900	920	800	800	53
9470	学研	143	143	138	138	48
9471	文渓堂	0	0	0	0	0
9472	エスコム	300	300	280	280	48
9473	アスキー	590	610	570	570	8
9474	ゼンリン	1471	1550	1470	1550	3.3
9475	昭文社	1260	1260	1210	1210	12.3
9476	中央経済	0	0	0	0	0
9477	角川ＨＤ	3130	3350	3080	3120	53
9478	翔泳社	1380000	1380000	1360000	1360000	0.003
9479	インプレスＨＤ	376000	380000	339000	340000	0.053
9501	東電	2870	2870	2800	2870	1297.9
9502	中部電	1991	1992	1966	1971	292
9503	関西電	1998	1998	1975	1995	1068.9
9504	中国電	1625	1625	1610	1614	94.1
9505	北陸電	1507	1507	1495	1501	34.1
9506	東北電	1540	1550	1520	1550	365.1
9507	四国電	1549	1550	1520	1544	47.7
9508	九州電	1611	1615	1584	1588	220.6
9509	北海電	1471	1473	1447	1447	72.8
9511	沖縄電	1999	1999	1970	1970	1.1
9531	東ガス	333	334	327	328	3500
9532	大ガス	350	350	344	347	2092
9533	邦ガス	206	207	205	205	72
9534	北ガス	198	198	189	189	5
9535	広ガス	0	0	0	0	0
9536	西部ガス	155	155	152	152	116
9537	北陸ガ	315	315	315	315	2
9539	葉ガス	276	276	275	275	3
9540	中ガス	0	0	0	0	0
9541	大多喜ガス	310	310	310	310	2
9542	新日ガス	0	0	0	0	0
9600	アイネット	560	560	521	521	2
9601	松竹	495	495	490	490	9
9602	東宝	15980	16070	15940	15990	12.8
9603	ＨＩＳ	2050	2160	2050	2100	113.3
9604	際放映	0	0	0	0	0
9605	東映	402	410	380	380	216
9607	葵プロ	990	991	990	990	2.5
9608	福山コンサル	0	0	0	0	0
9609	ベンチャーリ	6250	6420	6250	6260	9.6
9610	ウィルソン	2390	2400	2390	2400	0.3
9611	Ｄワンダー	912	912	912	912	1
9612	ラックランド	2780	2800	2780	2800	0.6
9613	ＮＴＴデータ	770000	780000	751000	751000	4.668
9614	ベルシス24	47600	47600	42100	42750	1.33
9615	東京美装	409	409	403	403	2
9616	共立メンテ	1960	1960	1960	1960	0.4
9618	エームサービス	0	0	0	0	0
9619	イチネン	730	730	730	730	0.5
9620	スクウェア	3010	3080	2850	2910	26.5
9621	建設技研	574	574	550	550	1.6
9622	スペース	470	470	451	451	3.5
9623	キヤノンソフ	0	0	0	0	0
9624	長大	420	420	420	420	0.5
9625	セレスポ	145	145	136	136	4
9626	日本技開	210	210	210	210	3
9627	アインファマ	0	0	0	0	0
9628	燦ＨＤ	4360	4360	4340	4340	0.6
9629	ＰＣＡ	1440	1440	1400	1400	1
9630	アップ	303	303	303	303	1
9631	東急レク	604	604	604	604	1
9632	スバル	336	343	336	343	2
9633	テアトル	162	164	162	162	61
9634	修学社	0	0	0	0	0
9635	武蔵野	0	0	0	0	0
9636	きんえい	0	0	0	0	0
9637	オーエス	0	0	0	0	0
9638	情報技術	0	0	0	0	0
9639	三協フロンテ	0	0	0	0	0
9640	セゾン情報	650	650	640	640	2
9641	サコス	90	90	90	90	0.1
9642	コマスタ	10500	10500	10500	10500	0.2
9643	中日興	9500	9500	9500	9500	0.1
9644	タナベ経営	295	300	295	298	1.1
9645	ダイヤモンドコン	960	960	900	900	1.3
9646	タイトー	64400	64400	63200	63200	0.08
9647	協和コンサル	196	200	196	200	2
9648	ウエスコ	261	261	260	260	1.6
9649	明電エンジニア	565	565	535	565	11.3
9650	テクモ	810	833	800	810	7.1
9651	日本プロセス	520	520	520	520	1
9652	日本医療	1550	1550	1550	1550	1.1
9653	ＳＢＩパートナ	0	0	0	0	0
9654	コーエー	3280	3290	3130	3160	14.5
9656	三井ランド	454	454	454	454	0.1
9657	コムテック	0	0	0	0	0
9658	ビジ太田昭	0	0	0	0	0
9660	ＣＲＣソリュ	1460	1460	1460	1460	1
9661	歌舞伎	0	0	0	0	0
9663	ナガワ	545	560	545	560	3
9664	御園座	0	0	0	0	0
9665	吉本興	935	950	935	949	4
9667	ホリプロ	641	641	641	641	2
9668	相鉄企業	0	0	0	0	0
9669	オークネット	3350	3350	3240	3260	2.7
9671	よみランド	363	363	338	338	12
9672	東競馬	99	103	98	100	519
9673	甲子園土地	0	0	0	0	0
9674	花月園	0	0	0	0	0
9675	常磐興	140	140	137	138	13
9676	松戸公産	383	383	383	383	1
9677	日本ジャンボ	500	500	500	500	1.4
9678	カナモト	473	473	445	445	15
9679	ホウライ	0	0	0	0	0
9680	共成レンテム	0	0	0	0	0
9681	東京ドーム	425	431	410	415	142
9682	ＤＴＳ	6320	6400	6300	6310	19.8
9684	スク・エニ	3010	3060	2950	2950	15.7
9685	共同コンＨＤ	0	0	0	0	0
9686	東洋テック	0	0	0	0	0
9687	ＫＳＫ	0	0	0	0	0
9689	グリンハウス	0	0	0	0	0
9691	両毛システム	0	0	0	0	0
9692	シーイーシー	1190	1200	1100	1140	40.6
9694	日立ソフト	8500	8600	8000	8000	68.8
9695	鴨川グランド	0	0	0	0	0
9696	ウィザス	330	330	330	330	1
9697	カプコン	3870	3950	3870	3930	35.5
9698	クレオ	730	730	730	730	2
9699	西尾レント	650	658	650	650	8.8
9700	エスアールエル	949	949	920	940	12
9701	会舘	0	0	0	0	0
9702	アイエスビー	850	850	850	850	1
9703	ジェネラスコーポ	74	74	68	68	26
9704	東海観	54	54	52	52	477
9706	日本空港ビル	1050	1050	1010	1010	17
9707	メデカＪ	735	780	735	779	23
9708	帝ホテル	0	0	0	0	0
9709	日コンピュタ	0	0	0	0	0
9711	日コンシス	0	0	0	0	0
9712	ファイ	255	258	248	250	43
9713	ロイヤルホ	197	200	197	200	9
9714	ＳＲＡ	1400	1400	1380	1380	0.3
9715	トランスコス	5300	5300	4690	4800	106.9
9716	乃村工芸社	323	323	323	323	4
9717	ジャステック	3270	3290	3270	3280	1
9718	国際観光会館	0	0	0	0	0
9719	住商情報	6100	6200	6010	6050	10
9720	グランド	0	0	0	0	0
9722	藤田観	522	522	509	509	8
9724	新阪急ホテル	0	0	0	0	0
9725	東急ホテル	191	197	191	194	846
9726	近ツーリスト	264	269	262	262	26
9727	東急観光	115	115	115	115	1
9728	日本管財	1550	1550	1479	1479	2.2
9729	トーカイ	0	0	0	0	0
9730	ワオコーポ	0	0	0	0	0
9731	白洋舎	365	365	365	365	1
9732	東映ラボ	205	205	205	205	2
9733	ナガセ	0	0	0	0	0
9734	精養軒	519	519	519	519	0.2
9735	セコム	7650	7650	7110	7150	256
9736	白青舎	152	152	137	137	3
9737	ＣＳＫ	1750	1778	1720	1733	439
9738	インテック	1043	1043	990	1037	195
9739	ＮＳＷ	7110	7230	7110	7140	1.9
9740	ＣＳＰ	0	0	0	0	0
9741	日立情報	3840	3980	3700	3700	22.5
9742	アイネス	1136	1162	1060	1060	77.4
9743	丹青社	369	369	368	368	2
9744	メイテック	3630	3640	3350	3440	59
9746	ＴＫＣ	2010	2010	1804	1804	16.3
9747	アサツーＤＫ	2750	2985	2750	2750	123.3
9748	ＮＪＫ	471	471	471	471	1
9749	富士ソフト	7570	7640	7470	7580	22.7
9750	ソラン	1401	1401	1350	1390	11
9751	ＴＩＳ	5600	5880	5530	5530	73.8
9752	ナムコ	2140	2140	2000	2000	80.2
9753	ＩＸナレッジ	500	500	500	500	1
9755	応用地質	1210	1210	1201	1210	14
9756	ＡＳＫ	520	535	520	535	4
9757	船井研	540	540	540	540	2
9758	ジシステム	0	0	0	0	0
9759	日システムデ	10030	10300	9530	9650	34.8
9760	進学会	0	0	0	0	0
9761	東海リース	156	157	156	157	15
9762	大和リース	303	305	299	300	73
9763	丸紅リ	0	0	0	0	0
9764	技研興	0	0	0	0	0
9765	オオバ	132	132	132	132	15
9766	コナミ	8470	8750	8470	8550	92.7
9767	日建工学	0	0	0	0	0
9768	国土環境	600	600	600	600	1
9769	学究社	0	0	0	0	0
9776	札臨	320	320	320	320	2
9777	日電計算	1480	1520	1399	1399	6.3
9778	昴	485	490	485	490	2
9779	メフォス	0	0	0	0	0
9780	ビステム	0	0	0	0	0
9781	石川島汎サ	442	442	442	442	1
9782	ＤＭＳ	395	395	395	395	1
9783	ベネッセ	4250	4300	4100	4160	29.2
9784	日工検	0	0	0	0	0
9785	大新東	0	0	0	0	0
9786	キャッツ	3150	3200	3120	3130	12
9787	Ｊメンテ	830	830	792	792	8
9788	ナック	612	613	602	602	8.2
9789	栄光	400	400	400	400	3
9790	福井コン	0	0	0	0	0
9791	ビケンテクノ	552	552	551	551	6
9792	ニチイ学館	2650	2650	2625	2630	10.4
9793	ダイセキ	1800	1820	1800	1800	7.1
9794	カラカミ観光	500	500	500	500	1
9795	ステップ	645	655	645	655	25
9796	ダイテック	947	947	947	947	0.1
9797	大日本コン	250	250	240	240	0.3
9798	シダックス	1710	1710	1710	1710	0.2
9799	旭情報	930	930	922	922	3
9810	日鉄商	0	0	0	0	0
9811	アスティス	0	0	0	0	0
9812	テーオー	0	0	0	0	0
9813	トッキ	2910	2910	2760	2800	23
9814	アシックス商	0	0	0	0	0
9815	カテナ	870	870	830	830	33
9816	バーテックス	230	230	230	230	2
9817	ゴトー	950	950	950	950	1
9818	大丸エナ	0	0	0	0	0
9820	エムティＧ	0	0	0	0	0
9822	なが多	51	52	50	50	414
9823	マミーマート	0	0	0	0	0
9824	泉州電	0	0	0	0	0
9825	アズウェル	520	524	510	517	38
9826	ＪＥＵＧＩＡ	151	151	151	151	1
9827	リリカラ	126	126	125	125	6
9828	元気寿司	1098	1098	1098	1098	1
9829	ながの東急	0	0	0	0	0
9830	トラスコ中山	1303	1308	1250	1250	4.5
9831	ヤマダ電	8610	8810	8310	8310	29.3
9832	オートバクス	2400	2400	2310	2350	15.6
9833	エルクコーポ	710	710	700	700	2
9834	リオチェン	0	0	0	0	0
9835	ジュンテン	0	0	0	0	0
9836	リーバイス	379	379	379	379	5
9837	モリト	0	0	0	0	0
9838	トラベラー	0	0	0	0	0
9839	ゲッツブラザーズ	0	0	0	0	0
9840	ホーマック	920	920	905	905	4.1
9841	ＢＭＢ	311	311	295	296	30
9842	アークランド	0	0	0	0	0
9844	ユーエスシー	1060	1060	1020	1020	15
9845	パーカー	0	0	0	0	0
9846	天満屋ス	811	811	811	811	0.1
9847	ソリスト	810	900	800	900	131
9848	トヨタカローラ岐阜	0	0	0	0	0
9849	河内屋紙	0	0	0	0	0
9850	グルメ杵屋	819	819	819	819	1
9852	中央物産	0	0	0	0	0
9853	銀座ルノア	430	430	430	430	1
9854	愛眼	771	780	760	760	2.6
9855	くろがねや	335	335	326	326	4
9856	ケーユー	0	0	0	0	0
9857	英和	339	339	339	339	1
9858	明光商会	1580	1580	1570	1570	0.8
9859	ユーストア	0	0	0	0	0
9860	岐阜日野	818	818	818	818	1
9861	吉野家ディー	210000	212000	203000	203000	0.206
9862	メモレックス・テレ	150	150	150	150	2
9863	靴のマルトミ	3	3	3	3	17.6
9864	ナカイ	0	0	0	0	0
9865	日商エレク	0	0	0	0	0
9867	ソレキア	0	0	0	0	0
9868	トリイ	0	0	0	0	0
9869	加藤産	620	620	620	620	1
9870	ハナテン	1809	1810	1809	1810	1.1
9871	イトーキ	262	262	262	262	1
9872	北恵	197	198	197	197	4
9873	ケンタッキー	1551	1559	1540	1540	24
9875	マツモトキヨ	3200	3350	3150	3310	112.5
9876	コックス	399	399	399	399	1
9877	マルフル	0	0	0	0	0
9878	セキド	0	0	0	0	0
9879	フタタ	160	160	160	160	1
9880	イノテック	1950	1950	1750	1780	6.9
9882	イエロハット	738	758	720	740	22.4
9883	富士エレ	1690	1690	1650	1650	2
9884	都築電産	550	550	542	542	2
9885	シャルレ	576	580	576	576	12
9887	松屋フーズ	1742	1770	1741	1742	10.7
9888	ＵＥＸ	0	0	0	0	0
9889	ＪＢＣＣ	1560	1560	1500	1515	17.2
9890	マキヤ	0	0	0	0	0
9892	卑弥呼	0	0	0	0	0
9893	ホームワイド	401	401	401	401	1
9894	アトル	630	630	630	630	1
9895	コンセック	215	220	215	220	8
9896	Ｊ建材	0	0	0	0	0
9897	ユニダックス	622	622	620	620	6
9898	サハダイヤ	85	93	81	81	174
9899	サンデサン	0	0	0	0	0
9900	サガミ	880	880	870	870	12
9901	宮	0	0	0	0	0
9902	日伝	0	0	0	0	0
9903	カンセキ	110	110	110	110	2
9904	ベリテ	204	205	200	201	10
9905	コージツ	0	0	0	0	0
9906	藤井産業	0	0	0	0	0
9907	大電社	0	0	0	0	0
9908	日本電計	489	489	489	489	1
9909	愛光電気	0	0	0	0	0
9911	真電	370	370	370	370	1
9912	ダイワボ情	1231	1231	1150	1150	32
9913	日邦産業	225	225	225	225	1
9914	植松商会	168	168	168	168	1
9915	アサヒビールＳ	0	0	0	0	0
9916	バイタルＮ	820	820	800	810	19.6
9917	マツモト電器	0	0	0	0	0
9918	ダイワラクダ	385	385	385	385	1
9919	関西スーパ	498	500	498	500	21
9920	シービーエム	0	0	0	0	0
9921	ギガス	0	0	0	0	0
9922	日立機材	481	482	481	482	1
9923	ダイトーエム	0	0	0	0	0
9924	ドミー	500	500	500	500	1
9925	北の家族	607	630	607	630	7
9926	ダイカ	312	312	312	312	1
9927	ワットマン	0	0	0	0	0
9928	ミロク情報	839	840	800	840	16
9929	平和紙業	0	0	0	0	0
9930	北沢産	223	223	218	218	4
9931	家族亭	658	658	658	658	2
9932	杉本商	510	510	490	490	16.5
9934	因幡電産	1210	1210	1181	1181	6.8
9935	あずみ	0	0	0	0	0
9936	王将フード	942	945	931	931	8
9937	セシール	780	800	780	800	1.9
9938	住金物産	90	90	90	90	11
9939	すみや	0	0	0	0	0
9941	太洋物産	186	186	186	186	4
9943	ココス	600	600	600	600	1
9944	インパクト	1026	1026	950	950	1.9
9945	プレナス	3680	3730	3680	3680	8
9946	ミニストップ	2105	2105	2045	2045	6.3
9947	シムリー	650	650	650	650	0.2
9948	アークス	700	700	700	700	2
9949	タイヨー	1794	1794	1794	1794	1
9950	ハチバン	0	0	0	0	0
9951	カーマ	520	523	500	500	5.6
9952	ドトール	7950	7950	7600	7650	2.1
9953	ダイキ	1203	1203	1163	1200	2.2
9954	東京小僧寿し	450	450	450	450	2
9955	ヨンキュウ	1690	1700	1690	1690	3.7
9956	バロー	0	0	0	0	0
9957	バイテック	1630	1640	1630	1640	0.2
9958	サリ	140	140	140	140	1
9959	アシード	0	0	0	0	0
9960	東テク	0	0	0	0	0
9961	エムオーテック	125	129	125	129	11
9962	駿河製機	6900	6920	6630	6630	5.7
9963	江守商事	400	400	400	400	2
9964	アイ・テック	0	0	0	0	0
9965	福原	0	0	0	0	0
9966	藤久	1550	1550	1510	1510	0.3
9967	堺商事	225	225	225	225	1
9968	イチヤ	190	190	165	185	65
9969	ショクブン	810	810	810	810	1
9970	東洋オフィス	0	0	0	0	0
9971	カウボーイ	610	610	570	610	8
9972	アルテック	675	675	661	666	7.9
9973	小僧本部	1160	1160	1160	1160	1
9974	ベルク	899	899	899	899	0.6
9975	マルヤ	0	0	0	0	0
9976	セキチュー	515	515	515	515	1
9977	アオキスーパ	440	440	440	440	3
9978	文教堂	694	694	680	680	5
9979	大庄	1185	1185	1115	1121	3.5
9980	マルコ	710	710	710	710	0.7
9981	ニック産業	650	650	650	650	1
9982	タキヒヨー	0	0	0	0	0
9983	ファストリ	22500	22540	21260	21800	135.6
9984	ソフトバンク	4170	4210	3910	3960	1666.4
9985	榮太郎	730	730	730	730	1
9986	蔵王産業	420	420	420	420	2
9987	スズケン	3100	3170	3060	3060	14.3
9988	神港魚類	0	0	0	0	0
9989	サンドラッグ	3650	3700	3650	3650	0.4
9990	東京デリカ	396	396	396	396	1
9991	ジェコス	275	276	270	270	5.1
9992	理研グリン	0	0	0	0	0
9993	ヤマザワ	0	0	0	0	0
9994	やまや	0	0	0	0	0
9995	イーストン	480	480	470	471	5
9996	サトー商会	583	583	583	583	3
9997	ベルーナ	2960	2960	2730	2730	10.1
