20010402
1001	日経２２５	13057	13089	12781	12937	65.686
1002	ＴＯＰＩＸ	1281	1281	1252	1268	65.686
1301	極洋	148	151	146	148	181
1319	日経300F	257	257	253	256	60
1331	ニチロ	244	255	242	255	1010
1332	日水	201	209	199	203	974
1333	マルハ	150	153	148	150	600
1351	宝幸水産	76	76	75	75	143
1352	ホウスイ	87	89	85	89	22
1376	カネコ種	645	649	645	649	4
1377	サカタタネ	1901	1919	1890	1898	23.3
1378	雪国まいたけ	629	629	611	611	2
1379	ホクト	4160	4160	4030	4050	23.1
1380	秋川牧園	600	600	600	600	2
1381	アクシーズ	0	0	0	0	0
1491	中外鉱	131	133	122	123	3573
1501	三井鉱山	95	98	95	98	539
1503	住友炭	69	81	69	79	1196
1515	日鉄鉱	249	262	243	259	188
1518	三井松島	202	202	197	202	68
1601	帝石	640	640	601	615	822
1603	アラビア石油	1036	1045	975	990	407.4
1661	ガス開	530	540	527	530	94
1701	昭和鉱	225	230	224	230	17
1702	共立マテリア	345	345	345	345	3
1731	ペイント	3150000	3150000	3000000	3100000	0.027
1735	伊田テクノス	0	0	0	0	0
1736	オーテック	285	290	285	285	5
1737	三井エンジ	351	352	351	352	2
1738	ＮＩＴＴＯＨ	0	0	0	0	0
1739	ＳＥＥＤ	0	0	0	0	0
1740	極東工業	0	0	0	0	0
1741	ミサワサンイ	0	0	0	0	0
1742	セコムテクノ	2850	2950	2850	2950	12
1743	コーアツ工業	500	500	500	500	3
1744	キョーエイ	0	0	0	0	0
1745	ミサワホーム東海	0	0	0	0	0
1748	ミサワ北日	215	215	215	215	2
1750	カナック	0	0	0	0	0
1751	日立プラサ	0	0	0	0	0
1752	富士通シス	1049	1049	1049	1049	1
1753	土屋ツバイ	0	0	0	0	0
1754	東新住建	715	715	715	715	1
1755	JFE工建	0	0	0	0	0
1756	和興エンジ	0	0	0	0	0
1757	千年の杜	329	329	329	329	3
1758	太洋基礎	436	440	436	440	2
1759	ジオトップ	240	241	240	241	10
1762	高松建設	1220	1220	1220	1220	0.5
1763	北陸ミサワ	0	0	0	0	0
1764	工藤建設	240	240	239	239	5
1765	イビデンテック	0	0	0	0	0
1766	東建コーポ	1250	1250	1200	1200	11
1767	沖ウィン	0	0	0	0	0
1768	ソネック	0	0	0	0	0
1770	藤田エンジ	420	430	420	430	8
1772	東北エンタープライズ	209	210	209	210	2
1774	機動建	190	190	186	186	25
1775	富士電Ｅ＆Ｃ	225	230	225	230	4
1776	三井住建道路	105	109	105	109	24
1777	川崎設備	0	0	0	0	0
1778	古河総設	0	0	0	0	0
1779	松本建工	404	404	403	403	6
1780	ヤマウラ	340	340	332	332	2.5
1781	国土総合	391	396	391	396	2
1782	常磐開発	0	0	0	0	0
1783	南野建設	0	0	0	0	0
1784	サワコー	29	37	29	34	42.4
1785	ナナボシ	0	0	0	0	0
1786	オリ建	375	380	375	380	8.9
1787	ナカボテック	0	0	0	0	0
1788	三東工業	0	0	0	0	0
1789	山加電業	320	320	310	310	0.6
1790	平和奥田	0	0	0	0	0
1791	三井木材	81	81	78	81	64.5
1792	みらい建設Ｇ	195	195	195	195	4
1793	大本組	530	535	530	535	4
1795	マサル	345	345	330	330	6
1796	トヨタウッド	211	213	211	211	3.8
1797	藤木工務店	0	0	0	0	0
1798	守谷商会	0	0	0	0	0
1799	第一建設	225	225	215	215	3
1800	利塚地下技術	192	192	191	191	2
1801	大成建	242	246	231	231	1547
1802	大林組	488	494	481	482	939
1803	清水建	420	422	405	405	774
1804	佐藤工業	51	52	51	51	245
1805	飛島建	50	50	49	49	315
1806	ACリアル	35	37	35	35	1030
1807	渡辺組	0	0	0	0	0
1808	長谷工	37	39	37	37	5295
1809	富士工	2	2	1	2	1561
1810	松井建	312	312	305	310	10
1811	銭高組	250	250	250	250	4
1812	鹿島	337	337	328	328	1325
1813	不動建	132	135	132	134	90
1814	大末建	80	80	75	78	101
1815	鉄建	98	98	96	97	104
1816	安藤建	183	183	180	180	38
1817	勝村建	128	130	128	129	31
1818	日産建設	81	83	76	77	29
1819	太平工	136	136	132	136	30
1820	西松建	435	439	431	431	522
1821	三井住友建	74	74	70	73	1002
1822	大豊建	150	152	149	152	38
1823	住友建設	75	75	71	73	174
1824	前田建	493	516	484	484	174
1825	環境建設	128	134	128	132	571
1826	佐田建	131	132	131	132	19
1827	ナカノフドー建	74	74	72	72	19
1828	田辺工業	0	0	0	0	0
1829	大和建設	55	57	55	57	2
1830	共栄冷機工業	0	0	0	0	0
1833	奥村組	485	498	485	485	1039
1834	小田急建	220	220	220	220	4
1835	東鉄工	200	200	200	200	5
1836	大日本土木	140	140	135	135	18
1837	間組	47	48	46	47	565
1838	古久根建設	89	89	82	82	9
1839	真柄建	131	135	130	135	12
1840	土屋ホーム	271	277	271	273	3.1
1841	サンユ	391	391	391	391	0.3
1844	大盛工業	120	120	118	118	7
1845	森本組	119	119	119	119	3
1846	鈴縫工	0	0	0	0	0
1847	イチケン	127	127	117	118	24
1848	富士ＰＳ	0	0	0	0	0
1850	南海辰村建	68	68	68	68	1
1851	大木建設	202	202	195	200	12
1852	浅沼組	139	139	135	135	12
1853	森組	0	0	0	0	0
1854	新井組	109	110	107	108	6.7
1855	東急建設	68	68	63	64	283
1856	ジェイオー建設	111	111	111	111	1
1857	松村組	97	97	93	97	40
1858	井上工	189	189	182	185	130
1860	戸田建	540	553	533	536	316
1861	熊谷組	67	69	66	69	2348
1862	横河工事	0	0	0	0	0
1863	テトラ	212	212	211	212	11
1865	青木あすなろ建	135	142	135	142	17
1866	北野建	263	267	254	259	38
1867	植木組	190	190	182	182	8
1868	三井ホーム	420	420	408	411	17
1869	名工建	0	0	0	0	0
1870	矢作建	321	321	321	321	7
1871	ピーエス三菱	382	382	361	364	3.4
1872	アゼル	205	209	201	206	46
1873	東ハウス	333	335	333	335	12
1874	佐藤秀	72	72	71	72	20
1875	青木マリン	0	0	0	0	0
1877	川田建設	0	0	0	0	0
1878	大東建	1861	1880	1820	1855	223
1879	新日本建	215	215	213	213	9
1880	スルガコーポ	0	0	0	0	0
1881	ＮＩＰＰＯ	514	515	505	505	69
1882	東亜道	205	218	195	209	17
1883	前田道	509	509	490	493	109
1884	日道路	166	167	164	167	91
1885	東亜建	139	139	135	135	147
1886	青木建設	41	43	41	41	923
1888	若築建	100	100	97	98	53
1889	佐伯建	134	134	125	125	33
1890	東洋建	76	76	73	73	159
1892	徳倉建	290	290	290	290	1
1893	五洋建	154	156	151	152	456
1895	大成ロテック	156	157	153	153	55
1896	大林道	255	255	241	250	16
1897	金下建	463	482	463	482	8
1898	世紀東急	80	80	80	80	9
1899	福田組	262	272	262	272	13
1900	白石	275	275	270	270	14
1902	山崎建設	0	0	0	0	0
1904	大成温調	315	315	310	310	4
1905	テノックス	248	250	248	250	4
1906	細田工務	330	330	330	330	4
1907	東北ミサワ	549	590	549	589	5
1908	三平建設	380000	380000	380000	380000	0.003
1910	フドウ建研	0	0	0	0	0
1911	住友林	697	703	680	691	217
1912	ミサワセラミ	373	373	373	373	1
1913	旭ホームズ	90	90	90	90	3
1914	日基技	445	445	425	432	39.6
1915	東京ミサワホーム	0	0	0	0	0
1916	日成ビルド	230	230	220	220	305
1917	ニッセキハウス	85	88	84	87	332
1919	エスバイエル	253	257	252	254	95
1920	殖産住宅相互	74	76	70	71	362
1921	巴	174	175	171	171	13
1922	大成ユーレック	109	109	104	104	27
1923	ミサワホーム	300	303	296	298	119
1924	パナホーム	675	680	670	680	88
1925	大和ハウス	815	830	781	805	1189
1926	ライト	405	405	400	401	32.2
1927	中 部	0	0	0	0	0
1928	積ハウス	1000	1004	977	985	2168
1929	日特建	168	168	162	163	13
1930	北陸電工	0	0	0	0	0
1931	日本電通	286	296	286	296	2
1932	コミュチュア	488	488	472	472	5
1933	西シス建	0	0	0	0	0
1934	ユアテック	358	358	350	350	15
1935	ＴＴＫ	0	0	0	0	0
1936	シーキューブ	261	261	261	261	0.1
1937	西部電工	270	270	270	270	4
1938	千歳電	0	0	0	0	0
1939	四電工	378	378	377	378	10
1940	つうけん	0	0	0	0	0
1941	中電工	1500	1520	1450	1520	22
1942	関電工	551	568	545	558	162
1943	大明	750	760	740	760	51
1944	きんでん	622	622	600	600	264
1945	東京エネシス	363	365	352	365	12
1946	トーエネク	415	426	411	416	31
1947	日本コムシス	1900	1949	1865	1949	396
1948	弘電社	0	0	0	0	0
1949	住友電設	490	504	481	489	6
1950	電設工	345	345	338	339	20
1951	協エクシオ	1220	1220	1190	1200	397
1952	新日空調	353	353	350	351	3.9
1953	国際電設	0	0	0	0	0
1954	日工営	232	232	225	228	58
1955	東電通	311	311	302	304	48
1956	日電設	352	352	345	345	15
1957	保安工	0	0	0	0	0
1958	三和エレック	260	260	256	256	3
1959	九電工	347	347	338	338	56
1960	サンテック	0	0	0	0	0
1961	三機工	540	540	531	539	38
1962	エルゴテック	93	93	93	93	13
1963	日揮	975	988	931	965	3043
1964	中外炉	312	319	306	306	19
1965	テクノ菱和	0	0	0	0	0
1966	高田工	0	0	0	0	0
1967	ヤマト	339	339	333	338	217
1968	太平電	282	284	271	284	19
1969	高砂熱	666	675	664	675	23
1970	日立プラ	282	282	280	280	31
1971	ビルト工	119	119	105	105	43
1972	三晃金	112	116	112	112	30
1973	ＮＥＣシス建	2250	2250	2220	2235	19.8
1974	宮地建設工業	219	219	210	210	20
1975	朝日工	278	278	265	269	28
1976	明星工	210	215	199	211	706
1977	ジェイコス	0	0	0	0	0
1978	アタカ	258	258	255	258	4
1979	大気社	802	802	790	794	27
1980	ダイダン	441	441	441	441	17
1981	協和日成	318	318	318	318	1
1982	日比谷設	550	550	529	541	17
1983	東芝プラ	246	246	235	237	14
1984	三信建	158	158	158	158	3
1985	大和電設	0	0	0	0	0
1986	日商インター	365	380	345	380	80
1987	ソルコム	265	265	265	265	2
1988	シボンド建	1461	1464	1435	1435	24.9
1989	北陸電話	0	0	0	0	0
1990	東邦建	0	0	0	0	0
1991	都築通技	774	774	774	774	0.1
1992	神田通機	0	0	0	0	0
1993	ニッタン	0	0	0	0	0
1994	高橋ウォール	0	0	0	0	0
1995	鈴木工務店	149	149	149	149	1
1996	三菱建設	0	0	0	0	0
1997	暁飯島工業	0	0	0	0	0
1998	日本土建	0	0	0	0	0
2001	日本粉	292	298	286	286	298
2002	日清粉	951	966	940	959	444
2003	日東粉	225	225	212	212	11
2004	昭和産	195	197	191	193	115
2006	東福粉	0	0	0	0	0
2007	富士粉	0	0	0	0	0
2008	増田粉	0	0	0	0	0
2009	鳥越粉	341	341	335	335	7
2051	農産工	204	209	200	203	228
2052	協同飼	116	119	114	117	64
2053	中部飼	550	550	550	550	2
2055	日和産	223	223	221	221	7
2056	日配飼	142	144	139	142	259
2057	雪印種	470	480	470	480	7
2102	台糖	247	250	246	249	39
2107	東洋糖	131	139	131	139	23
2108	甜菜糖	160	160	155	159	175
2109	三井糖	214	215	205	205	62
2111	フジ製糖	229	229	224	228	28
2112	塩水糖	281	281	276	276	6
2113	新光糖	0	0	0	0	0
2114	フジ日本精糖	355	355	355	355	2
2116	日新糖	137	137	134	134	13
2201	森永	240	242	236	236	236
2202	明菓	632	669	631	643	634
2204	中村屋	285	285	280	282	13
2205	駿河屋	72	72	71	72	4
2206	グリコ	700	705	700	704	175
2207	名糖産	1402	1422	1380	1381	46
2208	ブルボン	0	0	0	0	0
2209	井村屋	0	0	0	0	0
2211	不二家	227	231	225	226	51
2212	山パン	853	864	816	817	234
2215	一パン	254	254	246	250	32
2216	カンロ	262	262	262	262	1
2217	モロゾフ	207	214	202	205	21
2219	タカラブネ	128	144	128	135	548
2220	亀田製菓	501	501	501	501	2
2221	岩塚製菓	0	0	0	0	0
2222	寿製菓	0	0	0	0	0
2224	コモ	1550	1550	1520	1520	2
2261	明乳	512	517	506	506	508
2262	雪印	399	399	390	398	403
2264	森永乳	274	274	268	268	325
2266	六甲バタ	301	305	301	305	11
2267	ヤクルト	1430	1445	1410	1444	450
2268	サーティワン	706	710	706	710	5
2281	プリマ	116	121	116	119	268
2282	日ハム	1371	1371	1320	1348	210
2284	伊藤ハ	391	391	385	388	135
2286	林兼	156	156	144	145	417
2287	雪印食品	0	0	0	0	0
2288	丸大食	178	180	171	178	1093
2289	相模ハム	0	0	0	0	0
2290	米久	1095	1115	1095	1101	11.5
2291	福留ハ	0	0	0	0	0
2292	ＳＦＯＯＤＳ	770	780	770	776	9
2293	滝沢ハム	0	0	0	0	0
2294	柿安本店	1570	1570	1570	1570	1
2501	サッポロＨＤ	345	349	341	341	494
2502	アサヒ	1181	1190	1161	1179	1078
2503	キリン	1141	1141	1113	1115	1318
2531	宝ＨＤ	1755	1790	1740	1750	446
2533	オエノンＨＤ	286	289	280	285	144
2536	メルシャン	276	280	270	272	188
2538	マルキン忠勇	191	214	190	205	396
2540	養命酒	800	805	797	799	14
2571	中京コカ	973	973	970	973	14
2572	三国コカ	1251	1254	1250	1250	34
2573	北海コカ	0	0	0	0	0
2575	三笠コカ	739	750	739	750	14.2
2576	近畿コカ	1171	1180	1167	1167	35
2577	富士コカ	1047	1047	1002	1037	25
2578	四国コカ	1021	1025	1021	1022	0.3
2579	コカウエスト	2680	2765	2600	2705	92.5
2591	カルピス	549	553	538	553	56
2592	ポッカ	420	425	410	425	17
2593	伊藤園	8200	8200	7810	7940	40.5
2594	キーコーヒー	1330	1370	1315	1368	6.2
2595	キリンビバ	2560	2680	2510	2660	59
2596	キューサイ	1550	1600	1550	1550	7.3
2597	ユニカフェ	1530	1530	1505	1515	3.7
2598	アサヒ飲料	830	830	810	830	26.5
2599	ジャパンＦ	890	890	890	890	1
2601	ホーネンコーポ	184	186	183	186	126
2602	日清オイリオ	327	339	326	339	126
2604	吉原製油	290	290	280	280	11
2607	不二油	908	918	902	918	249
2608	ボーソー	0	0	0	0	0
2611	摂津油	0	0	0	0	0
2612	かどや製油	0	0	0	0	0
2650	橘テクトロン	790	790	760	770	11
2651	ローソン	3750	3750	3400	3700	75.2
2652	まんだらけ	238000	240000	236000	236000	0.003
2653	イオン九州	1650	1650	1650	1650	1
2654	シンワ	220	220	201	201	7
2655	マックス東北	0	0	0	0	0
2656	ベクター	1490000	1550000	1490000	1550000	0.004
2657	インタニクス	1760	1760	1730	1730	4
2658	ウライ	280	280	250	250	41
2659	サンエー	0	0	0	0	0
2660	キリン堂	556	556	542	542	3
2661	キンレイ	680	680	680	680	1
2662	ダイユエイト	400	400	400	400	3
2663	伊藤伊	580	590	580	590	28
2664	カワチ薬品	7070	7100	7050	7100	7.2
2665	ネクストコム	6300000	6300000	6000000	6000000	0.008
2666	オートウェブ	0	0	0	0	0
2667	イメージワン	0	0	0	0	0
2668	ダン	0	0	0	0	0
2669	カネ美食品	0	0	0	0	0
2670	ＡＢＣマート	3400	3400	3350	3400	18
2671	エフディシィ	0	0	0	0	0
2672	アクティ２１	0	0	0	0	0
2673	ステイラー	523	530	515	520	11
2674	ハードオフ	1550	1590	1530	1590	12
2675	ダイナック	510	510	502	509	6
2676	高千穂交易	1460	1460	1400	1410	11
2678	アスクル	6200	6200	6100	6200	17
2680	日本オプティ	740	760	740	750	7
2681	ゲオ	465000	470000	415000	435000	0.031
2682	ジューテック	0	0	0	0	0
2683	魚喜	1200	1200	1200	1200	3
2684	プライム	4250000	4450000	4250000	4300000	0.008
2685	ポイント	560	570	540	555	26
2686	ツルヤ靴店	700	700	700	700	1
2687	ＣＶＳベイ	839	839	815	815	4
2688	レックスＨＤ	2150000	2200000	2090000	2190000	0.014
2689	カワニシ	710	710	710	710	7
2690	ソフマップ	2495	2495	2400	2400	2.8
2691	サンビック	410	415	410	415	46
2692	伊藤忠食品	5130	5350	5000	5150	113.4
2693	ＹＫＴ	435	440	423	425	8
2801	キッコマン	817	823	809	810	297
2802	味の素	1308	1329	1274	1275	1084
2804	ブルドック	610	610	610	610	2
2805	エスビー	0	0	0	0	0
2806	ユタカフーズ	0	0	0	0	0
2808	サンビシ	0	0	0	0	0
2809	キユーピー	1062	1099	1051	1099	136
2810	ハウス食品	1392	1393	1378	1378	145
2811	カゴメ	932	932	910	927	13
2812	焼津水化	1870	1870	1750	1820	15
2813	和弘食品	0	0	0	0	0
2814	佐藤食品	0	0	0	0	0
2815	アリアケ	6930	6930	6700	6700	6
2816	ダイショー	670	670	670	670	1
2817	ギャバン	0	0	0	0	0
2830	アヲハタ	0	0	0	0	0
2831	はごろも	0	0	0	0	0
2871	ニチレイ	495	501	485	496	424
2872	セイヒョー	0	0	0	0	0
2873	加ト吉	2815	2820	2760	2770	173.7
2874	ヨコレイ	645	650	625	650	19
2875	東洋水	805	820	801	815	48
2876	ＪＣコムサ	0	0	0	0	0
2877	日東ベスト	0	0	0	0	0
2878	赤城水産	0	0	0	0	0
2879	ニチロサンフズ	440	440	435	435	2
2891	酵母工	540	540	530	532	8
2892	日食品	0	0	0	0	0
2893	ローマイヤ	105	105	103	103	2
2894	石井食	258	258	258	258	2
2897	日清食	2830	2940	2800	2800	159.3
2898	ソントン	0	0	0	0	0
2899	永谷園	775	815	775	809	9
2900	明星食	219	219	219	219	4
2901	石垣食	0	0	0	0	0
2902	太陽化	0	0	0	0	0
2903	シノブフズ	157	157	155	155	9
2904	一正蒲鉾	0	0	0	0	0
2905	オーケー食	0	0	0	0	0
2906	ホッコク	0	0	0	0	0
2907	あじかん	0	0	0	0	0
2908	フジッコ	1330	1388	1330	1388	8
2909	トオカツフズ	0	0	0	0	0
2910	Ｒフィールド	4450	4470	4370	4410	13.3
2911	旭松食品	0	0	0	0	0
2912	鐘崎	240	240	240	240	1
2913	フジフーズ	200	200	200	200	1
2914	ＪＴ	838000	840000	795000	805000	1.872
2915	ケンコーマヨ	0	0	0	0	0
2916	仙波糖化	0	0	0	0	0
2917	大森屋	715	715	715	715	1
2918	わらべ日洋	980	985	940	970	10
2920	ケイビー	459	459	440	440	14
2921	フクシマフズ	0	0	0	0	0
2922	なとり	971	971	950	950	4
3001	片倉	890	899	872	891	83
3002	グンゼ	436	455	435	448	646
3003	昭栄	1070	1100	1070	1100	2
3004	神栄	174	180	173	180	18
3007	神戸生絲	67	74	67	70	327
3009	川島織	140	142	140	140	120
3010	上毛	555	555	515	520	130
3011	バナーズ	82	82	82	82	1
3101	東洋紡	246	248	241	242	1742
3102	カネボウ	322	325	317	319	743
3103	ユニチカ	87	87	85	85	780
3104	富士紡Ｈ	60	60	58	58	162
3105	日清紡	543	543	521	527	637
3106	クラボウ	185	185	180	182	273
3107	ダイワボウ	97	99	97	99	90
3109	シキボウ	80	80	77	77	107
3110	日東紡	156	158	153	155	599
3111	オーミケン	95	110	95	105	340
3113	ＢＳＬ	137	143	132	136	708
3114	同興紡	110	125	110	125	3
3115	テザック	49	66	49	52	2859
3116	トヨタ紡織	651	651	630	630	8
3117	興和紡	0	0	0	0	0
3121	アセットイン	0	0	0	0	0
3123	サイボー	0	0	0	0	0
3125	内外綿	46	46	46	46	1
3128	テラボウ	69	70	69	70	6
3129	ファブリカＴ	0	0	0	0	0
3201	日毛	438	449	435	441	129
3202	大東紡	81	83	80	81	59
3203	東亜紡織	78	80	75	76	38
3205	ダイドー	313	313	286	305	51
3206	南海毛糸紡績	79	79	79	79	3
3207	中央毛	156	156	153	153	7
3209	カネヨウ	120	120	119	120	14
3211	太陽毛絲紡	0	0	0	0	0
3216	御幸ＨＤ	425	429	425	429	14
3302	帝繊維	191	191	189	189	6
3304	トスコ	71	75	71	75	24
3306	日本麻	58	58	58	58	2
3401	帝人	556	560	541	553	2064
3402	東レ	490	493	470	478	3364
3403	東邦テナ	132	144	132	140	840
3404	三菱レ	351	351	341	341	744
3405	クラレ	801	801	775	775	1480
3407	旭化成	547	550	538	542	1860
3408	サカイオーベ	85	89	82	82	65
3409	北日紡	0	0	0	0	0
3411	オートリ	125	126	117	118	16
3420	ケーエフシー	0	0	0	0	0
3421	稲葉製作	1640	1640	1600	1600	3.1
3422	丸順	0	0	0	0	0
3423	エスイー	310	320	310	320	2
3424	ミヤコ	465	465	455	455	2
3425	本郷	615	625	615	625	7
3426	アトムリビン	440	445	440	440	6
3428	サンポット	327	330	321	321	8
3501	住江織	185	187	175	176	106
3503	東和織	0	0	0	0	0
3512	フエルト	385	389	385	387	6
3513	イチカワ	276	276	270	270	24
3514	バイリーン	251	251	242	251	20
3515	フジコー	0	0	0	0	0
3521	エコナック	100	101	99	99	77
3524	日東網	76	80	73	75	26
3526	芦森工	185	187	185	185	21
3528	グローベルス	165	169	162	168	88
3529	アツギ	122	122	112	117	2781
3532	堀田産	55	55	53	53	12
3533	ダイオ化成	430	510	430	510	3
3534	ＮＢＣ	1280	1280	1200	1210	19
3551	ダイニック	180	180	176	176	34
3552	洋クロス	213	218	213	217	3
3553	共和レ	486	486	486	486	3
3569	セーレン	359	360	332	332	78
3570	オリカキャピ	270	285	245	260	210
3571	ソトー	435	460	435	460	6
3572	大同マルタ	0	0	0	0	0
3576	カンボウ	0	0	0	0	0
3577	東海染	102	102	99	102	47
3578	倉庫精	0	0	0	0	0
3580	小松精	285	285	280	280	2
3581	岐セン	60	60	59	59	8
3583	オーベクス	130	130	130	130	2
3584	福助	132	132	126	126	18
3585	トムスエンタ	275	285	274	277	69
3587	ＩＢダイワ	56	58	55	57	175
3588	丸山工	0	0	0	0	0
3591	ワコール	1000	1028	950	1011	173
3592	ＣＨＯＹＡ	163	173	163	172	8
3593	ホギメデ	6200	6400	6000	6400	13.8
3594	モリシタ	0	0	0	0	0
3595	ヤギコーポ	320	320	320	320	2
3596	ワールド	3600	3620	3510	3530	163.5
3597	自重堂	0	0	0	0	0
3598	山喜	0	0	0	0	0
3599	コーコス	0	0	0	0	0
3600	フジックス	0	0	0	0	0
3601	ニチメンイン	1200	1200	1180	1180	3.2
3602	イタリヤード	98	98	93	93	7
3603	チャッコット	549	549	549	549	1
3706	東海パ	416	416	400	404	15
3861	王子紙	537	537	518	528	1765
3864	三菱紙	201	202	192	193	743
3865	北越紙	649	649	637	647	375
3868	高崎三興	84	88	81	87	246
3869	日本板紙	195	198	193	198	23
3870	日本加工製紙	75	75	71	71	88
3872	三島紙	160	160	150	150	8
3877	中越パ	250	250	245	245	46
3878	巴川紙	376	376	370	370	18
3880	大王紙	991	991	971	981	31
3881	特種紙	433	433	417	417	21
3882	紀州紙	166	168	165	168	66
3886	チューエツ	78	78	78	78	1
3887	中央板紙	110	110	102	102	19
3889	大平製紙	95	104	94	94	4
3890	ゼネＫＫ	360	360	353	353	5
3891	高度紙	1100	1110	1090	1110	5
3892	岡山製紙	268	268	266	266	4
3893	日本製紙Ｇ本社	640000	640000	606000	608000	2.53
3941	レンゴー	418	428	413	428	264
3944	古林紙	0	0	0	0	0
3945	スパバッグ	183	183	182	182	6
3946	トーモク	207	215	206	210	36
3947	ダイナパック	530	545	530	545	10
3948	光ビジネス	0	0	0	0	0
3949	日本ハイパック	245	245	245	245	2
3950	ザ・パック	0	0	0	0	0
3951	朝日印刷	0	0	0	0	0
3952	中央紙器	333	333	333	333	8
3953	大村紙業	0	0	0	0	0
3954	昭和パックス	0	0	0	0	0
3955	イムラ封筒	680	680	680	680	2
3971	東セロ	257	257	254	254	3
4003	コープケミ	88	91	88	89	34
4004	昭電工	261	262	255	257	5792
4005	住友化学	610	612	596	605	2495
4007	日化成	172	173	168	168	47
4008	住友精化	247	251	243	243	26
4010	三菱化学	338	339	328	330	3756
4021	日産化	734	761	725	746	465
4022	ラサ工	263	263	255	260	64
4023	呉羽化	284	288	280	280	214
4025	多木化	374	387	374	387	9
4026	神島化	350	350	350	350	7
4027	テイカ	260	260	251	251	60
4028	石原産	259	261	250	252	1565
4031	チッカリン	373	373	360	360	7
4032	日東バイオン	201	215	201	210	65
4033	日東エフシー	0	0	0	0	0
4041	日曹達	322	326	320	320	200
4042	東ソー	307	310	303	305	686
4043	トクヤマ	458	458	436	440	610
4044	セ硝子	521	522	500	517	965
4045	東合成	214	215	209	213	424
4046	ダイソー	203	203	196	196	29
4047	関電化	0	0	0	0	0
4050	鶴見曹達	380	382	378	378	7
4061	電化	393	393	380	381	775
4062	イビデン	1555	1555	1501	1507	247
4063	信越化	4340	4550	4300	4430	963
4064	カーバイド	158	167	150	159	1731
4065	紀文フ	353	360	353	355	18
4077	富士チタン工業	486	489	486	489	3
4078	堺化学	680	680	651	655	52
4079	ハクスイテック	0	0	0	0	0
4080	田中化研	1650	1650	1610	1650	6
4086	日本エア・リキード	495	503	490	495	44
4088	エアウォータ	427	434	425	430	77
4089	大阪酸素工業	245	247	243	247	20
4091	大陽日酸	482	484	464	481	813
4092	日本化	350	350	340	345	151
4093	アセチレン	85	95	85	93	43
4094	日化産	303	305	303	305	4
4095	パーカライ	341	345	341	345	24
4096	昭炭酸	297	297	292	292	3
4097	高圧ガス	345	345	335	340	31
4098	チタン	161	167	161	167	10
4099	四国化	423	423	408	415	20
4100	戸田工	495	500	495	500	15
4101	日興酸素	0	0	0	0	0
4102	丸尾カル	0	0	0	0	0
4103	大陽東洋酸素	239	244	235	244	116
4104	タテホ	225	230	222	230	6
4105	メルテックス	0	0	0	0	0
4106	ケムキャット	1200	1210	1180	1210	4
4107	伊勢化	452	460	451	453	27
4109	ステラケミ	4200	4250	4080	4150	10.1
4112	保土谷	215	215	201	201	71
4113	田岡化	316	316	310	310	11
4114	日触媒	452	457	445	451	201
4115	本州化	644	644	644	644	2
4116	大日精	360	373	350	373	23
4117	川崎化	113	113	106	106	12
4118	カネカ	1023	1023	990	1013	649
4119	ピグメント	262	262	252	252	5
4120	スガイ	258	258	258	258	1
4123	山化成	0	0	0	0	0
4151	協発酵	805	805	780	780	601
4182	菱ガス化	331	335	321	321	532
4183	三井化学	517	524	510	514	748
4185	ＪＳＲ	712	721	685	721	506
4186	東応化	1860	1930	1820	1930	59.2
4187	大有機	461	470	461	470	2
4201	日合成	172	172	167	167	254
4202	ダイセル	356	363	355	355	458
4203	住友ベ	1021	1021	1000	1021	311
4204	積水化	351	351	337	347	963
4205	ゼオン	513	515	505	507	654
4206	アイカ	681	695	680	688	93
4208	宇部興	243	243	229	231	3903
4209	フドー	96	96	90	90	3
4210	東洋化学	380	382	377	378	38
4212	積水樹	377	377	363	370	29
4213	菱樹脂	218	218	210	210	149
4214	高分子	333	335	331	335	39
4215	タキロン	328	332	326	327	44
4216	旭有機	327	327	322	322	59
4217	日立化	2100	2180	2000	2155	258
4218	ニチバン	343	343	323	330	19
4219	プラス・テク	87	89	87	89	4
4220	リケンテクノ	320	320	313	313	12
4221	大倉工	358	358	351	355	34
4222	児玉化	66	69	65	69	12
4224	ロンシール	74	74	72	72	11
4225	筒中	302	304	296	296	7
4226	テスコ	0	0	0	0	0
4227	郡是高分子	201	201	201	201	2
4228	積化成	208	214	207	210	80
4229	群栄化	210	219	203	219	764
4231	タイガポリ	0	0	0	0	0
4232	東芝ケミカル	280	286	280	280	7
4233	ワコー	0	0	0	0	0
4234	サンエー化研	0	0	0	0	0
4271	カーリット	780	790	772	780	40
4272	日化薬	605	610	589	600	208
4274	細火工	180	180	180	180	4
4361	川口化	134	134	134	134	1
4362	日精化	415	415	411	412	6
4363	新日鐵化学	281	284	275	278	285
4364	マナック	0	0	0	0	0
4365	松本油脂	1880	1880	1880	1880	2
4366	ダイトーケミ	640	640	581	581	2
4367	広栄化学	240	250	240	250	4
4401	旭電化	805	820	805	820	78
4403	日油脂	250	255	250	251	312
4404	ミヨシ	229	231	225	225	43
4406	日理化	599	599	575	594	26
4409	東邦化	233	238	230	230	7
4410	ハリマ化成	411	412	411	412	13
4452	花王	3160	3160	3100	3100	1333
4461	一工薬	284	284	278	278	17
4462	石原薬品	0	0	0	0	0
4463	日華化学	414	414	414	414	1
4471	三洋化	872	872	855	870	38
4501	三共	2470	2530	2430	2430	1867
4502	武田	6100	6100	5880	5930	2247
4503	アステラス薬	4370	4400	4260	4350	1075
4505	第一製薬	2850	2890	2805	2805	584
4506	大日薬	1720	1770	1713	1717	402
4507	塩野義	1932	1950	1880	1880	497
4508	田辺薬	1082	1094	1057	1060	446
4509	三菱ウェルファーマ	960	962	950	950	288
4511	藤沢薬品	2635	2670	2590	2655	454
4512	わかもと	435	448	428	428	29
4514	帝臓器	765	765	750	751	6
4515	萬有製薬	2380	2380	2300	2360	291
4516	日新薬	780	789	773	789	54
4517	ビオフェル	930	930	930	930	1
4518	富山化	461	471	451	471	364
4519	中外薬	1932	1932	1899	1899	403
4520	和光堂	3090	3100	2910	2910	0.3
4521	科研薬	981	987	963	965	1864
4523	エーザイ	3220	3270	3100	3100	496
4524	仁丹	2100	2100	1960	2030	95
4526	理ビタ	1560	1560	1560	1560	4
4527	ロート	1220	1230	1200	1230	33
4528	小野薬	4350	4350	4290	4350	163
4529	日研化	362	362	359	361	17
4530	久光薬	2060	2060	1986	2005	96
4531	有機薬	398	398	395	395	2
4534	持田薬	1013	1041	1010	1025	343
4535	大正薬	2635	2665	2500	2555	359
4536	参天薬	2270	2290	2230	2230	120
4537	エスエス	1103	1103	1071	1100	49
4538	扶桑薬	531	531	521	525	31
4539	ケミファ	270	270	260	269	20
4540	ツムラ	415	415	400	410	42
4541	日医工	220	224	210	211	22
4542	三笠薬	0	0	0	0	0
4543	テルモ	2020	2050	2000	2020	561
4544	みらかＨＤ	1056	1080	1047	1047	233
4545	国際試薬	430	475	430	466	128
4546	北陸製薬	2700	2700	2660	2690	118
4547	キッセイ	2385	2400	2370	2380	36
4548	生化学	1080	1090	1040	1050	17
4549	栄研化	1791	1800	1775	1780	11
4550	日水薬	602	602	602	602	1
4551	鳥居薬	2240	2280	2200	2280	13.9
4552	日本ケミカル	740	740	720	720	7
4553	東和薬品	1100	1100	1070	1070	7
4554	富士製薬	425	425	425	425	1
4555	沢井製薬	1210	1210	1200	1200	1.5
4556	カイノス	960	960	940	940	5
4557	医学生物	1600	1640	1590	1610	79
4558	中京医薬	850	890	850	850	4.5
4559	ゼリア新薬	1071	1077	1032	1057	16
4560	キョーリン薬	4510	4540	4500	4500	44
4561	デンカ生研	0	0	0	0	0
4611	大日塗	172	172	165	165	33
4612	日本ペ	395	410	386	410	283
4613	関西ペ	350	350	340	346	166
4614	トウペ	126	126	125	126	11
4615	神東塗	120	124	120	124	7
4616	川上塗	104	104	104	104	1
4617	中国塗	215	217	206	206	63
4619	日特塗	267	267	264	264	3
4620	藤倉化	484	490	480	489	51
4621	ロック	0	0	0	0	0
4622	ユニペイン	0	0	0	0	0
4623	アサヒペン	220	220	220	220	3
4624	イサム	0	0	0	0	0
4625	アトミクス	0	0	0	0	0
4626	太陽インキ	5250	5340	5200	5340	7.1
4627	ナトコ	700	700	690	690	6
4628	エスケー化研	0	0	0	0	0
4629	大伸化学	0	0	0	0	0
4631	インキ	331	332	320	321	860
4633	サカタＩＮＸ	288	290	282	282	16
4634	洋インキ	370	371	362	366	728
4635	東インキ	0	0	0	0	0
4636	Ｔ＆Ｋ	2050	2050	2050	2050	0.4
4640	アンドール	0	0	0	0	0
4641	アルプス技	1340	1340	1340	1340	8
4642	オリジナル設	860	860	860	860	0.5
4643	コナミスポ	6140	6180	5800	5850	12.1
4644	イマジニア	795	800	790	795	4.1
4645	市進	250	250	250	250	1
4646	ジャスフォート	800	800	800	800	0.2
4649	大成	425	425	425	425	0.5
4650	スガイエンタ	0	0	0	0	0
4651	サニックス	4650	4710	4500	4550	50.9
4652	ウッドランド	1230	1310	1220	1290	51.8
4653	ダイオーズ	0	0	0	0	0
4654	ニチゾウテク	0	0	0	0	0
4655	ＮＯＶＡ	650	650	650	650	11
4656	サン・ライフ	3050	3050	3050	3050	0.1
4657	環境管理	779	779	770	770	2
4658	日本空調	0	0	0	0	0
4659	エイジス	1020	1020	1020	1020	2
4660	ニッポン放送	4020	4150	4020	4150	15
4661	ＯＬＣ	7850	7850	7450	7450	95.4
4662	フォーカス	2290	2480	2180	2390	737.4
4663	ＡＴＬ	420000	420000	420000	420000	0.001
4664	ＲＳＣ	262	262	262	262	2
4666	パーク２４	8250	8250	7960	8120	7.1
4667	アイサンテク	125	125	125	125	2
4668	明光ネット	318	318	318	318	1
4669	ニッパンＲ	0	0	0	0	0
4670	セタ	512	530	500	502	9
4671	ファルコバ	1620	1700	1600	1630	20
4672	ベルックス	0	0	0	0	0
4673	川崎地質	380	380	380	380	3
4674	クレスコ	4190	4220	4160	4160	4
4675	エヌエス環境	630	630	630	630	1
4676	フジテレビ	870000	890000	846000	890000	1.979
4678	秀英	865	870	860	865	3.7
4679	田谷	2750	2780	2750	2780	2.2
4680	ラウンドワン	121000	121000	117000	119000	0.181
4681	リゾートトラ	3390	3390	3250	3300	7.5
4682	電通テック	7490	7500	7200	7500	1
4683	堀内カラー	0	0	0	0	0
4684	オービック	22020	22380	22000	22010	11.8
4685	菱友システム	0	0	0	0	0
4686	ジャスト	2200	2300	2200	2240	15.8
4687	ＴＤＣソフト	2315	2315	2120	2150	4.4
4688	日本ドレーク	7480	7480	7000	7150	3.9
4689	ヤフー	5320000	5320000	5150000	5170000	0.165
4690	日パレット	0	0	0	0	0
4692	アルゴ２１	2680	2680	2625	2680	6.3
4694	ＢＭＬ	3150	3200	3100	3200	18.4
4695	マイスター	425	425	425	425	4
4696	ワタベ	0	0	0	0	0
4697	ゼロ	123000	123000	120000	122000	0.042
4699	ウチダエスコ	278	278	278	278	1
4700	アクセス	2780000	2780000	2720000	2720000	0.003
4701	プレック研	0	0	0	0	0
4702	55ステーション	522	535	522	535	2
4703	住商オート	933	944	933	944	14.7
4704	トレンド	5330	5550	5180	5490	284.5
4705	クリップ	220	220	220	220	6
4706	富士通サポート	5740	5740	5250	5410	52.5
4707	キタック	0	0	0	0	0
4708	もしもしＨＬ	11000	11000	10900	10900	0.4
4709	ＩＤ	1100	1100	1020	1020	1
4710	ウィン	330	345	330	345	7
4711	コミュニティ	1260	1300	1250	1251	4.1
4712	アドアーズ	268	271	255	260	133
4713	日信電サ	990	990	930	930	1.1
4714	リソー教育	190000	193000	190000	193000	0.006
4715	クリエイティブ	334	334	333	333	3
4716	日本オラクル	15450	15500	14670	15000	188.1
4717	ソデッソジャパン	0	0	0	0	0
4718	早稲アカ	300	300	290	290	12
4719	アルファシス	8550	8600	8200	8210	20.5
4720	城南進研	525	525	525	525	1
4721	フジスタッフ	1410	1500	1410	1490	11.4
4722	フューチャー	1340000	1340000	1320000	1340000	0.024
4723	グッドウィル	430000	445000	413000	420000	0.662
4724	シチエ	860	860	840	840	2.8
4725	ＣＡＣ	3290	3290	3030	3050	8.6
4726	ソフトバンテク	4340	4340	4190	4190	9
4727	アジアＳ総研	1070	1070	1060	1060	1.1
4728	トーセ	4090	4110	4090	4110	0.3
4729	コナミスタジオ	355000	355000	340000	351000	0.022
4730	関西メンテ	555	555	555	555	3
4731	ユニバホーム	480000	480000	480000	480000	0.002
4732	ＵＳＳ	2850	2880	2800	2825	55.7
4733	ＯＢＣ	9550	9550	9450	9450	0.9
4734	ビーイング	510	510	480	480	7
4735	京進	0	0	0	0	0
4736	日本ラッド	550	550	550	550	1
4738	日立ビジネス	1550	1569	1502	1502	7.8
4739	ＣＴＣ	11760	11790	10850	10990	225.8
4740	ニューディル	233000	233000	211000	225000	0.659
4741	ＩＲＩ	1510000	1680000	1510000	1680000	0.087
4742	エイトコン	0	0	0	0	0
4743	アイティフォ	2890	2890	2800	2800	3.3
4744	メッツ	350000	350000	345000	345000	0.005
4745	東京個別	3000	3000	3000	3000	1
4746	東計電算	915	920	915	920	2
4747	Ｃフィッシュ	595000	595000	595000	595000	0.004
4748	構造計画	1250	1410	1240	1360	14.1
4749	アドバックス	100	100	100	100	1
4750	ダイサン	263	263	260	263	5
4751	サイバエージ	681000	683000	681000	683000	0.003
4752	昭和システム	410	410	410	410	2
4753	ライブドア	1400000	1400000	1400000	1400000	0.001
4754	トスネット	300	300	300	300	4
4755	楽天	1010000	1020000	975000	980000	0.461
4756	ＣＣＣ	1900	1930	1900	1930	5
4757	インテリ	1500000	1570000	1500000	1570000	0.014
4758	シーアイエス	2500000	2500000	2500000	2500000	0.002
4759	ライブＭ	520000	520000	500000	510000	0.012
4760	ＡＬＰＨＡ	525	530	525	530	4
4761	さくらＫＣＳ	0	0	0	0	0
4762	エクスネット	2500000	2550000	2500000	2550000	0.003
4763	クリークリバ	2150000	2150000	2100000	2100000	0.002
4764	Ｄデザイン	0	0	0	0	0
4765	モーニングＳ	1410000	1410000	1340000	1370000	0.012
4766	ピーエイ	0	0	0	0	0
4767	ＴＯＷ	1390	1460	1390	1430	89
4768	大塚商会	3650	3700	3500	3650	24.3
4769	インフォクリ	660	660	641	650	13
4770	エルミック	950	950	950	950	2
4771	Ｆ＆Ｍ	990000	990000	950000	950000	0.003
4772	デジタルアド	2040	2040	1900	1910	64
4773	Ａ＆Ｉ	0	0	0	0	0
4774	NECソフト	9850	9950	9650	9760	14.9
4775	総合メディカ	3600	3610	3600	3600	5.3
4776	ＣＹＢＯＺＵ	910000	920000	910000	920000	0.005
4777	ガーラ	456000	471000	456000	471000	0.038
4778	ヒューマネジ	880000	890000	860000	880000	0.015
4779	ソフトブレン	460000	470000	455000	465000	0.023
4780	コナミ東京	1790	1790	1720	1760	14
4781	日本ハウズ	510	510	495	505	13
4782	オリコンサル	265	265	265	265	2
4783	日ダイナミク	552	552	551	551	3
4784	まぐクリック	990000	990000	988000	988000	0.004
4786	ディジット	432000	432000	420000	430000	0.023
4787	ＮＣＧ	600000	600000	575000	575000	0.006
4788	サイバＣＯＭ	442000	442000	425000	430000	0.035
4789	エスイーラボ	0	0	0	0	0
4790	グレース	250000	250000	249000	249000	0.003
4791	ドリーム・トレイン	530000	530000	530000	530000	0.001
4792	ＴＦＰコンサ	0	0	0	0	0
4793	富士通ＢＳＣ	3590	3700	3580	3580	17
4794	デザインＥＸ	440000	440000	415000	415000	0.014
4795	スカパー	153000	153000	150000	151000	0.922
4797	アイシーエフ	215000	220000	210000	218000	0.021
4798	日本ＬＣＡ	671	671	663	663	6
4800	オリコン	940000	940000	920000	935000	0.011
4801	セントラルＳ	1390	1490	1390	1490	11.6
4812	電通国際情報	7300	7300	7080	7260	12.9
4813	ＡＣＣＥＳＳ	3650000	3650000	3520000	3520000	0.005
4814	ネクストウェ	640000	642000	640000	642000	0.002
4815	ジャパンＤＣ	290000	290000	290000	290000	0.001
4816	東映アニメ	7330	7400	7100	7100	37
4818	サイトデザイン	410000	415000	410000	415000	0.006
4819	デジタルガレ	1040000	1050000	990000	1000000	0.061
4820	イーエムシス	1900	1900	1900	1900	3
4821	ウェブゲノム	1890000	1890000	1820000	1850000	0.027
4822	ハドソン	1000	1000	1000	1000	1
4823	サイバード	1630000	1630000	1550000	1590000	0.021
4824	メディアＳ	900000	900000	888000	888000	0.008
4825	ウェザーニュ	1850	1850	1800	1830	22
4826	ＣＩＪ	1170	1190	1130	1140	12.9
4828	東洋ビジネス	5050	5150	5050	5110	1.2
4829	日本エンター	940000	940000	930000	930000	0.005
4830	サンライズ	490	490	460	462	20
4831	オープンルプ	2290000	2340000	2250000	2280000	0.043
4832	ＪＦＥシス	665000	668000	647000	650000	0.025
4833	ぱど	360000	361000	350000	352000	0.042
4835	インデックス	1000000	1000000	820000	915000	1.183
4837	シダックス	197000	197000	172000	173000	0.206
4901	富士写	4690	4830	4610	4800	1723
4902	コニカＨＤ	799	809	759	792	1176
4911	資生堂	1250	1257	1210	1210	859
4912	ライオン	433	435	427	433	455
4913	サンスター	332	332	332	332	3
4914	高砂香	471	480	461	479	87
4915	エイボンＪ	230	231	230	230	11
4916	ノエビア	1010	1010	1010	1010	2
4917	マンダム	1430	1460	1400	1460	119.8
4918	アイビー	417	417	417	417	3
4919	ミルボン	4800	4800	4780	4800	2
4920	日本色材	0	0	0	0	0
4921	ファンケル	6360	6450	6300	6450	67.3
4922	コーセー	4310	4310	4100	4130	19.3
4951	エステー化	780	780	755	755	9
4953	タイホー工業	1600	1640	1500	1530	27
4954	マークテック	340	340	340	340	1
4955	アグロカネシ	700	700	700	700	2
4956	コニシ	1021	1021	1000	1005	4.3
4957	ヤスハラケミ	0	0	0	0	0
4958	長谷川香料	1000	1020	950	980	7
4959	シーシーアイ	0	0	0	0	0
4960	ケミプロ	366	366	350	350	9
4961	日油技研	725	725	700	700	17
4962	互応化学	0	0	0	0	0
4963	星光ＰＭＣ	0	0	0	0	0
4964	星光化学工業	0	0	0	0	0
4965	曽田香料	0	0	0	0	0
4966	上村工	0	0	0	0	0
4967	小林製薬	5050	5100	4950	5100	16.3
4968	荒川化工	0	0	0	0	0
4970	東洋合成	1100	1100	1090	1090	2
4971	メック	1750	1840	1730	1730	6
4987	寺岡製	0	0	0	0	0
4989	イハラケミ	208	208	200	200	17
4990	昭和化	259	280	259	280	4
4992	北興化	365	365	350	364	44
4996	クミアイ化	174	174	167	168	24
4997	日農薬	244	259	236	255	218
4998	フマキラ	176	178	175	178	7
4999	セメダイン	273	273	273	273	1
5001	新日本石油	626	626	603	614	1726
5002	昭和シェル	600	601	584	599	635
5006	興亜石油	268	274	267	274	49
5007	コスモ石	221	228	213	214	715
5008	東亜石	121	121	120	120	20
5009	富士興	78	78	73	73	117
5010	日精蝋	88	88	88	88	2
5011	ニチレキ	420	421	410	410	23
5012	東燃ゼネ石	810	815	800	800	1027
5013	ユシロ	567	580	567	580	3
5014	ジャパンエナジー	229	229	222	227	7018
5015	ＢＰカスト	601	601	601	601	0.9
5101	浜ゴム	242	244	238	240	1290
5102	大機エンジ	215	215	207	207	6
5103	昭ゴム	136	136	131	131	388
5104	日東化工	155	159	155	155	21
5105	洋ゴム	153	157	150	157	484
5106	オーツタイヤ	189	189	186	189	49
5108	ブリヂストン	1275	1300	1233	1287	1712
5110	住友ゴ	621	621	582	615	206
5121	藤ゴム	200	200	190	195	22
5122	オカモト	264	264	257	260	78
5123	ミサワ東洋	0	0	0	0	0
5142	アキレス	150	153	148	149	74
5143	世界長	92	92	87	89	17
5161	西川ゴム	612	612	612	612	1
5162	朝日ラバー	835	835	800	800	2.5
5184	ニチリン	320	320	320	320	1
5185	フコク	480	480	480	480	1
5186	ニッタ	979	979	950	960	21.5
5187	クリエート	580	580	580	580	2
5188	帝都ゴム	0	0	0	0	0
5189	桜ゴム	417	417	395	412	6
5191	東海ゴ	1250	1281	1220	1240	33
5192	三星ベ	293	293	280	280	91
5193	平成ポリマー	95	95	95	95	2
5194	相模ゴ	424	424	424	424	1
5195	バンドー	236	240	233	240	74
5196	鬼ゴム	130	139	130	135	241
5199	不二ラテ	142	165	142	165	2
5201	旭硝子	890	895	851	851	2317
5202	板硝子	1217	1220	1177	1187	2225
5204	石塚硝	202	213	202	212	13
5208	有沢製	2800	2800	2750	2780	15.3
5210	日山村硝	192	195	192	194	176
5212	不二硝	0	0	0	0	0
5213	芝セラミ	475	475	450	464	621
5214	日電硝	1931	1965	1921	1950	156
5215	旭テクノグラス	553	560	530	537	195
5216	倉元	1390	1390	1350	1380	3
5217	テクノクオツ	1580	1580	1580	1580	1
5232	住友大阪	319	321	310	320	1425
5233	太平洋セメ	249	254	240	248	3275
5234	デイ・シイ	171	171	166	166	11
5237	ノザワ	115	115	111	115	7
5261	ミサワリゾ	239	239	224	226	7
5262	日ヒューム	180	183	180	183	7
5266	テイヒュー	0	0	0	0	0
5267	ハネックス	200	200	186	187	18
5268	旭コン	300	300	300	300	1
5269	日コン	106	109	105	109	10
5271	トヨアサノ	137	137	137	137	1
5273	三谷セキ	245	245	245	245	1
5274	ゼニパイプ	103	103	103	103	1
5276	石建工	376	410	376	405	55
5277	スパンクリト	235	235	225	225	8
5278	エバタ	101	101	101	101	5
5279	日本興業	159	159	158	158	2
5280	ヨシコン	0	0	0	0	0
5281	旭ダンケ	0	0	0	0	0
5282	ジオスター	0	0	0	0	0
5283	高見沢	0	0	0	0	0
5284	ヤマウ	0	0	0	0	0
5285	ヤマックス	202	202	198	198	8
5286	武井工業	0	0	0	0	0
5287	イトヨーギョ	607	607	607	607	4
5301	東海カ	295	298	283	292	621
5302	カーボン	212	245	201	245	11804
5304	エスイ−シ−	235	235	235	235	1
5331	ノリタケ	692	692	661	678	456
5332	ＴＯＴＯ	812	830	800	800	712
5333	ガイシ	1400	1401	1352	1356	705
5334	特殊陶	1466	1466	1431	1433	973
5336	INAX	628	630	610	620	309
5337	ダントー	370	377	369	377	59
5338	大トー	138	138	138	138	3
5341	アサヒ陶	115	115	110	110	5
5342	ジャニス	86	86	85	85	2
5343	ニッコー	374	374	359	359	2
5344	ＭＡＲＵＷＡ	2570	2590	2500	2590	31.6
5351	白煉瓦	220	220	215	216	67
5352	黒崎	176	189	169	188	1343
5355	ルツボ	153	153	152	152	3
5356	美濃窯	0	0	0	0	0
5357	ヨータイ	200	200	200	200	19
5358	イソライト	193	193	181	181	6
5361	東海熱	350	350	335	336	9
5362	九州耐	259	259	259	259	1
5363	ＴＹＫ	203	224	203	224	14
5367	ニッカトー	670	670	660	660	2
5380	新東	435	435	420	430	17
5381	日本ミクロ	6200	6450	6150	6450	29.2
5382	中央商事	0	0	0	0	0
5383	三共理化	0	0	0	0	0
5384	フジミインコ	3560	3700	3440	3700	4.5
5386	鶴弥	0	0	0	0	0
5387	チヨダウーテ	602	602	602	602	1
5388	クニミネ	265	265	265	265	1
5389	日レヂボン	272	272	272	272	2
5390	宇部マテリア	135	135	130	130	23
5391	Ａ＆ＡＭ	103	103	101	101	25
5393	ニチアス	346	346	330	330	382
5395	コランダム	161	165	161	165	3
5397	ＭＩＥテクノ	0	0	0	0	0
5398	日研紙	210	210	206	206	3
5401	新日鉄	209	210	207	207	8241
5403	川崎製鉄	126	128	125	125	5410
5404	日本鋼管	89	90	88	88	2543
5405	住金	71	71	69	71	6479
5406	神戸鋼	70	70	67	67	1881
5407	日新鋼	106	109	106	106	1586
5408	中山鋼	140	140	136	137	101
5410	合同鉄	95	95	92	94	274
5423	東京製鉄	333	335	320	335	156.8
5444	大和工	443	448	432	435	120
5445	東京鉄	69	69	68	69	25
5446	北越メ	115	115	115	115	6
5448	東京鋼鉄	0	0	0	0	0
5449	大阪製鉄	426	426	400	400	7.1
5451	淀川鋼	263	269	262	269	72
5453	洋鋼鈑	428	430	421	426	596
5454	日鉄鋼板	220	220	201	212	129
5457	住友鋼管	355	355	349	353	35
5458	高砂鉄	119	120	119	120	10
5461	中部鋼	152	155	152	152	5
5462	日鉄鋼管	0	0	0	0	0
5463	丸一管	1649	1653	1606	1650	121
5464	モリ工	215	216	211	213	9
5471	大同特鋼	305	316	302	310	520
5476	高周波	92	92	88	88	140
5479	日金工	90	97	89	97	3616
5480	冶金工	68	70	66	69	288
5481	山陽鋼	190	208	188	206	2396
5482	愛知鋼	524	530	508	529	742
5484	東北鋼	436	436	435	435	3
5486	日立金	550	560	540	560	347
5491	日金属	112	112	101	106	64
5541	大平金	183	187	178	181	303
5542	報国鉄	0	0	0	0	0
5562	日本重化学	121	124	120	120	300
5563	日本電工	168	173	166	166	201
5566	中央電	187	189	186	189	3
5602	栗本鉄	234	237	233	236	55
5603	虹技	102	102	100	102	10
5605	自動鋳	62	68	62	68	16
5606	旭テック	172	181	172	177	60
5607	中可鍛	0	0	0	0	0
5608	川口金	234	234	226	226	13
5609	日鋳造	86	90	86	88	8
5610	大和重	0	0	0	0	0
5612	鋳鉄管	195	196	195	196	5
5613	日本カタン	380	380	380	380	1
5631	日製鋼	107	107	102	103	463
5632	菱製鋼	130	132	127	131	848
5633	関東特殊製鋼	81	81	79	79	79
5641	ＴＤＦ	200	201	195	195	31
5642	日本鍛工	44	44	44	44	20
5644	メタルアート	100	100	100	100	1
5645	イチタン	0	0	0	0	0
5657	鈴木金	153	153	152	152	5
5658	日亜鋼	340	340	335	340	17
5659	日精線	226	230	225	230	10
5660	神鋼線	79	80	78	80	52
5691	東京シヤリング	93	97	93	93	7
5694	大和綱帯	0	0	0	0	0
5695	パウダテック	300	300	300	300	1
5696	川鉄鋼板	115	115	115	115	2
5697	サンユウ	340	340	340	340	2
5701	日軽金	87	87	85	87	602
5702	大紀ア	200	200	197	197	8
5706	三井金	728	749	716	745	1318
5707	東邦鉛	221	222	217	219	381
5711	三菱マ	285	297	284	292	7667
5713	住友鉱	474	475	455	461	1551
5714	同和鉱	500	501	489	495	1092
5715	古河機金	199	199	193	196	288
5716	日鉱金属	590	594	576	594	265
5721	Ｓサイエンス	689	695	676	683	779
5727	邦チタ	670	671	670	670	24
5728	アライドマテリアル	1190	1190	1150	1150	6
5729	日精鉱	256	262	256	262	7
5738	住軽金	88	90	87	88	121
5739	日製箔	165	165	165	165	1
5740	九州不二サッシ	0	0	0	0	0
5753	日伸銅	61	61	60	60	4
5756	東海アルミ箔	49	49	48	48	19
5757	サンエツ	0	0	0	0	0
5771	菱伸銅	251	262	251	252	42
5781	東邦金	221	221	216	216	11
5801	古河電	1336	1354	1300	1329	3031
5802	住友電	1445	1448	1380	1437	2719
5803	フジクラ	830	857	800	835	3149
5804	菱線工	234	237	231	235	223
5805	昭電線	181	185	180	180	299
5807	東特線	251	255	246	255	14
5808	理研線	229	229	225	225	8
5809	タツタ	157	160	155	155	26
5810	第一電工	110	110	105	105	102
5811	トヨ電線	0	0	0	0	0
5812	日立線	785	785	750	760	753
5813	花島電線	120	120	120	120	1
5815	沖電線	295	295	290	294	18
5816	オーナンバ	0	0	0	0	0
5817	日電線	350	360	350	360	3
5818	東日京三電線	0	0	0	0	0
5819	カナレ電気	1950	1990	1930	1970	7.1
5820	三ッ星	0	0	0	0	0
5851	リョービ	176	196	176	192	1608
5852	アーレスティ	401	420	401	415	30
5853	京都ダイカスト	153	153	153	153	2
5854	東京理化工	600	600	580	595	25
5855	アサヒプリテ	1230000	1230000	1160000	1180000	0.022
5900	ダイケン	440	440	440	440	1
5901	洋カン	1900	1900	1851	1856	384
5902	北カン	239	244	225	242	569
5903	シンポ	715	715	705	705	7
5904	アルコアシステム	481	481	481	481	2
5905	日カン	0	0	0	0	0
5906	エムケー精工	0	0	0	0	0
5907	ＪＦＥコンテ	111	111	111	111	1
5908	日鉄ドラム	298	298	298	298	1
5909	コロナ	1660	1680	1490	1680	9.6
5910	立山アルミ	0	0	0	0	0
5911	横河ブ	415	415	402	403	75
5912	日本橋	128	128	124	124	17
5913	松尾橋	235	235	210	210	31
5914	宮地鐵工所	180	181	176	176	23
5915	駒井鉄	269	270	265	267	19
5916	ハルテック	239	239	239	239	1
5917	サクラダ	97	99	97	97	19
5918	滝上工	328	328	328	328	1
5919	日鉄塔	0	0	0	0	0
5921	川岸工	0	0	0	0	0
5922	那須鉄	0	0	0	0	0
5923	高田機	436	450	436	450	5
5925	酒井鉄工所	95	95	95	95	4
5926	安治川鉄工	84	84	84	84	1
5927	ホリー	126	126	120	120	18
5928	アルメタクス	509	560	490	559	481.5
5929	三和シャタ	242	245	235	235	322
5930	文化シヤタ	237	240	232	232	32
5931	川田工	211	213	211	212	11
5932	三協アルミ	71	78	71	78	302
5933	アルインコ	162	165	161	165	6
5934	日本ア	45	46	45	45	3
5935	元旦	660	670	660	670	4
5936	洋シヤタ	173	190	158	165	4424
5938	住生活Ｇ	1414	1421	1380	1380	416
5939	大谷工業	0	0	0	0	0
5940	不二サッシ	91	95	91	95	1.9
5941	中西製	0	0	0	0	0
5942	フイルコン	0	0	0	0	0
5943	ノーリツ	1150	1195	1120	1195	35
5944	日立粉末	801	805	797	800	26
5945	天竜製鋸	970	970	970	970	1
5946	長府製	1305	1310	1287	1305	44.3
5947	リンナイ	2105	2125	1980	1990	44.4
5949	ユニプレス	235	240	235	240	9
5950	パワーファス	0	0	0	0	0
5951	ダイニチ工業	291	293	290	290	2.5
5952	アマテイ	66	66	66	66	1
5954	トープラ	187	187	182	183	9
5955	ヤマシナ	88	90	86	90	373
5956	トーソー	0	0	0	0	0
5957	日東精	192	192	191	191	9
5958	三洋工	584	584	562	579	178
5959	岡部	330	330	326	326	4
5961	トーカロ	0	0	0	0	0
5962	浅香工	0	0	0	0	0
5963	日立ツール	545	550	540	550	8
5964	洋刃物	139	139	139	139	1
5965	フジマック	400	400	400	400	1
5966	ＫＴＣ	280	280	280	280	1
5967	前田金	140	140	140	140	5
5969	ロブテックス	137	137	137	137	1
5970	菊池プレス	0	0	0	0	0
5971	共和工業	0	0	0	0	0
5972	日本建鐵	221	221	220	220	2
5973	トーアミ	493	497	493	497	2
5974	中国工	159	159	157	158	16
5975	東プレ	359	360	357	360	22
5976	ネツレン	327	327	313	313	26
5977	コマツ電子	700	701	700	700	6.1
5979	カネソウ	0	0	0	0	0
5980	田中亜鉛	240	240	235	235	3
5981	東京綱	131	133	128	133	190
5982	マルゼン	375	375	375	375	2
5983	イワブチ	0	0	0	0	0
5984	兼房	0	0	0	0	0
5985	サンコール	391	391	381	383	29
5986	モリテック	210	210	210	210	6
5987	オーネックス	325	325	325	325	1
5988	パイオラクス	780	780	780	780	3
5989	ヒラタ	430	430	426	426	2
5990	スーパツール	126	126	126	126	1
5991	ニッパツ	388	390	371	371	251
5992	中央発條	386	390	381	390	14
5993	知多鋼	0	0	0	0	0
5994	ファインＳ	281	291	281	291	22
5995	科学冶金	385	385	380	380	2
5996	新立川	0	0	0	0	0
5997	協立エアテク	0	0	0	0	0
5998	アドバネクス	269	269	255	255	19
5999	イハラサイエ	234	234	234	234	2
6005	三浦工	1560	1620	1550	1617	49.5
6011	新潟鉄工所	78	78	76	76	544
6013	タクマ	833	833	809	832	171
6016	神発動	103	103	103	103	1
6018	阪神燃	0	0	0	0	0
6020	神鋼造機	76	76	76	76	2
6021	ロビン	180	180	180	180	1
6022	赤阪鉄	80	80	80	80	1
6023	ダイハツデ	145	145	139	139	7
6041	ボッシュ	137	139	132	135	80
6042	ニッキ	157	157	157	157	6
6101	ツガミ	316	317	305	305	122
6102	池貝	2	2	1	2	111
6103	オークマ	331	339	326	328	276
6104	東芝機	356	369	352	369	138
6106	日立精機	142	142	139	139	84
6107	アマダマシ	275	278	273	273	144
6111	旭精機	0	0	0	0	0
6112	小島鉄	122	122	119	119	3
6113	アマダ	680	705	680	683	942
6114	住倉工業	161	161	154	158	174
6118	アイダ	434	439	433	434	40
6119	ゼィープラス	250	250	240	240	9
6121	滝澤鉄	62	62	61	61	2
6125	岡本工	142	143	140	142	49
6130	日平トヤマ	280	280	266	278	41
6131	浜井産	123	135	123	135	10
6134	富機製	3280	3280	3180	3210	124.6
6135	牧野フ	647	647	635	646	157
6136	ＯＳＧ	610	624	605	615	172
6137	小池工	170	171	169	171	9
6138	ダイジェト	154	154	150	150	5
6139	東芝タンガロイ	426	434	426	431	139
6140	旭ダイヤ	592	602	590	602	17
6141	森精機	1266	1266	1230	1230	190
6142	富士精	233	233	233	233	1
6143	ソディック	449	449	445	445	33
6144	西部電機	0	0	0	0	0
6145	日特エンジ	1440	1440	1430	1440	13
6146	ディスコ	9090	9340	8680	8710	82.4
6147	ヤマザキ	897	897	897	897	1
6148	UHT	2100	2150	1950	2000	7
6149	小田原エンジ	540	540	540	540	4.5
6150	タケダ機械	0	0	0	0	0
6151	日東工器	2055	2055	1970	1970	18.9
6155	高松機械	490	490	477	477	6
6201	豊田織	2490	2495	2405	2455	356
6203	豊和工	115	116	113	115	45
6204	キリウ	205	205	205	205	7
6205	ＯＫＫ	115	116	114	114	43
6206	豊田工	689	689	666	670	82
6208	石川製	104	104	97	98	137
6210	東洋機械	300	300	291	291	8
6211	倉敷機	0	0	0	0	0
6212	帝人製機	260	270	260	270	78
6213	ＯＭ製	119	119	115	116	7
6214	大隈豊和機械	152	154	151	153	80
6216	寿工業	0	0	0	0	0
6217	津田駒	135	140	135	140	16
6218	エンシュウ	158	169	158	168	26
6221	大東製機	350	353	350	350	9
6222	島精機	2220	2220	2120	2165	10.7
6242	スピンドル	190	190	183	183	20
6245	ヒラノテク	0	0	0	0	0
6246	井上金	0	0	0	0	0
6247	日阪製	492	494	492	493	22
6271	ニッセイ	970	970	970	970	4.5
6272	レオン	360	360	347	347	4
6273	ＳＭＣ	14400	14400	13800	14010	133.8
6274	新川	2540	2540	2420	2420	18.3
6275	イセキ開発工	58	59	57	57	10
6276	ナビタス	685	709	685	700	12
6277	ホソミクロン	598	600	585	600	12
6278	ユニオンツル	6700	6800	6400	6560	40.1
6279	瑞光	1128	1128	1070	1125	6.7
6280	名機製	498	505	498	505	9
6281	前田製作	0	0	0	0	0
6282	オイレス	1851	1851	1780	1806	6
6283	オリイメック	0	0	0	0	0
6284	ＡＳＢ機械	271	271	261	270	18
6286	静甲	0	0	0	0	0
6287	サトー	2540	2590	2505	2560	27.7
6288	ハマダ印刷機	130	130	130	130	1
6289	技研製	280	280	280	280	2
6290	ＳＥＳ	580	590	550	565	34.6
6291	エアーテック	715	715	700	700	7
6292	カワタ	450	450	450	450	3
6293	日精樹脂	805	805	787	787	4
6294	オカアイヨン	318	325	316	325	15
6295	富士変速	0	0	0	0	0
6296	ロキテクノ	0	0	0	0	0
6297	鉱研工業	220	220	200	200	0.4
6298	ワイエイシイ	533	534	520	520	10
6299	神鋼環境Ｓ	270	270	270	270	1
6300	アピクヤマダ	560	560	555	556	6
6301	コマツ	596	601	580	580	1599
6302	住友機	166	167	163	165	1374
6303	ササクラ	395	395	395	395	1
6304	マキ製作所	0	0	0	0	0
6305	日立建機	430	433	425	428	116
6306	日工	253	253	242	244	13
6307	サンセイ	73	73	73	73	3
6309	巴工業	0	0	0	0	0
6310	井関農	78	80	77	80	475
6311	セイレイ工業	188	193	188	193	3
6312	フロイント	0	0	0	0	0
6313	共立	140	140	138	140	25
6314	石井工研	720	720	702	702	2.3
6315	ＴＯＷＡ	1780	1815	1750	1761	9.4
6316	丸山製	139	145	136	136	79
6317	北川鉄	136	138	132	138	48
6319	シンニッタン	220	220	220	220	2
6320	新ダイワ	227	227	220	220	32
6321	石搬機	348	348	346	346	6
6322	タクミナ	0	0	0	0	0
6323	ローツェ	1500	1500	1450	1450	9
6324	ハーモニック	0	0	0	0	0
6325	タカキタ	0	0	0	0	0
6326	クボタ	407	410	390	391	1822
6327	北川精機	640	650	640	650	4
6328	荏原実業	1210	1250	1210	1250	19
6329	ＨＥＣ	534	540	525	528	16
6330	東洋エンジ	347	353	331	333	5897
6331	化工機	215	215	205	210	51
6332	月島機	880	890	865	882	36
6333	帝国電	0	0	0	0	0
6334	明治機	90	93	89	92	386
6335	東京機	409	410	400	409	44
6336	石井表記	3190	3190	3170	3170	0.7
6337	テセック	2370	2370	2300	2330	5
6338	タカトリ	800	800	769	775	13
6339	新東工	294	297	281	297	33
6340	渋谷工	828	850	816	816	7
6341	日立造船富岡	140	140	131	131	2
6342	太平製	80	80	80	80	9
6343	フリージア	66	68	55	58	459
6344	ＮＥＣマシナ	1500	1500	1500	1500	2
6345	アイチコーポ	166	170	163	163	10.6
6346	菊川鉄	0	0	0	0	0
6347	プラコー	101	104	100	104	17
6348	日本マリンテクノ	0	0	0	0	0
6349	小森	1915	1918	1855	1879	188
6350	新日本造機	160	161	160	161	2
6351	鶴見製	505	509	504	509	22
6352	トヨコケン	186	187	184	187	16
6354	日立機電	400	414	399	414	24
6355	住友精	370	371	363	363	16
6356	日ギア	155	155	154	154	2
6357	三精輸	320	320	312	312	11
6358	酒井重	222	225	221	223	22
6359	粟村製作所	0	0	0	0	0
6360	東自機	230	230	230	230	6
6361	荏原	1094	1094	1066	1066	797
6362	石井鉄	189	189	175	176	10
6363	酉島	545	545	540	543	8
6364	北越工	125	125	125	125	8
6365	電業社	3780	3780	3780	3780	0.1
6366	千代建	266	296	261	296	2540
6367	ダイキン	2030	2030	1940	1941	314
6368	オルガノ	454	460	451	460	50
6369	トヨカネツ	229	232	217	222	2256
6370	栗田工	1500	1500	1460	1480	173
6371	椿本チ	310	315	303	303	433
6372	セイサ	72	72	72	72	4
6373	大同工	239	239	236	237	22
6374	ＴＣＭ	318	318	305	307	122
6375	コンベヤ	104	105	101	104	249
6376	日機装	540	540	525	526	35
6378	木村化	179	179	175	176	18
6379	新興プラン	88	88	84	84	11
6380	オリチェン	99	99	99	99	2
6381	アネスト岩田	177	183	173	183	37
6382	トリニ工	207	210	207	210	5
6383	ダイフク	665	665	630	637	155
6384	昭和真空	3200	3300	3200	3200	19
6386	扶桑レクセ	952	952	951	951	4
6388	ミサワバン	459	460	449	449	11
6389	内田油圧	41	42	41	41	96
6390	加藤製	165	165	160	161	71
6391	加地テック	0	0	0	0	0
6392	ヤマダコーポ	249	249	249	249	2
6393	油研工	120	124	118	123	17
6394	大江工業	0	0	0	0	0
6395	タダノ	190	195	187	187	52
6396	宇野鉄	160	160	152	160	29
6397	郷鉄工	86	86	86	86	3
6398	日本電産シンポ	0	0	0	0	0
6403	水道機	320	320	320	320	1
6406	フジテック	535	540	520	539	275
6407	シーケーディ	662	670	662	665	20
6408	クラッチ	0	0	0	0	0
6409	キトー	270	270	270	270	1
6411	中野冷	0	0	0	0	0
6412	平和	1860	1949	1860	1871	52.2
6413	理想科学	2150	2150	2100	2100	13.9
6414	川重冷熱	500	500	485	485	2
6415	ニスカ	0	0	0	0	0
6416	桂川電機	210	210	210	210	1
6417	ＳＡＮＫＹＯ	3350	3490	3200	3370	58.2
6418	日金銭	1455	1550	1450	1550	18
6419	マース	3340	3360	3330	3330	4
6420	福島工業	600	600	600	600	2.5
6421	キヤノンＦ	875	875	875	875	5
6423	アビリット	1730	1780	1700	1700	27.1
6424	高見サイ	520	520	520	520	2
6425	アルゼ	3900	4100	3650	3690	108.8
6426	サミー	3200	3240	3150	3220	24.8
6427	東北リコー	839	839	829	839	17
6428	オーイズミ	1600	1600	1600	1600	2
6431	キャノンＮＴＣ	390	391	390	391	14
6436	アマノ	940	946	906	920	78
6437	三条機	135	135	135	135	2
6439	中日鋳	105	105	105	105	3
6440	ＪＵＫＩ	392	395	385	392	555
6442	コピア	295	299	291	299	7
6443	東洋製	121	125	121	125	4
6444	サンデン	560	569	540	540	260
6445	蛇の目	93	93	90	92	120
6448	ブラザー	257	264	241	264	229
6453	シルバ精	111	115	111	115	302
6454	マックス	1070	1072	1069	1070	42
6455	モリタ	290	290	285	290	15
6457	グローリー	1900	1950	1900	1910	12
6458	新晃工	169	170	167	167	19
6459	大和冷	310	311	308	309	78
6461	日ピス	117	120	114	114	303
6462	リケン	240	244	239	242	216
6463	ＴＰＲ	295	295	280	281	6
6466	トウアバルブ	0	0	0	0	0
6467	ニチダイ	600	600	600	600	1
6468	駿河精機	2710	2710	2710	2710	1
6469	放電精密	2210	2210	2130	2200	7
6470	大豊工業	1060	1060	1000	1000	4.7
6471	日精工	550	550	533	540	1922
6472	ＮＴＮ	330	335	325	325	746
6473	光洋精	603	627	592	592	342
6474	不二越	184	187	177	179	354
6475	天辻	0	0	0	0	0
6476	富士テクニカ	0	0	0	0	0
6477	ツバキ・ナカ	1016	1020	1010	1015	44
6478	ダイベア	0	0	0	0	0
6479	ミネベア	901	919	880	908	1074
6480	トムソン	984	984	946	970	58
6481	ＴＨＫ	2870	2885	2840	2850	543
6482	ユーシン精機	3750	3780	3650	3650	10.9
6483	川重防災	386	390	386	390	2
6484	ＫＶＫ	0	0	0	0	0
6485	前沢給装	660	660	660	660	2
6486	イーグル工	392	403	391	400	16
6487	積水工機	0	0	0	0	0
6488	ヨシタケ	260	260	260	260	1
6489	前沢工業	700	710	700	710	6.2
6490	ピラー	789	789	768	769	6
6492	岡野バ	124	124	124	124	1
6493	日鍛バ	190	190	190	190	4
6494	ファネス	497	525	497	510	73
6495	宮入バ	67	67	67	67	2
6496	中北製	205	205	205	205	4
6497	ハマイ	0	0	0	0	0
6498	キッツ	170	170	167	170	114
6499	大隈エンジニア	0	0	0	0	0
6501	日立	1080	1080	1026	1045	4529
6502	東芝	722	732	715	725	5237
6503	三菱電	706	707	685	701	4066
6504	富士電機ＨＤ	314	315	309	312	1736
6505	東洋電	150	152	141	141	33
6506	安川電	615	615	590	590	494
6507	神鋼電	228	232	204	204	2297
6508	明電舎	193	193	189	189	249
6513	オリジン	581	581	550	550	65
6516	山洋電	489	490	480	480	15
6517	デンヨー	555	555	541	542	4
6518	三相電機	0	0	0	0	0
6519	エネサーブ	4500	4500	4400	4400	19
6581	日立工	400	410	395	402	387
6584	三桜工	522	525	507	515	63
6585	サーボ	198	200	198	198	18
6586	マキタ	791	791	770	770	167
6587	松下精工	435	450	425	436	50
6588	東芝テック	334	336	325	334	261
6590	芝浦	530	535	525	535	57
6591	西芝電	141	143	140	143	4
6592	マブチ	12350	12350	11940	11940	66.3
6593	ローヤル電	0	0	0	0	0
6594	日電産	5600	5640	5380	5380	75.7
6621	高岳	145	147	144	147	80
6622	ダイヘン	183	183	179	179	58
6623	愛電機	230	230	230	230	2
6624	田淵電	185	185	185	185	1
6641	日新電	246	246	239	241	89
6643	戸上電	152	158	152	157	16
6644	大崎電	652	655	652	653	56
6645	オムロン	2195	2200	2100	2105	615
6646	エナジーサポ	430	437	430	437	15
6647	森尾電	0	0	0	0	0
6650	春日電	135	135	133	133	2
6651	日東工	854	858	850	858	18
6652	和泉電	1000	1001	985	1000	42.5
6654	不二電機	0	0	0	0	0
6655	東洋電機	0	0	0	0	0
6701	ＮＥＣ	1998	2015	1960	1979	5169
6702	富士通	1650	1655	1603	1633	5184
6703	沖電気	622	650	608	630	1570
6704	岩崎通	236	237	231	231	119
6705	ＮＥＣインフ	610	610	595	595	47
6706	電気興	603	603	580	600	131
6707	サンケン	592	595	576	580	196
6708	東洋通	703	721	691	718	177
6709	明星電	101	101	101	101	4
6710	大興電機製作	204	204	200	200	13
6711	高見澤電機	228	228	225	225	8
6712	田村電機製作	314	318	306	306	190
6714	神田通信工業	153	153	152	152	3
6715	ナカヨ通	255	255	255	255	1
6716	中央無	205	205	203	203	2
6717	富士通アクセ	1050	1050	1025	1038	25.2
6718	アイホン	1150	1150	1100	1100	8.2
6741	信号	382	395	378	394	24
6742	京三	230	231	228	230	30
6743	大同信	0	0	0	0	0
6744	能美防災	388	388	388	388	7
6745	ホーチキ	300	300	298	300	6
6747	小糸工	279	279	277	277	3
6748	星和電	448	448	448	448	1
6749	マスプロ	1730	1730	1666	1682	64.8
6751	日無線	805	829	800	829	321
6752	松下	2270	2280	2230	2250	4179
6753	シャープ	1598	1600	1560	1579	1919
6754	アンリツ	2140	2195	2085	2115	1426
6755	富士通ゼ	520	525	513	516	43
6756	日立国際	817	822	812	820	84
6758	ソニー	8810	8930	8610	8890	3125.7
6759	ＮＥＣトーキ	980	990	973	975	147
6761	アイワ	1080	1090	1020	1051	387.3
6762	ＴＤＫ	8250	8380	8090	8160	422.9
6763	帝通工	326	329	321	328	26
6764	三洋電	763	763	745	745	5144
6765	ケンウッド	207	209	203	209	406
6766	宮越商	40	40	38	39	65
6767	ミツミ	2200	2230	2150	2200	406
6768	タムラ	391	397	389	391	51
6770	アルプス	1230	1230	1166	1187	1036
6771	池上通	206	211	206	206	26
6772	コスモス	130	130	125	125	3
6773	パイオニア	3200	3360	3020	3230	1507
6775	東和メクス	87	88	82	82	25
6776	天昇電	0	0	0	0	0
6779	日電波	3010	3020	2850	2905	33.3
6781	松下通信工業	8150	8390	8040	8200	370.6
6782	九州松下電器	976	976	950	950	146
6783	松下寿電子	1525	1534	1450	1491	61
6785	鈴木	880	880	830	830	2
6786	リアルＶ	2500000	2530000	2450000	2530000	0.013
6787	メイコー	1200	1220	1200	1210	14
6788	日本トリム	3500	3530	3450	3450	7
6789	ローランドDG	800	850	800	830	12.2
6790	野田スクリン	1300000	1300000	1250000	1260000	0.012
6791	コロムビア	163	165	162	162	37
6792	ビクター	742	753	735	753	219
6793	山水電	11	12	10	10	1994
6794	フォスター	433	433	420	421	33
6796	クラリオン	294	320	285	320	4939
6797	名古屋電機	1350	1350	1350	1350	1
6798	ＳＭＫ	520	520	502	503	51
6799	日本マランツ	220	230	220	230	7
6800	ヨコオ	1322	1322	1290	1301	51.5
6801	東光	525	528	516	516	208
6803	ティアック	305	305	295	296	53
6804	ホシデン	3300	3300	3160	3210	107
6806	ヒロセ電	11590	12300	11070	12020	69.7
6807	航空電子	636	639	630	635	57
6808	シントム	40	41	39	40	1264
6809	ＴＯＡ	303	325	303	304	13
6810	マクセル	1610	1620	1586	1617	67
6811	クオンツ	392	441	392	433	141
6812	ジャルコ	459	460	450	455	6
6813	ナカミチ	71	74	71	71	57
6814	古野電	0	0	0	0	0
6815	ユニデン	531	531	520	527	110
6816	アルパイン	1220	1248	1208	1244	78
6817	スミダコーポ	4550	4550	4500	4530	4.5
6818	島田理	1185	1192	1110	1158	10.8
6819	オメガ・プロ	299	299	276	277	417
6820	アイコム	1205	1225	1200	1225	6.4
6821	バーテクスＳ	815	815	815	815	3
6822	大井電気	171	171	170	170	9
6823	リオン	0	0	0	0	0
6824	新コスモス	0	0	0	0	0
6825	パトライト	1550	1570	1550	1570	5
6826	本多通信	1990	2000	1880	1900	5.9
6827	東北パイオ	4900	4900	4760	4850	90
6828	シメオ精密	5200	5200	4950	5000	5
6829	ソーテック	700000	700000	670000	680000	0.05
6830	ＹＯＺＡＮ	2700000	2730000	2620000	2700000	0.107
6832	アオイ電子	1650	1650	1610	1635	25
6833	日電産リード	0	0	0	0	0
6834	精工技研	22000	22000	21500	21600	5.4
6835	アライドＨＤ	2870	2870	2780	2780	7.9
6836	ぷらっと	3050000	3050000	2900000	2900000	0.004
6837	京写	880	885	880	885	2
6838	多摩川電	0	0	0	0	0
6839	船井電	9510	9510	8830	9220	18.4
6840	アドテック	1200	1220	1180	1200	24
6841	横河電	1100	1101	1060	1077	579
6842	ユニパルス	3430	3550	3380	3500	5.2
6843	東光精機	0	0	0	0	0
6844	新電元	720	725	706	724	67
6845	山武	1030	1033	1010	1031	108
6846	中央製	0	0	0	0	0
6847	安藤電気	930	940	930	930	10
6848	東亜ＤＫＫ	345	345	343	345	10
6849	日本光電	317	317	312	315	30
6850	チノー	220	224	214	214	25
6851	大倉電気	142	142	136	137	6
6852	テクノセブン	149	149	148	149	10
6853	共和電	291	291	263	266	22
6855	電子材料	1680	1680	1640	1640	15
6856	堀場製	892	892	876	886	26
6857	アドバンテスト	12510	12750	11980	12550	619.5
6858	小野測器	197	197	190	190	13
6859	エスペック	851	871	851	871	10
6860	サンクス	0	0	0	0	0
6861	キーエンス	24000	24500	23700	24100	83.1
6862	ミナトエレ	151	151	146	146	6
6863	ニレコ	0	0	0	0	0
6864	ＮＦ回路	0	0	0	0	0
6866	ＨＩＯＫＩ	800	800	800	800	2
6867	リーダー電子	875	890	875	890	4
6868	東カソード	1210	1210	1180	1190	2.6
6869	シスメックス	2775	2790	2730	2785	5.7
6870	フェンオール	433	455	433	455	12
6871	日本マイクロ	1510	1540	1480	1510	11.1
6872	日本コーリン	9850	10000	9820	9820	27.8
6873	日立電子Ｅ	574	580	574	580	5
6874	協立電機	2080	2080	1950	1950	1.1
6875	メガチップス	4600	4600	4170	4380	62
6876	光波	1510	1510	1430	1430	5.7
6877	ＯＢＡＲＡ	1710	1780	1700	1750	7
6878	長野日無	530	530	530	530	6
6879	フォトロン	0	0	0	0	0
6880	シンワ	920	920	900	900	0.3
6881	キョウデン	1199	1199	1170	1180	25
6882	三社電機	0	0	0	0	0
6883	電産コ電	1240	1240	1200	1210	6
6884	デジタル	3210	3210	3100	3100	6.6
6885	ミヤチテクノ	3350	3400	3250	3260	11.7
6886	グラフィック	0	0	0	0	0
6887	日本ＬＳＩカード	600000	620000	600000	620000	0.005
6888	アクモス	305000	315000	305000	315000	0.012
6889	オーデリック	0	0	0	0	0
6890	フェローテク	2460	2460	2400	2430	29
6891	イーター電機	380	380	360	380	13
6892	シチズン電子	7200	7200	7150	7200	4.3
6893	タイテック	745	745	740	745	3
6894	パルステック	1185	1185	1121	1121	10
6895	ダイヤ電機	440	440	440	440	1
6896	北川工業	1301	1301	1290	1300	7
6897	ツインバード	214	214	214	214	2
6898	トミタ電機	0	0	0	0	0
6899	ＡＳＴＩ	570	570	570	570	1
6900	東京電波	2640	2640	2520	2560	18.9
6901	沢藤電	205	205	201	201	4
6902	デンソー	2400	2400	2280	2295	1291
6904	原田工業	0	0	0	0	0
6905	コーセル	2415	2415	2320	2395	11.5
6906	キヤ･コンポ	289	289	289	289	1
6907	ジオマテック	1960	1960	1850	1900	14.1
6908	イリソ電子	0	0	0	0	0
6909	北部通信工業	0	0	0	0	0
6910	日立メディコ	1060	1100	1050	1100	12
6911	新日無	783	810	783	800	42
6912	菊水電子	420	420	420	420	1
6913	メルコ	2045	2060	1980	2025	37.7
6914	オプテックス	915	915	915	915	1
6915	千代田インテ	1262	1282	1260	1260	4.8
6916	アイオデータ	1320	1320	1290	1310	38.4
6917	デンセラムダ	1920	1920	1850	1910	9.4
6918	アバール	630	630	630	630	4
6919	ケル	0	0	0	0	0
6920	レーザーテク	1610	1660	1610	1660	6
6921	東光電	293	293	290	292	7
6922	昭和情報	330	330	329	329	3
6923	スタンレー	930	930	871	903	149
6924	岩崎電	385	395	381	394	312
6925	ウシオ電	1846	1849	1790	1806	171
6926	岡谷電	294	294	293	293	5
6928	エノモト	0	0	0	0	0
6929	日セラ	1995	1995	1940	1990	52
6930	日本アンテナ	1650	1650	1600	1640	8
6931	日本電池	375	375	365	365	202
6932	ユアサコーポ	385	386	380	381	9
6933	ＹＵＡＳＡ	237	244	236	237	315
6934	新神戸	681	681	675	680	29
6935	日デジタル	1290	1309	1280	1300	30.1
6936	東洋高砂乾	113	113	107	107	8
6937	古河池	220	228	218	225	12
6938	双信電機	885	900	880	880	13
6939	ＵＭＣＪ	935000	940000	910000	940000	0.384
6940	多摩電気	0	0	0	0	0
6941	山一電機	1980	1980	1870	1915	14.2
6942	ソフィア	206	206	205	206	3
6943	開閉器	0	0	0	0	0
6944	アイレックス	231	231	231	231	1
6945	ＦＴＥＣ	540	540	540	540	6
6946	日本アビオ	260	260	245	250	7
6947	図研	2035	2065	1980	1980	27.2
6948	住友電装	748	748	748	748	3
6949	キンセキ	900	910	900	901	34
6950	ＹＥデータ	348	348	345	345	4
6951	日電子	570	571	562	565	68
6952	カシオ	810	816	800	800	567
6954	ファナック	7010	7100	6850	6860	431.4
6955	ＦＤＫ	682	690	659	659	177
6956	神明電	1170	1190	1160	1160	4
6957	芝浦電子	320	320	320	320	2.1
6958	日本ＣＭＫ	1360	1367	1320	1330	27
6960	フクダ電	2500	2500	2500	2500	2
6961	エンプラス	2890	2895	2850	2890	33.9
6962	大真空	626	626	620	620	24
6963	ローム	21300	21300	19940	20220	331.5
6964	サンコー	0	0	0	0	0
6965	ホトニクス	4680	4750	4540	4750	711.5
6966	三井ハイテク	1312	1324	1300	1300	27.7
6967	新光電工	2740	2750	2600	2600	48.1
6968	グラフテック	141	147	138	140	62
6969	松尾電	400	400	380	382	9
6970	日本コンラックス	529	534	529	531	40
6971	京セラ	11400	11670	11220	11570	535.3
6972	エルナー	370	370	363	363	15
6973	協栄産	319	319	308	315	13
6974	日本インター	253	253	253	253	7
6975	ＮＥＯＭＡＸ	1021	1025	1001	1002	20
6976	太陽電	3250	3280	3180	3210	697
6977	抵抗器	0	0	0	0	0
6980	日立ＡＩＣ	800	800	770	795	38
6981	村田製	10620	10700	10150	10340	502.1
6982	リード	144	144	140	140	6
6984	朝日ナショナ	0	0	0	0	0
6985	ユーシン	540	559	530	559	39
6986	双葉電	3560	3670	3430	3650	75.4
6988	日東電	3350	3350	3190	3230	266.4
6989	北電工	204	205	201	203	46
6991	松電工	1342	1352	1330	1337	1310
6992	国産電	0	0	0	0	0
6993	森電機	85	90	85	90	32
6994	指月電	195	195	195	195	5
6995	東海理	851	851	820	821	25
6996	ニチコン	1791	1791	1690	1770	127.6
6997	日ケミコン	725	750	720	750	222
6998	タングス	0	0	0	0	0
6999	ＫＯＡ	1880	1880	1850	1859	43.9
7003	三井造	115	117	112	112	1522
7004	日立造	94	94	91	91	1785
7007	佐世保	117	117	112	115	1012
7011	三菱重	460	462	450	451	4701
7012	川重	164	165	159	160	5076
7013	石川島	261	262	253	253	3131
7014	名村造	239	239	224	224	63
7018	内海造	103	105	102	105	3
7020	サノヤス	0	0	0	0	0
7021	ニッチツ	0	0	0	0	0
7052	信貴造船所	0	0	0	0	0
7102	日車両	202	206	198	200	175
7104	富士車輌	3	3	2	3	283
7105	ニチユ	184	184	176	178	7
7122	近畿車	115	116	112	116	15
7123	東急車輌製造	76	81	73	80	211
7124	輸送機工業	0	0	0	0	0
7142	ナブコ	147	147	143	143	93
7201	日産自	820	842	816	831	15626
7202	いすゞ	224	229	219	226	806
7203	トヨタ	4370	4380	4240	4330	6307.3
7204	小松ゼノア	245	245	236	236	25
7205	日野自	529	545	515	520	518
7210	日産ディ	171	177	165	174	1254
7211	三菱自	350	356	341	341	1026
7212	エフテック	496	500	496	500	6
7218	田中精密	862	862	855	855	2
7219	ＨＫＳ	0	0	0	0	0
7220	武蔵精密	0	0	0	0	0
7221	トヨ車	1250	1250	1221	1248	54
7222	産車体	234	235	225	231	256
7223	関東自	617	618	607	618	19
7224	新明和	205	207	198	205	361
7225	小松フォーク	170	170	165	168	46
7226	極東開発	501	502	492	497	32.3
7227	アスカ	0	0	0	0	0
7228	デイトナ	560	560	560	560	2
7229	ユタカ技研	590	590	590	590	5
7230	日信工業	2685	2730	2680	2700	42
7231	トピー	180	183	178	180	250
7232	トキコ	206	207	204	204	106
7233	自部品	75	75	75	75	3
7234	橋本フォーミング	78	78	78	78	17
7235	東ラヂ	128	128	112	128	10
7236	ティラド	400	410	385	400	61
7237	ボッシュブレーキ	145	145	140	140	2
7238	ブレーキ	220	222	218	221	35
7239	タチエス	535	535	535	535	1
7240	ＮＯＫ	985	1050	948	1050	174
7241	フタバ	1460	1462	1460	1460	39
7242	カヤバ	200	205	199	205	172
7243	シロキ	214	214	206	207	43
7244	市光工	220	220	215	220	100
7245	大同メ	532	532	532	532	3
7246	プレス工	111	113	110	113	658
7247	ミクニ	129	129	129	129	1
7248	カルソニック	315	317	308	308	103
7249	尾張精	0	0	0	0	0
7250	太平洋工	271	279	270	275	27
7251	ケーヒン	950	951	950	950	18
7252	富士機	0	0	0	0	0
7253	日本ガスケット	0	0	0	0	0
7254	フジユニ	215	215	215	215	2
7255	桜井製	0	0	0	0	0
7256	河西工	207	212	205	205	45
7257	自転車電機工	297	299	297	299	4
7258	栃木富士産業	226	227	225	225	19
7259	アイシン	1797	1848	1771	1771	354
7260	富士機工	218	218	206	210	14
7261	マツダ	321	326	316	324	1933
7262	ダイハツ	726	760	720	745	484
7263	愛知機	243	245	233	233	41
7264	ＭＵＲＯ	0	0	0	0	0
7265	エイケン工業	0	0	0	0	0
7266	今仙電機	345	345	345	345	9
7267	ホンダ	5120	5140	4990	5010	1799
7268	タツミ	0	0	0	0	0
7269	スズキ	1421	1497	1401	1465	1442
7270	富士重	864	897	859	883	1436
7271	安永	430	430	430	430	1
7272	ヤマハ発	890	928	890	911	472
7273	イクヨ	0	0	0	0	0
7274	ショーワ	675	682	661	665	45
7275	ユニシア	202	202	185	199	74
7276	小糸製	465	470	464	470	68
7277	ＴＢＫ	114	114	112	112	11
7278	エクセディ	730	750	730	739	12.9
7279	ケーブル	909	913	909	911	43
7280	ミツバ	520	523	515	523	9
7282	豊田合	2315	2350	2280	2315	93
7283	愛三工	815	818	812	815	19
7284	盟和産	250	250	242	242	6
7286	イズミ工業	0	0	0	0	0
7287	日精機	610	649	600	648	8
7288	テクノエイト	222	222	210	210	4
7289	マーレ テネックス	195	200	195	200	36
7290	日発精密工業	275	275	275	275	3
7291	日本プラスト	0	0	0	0	0
7292	村上開明	0	0	0	0	0
7293	大井製作所	258	258	250	250	10
7294	ヨロズ	431	434	431	434	2.9
7295	アイエス製機	0	0	0	0	0
7296	ＦＣＣ	0	0	0	0	0
7297	カーメイト	485	485	485	485	0.3
7298	八千代工	0	0	0	0	0
7299	フジオーゼ	0	0	0	0	0
7301	宮田	106	106	100	100	5
7305	新家工	125	125	116	121	7
7306	丸石自転車	190	190	181	185	18
7308	ツノダ	0	0	0	0	0
7309	シマノ	1981	1981	1880	1931	165.4
7399	ナンシン	0	0	0	0	0
7404	昭和飛	295	295	295	295	2
7407	日本飛行機	231	235	228	234	28
7408	ジャムコ	455	456	455	455	3
7410	横浜鋼業	105	105	105	105	10
7411	成和産業	0	0	0	0	0
7412	アトム	1366	1380	1366	1380	3
7413	創健社	0	0	0	0	0
7414	小野建	0	0	0	0	0
7415	新星堂	228	228	220	220	2
7416	はるやま	0	0	0	0	0
7418	ヤマキ	111	119	111	119	19
7419	ノジマ	1430	1430	1430	1430	0.9
7420	佐鳥電機	1240	1240	1210	1210	3
7421	カッパクリエ	5280	5280	5130	5200	0.8
7422	東邦レマック	0	0	0	0	0
7423	フォンテーヌ	1380	1390	1370	1381	1.9
7424	ニコニコ堂	125	125	125	125	1
7425	初穂商事	283	283	283	283	2
7426	山大	125	125	125	125	1
7427	エコーＴＤ	1310	1336	1310	1336	2
7428	江戸沢	790	790	780	780	1.5
7429	セイジョー	992	992	980	980	3.5
7430	サンワドー	0	0	0	0	0
7432	ダルトン	0	0	0	0	0
7433	伯東	2980	2980	2800	2970	22.9
7434	オータケ	1870	1870	1870	1870	1
7435	ナ・デックス	503	503	503	503	2
7437	シーアンドエス	3500	3510	3360	3400	17.3
7438	コンドー	465	480	465	479	5
7439	サンミック千代田	155	155	155	155	1
7440	クラフト	740	740	740	740	1
7442	中山福	328	328	328	328	2
7443	横浜魚類	0	0	0	0	0
7444	ハリマ共和	0	0	0	0	0
7445	ライトオン	1700	1700	1650	1650	6.3
7446	東北化学	0	0	0	0	0
7447	ナガイレーベ	2160	2180	2120	2120	0.7
7448	ジンズメイト	710	720	701	714	2.9
7449	太洋興業	0	0	0	0	0
7450	サンデー	0	0	0	0	0
7451	菱食	3750	3850	3680	3840	11.5
7452	マツヤ	0	0	0	0	0
7453	良品計画	3010	3040	2950	3000	311.6
7454	ホットスパー	110	110	110	110	47
7455	三城	3130	3320	3030	3320	41.7
7456	松田産業	1650	1690	1630	1690	13
7457	セキテクノ	0	0	0	0	0
7458	第一興商	2040	2070	1930	2030	33.9
7459	メディセオＨＤ	760	779	760	779	78.7
7460	ヤギ	485	485	485	485	2
7461	キムラ	0	0	0	0	0
7462	ダイヤ通商	0	0	0	0	0
7463	アドヴァン	1100	1100	1080	1100	17.2
7464	セフテック	0	0	0	0	0
7465	ＭＶ北海道	0	0	0	0	0
7466	ＳＰＫ	1050	1050	1050	1050	0.1
7467	萩原電気	495	505	495	505	2
7468	アムスク	830	830	810	810	9
7470	サロモンメイド	1140	1150	1130	1130	23
7471	ふじ	490	500	485	485	7
7472	鳥羽洋行	0	0	0	0	0
7473	静岡スバル	0	0	0	0	0
7474	パオ	560	560	560	560	1
7475	アルビス	433	433	433	433	2
7476	アズワン	1800	1800	1740	1780	8
7477	ムラキ	0	0	0	0	0
7478	ブルーグラス	395	395	395	395	1
7479	サンマルク	3050	3060	3030	3050	6.6
7480	スズデン	0	0	0	0	0
7481	尾家産	0	0	0	0	0
7482	シモジマ	1000	1000	1000	1000	1
7483	ドウシシャ	1924	1950	1923	1950	2.5
7485	岡谷鋼機	0	0	0	0	0
7486	サンリン	0	0	0	0	0
7487	小津産業	980	980	960	960	0.9
7488	ヤガミ	0	0	0	0	0
7490	日新商	0	0	0	0	0
7491	ＯＡシステム	360	360	350	355	22
7492	タイカン	506	512	506	511	13
7494	コナカ	676	690	676	682	2.8
7495	レオ	0	0	0	0	0
7496	八千代ムセン	680	680	680	680	0.5
7498	ジャパン	1888	1888	1800	1800	2.3
7500	西川計測	395	395	395	395	2
7501	ティムコ	750	750	750	750	0.1
7502	プラザクリエ	3850	4000	3800	4000	2.7
7503	ＩＭＩ	0	0	0	0	0
7504	高速	599	599	580	580	6
7505	扶桑電通	520	520	520	520	6
7506	ハウスローゼ	700	700	700	700	1.3
7508	オートセブ	0	0	0	0	0
7509	アイエー	440	440	430	430	2
7510	竹菱電機	0	0	0	0	0
7511	ジプロ	0	0	0	0	0
7512	ポスフール	770	800	765	780	2.8
7513	コジマ	2280	2320	2200	2280	70.1
7514	ヒマラヤ	0	0	0	0	0
7515	マルヨシ	0	0	0	0	0
7516	コーナン	1102	1102	1101	1101	2
7517	黒田電気	2080	2125	1990	1990	39.2
7518	ネットワン	2520000	2550000	2500000	2510000	0.149
7519	五洋インテ	0	0	0	0	0
7520	エコス	500	500	500	500	0.1
7521	ムサシ	0	0	0	0	0
7522	ワタミ	4270	4280	4170	4200	13.1
7523	アールビバン	989	989	960	960	0.9
7524	マルシェ	1005	1005	980	980	4.5
7527	システムソフ	457	457	450	450	2
7528	安藤薬業公司	360	360	360	360	1
7529	はるやま	0	0	0	0	0
7530	ナブコドア	0	0	0	0	0
7531	清和鋼業	400	400	400	400	1
7532	ドンキホーテ	8770	8770	8150	8180	15.3
7535	グッドマン	2610	2690	2600	2690	6
7536	船橋薬品	0	0	0	0	0
7537	丸文	1190	1190	1145	1150	50
7538	大水	0	0	0	0	0
7539	アベルコ	0	0	0	0	0
7540	エルエスフェンス	0	0	0	0	0
7541	メガネトップ	1731	1739	1690	1690	4.8
7542	ビスケーＨＤ	0	0	0	0	0
7543	ミスタージョン	350	361	316	316	17
7544	スリーエフ	970	970	950	950	1.5
7545	西松屋チェ	2000	2000	1960	2000	3.3
7547	オートハローズ	0	0	0	0	0
7548	サンクスＪＰ	1300	1310	1280	1300	5
7549	エス・エス・ブイ	0	0	0	0	0
7550	ゼンショー	1049	1049	1000	1000	6.2
7551	ウェッズ	0	0	0	0	0
7552	ハピネット	1710	1710	1642	1649	8.6
7553	サザビー	6500	6500	6400	6400	2.9
7554	幸楽苑	1020	1020	1020	1020	1
7555	大田花き	0	0	0	0	0
7556	住商エレク	1130	1140	1120	1130	4.9
7557	サンクス	3160	3160	3000	3040	11.5
7558	トーメンエレ	4650	4650	4300	4350	3.9
7559	ジーエフシー	840	840	840	840	1
7560	ユニマット	1381	1390	1351	1353	4.4
7561	ハークスレイ	1980	2050	1980	2040	0.8
7562	安楽亭	750	750	750	750	2
7563	ニッパン	202	202	202	202	1
7564	ワークマン	1900	1900	1900	1900	1
7565	万世電機	0	0	0	0	0
7566	ジャパンケア	1610	1620	1590	1600	10
7567	栄電子	0	0	0	0	0
7568	クレックス	460	460	450	450	2
7569	モンテカルロ	221	227	220	227	4
7570	橋本総業	580	580	580	580	1
7571	ヤマノＨＣ	790	815	790	795	17
7573	ツルハ	1800	1800	1790	1790	2.2
7574	共信テクノ	1110	1180	1110	1150	5
7575	日本ライフＬ	850	900	850	900	13.1
7576	ベターライフ	38	38	10	20	109
7577	パスポート	0	0	0	0	0
7578	ニチリョク	605	605	605	605	1
7579	オリジン東	3300	3300	3230	3300	7.5
7580	フーズネット	0	0	0	0	0
7581	サイゼリヤ	4950	5000	4780	4940	38.4
7582	富デバイス	1310	1310	1280	1280	9
7583	通商	0	0	0	0	0
7584	丸紅インフォ	459	459	459	459	1
7585	かんなん	860	860	860	860	1
7586	寺島薬局	690	690	690	690	0.1
7587	ＰＡＬＴＥＫ	1900	1910	1900	1900	3.8
7588	シートゥーネット	7400	7450	7100	7400	4.6
7589	デジキューブ	551000	551000	540000	540000	0.019
7590	タカショー	410	420	410	410	12
7591	エクセル	1070	1080	1070	1080	2
7592	アイ・ユー・ケイ	440	440	440	440	1
7593	ＶＴＨＤ	0	0	0	0	0
7594	マルカキカイ	0	0	0	0	0
7595	アルゴグラフ	1760	1770	1760	1770	2.3
7596	魚力	1510	1510	1420	1490	5.3
7597	東京貴宝	0	0	0	0	0
7598	ナイスクラ	195	195	195	195	1
7599	ガリバー	2270	2290	2160	2240	34.2
7600	日本ＭＤＭ	4460	4460	4120	4420	50.2
7601	ポプラ	1100	1100	1090	1090	1.9
7602	ジャック	1610	1610	1550	1550	27.4
7603	マックハウス	403	403	403	403	1
7604	梅の花	675000	700000	671000	700000	0.008
7605	フジコーポ	0	0	0	0	0
7606	Ｕアローズ	1350	1370	1250	1330	4.9
7607	進和	0	0	0	0	0
7608	ＳＫジャパン	0	0	0	0	0
7609	ダイトエレク	2040	2080	1960	1960	12
7610	テイツー	0	0	0	0	0
7611	ハイデ日高	1200	1200	1200	1200	1
7612	コモンウェル	0	0	0	0	0
7613	シークス	2350	2350	2270	2300	8.3
7614	オーエムツー	0	0	0	0	0
7615	京都友禅	600000	600000	570000	570000	0.005
7616	コロワイド	1450	1450	1420	1450	5.5
7617	オオゼキ	4170	4350	4060	4290	10.3
7618	ＰＣＤＥＰＯ	327000	334000	327000	331000	0.018
7619	田中商事	0	0	0	0	0
7620	ヤマト硝子	410	410	410	410	2
7621	うかい	1100	1100	1100	1100	1
7622	焼肉サカイ	1460	1500	1460	1460	18.3
7623	サンオータス	0	0	0	0	0
7624	内藤	850	850	850	850	1
7625	ダイニング	1700	1728	1700	1710	2.4
7626	ドッドウエル	1470	1470	1440	1450	4
7627	なか卯	1030	1030	1010	1020	5
7628	オーハシテク	1450	1450	1450	1450	2.1
7629	ムラチク	0	0	0	0	0
7630	壱番屋	970	1000	970	985	23
7631	マクニカ	8420	8420	8290	8290	9.3
7632	住商メタレックス	700	700	700	700	1
7633	明響社	365	400	365	400	4
7634	星医療	1550	1550	1550	1550	3
7635	杉田エース	0	0	0	0	0
7636	ハンズマン	1270	1270	1250	1250	4
7637	白 銅	1950	2000	1950	2000	8
7638	シーマ	0	0	0	0	0
7639	贔屓屋	725	725	725	725	1
7640	トップカル	0	0	0	0	0
7641	フォーユー	477000	525000	471000	525000	0.023
7642	ビジョン	580	600	560	580	1.4
7643	ダイイチ	395	395	395	395	1
7644	常盤薬品	0	0	0	0	0
7645	日本トイザ	11800	12100	11500	12100	11
7646	ＰＬＡＮＴ	2420	2420	2390	2400	1.1
7647	音通	0	0	0	0	0
7648	トーカン	0	0	0	0	0
7649	スギ薬局	3750	3750	3750	3750	1
7701	島津	478	480	463	471	314
7702	ＪＭＳ	380	380	355	356	19
7703	川澄化	949	949	949	949	1
7704	アロカ	832	832	811	831	15
7705	ジーエル	1530	1530	1510	1530	4
7706	セントラユニ	480	480	480	480	6
7707	プレシジョン	3650000	3650000	3600000	3600000	0.034
7708	フォトニクス	3190000	3220000	2900000	2960000	0.14
7709	クボテック	2470000	2620000	2470000	2560000	0.018
7711	助川電気	255	255	255	255	3
7713	シグマ光機	1500	1550	1500	1550	4
7714	モリテックス	4000	4100	3910	4080	31.9
7715	長野計器	2480	2500	2480	2500	16
7716	ナカニシ	2560	2560	2560	2560	2
7717	ブイテクノ	1310000	1310000	1240000	1240000	0.009
7718	スター精	1199	1199	1160	1160	27
7719	東衡機	84	84	81	81	5
7720	ソキア	202	205	198	199	87
7721	トキメック	120	120	118	118	45
7722	国際計測器	630	630	615	615	11
7723	愛時計	262	262	261	261	7
7724	金門	142	162	142	159	40
7725	インタＡＣＴ	661000	750000	660000	740000	0.33
7726	黒田精	0	0	0	0	0
7727	オーバル	151	151	150	150	4
7728	電産トーソク	793	793	793	793	1
7729	東京精	7610	7610	7380	7550	55.9
7731	ニコン	1432	1435	1390	1421	738
7732	トプコン	342	342	330	330	13
7733	オリンパス	1831	1831	1784	1808	434
7734	理計器	424	432	421	432	48
7735	スクリン	530	535	519	520	365
7736	ユニオンＨＤ	112	113	107	107	81
7738	チノン	240	245	240	240	14
7739	キヤノン電	1001	1075	1000	1029	7
7740	タムロン	870	870	870	870	2
7741	ＨＯＹＡ	8250	8250	7790	7860	268
7743	シード	375	375	375	375	1
7744	ノーリツ鋼機	2290	2300	2210	2210	28.1
7750	ペンタックス	258	258	245	255	70
7751	キヤノン	4550	4720	4490	4660	3088
7752	リコー	2280	2280	2190	2210	2283
7753	ミノルタ	505	510	494	497	282
7756	電産コパル	1076	1121	1050	1105	65
7757	三協精	560	560	530	530	81
7758	セコニック	330	330	330	330	6
7762	シチズン	923	924	907	910	689
7764	オリエント時計	267	280	266	275	10
7765	リコーエレメ	616	618	616	618	7
7768	ジェコー	380	380	375	380	4
7769	リズム	177	178	174	175	118
7770	ミヨタ	1800	1800	1800	1800	3
7771	日本精密	450	450	450	450	2
7851	カワセＣＳ	395	400	390	400	6
7854	バンプレスト	0	0	0	0	0
7855	カーディナル	236	236	235	235	4
7856	萩原工業	0	0	0	0	0
7857	セキ	0	0	0	0	0
7858	小野産業	480	480	480	480	5
7859	アルメディオ	1080	1080	1080	1080	1
7860	エイベックス	8250	8470	7700	8070	38
7861	東京リスマ	1070	1120	1070	1120	7.7
7862	トッパンフォ	1900	1900	1825	1879	59.8
7863	平賀	600	620	600	620	5
7864	フジシール	4100	4100	4000	4000	2.9
7865	ピープル	679	690	679	679	5.5
7866	アトラス	810	850	804	840	10.1
7867	トミー	2780	2790	2700	2780	23.9
7868	広済堂	1001	1001	959	974	4.3
7869	日本フォーム	430	430	430	430	4
7870	福島印刷	0	0	0	0	0
7871	フクビ	0	0	0	0	0
7872	エステール	0	0	0	0	0
7873	アーク	4390	4410	4360	4410	15
7874	スルガ	3600	3600	3500	3510	3
7875	竹田印刷	0	0	0	0	0
7876	三陽PAX	0	0	0	0	0
7877	永大化工	545	545	530	530	4
7878	光彩工芸	160	160	160	160	1
7879	ノダ	442	442	442	442	0.5
7880	南部化成	343	343	343	343	1
7881	ニッソー	73	73	73	73	1
7882	アロン化成	385	385	375	376	13
7883	サンメッセ	0	0	0	0	0
7884	本間ゴルフ	245	247	240	240	20.2
7885	タカノ	1394	1394	1365	1393	0.4
7886	ヤマト・イン	0	0	0	0	0
7887	南プラ	0	0	0	0	0
7888	三光合成	0	0	0	0	0
7889	桑山	0	0	0	0	0
7890	アテナ工業	0	0	0	0	0
7891	日本ユピカ	0	0	0	0	0
7892	宇部日東化成	378	397	370	389	203
7893	亜細亜	1040	1040	1000	1015	20
7895	中央化学	1600	1600	1600	1600	3.5
7896	セブン工業	0	0	0	0	0
7897	ホクシン	137	150	135	150	28
7898	ウッドワン	815	831	815	820	27
7899	オザキ軽化	410	410	405	405	3
7900	大出産業	665	665	665	665	1
7901	マツモト	0	0	0	0	0
7902	ソノコム	1150	1150	1150	1150	1
7903	名木材	0	0	0	0	0
7904	天竜木	0	0	0	0	0
7905	大建工	300	310	290	304	71
7906	ヨネックス	390	390	382	382	3
7907	日防腐	0	0	0	0	0
7908	きもと	500	500	500	500	3
7909	シーアイ化	329	329	317	318	7
7910	段谷産業	66	66	64	65	112
7911	凸版	952	965	944	965	1268
7912	大日印	1530	1530	1452	1452	858
7913	図書印	217	220	216	220	23
7914	共同印	335	340	330	335	39
7915	日写印	585	590	571	572	48
7916	光村印	344	344	330	330	12
7917	藤森工業	750	750	750	750	1
7918	ヴィアＨＤ	0	0	0	0	0
7919	野崎紙	0	0	0	0	0
7920	三浦印	402	402	402	402	2
7921	宝印刷	1151	1162	1151	1162	3.5
7922	三光産業	0	0	0	0	0
7923	トーイン	0	0	0	0	0
7925	前沢化成	1400	1430	1400	1410	7.5
7926	ベルテクノ	246	246	246	246	5
7927	ムトー精工	790	790	790	790	4
7928	旭化学	435	435	435	435	1
7929	新輝合成	0	0	0	0	0
7931	未来工業	1145	1150	1130	1130	5.1
7932	ニッピ	0	0	0	0	0
7933	ファイリング	0	0	0	0	0
7934	メルクス	67	68	67	67	12
7935	コンビ	515	520	510	515	22.5
7936	アシックス	116	146	113	138	4181
7937	ツツミ	1700	1700	1650	1663	7.7
7938	リーガル	113	114	110	110	24
7939	研創	310	310	310	310	1
7940	ウェーブＨＤ	270	280	270	275	7
7942	ＪＳＰ	601	601	600	600	2
7943	ニチハ	778	778	769	769	6.6
7944	ローランド	1560	1560	1510	1510	12.1
7945	コマニー	0	0	0	0	0
7946	光陽社	250	250	250	250	1
7947	エフピコ	0	0	0	0	0
7948	ＡＷ・エモト	142	142	142	142	3
7949	小松ウオール	945	945	901	901	2.5
7950	日デコラ	0	0	0	0	0
7951	ヤマハ	1300	1300	1250	1275	570
7952	河合楽	151	155	150	155	21
7953	菊水化	0	0	0	0	0
7954	ジャレコ	550	570	506	524	181
7955	クリナップ	541	541	510	510	22
7956	ピジョン	785	785	754	770	4.9
7957	フジコピアン	130	130	130	130	2
7958	天馬	1329	1340	1320	1340	84
7959	オリバー	0	0	0	0	0
7960	パラマウント	3490	3530	3450	3450	30.3
7961	兼松日産農	276	276	246	247	200
7962	キングジム	699	699	699	699	2
7963	興研	490	490	485	485	4
7964	セガ	2340	2390	2280	2315	3632.6
7965	象印	480	480	480	480	1
7966	リンテック	1030	1030	996	999	46
7967	バンダイ	4360	4440	4310	4420	48.2
7968	田崎真珠	448	448	441	446	15
7969	タカラ	1009	1043	982	1040	303
7970	信越ポリ	591	595	580	581	65
7971	東リ	212	212	205	206	39
7972	イトーキ	308	308	300	302	42
7973	ホウトク	0	0	0	0	0
7974	任天堂	21000	21000	20290	20740	273.7
7975	リヒトラブ	0	0	0	0	0
7976	菱鉛筆	790	790	785	789	18
7977	フランスベッド	329	333	320	322	36
7979	松風	0	0	0	0	0
7980	重松製	0	0	0	0	0
7981	タカラスタ	451	459	450	451	61
7983	ミロク	0	0	0	0	0
7984	コクヨ	1515	1534	1461	1461	149
7985	ネポン	0	0	0	0	0
7986	キング工	127	130	125	126	13
7987	ナカバヤシ	239	245	238	245	27
7988	ニフコ	1160	1195	1131	1195	89
7989	ブラインド	670	670	630	630	2.2
7990	ダイワ精	118	118	115	117	51
7991	マミヤＯＰ	233	235	228	228	27
7992	セーラー	419	437	416	429	120
7993	サンウエブ	171	173	166	172	17
7994	岡村製	579	579	530	540	51
7995	バルカー	220	221	210	212	1499
7996	パイロット	566	566	560	566	6
7997	くろ工	170	170	170	170	24
7999	武藤工	250	250	245	246	52
8000	カイゲン	0	0	0	0	0
8001	伊藤忠	444	444	427	429	4018
8002	丸紅	226	227	221	223	3070
8003	トーメン	108	110	107	107	466
8004	ニチメン	143	144	140	142	6552
8005	ムトウ	495	500	495	496	13
8006	ユアサフナ	180	180	176	180	20
8007	高島	130	131	128	128	29
8008	アスティ	0	0	0	0	0
8010	新興産業	108	109	108	109	5
8011	三陽商	288	288	282	288	51
8012	長瀬産	534	534	505	505	48
8013	ナイガイ	108	127	107	125	2330
8014	蝶理	116	120	111	115	626
8015	豊田通商	432	445	418	444	107
8016	オンワード	1000	1007	980	1000	243
8017	阪急共栄物産	0	0	0	0	0
8018	三共興	242	243	240	242	36
8019	市田	63	66	63	63	154
8020	兼松	285	299	275	299	7384
8021	レナウン	92	93	89	91	707
8022	ミズノ	336	341	322	341	99
8023	大興電子	325	325	325	325	1
8024	シルバーＯＸ	410	410	406	406	8
8025	ツカモトＣ	143	143	131	132	11
8027	ルシアン	71	71	69	70	12
8028	ファミリーＭ	1938	1940	1872	1876	239.3
8029	ルック	179	181	175	181	19
8030	中央魚	194	194	192	192	3
8031	三井物	678	678	644	658	2036
8032	紙パ商	365	370	360	363	50
8033	ジーネット	0	0	0	0	0
8035	東エレク	8180	8380	7870	8200	655
8036	日立ハイテク	1596	1596	1525	1525	52
8037	カメイ	497	503	497	503	5
8038	東都水	264	268	253	268	51
8039	築地魚	166	166	166	166	2
8040	東ソワール	211	216	211	215	12
8041	魚市場	281	281	273	273	2
8042	マタイ	230	230	221	221	7
8043	スターゼン	235	238	227	236	293
8044	大都魚	141	141	137	137	10
8045	浜丸魚	0	0	0	0	0
8046	丸藤パ	133	133	133	133	1
8048	シャディ	1624	1624	1550	1624	5.5
8050	セイコー	421	421	412	414	39
8051	山善	199	209	199	209	84
8052	椿本興	191	191	184	189	16
8053	住友商	788	788	759	759	1340
8056	ユニシス	920	927	897	897	121.6
8057	内田洋	510	515	499	502	11
8058	三菱商	823	823	786	786	2369
8059	第一実	196	196	191	195	62
8060	キヤノン販	1200	1204	1165	1176	372
8061	西華産	170	170	165	165	64
8063	日商岩井	127	128	123	124	4230
8064	金商	110	114	110	113	15
8065	佐藤商	380	382	380	382	2
8066	三谷商	0	0	0	0	0
8067	トミヤアパ	254	258	254	255	7
8068	菱洋エレク	1380	1400	1380	1400	78
8070	東京産	314	319	311	311	14
8071	東海物産	0	0	0	0	0
8072	出版貿	198	198	178	178	3
8073	Ｔ・ＺＯＮＥ	276	280	275	275	7
8074	ユアサ商	126	126	122	125	157
8075	神鋼商	167	167	151	152	157
8076	カノークス	0	0	0	0	0
8077	小林産	185	185	185	185	1
8078	阪和興	128	129	121	123	2641
8079	正栄食	468	475	468	470	8
8080	ジョイス	1050	1050	1050	1050	0.1
8081	カナデン	461	461	446	459	16
8083	サンテレ	321	321	308	318	24
8084	菱電商	341	345	337	337	19
8085	ナラサキ産業	242	248	230	248	48
8086	ニプロ	1000	1019	995	1019	136
8087	フルサト	0	0	0	0	0
8088	岩谷産	221	226	218	226	160
8089	ナイス	245	248	233	237	211
8090	昭光通商	220	233	215	226	4288
8091	ニチモウ	138	139	136	138	17
8092	富士通シス	1381	1400	1348	1357	24.3
8093	極東貿易	429	429	428	428	20
8095	イワキ	209	210	209	210	2
8096	兼松エレク	629	630	616	616	36
8097	三愛石	380	388	375	376	123
8098	稲畑産	670	670	641	641	85
8101	ＧＳＩクレ	357	428	335	425	4721
8103	明和産	103	103	98	99	19
8105	丸正	0	0	0	0	0
8107	キムラタン	41	45	38	39	885
8109	山洋工	0	0	0	0	0
8110	川鉄商事	111	111	103	103	50
8111	ゴルドウイン	127	127	123	126	49
8112	東スタイル	1185	1186	1156	1179	121
8113	ユニチャーム	5300	5450	5200	5200	133
8114	デサント	187	188	186	186	28
8115	ムーンバット	98	98	97	98	6
8116	ダーバン	169	178	166	172	166
8117	中央自	242	245	242	244	8
8118	キング	0	0	0	0	0
8119	三栄コ	294	300	281	281	15
8120	大木	215	215	215	215	2
8123	川辺	0	0	0	0	0
8125	ワキタ	250	250	250	250	5
8126	三光純薬	451	452	451	452	11
8127	ヤマトインタ	120	120	120	120	6
8128	エフワン	68	68	66	68	25
8129	東邦薬	380	380	380	380	2
8130	サンゲツ	1527	1527	1510	1515	26
8131	ミツウロコ	626	630	605	605	30
8132	シナネン	445	449	436	438	34
8133	伊藤忠エネ	464	465	441	459	70
8134	ＴＯＫＡＩ	644	644	625	627	14
8135	ゼット	0	0	0	0	0
8136	サンリオ	1600	1600	1550	1561	137.1
8137	サンワテク	650	650	650	650	2
8138	三京化	190	190	190	190	4
8139	ナガホリ	229	229	229	229	1
8140	リョーサン	1889	1889	1851	1853	38
8141	新光商	674	674	660	667	11
8142	トーホー	865	865	841	841	5
8143	ラピーヌ	94	94	90	90	30
8144	電響社	0	0	0	0	0
8145	中部水産	0	0	0	0	0
8146	小杉産	121	121	121	121	1
8147	トミタ	0	0	0	0	0
8148	上原成	271	271	270	270	8
8150	三信電	641	641	636	636	16
8151	東陽テク	2395	2400	2360	2360	24.1
8152	ソマール	260	260	259	259	8
8153	モスフード	919	919	901	910	19
8154	加賀電子	1430	1430	1412	1412	29
8155	三益半導	1376	1393	1351	1380	28.9
8156	ガステック	505	505	490	490	4
8157	都築電	355	355	355	355	1
8158	ソーダニッカ	198	202	194	202	8
8159	立花エレ	740	740	730	730	7
8160	木曽路	1319	1319	1300	1300	12
8161	エイデン	700	700	670	670	9
8163	サトＲＳ	701	701	694	694	4
8164	キャビン	90	90	85	89	323
8165	千趣会	531	540	520	520	33
8166	タカキュー	74	78	74	78	94
8167	丸久	0	0	0	0	0
8168	ケーヨー	480	490	480	481	16.4
8169	宝船	132	132	132	132	10
8170	アデランス	3810	4030	3780	4030	49.8
8171	ＭＶ中部	510	510	510	510	1
8172	第一家庭電器	91	92	86	90	1203
8173	上新電	285	286	281	286	4
8174	日ガス	630	630	622	622	7
8175	ベスト電	541	541	530	532	39
8176	西洋フードシス	358	360	350	359	42
8178	マルエツ	318	322	311	311	33
8179	ロイヤルＨＤ	1120	1120	1083	1085	28
8180	すかいらく	3610	3650	3520	3610	207
8181	東天紅	298	298	292	292	6
8182	いなげや	671	683	657	680	10
8183	セブン−イレブン	5100	5100	4850	4850	1036
8184	島忠	1740	1770	1700	1720	112.6
8185	チヨダ	490	490	480	480	3.2
8186	大塚家具	8450	8450	8200	8300	23.6
8188	ヨークベニ	2790	2790	2600	2635	68.5
8189	マツヤデンキ	223	223	220	220	4
8190	ヤマナカ	0	0	0	0	0
8191	光製作	0	0	0	0	0
8192	中川無線	75	76	71	72	9
8193	鈴丹	90	91	87	87	14
8194	ライフコーポ	750	751	750	751	8
8195	デニーズジャパン	1860	1870	1830	1830	14
8196	カスミ	420	420	404	410	18
8197	東急ストア	307	307	300	300	22
8199	デオデオ	770	775	741	752	67.1
8200	リンガハット	1176	1190	1165	1190	7.2
8201	さが美	295	295	286	291	7
8202	ラオックス	400	400	399	400	27
8203	ＭｒＭａｘ	338	338	324	326	8.7
8204	ジョナサン	1490	1490	1480	1490	3
8205	シャクリー	0	0	0	0	0
8206	アポロイン	42	44	40	40	18
8207	テンアライド	382	390	380	380	8.4
8208	エンチョー	0	0	0	0	0
8209	フレンドリ	0	0	0	0	0
8210	フットワーク	2	2	1	1	135
8211	相鉄ローゼ	471	480	470	480	4
8212	オーク	101	101	99	99	4
8214	アオキインタ	355	370	350	356	33.6
8215	銀座山形屋	0	0	0	0	0
8216	フォルクス	513	518	513	518	2
8217	オークワ	1271	1280	1260	1260	35
8218	コメリ	2350	2365	2300	2360	40.6
8219	青山商	1138	1138	1100	1109	165.6
8225	タカチホ	123	123	123	123	1
8226	理経	340	340	330	330	4
8227	しまむら	7770	7780	7500	7750	77
8228	マルイチ	0	0	0	0	0
8229	ＣＦＳコーポ	780	780	760	764	7
8230	はせがわ	0	0	0	0	0
8231	三越	474	493	461	472	833
8232	東急百貨店	89	95	86	95	1783
8233	高島屋	928	935	907	921	684
8234	大丸	412	416	391	391	260
8235	松坂屋	260	260	250	255	80
8236	丸善	531	545	516	527	1874
8237	松屋	375	375	370	372	14
8238	伊勢丹	1349	1370	1338	1353	425
8239	横浜松坂屋	80	85	80	83	19
8240	サッポロライオン	0	0	0	0	0
8241	阪神百貨店	462	462	450	450	4
8242	阪急百	535	535	501	503	150
8244	近鉄百貨店	245	280	243	275	110
8245	丸栄	164	173	164	172	200
8247	大和	0	0	0	0	0
8248	ニッセン	258	277	257	259	37.6
8249	東洋物	680	680	680	680	7
8250	小松ストアー	0	0	0	0	0
8251	パルコ	370	384	365	375	63
8252	丸井	1760	1760	1696	1715	707
8253	クレセゾン	2625	2640	2550	2600	873.8
8254	さいか屋	0	0	0	0	0
8255	原信	920	920	920	920	0.2
8256	プロルート	0	0	0	0	0
8257	山陽百	0	0	0	0	0
8258	ＯＭＣカード	425	425	413	415	464
8259	十字屋	66	66	63	63	982
8260	井筒屋	160	160	154	156	248
8261	ｼ鉄百貨店	200	200	200	200	3
8263	ダイエー	189	189	175	185	1068
8264	イトーヨーカ堂	6080	6080	5810	5960	712
8265	壽屋	97	97	97	97	3
8266	イズミヤ	386	389	379	380	172
8267	イオン	2620	2620	2475	2505	381
8268	西友	310	316	310	310	231
8269	マイカル	161	161	150	150	995
8270	ユニー	1179	1179	1161	1170	554
8273	イズミ	799	850	799	850	34
8274	東武ストア	190	190	170	185	18
8275	フォーバル	1200	1250	1180	1200	11.7
8276	平和堂	715	716	700	700	10
8278	フジ	1882	1882	1860	1867	7.9
8279	ヤオコー	1250	1250	1222	1231	2.3
8280	富士冷機	349	349	335	340	10
8281	ゼビオ	1310	1310	1274	1305	23
8282	ギガスケーズ	1610	1700	1610	1690	14.3
8283	パルタック	772	796	770	790	42
8285	三谷産業	361	361	360	360	3
8287	ＭＶ西日本	1100	1100	1100	1100	1
8289	オリンピック	1901	1930	1825	1930	4.8
8290	デンコードー	620	625	620	625	6
8291	東日カーライフ	218	223	217	223	16
8293	愛トヨ	0	0	0	0	0
8295	キャノンシステム	660	668	632	632	13
8298	ファミリー	0	0	0	0	0
8299	大栄太源	0	0	0	0	0
8301	日銀	75000	75000	75000	75000	0.1
8305	みずほＨ	725000	738000	712000	736000	17.218
8306	三菱東京Ｆ	1180000	1220000	1150000	1220000	40.225
8307	ＵＦＪホールディング	728000	783000	725000	766000	53.137
8318	三井住友銀行	1149	1149	1073	1114	13738
8319	大和銀行	163	163	159	163	2351
8322	あさひ銀行	317	322	311	319	4288
8324	第四銀	375	375	362	362	169
8325	北越銀	256	257	252	252	69
8326	福岡銀	520	529	510	517	1080
8327	西日本シティ銀	426	426	414	415	203
8328	札幌北洋	624000	634000	601000	634000	0.677
8331	千葉銀	428	439	415	439	541
8332	横浜銀	476	476	435	470	1801
8333	常陽銀	426	426	404	415	710
8334	群馬銀	542	545	516	525	340
8335	足利銀行	202	203	191	192	340
8336	武蔵銀	4300	4350	4200	4200	4.2
8337	千葉興	1128	1150	1042	1120	8.7
8338	関東つくば銀	1302	1360	1301	1360	2.1
8339	都民銀	1560	1616	1550	1602	17.6
8341	七十七	675	685	655	658	299
8342	青森銀	475	475	465	465	37
8343	秋田銀	425	425	411	424	49
8344	山形銀	520	535	520	535	61
8345	岩手銀	4200	4200	4010	4090	3.6
8346	東邦銀	393	407	387	407	66
8349	東北銀	216	216	216	216	1
8350	みちのく銀	675	675	659	671	27
8353	北海道銀行	115	118	112	118	110
8355	静岡銀	977	980	942	969	815
8356	十六銀	493	495	463	478	104
8357	北陸銀行	233	235	221	223	455
8358	スルガ銀	786	789	733	773	615
8359	八十二	595	625	568	612	308
8360	山梨銀	372	372	355	360	57
8361	大垣共立	572	572	550	556	106
8362	福井銀	303	307	300	307	42
8363	北国銀	443	443	432	432	145
8364	清水銀	4150	4170	4110	4130	2.3
8365	富山銀	0	0	0	0	0
8366	滋賀銀	470	471	465	466	45
8367	南都銀	366	376	365	374	57
8368	百五銀	444	448	435	446	53
8369	京都銀	482	500	471	491	227
8370	紀陽銀	277	284	277	282	111
8371	近畿大阪銀	191	191	170	180	97
8372	泉州銀	272	272	272	272	1
8374	三重銀	478	485	471	476	24
8375	池田銀	5710	5980	5600	5980	6.8
8379	広島銀	407	409	402	409	218
8380	山口銀	685	709	682	698	62
8381	山陰合銀	604	604	586	594	57
8382	中国銀	835	849	827	844	112
8383	鳥取銀	353	358	343	358	22
8385	伊予銀	670	671	651	655	163
8386	百十四	614	614	590	600	144
8387	四国銀	645	645	605	620	40
8388	阿波銀	504	504	495	495	96
8390	鹿児銀	435	436	432	436	35
8391	親和銀行	360	363	349	351	31
8392	大分銀	552	552	532	539	30
8393	宮崎銀	375	380	372	380	24
8394	肥後銀	401	407	400	407	80
8395	佐賀銀	410	410	405	406	42
8396	十八銀	503	503	493	493	38
8397	沖縄銀	2190	2190	2080	2090	3.3
8399	琉球銀	1500	1530	1490	1530	9.5
8403	住友信	722	762	700	759	3057
8404	みずほ信託銀	101	102	98	101	1867
8408	中央三井信	244	245	231	237	1549
8421	信中金	385000	400000	385000	385000	0.279
8473	ＳＢＩＨＤ	2440000	2440000	2260000	2400000	0.097
8489	アプレック	270	315	270	315	10
8493	インター	950	960	950	960	0.2
8507	学研クレジット	611	611	610	610	3
8508	イッコー	239	239	191	220	9
8511	日証金	432	435	423	430	141
8512	大証金	208	209	208	208	11
8513	中証金	0	0	0	0	0
8515	アイフル	10670	10780	10470	10690	96.2
8518	アジア投資	308	310	299	302	194
8519	ポケットＣ	3620	3620	3490	3490	457.6
8520	殖産銀行	408	408	408	408	3
8521	長野銀	446	451	441	443	20
8522	名古屋銀	607	620	601	615	61
8527	愛知銀	6800	6800	6600	6620	3
8528	岐阜銀	157	157	157	157	10
8529	第三銀	439	439	425	435	48
8530	中京銀	411	411	403	408	27
8533	広島総合銀行	413	413	384	407	40
8536	東日銀	544	553	544	549	30
8537	大光銀	0	0	0	0	0
8539	福岡シティ銀	410	410	384	400	123
8541	愛媛銀	464	464	445	464	38
8542	トマト銀	0	0	0	0	0
8543	みなと銀	276	276	244	268	73
8544	京葉銀	320	320	300	300	98
8545	関西アーバン	150	150	150	150	10
8548	九州銀行	290	304	282	304	85
8549	せとうち銀行	0	0	0	0	0
8550	栃木銀	645	645	610	610	32
8551	北日銀	5210	5300	5100	5300	2.5
8552	びわこ銀	0	0	0	0	0
8556	香川銀	590	610	590	610	15
8558	東和銀	420	421	411	421	34
8561	徳島銀	694	694	685	686	19
8562	福島銀	331	349	331	349	41
8563	大東銀	331	345	329	343	36
8564	武富士	9720	9930	9450	9450	309.5
8565	三洋クレ	3740	3740	3590	3660	103.6
8566	リコーリース	2125	2125	2080	2105	17.3
8567	クレディア	2095	2095	2040	2070	6.5
8568	シンキ	1170	1170	1131	1151	33.6
8569	ユニココーポ	0	0	0	0	0
8570	イオンクレ	6250	6250	6010	6080	93.3
8571	ニッシン	2140	2150	2090	2110	84.3
8572	アコム	10140	10140	9510	9510	159.4
8573	三洋信販	4600	4650	4350	4400	78.7
8574	プロミス	9500	9500	9110	9240	225.1
8577	ロプロ	1046	1046	999	1009	232.3
8579	東京リース	0	0	0	0	0
8580	ファーストクレジット	171	195	165	193	625
8583	日信販	230	232	210	221	2074
8584	ジャックス	318	321	317	318	59
8585	オリコ	226	238	219	219	4305
8586	日立キャピ	2610	2610	2550	2580	81.4
8588	セントラル	347	347	322	335	35
8589	アプラス	131	139	131	132	237
8591	オリックス	10580	10580	10250	10370	143.5
8592	住商リース	1210	1220	1170	1220	47
8593	ダイヤリース	1380	1380	1267	1269	16
8595	ジャフコ	12700	12800	12290	12290	51
8597	ＳＦＣＧ	14800	14900	14360	14400	18.71
8599	ＵＦＪセント	470	470	470	470	1
8601	大和証Ｇ	1167	1171	1142	1142	3243
8603	日興コーデ	878	878	854	864	3254
8604	野村ＨＤ	2260	2310	2240	2285	5298
8606	新光	391	399	386	395	1242
8607	みずほイン証	163	163	155	155	569
8609	岡三ＨＤ	644	654	630	645	188
8610	さくらフレンド	246	246	232	237	142
8611	コスモ証	156	166	155	155	221
8613	丸三	523	523	505	507	67
8614	東洋	274	275	257	270	43
8615	三菱証	965	969	946	956	246
8616	東海東京	255	262	255	257	213
8617	光世	203	203	190	190	59
8621	ＵＦＪつばさ証券	376	381	371	374	169
8622	水戸	275	275	266	266	8
8623	ＳＭＢＣ証	250	252	246	246	34.5
8624	いちよし証	480	500	480	500	18
8625	高木	497	502	490	500	92
8626	マネックス	52300	52600	52000	52200	0.275
8627	イー・トレード	821000	821000	803000	810000	0.09
8691	証券代	721	721	721	721	0.5
8692	だいこう	0	0	0	0	0
8740	フジトミ	515	515	515	515	1
8741	スターフューチャーズ	616	616	580	580	2
8742	小林洋行	1280	1290	1270	1280	4
8743	ひまわり証	0	0	0	0	0
8744	日本ユニコム	600	600	580	600	4
8745	グローバリー	0	0	0	0	0
8746	第一商品	226	227	226	227	10
8747	豊商事	501	501	501	501	1
8748	岡藤商事	345	345	345	345	1
8749	エース交易	192	192	192	192	7
8751	東京海上火災	1253	1254	1218	1223	1910
8752	三井住友海上	671	680	667	674	1803
8753	住友海上火災	767	767	750	756	2027
8754	日本興亜	434	435	420	435	582
8755	損害保険Ｊ	676	677	653	677	1648
8756	日産火災海上	475	475	447	450	358
8757	日新火	247	254	239	254	64
8759	ニッセイ同和	435	435	408	430	453
8760	日動火災海上	790	810	775	810	166
8761	あいおい損保	388	388	367	381	507
8763	富士火	195	198	195	195	239
8764	太陽火災	0	0	0	0	0
8765	大成火災海上	352	370	348	353	33
8801	三井不	1245	1250	1218	1222	1532
8802	菱地所	1170	1184	1164	1175	2780
8803	平和不	275	280	263	267	230
8804	東建物	238	249	234	245	2480
8805	中央地	108	112	107	112	18
8806	ダイビル	840	840	805	805	37
8809	サンケビル	393	393	378	383	15
8810	港振興	931	950	931	950	1
8815	東急不	159	172	153	172	4884
8817	阪急不動産	365	365	365	365	5
8818	京阪神不	325	325	305	321	3
8821	立飛企	1790	1790	1790	1790	1
8830	住友不	619	630	609	623	1317
8832	小田急不	191	192	190	191	8
8833	東宝不	376	376	370	371	11
8834	藤和不	61	68	60	68	977
8835	太平発	123	128	121	128	101
8836	ヒューネット	440	440	407	410	472
8838	有楽地	200	203	197	198	49
8839	ニチモ	96	98	92	93	92
8840	大京	176	176	172	174	323
8841	テーオーシー	660	661	660	660	22
8842	楽天地	352	354	350	354	16
8844	リクコスモス	395	400	391	400	28
8845	セザール	204	208	202	205	76
8846	積和不動産	0	0	0	0	0
8848	レオパレス	345	345	322	338	109
8850	スターツ	760	760	760	760	3
8851	アバンライフ	160	162	150	162	3
8852	積和不動関西	330	330	327	327	7
8853	ダイヤシティ	310	310	309	310	6
8854	日住	0	0	0	0	0
8855	全日空ビル	116	116	116	116	1
8857	三井不動販売	470	487	466	487	29
8858	ダイア建	266	266	260	260	10
8860	フジ住	488	488	476	476	9
8863	積和不動中部	420	421	420	421	5
8864	空港施設	427	427	413	413	12
8865	神鋼興産	243	243	243	243	1
8866	コマーシャル	255	260	255	260	2
8867	横浜地下街	0	0	0	0	0
8868	ＵＲＢＡＮ	1770	1830	1740	1819	63.4
8869	明和地所	1980	1995	1950	1995	6.8
8870	住不販売	3350	3360	3320	3340	12.6
8871	ゴールドクレ	8550	8580	8200	8500	6.5
8872	エイブル	0	0	0	0	0
8873	積和不動中国	0	0	0	0	0
8874	ジョイント	3600	3600	3370	3380	4
8875	東栄住宅	1700	1710	1670	1700	36.6
8876	リロＨＤ	7270	7300	7250	7300	1.2
8877	エスリード	1040	1040	1001	1040	3.3
8878	日綜地所	1250	1280	1230	1250	32
8879	東急リバブル	788	789	751	751	14
8880	飯田産業	1440	1470	1410	1410	8.3
8881	日神不動産	1740	1749	1715	1731	19.3
8882	ゼファー	2400000	2400000	2400000	2400000	0.004
8884	ディックス	0	0	0	0	0
8886	ウッドフレン	480000	540000	480000	510000	0.035
8887	リベレステ	1420000	1420000	1370000	1400000	0.019
8888	クリード	690000	720000	670000	710000	0.604
8889	アパマン	899000	899000	841000	850000	0.04
9001	東武	374	374	360	360	1021
9002	西武鉄道	1519	1565	1479	1552	143
9003	相鉄	275	275	260	260	257
9004	箱根登山鉄道	261	262	258	261	8
9005	東急	572	579	563	573	1802
9006	京急	506	507	497	497	959
9007	小田急	440	440	434	435	566
9008	京王	539	548	518	535	652
9009	京成	285	285	275	285	236
9010	富士急	385	410	365	410	24
9012	秩父鉄	0	0	0	0	0
9013	伊豆箱根鉄道	0	0	0	0	0
9014	新京成	0	0	0	0	0
9017	新潟交	0	0	0	0	0
9019	伊豆急行	0	0	0	0	0
9020	ＪＲ東日本	673000	675000	650000	652000	5.343
9021	ＪＲ西日本	544000	544000	510000	529000	1.729
9022	ＪＲ東海	772000	772000	728000	728000	2.222
9031	西鉄	277	284	275	275	96
9033	広電鉄	0	0	0	0	0
9034	南総通運	670	670	670	670	1
9036	東部ネット	0	0	0	0	0
9037	ハマキョウ	913	930	913	925	12
9038	東海西濃	0	0	0	0	0
9039	サカイ引越	2360	2360	2350	2350	1.1
9040	大宝運輸	0	0	0	0	0
9041	近鉄	466	467	440	440	1303
9042	阪急ＨＤ	405	405	390	390	560
9043	阪神	292	300	290	290	331
9044	南海電	380	385	380	380	109
9045	京阪電	360	365	358	365	71
9046	神電鉄	422	422	421	421	21
9047	名糖運輸	1059	1060	1039	1059	6.6
9048	名鉄	310	315	305	306	368
9049	京福電	160	160	160	160	1
9050	三重交	0	0	0	0	0
9051	センコン物流	0	0	0	0	0
9052	山陽電	0	0	0	0	0
9053	中央運輸	0	0	0	0	0
9054	大和物流	410	410	410	410	1
9055	アルプス物流	566	566	565	565	4
9056	ヒューテック	1280	1280	1240	1240	8
9057	遠州トラック	0	0	0	0	0
9058	トランコム	415	415	415	415	1
9059	カンダ	0	0	0	0	0
9060	日ロジテム	271	271	271	271	1
9061	富士物流	203	203	203	203	2
9062	日通	531	532	521	526	2325
9063	岡県運送	0	0	0	0	0
9064	ヤマト運	2525	2525	2480	2495	1446
9065	山九	94	96	93	96	198
9066	日新	171	171	166	166	47
9067	丸運	177	182	177	182	6
9068	丸全運	212	213	210	210	44
9069	センコー	208	215	205	215	47
9070	トナミ	212	219	208	219	79
9072	日梱包	745	748	714	724	21
9073	京極運	0	0	0	0	0
9074	日石輸	201	210	201	209	26
9075	福山運	444	453	438	438	158
9076	西濃運	463	470	455	455	164
9077	名鉄運	0	0	0	0	0
9078	エスライン	0	0	0	0	0
9079	東急ロジ	401	401	401	401	1
9080	関東西濃	0	0	0	0	0
9081	神奈交	480	480	465	465	12
9082	大和自	0	0	0	0	0
9083	神姫バ	0	0	0	0	0
9086	日立物流	616	624	605	607	33
9087	タカセ	0	0	0	0	0
9088	濃飛西濃	0	0	0	0	0
9089	ロジパル	0	0	0	0	0
9101	郵船	495	498	485	493	1435
9104	商船三井	245	247	240	240	3239
9107	川崎汽	191	194	188	189	1032
9110	新和海	79	84	79	84	267
9113	乾汽船	68	70	68	70	34
9115	明治海	163	163	159	159	4
9119	飯野海	169	170	161	170	145
9123	太平海	54	58	54	55	214
9127	玉井船	43	44	41	43	19
9130	共栄タ	113	115	112	113	15
9132	第一汽	53	55	52	54	494
9133	東栄リーファ	130	130	130	130	2
9151	東京船舶	81	84	81	84	7
9152	関西汽	67	78	67	67	6460
9171	栗林船	175	190	175	190	2
9173	東海汽	0	0	0	0	0
9174	ワンダーＴ	222	222	222	222	2
9176	佐渡汽	980	980	980	980	5
9178	日鉄物流	420	420	420	420	1
9179	川崎近海	0	0	0	0	0
9180	新和内航	0	0	0	0	0
9193	東京汽	0	0	0	0	0
9201	日本航空	475	477	454	454	6547
9202	ＡＮＡ	420	423	408	414	4586
9203	日本エアシス	3920	3930	3840	3900	2.2
9204	スカイマーク	135000	135000	133000	133000	0.049
9231	国際航	544	544	520	525	22
9232	パスコ	415	415	398	401	27
9233	アジア航	318	320	318	320	4
9301	三菱倉	972	972	938	938	362
9302	三井倉	238	238	227	238	134
9303	住友倉	312	320	305	320	240
9304	渋沢倉	248	248	236	238	15
9305	ヤマタネ	125	128	124	128	27
9306	東陽倉	200	200	198	198	5
9307	杉村倉	0	0	0	0	0
9308	イヌイ建	387	387	387	387	1
9309	京神倉庫	0	0	0	0	0
9310	トランシティ	194	194	188	188	34
9311	アサガミ	198	198	198	198	4
9312	ケイヒン	141	145	141	142	32
9313	丸八倉	160	160	160	160	12
9314	品川倉	153	153	153	153	1
9317	オーナミ	0	0	0	0	0
9318	Ｊブリッジ	216	250	216	250	9
9319	中央倉	0	0	0	0	0
9320	三和倉	145	145	145	145	1
9321	アイロジステ	160	160	160	160	16
9322	川西倉	0	0	0	0	0
9323	ロジステック	0	0	0	0	0
9324	安田倉	0	0	0	0	0
9351	洋埠頭	149	149	146	147	48
9353	桜島埠	439	439	406	420	25
9355	リンコー	101	101	100	100	13
9357	名港海	0	0	0	0	0
9358	宇徳運	122	126	120	126	15
9359	伊勢湾	255	255	255	255	1
9360	鈴与シンワ	0	0	0	0	0
9361	伏木運	0	0	0	0	0
9362	兵機海	0	0	0	0	0
9363	大運	57	57	54	54	26
9364	上組	479	481	467	470	311
9365	トレーディア	0	0	0	0	0
9366	サンリツ	690	690	690	690	0.1
9367	大東港運	0	0	0	0	0
9368	キムラユニテ	0	0	0	0	0
9369	キユソ流通	1238	1258	1218	1258	6.9
9370	郵船航空	1700	1700	1660	1660	0.6
9373	ニッコウトラ	1150	1150	1150	1150	2
9374	軽貨急配	1680	1680	1630	1652	46
9375	近鉄エクス	1085	1087	1081	1087	9
9401	ＴＢＳ	3020	3070	2945	2990	234
9402	ＣＢＣ	0	0	0	0	0
9404	日テレ	37800	39600	37500	39600	48.87
9405	朝日放	9650	9650	9600	9610	0.58
9408	新潟放	700	700	700	700	0.3
9409	テレビ朝日	282000	283000	275000	275000	0.571
9432	ＮＴＴ	780000	782000	761000	763000	26.529
9433	ＫＤＤＩ	410000	415000	397000	405000	7.873
9434	ボーダフォン	2230000	2240000	2100000	2170000	0.983
9435	光通信	2260	2260	2150	2200	36.2
9436	沖縄セルラー	228000	228000	223000	228000	0.067
9437	ＮＴＴドコモ	2190000	2260000	2110000	2210000	17.699
9438	ＭＴＩ	386000	386000	369000	375000	0.08
9439	ビーアイジー	280000	280000	280000	280000	0.003
9441	ベルパーク	0	0	0	0	0
9442	ＪＳＡＴ	891000	896000	875000	890000	0.277
9443	インテックコミュ	572	582	571	571	9
9444	トーシン	263000	263000	263000	263000	0.001
9445	フォバルテレ	227000	230000	204000	204000	0.01
9449	ＧＭＯインター	1620	1620	1570	1620	30.5
9470	学研	160	162	159	160	194
9471	文渓堂	601	601	600	600	2
9472	エスコム	235	235	225	227	31
9473	アスキー	600	610	595	610	9
9474	ゼンリン	1320	1330	1310	1320	8.1
9475	昭文社	1300	1300	1261	1295	12.7
9476	中央経済	0	0	0	0	0
9477	角川ＨＤ	3050	3050	2895	2965	15.7
9478	翔泳社	900000	969000	890000	940000	0.083
9479	インプレスＨＤ	410000	415000	400000	414000	0.276
9501	東電	2790	2795	2730	2750	1587.2
9502	中部電	1990	1991	1955	1973	849.8
9503	関西電	1830	1830	1757	1801	1177.5
9504	中国電	1730	1730	1654	1680	216.9
9505	北陸電	1570	1570	1540	1540	165.9
9506	東北電	1611	1611	1557	1560	691.8
9507	四国電	1730	1730	1588	1693	224.8
9508	九州電	1630	1630	1600	1600	381.7
9509	北海電	1570	1570	1510	1531	200.1
9511	沖縄電	1939	1939	1939	1939	0.2
9531	東ガス	340	342	332	332	5995
9532	大ガス	326	326	313	313	2795
9533	邦ガス	249	249	239	239	453
9534	北ガス	223	226	221	226	12
9535	広ガス	0	0	0	0	0
9536	西部ガス	162	166	161	165	257
9537	北陸ガ	0	0	0	0	0
9539	葉ガス	0	0	0	0	0
9540	中ガス	221	221	221	221	3
9541	大多喜ガス	303	303	303	303	2
9542	新日ガス	0	0	0	0	0
9600	アイネット	575	575	565	565	2
9601	松竹	482	482	470	476	131
9602	東宝	14100	14100	13800	14100	22
9603	ＨＩＳ	2600	2660	2600	2650	47.3
9604	際放映	145	155	145	155	2
9605	東映	409	409	400	400	232
9607	葵プロ	890	899	880	895	17
9608	福山コンサル	0	0	0	0	0
9609	ベンチャーリ	8500	8550	8420	8500	27.7
9610	ウィルソン	3040	3050	3040	3050	1.1
9611	Ｄワンダー	1050	1050	1050	1050	1
9612	ラックランド	0	0	0	0	0
9613	ＮＴＴデータ	610000	620000	594000	598000	6.906
9614	ベルシス24	45600	45900	44950	45500	3.93
9615	東京美装	430	440	430	440	8
9616	共立メンテ	2730	2730	2700	2700	0.6
9618	エームサービス	0	0	0	0	0
9619	イチネン	0	0	0	0	0
9620	スクウェア	2520	2520	2405	2450	121.4
9621	建設技研	610	610	600	600	1.3
9622	スペース	428	449	428	443	10.3
9623	キヤノンソフ	575	575	575	575	1
9624	長大	361	400	361	400	1
9625	セレスポ	164	170	164	170	2
9626	日本技開	0	0	0	0	0
9627	アインファマ	1120	1120	1070	1070	10
9628	燦ＨＤ	3640	3650	3600	3640	2.8
9629	ＰＣＡ	1181	1181	1170	1170	2.5
9630	アップ	0	0	0	0	0
9631	東急レク	0	0	0	0	0
9632	スバル	346	346	346	346	2
9633	テアトル	167	169	166	169	27
9634	修学社	390	400	390	395	16
9635	武蔵野	440	445	440	440	8
9636	きんえい	325	325	325	325	2
9637	オーエス	790	790	790	790	1
9638	情報技術	0	0	0	0	0
9639	三協フロンテ	410	430	410	420	10
9640	セゾン情報	0	0	0	0	0
9641	サコス	111	115	111	114	1.8
9642	コマスタ	0	0	0	0	0
9643	中日興	0	0	0	0	0
9644	タナベ経営	325	325	325	325	0.1
9645	ダイヤモンドコン	1045	1045	1010	1045	34.3
9646	タイトー	73000	74000	71900	73000	0.073
9647	協和コンサル	220	220	220	220	1
9648	ウエスコ	274	274	270	274	2.6
9649	明電エンジニア	550	553	535	552	6.4
9650	テクモ	1500	1500	1430	1470	22.9
9651	日本プロセス	0	0	0	0	0
9652	日本医療	1210	1250	1210	1220	3.1
9653	ＳＢＩパートナ	0	0	0	0	0
9654	コーエー	4250	4250	4140	4160	17.6
9656	三井ランド	590	600	590	600	1.5
9657	コムテック	350	350	350	350	1
9658	ビジ太田昭	0	0	0	0	0
9660	ＣＲＣソリュ	1259	1260	1245	1260	3
9661	歌舞伎	3900	3980	3900	3980	3
9663	ナガワ	705	705	705	705	1
9664	御園座	1010	1010	1010	1010	1
9665	吉本興	930	940	923	930	23
9667	ホリプロ	0	0	0	0	0
9668	相鉄企業	0	0	0	0	0
9669	オークネット	2420	2450	2350	2360	6.3
9671	よみランド	372	385	370	385	52
9672	東競馬	110	111	108	108	158
9673	甲子園土地	50	50	50	50	1
9674	花月園	0	0	0	0	0
9675	常磐興	148	150	145	146	18
9676	松戸公産	410	410	410	410	2
9677	日本ジャンボ	510	511	510	510	0.8
9678	カナモト	503	503	496	500	32
9679	ホウライ	0	0	0	0	0
9680	共成レンテム	0	0	0	0	0
9681	東京ドーム	402	407	396	398	269
9682	ＤＴＳ	5650	5900	5600	5900	12.4
9684	スク・エニ	3070	3100	3010	3010	27.9
9685	共同コンＨＤ	0	0	0	0	0
9686	東洋テック	376	380	375	376	11
9687	ＫＳＫ	410	410	410	410	1
9689	グリンハウス	1550	1550	1550	1550	1
9691	両毛システム	929	930	929	930	2
9692	シーイーシー	1245	1245	1200	1200	38.5
9694	日立ソフト	7400	7400	7000	7160	69.3
9695	鴨川グランド	0	0	0	0	0
9696	ウィザス	310	315	310	315	2
9697	カプコン	3580	3700	3530	3680	107.2
9698	クレオ	750	750	738	738	4
9699	西尾レント	760	760	760	760	3.5
9700	エスアールエル	1365	1365	1300	1300	16
9701	会舘	0	0	0	0	0
9702	アイエスビー	780	800	780	787	5
9703	ジェネラスコーポ	97	98	95	97	122
9704	東海観	57	57	54	54	684
9706	日本空港ビル	1199	1199	1118	1187	17
9707	メデカＪ	770	776	760	770	14
9708	帝ホテル	0	0	0	0	0
9709	日コンピュタ	0	0	0	0	0
9711	日コンシス	0	0	0	0	0
9712	ファイ	201	201	190	190	395
9713	ロイヤルホ	225	249	225	240	53
9714	ＳＲＡ	1270	1270	1270	1270	0.2
9715	トランスコス	5940	6090	5740	5780	79.3
9716	乃村工芸社	348	348	334	334	5
9717	ジャステック	3550	3550	3550	3550	1.2
9718	国際観光会館	175	180	171	180	5
9719	住商情報	4710	4750	4600	4610	40
9720	グランド	0	0	0	0	0
9722	藤田観	553	556	530	536	24
9723	京都ホ	0	0	0	0	0
9724	新阪急ホテル	400	435	400	435	133
9725	東急ホテル	170	184	167	184	122
9726	近ツーリスト	307	307	301	301	40
9727	東急観光	126	127	126	127	9
9728	日本管財	1820	1845	1820	1825	24.9
9729	トーカイ	0	0	0	0	0
9730	ワオコーポ	0	0	0	0	0
9731	白洋舎	353	353	353	353	6
9732	東映ラボ	238	238	238	238	5
9733	ナガセ	0	0	0	0	0
9734	精養軒	500	500	500	500	0.4
9735	セコム	7200	7240	6940	6940	484.5
9736	白青舎	0	0	0	0	0
9737	ＣＳＫ	3000	3080	2930	3080	1856.6
9738	インテック	1105	1118	1073	1073	43
9739	ＮＳＷ	5860	5860	5650	5810	5.6
9740	ＣＳＰ	591	610	590	610	8
9741	日立情報	3150	3180	3010	3010	33.1
9742	アイネス	1196	1199	1150	1155	29.1
9743	丹青社	401	401	396	396	20
9744	メイテック	4400	4410	4250	4250	85.8
9746	ＴＫＣ	2025	2025	1870	2010	16.5
9747	アサツーＤＫ	2780	2785	2715	2735	130.6
9748	ＮＪＫ	516	516	516	516	1
9749	富士ソフト	6670	6670	6420	6420	74.6
9750	ソラン	1690	1730	1679	1730	42
9751	ＴＩＳ	4400	4400	4100	4110	44.6
9752	ナムコ	2080	2085	1991	2020	120.4
9753	ＩＸナレッジ	560	569	552	569	14
9755	応用地質	1250	1250	1150	1168	34.3
9756	ＡＳＫ	579	579	579	579	10
9757	船井研	0	0	0	0	0
9758	ジシステム	440	440	421	426	5
9759	日システムデ	6810	7070	6530	6530	63.7
9760	進学会	0	0	0	0	0
9761	東海リース	163	164	163	164	5
9762	大和リース	334	334	320	320	88
9763	丸紅リ	82	82	78	78	17
9764	技研興	0	0	0	0	0
9765	オオバ	141	141	121	121	18
9766	コナミ	5910	5910	5630	5680	492.6
9767	日建工学	259	259	255	255	7
9768	国土環境	649	649	649	649	1
9769	学究社	0	0	0	0	0
9776	札臨	0	0	0	0	0
9777	日電計算	1353	1360	1320	1350	8.3
9778	昴	445	445	410	410	4
9779	メフォス	0	0	0	0	0
9780	ビステム	305	310	300	310	6
9781	石川島汎サ	490	490	490	490	1
9782	ＤＭＳ	480	480	480	480	2
9783	ベネッセ	4500	4560	4310	4410	92.6
9784	日工検	0	0	0	0	0
9785	大新東	0	0	0	0	0
9786	キャッツ	3500	3570	3450	3570	52.5
9787	Ｊメンテ	1090	1100	1041	1100	26.4
9788	ナック	672	678	660	675	14.8
9789	栄光	405	405	405	405	2
9790	福井コン	0	0	0	0	0
9791	ビケンテクノ	488	488	481	481	3
9792	ニチイ学館	4950	4970	4810	4890	63.5
9793	ダイセキ	1677	1735	1677	1730	11.8
9794	カラカミ観光	555	555	550	550	2
9795	ステップ	727	745	727	745	4
9796	ダイテック	1060	1060	1050	1050	0.4
9797	大日本コン	278	279	278	279	0.3
9799	旭情報	1100	1120	1050	1050	3
9810	日鉄商	83	84	83	83	4
9811	アスティス	0	0	0	0	0
9812	テーオー	0	0	0	0	0
9813	トッキ	3700	3760	3610	3650	17
9814	アシックス商	600	600	600	600	1
9815	カテナ	761	761	736	747	22
9816	バーテックス	262	262	261	261	3
9817	ゴトー	970	970	970	970	1
9818	大丸エナ	0	0	0	0	0
9820	エムティＧ	191	200	191	200	5
9822	なが多	60	65	58	62	1467
9823	マミーマート	1260	1260	1260	1260	0.5
9824	泉州電	641	641	641	641	0.5
9825	アズウェル	580	580	570	570	4.6
9826	ＪＥＵＧＩＡ	0	0	0	0	0
9827	リリカラ	130	130	130	130	2
9828	元気寿司	0	0	0	0	0
9829	ながの東急	0	0	0	0	0
9830	トラスコ中山	1320	1331	1313	1320	14.9
9831	ヤマダ電	8700	8700	8260	8530	66
9832	オートバクス	2830	2830	2700	2710	25.9
9833	エルクコーポ	0	0	0	0	0
9834	リオチェン	352	352	352	352	0.3
9835	ジュンテン	199	200	199	200	2
9836	リーバイス	459	465	459	465	4
9837	モリト	512	512	512	512	1
9838	トラベラー	611	611	611	611	1
9839	ゲッツブラザーズ	573	580	573	580	1.5
9840	ホーマック	921	930	908	929	17.8
9841	ＢＭＢ	624	674	620	674	2236
9842	アークランド	1240	1240	1240	1240	1
9844	ユーエスシー	1130	1130	1130	1130	1
9845	パーカー	255	270	250	270	5
9846	天満屋ス	885	885	885	885	0.1
9847	ソリスト	1410	1410	1400	1400	3
9848	トヨタカローラ岐阜	0	0	0	0	0
9849	河内屋紙	0	0	0	0	0
9850	グルメ杵屋	860	860	820	820	6
9852	中央物産	0	0	0	0	0
9853	銀座ルノア	450	450	450	450	1
9854	愛眼	912	912	863	875	7.6
9855	くろがねや	336	336	331	331	16
9856	ケーユー	715	715	705	705	1.1
9857	英和	330	330	330	330	1
9858	明光商会	1490	1510	1490	1500	4.3
9859	ユーストア	0	0	0	0	0
9860	岐阜日野	0	0	0	0	0
9861	吉野家ディー	178000	179000	172000	172000	0.642
9862	メモレックス・テレ	160	160	160	160	3
9864	ナカイ	0	0	0	0	0
9865	日商エレク	3020	3200	3020	3200	77
9867	ソレキア	390	395	390	390	3
9868	トリイ	0	0	0	0	0
9869	加藤産	595	595	595	595	3
9870	ハナテン	1800	1800	1800	1800	0.1
9871	イトーキ	266	266	266	266	2
9872	北恵	0	0	0	0	0
9873	ケンタッキー	2250	2270	2210	2230	56
9875	マツモトキヨ	3960	3960	3690	3750	89.2
9876	コックス	0	0	0	0	0
9877	マルフル	0	0	0	0	0
9878	セキド	385	385	360	360	2
9879	フタタ	151	151	151	151	1
9880	イノテック	1800	1810	1700	1760	20.9
9882	イエロハット	900	900	860	860	10.7
9883	富士エレ	1111	1111	1060	1060	8
9884	都築電産	525	525	520	520	7
9885	シャルレ	600	600	600	600	22
9887	松屋フーズ	2380	2380	2260	2305	62.6
9888	ＵＥＸ	420	420	410	410	3
9889	ＪＢＣＣ	1325	1330	1270	1275	43.2
9890	マキヤ	0	0	0	0	0
9892	卑弥呼	1150	1150	1150	1150	4
9893	ホームワイド	388	388	388	388	2
9894	アトル	541	541	541	541	1
9895	コンセック	360	361	360	360	6
9896	Ｊ建材	555	555	546	546	3
9897	ユニダックス	740	750	733	734	10
9898	サハダイヤ	61	67	61	61	609
9899	サンデサン	0	0	0	0	0
9900	サガミ	885	895	880	895	14
9901	宮	0	0	0	0	0
9902	日伝	0	0	0	0	0
9903	カンセキ	100	100	100	100	1
9904	ベリテ	0	0	0	0	0
9905	コージツ	0	0	0	0	0
9906	藤井産業	0	0	0	0	0
9907	大電社	0	0	0	0	0
9908	日本電計	530	530	530	530	2
9909	愛光電気	0	0	0	0	0
9911	真電	380	380	380	380	2
9912	ダイワボ情	1260	1260	1230	1250	14
9913	日邦産業	255	255	250	250	2
9914	植松商会	0	0	0	0	0
9916	バイタルＮ	711	711	685	694	6.6
9917	マツモト電器	0	0	0	0	0
9918	ダイワラクダ	0	0	0	0	0
9919	関西スーパ	509	510	509	510	4
9920	シービーエム	870	870	870	870	0.1
9921	ギガス	0	0	0	0	0
9922	日立機材	0	0	0	0	0
9923	ダイトーエム	380	385	370	385	5
9924	ドミー	480	480	480	480	1
9925	北の家族	0	0	0	0	0
9926	ダイカ	320	320	318	318	4
9927	ワットマン	0	0	0	0	0
9928	ミロク情報	751	760	751	760	3.5
9929	平和紙業	499	500	499	500	3
9930	北沢産	200	200	192	200	28.5
9931	家族亭	649	649	649	649	2
9932	杉本商	513	515	510	515	12.5
9934	因幡電産	1324	1324	1284	1285	3.2
9935	あずみ	0	0	0	0	0
9936	王将フード	981	982	981	981	6
9937	セシール	888	889	880	886	2.7
9938	住金物産	93	93	89	93	134
9939	すみや	0	0	0	0	0
9941	太洋物産	0	0	0	0	0
9943	ココス	599	599	599	599	1
9944	インパクト	1200	1200	1160	1195	10
9945	プレナス	5380	5400	5350	5350	4.7
9946	ミニストップ	1851	1880	1831	1860	18.3
9947	シムリー	725	735	725	735	0.6
9948	アークス	740	741	719	719	3
9949	タイヨー	0	0	0	0	0
9950	ハチバン	520	520	520	520	1
9951	カーマ	511	511	505	510	9.4
9952	ドトール	8050	8150	7800	8150	8.4
9953	ダイキ	1189	1235	1141	1235	6.5
9954	東京小僧寿し	484	490	484	485	5
9955	ヨンキュウ	1990	2010	1980	2010	3.1
9956	バロー	0	0	0	0	0
9957	バイテック	1510	1550	1510	1520	4.9
9958	サリ	0	0	0	0	0
9959	アシード	700	701	700	700	0.7
9960	東テク	0	0	0	0	0
9961	エムオーテック	0	0	0	0	0
9962	駿河製機	6900	7190	6530	7100	51.5
9963	江守商事	0	0	0	0	0
9964	アイ・テック	0	0	0	0	0
9965	福原	365	370	365	370	3
9966	藤久	1300	1300	1300	1300	0.3
9967	堺商事	226	226	226	226	2
9968	イチヤ	630	630	580	610	76
9969	ショクブン	770	775	770	775	6
9970	東洋オフィス	430	430	415	415	6
9971	カウボーイ	530	535	520	535	23
9972	アルテック	700	700	682	685	3.3
9973	小僧本部	1150	1150	1150	1150	6
9974	ベルク	0	0	0	0	0
9975	マルヤ	0	0	0	0	0
9976	セキチュー	500	520	500	520	3
9977	アオキスーパ	395	395	380	390	10
9978	文教堂	860	860	860	860	2
9979	大庄	1242	1245	1213	1214	6.5
9980	マルコ	614	619	614	619	7.5
9981	ニック産業	0	0	0	0	0
9982	タキヒヨー	0	0	0	0	0
9983	ファストリ	20200	20300	19500	19840	96.7
9984	ソフトバンク	4700	5010	4500	4700	2454.8
9985	榮太郎	755	755	755	755	1
9986	蔵王産業	420	420	420	420	1
9987	スズケン	2910	2915	2765	2850	106.7
9988	神港魚類	411	411	411	411	1
9989	サンドラッグ	4450	4450	4370	4430	37.5
9990	東京デリカ	0	0	0	0	0
9991	ジェコス	283	286	275	275	7.8
9992	理研グリン	0	0	0	0	0
9993	ヤマザワ	0	0	0	0	0
9994	やまや	470	470	470	470	0.8
9995	イーストン	605	620	605	620	2
9996	サトー商会	0	0	0	0	0
9997	ベルーナ	3250	3250	3150	3150	31.5
