20000106
1001	日経２２５	18574	18583	18168	18168	57.424
1002	ＴＯＰＩＸ	1654	1658	1609	1610	57.424
1301	極洋	136	138	135	135	194
1319	日経300F	309	310	300	303	522
1331	ニチロ	158	160	152	152	340
1332	日水	167	170	162	163	411
1333	マルハ	120	123	119	120	375
1351	宝幸水産	99	99	97	99	20
1352	ホウスイ	102	105	102	105	12
1376	カネコ種	830	831	830	831	6
1377	サカタタネ	2410	2630	2355	2590	139.7
1379	ホクト	5400	5400	4850	5000	47.1
1380	秋川牧園	0	0	0	0	0
1491	中外鉱	90	95	87	90	4377
1501	三井鉱山	98	100	96	96	311
1503	住友炭	92	95	91	91	210
1515	日鉄鉱	238	240	230	230	76
1518	三井松島	161	163	160	160	174
1601	帝石	300	304	296	296	853
1603	アラビア石油	1750	1750	1660	1669	54.8
1661	ガス開	410	414	405	410	18
1701	昭和鉱	270	270	258	258	10
1702	共立マテリア	222	222	222	222	1
1739	ＳＥＥＤ	405000	405000	350000	350000	0.006
1741	ミサワサンイ	750	750	750	750	9
1742	セコムテクノ	2565	2600	2550	2550	24
1743	コーアツ工業	0	0	0	0	0
1744	キョーエイ	760	760	750	754	10
1745	ミサワホーム東海	0	0	0	0	0
1748	ミサワ北日	0	0	0	0	0
1749	大和通信	280	280	270	270	3
1750	カナック	0	0	0	0	0
1751	日立プラサ	400	400	400	400	1
1752	富士通シス	1860	1860	1750	1750	14
1753	土屋ツバイ	150000	150000	150000	150000	0.002
1754	東新住建	690	690	650	650	23
1755	JFE工建	0	0	0	0	0
1756	和興エンジ	0	0	0	0	0
1757	千年の杜	0	0	0	0	0
1758	太洋基礎	565	575	565	565	3
1759	ジオトップ	282	290	282	290	5
1762	高松建設	1930	1930	1930	1930	0.5
1763	北陸ミサワ	0	0	0	0	0
1764	工藤建設	270	270	270	270	1
1765	イビデンテック	0	0	0	0	0
1766	東建コーポ	0	0	0	0	0
1767	沖ウィン	606	606	600	606	5
1768	ソネック	240	240	240	240	2
1769	ピコイ	75	75	65	65	20
1770	藤田エンジ	0	0	0	0	0
1772	東北エンタープライズ	200	200	200	200	3
1774	機動建	250	278	245	278	8
1775	富士電Ｅ＆Ｃ	210	210	201	210	9
1776	三井住建道路	120	120	105	105	11
1777	川崎設備	369	369	368	368	7
1778	古河総設	0	0	0	0	0
1779	松本建工	522	523	522	523	4
1780	ヤマウラ	390	390	390	390	0.5
1781	国土総合	395	400	395	395	7
1782	常磐開発	205	205	205	205	3
1783	南野建設	100	100	98	98	17
1784	サワコー	545	560	545	545	7.5
1785	ナナボシ	402	402	402	402	1
1786	オリ建	480	480	470	470	32.5
1787	ナカボテック	0	0	0	0	0
1788	三東工業	226	226	226	226	6
1789	山加電業	0	0	0	0	0
1790	平和奥田	515	515	515	515	2
1791	三井木材	122	122	121	122	24
1792	みらい建設Ｇ	234	234	231	231	4
1793	大本組	765	765	765	765	15
1795	マサル	0	0	0	0	0
1796	トヨタウッド	326	332	326	330	3.7
1797	藤木工務店	0	0	0	0	0
1798	守谷商会	0	0	0	0	0
1799	第一建設	0	0	0	0	0
1800	利塚地下技術	0	0	0	0	0
1801	大成建	194	194	190	191	1315
1802	大林組	455	456	430	430	2498
1803	清水建	333	335	320	326	1086
1804	佐藤工業	69	69	65	65	504
1805	飛島建	64	64	60	60	251
1806	ACリアル	58	58	55	55	605
1807	渡辺組	0	0	0	0	0
1808	長谷工	50	50	48	50	2284
1809	富士工	100	100	95	95	18
1810	松井建	280	290	280	288	12
1811	銭高組	312	312	312	312	1
1812	鹿島	306	307	298	300	1543
1813	不動建	169	170	160	160	122
1814	大末建	95	95	87	87	125
1815	鉄建	128	128	120	120	212
1816	安藤建	199	199	189	189	29
1817	勝村建	142	143	137	139	43
1818	日産建設	121	122	120	120	47
1819	太平工	169	169	166	167	28
1820	西松建	423	428	418	423	416
1821	三井住友建	87	87	83	86	55
1822	大豊建	161	165	159	160	91
1823	住友建設	98	102	98	101	80
1824	前田建	309	309	302	308	123
1825	環境建設	123	125	120	120	78
1826	佐田建	172	172	160	163	11
1827	ナカノフドー建	96	100	96	97	32
1828	田辺工業	0	0	0	0	0
1829	大和建設	110	111	110	110	13
1830	共栄冷機工業	248	248	248	248	2
1831	積水ハ北陸	0	0	0	0	0
1833	奥村組	340	350	335	349	231
1834	小田急建	212	212	205	205	11
1835	東鉄工	231	231	221	221	7
1836	大日本土木	187	187	186	186	13
1837	間組	65	65	62	63	279
1838	古久根建設	114	114	113	113	2
1839	真柄建	153	155	151	155	60
1840	土屋ホーム	310	310	287	287	10
1841	サンユ	0	0	0	0	0
1842	昭和テクノ	0	0	0	0	0
1844	大盛工業	270	270	270	270	6
1845	森本組	0	0	0	0	0
1846	鈴縫工	0	0	0	0	0
1847	イチケン	110	114	110	110	25
1848	富士ＰＳ	550	550	550	550	1
1850	南海辰村建	96	96	90	90	25
1851	大木建設	207	207	186	199	51
1852	浅沼組	155	156	155	155	29
1853	森組	0	0	0	0	0
1854	新井組	176	180	165	167	23.5
1855	東急建設	69	70	68	68	117
1856	ジェイオー建設	0	0	0	0	0
1857	松村組	150	150	145	146	11
1858	井上工	61	63	60	60	5
1860	戸田建	410	410	395	402	101
1861	熊谷組	76	76	70	70	671
1862	横河工事	320	345	320	345	1.9
1863	テトラ	203	205	202	205	7
1865	青木あすなろ建	135	135	135	135	4
1866	北野建	250	330	250	304	935
1867	植木組	190	190	190	190	10
1868	三井ホーム	445	445	435	435	27
1869	名工建	0	0	0	0	0
1870	矢作建	400	400	400	400	1
1871	ピーエス三菱	430	430	410	410	13.5
1872	アゼル	300	315	299	299	64
1873	東ハウス	450	450	441	445	33
1874	佐藤秀	0	0	0	0	0
1875	青木マリン	0	0	0	0	0
1877	川田建設	0	0	0	0	0
1878	大東建	1125	1160	1115	1143	94.8
1879	新日本建	209	210	205	210	6
1880	スルガコーポ	1600	1600	1600	1600	7
1881	ＮＩＰＰＯ	491	496	480	480	103
1882	東亜道	229	235	220	230	113
1883	前田道	500	500	490	490	55
1884	日道路	173	179	168	169	91
1885	東亜建	136	137	132	133	267
1886	青木建設	48	49	47	47	750
1888	若築建	161	164	158	162	92
1889	佐伯建	151	151	146	146	12
1890	東洋建	90	94	90	93	245
1892	徳倉建	299	299	299	299	2
1893	五洋建	145	145	140	142	359
1895	大成ロテック	170	173	170	170	80
1896	大林道	240	242	230	240	50
1897	金下建	595	595	580	580	16
1898	世紀東急	97	97	88	96	18
1899	福田組	321	321	312	312	5
1900	白石	195	199	195	199	6
1902	山崎建設	290	330	290	330	4
1904	大成温調	0	0	0	0	0
1905	テノックス	236	236	230	230	6
1906	細田工務	0	0	0	0	0
1907	東北ミサワ	530	530	530	530	12.5
1908	三平建設	0	0	0	0	0
1909	日本ドライ	291	291	275	275	12.5
1910	フドウ建研	0	0	0	0	0
1911	住友林	730	740	720	725	263
1912	ミサワセラミ	420	420	420	420	1
1913	旭ホームズ	101	101	101	101	7
1914	日基技	660	660	622	623	32.1
1915	東京ミサワホーム	0	0	0	0	0
1916	日成ビルド	210	215	200	209	54
1917	ニッセキハウス	122	125	118	121	542
1919	エスバイエル	261	264	256	256	56
1920	殖産住宅相互	102	103	100	100	387
1921	巴	195	195	195	195	7
1922	大成ユーレック	98	98	95	98	19
1923	ミサワホーム	370	370	350	352	68
1924	パナホーム	670	690	660	661	91
1925	大和ハウス	784	791	770	770	1315
1926	ライト	485	510	481	491	69.2
1927	中 部	350	350	350	350	6.4
1928	積ハウス	900	907	884	895	622
1929	日特建	210	212	207	207	49
1930	北陸電工	260	270	260	270	2
1931	日本電通	330	330	330	330	3
1932	コミュチュア	480	480	480	480	11
1933	西シス建	345	345	345	345	10
1934	ユアテック	394	397	394	396	41
1935	ＴＴＫ	324	329	324	326	36
1936	シーキューブ	0	0	0	0	0
1937	西部電工	324	329	324	329	6
1938	千歳電	0	0	0	0	0
1939	四電工	358	358	358	358	13
1940	つうけん	0	0	0	0	0
1941	中電工	1590	1590	1521	1550	18
1942	関電工	529	529	515	515	77
1943	大明	1032	1049	1008	1008	151
1944	きんでん	760	777	747	747	171
1945	東京エネシス	430	438	423	423	6
1946	トーエネク	400	408	384	400	23
1947	日本コムシス	2080	2140	2050	2140	269
1948	弘電社	320	320	320	320	2
1949	住友電設	590	595	580	590	12.1
1950	電設工	289	289	280	280	36
1951	協エクシオ	919	936	896	931	121
1952	新日空調	442	443	438	442	2.3
1953	国際電設	190	190	190	190	2
1954	日工営	220	220	208	208	76
1955	東電通	562	583	555	583	43
1956	日電設	415	435	415	420	27
1957	保安工	0	0	0	0	0
1958	三和エレック	385	385	350	350	32
1959	九電工	384	384	365	365	49
1960	サンテック	340	340	338	338	14
1961	三機工	446	448	445	445	70
1962	エルゴテック	0	0	0	0	0
1963	日揮	267	267	250	254	276
1964	中外炉	280	282	261	261	52
1965	テクノ菱和	410	410	410	410	1
1966	高田工	0	0	0	0	0
1967	ヤマト	415	415	381	385	12
1968	太平電	262	262	252	252	24
1969	高砂熱	621	621	577	582	29
1970	日立プラ	254	257	240	240	82
1971	ビルト工	74	74	71	71	11
1972	三晃金	110	115	110	115	7
1973	ＮＥＣシス建	1850	1880	1845	1860	32.9
1974	宮地建設工業	373	395	373	395	81
1975	朝日工	206	208	205	207	31
1976	明星工	197	220	188	220	70
1977	ジェイコス	0	0	0	0	0
1978	アタカ	322	322	318	318	16
1979	大気社	711	711	696	696	22
1980	ダイダン	520	520	510	511	12
1981	協和日成	0	0	0	0	0
1982	日比谷設	665	665	660	665	46
1983	東芝プラ	233	237	225	225	26
1984	三信建	276	276	256	256	2
1985	大和電設	375	375	375	375	1
1986	日商インター	2300	2300	2240	2240	8
1988	シボンド建	1766	1775	1750	1760	19.5
1989	北陸電話	0	0	0	0	0
1990	東邦建	0	0	0	0	0
1991	都築通技	0	0	0	0	0
1992	神田通機	680	680	640	640	2
1993	ニッタン	0	0	0	0	0
1994	高橋ウォール	0	0	0	0	0
1995	鈴木工務店	230	230	230	230	1
1996	三菱建設	159	161	159	161	2
1997	暁飯島工業	201	201	201	201	1
1998	日本土建	0	0	0	0	0
2001	日本粉	245	247	237	239	410
2002	日清粉	711	726	705	715	347
2003	日東粉	206	206	205	205	2
2004	昭和産	180	185	177	177	245
2006	東福粉	108	108	108	108	1
2007	富士粉	0	0	0	0	0
2008	増田粉	165	165	165	165	3
2009	鳥越粉	400	400	381	400	51
2051	農産工	168	173	168	172	208
2052	協同飼	123	125	122	122	177
2053	中部飼	0	0	0	0	0
2055	日和産	230	230	230	230	3
2056	日配飼	116	117	116	116	40
2057	雪印種	581	610	581	610	3
2102	台糖	229	235	224	228	41
2107	東洋糖	161	162	155	155	48
2108	甜菜糖	155	157	151	151	241
2109	三井糖	178	180	176	176	36
2111	フジ製糖	165	213	165	213	37
2112	塩水糖	405	405	370	380	78
2113	新光糖	0	0	0	0	0
2114	フジ日本精糖	0	0	0	0	0
2116	日新糖	110	110	103	103	17
2201	森永	217	222	214	217	249
2202	明菓	675	694	620	625	1662
2204	中村屋	270	275	270	275	5
2205	駿河屋	89	89	89	89	1
2206	グリコ	492	499	491	491	29
2207	名糖産	1010	1021	1010	1021	7
2209	井村屋	415	415	415	415	3
2211	不二家	295	296	260	260	705
2212	山パン	1051	1060	1010	1028	322
2213	ナガサキヤ	70	79	70	75	11
2215	一パン	247	280	242	279	419
2216	カンロ	280	280	275	275	4
2217	モロゾフ	200	200	183	190	13
2219	タカラブネ	105	105	100	105	47
2221	岩塚製菓	0	0	0	0	0
2222	寿製菓	0	0	0	0	0
2224	コモ	1680	1680	1680	1680	1
2261	明乳	348	348	328	328	366
2262	雪印	421	425	410	410	369
2264	森永乳	258	258	246	247	209
2266	六甲バタ	265	265	250	258	11
2267	ヤクルト	760	760	760	760	1047
2268	サーティワン	700	700	700	700	2
2281	プリマ	177	177	165	165	85
2282	日ハム	1223	1225	1200	1200	361
2284	伊藤ハ	453	455	437	455	74
2286	林兼	142	142	136	138	108
2287	雪印食品	241	287	241	287	7
2288	丸大食	185	189	185	185	41
2289	相模ハム	0	0	0	0	0
2290	米久	1270	1280	1270	1270	19
2291	福留ハ	200	200	200	200	2
2292	ＳＦＯＯＤＳ	802	807	801	806	9
2293	滝沢ハム	0	0	0	0	0
2294	柿安本店	1020	1020	1020	1020	1
2501	サッポロＨＤ	345	349	340	340	311
2502	アサヒ	1068	1077	1050	1053	1473
2503	キリン	1052	1080	1043	1050	2333
2531	宝ＨＤ	2315	2360	2040	2090	9984
2533	オエノンＨＤ	227	240	227	230	50
2536	メルシャン	281	282	265	265	339
2538	マルキン忠勇	126	130	126	130	4
2540	養命酒	651	652	650	651	15
2541	ニッカ	245	250	240	240	24
2571	中京コカ	1140	1140	1101	1130	19
2572	三国コカ	1830	1831	1802	1802	33
2573	北海コカ	0	0	0	0	0
2575	三笠コカ	1150	1150	1131	1136	5.2
2576	近畿コカ	1411	1418	1411	1418	7
2577	富士コカ	1350	1350	1330	1350	9
2578	四国コカ	1370	1370	1350	1350	1.1
2579	コカウエスト	3710	3840	3710	3710	14.5
2591	カルピス	445	450	443	443	32
2592	ポッカ	531	531	522	523	25
2593	伊藤園	13580	13900	13390	13500	36.6
2594	キーコーヒー	1390	1390	1350	1350	13.3
2595	キリンビバ	1450	1480	1445	1455	75
2596	キューサイ	6600	6620	5800	5900	16.4
2597	ユニカフェ	3600	3600	3600	3600	2
2598	アサヒ飲料	1100	1100	1050	1050	71.5
2601	ホーネンコーポ	175	178	170	170	200
2602	日清オイリオ	293	304	291	294	352
2604	吉原製油	201	201	201	201	2
2605	熊沢製油	0	0	0	0	0
2607	不二油	735	749	700	728	77
2608	ボーソー	146	146	140	140	10
2611	摂津油	280	280	280	280	7
2612	かどや製油	801	801	801	801	1
2801	キッコマン	696	696	671	675	272
2802	味の素	1170	1175	1110	1175	1602
2803	丸金醤油	290	290	285	285	3
2804	ブルドック	600	600	600	600	1
2805	エスビー	0	0	0	0	0
2806	ユタカフーズ	0	0	0	0	0
2808	サンビシ	0	0	0	0	0
2809	キユーピー	683	683	672	675	157
2810	ハウス食品	1635	1635	1568	1568	39
2811	カゴメ	1034	1054	1014	1014	27
2812	焼津水化	2200	2200	2010	2095	19.5
2813	和弘食品	0	0	0	0	0
2814	佐藤食品	1000	1000	1000	1000	1
2815	アリアケ	5400	5400	5160	5200	13.7
2816	ダイショー	760	760	750	750	2
2871	ニチレイ	278	278	266	266	284
2873	加ト吉	2425	2425	2220	2250	74
2874	ヨコレイ	536	545	535	540	61
2875	東洋水	760	762	746	747	93
2876	ＪＣコムサ	380	380	361	361	2
2877	日東ベスト	0	0	0	0	0
2878	赤城水産	372	400	371	380	7
2891	酵母工	570	609	522	522	282
2892	日食品	300	300	300	300	17
2893	ローマイヤ	106	106	101	101	11
2894	石井食	0	0	0	0	0
2897	日清食	2410	2555	2405	2515	208.3
2898	ソントン	1100	1100	1100	1100	4
2899	永谷園	1000	1000	940	950	14
2900	明星食	251	251	250	250	7
2901	石垣食	0	0	0	0	0
2902	太陽化	490	490	490	490	3
2903	シノブフズ	0	0	0	0	0
2904	一正蒲鉾	0	0	0	0	0
2905	オーケー食	0	0	0	0	0
2906	ホッコク	0	0	0	0	0
2907	あじかん	601	601	601	601	1
2908	フジッコ	1980	1980	1949	1953	14
2909	トオカツフズ	290	290	290	290	3
2910	Ｒフィールド	4000	4000	3900	4000	9.1
2911	旭松食品	0	0	0	0	0
2912	鐘崎	0	0	0	0	0
2913	フジフーズ	280	286	280	286	13
2914	ＪＴ	755000	800000	755000	771000	2.572
2915	ケンコーマヨ	0	0	0	0	0
2916	仙波糖化	0	0	0	0	0
2917	大森屋	760	760	760	760	2
2918	わらべ日洋	1300	1300	1290	1300	14
2920	ケイビー	1200	1350	1200	1350	29
2921	フクシマフズ	0	0	0	0	0
2922	なとり	850	851	850	851	3
3001	片倉	469	480	460	480	8
3002	グンゼ	284	288	280	284	335
3003	昭栄	769	769	769	769	1
3004	神栄	150	150	150	150	33
3007	神戸生絲	63	67	63	67	43
3009	川島織	115	116	110	110	26
3010	上毛	550	570	520	540	55
3011	バナーズ	0	0	0	0	0
3101	東洋紡	137	140	136	136	927
3102	カネボウ	157	160	155	155	539
3103	ユニチカ	72	72	70	70	425
3104	富士紡Ｈ	81	85	78	79	198
3105	日清紡	480	494	479	485	770
3106	クラボウ	133	135	130	131	111
3107	ダイワボウ	108	110	103	103	133
3109	シキボウ	84	84	81	81	58
3110	日東紡	132	134	127	130	200
3111	オーミケン	68	69	68	69	19
3113	ＢＳＬ	76	80	72	77	51
3114	同興紡	88	88	88	88	4
3115	テザック	67	70	67	67	57
3116	トヨタ紡織	700	720	699	699	51
3117	興和紡	0	0	0	0	0
3121	アセットイン	63	63	62	62	5
3123	サイボー	0	0	0	0	0
3125	内外綿	67	67	67	67	2
3128	テラボウ	0	0	0	0	0
3129	ファブリカＴ	0	0	0	0	0
3201	日毛	351	360	350	350	81
3202	大東紡	100	100	98	100	19
3203	東亜紡織	100	105	100	105	3
3205	ダイドー	216	220	215	215	32
3206	南海毛糸紡績	100	100	100	100	4
3207	中央毛	141	141	136	140	6
3209	カネヨウ	120	121	120	121	4
3211	太陽毛絲紡	0	0	0	0	0
3216	御幸ＨＤ	420	420	420	420	3
3302	帝繊維	180	180	180	180	3
3304	トスコ	0	0	0	0	0
3306	日本麻	70	70	70	70	1
3401	帝人	368	368	343	357	3928
3402	東レ	410	412	397	397	3030
3403	東邦テナ	153	153	129	144	167
3404	三菱レ	260	262	255	255	776
3405	クラレ	1033	1033	1015	1018	1230
3407	旭化成	537	540	523	523	982
3408	サカイオーベ	96	97	96	97	18
3409	北日紡	121	121	121	121	4
3411	オートリ	151	151	151	151	14
3420	ケーエフシー	0	0	0	0	0
3421	稲葉製作	1350	1350	1350	1350	0.4
3422	丸順	0	0	0	0	0
3423	エスイー	750	760	750	750	8
3501	住江織	122	122	122	122	2
3503	東和織	0	0	0	0	0
3512	フエルト	225	228	225	228	4
3513	イチカワ	168	168	160	161	6
3514	バイリーン	215	215	207	207	16
3515	フジコー	0	0	0	0	0
3521	エコナック	122	124	116	116	48
3524	日東網	103	104	103	104	2
3526	芦森工	212	216	210	212	31
3528	グローベルス	110	118	105	107	46
3529	アツギ	119	120	114	114	530
3532	堀田産	70	70	70	70	1
3533	ダイオ化成	700	700	700	700	2
3534	ＮＢＣ	812	812	812	812	3
3551	ダイニック	188	188	171	172	14
3552	洋クロス	146	148	145	145	26
3553	共和レ	403	404	395	395	10
3569	セーレン	275	280	269	270	40
3570	オリカキャピ	130	130	120	120	24
3571	ソトー	480	480	472	472	29
3572	大同マルタ	0	0	0	0	0
3576	カンボウ	90	90	90	90	2
3577	東海染	152	152	144	145	29
3578	倉庫精	110	110	106	106	2
3580	小松精	380	380	380	380	3
3581	岐セン	0	0	0	0	0
3583	オーベクス	0	0	0	0	0
3584	福助	175	188	175	176	17
3585	トムスエンタ	331	400	330	390	1100
3587	ＩＢダイワ	100	101	100	101	42
3588	丸山工	0	0	0	0	0
3591	ワコール	910	910	881	881	66
3592	ＣＨＯＹＡ	266	266	261	261	9
3593	ホギメデ	7000	7020	6850	6850	25
3594	モリシタ	0	0	0	0	0
3595	ヤギコーポ	0	0	0	0	0
3596	ワールド	11500	12180	11500	11710	15.8
3597	自重堂	720	724	700	724	5
3598	山喜	0	0	0	0	0
3599	コーコス	0	0	0	0	0
3600	フジックス	410	410	410	410	1
3601	ニチメンイン	2135	2135	2090	2100	1.8
3602	イタリヤード	271	271	271	271	4
3603	チャッコット	0	0	0	0	0
3706	東海パ	373	379	353	379	14
3861	王子紙	592	640	585	620	1542
3863	日本製紙	600	629	592	607	2587
3864	三菱紙	131	134	130	131	241
3865	北越紙	640	669	635	664	353
3868	高崎三興	90	96	87	89	117
3869	日本板紙	217	225	215	215	22
3870	日本加工製紙	82	82	81	82	95
3871	大昭和紙	421	421	410	418	24
3872	三島紙	179	179	179	179	1
3877	中越パ	150	150	139	139	112
3878	巴川紙	440	460	439	459	101
3880	大王紙	691	699	690	690	27
3881	特種紙	464	464	454	455	25
3882	紀州紙	161	161	161	161	3
3886	チューエツ	0	0	0	0	0
3887	中央板紙	100	102	100	102	29
3889	大平製紙	0	0	0	0	0
3890	ゼネＫＫ	631	650	631	650	42
3891	高度紙	1550	1550	1550	1550	5
3941	レンゴー	505	530	504	526	737
3944	古林紙	145	145	145	145	5
3945	スパバッグ	194	195	194	195	13
3946	トーモク	187	198	187	195	101
3947	ダイナパック	427	427	427	427	3
3948	光ビジネス	850	870	850	850	3
3949	日本ハイパック	225	225	225	225	4
3950	ザ・パック	0	0	0	0	0
3951	朝日印刷	0	0	0	0	0
3952	中央紙器	305	305	301	301	4
3953	大村紙業	0	0	0	0	0
3954	昭和パックス	400	400	400	400	5
3971	東セロ	240	245	240	240	9
4003	コープケミ	96	100	95	96	21
4004	昭電工	120	125	120	121	1369
4005	住友化学	485	507	485	500	1524
4006	チッソ 	25	25	23	24	66
4007	日化成	139	140	131	139	86
4008	住友精化	250	250	247	250	24
4010	三菱化学	380	380	358	366	2792
4021	日産化	510	531	505	529	1110
4022	ラサ工	251	255	248	248	190
4023	呉羽化	245	255	245	248	91
4025	多木化	320	347	320	347	16
4026	神島化	271	271	270	270	3
4027	テイカ	276	276	247	248	47
4028	石原産	137	140	135	135	371
4031	チッカリン	406	418	406	415	15
4032	日東バイオン	150	150	150	150	2
4033	日東エフシー	465	465	411	411	2
4041	日曹達	228	228	221	222	545
4042	東ソー	402	406	380	381	1302
4043	トクヤマ	375	383	375	378	27
4044	セ硝子	208	211	204	211	118
4045	東合成	160	162	156	156	614
4046	ダイソー	182	185	178	185	34
4047	関電化	229	229	221	221	29
4050	鶴見曹達	255	255	255	255	24
4061	電化	303	303	292	292	971
4062	イビデン	1387	1387	1294	1295	141
4063	信越化	4500	4500	4430	4480	1011
4064	カーバイド	125	129	120	120	209
4065	紀文フ	385	390	365	365	12
4077	富士チタン工業	350	350	350	350	1
4078	堺化学	731	740	720	730	163
4079	ハクスイテック	0	0	0	0	0
4086	日本エア・リキード	319	319	311	311	26
4088	エアウォータ	258	260	250	257	96
4089	大阪酸素工業	170	170	165	165	8
4091	大陽日酸	310	316	309	310	154
4092	日本化	283	283	270	276	157
4093	アセチレン	80	80	80	80	4
4094	日化産	290	290	290	290	2
4095	パーカライ	290	295	290	295	36
4096	昭炭酸	283	283	283	283	1
4097	高圧ガス	270	282	270	275	24
4098	チタン	147	150	147	150	7
4099	四国化	322	322	321	322	9
4100	戸田工	405	420	405	405	27
4101	日興酸素	0	0	0	0	0
4102	丸尾カル	0	0	0	0	0
4103	大陽東洋酸素	177	177	173	173	88
4104	タテホ	187	190	187	190	5
4105	メルテックス	0	0	0	0	0
4106	ケムキャット	980	980	980	980	1
4107	伊勢化	335	335	335	335	1
4108	共同酸素	150	150	150	150	2
4109	ステラケミ	4800	4800	4500	4700	16
4112	保土谷	156	160	153	158	82
4113	田岡化	254	254	254	254	1
4114	日触媒	453	466	453	463	120
4115	本州化	570	575	560	575	6
4116	大日精	344	344	333	335	14
4117	川崎化	140	140	140	140	2
4118	カネカ	1353	1365	1333	1333	263
4119	ピグメント	195	230	195	227	170
4120	スガイ	290	310	290	299	26
4123	山化成	1050	1051	1050	1051	7
4151	協発酵	863	875	771	781	6688
4182	菱ガス化	206	210	205	207	823
4183	三井化学	879	890	822	850	774
4185	ＪＳＲ	680	720	655	709	379
4186	東応化	2015	2015	1836	1880	142
4187	大有機	593	600	591	591	13
4201	日合成	156	156	151	151	330
4202	ダイセル	283	283	276	278	269
4203	住友ベ	905	970	905	921	768
4204	積水化	442	449	440	441	274
4205	ゼオン	650	666	650	655	411
4206	アイカ	550	599	545	570	79
4208	宇部興	213	224	212	216	893
4209	フドー	81	86	81	85	16
4210	東洋化学	413	423	401	423	60
4212	積水樹	400	401	395	395	23
4213	菱樹脂	147	150	139	139	122
4214	高分子	305	305	297	297	123
4215	タキロン	369	375	364	369	69
4216	旭有機	282	282	273	275	70
4217	日立化	1980	1980	1840	1840	127
4218	ニチバン	375	375	360	360	13
4219	プラス・テク	0	0	0	0	0
4220	リケンテクノ	352	353	345	345	28
4221	大倉工	313	315	311	313	28
4222	児玉化	87	87	87	87	1
4224	ロンシール	85	85	85	85	16
4225	筒中	279	280	278	280	4
4226	テスコ	280	280	280	280	2
4227	郡是高分子	0	0	0	0	0
4228	積化成	168	173	168	170	34
4229	群栄化	141	155	141	155	131
4231	タイガポリ	558	579	520	579	6
4232	東芝ケミカル	245	250	240	240	18
4233	ワコー	504	504	480	490	6
4271	カーリット	750	770	750	760	19
4272	日化薬	477	496	465	467	659
4274	細火工	0	0	0	0	0
4361	川口化	135	135	131	131	5
4362	日精化	351	379	350	357	30
4363	新日鐵化学	147	147	137	139	67
4365	松本油脂	1900	1900	1900	1900	1
4366	ダイトーケミ	0	0	0	0	0
4367	広栄化学	385	390	385	390	3
4401	旭電化	612	613	585	585	230
4403	日油脂	247	252	244	247	256
4404	ミヨシ	252	258	250	250	33
4406	日理化	480	495	480	495	28
4409	東邦化	0	0	0	0	0
4410	ハリマ化成	417	418	405	415	22
4452	花王	2790	2900	2775	2855	1336
4461	一工薬	400	403	395	397	61
4462	石原薬品	960	960	960	960	1
4463	日華化学	275	275	260	260	16
4471	三洋化	961	977	932	932	66
4501	三共	2160	2375	2150	2330	2171
4502	武田	5000	5120	4990	5120	2589
4503	アステラス薬	4110	4120	4100	4120	1562
4505	第一製薬	1350	1420	1345	1400	1125
4506	大日薬	590	640	586	629	1153
4507	塩野義	1286	1370	1265	1345	2801
4508	田辺薬	668	710	665	695	369
4509	三菱ウェルファーマ	1360	1465	1340	1436	964
4511	藤沢薬品	2530	2650	2480	2550	862
4512	わかもと	400	400	391	400	11
4514	帝臓器	685	719	685	701	36
4515	萬有製薬	1650	1755	1637	1742	487
4516	日新薬	502	560	502	550	9
4517	ビオフェル	966	966	951	953	7.5
4518	富山化	390	430	390	404	403
4519	中外薬	1180	1310	1180	1293	2871
4520	和光堂	3550	3550	3550	3550	1.1
4521	科研薬	576	640	576	611	209
4523	エーザイ	1890	2100	1870	2095	744
4524	仁丹	710	715	710	715	7
4526	理ビタ	1190	1190	1180	1180	7
4527	ロート	680	736	675	735	12
4528	小野薬	2710	3100	2710	2995	289
4529	日研化	345	350	337	346	41
4530	久光薬	1177	1280	1147	1280	28
4531	有機薬	288	307	288	307	31
4534	持田薬	540	625	540	615	383
4535	大正薬	3060	3400	3060	3370	984
4536	参天薬	1683	1841	1683	1800	1195
4537	エスエス	708	758	705	750	114
4538	扶桑薬	420	449	420	440	24
4539	ケミファ	230	245	230	245	32
4540	ツムラ	390	400	390	395	45
4541	日医工	174	175	171	174	10
4542	三笠薬	399	400	396	400	18
4543	テルモ	2765	2940	2750	2840	527
4544	みらかＨＤ	619	665	619	653	86
4545	国際試薬	315	330	315	326	16
4546	北陸製薬	556	599	556	590	17
4547	キッセイ	1550	1690	1549	1660	89
4548	生化学	1190	1380	1190	1380	111
4549	栄研化	1410	1415	1280	1280	241
4550	日水薬	0	0	0	0	0
4551	鳥居薬	2555	2700	2550	2690	22.2
4552	日本ケミカル	950	970	891	893	31
4553	東和薬品	1330	1340	1330	1330	3
4554	富士製薬	350	350	350	350	2
4555	沢井製薬	1200	1300	1200	1300	17
4556	カイノス	337	337	337	337	2
4557	医学生物	5240	6000	5240	5450	256
4558	中京医薬	0	0	0	0	0
4559	ゼリア新薬	920	960	900	960	23
4560	キョーリン薬	3670	3700	3650	3660	23
4561	デンカ生研	2290	2470	2260	2310	14
4611	大日塗	161	164	158	163	47
4612	日本ペ	206	219	205	206	44
4613	関西ペ	241	245	236	238	101
4614	トウペ	145	150	145	145	3
4615	神東塗	94	94	94	94	2
4616	川上塗	0	0	0	0	0
4617	中国塗	222	222	218	218	78
4619	日特塗	222	222	220	220	14
4620	藤倉化	500	510	500	500	18
4621	ロック	840	840	840	840	2
4622	ユニペイン	0	0	0	0	0
4623	アサヒペン	300	300	299	299	9
4624	イサム	490	490	490	490	1
4625	アトミクス	0	0	0	0	0
4626	太陽インキ	11800	11800	11800	11800	1
4627	ナトコ	801	830	801	820	16
4628	エスケー化研	1830	1830	1760	1760	2
4629	大伸化学	420	420	420	420	1
4631	インキ	296	299	288	293	1268
4633	サカタＩＮＸ	270	275	270	275	6
4634	洋インキ	195	201	194	196	151
4635	東インキ	245	250	240	250	8
4636	Ｔ＆Ｋ	4100	4100	4000	4100	4.4
4640	アンドール	243	243	242	242	3
4641	アルプス技	900	900	900	900	1
4642	オリジナル設	1500	1500	1500	1500	1
4643	コナミスポ	9100	9100	8810	8810	6.5
4644	イマジニア	1900	1900	1840	1860	4.4
4645	市進	250	250	250	250	5
4646	ジャスフォート	1110	1110	1110	1110	0.1
4649	大成	580	580	580	580	1
4650	スガイエンタ	0	0	0	0	0
4651	サニックス	10200	10610	10100	10300	39.4
4652	ウッドランド	0	0	0	0	0
4653	ダイオーズ	810	810	805	805	4
4654	ニチゾウテク	320	320	310	310	2
4655	ＮＯＶＡ	1090	1100	1080	1080	8
4656	サン・ライフ	4000	4000	3900	3900	0.4
4657	環境管理	0	0	0	0	0
4658	日本空調	0	0	0	0	0
4659	エイジス	2500	2510	2500	2500	5
4660	ニッポン放送	8800	8800	8600	8680	8
4661	ＯＬＣ	9340	9390	8970	9050	90.9
4662	フォーカス	2940	3100	2800	2930	281
4663	ＡＴＬ	2300000	2400000	2200000	2200000	0.04
4664	ＲＳＣ	0	0	0	0	0
4666	パーク２４	8400	8400	7950	7950	43.7
4667	アイサンテク	0	0	0	0	0
4668	明光ネット	281	281	281	281	2
4669	ニッパンＲ	0	0	0	0	0
4670	セタ	0	0	0	0	0
4671	ファルコバ	1060	1061	1050	1050	8
4672	ベルックス	0	0	0	0	0
4673	川崎地質	0	0	0	0	0
4674	クレスコ	11000	11500	10000	10400	19.5
4675	エヌエス環境	0	0	0	0	0
4676	フジテレビ	1320000	1320000	1240000	1250000	1.627
4677	デザイ	780	780	780	780	1
4678	秀英	1620	1620	1620	1620	1
4679	田谷	2040	2045	2010	2015	4
4680	ラウンドワン	1340000	1350000	1160000	1190000	0.428
4681	リゾートトラ	2850	2900	2850	2900	23.5
4682	電通テック	8000	8100	7600	7600	8.4
4683	堀内カラー	635	635	635	635	2
4684	オービック	73000	73000	69500	70000	9
4685	菱友システム	700	700	680	680	7
4686	ジャスト	5550	5730	5510	5620	40
4687	ＴＤＣソフト	5910	6000	5910	5910	13.7
4688	日本ドレーク	30800	30800	29300	29300	3.5
4689	ヤフー	91400000	91400000	89400000	89400000	0.008
4690	日パレット	285	285	285	285	3
4692	アルゴ２１	6750	6750	6000	6120	19.2
4694	ＢＭＬ	4500	4500	4280	4280	71
4695	マイスター	850	850	850	850	1
4696	ワタベ	1370	1400	1350	1400	18
4697	ゼロ	18000000	18500000	15400000	15700000	0.239
4699	ウチダエスコ	0	0	0	0	0
4700	アクセス	14800000	14800000	13500000	14500000	0.112
4701	プレック研	0	0	0	0	0
4702	55ステーション	0	0	0	0	0
4703	住商オート	1390	1450	1390	1450	10
4704	トレンド	20500	20500	20500	20500	178
4705	クリップ	0	0	0	0	0
4706	富士通サポート	48100	49000	46000	47000	43.8
4707	キタック	540	540	540	540	1
4708	もしもしＨＬ	14700	14700	13900	14000	11.4
4709	ＩＤ	1510	1510	1450	1450	15
4710	ウィン	320	320	310	310	5
4711	コミュニティ	1097	1100	1050	1050	7.9
4712	アドアーズ	360	360	330	330	4
4713	日信電サ	0	0	0	0	0
4714	リソー教育	220000	225000	212000	220000	0.042
4715	クリエイティブ	425	425	420	420	8
4716	日本オラクル	45000	45400	42500	42500	110.4
4717	ソデッソジャパン	4750	4750	4750	4750	1
4718	早稲アカ	510	510	500	500	15
4719	アルファシス	21700	21700	20100	20300	8.6
4720	城南進研	780	795	780	790	6
4721	フジスタッフ	8000	8100	7600	7600	28
4722	フューチャー	16500000	17400000	16500000	16600000	0.016
4723	グッドウィル	6810000	6900000	6000000	6090000	0.372
4724	シチエ	1100	1100	1020	1050	21
4725	ＣＡＣ	3900	3900	3760	3760	14
4726	ソフトバンテク	198000	204000	195000	198000	4.5
4727	アジアＳ総研	9300	9500	9120	9200	21
4728	トーセ	16210	16490	15000	15900	29.3
4729	コナミスタジオ	5000000	5010000	4900000	5000000	0.026
4730	関西メンテ	845	850	845	850	2
4731	ユニバホーム	2750000	2750000	2700000	2700000	0.007
4732	ＵＳＳ	6610	6610	6200	6400	32
4733	ＯＢＣ	43400	43400	38600	38900	19
4734	ビーイング	3800	3800	3660	3800	49
4735	京進	0	0	0	0	0
4736	日本ラッド	2600	2600	2370	2480	14
4737	シダックス	1780	1810	1750	1750	24
4738	日立ビジネス	3350	3350	3080	3080	98
4739	ＣＴＣ	58800	58800	50800	51000	100
4740	ニューディル	6050000	6050000	5450000	6000000	0.081
4741	ＩＲＩ	0	0	0	0	0
4901	富士写	3900	4020	3750	3900	1750
4902	コニカＨＤ	421	422	408	408	557
4911	資生堂	1478	1519	1465	1519	525
4912	ライオン	420	420	415	418	282
4913	サンスター	375	375	375	375	5
4914	高砂香	405	415	403	403	139
4915	エイボンＪ	210	210	210	210	3
4916	ノエビア	1000	1020	1000	1020	4
4917	マンダム	1800	1950	1750	1900	202
4918	アイビー	502	502	500	501	3
4919	ミルボン	8500	8500	8100	8500	7
4920	日本色材	530	530	530	530	1
4921	ファンケル	24700	24720	23100	23100	105.4
4922	コーセー	2290	2350	2120	2170	78
4951	エステー化	540	570	540	551	13
4952	ＳＤＳ	0	0	0	0	0
4953	タイホー工業	350	350	350	350	5
4954	マークテック	428	428	428	428	2
4955	アグロカネシ	770	770	770	770	4
4956	コニシ	1092	1100	1072	1090	4.8
4957	ヤスハラケミ	828	830	828	830	4
4958	長谷川香料	2250	2250	2020	2020	10.8
4959	シーシーアイ	0	0	0	0	0
4960	ケミプロ	451	461	451	460	4
4961	日油技研	0	0	0	0	0
4963	星光ＰＭＣ	540	540	531	531	5
4964	星光化学工業	0	0	0	0	0
4965	曽田香料	0	0	0	0	0
4966	上村工	2715	2760	2715	2760	6
4967	小林製薬	8350	8600	8350	8520	37
4968	荒川化工	910	910	890	890	7
4987	寺岡製	690	690	690	690	1
4989	イハラケミ	205	205	201	201	238
4990	昭和化	0	0	0	0	0
4992	北興化	379	415	371	400	541
4996	クミアイ化	175	180	170	170	58
4997	日農薬	205	210	205	205	18
4998	フマキラ	190	193	190	193	12
4999	セメダイン	229	231	229	231	3
5001	新日本石油	475	478	465	467	886
5002	昭和シェル	477	477	447	447	465
5005	東  燃	617	617	590	590	539
5006	興亜石油	260	269	254	254	138
5007	コスモ石	154	154	150	151	272
5008	東亜石	113	115	112	113	115
5009	富士興	77	82	77	78	29
5010	日精蝋	100	100	99	99	7
5011	ニチレキ	497	497	476	477	29
5012	東燃ゼネ石	238	239	221	230	176
5013	ユシロ	400	418	400	405	7
5014	ジャパンエナジー	93	93	87	87	1185
5015	ＢＰカスト	0	0	0	0	0
5101	浜ゴム	205	209	203	207	352
5102	大機エンジ	235	235	235	235	2
5103	昭ゴム	85	90	85	90	2
5104	日東化工	0	0	0	0	0
5105	洋ゴム	130	130	124	124	333
5106	オーツタイヤ	160	160	155	155	4
5108	ブリヂストン	2300	2300	2245	2245	1119
5110	住友ゴ	497	505	490	497	373
5121	藤ゴム	175	183	175	179	15
5122	オカモト	230	235	230	230	61
5123	ミサワ東洋	150	150	150	150	2
5142	アキレス	162	165	160	162	178
5143	世界長	115	115	100	100	22
5162	朝日ラバー	466	466	462	462	6
5184	ニチリン	340	340	340	340	1
5185	フコク	0	0	0	0	0
5186	ニッタ	713	713	703	705	8.8
5187	クリエート	750	750	750	750	1
5188	帝都ゴム	102	102	100	100	3
5189	桜ゴム	0	0	0	0	0
5191	東海ゴ	850	850	805	810	20
5192	三星ベ	248	248	248	248	34
5193	平成ポリマー	0	0	0	0	0
5194	相模ゴ	730	735	710	730	52
5195	バンドー	203	206	200	201	56
5196	鬼ゴム	78	78	75	78	14
5199	不二ラテ	0	0	0	0	0
5201	旭硝子	845	860	830	831	915
5202	板硝子	590	672	565	672	1649
5204	石塚硝	180	185	180	180	6
5205	日本無機	0	0	0	0	0
5208	有沢製	2000	2095	2000	2095	4
5210	日山村硝	184	184	171	171	80
5212	不二硝	0	0	0	0	0
5213	芝セラミ	340	340	331	331	180
5214	日電硝	1161	1179	1094	1100	327
5215	旭テクノグラス	460	465	460	465	11
5216	倉元	1900	1900	1790	1870	26
5217	テクノクオツ	2790	2810	2790	2810	6
5232	住友大阪	125	130	125	126	563
5233	太平洋セメ	192	192	183	183	587
5234	デイ・シイ	133	133	133	133	2
5237	ノザワ	85	85	82	82	7
5261	ミサワリゾ	241	243	235	236	21
5262	日ヒューム	202	202	198	198	56
5266	テイヒュー	0	0	0	0	0
5267	ハネックス	118	118	108	110	5
5268	旭コン	312	312	312	312	9
5269	日コン	106	115	105	115	20
5271	トヨアサノ	126	143	126	143	5
5272	浅野スレ	0	0	0	0	0
5273	三谷セキ	0	0	0	0	0
5274	ゼニパイプ	168	168	168	168	1
5276	石建工	450	460	450	460	13
5277	スパンクリト	300	300	300	300	2
5278	エバタ	0	0	0	0	0
5279	日本興業	295	295	295	295	1
5280	ヨシコン	0	0	0	0	0
5281	旭ダンケ	320	320	320	320	5
5282	ジオスター	0	0	0	0	0
5283	高見沢	0	0	0	0	0
5284	ヤマウ	0	0	0	0	0
5285	ヤマックス	0	0	0	0	0
5286	武井工業	0	0	0	0	0
5287	イトヨーギョ	0	0	0	0	0
5301	東海カ	179	180	175	175	332
5302	カーボン	113	113	108	108	244
5304	エスイ−シ−	0	0	0	0	0
5331	ノリタケ	361	375	353	356	238
5332	ＴＯＴＯ	635	646	622	633	585
5333	ガイシ	800	803	773	775	766
5334	特殊陶	910	910	875	886	515
5336	INAX	600	600	580	580	170
5337	ダントー	360	370	360	360	21
5338	大トー	299	299	267	297	6
5341	アサヒ陶	0	0	0	0	0
5342	ジャニス	72	72	72	72	10
5343	ニッコー	0	0	0	0	0
5344	ＭＡＲＵＷＡ	2200	2260	2150	2200	36.6
5351	白煉瓦	243	244	228	230	158
5352	黒崎	174	178	174	175	28
5355	ルツボ	107	107	107	107	1
5356	美濃窯	0	0	0	0	0
5357	ヨータイ	170	181	170	175	48
5358	イソライト	171	171	165	165	11
5359	ハリマセ	113	113	112	112	8
5361	東海熱	326	326	326	326	1
5362	九州耐	182	182	182	182	7
5363	ＴＹＫ	201	205	200	205	8
5367	ニッカトー	720	720	620	620	15
5382	中央商事	0	0	0	0	0
5383	三共理化	0	0	0	0	0
5384	フジミインコ	4000	4050	3910	3910	14.2
5386	鶴弥	640	640	640	640	2
5387	チヨダウーテ	0	0	0	0	0
5388	クニミネ	0	0	0	0	0
5389	日レヂボン	0	0	0	0	0
5390	宇部マテリア	154	155	151	155	14
5391	Ａ＆ＡＭ	110	110	108	109	11
5393	ニチアス	150	158	146	157	136
5395	コランダム	0	0	0	0	0
5397	ＭＩＥテクノ	120	120	120	120	1
5398	日研紙	0	0	0	0	0
5401	新日鉄	235	236	230	230	6527
5403	川崎製鉄	175	175	170	170	2900
5404	日本鋼管	69	70	68	68	3148
5405	住金	75	76	72	73	6785
5406	神戸鋼	69	70	67	67	2856
5407	日新鋼	113	114	110	112	474
5408	中山鋼	132	132	130	130	18
5410	合同鉄	123	124	114	116	286
5423	東京製鉄	355	359	352	353	161.9
5443	東洋製鋼	50	51	50	50	64
5444	大和工	462	463	450	451	27
5445	東京鉄	76	76	76	76	13
5448	東京鋼鉄	56	56	56	56	2
5449	大阪製鉄	422	422	412	417	2.1
5451	淀川鋼	308	315	305	305	403
5453	洋鋼鈑	415	434	400	400	159
5454	日鉄鋼板	210	210	206	206	24
5457	住友鋼管	299	310	286	310	115
5458	高砂鉄	112	115	112	112	8
5461	中部鋼	140	140	140	140	19
5462	日鉄鋼管	150	150	150	150	1
5463	丸一管	1121	1200	1108	1110	34
5464	モリ工	220	224	215	215	48
5471	大同特鋼	153	156	153	153	527
5476	高周波	85	85	80	80	46
5479	日金工	95	98	94	95	329
5480	冶金工	86	88	85	85	333
5481	山陽鋼	139	141	135	135	252
5482	愛知鋼	258	259	255	258	37
5484	東北鋼	0	0	0	0	0
5486	日立金	543	543	505	513	366
5491	日金属	108	112	106	112	67
5541	大平金	127	138	127	135	564
5542	報国鉄	0	0	0	0	0
5562	日本重化学	160	165	157	165	531
5563	日本電工	128	131	125	125	186
5566	中央電	191	191	190	190	9
5602	栗本鉄	243	245	235	236	29
5603	虹技	156	156	155	155	6
5605	自動鋳	75	75	75	75	8
5606	旭テック	150	151	148	150	56
5607	中可鍛	0	0	0	0	0
5608	川口金	230	230	228	228	3
5609	日鋳造	100	100	96	96	8
5610	大和重	0	0	0	0	0
5612	鋳鉄管	199	199	185	190	32
5613	日本カタン	0	0	0	0	0
5631	日製鋼	112	112	109	109	321
5632	菱製鋼	79	80	77	77	334
5633	関東特殊製鋼	81	82	80	80	16
5641	ＴＤＦ	120	144	120	144	15
5642	日本鍛工	61	61	61	61	2
5644	メタルアート	105	105	105	105	2
5645	イチタン	0	0	0	0	0
5657	鈴木金	135	136	135	135	31
5658	日亜鋼	425	425	418	425	56
5659	日精線	201	205	201	205	3
5660	神鋼線	88	88	83	83	3
5691	東京シヤリング	100	100	88	88	6
5694	大和綱帯	0	0	0	0	0
5695	パウダテック	439	445	439	440	3
5696	川鉄鋼板	110	110	110	110	1
5697	サンユウ	0	0	0	0	0
5701	日軽金	90	91	88	88	764
5702	大紀ア	148	148	138	141	43
5706	三井金	542	552	532	548	2439
5707	東邦鉛	179	184	170	177	754
5711	三菱マ	246	255	238	239	953
5713	住友鉱	237	237	228	235	1002
5714	同和鉱	162	173	162	166	522
5715	古河機金	146	148	142	142	534
5716	日鉱金属	800	800	790	790	403
5721	Ｓサイエンス	181	198	181	185	212
5727	邦チタ	405	405	398	399	26
5728	アライドマテリアル	1050	1070	1040	1050	31
5729	日精鉱	209	209	185	185	8
5734	昭和アルミ	147	147	140	140	27
5738	住軽金	82	84	80	84	169
5739	日製箔	113	115	113	115	4
5740	九州不二サッシ	261	261	261	261	4
5753	日伸銅	0	0	0	0	0
5756	東海アルミ箔	50	52	50	50	8
5757	サンエツ	0	0	0	0	0
5771	菱伸銅	164	169	160	165	42
5781	東邦金	146	148	145	146	14
5801	古河電	1300	1308	1192	1221	4557
5802	住友電	1251	1255	1180	1180	1843
5803	フジクラ	409	409	385	395	1473
5804	菱線工	123	125	119	119	139
5805	昭電線	140	142	138	138	294
5807	東特線	195	200	195	200	5
5808	理研線	258	258	253	258	7
5809	タツタ	150	150	147	148	63
5810	第一電工	78	78	70	70	74
5811	トヨ電線	0	0	0	0	0
5812	日立線	545	548	510	516	315
5813	花島電線	0	0	0	0	0
5814	京三電線	0	0	0	0	0
5815	沖電線	195	195	190	190	15
5816	オーナンバ	0	0	0	0	0
5817	日電線	0	0	0	0	0
5818	東日京三電線	0	0	0	0	0
5819	カナレ電気	1490	1490	1480	1480	1.5
5820	三ッ星	0	0	0	0	0
5851	リョービ	127	127	121	121	91
5852	アーレスティ	0	0	0	0	0
5853	京都ダイカスト	142	142	142	142	6
5854	東京理化工	0	0	0	0	0
5855	アサヒプリテ	2760000	2760000	2500000	2700000	0.026
5900	ダイケン	495	495	495	495	1
5901	洋カン	1680	1680	1550	1550	259
5902	北カン	218	220	215	215	61
5903	シンポ	520	525	510	520	6
5904	アルコアシステム	560	560	540	540	3
5905	日カン	162	162	160	160	10
5906	エムケー精工	0	0	0	0	0
5907	ＪＦＥコンテ	138	138	137	137	3
5908	日鉄ドラム	0	0	0	0	0
5910	立山アルミ	0	0	0	0	0
5911	横河ブ	290	290	285	285	67
5912	日本橋	127	127	127	127	3
5913	松尾橋	186	193	186	186	24
5914	宮地鐵工所	175	181	175	181	34
5915	駒井鉄	347	355	343	345	52
5916	ハルテック	190	195	189	189	34
5917	サクラダ	80	80	80	80	81
5918	滝上工	380	380	360	360	13
5919	日鉄塔	250	250	245	245	7
5920	鈴木シャ	183	183	183	183	1
5921	川岸工	250	250	246	246	24
5922	那須鉄	0	0	0	0	0
5923	高田機	435	450	435	440	20
5924	新日軽	85	86	85	86	6
5925	酒井鉄工所	0	0	0	0	0
5926	安治川鉄工	0	0	0	0	0
5927	ホリー	135	135	120	120	6
5928	アルメタクス	270	270	270	270	3
5929	三和シャタ	388	388	371	380	99
5930	文化シヤタ	219	219	211	211	108
5931	川田工	214	215	202	204	32
5932	三協アルミ	92	96	91	93	213
5933	アルインコ	167	173	167	173	3
5934	日本ア	0	0	0	0	0
5935	元旦	0	0	0	0	0
5936	洋シヤタ	102	102	100	100	46
5937	洋エクス	900	900	820	830	30
5938	住生活Ｇ	1889	1889	1799	1800	161
5939	大谷工業	0	0	0	0	0
5940	不二サッシ	165	176	161	162	8.3
5941	中西製	0	0	0	0	0
5942	フイルコン	0	0	0	0	0
5943	ノーリツ	1110	1110	980	980	120
5944	日立粉末	642	646	635	646	13
5945	天竜製鋸	0	0	0	0	0
5946	長府製	1580	1580	1381	1390	11
5947	リンナイ	1920	1920	1860	1899	37.1
5949	ユニプレス	261	261	261	261	4
5950	パワーファス	130	130	130	130	1
5951	ダイニチ工業	280	295	279	295	5.8
5952	アマテイ	102	102	102	102	3
5954	トープラ	0	0	0	0	0
5955	ヤマシナ	165	188	161	188	124
5956	トーソー	351	351	348	348	2
5957	日東精	145	150	145	145	18
5958	三洋工	150	150	148	148	12
5959	岡部	291	291	288	288	4
5961	トーカロ	0	0	0	0	0
5962	浅香工	180	180	180	180	1
5963	日立ツール	358	375	358	375	2.5
5964	洋刃物	0	0	0	0	0
5965	フジマック	532	532	532	532	1
5966	ＫＴＣ	295	295	295	295	11
5967	前田金	0	0	0	0	0
5969	ロブテックス	0	0	0	0	0
5970	菊池プレス	315	315	315	315	2
5971	共和工業	0	0	0	0	0
5972	日本建鐵	310	310	301	301	9
5973	トーアミ	0	0	0	0	0
5974	中国工	143	143	140	140	47
5975	東プレ	327	328	324	328	22
5976	ネツレン	257	263	257	260	17
5977	コマツ電子	820	820	780	780	7.7
5979	カネソウ	450	450	450	450	2
5980	田中亜鉛	0	0	0	0	0
5981	東京綱	121	122	119	119	307
5982	マルゼン	0	0	0	0	0
5983	イワブチ	0	0	0	0	0
5984	兼房	610	610	610	610	1
5985	サンコール	396	400	386	395	78
5986	モリテック	250	260	240	240	10
5987	オーネックス	0	0	0	0	0
5988	パイオラクス	0	0	0	0	0
5989	ヒラタ	380	380	380	380	1
5990	スーパツール	117	117	117	117	4
5991	ニッパツ	493	500	488	496	293
5992	中央発條	349	349	348	348	8
5993	知多鋼	0	0	0	0	0
5994	ファインＳ	246	246	242	242	5
5995	科学冶金	445	445	445	445	1
5996	新立川	0	0	0	0	0
5997	協立エアテク	869	869	869	869	2
5998	アドバネクス	195	200	190	190	13
5999	イハラサイエ	200	200	200	200	5
6005	三浦工	1400	1405	1372	1380	23.6
6011	新潟鉄工所	106	111	106	107	2672
6013	タクマ	706	710	695	700	58
6016	神発動	120	120	120	120	2
6018	阪神燃	101	101	101	101	5
6020	神鋼造機	99	99	99	99	1
6021	ロビン	0	0	0	0	0
6022	赤阪鉄	110	110	110	110	1
6023	ダイハツデ	170	170	160	161	7
6041	ボッシュ	200	200	185	185	125
6042	ニッキ	185	185	185	185	1
6101	ツガミ	284	323	280	323	3576
6102	池貝	118	118	116	117	22
6103	オークマ	332	332	310	316	246
6104	東芝機	169	170	161	169	26
6106	日立精機	126	136	125	127	48
6107	アマダマシ	189	195	184	185	135
6108	アマダワシノ	91	93	90	93	136
6111	旭精機	0	0	0	0	0
6112	小島鉄	0	0	0	0	0
6113	アマダ	600	600	561	600	182
6114	住倉工業	280	285	240	265	117
6118	アイダ	330	330	320	330	14
6119	ゼィープラス	270	270	270	270	7
6121	滝澤鉄	75	75	75	75	1
6122	若山精密	240	240	238	238	8
6125	岡本工	127	130	127	127	7
6126	大ダイヤ	166	170	166	170	5
6130	日平トヤマ	170	171	170	170	20
6131	浜井産	114	118	102	118	35
6134	富機製	7600	7690	6700	7000	107.2
6135	牧野フ	700	715	695	703	67
6136	ＯＳＧ	395	400	390	390	14
6137	小池工	141	145	140	145	6
6138	ダイジェト	140	140	135	135	21
6139	東芝タンガロイ	256	260	252	260	47
6140	旭ダイヤ	570	577	565	570	100
6141	森精機	1518	1528	1512	1520	74
6142	富士精	270	270	270	270	12
6143	ソディック	575	590	570	570	53
6144	西部電機	219	219	219	219	4
6145	日特エンジ	454	470	454	465	20
6146	ディスコ	22700	23000	20400	20500	32
6147	ヤマザキ	799	799	799	799	2
6148	UHT	1500	1500	1480	1500	4
6149	小田原エンジ	0	0	0	0	0
6150	タケダ機械	0	0	0	0	0
6151	日東工器	2000	2000	1900	1950	18.3
6201	豊田織	2120	2120	2020	2080	357
6203	豊和工	118	120	117	118	39
6204	キリウ	200	200	200	200	6
6205	ＯＫＫ	105	105	100	102	65
6206	豊田工	605	605	600	601	88
6208	石川製	120	126	120	126	30
6210	東洋機械	651	680	651	651	8
6211	倉敷機	70	70	70	70	10
6212	帝人製機	188	188	176	176	17
6213	ＯＭ製	130	130	130	130	1
6214	大隈豊和機械	137	137	130	130	23
6216	寿工業	0	0	0	0	0
6217	津田駒	0	0	0	0	0
6218	エンシュウ	124	124	121	123	11
6221	大東製機	300	310	300	310	11
6222	島精機	2000	2100	2000	2040	7.9
6242	スピンドル	163	173	162	165	61
6245	ヒラノテク	0	0	0	0	0
6246	井上金	0	0	0	0	0
6247	日阪製	460	460	436	436	12
6271	ニッセイ	0	0	0	0	0
6272	レオン	359	369	359	359	12
6273	ＳＭＣ	20400	20600	19010	19100	54.2
6274	新川	3350	3350	3140	3180	42.8
6275	イセキ開発工	115	115	115	115	4
6276	ナビタス	940	1000	940	1000	13
6277	ホソミクロン	589	589	549	551	7
6278	ユニオンツル	17940	17990	17500	17800	88.3
6279	瑞光	1810	1810	1800	1800	7.7
6280	名機製	2350	2450	2300	2410	16
6281	前田製作	0	0	0	0	0
6282	オイレス	1700	1750	1700	1750	25
6283	オリイメック	0	0	0	0	0
6284	ＡＳＢ機械	582	590	580	580	17
6286	静甲	0	0	0	0	0
6287	サトー	2400	2400	2310	2310	61.5
6288	ハマダ印刷機	185	185	185	185	1
6289	技研製	345	350	345	346	7
6290	ＳＥＳ	1270	1270	1200	1240	55
6291	エアーテック	507	507	507	507	3
6292	カワタ	1000	1020	1000	1000	6
6293	日精樹脂	1131	1131	1070	1080	16
6294	オカアイヨン	216	219	216	219	30
6295	富士変速	225	225	225	225	0.1
6296	ロキテクノ	830	830	830	830	1
6297	鉱研工業	320	320	300	300	2.8
6298	ワイエイシイ	2080	2080	1800	1800	54
6299	神鋼環境Ｓ	300	300	300	300	1
6300	アピクヤマダ	606	610	606	610	4
6301	コマツ	488	488	452	455	1787
6302	住友機	296	298	285	294	904
6303	ササクラ	400	420	400	420	6
6304	マキ製作所	650	650	650	650	4
6305	日立建機	584	585	565	577	121
6306	日工	220	221	220	220	31
6307	サンセイ	125	125	125	125	1
6309	巴工業	650	650	650	650	1
6310	井関農	98	100	95	96	289
6311	セイレイ工業	289	309	289	309	2
6312	フロイント	703	703	703	703	1
6313	共立	125	130	125	127	37
6314	石井工研	950	970	930	970	4.4
6315	ＴＯＷＡ	3770	3810	3410	3570	58.2
6316	丸山製	163	163	159	161	47
6317	北川鉄	142	142	137	137	62
6319	シンニッタン	203	205	203	203	36
6320	新ダイワ	279	290	279	290	7
6321	石搬機	360	360	350	350	3
6322	タクミナ	0	0	0	0	0
6323	ローツェ	1550	1640	1550	1580	17
6324	ハーモニック	1900000	1960000	1890000	1890000	0.024
6325	タカキタ	187	187	187	187	10
6326	クボタ	402	402	391	391	795
6327	北川精機	0	0	0	0	0
6328	荏原実業	1400	1450	1400	1450	21
6329	ＨＥＣ	542	590	542	580	31
6330	東洋エンジ	103	103	100	100	117
6331	化工機	219	222	217	222	82
6332	月島機	605	605	595	603	42
6333	帝国電	600	600	598	598	10
6334	明治機	225	240	215	240	20
6335	東京機	410	412	406	406	62
6339	新東工	220	220	215	220	53
6340	渋谷工	890	892	890	892	5
6341	日立造船富岡	0	0	0	0	0
6342	太平製	0	0	0	0	0
6343	フリージア	97	97	90	97	81
6345	アイチコーポ	194	197	189	190	71.1
6346	菊川鉄	210	210	210	210	2
6347	プラコー	120	120	120	120	1
6348	日本マリンテクノ	0	0	0	0	0
6349	小森	1979	1979	1915	1915	103
6350	新日本造機	0	0	0	0	0
6351	鶴見製	510	510	510	510	26
6352	トヨコケン	0	0	0	0	0
6354	日立機電	0	0	0	0	0
6355	住友精	330	338	330	330	41
6356	日ギア	0	0	0	0	0
6357	三精輸	330	330	315	315	45
6358	酒井重	230	245	230	230	24
6359	粟村製作所	147	147	147	147	2
6360	東自機	400	435	400	435	8
6361	荏原	1200	1200	1170	1170	552
6362	石井鉄	187	187	180	180	4
6363	酉島	420	425	420	425	4
6365	電業社	4600	4760	4600	4700	2.3
6366	千代建	151	152	145	145	360
6367	ダイキン	1346	1348	1304	1311	1024
6368	オルガノ	319	319	311	311	63
6369	トヨカネツ	108	111	106	106	173
6370	栗田工	1622	1640	1572	1572	253
6371	椿本チ	395	395	375	375	185
6372	セイサ	0	0	0	0	0
6373	大同工	160	165	156	160	13
6374	ＴＣＭ	146	147	140	147	38
6375	コンベヤ	99	109	98	99	102
6376	日機装	535	544	525	525	102
6377	甲陽建設	500	514	469	470	275
6378	木村化	170	170	170	170	1
6379	新興プラン	115	115	111	111	36
6380	オリチェン	108	108	105	105	8
6381	アネスト岩田	145	145	140	140	13
6382	トリニ工	0	0	0	0	0
6383	ダイフク	634	645	624	636	513
6386	扶桑レクセ	1010	1010	920	920	125
6388	ミサワバン	138	140	134	134	19
6389	内田油圧	77	90	77	80	8
6390	加藤製	150	150	148	148	53
6391	加地テック	183	183	182	183	3
6392	ヤマダコーポ	0	0	0	0	0
6393	油研工	110	112	110	110	45
6394	大江工業	136	141	136	141	4
6395	タダノ	224	225	216	216	64
6396	宇野鉄	0	0	0	0	0
6397	郷鉄工	170	170	170	170	4
6398	日本電産シンポ	1200	1206	1180	1180	10
6403	水道機	0	0	0	0	0
6406	フジテック	1040	1040	995	1035	153
6407	シーケーディ	405	415	400	400	58
6408	クラッチ	1010	1010	1010	1010	1
6409	キトー	389	389	389	389	1
6411	中野冷	0	0	0	0	0
6412	平和	1850	1898	1800	1800	181.4
6413	理想科学	3010	3040	2800	2810	38.3
6414	川重冷熱	395	395	395	395	1
6415	ニスカ	0	0	0	0	0
6416	桂川電機	315	315	300	300	6
6417	ＳＡＮＫＹＯ	7390	7400	6690	6690	156.2
6418	日金銭	1900	1920	1900	1901	36
6419	マース	2760	2770	2600	2600	17.8
6420	福島工業	710	710	710	710	0.5
6421	キヤノンＦ	717	730	700	700	21
6422	キヤノン化成	799	799	776	790	40
6423	アビリット	4620	4660	4200	4250	50.9
6424	高見サイ	630	635	630	635	4
6425	アルゼ	7000	7050	6800	6800	40.2
6426	サミー	3900	4050	3820	3850	37.2
6431	キャノンＮＴＣ	270	270	270	270	1
6436	アマノ	600	600	580	589	282
6437	三条機	155	155	155	155	1
6439	中日鋳	130	130	130	130	14
6440	ＪＵＫＩ	161	162	160	160	39
6442	コピア	249	249	234	234	6
6443	東洋製	135	135	130	131	10
6444	サンデン	570	572	553	555	151
6445	蛇の目	95	96	91	93	114
6448	ブラザー	249	249	238	238	125
6453	シルバ精	260	262	250	262	560
6454	マックス	910	916	910	910	17
6455	モリタ	310	310	304	305	32
6457	グローリー	2000	2000	1950	1950	14
6458	新晃工	149	149	139	139	12
6459	大和冷	296	296	294	295	59
6461	日ピス	126	128	121	121	225
6462	リケン	220	220	215	218	42
6463	ＴＰＲ	251	251	250	250	2
6468	駿河精機	1050	1090	1050	1090	7
6469	放電精密	710	710	680	690	11
6470	大豊工業	0	0	0	0	0
6471	日精工	700	704	670	675	1639
6472	ＮＴＮ	290	290	273	273	1026
6473	光洋精	907	907	878	890	277
6474	不二越	135	135	127	127	251
6475	天辻	1020	1020	1020	1020	1
6476	富士テクニカ	0	0	0	0	0
6477	ツバキ・ナカ	1300	1329	1300	1321	21
6478	ダイベア	205	228	205	228	12
6479	ミネベア	1668	1669	1601	1601	1240
6480	トムソン	822	851	822	840	171
6481	ＴＨＫ	4410	4450	4200	4300	416
6482	ユーシン精機	10300	10700	9800	9800	42.3
6483	川重防災	0	0	0	0	0
6484	ＫＶＫ	219	219	210	210	7
6485	前沢給装	680	700	670	680	13
6486	イーグル工	310	317	310	317	5
6487	積水工機	0	0	0	0	0
6488	ヨシタケ	0	0	0	0	0
6489	前沢工業	1173	1175	1130	1174	28.9
6490	ピラー	713	720	713	720	10
6491	東亜バル	125	130	125	127	7
6492	岡野バ	155	155	155	155	2
6493	日鍛バ	173	175	165	165	34
6494	ファネス	311	312	311	312	6
6495	宮入バ	100	100	100	100	6
6496	中北製	0	0	0	0	0
6497	ハマイ	0	0	0	0	0
6498	キッツ	155	155	150	152	209
6499	大隈エンジニア	188	188	188	188	1
6501	日立	1580	1590	1485	1496	8441
6502	東芝	822	825	800	807	11183
6503	三菱電	680	680	650	666	3990
6504	富士電機ＨＤ	501	503	495	498	1390
6505	東洋電	144	144	140	141	22
6506	安川電	815	825	792	801	1279
6507	神鋼電	160	160	153	155	91
6508	明電舎	142	145	132	132	314
6513	オリジン	1081	1091	1020	1020	64
6516	山洋電	310	319	310	318	102
6517	デンヨー	660	662	650	650	27
6518	三相電機	690	690	690	690	1
6581	日立工	313	319	296	300	128
6583	松下冷機	510	510	490	490	85
6584	三桜工	549	550	500	515	85
6585	サーボ	330	330	315	320	13
6586	マキタ	970	970	955	955	61
6587	松下精工	407	407	395	395	81
6588	東芝テック	315	320	310	314	169
6590	芝浦	1136	1190	1131	1160	45
6591	西芝電	158	160	155	158	14
6592	マブチ	16700	16700	15230	15500	32.1
6593	ローヤル電	0	0	0	0	0
6594	日電産	25500	25500	25300	25310	39.3
6621	高岳	166	170	161	163	63
6622	ダイヘン	185	185	178	180	56
6623	愛電機	0	0	0	0	0
6624	田淵電	0	0	0	0	0
6641	日新電	171	181	169	173	83
6643	戸上電	161	161	160	161	6
6644	大崎電	430	435	430	435	10
6645	オムロン	2550	2595	2505	2560	559
6646	エナジーサポ	330	330	310	329	13
6647	森尾電	0	0	0	0	0
6648	かわでん	76	76	73	75	10
6650	春日電	139	139	125	125	13
6651	日東工	520	530	510	525	16
6652	和泉電	1260	1302	1260	1300	126
6654	不二電機	975	975	975	975	1
6655	東洋電機	0	0	0	0	0
6701	ＮＥＣ	2380	2390	2265	2300	5641
6702	富士通	4230	4260	3860	3860	12636
6703	沖電気	586	586	550	552	1220
6704	岩崎通	255	259	241	242	172
6705	ＮＥＣインフ	440	440	426	426	61
6706	電気興	761	795	761	775	66
6707	サンケン	608	608	595	595	121
6708	東洋通	1710	1729	1585	1585	342
6709	明星電	148	148	143	143	10
6710	大興電機製作	175	176	165	165	12
6711	高見澤電機	180	180	180	180	6
6712	田村電機製作	305	305	300	300	82
6714	神田通信工業	260	260	260	260	15
6715	ナカヨ通	290	296	286	290	14
6716	中央無	290	290	290	290	1
6717	富士通アクセ	3500	3550	3300	3350	54.9
6718	アイホン	1260	1300	1230	1230	8.8
6741	信号	529	529	510	511	66
6742	京三	238	240	230	231	45
6743	大同信	193	200	193	193	3
6744	能美防災	414	415	414	414	14
6745	ホーチキ	312	312	300	300	11
6747	小糸工	374	374	370	370	19
6748	星和電	443	443	443	443	5
6749	マスプロ	1449	1450	1260	1300	22.3
6751	日無線	1059	1060	991	996	512
6752	松下	2775	2800	2640	2640	3906
6753	シャープ	2430	2430	2325	2325	3108
6754	アンリツ	710	710	690	690	165
6755	富士通ゼ	609	610	601	602	68
6756	日立国際	1400	1405	1370	1393	103
6758	ソニー	27100	27250	25700	25700	4959.9
6759	ＮＥＣトーキ	585	590	570	570	98
6761	アイワ	2040	2045	1985	1990	182.3
6762	ＴＤＫ	13650	13800	12420	12870	247
6763	帝通工	287	300	286	287	52
6764	三洋電	437	441	431	435	3737
6765	ケンウッド	367	379	367	367	218
6766	宮越商	77	86	77	82	32
6767	ミツミ	3250	3250	3130	3200	396
6768	タムラ	350	362	350	356	104
6770	アルプス	1600	1600	1570	1577	683
6771	池上通	270	270	257	258	55
6772	コスモス	166	166	160	160	2
6773	パイオニア	3000	3000	2710	2720	998
6775	東和メクス	141	152	140	141	26
6776	天昇電	210	210	210	210	2
6779	日電波	2920	2920	2660	2710	85.1
6780	日立電子	480	480	455	466	13
6781	松下通信工業	23350	23350	23350	23350	215
6782	九州松下電器	1386	1420	1320	1350	331
6783	松下寿電子	2085	2125	2005	2040	89
6791	コロムビア	170	170	162	162	71
6792	ビクター	670	680	653	653	156
6793	山水電	30	31	30	30	457
6794	フォスター	810	830	790	800	46
6796	クラリオン	700	711	671	679	839
6798	ＳＭＫ	759	759	721	722	204
6799	日本マランツ	218	218	218	218	1
6800	ヨコオ	2400	2440	2250	2300	50
6801	東光	481	483	473	473	212
6802	赤井電機	50	51	48	49	1402
6803	ティアック	345	348	340	340	67
6804	ホシデン	5410	5680	5250	5340	188
6805	八木アン	610	611	610	611	7
6806	ヒロセ電	19450	19840	18800	18800	72.7
6807	航空電子	383	388	375	375	52
6808	シントム	55	55	53	55	442
6809	ＴＯＡ	326	332	326	328	26
6810	マクセル	2965	2975	2870	2910	123
6811	クオンツ	250	250	240	240	17
6812	ジャルコ	380	385	369	369	10
6813	ナカミチ	102	102	95	95	71
6814	古野電	397	397	393	393	4
6815	ユニデン	885	890	872	877	152
6816	アルパイン	1620	1630	1590	1605	114
6817	スミダコーポ	3900	3950	3850	3950	10.3
6818	島田理	1030	1050	1030	1031	4.6
6819	オメガ・プロ	2680	2700	2370	2450	118
6820	アイコム	1420	1420	1360	1360	36
6821	バーテクスＳ	1300	1300	1300	1300	2
6822	大井電気	400	400	395	395	4
6823	リオン	0	0	0	0	0
6824	新コスモス	440	440	440	440	1
6826	本多通信	7000	7100	6700	6900	27
6837	京写	1400	1650	1350	1640	148
6838	多摩川電	2850	2850	2830	2830	4
6839	船井電	58800	59500	55100	56000	15.4
6840	アドテック	1110	1110	1080	1080	7
6841	横河電	691	719	691	702	704
6842	ユニパルス	700	700	690	690	17
6843	東光精機	235	235	235	235	2
6844	新電元	475	480	471	471	71
6845	山武	750	750	732	733	167
6846	中央製	114	114	114	114	1
6847	安藤電気	1850	1850	1790	1790	26
6848	東亜ＤＫＫ	226	226	226	226	3
6849	日本光電	304	311	300	310	44
6850	チノー	209	209	199	199	27
6851	大倉電気	220	220	212	212	15
6852	テクノセブン	130	130	125	125	7
6853	共和電	277	277	257	257	5
6855	電子材料	3000	3080	2970	3000	43
6856	堀場製	936	936	925	930	34
6857	アドバンテスト	22800	23000	21400	21400	237
6858	小野測器	235	236	235	235	4
6859	エスペック	656	676	655	655	17
6860	サンクス	876	886	860	860	5
6861	キーエンス	35300	36100	33600	34300	91.6
6862	ミナトエレ	0	0	0	0	0
6863	ニレコ	0	0	0	0	0
6864	ＮＦ回路	0	0	0	0	0
6866	ＨＩＯＫＩ	0	0	0	0	0
6867	リーダー電子	0	0	0	0	0
6868	東カソード	1100	1100	1060	1080	0.7
6869	シスメックス	2000	2020	1990	1999	16.9
6870	フェンオール	0	0	0	0	0
6871	日本マイクロ	1920	2070	1880	1890	16.1
6872	日本コーリン	16000	17700	16000	17300	156
6873	日立電子Ｅ	750	780	731	731	18
6874	協立電機	5800	5900	5500	5600	6.1
6875	メガチップス	6700	6700	5900	6010	28
6876	光波	6250	6500	6250	6340	34
6877	ＯＢＡＲＡ	0	0	0	0	0
6878	長野日無	0	0	0	0	0
6879	フォトロン	0	0	0	0	0
6880	シンワ	1600	1640	1550	1550	2.2
6881	キョウデン	2505	2640	2505	2520	18
6882	三社電機	435	475	431	436	19
6883	電産コ電	1800	1800	1750	1750	3
6884	デジタル	2970	3000	2900	2900	12
6885	ミヤチテクノ	0	0	0	0	0
6886	グラフィック	601	601	600	600	2
6887	日本ＬＳＩカード	520000	540000	520000	540000	0.004
6888	アクモス	1190000	1190000	1110000	1120000	0.03
6889	オーデリック	590	605	590	605	3
6890	フェローテク	1190	1200	1100	1100	44
6891	イーター電機	495	533	484	485	43
6892	シチズン電子	18000	18500	16500	16500	10
6893	タイテック	890	890	800	850	42
6894	パルステック	1720	1730	1710	1720	11
6895	ダイヤ電機	520	520	520	520	1
6896	北川工業	1340	1349	1280	1320	17.7
6898	トミタ電機	0	0	0	0	0
6899	ＡＳＴＩ	0	0	0	0	0
6900	東京電波	4000	4000	3800	3800	22
6901	沢藤電	319	319	300	300	14
6902	デンソー	2385	2385	2235	2240	1004
6904	原田工業	500	500	450	450	4
6905	コーセル	2900	2900	2700	2800	18.4
6906	キヤ･コンポ	371	371	371	371	1
6907	ジオマテック	1570	1590	1520	1520	10.1
6908	イリソ電子	404	404	404	404	2
6909	北部通信工業	410	410	400	400	7
6910	日立メディコ	1099	1180	1099	1180	23
6911	新日無	810	810	790	790	22
6912	菊水電子	380	380	380	380	1
6913	メルコ	2760	2760	2600	2600	22.1
6914	オプテックス	1010	1010	1000	1000	2
6915	千代田インテ	1210	1250	1200	1200	7
6916	アイオデータ	2960	2980	2750	2800	30.4
6917	デンセラムダ	3220	3360	3150	3150	15.6
6918	アバール	800	800	800	800	8
6919	ケル	700	700	680	690	5
6920	レーザーテク	2970	2970	2970	2970	1
6921	東光電	281	282	281	282	4
6922	昭和情報	460	460	460	460	3
6923	スタンレー	515	531	505	515	427
6924	岩崎電	199	200	195	200	31
6925	ウシオ電	1870	1870	1805	1810	339
6926	岡谷電	255	255	250	250	12
6928	エノモト	615	615	610	610	3
6929	日セラ	1150	1150	1100	1100	16
6930	日本アンテナ	1350	1350	1300	1300	7
6931	日本電池	397	400	370	379	589
6932	ユアサコーポ	266	266	256	256	4
6933	ＹＵＡＳＡ	191	195	185	185	388
6934	新神戸	352	352	351	352	12
6935	日デジタル	1960	1970	1900	1900	24.4
6936	東洋高砂乾	0	0	0	0	0
6937	古河池	194	194	190	190	3
6938	双信電機	552	552	530	532	12
6939	ＵＭＣＪ	1450000	1590000	1330000	1420000	0.388
6940	多摩電気	0	0	0	0	0
6941	山一電機	3000	3000	2940	3000	40
6942	ソフィア	300	300	300	300	1
6943	開閉器	0	0	0	0	0
6944	アイレックス	0	0	0	0	0
6945	ＦＴＥＣ	691	695	650	650	23
6946	日本アビオ	305	305	305	305	2
6947	図研	3760	3780	3590	3600	102.4
6948	住友電装	890	890	890	890	1
6949	キンセキ	1200	1248	1130	1140	856
6950	ＹＥデータ	610	610	585	585	16
6951	日電子	580	585	570	580	38
6952	カシオ	827	834	800	805	663
6953	日ＮＣＲ	505	540	505	540	26
6954	ファナック	11040	11430	10500	10500	901.6
6955	ＦＤＫ	520	528	501	512	37
6956	神明電	1590	1610	1590	1590	7
6957	芝浦電子	300	310	300	310	3.1
6958	日本ＣＭＫ	1177	1177	1140	1140	45
6959	アマダメ	480	490	472	472	20
6960	フクダ電	1920	1980	1920	1940	6
6961	エンプラス	3840	3840	3750	3770	16.2
6962	大真空	467	477	445	455	81
6963	ローム	33550	33550	33550	33550	67.9
6964	サンコー	2150	2230	2150	2160	36
6965	ホトニクス	8900	9300	7600	7600	1324.4
6966	三井ハイテク	2090	2090	2010	2060	75.2
6967	新光電工	4700	4700	4500	4510	33.5
6968	グラフテック	187	187	170	171	25
6969	松尾電	335	335	335	335	2
6970	日本コンラックス	530	540	520	520	70
6971	京セラ	21700	22000	20500	20500	1203.1
6972	エルナー	200	200	190	190	8
6973	協栄産	318	318	312	313	10
6974	日本インター	293	293	271	281	3
6975	ＮＥＯＭＡＸ	1100	1100	1070	1090	44
6976	太陽電	5370	5450	5050	5080	535
6977	抵抗器	200	200	200	200	4
6979	松尾電機	3840	3840	3580	3580	2
6980	日立ＡＩＣ	770	800	750	750	63
6981	村田製	19500	20110	18100	18100	1594
6982	リード	0	0	0	0	0
6984	朝日ナショナ	0	0	0	0	0
6985	ユーシン	355	375	350	365	107
6986	双葉電	4100	4210	4070	4210	111.2
6988	日東電	4600	4650	4000	4290	432
6989	北電工	161	161	155	156	41
6991	松電工	1010	1010	970	970	661
6992	国産電	0	0	0	0	0
6993	森電機	123	123	109	110	295
6994	指月電	274	275	273	275	62
6995	東海理	959	959	910	920	50
6996	ニチコン	2750	2785	2550	2555	298
6997	日ケミコン	390	390	367	370	134
6998	タングス	300	300	300	300	2
6999	ＫＯＡ	2700	2700	2500	2535	83
7003	三井造	71	72	70	70	836
7004	日立造	76	77	75	76	1682
7007	佐世保	77	77	74	74	199
7011	三菱重	339	339	325	330	2613
7012	川重	138	143	136	139	1389
7013	石川島	118	121	116	120	994
7014	名村造	152	152	150	151	15
7018	内海造	97	98	95	95	3
7020	サノヤス	209	239	209	239	17
7021	ニッチツ	145	150	145	150	6
7052	信貴造船所	0	0	0	0	0
7102	日車両	229	237	223	227	218
7104	富士車輌	105	105	103	105	7
7105	ニチユ	181	185	180	185	58
7122	近畿車	146	150	146	148	39
7123	東急車輌製造	90	90	85	85	52
7124	輸送機工業	340	340	340	340	3
7142	ナブコ	159	160	151	160	15
7201	日産自	430	458	430	453	8390
7202	いすゞ	224	226	216	222	494
7203	トヨタ	4810	4850	4390	4390	5653
7204	小松ゼノア	290	290	265	265	45
7205	日野自	340	345	327	340	516
7207	日野車体	93	93	93	93	3
7210	日産ディ	110	111	109	110	487
7211	三菱自	347	348	328	344	1484
7212	エフテック	495	495	495	495	2
7219	ＨＫＳ	680	715	670	715	35
7220	武蔵精密	1200	1220	1200	1220	3
7221	トヨ車	824	824	809	809	9
7222	産車体	136	137	134	134	60
7223	関東自	708	708	702	704	28
7224	新明和	182	184	178	179	161
7225	小松フォーク	155	155	150	152	56
7226	極東開発	499	499	475	475	27.3
7227	アスカ	0	0	0	0	0
7228	デイトナ	0	0	0	0	0
7229	ユタカ技研	610	610	610	610	1
7230	日信工業	1300	1300	1290	1290	5
7231	トピー	143	143	135	135	307
7232	トキコ	137	140	134	134	75
7233	自部品	0	0	0	0	0
7234	橋本フォーミング	80	80	72	72	6
7235	東ラヂ	114	114	110	110	14
7236	ティラド	239	239	231	235	28
7237	ボッシュブレーキ	230	230	210	210	16
7238	ブレーキ	191	192	180	187	42
7239	タチエス	0	0	0	0	0
7240	ＮＯＫ	378	380	370	370	83
7241	フタバ	1140	1140	1112	1120	27
7242	カヤバ	188	190	184	185	68
7243	シロキ	192	192	186	187	31
7244	市光工	192	195	188	188	96
7245	大同メ	315	315	310	310	10
7246	プレス工	83	83	77	77	54
7247	ミクニ	185	185	180	180	2
7248	カルソニック	232	232	227	229	42
7249	尾張精	200	200	200	200	1
7250	太平洋工	281	291	281	285	13
7251	ケーヒン	1058	1065	1058	1059	87
7252	富士機	201	201	201	201	1
7253	日本ガスケット	0	0	0	0	0
7254	フジユニ	175	175	175	175	2
7255	桜井製	895	895	890	890	2
7256	河西工	210	211	201	201	48
7257	自転車電機工	215	215	210	210	26
7258	栃木富士産業	193	194	189	190	227
7259	アイシン	1366	1422	1366	1375	245
7260	富士機工	182	183	182	182	9
7261	マツダ	425	437	420	425	717
7262	ダイハツ	510	512	480	481	325
7263	愛知機	151	151	141	141	79
7264	ＭＵＲＯ	0	0	0	0	0
7265	エイケン工業	755	755	755	755	1
7266	今仙電機	0	0	0	0	0
7267	ホンダ	3730	3730	3620	3620	1338
7268	タツミ	200	200	200	200	2
7269	スズキ	1512	1570	1481	1555	647
7270	富士重	716	744	714	732	696
7271	安永	401	401	401	401	9
7272	ヤマハ発	708	730	708	710	361
7273	イクヨ	176	176	176	176	1
7274	ショーワ	349	355	348	350	74
7275	ユニシア	110	110	105	105	52
7276	小糸製	560	570	553	553	75
7277	ＴＢＫ	90	93	90	90	14
7278	エクセディ	775	825	765	825	6.4
7279	ケーブル	1320	1320	1300	1300	3
7280	ミツバ	597	597	549	549	11
7281	カンセイ	220	224	215	217	16
7282	豊田合	5110	5180	4820	4920	161
7283	愛三工	450	450	450	450	3
7284	盟和産	257	257	245	245	4
7285	池田物産	100	102	96	102	8
7286	イズミ工業	194	194	194	194	2
7287	日精機	1050	1050	1010	1010	11
7288	テクノエイト	230	230	229	229	5
7289	マーレ テネックス	0	0	0	0	0
7290	日発精密工業	0	0	0	0	0
7291	日本プラスト	0	0	0	0	0
7292	村上開明	660	700	660	690	15
7293	大井製作所	232	232	230	230	13
7294	ヨロズ	313	313	290	305	16.3
7295	アイエス製機	0	0	0	0	0
7296	ＦＣＣ	0	0	0	0	0
7297	カーメイト	850	870	850	850	3.8
7298	八千代工	560	560	550	550	2
7299	フジオーゼ	172	172	172	172	2
7301	宮田	158	160	155	155	9
7305	新家工	110	110	106	107	18
7306	丸石自転車	406	425	402	421	98
7308	ツノダ	0	0	0	0	0
7309	シマノ	1930	1930	1800	1800	86.5
7399	ナンシン	0	0	0	0	0
7404	昭和飛	345	345	330	340	9
7407	日本飛行機	205	208	205	205	28
7408	ジャムコ	481	481	476	476	11
7410	横浜鋼業	133	133	133	133	1
7412	アトム	1620	1620	1620	1620	1
7413	創健社	260	260	260	260	1
7414	小野建	0	0	0	0	0
7415	新星堂	340	340	330	335	3
7416	はるやま	700	700	700	700	6
7418	ヤマキ	0	0	0	0	0
7419	ノジマ	1700	1710	1660	1660	12.9
7420	佐鳥電機	852	862	852	852	10
7421	カッパクリエ	1830	1860	1750	1750	10
7422	東邦レマック	0	0	0	0	0
7423	フォンテーヌ	1085	1085	1060	1070	4.5
7424	ニコニコ堂	0	0	0	0	0
7425	初穂商事	300	300	300	300	2
7426	山大	149	149	149	149	1
7427	エコーＴＤ	1462	1500	1462	1470	18
7428	江戸沢	854	869	854	869	1.5
7429	セイジョー	2200	2200	2150	2200	20.8
7430	サンワドー	597	597	597	597	1.7
7431	ニューフ	0	0	0	0	0
7432	ダルトン	0	0	0	0	0
7433	伯東	2700	2745	2690	2700	60.2
7434	オータケ	0	0	0	0	0
7435	ナ・デックス	500	501	500	500	12
7437	シーアンドエス	4400	4400	4170	4210	38.6
7438	コンドー	571	572	571	572	2
7439	サンミック千代田	0	0	0	0	0
7440	クラフト	1090	1110	1090	1110	13
7442	中山福	0	0	0	0	0
7443	横浜魚類	0	0	0	0	0
7444	ハリマ共和	0	0	0	0	0
7445	ライトオン	9200	9500	9000	9000	19.1
7446	東北化学	450	450	450	450	2
7447	ナガイレーベ	3450	3500	3300	3350	0.7
7448	ジンズメイト	2670	2670	2460	2495	25
7449	太洋興業	200	200	200	200	1
7450	サンデー	0	0	0	0	0
7451	菱食	4880	4920	4790	4870	22.9
7452	マツヤ	0	0	0	0	0
7453	良品計画	19020	19200	17200	17490	146.6
7454	ホットスパー	0	0	0	0	0
7455	三城	8000	8000	7020	7050	40.1
7456	松田産業	2560	2560	2400	2400	5.5
7457	セキテクノ	0	0	0	0	0
7458	第一興商	2710	2760	2600	2600	6.5
7459	メディセオＨＤ	780	780	757	770	10.8
7460	ヤギ	0	0	0	0	0
7461	キムラ	0	0	0	0	0
7462	ダイヤ通商	0	0	0	0	0
7463	アドヴァン	3590	3590	3300	3300	17.4
7464	セフテック	0	0	0	0	0
7465	ＭＶ北海道	0	0	0	0	0
7466	ＳＰＫ	1300	1300	1200	1290	1
7467	萩原電気	950	950	950	950	1
7468	アムスク	1140	1140	1120	1120	5
7470	サロモンメイド	0	0	0	0	0
7471	ふじ	562	562	562	562	2
7472	鳥羽洋行	0	0	0	0	0
7473	静岡スバル	0	0	0	0	0
7475	アルビス	450	450	410	415	33
7476	アズワン	2170	2190	2140	2150	11.5
7477	ムラキ	0	0	0	0	0
7478	ブルーグラス	660	660	635	635	8
7479	サンマルク	2750	2750	2680	2700	6.6
7480	スズデン	0	0	0	0	0
7481	尾家産	0	0	0	0	0
7482	シモジマ	1170	1180	1170	1180	3
7483	ドウシシャ	2400	2400	2400	2400	6
7485	岡谷鋼機	1000	1000	1000	1000	26
7486	サンリン	0	0	0	0	0
7487	小津産業	925	925	900	900	1.9
7488	ヤガミ	0	0	0	0	0
7490	日新商	432	432	432	432	1
7491	ＯＡシステム	1380	1380	1380	1380	3
7492	タイカン	410	460	410	460	14
7494	コナカ	720	760	700	705	31.8
7495	レオ	0	0	0	0	0
7496	八千代ムセン	1755	1755	1710	1720	11
7497	マインマート	690	690	651	651	5.9
7498	ジャパン	1900	1900	1800	1810	14
7500	西川計測	0	0	0	0	0
7501	ティムコ	1230	1240	1210	1210	16.4
7502	プラザクリエ	10300	10500	9550	9900	39.9
7503	ＩＭＩ	0	0	0	0	0
7504	高速	930	955	930	955	14
7505	扶桑電通	1200	1200	1200	1200	6
7506	ハウスローゼ	1000	1000	1000	1000	2.3
7507	浜 勝	935	935	935	935	1
7508	オートセブ	933	933	933	933	2
7509	アイエー	971	980	971	980	6
7510	竹菱電機	1180	1180	1180	1180	2
7511	ジプロ	0	0	0	0	0
7512	ポスフール	1180	1239	1180	1190	5.9
7513	コジマ	3700	3720	3470	3510	89.2
7514	ヒマラヤ	1100	1100	1050	1050	5.5
7515	マルヨシ	0	0	0	0	0
7516	コーナン	1700	1760	1700	1760	18.8
7517	黒田電気	4050	4050	3800	3880	25.3
7518	ネットワン	2500000	2600000	2450000	2510000	0.963
7519	五洋インテ	0	0	0	0	0
7520	エコス	1550	1550	1350	1350	7.5
7521	ムサシ	1540	1540	1510	1510	2
7522	ワタミ	7410	7410	7010	7010	14
7523	アールビバン	6000	6100	5850	5850	22.7
7524	マルシェ	1420	1450	1400	1420	7
7527	システムソフ	0	0	0	0	0
7528	安藤薬業公司	0	0	0	0	0
7529	はるやま	0	0	0	0	0
7530	ナブコドア	645	645	645	645	1
7531	清和鋼業	0	0	0	0	0
7532	ドンキホーテ	14350	14460	12750	12750	115.9
7535	グッドマン	3700	4000	3700	3750	7.2
7536	船橋薬品	720	730	720	721	0.7
7537	丸文	1130	1171	1130	1171	6
7538	大水	480	480	480	480	1
7539	アベルコ	0	0	0	0	0
7540	エルエスフェンス	230	230	230	230	2
7541	メガネトップ	3030	3030	2750	2800	26.5
7542	ビスケーＨＤ	0	0	0	0	0
7543	ミスタージョン	0	0	0	0	0
7544	スリーエフ	0	0	0	0	0
7545	西松屋チェ	2670	2670	2550	2550	7
7547	オートハローズ	0	0	0	0	0
7548	サンクスＪＰ	1700	1750	1700	1750	8
7549	エス・エス・ブイ	0	0	0	0	0
7550	ゼンショー	2760	2760	2700	2700	6
7551	ウェッズ	620	620	620	620	0.1
7552	ハピネット	4000	4190	3900	4050	11.5
7553	サザビー	4890	5000	4880	5000	13
7554	幸楽苑	1200	1200	1200	1200	1
7555	大田花き	550	550	550	550	4
7556	住商エレク	2560	2560	2550	2550	3
7557	サンクス	4300	4300	3980	3980	64.2
7558	トーメンエレ	4290	4290	4290	4290	1
7559	ジーエフシー	751	751	750	750	2
7560	ユニマット	1980	2000	1970	1970	3.6
7561	ハークスレイ	3000	3000	2900	2900	20
7562	安楽亭	1260	1260	1190	1190	15
7563	ニッパン	223	223	215	216	3
7564	ワークマン	1600	1630	1600	1630	2
7565	万世電機	547	547	520	520	3
7566	ジャパンケア	2350	2400	2300	2350	8
7567	栄電子	410	410	410	410	1
7569	モンテカルロ	280	280	240	250	16
7570	橋本総業	0	0	0	0	0
7571	ヤマノＨＣ	810	810	800	800	8
7573	ツルハ	10000	10100	9800	9800	13
7574	共信テクノ	2220	2250	2160	2160	17
7575	日本ライフＬ	1670	1700	1640	1670	12.6
7576	ベターライフ	0	0	0	0	0
7577	パスポート	0	0	0	0	0
7578	ニチリョク	605	610	600	610	12
7579	オリジン東	2200	2200	2100	2100	14
7580	フーズネット	0	0	0	0	0
7581	サイゼリヤ	7500	7750	7150	7210	44
7582	富デバイス	3810	3850	3650	3650	22
7583	通商	0	0	0	0	0
7584	丸紅インフォ	0	0	0	0	0
7585	かんなん	1220	1220	1220	1220	1
7586	寺島薬局	2700	2700	2700	2700	2
7587	ＰＡＬＴＥＫ	3820	3820	3810	3810	3
7588	シートゥーネット	22000	22000	20000	20700	5.5
7589	デジキューブ	2650000	2650000	2460000	2500000	0.02
7590	タカショー	0	0	0	0	0
7591	エクセル	2100	2140	1990	2050	11
7592	アイ・ユー・ケイ	0	0	0	0	0
7593	ＶＴＨＤ	0	0	0	0	0
7594	マルカキカイ	400	400	395	400	8
7595	アルゴグラフ	5300	5300	4850	4850	2.3
7596	魚力	0	0	0	0	0
7597	東京貴宝	0	0	0	0	0
7598	ナイスクラ	540	560	540	550	3
7599	ガリバー	9200	9200	8800	9000	14
7600	日本ＭＤＭ	5040	5190	5000	5190	11
7601	ポプラ	2400	2550	2400	2500	54
7602	ジャック	23490	23490	22390	22390	7.8
7603	マックハウス	950	950	930	930	3
7604	梅の花	2600000	2600000	2500000	2500000	0.004
7605	フジコーポ	530	590	530	585	25
7606	Ｕアローズ	9000	9000	8800	8900	5
7607	進和	1250	1250	1250	1250	3
7608	ＳＫジャパン	790	790	751	751	3
7609	ダイトエレク	2370	2370	2300	2300	7
7610	テイツー	2100000	2130000	2000000	2130000	0.017
7611	ハイデ日高	1050	1050	1050	1050	2
7612	コモンウェル	0	0	0	0	0
7613	シークス	1830	1830	1830	1830	1
7614	オーエムツー	8000	8300	8000	8000	2.9
7615	京都友禅	650000	651000	610000	610000	0.111
7616	コロワイド	2100	2100	2090	2100	13
7617	オオゼキ	7000	7000	6500	6500	3
7618	ＰＣＤＥＰＯ	11100000	11500000	9700000	9750000	0.035
7619	田中商事	400	430	395	425	9
7620	ヤマト硝子	620	620	620	620	1
7621	うかい	1100	1100	1070	1070	19
7622	焼肉サカイ	3300	3300	3000	3000	2
7623	サンオータス	615	650	615	650	3
7624	内藤	1050	1050	1050	1050	4
7625	ダイニング	7100	7200	7020	7200	11
7626	ドッドウエル	6180	6300	5650	5850	73
7627	なか卯	1400	1500	1380	1400	21
7701	島津	430	440	392	400	2484
7702	ＪＭＳ	400	406	400	406	26
7703	川澄化	1210	1231	1190	1231	43
7704	アロカ	1480	1480	1400	1430	12
7705	ジーエル	1610	1650	1610	1650	3
7706	セントラユニ	693	695	687	687	6
7711	助川電気	190	190	190	190	4
7713	シグマ光機	0	0	0	0	0
7714	モリテックス	5160	5160	4910	4910	29
7715	長野計器	2200	2200	2100	2200	7
7718	スター精	1180	1290	1180	1275	19
7719	東衡機	0	0	0	0	0
7720	ソキア	149	149	149	149	8
7721	トキメック	138	138	130	130	25
7723	愛時計	282	282	270	271	13
7724	金門	143	143	142	143	23
7726	黒田精	274	274	269	269	5
7727	オーバル	139	139	139	139	1
7728	電産トーソク	1390	1405	1380	1390	49
7729	東京精	14940	15100	13270	13970	171.1
7731	ニコン	2815	2855	2700	2715	607
7732	トプコン	341	345	340	340	44
7733	オリンパス	1550	1550	1459	1470	264
7734	理計器	370	370	370	370	6
7735	スクリン	596	603	571	571	282
7736	ユニオンＨＤ	120	120	112	118	22
7737	キャビン工業	0	0	0	0	0
7738	チノン	325	325	325	325	4
7739	キヤノン電	1011	1050	1000	1050	20
7740	タムロン	701	701	680	680	11
7741	ＨＯＹＡ	7320	7320	7160	7190	159
7742	ノリタ光	410	420	410	415	17
7743	シード	590	590	580	580	3
7744	ノーリツ鋼機	3750	3940	3600	3600	27.1
7750	ペンタックス	231	231	225	228	110
7751	キヤノン	3880	3910	3550	3550	1641
7752	リコー	2050	2050	1950	1951	1322
7753	ミノルタ	380	382	365	367	531
7756	電産コパル	2570	2570	2410	2475	38
7757	三協精	959	959	931	938	210
7758	セコニック	386	386	383	383	9
7762	シチズン	720	727	704	704	1546
7764	オリエント時計	150	150	135	135	4
7765	リコーエレメ	820	821	820	821	8
7768	ジェコー	380	380	380	380	3
7769	リズム	259	260	251	260	206
7770	ミヨタ	2850	2860	2850	2850	5
7771	日本精密	0	0	0	0	0
7858	小野産業	1350	1350	1250	1250	3
7859	アルメディオ	1440	1480	1430	1440	13
7860	エイベックス	26300	26500	25300	25800	93.4
7861	東京リスマ	0	0	0	0	0
7862	トッパンフォ	2720	2740	2610	2650	153.1
7864	フジシール	6510	6600	6500	6590	10.8
7865	ピープル	1410	1430	1410	1430	3
7866	アトラス	1190	1250	1180	1190	27.4
7867	トミー	6440	6440	6150	6150	58.7
7868	広済堂	1180	1200	1160	1162	10.4
7869	日本フォーム	1100	1100	1100	1100	1
7870	福島印刷	0	0	0	0	0
7871	フクビ	500	500	500	500	1
7872	エステール	590	600	590	600	2.5
7873	アーク	2510	2510	2470	2500	42
7874	スルガ	7200	7200	7180	7180	3
7875	竹田印刷	0	0	0	0	0
7876	三陽PAX	650	650	650	650	1
7877	永大化工	820	820	780	800	35
7878	光彩工芸	0	0	0	0	0
7879	ノダ	0	0	0	0	0
7880	南部化成	320	320	317	317	3
7881	ニッソー	0	0	0	0	0
7882	アロン化成	335	335	325	330	19
7883	サンメッセ	0	0	0	0	0
7884	本間ゴルフ	390	400	360	365	67.8
7885	タカノ	1190	1190	1051	1110	3.4
7886	ヤマト・イン	0	0	0	0	0
7887	南プラ	0	0	0	0	0
7888	三光合成	0	0	0	0	0
7889	桑山	560	560	550	550	1.1
7890	アテナ工業	1160	1160	1160	1160	1
7891	日本ユピカ	0	0	0	0	0
7892	宇部日東化成	380	381	380	380	7
7893	亜細亜	1421	1470	1380	1380	26
7895	中央化学	1580	1580	1580	1580	1
7896	セブン工業	401	409	401	409	2
7897	ホクシン	188	188	179	183	5
7898	ウッドワン	605	605	561	579	31
7899	オザキ軽化	420	425	420	425	11
7900	大出産業	660	660	660	660	1
7901	マツモト	0	0	0	0	0
7902	ソノコム	910	910	899	900	6
7903	名木材	0	0	0	0	0
7904	天竜木	49	71	46	71	18
7905	大建工	300	300	295	295	40
7906	ヨネックス	429	429	424	424	2
7907	日防腐	0	0	0	0	0
7908	きもと	0	0	0	0	0
7909	シーアイ化	366	370	350	351	12
7910	段谷産業	124	130	121	130	35
7911	凸版	1030	1055	1010	1030	783
7912	大日印	1630	1650	1607	1622	1093
7913	図書印	237	237	226	230	35
7914	共同印	420	420	410	411	17
7915	日写印	590	590	581	581	36
7916	光村印	255	255	245	245	6
7917	藤森工業	749	838	749	838	4
7918	ヴィアＨＤ	0	0	0	0	0
7919	野崎紙	263	263	255	256	8
7920	三浦印	300	305	300	303	5
7921	宝印刷	1950	1950	1800	1820	34
7922	三光産業	1000	1000	1000	1000	1
7923	トーイン	290	300	290	300	6
7925	前沢化成	1510	1510	1500	1510	9.6
7926	ベルテクノ	323	323	323	323	8
7927	ムトー精工	1830	1830	1800	1800	15
7928	旭化学	0	0	0	0	0
7929	新輝合成	0	0	0	0	0
7931	未来工業	1111	1130	1110	1130	15
7932	ニッピ	400	400	400	400	3
7933	ファイリング	0	0	0	0	0
7934	メルクス	100	100	100	100	1
7935	コンビ	1320	1320	1250	1260	83
7936	アシックス	115	118	115	117	95
7937	ツツミ	2455	2495	2260	2300	21.9
7938	リーガル	0	0	0	0	0
7939	研創	0	0	0	0	0
7940	ウェーブＨＤ	0	0	0	0	0
7942	ＪＳＰ	1000	1000	1000	1000	5
7943	ニチハ	885	885	853	853	9.2
7944	ローランド	2300	2330	2300	2325	33.9
7945	コマニー	0	0	0	0	0
7946	光陽社	0	0	0	0	0
7947	エフピコ	4900	4950	4570	4600	82.8
7948	ＡＷ・エモト	178	178	178	178	1
7949	小松ウオール	725	730	721	730	1.5
7950	日デコラ	0	0	0	0	0
7951	ヤマハ	671	673	656	661	729
7952	河合楽	169	169	158	158	53
7953	菊水化	365	365	345	360	45
7954	ジャレコ	378	378	340	350	7
7955	クリナップ	413	425	413	420	23
7956	ピジョン	1500	1520	1430	1450	45.4
7957	フジコピアン	184	184	184	184	1
7958	天馬	1200	1210	1170	1170	33
7959	オリバー	0	0	0	0	0
7960	パラマウント	12300	12300	11820	11830	48.7
7961	兼松日産農	205	205	200	200	18
7962	キングジム	0	0	0	0	0
7963	興研	550	550	550	550	1
7964	セガ	3860	4140	3830	4060	16060
7965	象印	668	668	668	668	4
7966	リンテック	1090	1090	1040	1062	54
7967	バンダイ	3040	3050	2855	2895	202
7968	田崎真珠	419	419	408	415	62
7969	タカラ	301	303	300	303	23
7970	信越ポリ	579	579	540	546	138
7971	東リ	203	203	196	199	15
7972	イトーキ	347	365	338	345	264
7973	ホウトク	0	0	0	0	0
7974	任天堂	16290	16290	15990	16000	298.7
7975	リヒトラブ	240	240	230	230	5
7976	菱鉛筆	752	755	751	755	4
7977	フランスベッド	486	511	486	505	117
7979	松風	850	870	850	870	11
7980	重松製	0	0	0	0	0
7981	タカラスタ	520	520	501	511	63
7983	ミロク	0	0	0	0	0
7984	コクヨ	1350	1352	1330	1345	128
7985	ネポン	372	372	372	372	1
7986	キング工	139	147	135	147	6
7987	ナカバヤシ	333	340	332	337	20
7988	ニフコ	1150	1160	1150	1152	64
7989	ブラインド	744	752	744	752	2.4
7990	ダイワ精	165	165	155	156	78
7991	マミヤＯＰ	255	260	253	260	24
7992	セーラー	2010	2015	1930	1975	214
7993	サンウエブ	214	214	200	200	13
7994	岡村製	310	310	298	298	45
7995	バルカー	157	158	151	151	72
7996	パイロット	0	0	0	0	0
7997	くろ工	514	514	514	514	3
7998	高島屋工作	265	270	265	265	8
7999	武藤工	572	572	530	540	86
8000	カイゲン	505	505	505	505	1
8001	伊藤忠	485	486	448	455	6090
8002	丸紅	421	422	386	399	5253
8003	トーメン	100	101	93	93	704
8004	ニチメン	116	117	115	116	352
8005	ムトウ	750	759	750	755	9
8006	ユアサフナ	170	175	170	171	32
8007	高島	124	125	123	123	16
8010	新興産業	123	123	123	123	1
8011	三陽商	291	299	280	286	57
8012	長瀬産	430	430	415	420	53
8013	ナイガイ	97	100	95	97	62
8014	蝶理	104	104	102	102	44
8015	豊田通商	324	324	305	305	62
8016	オンワード	1398	1398	1354	1370	155
8017	阪急共栄物産	0	0	0	0	0
8018	三共興	260	260	251	252	11
8019	市田	81	85	81	82	68
8020	兼松	90	90	87	87	107
8021	レナウン	247	247	237	238	489
8022	ミズノ	295	297	290	290	87
8023	大興電子	652	652	651	651	4
8024	シルバーＯＸ	500	500	485	485	13
8025	ツカモトＣ	139	149	139	149	14
8027	ルシアン	89	89	88	88	42
8028	ファミリーＭ	6590	6590	6160	6200	195.3
8029	ルック	166	166	164	165	9
8030	中央魚	0	0	0	0	0
8031	三井物	787	787	720	742	7784
8032	紙パ商	312	320	312	315	15
8033	ジーネット	95	95	95	95	1
8035	東エレク	12000	12600	11000	11020	688
8036	日立ハイテク	1400	1400	1380	1380	28
8037	カメイ	522	523	510	511	39
8038	東都水	369	370	356	356	55
8039	築地魚	180	180	180	180	1
8040	東ソワール	224	225	220	220	16
8041	魚市場	364	365	340	340	18
8042	マタイ	225	225	219	220	17
8043	スターゼン	230	232	228	228	130
8044	大都魚	141	141	141	141	4
8045	浜丸魚	0	0	0	0	0
8046	丸藤パ	153	153	153	153	2
8047	デジ・ネット	4600	4600	4600	4600	1
8048	シャディ	3220	3390	3200	3210	12.7
8049	ＥＩＥ	583	583	570	570	9
8050	セイコー	496	540	495	532	207
8051	山善	132	136	131	134	27
8052	椿本興	167	168	166	168	8
8053	住友商	1137	1240	1133	1170	15518
8056	ユニシス	3500	3500	3000	3000	153
8057	内田洋	597	597	585	585	67
8058	三菱商	795	801	784	784	2082
8059	第一実	146	151	146	149	19
8060	キヤノン販	1753	1753	1643	1670	176
8061	西華産	173	175	168	168	253
8063	日商岩井	85	85	82	82	756
8064	金商	90	95	90	95	12
8065	佐藤商	375	375	375	375	1
8066	三谷商	0	0	0	0	0
8067	トミヤアパ	0	0	0	0	0
8068	菱洋エレク	1481	1500	1430	1440	96
8069	加  商	385	385	380	380	8
8070	東京産	312	318	305	305	34.5
8071	東海物産	328	328	328	328	1
8072	出版貿	0	0	0	0	0
8073	Ｔ・ＺＯＮＥ	896	900	860	860	20
8074	ユアサ商	153	159	150	159	50
8075	神鋼商	153	158	149	149	44
8076	カノークス	0	0	0	0	0
8077	小林産	188	188	187	187	2
8078	阪和興	101	104	101	102	112
8079	正栄食	455	455	450	450	3
8080	ジョイス	1240	1240	1240	1240	2
8081	カナデン	503	528	500	500	11
8083	サンテレ	291	291	286	291	5
8084	菱電商	338	345	335	335	80
8085	ナラサキ産業	173	173	161	161	16
8086	ニプロ	880	882	860	865	20
8087	フルサト	679	679	679	679	2
8088	岩谷産	190	191	181	181	264
8089	ナイス	172	172	165	170	162
8090	昭光通商	131	132	130	130	83
8091	ニチモウ	145	145	145	145	1
8092	富士通シス	5620	5620	5250	5250	38.8
8093	極東貿易	864	870	840	840	49
8095	イワキ	222	223	222	223	2
8096	兼松エレク	488	504	488	500	6
8097	三愛石	277	280	275	275	39
8098	稲畑産	421	425	416	421	23
8100	藤井	90	90	88	90	17
8101	ＧＳＩクレ	113	115	112	112	51
8103	明和産	112	118	112	115	4
8105	丸正	69	69	69	69	4
8107	キムラタン	86	86	80	80	32
8109	山洋工	101	101	101	101	1
8110	川鉄商事	112	117	111	111	40
8111	ゴルドウイン	141	141	139	140	22
8112	東スタイル	806	840	806	820	82
8113	ユニチャーム	6300	6670	6200	6520	1170.6
8114	デサント	238	238	230	230	19
8115	ムーンバット	122	126	122	126	9
8116	ダーバン	359	373	340	355	1849
8117	中央自	0	0	0	0	0
8118	キング	148	148	144	144	12
8119	三栄コ	725	725	696	696	15
8120	大木	201	201	200	201	5
8123	川辺	0	0	0	0	0
8125	ワキタ	330	330	325	325	38
8126	三光純薬	0	0	0	0	0
8127	ヤマトインタ	130	134	130	134	12
8128	エフワン	130	130	130	130	2
8129	東邦薬	371	371	370	370	12
8130	サンゲツ	1951	1951	1900	1900	14
8131	ミツウロコ	530	530	520	530	18
8132	シナネン	348	348	340	342	29
8133	伊藤忠エネ	290	294	286	286	80
8134	ＴＯＫＡＩ	555	555	555	555	11
8135	ゼット	142	142	140	140	7
8136	サンリオ	3580	3580	3300	3300	148
8137	サンワテク	729	729	729	729	4
8138	三京化	235	250	235	240	66
8139	ナガホリ	0	0	0	0	0
8140	リョーサン	2320	2325	2150	2325	113
8141	新光商	940	940	910	911	15
8142	トーホー	785	790	779	785	12
8143	ラピーヌ	96	97	95	97	8
8144	電響社	390	390	390	390	2
8145	中部水産	0	0	0	0	0
8146	小杉産	170	170	170	170	5
8147	トミタ	0	0	0	0	0
8148	上原成	299	299	298	299	16
8150	三信電	726	726	702	703	42
8151	東陽テク	2045	2090	2040	2090	46
8152	ソマール	242	249	240	240	28
8153	モスフード	1300	1300	1250	1260	63
8154	加賀電子	1540	1545	1409	1409	74
8155	三益半導	1569	1649	1541	1649	149.8
8156	ガステック	547	547	547	547	1
8157	都築電	685	685	650	660	5
8158	ソーダニッカ	180	185	180	185	2
8159	立花エレ	592	592	592	592	1
8160	木曽路	1059	1059	1000	1000	7
8161	エイデン	854	854	840	841	34
8163	サトＲＳ	0	0	0	0	0
8164	キャビン	125	130	125	130	24
8165	千趣会	1385	1410	1380	1410	60
8166	タカキュー	165	165	162	162	16
8167	丸久	200	200	197	200	35
8168	ケーヨー	430	430	420	422	18.3
8169	宝船	0	0	0	0	0
8170	アデランス	3720	3720	3420	3600	82.2
8171	ＭＶ中部	0	0	0	0	0
8172	第一家庭電器	75	80	74	77	72
8173	上新電	276	276	276	276	2
8174	日ガス	510	510	500	500	2
8175	ベスト電	940	941	938	940	88
8176	西洋フードシス	393	405	393	405	51
8178	マルエツ	365	367	344	352	24
8179	ロイヤルＨＤ	1061	1061	1040	1040	36
8180	すかいらく	2535	2550	2450	2450	112
8181	東天紅	1040	1070	1040	1070	349
8182	いなげや	750	751	750	751	5
8183	セブン−イレブン	15000	15290	13800	14510	740
8184	島忠	1390	1430	1390	1411	138.5
8185	チヨダ	550	560	550	551	10.8
8186	大塚家具	29200	29200	28500	28500	4
8188	ヨークベニ	2760	2775	2545	2550	118.4
8189	マツヤデンキ	275	277	275	277	28
8190	ヤマナカ	0	0	0	0	0
8191	光製作	0	0	0	0	0
8192	中川無線	100	100	99	99	54
8193	鈴丹	158	160	158	158	25
8194	ライフコーポ	541	550	540	550	4
8195	デニーズジャパン	2100	2160	2100	2100	11
8196	カスミ	426	436	426	430	9
8197	東急ストア	305	308	300	308	17
8199	デオデオ	1180	1180	1100	1101	28.9
8200	リンガハット	999	1010	991	1010	10
8201	さが美	225	230	225	227	13
8202	ラオックス	829	839	829	829	21
8203	ＭｒＭａｘ	334	350	332	332	39.7
8204	ジョナサン	1280	1300	1280	1300	6
8205	シャクリー	0	0	0	0	0
8206	アポロイン	0	0	0	0	0
8207	テンアライド	410	410	400	401	32.1
8208	エンチョー	475	475	475	475	1
8209	フレンドリ	470	470	470	470	2
8210	フットワーク	244	244	225	225	25
8211	相鉄ローゼ	531	531	531	531	1
8212	オーク	181	181	181	181	1
8213	トステムビバ	225	225	210	210	39
8214	アオキインタ	380	383	370	370	29.6
8215	銀座山形屋	0	0	0	0	0
8216	フォルクス	530	530	530	530	1
8217	オークワ	1020	1050	1020	1050	5
8218	コメリ	3210	3220	3100	3150	38.1
8219	青山商	2150	2200	2145	2150	142.9
8225	タカチホ	0	0	0	0	0
8226	理経	482	520	482	502	74
8227	しまむら	16010	16700	15800	15800	58.1
8228	マルイチ	0	0	0	0	0
8229	ＣＦＳコーポ	901	906	900	905	3
8230	はせがわ	314	314	291	295	11
8231	三越	380	387	371	375	865
8232	東急百貨店	102	103	100	101	378
8233	高島屋	680	694	680	684	606
8234	大丸	350	354	343	350	125
8235	松坂屋	311	320	305	305	114
8236	丸善	169	174	165	165	199
8237	松屋	350	350	345	345	9
8238	伊勢丹	748	772	748	771	91
8239	横浜松坂屋	110	111	110	110	15
8240	サッポロライオン	640	640	640	640	1
8241	阪神百貨店	410	410	410	410	2
8242	阪急百	528	529	520	520	64
8243	そごう	123	124	120	120	52
8244	近鉄百貨店	105	108	104	104	10
8245	丸栄	240	240	218	218	10
8247	大和	249	249	249	249	1
8248	ニッセン	320	325	307	320	33.6
8249	東洋物	711	711	711	711	2
8250	小松ストアー	0	0	0	0	0
8251	パルコ	339	339	330	330	41
8252	丸井	1551	1580	1500	1560	555
8253	クレセゾン	1910	1925	1895	1900	518.4
8254	さいか屋	495	495	495	495	2
8256	プロルート	195	200	190	195	16.5
8257	山陽百	2440	2440	2440	2440	0.1
8258	ＯＭＣカード	404	425	400	405	413
8259	十字屋	93	98	93	93	71
8260	井筒屋	261	305	260	305	1743
8261	ｼ鉄百貨店	0	0	0	0	0
8262	長崎屋	130	132	127	128	162
8263	ダイエー	512	527	462	467	6201
8264	イトーヨーカ堂	10300	10400	9850	10170	544
8265	壽屋	180	180	161	161	59
8266	イズミヤ	1090	1090	1010	1010	37
8267	イオン	1784	1785	1753	1753	305
8268	西友	362	362	345	345	299
8269	マイカル	453	454	450	450	365
8270	ユニー	1000	1000	950	950	87
8273	イズミ	741	750	740	750	23
8274	東武ストア	181	185	181	185	5
8275	フォーバル	2720	2720	2600	2610	19.6
8276	平和堂	690	690	670	670	18
8278	フジ	1960	1960	1945	1945	10.4
8279	ヤオコー	1582	1600	1556	1556	3.3
8280	富士冷機	471	471	450	450	22
8281	ゼビオ	1905	1927	1880	1900	62.6
8282	ギガスケーズ	2540	2540	2400	2470	19
8283	パルタック	650	650	650	650	64
8285	三谷産業	452	452	451	451	2
8286	藍  屋	1450	1450	1440	1440	4
8287	ＭＶ西日本	0	0	0	0	0
8289	オリンピック	2700	2700	2700	2700	0.8
8290	デンコードー	860	860	850	850	2
8291	東日カーライフ	0	0	0	0	0
8292	東いすず	0	0	0	0	0
8293	愛トヨ	0	0	0	0	0
8295	キャノンシステム	790	800	790	800	5
8298	ファミリー	290	290	290	290	2
8299	大栄太源	0	0	0	0	0
8301	日銀	0	0	0	0	0
8302	興業銀行	950	1030	947	1028	3827
8311	第一勧銀	940	1037	938	1022	4415
8314	さくら銀行	597	658	591	636	15290
8315	東京三菱銀	1400	1445	1382	1429	4822
8317	富士銀行	985	1075	980	1045	10785
8318	三井住友銀行	1399	1460	1390	1441	3691
8319	大和銀行	305	330	304	316	3938
8320	三和銀行	1155	1205	1150	1168	2730
8321	東海銀行	637	678	633	651	2634
8322	あさひ銀行	620	664	616	642	3760
8324	第四銀	418	418	415	417	69
8325	北越銀	297	297	296	296	37
8326	福岡銀	705	720	701	710	286
8327	西日本シティ銀	414	415	408	411	45
8331	千葉銀	566	570	560	563	552
8332	横浜銀	470	484	456	456	1018
8333	常陽銀	470	473	465	465	155
8334	群馬銀	672	674	660	660	118
8335	足利銀行	205	207	198	203	152
8336	武蔵銀	4750	4800	4700	4700	2.3
8337	千葉興	1115	1116	1074	1079	10.5
8338	関東つくば銀	1500	1500	1412	1470	3.8
8339	都民銀	4100	4300	3990	4300	33.5
8341	七十七	1100	1110	1071	1071	417
8342	青森銀	442	447	435	435	11
8343	秋田銀	412	416	412	416	48
8344	山形銀	530	530	525	529	13
8345	岩手銀	4150	4150	4050	4050	8.8
8346	東邦銀	460	462	455	460	65
8349	東北銀	230	230	230	230	5
8350	みちのく銀	609	609	603	609	17
8353	北海道銀行	148	152	147	152	88
8355	静岡銀	1091	1091	1001	1001	397
8356	十六銀	459	459	440	445	32
8357	北陸銀行	240	242	240	240	152
8358	スルガ銀	1430	1471	1425	1460	654
8359	八十二	729	735	720	733	97
8360	山梨銀	411	411	407	407	45
8361	大垣共立	508	508	495	500	17
8362	福井銀	287	287	275	283	133
8363	北国銀	420	420	410	420	46
8364	清水銀	5090	5090	4510	4510	1.1
8365	富山銀	475	475	475	475	1
8366	滋賀銀	466	475	462	475	33
8367	南都銀	711	711	705	706	160
8368	百五銀	494	494	478	478	78
8369	京都銀	556	559	549	552	119
8370	紀陽銀	261	262	260	262	76
8371	近畿大阪銀	0	0	0	0	0
8372	泉州銀	0	0	0	0	0
8374	三重銀	485	490	485	485	37
8375	池田銀	5700	5700	5600	5600	1.1
8379	広島銀	386	397	386	387	97
8380	山口銀	852	859	846	846	68
8381	山陰合銀	679	679	659	666	20
8382	中国銀	1035	1035	1012	1026	54
8383	鳥取銀	325	350	325	350	4
8385	伊予銀	638	645	638	638	35
8386	百十四	639	639	635	635	18
8387	四国銀	640	640	630	635	19
8388	阿波銀	525	528	517	519	39
8390	鹿児銀	440	440	425	428	59
8391	親和銀行	328	330	325	325	37
8392	大分銀	525	527	515	527	19
8393	宮崎銀	345	345	335	335	36
8394	肥後銀	435	437	430	435	175
8395	佐賀銀	349	349	332	338	18
8396	十八銀	394	394	380	380	8
8397	沖縄銀	2655	2655	2650	2650	2.7
8399	琉球銀	1417	1417	1380	1381	1.7
8401	三井信託	225	252	224	250	5074
8402	三菱信託	950	1060	890	1005	1764
8403	住友信	700	798	665	770	2654
8404	みずほ信託銀	158	178	155	169	2346
8405	日本信託	190	194	175	185	171
8407	東洋信託	423	485	423	453	1539
8408	中央三井信	701	789	701	781	294
8489	アプレック	725	726	720	720	9
8493	インター	2465	2500	2300	2375	10.6
8507	学研クレジット	820	820	800	800	6
8508	イッコー	1189	1189	1185	1185	8
8511	日証金	560	578	548	563	249
8512	大証金	225	234	221	234	22
8513	中証金	0	0	0	0	0
8515	アイフル	12420	12620	11850	12000	99.85
8518	アジア投資	1480	1520	1270	1330	2953
8519	ポケットＣ	3400	3490	3330	3330	44.1
8520	殖産銀行	385	400	385	400	2
8521	長野銀	505	505	498	498	8
8522	名古屋銀	616	616	602	602	22
8523	近畿銀行	250	250	250	250	1
8524	北洋銀行	495	495	470	470	15
8527	愛知銀	7480	7480	7280	7400	0.8
8528	岐阜銀	229	229	229	229	2
8529	第三銀	475	475	470	470	24
8530	中京銀	410	410	400	400	18
8533	広島総合銀行	441	441	433	433	65
8536	東日銀	649	649	645	645	9
8537	大光銀	248	258	248	254	23
8539	福岡シティ銀	453	454	448	453	20
8541	愛媛銀	432	437	417	432	29
8542	トマト銀	336	336	309	334	21
8543	みなと銀	196	198	196	197	50
8544	京葉銀	320	322	315	315	77
8545	関西アーバン	175	175	140	150	80
8548	九州銀行	315	315	309	310	28
8550	栃木銀	664	665	635	635	10
8551	北日銀	4750	4800	4750	4800	1.6
8552	びわこ銀	328	330	328	330	17
8556	香川銀	620	620	606	606	5
8558	東和銀	450	450	444	444	22
8561	徳島銀	790	790	780	780	15
8562	福島銀	333	334	328	329	20
8563	大東銀	341	341	341	341	17
8564	武富士	12450	12450	11400	11530	115.1
8565	三洋クレ	4300	4500	4300	4350	25.5
8566	リコーリース	2200	2360	2140	2360	41
8567	クレディア	2380	2500	2310	2400	25
8568	シンキ	2300	2385	2300	2300	39.5
8569	ユニココーポ	0	0	0	0	0
8570	イオンクレ	8150	8150	7650	7900	40.1
8571	ニッシン	4490	4500	4200	4200	4.8
8572	アコム	9810	9910	9700	9740	51.3
8573	三洋信販	3640	3690	3500	3510	67.3
8574	プロミス	5300	5300	4850	5030	269.2
8577	ロプロ	2030	2055	1970	1974	270
8579	東京リース	610	610	609	609	14
8580	ファーストクレジット	246	249	230	231	81
8582	日貿信	68	72	67	67	103
8583	日信販	225	226	218	219	1674
8584	ジャックス	386	392	379	380	62
8585	オリコ	318	325	304	305	331
8586	日立キャピ	2100	2105	2060	2070	155.4
8587	ライフ	134	140	134	140	45
8588	セントラル	283	283	280	283	62
8589	アプラス	140	140	137	140	56
8591	オリックス	19900	19900	18300	18300	367.7
8592	住商リース	1151	1200	1150	1200	13
8593	ダイヤリース	1117	1117	1070	1070	45
8595	ジャフコ	31500	32000	27500	28000	555
8597	ＳＦＣＧ	44100	45000	43500	45000	63.77
8599	ＵＦＪセント	0	0	0	0	0
8601	大和証Ｇ	1655	1680	1570	1635	5585
8603	日興コーデ	1475	1475	1350	1361	4601
8604	野村ＨＤ	1880	1899	1855	1866	5241
8606	新光	318	323	300	315	1535
8607	みずほイン証	216	216	188	191	865
8608	和光証券	340	342	324	330	1737
8609	岡三ＨＤ	598	599	570	571	195
8610	さくらフレンド	226	230	210	215	279
8611	コスモ証	297	297	250	274	386
8612	第一証券	144	148	137	140	325
8613	丸三	624	630	609	609	80
8614	東洋	315	320	300	300	61
8615	三菱証	1620	1630	1580	1600	798
8616	東海東京	412	415	390	398	155
8617	光世	228	230	218	220	226
8618	太平洋証	183	184	176	176	140
8620	東海丸万	710	730	698	698	37
8621	ＵＦＪつばさ証券	470	475	470	471	40
8622	水戸	315	315	298	298	18
8623	ＳＭＢＣ証	276	284	276	277	41.5
8624	いちよし証	610	628	600	601	78
8625	高木	207	210	206	210	26
8691	証券代	0	0	0	0	0
8692	だいこう	0	0	0	0	0
8742	小林洋行	1350	1350	1350	1350	1
8743	ひまわり証	0	0	0	0	0
8744	日本ユニコム	900	900	890	890	2
8745	グローバリー	1510	1510	1510	1510	1
8746	第一商品	292	292	292	292	2
8747	豊商事	405	405	405	405	1
8748	岡藤商事	550	550	550	550	3
8749	エース交易	325	325	321	321	7
8751	東京海上火災	1110	1160	1092	1133	2240
8752	三井住友海上	577	580	565	573	1240
8753	住友海上火災	640	640	606	640	1115
8754	日本興亜	305	306	298	299	257
8755	損害保険Ｊ	585	587	573	575	469
8756	日産火災海上	320	331	319	325	196
8757	日新火	283	285	272	283	54
8758	千代田火災	293	295	280	286	41
8759	ニッセイ同和	287	293	277	286	119
8760	日動火災海上	527	528	526	526	87
8761	あいおい損保	410	416	405	405	67
8762	興亜火災	285	290	282	285	192
8763	富士火	235	235	230	232	46
8764	太陽火災	0	0	0	0	0
8765	大成火災海上	278	278	258	262	12
8801	三井不	705	740	690	709	3664
8802	菱地所	957	980	940	958	1909
8803	平和不	237	244	231	231	292
8804	東建物	186	192	181	185	173
8805	中央地	113	113	110	112	19
8806	ダイビル	616	620	605	620	22
8809	サンケビル	309	309	303	303	18
8810	港振興	0	0	0	0	0
8815	東急不	114	117	114	114	627
8817	阪急不動産	340	340	330	330	21
8818	京阪神不	351	351	351	351	10
8821	立飛企	0	0	0	0	0
8826	エルカク	57	58	57	57	53
8829	大和団地	223	223	213	216	23
8830	住友不	340	351	331	340	1157
8832	小田急不	165	168	165	168	2
8833	東宝不	377	378	376	378	6
8834	藤和不	69	69	66	66	112
8835	太平発	115	115	112	112	24
8836	ヒューネット	200	200	185	196	566
8838	有楽地	110	110	110	110	4
8839	ニチモ	92	95	92	92	54
8840	大京	215	215	205	206	460
8841	テーオーシー	711	711	711	711	4
8842	楽天地	360	369	350	369	14
8844	リクコスモス	600	600	565	568	27
8845	セザール	215	222	211	211	131
8846	積和不動産	561	561	561	561	2
8848	レオパレス	480	486	471	475	59
8850	スターツ	520	520	500	500	3
8851	アバンライフ	170	170	170	170	8
8852	積和不動関西	350	360	350	360	28
8853	ダイヤシティ	368	368	368	368	5
8854	日住	290	290	290	290	1
8855	全日空ビル	0	0	0	0	0
8857	三井不動販売	505	505	485	500	61
8858	ダイア建	218	225	211	225	14
8860	フジ住	316	316	311	311	7
8863	積和不動中部	770	770	770	770	1
8864	空港施設	522	540	522	538	37
8865	神鋼興産	286	286	286	286	1
8866	コマーシャル	651	655	620	640	17
8867	横浜地下街	0	0	0	0	0
8868	ＵＲＢＡＮ	4010	4010	4000	4000	10
8869	明和地所	2135	2235	2125	2150	76.6
8870	住不販売	3440	3550	3440	3480	23.5
8871	ゴールドクレ	8850	9110	8840	9020	23
8872	エイブル	7600	7710	7600	7710	6
8873	積和不動中国	640	640	640	640	2
8874	ジョイント	2300	2400	2300	2340	15
8875	東栄住宅	3310	3350	3250	3340	19
8876	リロＨＤ	0	0	0	0	0
8877	エスリード	2650	2650	2600	2600	6
8878	日綜地所	3700	3700	3500	3500	8
8879	東急リバブル	582	582	540	540	47
9001	東武	302	303	300	301	614
9002	西武鉄道	1390	1394	1320	1320	40
9003	相鉄	280	285	280	280	59
9004	箱根登山鉄道	304	314	304	314	7
9005	東急	253	253	249	250	423
9006	京急	363	367	360	367	321
9007	小田急	321	321	308	309	444
9008	京王	355	359	350	350	317
9009	京成	261	268	260	265	349
9010	富士急	310	310	300	300	21
9012	秩父鉄	150	150	150	150	1
9013	伊豆箱根鉄道	0	0	0	0	0
9014	新京成	0	0	0	0	0
9019	伊豆急行	3000	3000	2950	2950	0.9
9020	ＪＲ東日本	569000	569000	550000	550000	2.743
9021	ＪＲ西日本	355000	355000	348000	350000	1.376
9022	ＪＲ東海	635000	644000	632000	633000	1.404
9031	西鉄	274	274	271	271	99
9036	東部ネット	590	590	570	575	8
9037	ハマキョウ	1430	1450	1430	1450	2
9038	東海西濃	285	285	285	285	2
9039	サカイ引越	2600	2600	2450	2450	10.1
9040	大宝運輸	0	0	0	0	0
9041	近鉄	411	417	405	409	342
9042	阪急ＨＤ	358	359	355	355	252
9043	阪神	301	315	301	303	122
9044	南海電	425	426	425	426	37
9045	京阪電	366	370	365	368	55
9046	神電鉄	412	415	412	415	10
9047	名糖運輸	0	0	0	0	0
9048	名鉄	300	301	298	298	229
9049	京福電	160	160	160	160	6
9050	三重交	339	339	339	339	1
9051	センコン物流	730	730	730	730	1
9052	山陽電	290	290	290	290	2
9053	中央運輸	0	0	0	0	0
9054	大和物流	560	560	560	560	3
9055	アルプス物流	540	541	540	541	4
9056	ヒューテック	0	0	0	0	0
9057	遠州トラック	0	0	0	0	0
9058	トランコム	735	740	730	730	5
9059	カンダ	315	315	315	315	2
9060	日ロジテム	0	0	0	0	0
9061	富士物流	197	197	197	197	1
9062	日通	566	570	555	555	1469
9063	岡県運送	0	0	0	0	0
9064	ヤマト運	3650	3680	3400	3410	1213
9065	山九	107	107	103	103	357
9066	日新	166	166	160	161	49
9067	丸運	265	265	260	260	10
9068	丸全運	178	180	177	178	59
9069	センコー	220	220	214	220	9
9070	トナミ	205	205	200	200	39
9072	日梱包	640	644	631	631	12
9073	京極運	0	0	0	0	0
9074	日石輸	193	193	192	192	10
9075	福山運	763	763	720	720	140
9076	西濃運	549	551	537	537	76
9077	名鉄運	0	0	0	0	0
9078	エスライン	0	0	0	0	0
9079	東急ロジ	440	440	440	440	5
9080	関東西濃	0	0	0	0	0
9081	神奈交	436	436	392	392	11
9082	大和自	245	245	245	245	1
9083	神姫バ	0	0	0	0	0
9086	日立物流	600	603	590	600	179
9087	タカセ	225	225	222	223	3
9088	濃飛西濃	0	0	0	0	0
9089	ロジパル	495	495	495	495	2
9101	郵船	421	422	417	418	699
9104	商船三井	180	185	177	180	1189
9107	川崎汽	158	162	157	160	918
9110	新和海	62	62	60	60	107
9113	乾汽船	81	81	81	81	14
9114	日之出汽船	55	55	53	53	53
9115	明治海	0	0	0	0	0
9119	飯野海	165	171	165	165	80
9123	太平海	55	55	50	50	43
9127	玉井船	0	0	0	0	0
9129	太洋海運	69	75	69	72	34
9130	共栄タ	101	101	100	100	7
9132	第一汽	54	54	53	53	64
9133	東栄リーファ	100	110	100	100	5
9151	東京船舶	81	81	81	81	2
9152	関西汽	63	67	62	62	76
9171	栗林船	0	0	0	0	0
9173	東海汽	399	399	399	399	1
9174	ワンダーＴ	0	0	0	0	0
9176	佐渡汽	0	0	0	0	0
9178	日鉄物流	0	0	0	0	0
9179	川崎近海	200	200	200	200	1
9180	新和内航	0	0	0	0	0
9193	東京汽	0	0	0	0	0
9201	日本航空	308	315	302	303	660
9202	ＡＮＡ	295	295	286	288	635
9203	日本エアシス	0	0	0	0	0
9231	国際航	620	648	620	627	66
9232	パスコ	698	700	690	700	42
9233	アジア航	354	354	346	350	9
9301	三菱倉	680	680	640	669	382
9302	三井倉	226	226	221	221	360
9303	住友倉	286	286	270	279	46
9304	渋沢倉	276	285	275	285	60
9305	ヤマタネ	125	125	118	120	21
9306	東陽倉	187	195	185	195	4
9307	杉村倉	0	0	0	0	0
9308	イヌイ建	0	0	0	0	0
9309	京神倉庫	0	0	0	0	0
9310	トランシティ	195	195	194	194	12
9311	アサガミ	0	0	0	0	0
9312	ケイヒン	148	148	144	144	18
9313	丸八倉	165	165	165	165	1
9314	品川倉	0	0	0	0	0
9317	オーナミ	0	0	0	0	0
9318	Ｊブリッジ	270	270	250	255	32
9319	中央倉	510	510	510	510	5
9320	三和倉	0	0	0	0	0
9321	アイロジステ	141	141	141	141	1
9322	川西倉	0	0	0	0	0
9323	ロジステック	0	0	0	0	0
9324	安田倉	375	375	372	375	36
9351	洋埠頭	140	141	138	138	35
9353	桜島埠	0	0	0	0	0
9355	リンコー	166	186	165	165	9
9357	名港海	380	380	380	380	5
9358	宇徳運	135	135	127	127	23
9359	伊勢湾	251	253	251	253	2
9360	鈴与シンワ	180	180	180	180	2
9361	伏木運	260	260	255	255	3
9362	兵機海	0	0	0	0	0
9363	大運	60	60	60	60	4
9364	上組	430	430	413	418	299
9365	トレーディア	90	90	90	90	2
9366	サンリツ	789	790	782	782	6.9
9367	大東港運	137	137	137	137	1
9368	キムラユニテ	0	0	0	0	0
9369	キユソ流通	0	0	0	0	0
9370	郵船航空	3300	3400	3300	3300	3.3
9373	ニッコウトラ	2180	2200	2180	2200	6
9401	ＴＢＳ	3370	3480	3300	3410	486
9402	ＣＢＣ	0	0	0	0	0
9404	日テレ	105000	105000	99400	99400	17.85
9405	朝日放	9000	9000	8800	8800	0.9
9408	新潟放	0	0	0	0	0
9431	ＫＤＤ	14400	14600	13970	13970	217.2
9432	ＮＴＴ	1700000	1720000	1660000	1670000	17.508
9433	ＫＤＤＩ	1440000	1460000	1380000	1400000	7.13
9434	ボーダフォン	3950000	3950000	3710000	3760000	0.582
9435	光通信	170000	171000	147000	147000	218.2
9436	沖縄セルラー	850000	850000	780000	781000	0.088
9437	ＮＴＴドコモ	3610000	3630000	3380000	3400000	14.49
9438	ＭＴＩ	16200000	16200000	14200000	14890000	0.218
9439	ビーアイジー	23000000	23200000	21000000	21000000	0.018
9449	ＧＭＯインター	43000	46000	40500	41500	55
9470	学研	191	202	188	202	573
9471	文渓堂	729	729	729	729	1
9472	エスコム	600	630	540	540	76
9473	アスキー	5490	5700	4900	5100	346
9474	ゼンリン	4280	4280	4210	4230	18.9
9475	昭文社	5910	6300	5800	6100	41.1
9476	中央経済	0	0	0	0	0
9477	角川ＨＤ	30800	31000	30000	30100	21.7
9478	翔泳社	3700000	3900000	3700000	3800000	0.011
9501	東電	2885	2895	2830	2855	1621.3
9502	中部電	1714	1714	1670	1670	464.6
9503	関西電	1785	1785	1750	1752	831.6
9504	中国電	1560	1566	1530	1544	218.7
9505	北陸電	1590	1599	1580	1599	153.7
9506	東北電	1522	1524	1500	1500	244.5
9507	四国電	1550	1550	1521	1546	66.4
9508	九州電	1538	1538	1511	1514	188.4
9509	北海電	1500	1506	1487	1500	108.8
9511	沖縄電	2185	2185	2185	2185	0.6
9531	東ガス	232	233	227	227	3706
9532	大ガス	246	247	240	240	2147
9533	邦ガス	169	170	168	169	230
9534	北ガス	179	180	172	172	46
9536	西部ガス	151	153	146	146	96
9539	葉ガス	0	0	0	0	0
9540	中ガス	236	236	236	236	1
9541	大多喜ガス	393	393	393	393	1
9542	新日ガス	0	0	0	0	0
9600	アイネット	1509	1545	1430	1430	24
9601	松竹	440	455	440	450	28
9602	東宝	14970	14990	14650	14650	2.7
9603	ＨＩＳ	6680	6680	6200	6260	40.8
9604	際放映	180	180	180	180	1
9605	東映	565	565	545	545	404
9607	葵プロ	1631	1730	1631	1650	9.5
9608	福山コンサル	0	0	0	0	0
9609	ベンチャーリ	8420	8500	7900	8000	31
9610	ウィルソン	5700	5800	5500	5700	18.3
9611	Ｄワンダー	0	0	0	0	0
9612	ラックランド	2110	2110	2110	2110	1
9613	ＮＴＴデータ	2140000	2150000	2060000	2080000	8.927
9614	ベルシス24	123000	124000	111000	118000	11
9615	東京美装	0	0	0	0	0
9616	共立メンテ	3510	3550	3250	3260	2.3
9618	エームサービス	1450	1450	1450	1450	1
9619	イチネン	775	775	768	768	3
9620	スクウェア	7050	8090	6980	8090	435.8
9621	建設技研	621	630	600	600	5.7
9622	スペース	471	471	460	460	7.3
9623	キヤノンソフ	770	770	770	770	1
9624	長大	620	620	600	600	4
9625	セレスポ	0	0	0	0	0
9626	日本技開	330	330	330	330	2
9627	アインファマ	2300	2300	2080	2080	18
9628	燦ＨＤ	3040	3060	3000	3000	8.8
9629	ＰＣＡ	6500	6650	6500	6500	54
9630	アップ	495	500	489	494	7.5
9631	東急レク	580	580	580	580	3
9632	スバル	345	345	345	345	6
9633	テアトル	175	175	171	175	18
9634	修学社	485	510	485	500	20
9635	武蔵野	0	0	0	0	0
9636	きんえい	330	330	330	330	2
9637	オーエス	0	0	0	0	0
9638	情報技術	1440	1440	1440	1440	1
9639	三協フロンテ	360	360	325	325	5
9640	セゾン情報	1250	1250	1250	1250	1
9641	サコス	170	170	161	161	4.9
9642	コマスタ	0	0	0	0	0
9643	中日興	0	0	0	0	0
9644	タナベ経営	300	300	300	300	1.2
9645	ダイヤモンドコン	2360	2360	2200	2300	19
9646	タイトー	137000	142000	136000	138000	0.28
9647	協和コンサル	195	195	195	195	1
9648	ウエスコ	410	410	400	400	9.1
9649	明電エンジニア	570	590	560	571	78
9650	テクモ	2100	2100	2000	2000	12.2
9651	日本プロセス	0	0	0	0	0
9652	日本医療	4050	4130	4050	4100	22
9653	ＳＢＩパートナ	820	820	810	810	13
9654	コーエー	3600	3650	3500	3500	25.1
9656	三井ランド	565	570	565	570	0.7
9657	コムテック	500	524	475	475	5
9658	ビジ太田昭	725	725	725	725	8
9660	ＣＲＣソリュ	2600	2600	2500	2500	8
9661	歌舞伎	3940	3940	3930	3930	3
9662	アイフル	0	0	0	0	0
9663	ナガワ	750	750	720	720	11
9664	御園座	1270	1270	1270	1270	2
9665	吉本興	1000	1061	1000	1049	59
9667	ホリプロ	930	930	901	901	2
9668	相鉄企業	560	560	560	560	1
9669	オークネット	6190	6230	6000	6150	21.1
9671	よみランド	243	244	241	244	13
9672	東競馬	140	140	135	137	155
9673	甲子園土地	0	0	0	0	0
9674	花月園	250	250	250	250	1
9675	常磐興	153	154	148	148	21
9676	松戸公産	510	510	510	510	5
9677	日本ジャンボ	800	800	770	770	1.4
9678	カナモト	650	679	650	650	14
9679	ホウライ	500	500	500	500	3
9680	共成レンテム	0	0	0	0	0
9681	東京ドーム	515	515	490	493	272
9682	ＤＴＳ	12320	12500	11800	12000	124
9684	スク・エニ	10850	10950	10250	10250	52.4
9685	共同コンＨＤ	380	381	380	380	6
9686	東洋テック	595	666	595	666	3
9687	ＫＳＫ	750	750	740	740	2
9689	グリンハウス	1700	1700	1690	1690	5
9691	両毛システム	0	0	0	0	0
9692	シーイーシー	2820	2820	2700	2750	32
9694	日立ソフト	18110	18110	15110	16000	942.3
9695	鴨川グランド	0	0	0	0	0
9696	ウィザス	443	470	441	441	16
9697	カプコン	5300	5340	5080	5250	131.3
9698	クレオ	1400	1470	1400	1400	9
9699	西尾レント	765	765	710	744	8.6
9700	エスアールエル	1513	1599	1513	1530	68
9701	会舘	0	0	0	0	0
9702	アイエスビー	3220	3300	3220	3300	11
9703	ジェネラスコーポ	100	100	100	100	20
9704	東海観	76	79	76	78	705
9706	日本空港ビル	953	953	920	945	62
9707	メデカＪ	1760	1790	1700	1700	57
9708	帝ホテル	0	0	0	0	0
9709	日コンピュタ	801	820	776	776	12
9710	第一ホテ	135	135	135	135	4
9711	日コンシス	600	608	600	600	3
9712	ファイ	580	585	580	580	14
9713	ロイヤルホ	206	206	205	206	12
9714	ＳＲＡ	3170	3170	3000	3000	3
9715	トランスコス	38150	38150	38150	38150	15.3
9716	乃村工芸社	469	469	454	454	7
9717	ジャステック	3410	3410	3400	3400	6
9718	国際観光会館	0	0	0	0	0
9719	住商情報	6960	7200	6800	6800	42
9720	グランド	0	0	0	0	0
9722	藤田観	600	604	600	600	26
9724	新阪急ホテル	0	0	0	0	0
9725	東急ホテル	145	145	141	143	47
9726	近ツーリスト	269	272	265	266	30
9727	東急観光	124	124	115	116	15
9728	日本管財	3180	3180	3100	3100	2
9729	トーカイ	0	0	0	0	0
9730	ワオコーポ	400	400	400	400	1
9731	白洋舎	310	310	305	305	7
9732	東映ラボ	0	0	0	0	0
9733	ナガセ	3300	3300	3250	3250	5
9734	精養軒	1190	1190	1190	1190	0.1
9735	セコム	10260	10260	9670	9700	936
9736	白青舎	0	0	0	0	0
9737	ＣＳＫ	15000	15360	13500	13500	1176
9738	インテック	2600	2670	2305	2345	254
9739	ＮＳＷ	9410	9600	8710	8850	16.7
9740	ＣＳＰ	650	650	650	650	4
9741	日立情報	5650	5650	5250	5250	123
9742	アイネス	3100	3150	2880	2900	298
9743	丹青社	724	725	700	700	13
9744	メイテック	3450	3450	3360	3380	75.7
9746	ＴＫＣ	3620	3620	3390	3470	34.4
9747	アサツーＤＫ	6450	6550	5840	5940	176.5
9748	ＮＪＫ	850	850	830	830	15
9749	富士ソフト	7600	7770	7300	7350	174.4
9750	ソラン	3890	3940	3680	3750	77
9751	ＴＩＳ	7300	7500	7280	7280	139
9752	ナムコ	6120	6280	5910	6000	137.3
9753	ＩＸナレッジ	970	970	950	970	3
9755	応用地質	1366	1366	1250	1260	22
9756	ＡＳＫ	506	520	506	508	61
9757	船井研	950	950	935	950	31
9758	ジシステム	600	600	570	570	24
9759	日システムデ	13510	14200	11800	12100	10.5
9760	進学会	393	393	393	393	1
9761	東海リース	210	210	210	210	7
9762	大和リース	321	321	310	318	118
9763	丸紅リ	174	174	171	171	32
9764	技研興	180	189	180	189	5
9765	オオバ	0	0	0	0	0
9766	コナミ	16290	16500	15000	15500	198.5
9767	日建工学	270	270	270	270	2
9768	国土環境	930	930	930	930	2
9769	学究社	0	0	0	0	0
9776	札臨	481	481	481	481	3
9777	日電計算	3620	3670	3410	3410	41.4
9778	昴	0	0	0	0	0
9779	メフォス	1300	1300	1300	1300	1
9780	ビステム	420	420	420	420	4
9781	石川島汎サ	410	410	410	410	1
9782	ＤＭＳ	1600	1600	1450	1450	11
9783	ベネッセ	22990	23000	21490	21500	42.6
9784	日工検	1550	1550	1550	1550	0.5
9785	大新東	438	438	438	438	1
9786	キャッツ	1250	1251	1210	1250	17
9787	Ｊメンテ	1030	1070	1001	1040	12.7
9788	ナック	930	980	930	980	28.9
9789	栄光	403	410	403	410	2
9790	福井コン	799	805	799	800	14
9791	ビケンテクノ	1050	1050	1000	1000	7
9792	ニチイ学館	19300	19500	18000	18650	87.7
9793	ダイセキ	2510	2510	2340	2340	39.6
9794	カラカミ観光	1120	1120	1120	1120	1
9795	ステップ	881	881	880	880	5
9796	ダイテック	1700	1710	1680	1680	1.1
9797	大日本コン	312	312	303	303	5
9798	シダックス	2950	3000	2950	3000	0.2
9799	旭情報	1610	1630	1610	1620	6
9810	日鉄商	105	105	102	105	21
9811	アスティス	0	0	0	0	0
9812	テーオー	0	0	0	0	0
9813	トッキ	2310	2310	2050	2050	10
9814	アシックス商	0	0	0	0	0
9815	カテナ	849	849	821	830	94
9816	バーテックス	705	710	680	680	9
9817	ゴトー	0	0	0	0	0
9818	大丸エナ	0	0	0	0	0
9820	エムティＧ	210	210	210	210	1
9821	日アムウ	1100	1100	1020	1020	8
9822	なが多	58	60	55	55	158
9823	マミーマート	1400	1400	1400	1400	1.3
9824	泉州電	0	0	0	0	0
9825	アズウェル	422	440	422	430	9.8
9826	ＪＥＵＧＩＡ	160	160	160	160	2
9827	リリカラ	0	0	0	0	0
9828	元気寿司	1100	1150	1100	1150	7
9829	ながの東急	0	0	0	0	0
9830	トラスコ中山	1299	1359	1288	1359	10.1
9831	ヤマダ電	11000	11500	10400	11500	82
9832	オートバクス	3300	3300	3160	3160	36.8
9833	エルクコーポ	630	630	630	630	1
9834	リオチェン	598	598	598	598	1.8
9835	ジュンテン	0	0	0	0	0
9836	リーバイス	930	930	930	930	1
9837	モリト	482	490	482	482	4
9838	トラベラー	840	840	830	830	3
9839	ゲッツブラザーズ	510	510	500	500	9.5
9840	ホーマック	2645	2645	2550	2550	6.8
9841	ＢＭＢ	380	460	380	460	788
9842	アークランド	1650	1660	1610	1650	35
9844	ユーエスシー	1430	1450	1400	1400	13
9845	パーカー	250	260	250	260	3
9846	天満屋ス	0	0	0	0	0
9847	ソリスト	420	420	400	400	17
9848	トヨタカローラ岐阜	0	0	0	0	0
9849	河内屋紙	0	0	0	0	0
9850	グルメ杵屋	751	751	751	751	1
9852	中央物産	341	341	341	341	2
9853	銀座ルノア	460	460	460	460	1
9854	愛眼	1400	1430	1380	1390	3.7
9855	くろがねや	630	630	620	620	5
9856	ケーユー	730	735	730	730	3.2
9857	英和	0	0	0	0	0
9858	明光商会	2350	2350	2180	2210	5.7
9859	ユーストア	1030	1030	1030	1030	18
9860	岐阜日野	0	0	0	0	0
9861	吉野家ディー	1690000	1700000	1630000	1670000	0.103
9862	メモレックス・テレ	320	322	312	312	14
9863	靴のマルトミ	200	200	200	200	0.2
9864	ナカイ	370	370	370	370	1
9865	日商エレク	1920	1920	1800	1800	67
9867	ソレキア	905	905	885	895	34
9868	トリイ	0	0	0	0	0
9869	加藤産	681	681	681	681	1
9870	ハナテン	0	0	0	0	0
9871	イトーキ	235	240	235	240	3
9872	北恵	191	191	191	191	2
9873	ケンタッキー	1173	1173	1173	1173	1
9875	マツモトキヨ	8280	8280	7980	8050	20.9
9876	コックス	467	467	458	458	7
9877	マルフル	269	269	269	269	1
9878	セキド	650	650	650	650	2
9879	フタタ	182	182	178	178	6
9880	イノテック	4050	4200	3850	3940	41.8
9882	イエロハット	1100	1100	1055	1055	22
9883	富士エレ	2210	2210	2170	2180	25
9884	都築電産	1121	1130	1060	1060	12
9885	シャルレ	838	838	800	800	7
9887	松屋フーズ	3500	3500	3230	3290	34
9888	ＵＥＸ	0	0	0	0	0
9889	ＪＢＣＣ	4310	4310	3950	4000	43
9890	マキヤ	0	0	0	0	0
9892	卑弥呼	1100	1100	1010	1010	6
9893	ホームワイド	403	403	403	403	1
9894	アトル	0	0	0	0	0
9895	コンセック	251	265	251	265	5
9896	Ｊ建材	515	520	515	520	7
9897	ユニダックス	620	650	601	630	12
9898	サハダイヤ	445	460	431	445	472
9900	サガミ	891	892	880	880	13
9901	宮	950	950	950	950	1
9902	日伝	1300	1300	1300	1300	1
9903	カンセキ	135	135	135	135	1
9904	ベリテ	241	241	240	240	23
9905	コージツ	180	180	170	170	4
9906	藤井産業	590	590	590	590	3
9907	大電社	560	560	560	560	1
9908	日本電計	0	0	0	0	0
9909	愛光電気	0	0	0	0	0
9912	ダイワボ情	2235	2240	2000	2020	45.5
9913	日邦産業	0	0	0	0	0
9914	植松商会	0	0	0	0	0
9915	アサヒビールＳ	0	0	0	0	0
9916	バイタルＮ	657	657	640	650	6.2
9917	マツモト電器	0	0	0	0	0
9918	ダイワラクダ	421	421	420	420	5
9919	関西スーパ	690	690	680	680	2
9920	シービーエム	1240	1250	1230	1230	9.5
9921	ギガス	503	503	503	503	1
9922	日立機材	485	510	485	510	8
9923	ダイトーエム	0	0	0	0	0
9924	ドミー	0	0	0	0	0
9925	北の家族	900	900	900	900	8
9926	ダイカ	410	410	410	410	5
9927	ワットマン	0	0	0	0	0
9928	ミロク情報	1650	1651	1550	1599	16
9929	平和紙業	0	0	0	0	0
9930	北沢産	252	252	250	250	18.5
9931	家族亭	681	685	681	685	3
9932	杉本商	618	618	614	614	26
9934	因幡電産	1271	1271	1271	1271	1
9935	あずみ	288	288	269	287	4
9936	王将フード	1341	1370	1331	1350	12
9937	セシール	3700	3800	3550	3550	21
9938	住金物産	86	86	85	85	28
9939	すみや	0	0	0	0	0
9940	クラヤ薬	1200	1200	1170	1185	30.8
9941	太洋物産	189	189	180	180	24
9943	ココス	611	611	610	610	3
9944	インパクト	1800	1800	1605	1789	16.1
9945	プレナス	6500	6500	6100	6100	8
9946	ミニストップ	2685	2700	2670	2690	36.5
9947	シムリー	671	710	671	685	7.9
9948	アークス	1590	1590	1550	1590	6
9949	タイヨー	0	0	0	0	0
9950	ハチバン	526	526	520	520	2
9951	カーマ	571	593	570	573	8.9
9952	ドトール	7850	7850	7500	7600	12.5
9953	ダイキ	1305	1305	1290	1290	4.1
9954	東京小僧寿し	654	654	650	650	10
9955	ヨンキュウ	2540	2580	2380	2380	21.2
9956	バロー	0	0	0	0	0
9957	バイテック	1940	2010	1850	1850	32
9958	サリ	299	299	280	280	9
9959	アシード	0	0	0	0	0
9960	東テク	500	505	500	505	8
9961	エムオーテック	150	155	150	150	4
9962	駿河製機	8350	8550	8350	8350	191.9
9963	江守商事	405	405	405	405	1
9964	アイ・テック	0	0	0	0	0
9965	福原	510	512	510	510	6
9966	藤久	2160	2160	2100	2150	3.2
9967	堺商事	0	0	0	0	0
9968	イチヤ	0	0	0	0	0
9969	ショクブン	1050	1050	1040	1050	8
9970	東洋オフィス	460	460	455	455	6
9971	カウボーイ	870	870	795	800	16
9972	アルテック	1630	1630	1450	1460	37.1
9973	小僧本部	1400	1450	1380	1450	5
9974	ベルク	0	0	0	0	0
9975	マルヤ	3250	3250	3250	3250	0.5
9976	セキチュー	0	0	0	0	0
9977	アオキスーパ	0	0	0	0	0
9978	文教堂	1020	1020	980	980	7
9979	大庄	1189	1210	1189	1191	10.5
9980	マルコ	1021	1029	1020	1020	12.7
9981	ニック産業	0	0	0	0	0
9982	タキヒヨー	590	590	590	590	1
9983	ファストリ	41650	41650	39000	39500	91.7
9984	ソフトバンク	86100	88300	81600	81600	520.1
9985	榮太郎	750	750	745	745	3
9986	蔵王産業	0	0	0	0	0
9987	スズケン	2865	3100	2815	3100	36.4
9988	神港魚類	0	0	0	0	0
9989	サンドラッグ	6500	6600	6500	6600	2
9990	東京デリカ	550	550	550	550	1
9991	ジェコス	370	405	370	380	25.9
9992	理研グリン	0	0	0	0	0
9993	ヤマザワ	1380	1380	1380	1380	1
9994	やまや	850	850	830	850	2.5
9995	イーストン	740	740	740	740	3
9996	サトー商会	0	0	0	0	0
9997	ベルーナ	2540	2545	2450	2490	38.5
