20000824
1001	日経２２５	16433	16778	16433	16671	69.666
1002	ＴＯＰＩＸ	1500	1520	1500	1511	69.666
1301	極洋	143	149	143	147	289
1319	日経300F	295	300	294	300	121
1331	ニチロ	167	169	166	166	162
1332	日水	191	193	184	187	1246
1333	マルハ	137	138	136	137	373
1351	宝幸水産	77	79	77	78	102
1352	ホウスイ	92	95	89	94	47
1376	カネコ種	805	805	805	805	1
1377	サカタタネ	2150	2170	2150	2150	42.6
1378	雪国まいたけ	668	670	660	660	3
1379	ホクト	3210	3270	3200	3200	14.6
1380	秋川牧園	602	602	602	602	1
1491	中外鉱	258	262	256	256	2408
1501	三井鉱山	95	97	95	95	166
1503	住友炭	78	80	78	80	53
1515	日鉄鉱	242	242	239	240	85
1518	三井松島	175	179	175	178	38
1601	帝石	370	389	370	381	544
1603	アラビア石油	345	360	345	357	102.1
1661	ガス開	446	462	446	462	85
1701	昭和鉱	296	300	295	298	55
1702	共立マテリア	407	415	405	406	31
1735	伊田テクノス	399	400	399	400	18
1736	オーテック	320	320	320	320	2
1737	三井エンジ	381	395	380	380	9
1738	ＮＩＴＴＯＨ	0	0	0	0	0
1739	ＳＥＥＤ	360000	360000	350000	350000	0.01
1740	極東工業	370	370	370	370	6
1741	ミサワサンイ	750	750	750	750	1
1742	セコムテクノ	2730	2750	2730	2730	5
1743	コーアツ工業	500	500	500	500	2
1744	キョーエイ	520	520	520	520	1
1745	ミサワホーム東海	0	0	0	0	0
1746	光和建設	0	0	0	0	0
1748	ミサワ北日	0	0	0	0	0
1750	カナック	0	0	0	0	0
1751	日立プラサ	0	0	0	0	0
1752	富士通シス	1310	1310	1300	1310	6
1753	土屋ツバイ	0	0	0	0	0
1754	東新住建	808	815	803	803	5
1755	JFE工建	375	379	375	379	16
1756	和興エンジ	257	257	257	257	2
1757	千年の杜	277	281	272	281	24
1758	太洋基礎	490	495	488	495	6
1759	ジオトップ	0	0	0	0	0
1762	高松建設	1300	1300	1300	1300	0.5
1763	北陸ミサワ	0	0	0	0	0
1764	工藤建設	0	0	0	0	0
1765	イビデンテック	330000	330000	330000	330000	0.001
1766	東建コーポ	1530	1540	1470	1500	31
1767	沖ウィン	0	0	0	0	0
1768	ソネック	0	0	0	0	0
1770	藤田エンジ	760	760	760	760	3
1772	東北エンタープライズ	215	220	210	220	8
1774	機動建	0	0	0	0	0
1775	富士電Ｅ＆Ｃ	218	218	218	218	1
1776	三井住建道路	104	104	101	101	3
1777	川崎設備	0	0	0	0	0
1778	古河総設	220	220	220	220	1
1779	松本建工	0	0	0	0	0
1780	ヤマウラ	368	370	368	370	2
1781	国土総合	306	306	305	306	7
1782	常磐開発	0	0	0	0	0
1783	南野建設	0	0	0	0	0
1784	サワコー	410	410	410	410	1.3
1785	ナナボシ	0	0	0	0	0
1786	オリ建	396	405	396	405	6.1
1787	ナカボテック	206	206	206	206	2
1788	三東工業	0	0	0	0	0
1789	山加電業	320	335	320	335	1.1
1790	平和奥田	0	0	0	0	0
1791	三井木材	145	149	143	146	17.5
1792	みらい建設Ｇ	210	219	206	206	6
1793	大本組	0	0	0	0	0
1795	マサル	0	0	0	0	0
1796	トヨタウッド	270	270	267	267	2.6
1797	藤木工務店	0	0	0	0	0
1798	守谷商会	0	0	0	0	0
1799	第一建設	225	225	225	225	1
1800	利塚地下技術	185	185	185	185	3
1801	大成建	158	163	158	163	987
1802	大林組	450	460	450	456	911
1803	清水建	315	320	314	318	840
1804	佐藤工業	50	52	50	52	373
1805	飛島建	42	43	41	43	429
1806	ACリアル	38	41	38	41	3037
1807	渡辺組	0	0	0	0	0
1808	長谷工	37	38	37	37	1192
1809	富士工	67	69	67	69	20
1810	松井建	311	315	310	310	20
1811	銭高組	261	261	261	261	3
1812	鹿島	340	345	333	342	741
1813	不動建	144	144	141	141	42
1814	大末建	68	69	68	69	86
1815	鉄建	116	120	116	120	488
1816	安藤建	223	228	223	223	19
1817	勝村建	135	143	135	138	12
1818	日産建設	100	100	96	100	69
1819	太平工	146	149	146	149	25
1820	西松建	371	378	371	374	685
1821	三井住友建	70	71	69	71	113
1822	大豊建	160	165	160	163	27
1823	住友建設	80	82	80	80	109
1824	前田建	412	419	410	419	338
1825	環境建設	93	109	93	106	802
1826	佐田建	144	147	143	144	11
1827	ナカノフドー建	86	88	84	86	30
1828	田辺工業	0	0	0	0	0
1829	大和建設	0	0	0	0	0
1830	共栄冷機工業	0	0	0	0	0
1831	積水ハ北陸	726	741	725	740	9
1833	奥村組	379	385	378	378	113
1834	小田急建	241	250	241	250	7
1835	東鉄工	224	232	224	232	9
1836	大日本土木	152	154	152	154	14
1837	間組	49	50	48	48	666
1838	古久根建設	97	99	97	99	5
1839	真柄建	159	160	153	158	26
1840	土屋ホーム	290	290	286	290	2.8
1841	サンユ	490	490	490	490	1
1842	昭和テクノ	901	901	875	875	4
1844	大盛工業	133	133	131	131	8
1845	森本組	108	108	108	108	3
1846	鈴縫工	0	0	0	0	0
1847	イチケン	102	105	102	105	22
1848	富士ＰＳ	468	468	468	468	1
1850	南海辰村建	79	79	78	79	4
1851	大木建設	191	198	191	197	21
1852	浅沼組	163	164	162	163	15
1853	森組	0	0	0	0	0
1854	新井組	120	120	118	120	31
1855	東急建設	85	100	84	90	2964
1856	ジェイオー建設	0	0	0	0	0
1857	松村組	106	109	106	109	11
1858	井上工	76	76	70	72	49
1860	戸田建	487	510	487	490	608
1861	熊谷組	40	42	39	42	2874
1862	横河工事	361	370	361	361	2.2
1863	テトラ	212	218	212	218	8
1865	青木あすなろ建	138	140	137	140	13
1866	北野建	238	244	238	240	38
1867	植木組	174	180	174	180	12
1868	三井ホーム	415	420	414	414	54
1869	名工建	0	0	0	0	0
1870	矢作建	380	380	380	380	4
1871	ピーエス三菱	406	410	396	399	31.7
1872	アゼル	314	314	310	313	39
1873	東ハウス	400	401	400	400	17
1874	佐藤秀	0	0	0	0	0
1875	青木マリン	300	302	300	302	2
1877	川田建設	0	0	0	0	0
1878	大東建	1795	1820	1793	1797	302.7
1879	新日本建	0	0	0	0	0
1880	スルガコーポ	1480	1480	1460	1460	2
1881	ＮＩＰＰＯ	480	487	480	487	80
1882	東亜道	217	219	213	219	17
1883	前田道	505	515	505	510	72
1884	日道路	162	167	162	167	41
1885	東亜建	128	138	128	137	506
1886	青木建設	33	35	33	35	715
1888	若築建	123	124	122	123	123
1889	佐伯建	136	140	134	139	13
1890	東洋建	86	89	86	87	66
1892	徳倉建	275	275	275	275	1
1893	五洋建	142	142	140	140	144
1895	大成ロテック	162	165	161	161	35
1896	大林道	280	285	271	279	29
1897	金下建	501	505	501	502	34
1898	世紀東急	84	88	84	88	21
1899	福田組	280	288	276	286	13
1900	白石	415	450	415	450	60
1902	山崎建設	0	0	0	0	0
1904	大成温調	0	0	0	0	0
1905	テノックス	0	0	0	0	0
1906	細田工務	0	0	0	0	0
1907	東北ミサワ	530	549	530	533	12
1908	三平建設	468000	468000	468000	468000	0.001
1909	日本ドライ	313	345	312	344	138.5
1910	フドウ建研	125	125	125	125	1
1911	住友林	840	848	839	848	137
1912	ミサワセラミ	374	374	374	374	2
1913	旭ホームズ	0	0	0	0	0
1914	日基技	493	504	493	493	33.7
1915	東京ミサワホーム	0	0	0	0	0
1916	日成ビルド	162	166	162	166	17
1917	ニッセキハウス	123	125	122	125	93
1919	エスバイエル	248	255	248	251	129
1920	殖産住宅相互	107	107	102	102	1365
1921	巴	167	167	166	166	9
1922	大成ユーレック	123	125	123	125	37
1923	ミサワホーム	343	344	339	339	60
1924	パナホーム	710	730	709	720	225
1925	大和ハウス	750	773	747	766	2400
1926	ライト	448	450	445	445	55.7
1927	中 部	0	0	0	0	0
1928	積ハウス	1170	1199	1170	1182	1988
1929	日特建	198	200	195	195	39
1930	北陸電工	290	290	280	280	7
1931	日本電通	306	310	306	310	6
1932	コミュチュア	482	500	482	500	8
1933	西シス建	0	0	0	0	0
1934	ユアテック	350	365	350	364	83
1935	ＴＴＫ	250	252	248	248	23
1936	シーキューブ	270	275	270	275	7.5
1937	西部電工	325	330	323	330	19
1938	千歳電	249	250	249	250	5
1939	四電工	373	379	373	379	18
1940	つうけん	231	231	231	231	1
1941	中電工	1291	1292	1280	1287	176
1942	関電工	596	610	596	608	891
1943	大明	1018	1018	1005	1007	31
1944	きんでん	657	675	657	670	145
1945	東京エネシス	379	382	372	372	40
1946	トーエネク	404	410	403	410	32
1947	日本コムシス	2075	2080	2040	2060	236
1948	弘電社	457	540	445	540	210
1949	住友電設	551	569	551	569	13.6
1950	電設工	409	427	408	420	242
1951	協エクシオ	1236	1236	1216	1222	200
1952	新日空調	365	385	365	382	10.3
1953	国際電設	0	0	0	0	0
1954	日工営	215	221	215	216	159
1955	東電通	450	450	438	438	19
1956	日電設	406	409	398	408	31
1957	保安工	0	0	0	0	0
1958	三和エレック	296	310	295	310	16
1959	九電工	441	451	441	445	408
1960	サンテック	385	385	375	375	5
1961	三機工	663	680	655	672	597
1962	エルゴテック	159	161	159	161	7
1963	日揮	518	525	516	522	941
1964	中外炉	375	388	371	385	20
1965	テクノ菱和	540	540	540	540	4.8
1966	高田工	300	300	300	300	4
1967	ヤマト	315	320	312	319	18
1968	太平電	245	249	243	243	153
1969	高砂熱	836	858	836	855	38
1970	日立プラ	286	290	281	289	35
1971	ビルト工	78	78	78	78	1
1972	三晃金	103	105	101	104	26
1973	ＮＥＣシス建	2270	2295	2265	2265	74.2
1974	宮地建設工業	625	645	625	640	26
1975	朝日工	292	320	291	320	173
1976	明星工	136	139	136	136	36
1977	ジェイコス	480	500	480	500	4
1978	アタカ	256	256	249	250	25
1979	大気社	1180	1200	1180	1190	48
1980	ダイダン	507	507	507	507	7
1981	協和日成	0	0	0	0	0
1982	日比谷設	512	524	512	523	15
1983	東芝プラ	246	257	246	256	15
1984	三信建	0	0	0	0	0
1985	大和電設	300	300	281	284	21
1986	日商インター	960	1050	950	1030	23
1987	ソルコム	260	260	260	260	3
1988	シボンド建	1345	1347	1335	1335	23.2
1989	北陸電話	0	0	0	0	0
1990	東邦建	230	230	230	230	2
1991	都築通技	0	0	0	0	0
1992	神田通機	0	0	0	0	0
1993	ニッタン	192	207	192	207	5
1994	高橋ウォール	0	0	0	0	0
1995	鈴木工務店	165	165	165	165	2
1996	三菱建設	179	179	179	179	1
1997	暁飯島工業	155	155	155	155	1
1998	日本土建	0	0	0	0	0
2001	日本粉	262	274	262	273	383
2002	日清粉	1030	1054	1027	1045	707
2003	日東粉	210	210	209	210	15
2004	昭和産	185	186	184	186	67
2006	東福粉	90	92	90	92	2
2007	富士粉	0	0	0	0	0
2008	増田粉	0	0	0	0	0
2009	鳥越粉	381	386	373	373	29
2051	農産工	181	189	181	183	299
2052	協同飼	117	117	116	117	36
2053	中部飼	610	615	610	610	11
2055	日和産	0	0	0	0	0
2056	日配飼	130	131	126	131	38
2057	雪印種	550	570	545	560	21
2102	台糖	261	270	261	269	14
2107	東洋糖	144	150	144	145	37
2108	甜菜糖	145	147	145	145	45
2109	三井糖	218	218	209	209	64
2111	フジ製糖	191	191	191	191	3
2112	塩水糖	321	324	320	320	9
2113	新光糖	185	205	185	205	2
2114	フジ日本精糖	0	0	0	0	0
2116	日新糖	128	130	128	130	15
2201	森永	240	248	240	247	305
2202	明菓	644	651	634	635	385
2204	中村屋	288	290	285	285	11
2205	駿河屋	100	100	100	100	2
2206	グリコ	652	664	651	651	272
2207	名糖産	1070	1120	1070	1120	11
2208	ブルボン	0	0	0	0	0
2209	井村屋	430	430	430	430	3
2211	不二家	245	252	244	247	173
2212	山パン	902	914	900	900	174
2213	ナガサキヤ	7	8	6	8	294
2215	一パン	289	290	288	288	25
2216	カンロ	275	275	275	275	2
2217	モロゾフ	220	240	220	233	111
2219	タカラブネ	106	107	105	107	19
2220	亀田製菓	500	510	500	500	8
2221	岩塚製菓	0	0	0	0	0
2222	寿製菓	435	435	435	435	1
2224	コモ	1520	1530	1520	1530	5
2261	明乳	484	495	484	491	526
2262	雪印	420	430	419	427	1983
2264	森永乳	290	293	289	292	180
2266	六甲バタ	376	380	375	380	17
2267	ヤクルト	1133	1134	1120	1123	184
2268	サーティワン	710	710	710	710	1
2281	プリマ	142	145	142	143	89
2282	日ハム	1441	1460	1420	1420	270
2284	伊藤ハ	419	420	414	417	210
2286	林兼	157	163	156	160	202
2287	雪印食品	206	206	206	206	2
2288	丸大食	171	174	169	169	347
2289	相模ハム	0	0	0	0	0
2290	米久	1296	1304	1296	1304	12.5
2291	福留ハ	0	0	0	0	0
2292	ＳＦＯＯＤＳ	976	976	975	975	3
2293	滝沢ハム	840	840	840	840	1
2294	柿安本店	1140	1140	1120	1120	2
2501	サッポロＨＤ	365	380	365	371	363
2502	アサヒ	992	1008	992	996	740
2503	キリン	1228	1235	1224	1225	1703
2531	宝ＨＤ	2115	2190	2115	2160	1002
2533	オエノンＨＤ	248	248	243	243	13
2536	メルシャン	297	314	296	313	288
2538	マルキン忠勇	162	170	160	165	30
2540	養命酒	679	680	671	680	16
2541	ニッカ	275	275	275	275	7
2571	中京コカ	962	964	960	960	23
2572	三国コカ	1215	1215	1195	1196	177
2573	北海コカ	945	945	945	945	6
2575	三笠コカ	744	751	744	750	5.2
2576	近畿コカ	1260	1269	1250	1262	52
2577	富士コカ	909	910	900	909	22
2578	四国コカ	1061	1061	1061	1061	1.8
2579	コカウエスト	2980	3030	2970	3030	65.5
2591	カルピス	491	500	490	490	45
2592	ポッカ	440	445	440	444	17
2593	伊藤園	7940	7960	7820	7830	66.7
2594	キーコーヒー	1450	1460	1439	1449	14.8
2595	キリンビバ	3060	3090	3030	3040	240
2596	キューサイ	2700	2750	2700	2740	11.4
2597	ユニカフェ	2330	2480	2330	2480	26.3
2598	アサヒ飲料	890	897	890	894	47.5
2599	ジャパンＦ	1010	1020	1010	1010	10
2601	ホーネンコーポ	190	209	189	209	896
2602	日清オイリオ	331	345	331	345	270
2604	吉原製油	300	307	290	295	5
2605	熊沢製油	0	0	0	0	0
2607	不二油	895	901	885	901	70
2608	ボーソー	0	0	0	0	0
2611	摂津油	329	329	256	256	14
2612	かどや製油	0	0	0	0	0
2650	橘テクトロン	1380	1380	1270	1280	138
2651	ローソン	5650	5710	5570	5700	385.5
2652	まんだらけ	490000	490000	470000	470000	0.012
2653	イオン九州	750	770	750	770	13
2654	シンワ	330	330	320	320	5
2655	マックス東北	725	730	710	710	14
2656	ベクター	2180000	2360000	2000000	2360000	0.049
2801	キッコマン	779	798	775	786	357
2802	味の素	1178	1219	1166	1219	1014
2804	ブルドック	0	0	0	0	0
2805	エスビー	580	580	580	580	4
2806	ユタカフーズ	0	0	0	0	0
2808	サンビシ	0	0	0	0	0
2809	キユーピー	949	955	940	948	191
2810	ハウス食品	1510	1572	1510	1558	198
2811	カゴメ	1150	1174	1150	1170	74
2812	焼津水化	1550	1640	1550	1630	48
2813	和弘食品	127	127	127	127	1
2814	佐藤食品	900	900	900	900	1
2815	アリアケ	7160	7300	7160	7300	14.3
2816	ダイショー	0	0	0	0	0
2817	ギャバン	0	0	0	0	0
2830	アヲハタ	0	0	0	0	0
2831	はごろも	1140	1140	1133	1136	6
2871	ニチレイ	395	405	388	390	641
2872	セイヒョー	0	0	0	0	0
2873	加ト吉	2745	2775	2745	2745	57.1
2874	ヨコレイ	713	713	706	709	60
2875	東洋水	1011	1025	1011	1018	53
2876	ＪＣコムサ	0	0	0	0	0
2877	日東ベスト	0	0	0	0	0
2878	赤城水産	0	0	0	0	0
2879	ニチロサンフズ	0	0	0	0	0
2891	酵母工	537	537	521	530	12
2892	日食品	0	0	0	0	0
2893	ローマイヤ	122	124	122	124	5
2894	石井食	275	275	275	275	1
2897	日清食	2890	2900	2840	2845	134.7
2898	ソントン	1010	1049	1010	1010	7
2899	永谷園	860	863	860	860	30
2900	明星食	239	239	238	238	8
2901	石垣食	366	366	366	366	2
2902	太陽化	505	506	505	506	13
2903	シノブフズ	160	165	160	165	2
2904	一正蒲鉾	0	0	0	0	0
2905	オーケー食	0	0	0	0	0
2906	ホッコク	0	0	0	0	0
2907	あじかん	575	575	565	565	3.5
2908	フジッコ	1679	1682	1660	1660	18
2909	トオカツフズ	300	300	295	295	4
2910	Ｒフィールド	5600	5700	5600	5680	17.9
2911	旭松食品	0	0	0	0	0
2912	鐘崎	0	0	0	0	0
2913	フジフーズ	260	260	260	260	4
2914	ＪＴ	872000	897000	870000	893000	1.135
2915	ケンコーマヨ	0	0	0	0	0
2916	仙波糖化	339	360	339	360	2
2917	大森屋	774	775	774	775	4
2918	わらべ日洋	1080	1090	1080	1090	3
2920	ケイビー	1100	1180	1100	1180	3
2921	フクシマフズ	0	0	0	0	0
2922	なとり	1260	1260	1230	1230	4
3001	片倉	501	510	501	510	7
3002	グンゼ	364	369	359	360	514
3003	昭栄	1008	1020	1008	1008	11
3004	神栄	162	164	160	164	19
3007	神戸生絲	51	52	51	52	12
3009	川島織	170	175	169	172	259
3010	上毛	680	750	680	750	51
3011	バナーズ	100	100	100	100	1
3101	東洋紡	213	215	210	212	1064
3102	カネボウ	319	326	316	323	1151
3103	ユニチカ	68	69	68	69	1237
3104	富士紡Ｈ	67	68	65	65	49
3105	日清紡	499	515	499	513	468
3106	クラボウ	160	167	160	164	347
3107	ダイワボウ	109	109	107	107	28
3109	シキボウ	81	82	80	81	138
3110	日東紡	133	137	133	136	1006
3111	オーミケン	85	85	82	85	6
3113	ＢＳＬ	68	70	66	70	47
3114	同興紡	110	110	110	110	13
3115	テザック	58	59	57	58	62
3116	トヨタ紡織	800	810	800	800	8
3117	興和紡	330	330	330	330	1
3121	アセットイン	0	0	0	0	0
3123	サイボー	0	0	0	0	0
3125	内外綿	0	0	0	0	0
3128	テラボウ	0	0	0	0	0
3129	ファブリカＴ	0	0	0	0	0
3201	日毛	416	416	410	413	157
3202	大東紡	100	102	98	102	27
3203	東亜紡織	91	94	91	91	3
3205	ダイドー	362	363	345	353	206
3206	南海毛糸紡績	0	0	0	0	0
3207	中央毛	156	160	156	159	13
3209	カネヨウ	110	110	108	109	12
3211	太陽毛絲紡	82	85	82	85	2
3216	御幸ＨＤ	430	441	430	441	5
3302	帝繊維	195	204	191	198	28
3304	トスコ	101	102	101	101	5
3306	日本麻	61	61	61	61	4
3401	帝人	410	416	410	411	2071
3402	東レ	391	401	391	394	1480
3403	東邦テナ	113	113	110	112	102
3404	三菱レ	290	295	285	293	1201
3405	クラレ	990	1008	983	983	956
3407	旭化成	687	699	687	697	1480
3408	サカイオーベ	105	116	105	116	137
3409	北日紡	120	120	118	118	3
3411	オートリ	168	168	165	166	17
3420	ケーエフシー	1000	1000	1000	1000	7
3421	稲葉製作	1276	1300	1276	1300	2.2
3422	丸順	0	0	0	0	0
3423	エスイー	470	480	470	480	2
3424	ミヤコ	410	415	400	410	25
3425	本郷	759	759	759	759	4
3501	住江織	116	120	116	118	26
3503	東和織	0	0	0	0	0
3512	フエルト	309	313	308	310	13
3513	イチカワ	242	245	236	244	19
3514	バイリーン	248	259	248	254	20
3515	フジコー	420	420	415	415	3
3521	エコナック	95	95	91	93	41
3524	日東網	93	93	91	92	11
3526	芦森工	211	214	211	214	38
3528	グローベルス	158	173	158	173	103
3529	アツギ	99	100	99	100	221
3532	堀田産	58	58	58	58	1
3533	ダイオ化成	685	685	685	685	2
3534	ＮＢＣ	1050	1050	1050	1050	2
3551	ダイニック	177	179	175	177	23
3552	洋クロス	250	250	250	250	5
3553	共和レ	451	484	451	484	7
3569	セーレン	402	405	402	405	12
3570	オリカキャピ	0	0	0	0	0
3571	ソトー	548	548	548	548	2
3572	大同マルタ	0	0	0	0	0
3576	カンボウ	87	87	87	87	1
3577	東海染	133	133	130	133	13
3578	倉庫精	124	124	124	124	12
3580	小松精	311	311	310	310	5
3581	岐セン	0	0	0	0	0
3583	オーベクス	0	0	0	0	0
3584	福助	175	177	170	174	15
3585	トムスエンタ	375	385	361	384	352
3587	ＩＢダイワ	190	195	170	173	395
3588	丸山工	0	0	0	0	0
3591	ワコール	925	926	910	910	219
3592	ＣＨＯＹＡ	210	210	210	210	1
3593	ホギメデ	6820	7000	6820	6870	19.4
3594	モリシタ	0	0	0	0	0
3595	ヤギコーポ	360	360	360	360	2
3596	ワールド	3550	3590	3440	3440	58.6
3597	自重堂	0	0	0	0	0
3598	山喜	252	252	251	251	4
3599	コーコス	0	0	0	0	0
3600	フジックス	0	0	0	0	0
3601	ニチメンイン	1480	1500	1480	1490	4.5
3602	イタリヤード	0	0	0	0	0
3603	チャッコット	0	0	0	0	0
3706	東海パ	440	440	438	440	20
3861	王子紙	730	743	720	735	850
3863	日本製紙	709	725	707	713	1469
3864	三菱紙	246	262	246	258	700
3865	北越紙	920	958	917	950	773
3868	高崎三興	105	109	105	109	71
3869	日本板紙	245	249	245	249	13
3870	日本加工製紙	81	83	80	82	34
3871	大昭和紙	415	436	415	434	35
3872	三島紙	165	165	165	165	4
3877	中越パ	300	300	295	300	83
3878	巴川紙	525	550	524	550	235
3880	大王紙	1082	1095	1081	1087	61
3881	特種紙	418	434	418	424	36
3882	紀州紙	208	210	207	207	29
3886	チューエツ	100	100	100	100	4
3887	中央板紙	110	115	110	115	12
3889	大平製紙	0	0	0	0	0
3890	ゼネＫＫ	611	611	605	605	9
3891	高度紙	1580	1580	1580	1580	3
3941	レンゴー	591	597	590	591	422
3944	古林紙	0	0	0	0	0
3945	スパバッグ	181	181	181	181	3
3946	トーモク	220	223	219	219	54
3947	ダイナパック	485	485	485	485	1
3948	光ビジネス	0	0	0	0	0
3949	日本ハイパック	249	250	249	250	2
3950	ザ・パック	870	870	870	870	0.5
3951	朝日印刷	0	0	0	0	0
3952	中央紙器	0	0	0	0	0
3953	大村紙業	0	0	0	0	0
3954	昭和パックス	0	0	0	0	0
3955	イムラ封筒	750	750	750	750	1
3971	東セロ	315	315	310	315	4
4003	コープケミ	101	103	101	102	10
4004	昭電工	156	160	156	160	815
4005	住友化学	530	552	525	525	3099
4007	日化成	157	163	157	163	40
4008	住友精化	270	274	268	274	26
4010	三菱化学	366	378	366	368	2047
4021	日産化	760	781	760	780	543
4022	ラサ工	309	313	306	307	311
4023	呉羽化	297	305	295	302	142
4025	多木化	393	395	390	390	28
4026	神島化	370	370	370	370	1
4027	テイカ	279	279	270	270	32
4028	石原産	165	167	164	165	212
4031	チッカリン	365	365	365	365	2
4032	日東バイオン	192	200	190	200	9
4033	日東エフシー	410	410	410	410	1
4041	日曹達	380	386	376	382	684
4042	東ソー	404	412	402	402	1033
4043	トクヤマ	638	653	638	644	523
4044	セ硝子	602	615	598	599	505
4045	東合成	240	249	240	242	616
4046	ダイソー	229	231	227	227	23
4047	関電化	550	551	531	536	224
4050	鶴見曹達	476	476	476	476	1
4061	電化	431	444	427	439	1487
4062	イビデン	2400	2400	2340	2360	475
4063	信越化	5060	5190	5060	5110	543
4064	カーバイド	125	127	124	125	320
4065	紀文フ	405	406	405	405	6
4077	富士チタン工業	490	495	475	485	16
4078	堺化学	760	786	760	775	132
4079	ハクスイテック	1600	1600	1600	1600	0.5
4080	田中化研	2250	2390	2180	2360	29
4086	日本エア・リキード	579	600	571	589	463
4088	エアウォータ	375	384	375	380	213
4089	大阪酸素工業	245	250	245	250	21
4091	大陽日酸	399	406	398	401	501
4092	日本化	377	385	371	385	332
4093	アセチレン	88	88	88	88	2
4094	日化産	290	290	288	288	14
4095	パーカライ	369	369	366	366	14
4096	昭炭酸	281	281	281	281	4
4097	高圧ガス	320	320	317	320	31
4098	チタン	185	194	185	186	10
4099	四国化	360	370	360	365	16
4100	戸田工	635	649	635	636	79
4101	日興酸素	0	0	0	0	0
4102	丸尾カル	0	0	0	0	0
4103	大陽東洋酸素	205	206	204	204	211
4104	タテホ	230	235	230	235	20
4105	メルテックス	855	855	850	850	5
4106	ケムキャット	0	0	0	0	0
4107	伊勢化	422	422	422	422	1
4109	ステラケミ	6400	6650	6250	6300	18.6
4112	保土谷	181	186	181	185	22
4113	田岡化	0	0	0	0	0
4114	日触媒	590	600	587	590	259
4115	本州化	800	800	790	790	6
4116	大日精	376	394	376	394	26
4117	川崎化	141	142	141	142	13
4118	カネカ	1204	1220	1204	1213	520
4119	ピグメント	360	360	350	360	14
4120	スガイ	311	311	310	310	2
4123	山化成	780	785	770	770	14
4151	協発酵	883	925	883	922	866
4182	菱ガス化	345	357	339	353	1094
4183	三井化学	560	592	559	586	3499
4185	ＪＳＲ	717	730	716	720	839
4186	東応化	2380	2460	2380	2430	344.1
4187	大有機	573	573	573	573	5
4201	日合成	155	155	150	150	81
4202	ダイセル	303	313	303	312	401
4203	住友ベ	1361	1380	1325	1326	659
4204	積水化	423	424	419	423	1287
4205	ゼオン	565	585	563	576	412
4206	アイカ	834	864	834	864	147
4208	宇部興	290	293	285	290	1762
4209	フドー	107	107	107	107	2
4210	東洋化学	463	470	458	470	32
4212	積水樹	385	389	385	389	59
4213	菱樹脂	220	229	215	226	198
4214	高分子	390	400	387	394	52
4215	タキロン	420	434	420	430	222
4216	旭有機	332	336	331	334	42
4217	日立化	2300	2420	2300	2410	219.5
4218	ニチバン	383	383	383	383	6
4219	プラス・テク	105	105	105	105	2
4220	リケンテクノ	330	334	330	330	48
4221	大倉工	415	418	410	410	51
4222	児玉化	0	0	0	0	0
4224	ロンシール	79	79	75	75	13
4225	筒中	340	346	340	346	20
4226	テスコ	274	274	274	274	1
4227	郡是高分子	0	0	0	0	0
4228	積化成	200	202	198	198	81
4229	群栄化	171	173	170	173	41
4231	タイガポリ	0	0	0	0	0
4232	東芝ケミカル	380	398	378	390	110
4233	ワコー	478	478	478	478	6
4234	サンエー化研	790	819	790	819	3
4271	カーリット	790	790	790	790	2
4272	日化薬	604	620	603	606	546
4274	細火工	0	0	0	0	0
4361	川口化	150	150	150	150	1
4362	日精化	424	426	424	426	4
4363	新日鐵化学	198	199	190	190	101
4364	マナック	0	0	0	0	0
4365	松本油脂	2020	2020	2010	2010	2
4366	ダイトーケミ	880	880	880	880	1
4367	広栄化学	0	0	0	0	0
4401	旭電化	860	873	825	830	1389
4403	日油脂	245	248	239	239	1157
4404	ミヨシ	264	264	255	257	74
4406	日理化	610	610	599	610	51
4409	東邦化	0	0	0	0	0
4410	ハリマ化成	430	444	430	444	41
4452	花王	2870	2910	2850	2855	1338
4461	一工薬	340	346	333	340	26
4462	石原薬品	0	0	0	0	0
4463	日華化学	0	0	0	0	0
4471	三洋化	929	939	918	918	212
4501	三共	2500	2550	2495	2545	1285
4502	武田	6620	6670	6600	6610	1216
4503	アステラス薬	5100	5310	5100	5290	1105
4505	第一製薬	2750	2795	2720	2780	1164
4506	大日薬	1390	1435	1390	1430	644
4507	塩野義	1847	1915	1818	1818	511
4508	田辺薬	785	800	780	797	183
4509	三菱ウェルファーマ	838	855	838	845	777
4511	藤沢薬品	3660	3740	3650	3700	1180
4512	わかもと	473	474	467	468	14
4514	帝臓器	779	779	760	775	10
4515	萬有製薬	2290	2300	2260	2260	906
4516	日新薬	939	960	939	950	92
4517	ビオフェル	963	963	963	963	0.5
4518	富山化	540	554	535	554	685
4519	中外薬	1959	1980	1959	1971	459
4520	和光堂	3300	3300	3300	3300	0.5
4521	科研薬	712	718	705	718	205
4523	エーザイ	3180	3260	3160	3220	615
4524	仁丹	1651	1700	1651	1692	9
4526	理ビタ	1540	1640	1540	1640	68
4527	ロート	1280	1286	1240	1260	86
4528	小野薬	4450	4500	4380	4500	89
4529	日研化	394	395	388	392	16
4530	久光薬	1630	1690	1630	1680	95
4531	有機薬	386	387	370	385	13
4534	持田薬	703	725	703	720	75
4535	大正薬	3410	3500	3410	3460	396
4536	参天薬	2420	2495	2420	2495	112
4537	エスエス	1025	1040	1025	1035	76
4538	扶桑薬	600	611	595	610	61
4539	ケミファ	263	267	263	263	24
4540	ツムラ	388	389	386	386	25
4541	日医工	165	165	165	165	5
4542	三笠薬	435	435	426	430	3
4543	テルモ	2950	3030	2950	3000	638.3
4544	みらかＨＤ	710	720	709	709	113
4545	国際試薬	364	364	364	364	2
4546	北陸製薬	1459	1560	1451	1505	552
4547	キッセイ	2155	2230	2155	2200	80
4548	生化学	1090	1090	1080	1080	6
4549	栄研化	1650	1760	1630	1755	46
4550	日水薬	638	638	622	622	5
4551	鳥居薬	2800	2850	2800	2845	10.4
4552	日本ケミカル	770	770	755	755	37
4553	東和薬品	740	750	730	740	38
4554	富士製薬	370	370	370	370	2
4555	沢井製薬	1300	1300	1300	1300	2
4556	カイノス	1200	1240	1200	1240	3
4557	医学生物	4450	4600	4450	4600	25
4558	中京医薬	985	1000	975	1000	2.5
4559	ゼリア新薬	1181	1196	1181	1196	6
4560	キョーリン薬	4000	4100	4000	4090	55
4561	デンカ生研	2190	2200	2190	2190	3
4611	大日塗	177	185	177	185	40
4612	日本ペ	347	355	340	355	321
4613	関西ペ	275	275	267	267	426
4614	トウペ	162	165	160	165	17
4615	神東塗	139	139	139	139	3
4616	川上塗	118	118	117	117	7
4617	中国塗	225	230	221	230	134
4619	日特塗	257	262	257	258	12
4620	藤倉化	426	439	426	439	21
4621	ロック	0	0	0	0	0
4622	ユニペイン	0	0	0	0	0
4623	アサヒペン	298	298	291	291	8
4624	イサム	402	402	402	402	2
4625	アトミクス	0	0	0	0	0
4626	太陽インキ	6200	6200	6100	6150	7.2
4627	ナトコ	960	980	950	960	11
4628	エスケー化研	0	0	0	0	0
4629	大伸化学	0	0	0	0	0
4631	インキ	392	408	392	399	969
4633	サカタＩＮＸ	280	284	280	283	22
4634	洋インキ	220	224	214	214	364
4635	東インキ	242	242	241	241	3
4636	Ｔ＆Ｋ	2840	2900	2840	2900	5.9
4640	アンドール	471	481	465	465	7
4641	アルプス技	1850	1850	1810	1810	9
4642	オリジナル設	990	990	990	990	0.5
4643	コナミスポ	8000	8390	8000	8370	7.8
4644	イマジニア	1820	1820	1700	1800	8
4645	市進	0	0	0	0	0
4646	ジャスフォート	930	930	901	901	3.8
4649	大成	0	0	0	0	0
4650	スガイエンタ	580	580	580	580	1.2
4651	サニックス	6850	7000	6800	7000	16
4652	ウッドランド	2450	2450	2300	2390	19.2
4653	ダイオーズ	745	745	745	745	1
4654	ニチゾウテク	357	357	357	357	1
4655	ＮＯＶＡ	680	680	680	680	4
4656	サン・ライフ	3380	3380	3350	3380	0.4
4657	環境管理	0	0	0	0	0
4658	日本空調	0	0	0	0	0
4659	エイジス	0	0	0	0	0
4660	ニッポン放送	6490	6500	6400	6400	49
4661	ＯＬＣ	9900	10090	9860	9990	115.8
4662	フォーカス	4050	4100	4000	4080	15.5
4663	ＡＴＬ	560000	560000	540000	540000	0.006
4664	ＲＳＣ	0	0	0	0	0
4666	パーク２４	12980	13100	12980	13100	16.6
4667	アイサンテク	300	305	300	305	4
4668	明光ネット	365	365	365	365	14
4669	ニッパンＲ	395	395	395	395	1
4670	セタ	510	510	510	510	1
4671	ファルコバ	2160	2220	2110	2150	15
4672	ベルックス	0	0	0	0	0
4673	川崎地質	0	0	0	0	0
4674	クレスコ	8400	8680	8400	8400	13.3
4675	エヌエス環境	0	0	0	0	0
4676	フジテレビ	1540000	1580000	1500000	1570000	5.986
4677	デザイ	630	630	630	630	1
4678	秀英	1300	1300	1300	1300	0.1
4679	田谷	3160	3160	3010	3150	11.6
4680	ラウンドワン	215000	217000	210000	210000	0.531
4681	リゾートトラ	2560	2570	2520	2560	9.2
4682	電通テック	11500	11500	11400	11400	0.5
4683	堀内カラー	586	589	577	577	9
4684	オービック	50100	51200	48700	48800	10.4
4685	菱友システム	0	0	0	0	0
4686	ジャスト	4780	5030	4780	4900	25.6
4687	ＴＤＣソフト	3700	3700	3700	3700	1.4
4688	日本ドレーク	12200	12200	11500	12000	11.2
4689	ヤフー	32800000	34000000	32800000	33650000	0.075
4690	日パレット	0	0	0	0	0
4692	アルゴ２１	4400	4400	4310	4400	17.8
4694	ＢＭＬ	3860	4000	3850	4000	3.2
4695	マイスター	565	600	565	600	4
4696	ワタベ	1050	1050	1025	1025	6
4697	ゼロ	405000	415000	400000	400000	0.022
4699	ウチダエスコ	328	330	328	330	4
4700	アクセス	7700000	8800000	7700000	8700000	0.166
4701	プレック研	600	600	580	581	3
4702	55ステーション	0	0	0	0	0
4703	住商オート	900	900	890	900	3.1
4704	トレンド	17240	17250	16900	17100	106
4705	クリップ	0	0	0	0	0
4706	富士通サポート	13080	14100	13080	13950	294.7
4707	キタック	0	0	0	0	0
4708	もしもしＨＬ	10100	10100	9700	9790	10.2
4709	ＩＤ	1170	1170	1160	1160	0.7
4710	ウィン	0	0	0	0	0
4711	コミュニティ	1210	1230	1210	1230	5.1
4712	アドアーズ	449	449	449	449	1
4713	日信電サ	1180	1180	1180	1180	3.4
4714	リソー教育	210000	210000	200000	200000	0.006
4715	クリエイティブ	425	425	420	420	5
4716	日本オラクル	29210	30350	29210	29800	92.5
4717	ソデッソジャパン	0	0	0	0	0
4718	早稲アカ	385	400	385	400	4
4719	アルファシス	13800	14300	13800	13960	13.9
4720	城南進研	505	505	505	505	4
4721	フジスタッフ	2550	2710	2500	2500	20
4722	フューチャー	1780000	1780000	1750000	1750000	0.035
4723	グッドウィル	414000	429000	399000	399000	0.587
4724	シチエ	1030	1060	1020	1050	11.1
4725	ＣＡＣ	6000	6130	6000	6100	13.4
4726	ソフトバンテク	7800	8310	7800	8290	19
4727	アジアＳ総研	2600	2600	2470	2550	0.8
4728	トーセ	6050	6150	6000	6040	15.1
4729	コナミスタジオ	553000	553000	540000	545000	0.015
4730	関西メンテ	0	0	0	0	0
4731	ユニバホーム	985000	1000000	985000	1000000	0.003
4732	ＵＳＳ	3800	3800	3570	3700	5.9
4733	ＯＢＣ	16300	16400	15600	15800	22
4734	ビーイング	920	920	910	910	6
4735	京進	0	0	0	0	0
4736	日本ラッド	0	0	0	0	0
4737	シダックス	1300	1300	1300	1300	3.9
4738	日立ビジネス	1840	1870	1840	1865	34.1
4739	ＣＴＣ	19000	19290	18510	18900	239.3
4740	ニューディル	1100000	1130000	1100000	1130000	0.054
4741	ＩＲＩ	6200000	7000000	6200000	6900000	0.038
4742	エイトコン	710000	710000	710000	710000	0.001
4743	アイティフォ	5550	5640	5400	5500	16.5
4744	メッツ	830000	830000	810000	810000	0.006
4745	東京個別	4250	4350	4250	4350	3
4746	東計電算	1160	1162	1160	1162	6
4747	Ｃフィッシュ	2480000	2480000	2480000	2480000	0.004
4748	構造計画	1400	1400	1400	1400	3
4749	アドバックス	308	310	308	308	12
4750	ダイサン	335	336	335	336	2
4751	サイバエージ	940000	940000	940000	940000	0.003
4752	昭和システム	0	0	0	0	0
4753	ライブドア	2900000	2910000	2900000	2900000	0.004
4754	トスネット	400	405	400	405	2
4755	楽天	2700000	3050000	2640000	2930000	0.558
4756	ＣＣＣ	2250	2250	2250	2250	1
4757	インテリ	2260000	2450000	2260000	2400000	0.05
4758	シーアイエス	9490000	9490000	9290000	9290000	0.01
4759	ライブＭ	2510000	2510000	2420000	2420000	0.01
4760	ＡＬＰＨＡ	615	630	610	630	17
4761	さくらＫＣＳ	895	895	880	880	31
4762	エクスネット	2900000	2900000	2900000	2900000	0.001
4763	クリークリバ	1850000	1850000	1850000	1850000	0.003
4764	Ｄデザイン	1500000	1500000	1450000	1460000	0.003
4765	モーニングＳ	4910000	5010000	4900000	4900000	0.008
4766	ピーエイ	1261	1261	1260	1260	2
4767	ＴＯＷ	940	990	940	955	44
4768	大塚商会	6900	7100	6870	7070	43.9
4769	インフォクリ	700	700	600	660	30
4770	エルミック	1380	1380	1360	1380	4
4771	Ｆ＆Ｍ	2330000	2330000	2300000	2300000	0.006
4772	デジタルアド	2200	2280	2200	2250	51
4773	Ａ＆Ｉ	1866	1950	1866	1930	13
4774	NECソフト	12810	12840	12100	12800	112.4
4775	総合メディカ	1770	1771	1750	1760	6.9
4776	ＣＹＢＯＺＵ	1750000	1780000	1470000	1590000	0.322
4777	ガーラ	1500000	1500000	1260000	1260000	0.302
4778	ヒューマネジ	3000000	3400000	2950000	3100000	1.601
4901	富士写	3850	3950	3850	3900	933
4902	コニカＨＤ	957	977	941	955	1087
4911	資生堂	1301	1310	1291	1292	1044
4912	ライオン	403	410	403	409	171
4913	サンスター	355	355	351	351	12
4914	高砂香	452	465	452	459	45
4915	エイボンＪ	245	245	245	245	5
4916	ノエビア	1130	1130	1130	1130	4
4917	マンダム	1340	1370	1310	1370	225.7
4918	アイビー	0	0	0	0	0
4919	ミルボン	6900	6900	6750	6750	6.3
4920	日本色材	0	0	0	0	0
4921	ファンケル	9950	10050	9870	9900	56.5
4922	コーセー	3200	3220	3150	3150	30.2
4951	エステー化	670	670	660	670	16
4953	タイホー工業	0	0	0	0	0
4954	マークテック	370	375	365	370	11
4955	アグロカネシ	739	740	735	740	8
4956	コニシ	1049	1059	1044	1059	4.7
4957	ヤスハラケミ	0	0	0	0	0
4958	長谷川香料	1850	1900	1850	1850	1.2
4959	シーシーアイ	0	0	0	0	0
4960	ケミプロ	380	380	380	380	1
4961	日油技研	740	760	740	760	2
4963	星光ＰＭＣ	562	562	562	562	3
4964	星光化学工業	0	0	0	0	0
4965	曽田香料	0	0	0	0	0
4966	上村工	2275	2320	2250	2320	16
4967	小林製薬	7400	7400	7250	7300	44.5
4968	荒川化工	911	912	911	912	2
4970	東洋合成	1520	1550	1510	1550	25
4987	寺岡製	720	720	717	717	5
4989	イハラケミ	222	229	222	228	10
4990	昭和化	0	0	0	0	0
4992	北興化	335	340	335	336	25
4996	クミアイ化	196	197	193	195	37
4997	日農薬	244	265	244	253	191
4998	フマキラ	195	195	185	185	11
4999	セメダイン	0	0	0	0	0
5001	新日本石油	600	625	600	624	2493
5002	昭和シェル	540	567	535	563	668
5006	興亜石油	295	300	295	295	52
5007	コスモ石	213	225	213	220	2019
5008	東亜石	120	121	119	120	85
5009	富士興	77	81	77	80	79
5010	日精蝋	100	100	96	96	4
5011	ニチレキ	476	485	476	485	9
5012	東燃ゼネ石	522	534	522	528	588
5013	ユシロ	570	570	561	561	13
5014	ジャパンエナジー	121	124	120	123	19169
5015	ＢＰカスト	665	665	660	665	5.2
5101	浜ゴム	251	257	251	252	391
5102	大機エンジ	203	203	203	203	1
5103	昭ゴム	257	257	225	230	403
5104	日東化工	114	119	110	118	11
5105	洋ゴム	150	152	150	152	100
5106	オーツタイヤ	204	210	204	210	39
5108	ブリヂストン	1541	1549	1502	1514	3599
5110	住友ゴ	670	670	662	667	192
5121	藤ゴム	220	239	220	230	14
5122	オカモト	266	272	265	270	113
5123	ミサワ東洋	170	170	160	160	2
5142	アキレス	165	168	164	168	73
5143	世界長	150	155	150	155	7
5161	西川ゴム	696	696	696	696	7
5162	朝日ラバー	1180	1180	1180	1180	3
5184	ニチリン	0	0	0	0	0
5185	フコク	0	0	0	0	0
5186	ニッタ	1235	1280	1230	1275	33.7
5187	クリエート	770	780	761	763	4
5188	帝都ゴム	0	0	0	0	0
5189	桜ゴム	0	0	0	0	0
5191	東海ゴ	1068	1090	1051	1068	34
5192	三星ベ	279	279	270	277	59
5193	平成ポリマー	110	115	110	115	9
5194	相模ゴ	570	570	561	570	7
5195	バンドー	218	222	217	217	90
5196	鬼ゴム	97	102	97	101	19
5199	不二ラテ	170	188	170	188	8
5201	旭硝子	973	977	957	964	1791
5202	板硝子	1929	1950	1881	1881	3613
5204	石塚硝	253	254	253	254	18
5205	日本無機	450	457	443	443	42
5208	有沢製	3100	3280	3100	3280	13.9
5210	日山村硝	181	184	180	182	37
5212	不二硝	0	0	0	0	0
5213	芝セラミ	788	789	773	781	572
5214	日電硝	2090	2130	2050	2080	500
5215	旭テクノグラス	1230	1230	1210	1220	70
5216	倉元	2010	2010	1950	1950	43.7
5217	テクノクオツ	2260	2270	2260	2270	2
5232	住友大阪	550	550	539	539	999
5233	太平洋セメ	180	180	176	178	1017
5234	デイ・シイ	165	168	165	168	7
5237	ノザワ	0	0	0	0	0
5261	ミサワリゾ	275	275	273	273	14
5262	日ヒューム	233	238	233	238	12
5266	テイヒュー	0	0	0	0	0
5267	ハネックス	116	116	116	116	3
5268	旭コン	322	322	322	322	7
5269	日コン	116	118	116	116	23
5271	トヨアサノ	0	0	0	0	0
5272	浅野スレ	137	137	137	137	3
5273	三谷セキ	0	0	0	0	0
5274	ゼニパイプ	142	142	142	142	3
5276	石建工	390	390	390	390	8
5277	スパンクリト	0	0	0	0	0
5278	エバタ	0	0	0	0	0
5279	日本興業	225	225	225	225	1
5280	ヨシコン	0	0	0	0	0
5281	旭ダンケ	0	0	0	0	0
5282	ジオスター	930	950	920	950	5
5283	高見沢	0	0	0	0	0
5284	ヤマウ	0	0	0	0	0
5285	ヤマックス	549	549	549	549	1
5286	武井工業	0	0	0	0	0
5287	イトヨーギョ	0	0	0	0	0
5301	東海カ	284	290	284	286	454
5302	カーボン	117	119	116	117	117
5304	エスイ−シ−	285	285	270	270	5
5331	ノリタケ	487	493	485	485	157
5332	ＴＯＴＯ	873	879	865	865	1321
5333	ガイシ	1500	1500	1460	1470	1527
5334	特殊陶	1904	1904	1850	1880	950
5336	INAX	607	614	603	603	241
5337	ダントー	381	385	380	380	25
5338	大トー	220	235	220	235	36
5341	アサヒ陶	0	0	0	0	0
5342	ジャニス	0	0	0	0	0
5343	ニッコー	0	0	0	0	0
5344	ＭＡＲＵＷＡ	3770	3830	3750	3760	12
5351	白煉瓦	214	214	208	210	62
5352	黒崎	170	170	165	167	25
5355	ルツボ	0	0	0	0	0
5356	美濃窯	0	0	0	0	0
5357	ヨータイ	201	210	199	210	21
5358	イソライト	0	0	0	0	0
5361	東海熱	710	718	700	710	50
5362	九州耐	270	270	270	270	2
5363	ＴＹＫ	200	200	198	199	6
5367	ニッカトー	920	920	918	920	7
5382	中央商事	0	0	0	0	0
5383	三共理化	620	620	620	620	1
5384	フジミインコ	4610	4710	4610	4710	8.2
5386	鶴弥	681	681	681	681	1
5387	チヨダウーテ	970	970	960	960	11
5388	クニミネ	295	295	295	295	2
5389	日レヂボン	290	290	290	290	1
5390	宇部マテリア	148	150	144	150	18
5391	Ａ＆ＡＭ	157	157	151	157	24
5393	ニチアス	408	417	407	407	288
5395	コランダム	0	0	0	0	0
5397	ＭＩＥテクノ	0	0	0	0	0
5398	日研紙	0	0	0	0	0
5401	新日鉄	204	207	201	202	15132
5403	川崎製鉄	142	144	141	142	6537
5404	日本鋼管	68	69	67	67	3910
5405	住金	67	68	67	67	3240
5406	神戸鋼	67	68	66	68	1297
5407	日新鋼	96	98	96	96	1801
5408	中山鋼	147	153	147	153	27
5410	合同鉄	130	135	128	129	451
5423	東京製鉄	498	508	494	501	278
5444	大和工	440	444	420	425	213
5445	東京鉄	79	81	79	80	36
5446	北越メ	0	0	0	0	0
5448	東京鋼鉄	0	0	0	0	0
5449	大阪製鉄	440	479	431	479	6.7
5451	淀川鋼	300	302	299	299	284
5453	洋鋼鈑	345	354	345	354	61
5454	日鉄鋼板	209	217	208	210	42
5457	住友鋼管	369	378	360	376	33
5458	高砂鉄	119	119	119	119	1
5461	中部鋼	0	0	0	0	0
5462	日鉄鋼管	126	126	126	126	1
5463	丸一管	1460	1510	1460	1485	114
5464	モリ工	236	242	236	237	10
5471	大同特鋼	279	283	273	282	1394
5476	高周波	105	107	104	105	207
5479	日金工	85	87	85	85	61
5480	冶金工	71	73	70	71	146
5481	山陽鋼	178	182	174	179	701
5482	愛知鋼	309	320	305	320	233
5484	東北鋼	0	0	0	0	0
5486	日立金	806	815	805	810	510
5491	日金属	108	111	108	111	154
5541	大平金	273	275	269	270	506
5542	報国鉄	0	0	0	0	0
5562	日本重化学	146	148	145	145	496
5563	日本電工	169	173	168	172	77
5566	中央電	205	205	205	205	6
5602	栗本鉄	257	261	257	260	245
5603	虹技	115	120	115	120	30
5605	自動鋳	70	70	70	70	1
5606	旭テック	180	185	175	185	115
5607	中可鍛	0	0	0	0	0
5608	川口金	0	0	0	0	0
5609	日鋳造	96	96	90	92	15
5610	大和重	140	140	140	140	2
5612	鋳鉄管	212	230	212	230	17
5613	日本カタン	319	319	319	319	4
5631	日製鋼	121	123	119	121	353
5632	菱製鋼	94	99	94	98	374
5633	関東特殊製鋼	81	83	81	82	17
5641	ＴＤＦ	340	362	340	360	69
5642	日本鍛工	51	51	51	51	7
5644	メタルアート	0	0	0	0	0
5645	イチタン	0	0	0	0	0
5657	鈴木金	0	0	0	0	0
5658	日亜鋼	374	375	370	370	32
5659	日精線	245	250	245	245	14
5660	神鋼線	76	76	76	76	3
5691	東京シヤリング	103	110	101	110	83
5694	大和綱帯	0	0	0	0	0
5695	パウダテック	0	0	0	0	0
5696	川鉄鋼板	0	0	0	0	0
5697	サンユウ	380	380	380	380	2
5701	日軽金	94	96	94	94	627
5702	大紀ア	180	180	176	176	9
5706	三井金	840	846	833	845	787
5707	東邦鉛	210	217	210	217	656
5711	三菱マ	356	359	355	355	1794
5713	住友鉱	554	555	536	543	3440
5714	同和鉱	321	323	313	315	996
5715	古河機金	256	258	251	251	507
5716	日鉱金属	600	608	589	601	544
5721	Ｓサイエンス	790	804	780	780	320
5727	邦チタ	453	465	453	460	3
5728	アライドマテリアル	961	970	950	970	16
5729	日精鉱	315	315	300	310	10
5734	昭和アルミ	177	177	169	169	1188
5738	住軽金	90	94	90	93	93
5739	日製箔	177	180	175	180	5
5740	九州不二サッシ	0	0	0	0	0
5753	日伸銅	78	78	78	78	11
5756	東海アルミ箔	69	72	68	68	7
5757	サンエツ	750	750	750	750	1
5771	菱伸銅	404	404	386	388	185
5781	東邦金	198	198	198	198	3
5801	古河電	3160	3170	3060	3080	7797
5802	住友電	1850	1863	1790	1808	2624
5803	フジクラ	810	813	782	807	3704
5804	菱線工	316	324	315	316	529
5805	昭電線	275	279	268	268	701
5807	東特線	335	342	334	340	13
5808	理研線	279	300	279	300	5
5809	タツタ	189	194	189	191	47
5810	第一電工	129	132	127	130	153
5811	トヨ電線	0	0	0	0	0
5812	日立線	1650	1696	1650	1689	1390
5813	花島電線	0	0	0	0	0
5815	沖電線	288	305	288	296	32
5816	オーナンバ	0	0	0	0	0
5817	日電線	0	0	0	0	0
5818	東日京三電線	390	390	390	390	1
5819	カナレ電気	1750	1750	1720	1750	0.9
5820	三ッ星	280	280	280	280	1
5851	リョービ	182	183	179	179	126
5852	アーレスティ	351	351	344	344	5
5853	京都ダイカスト	147	147	147	147	1
5854	東京理化工	104	104	104	104	6
5855	アサヒプリテ	2040000	2080000	2040000	2040000	0.019
5900	ダイケン	425	425	425	425	1
5901	洋カン	1835	1949	1835	1909	347
5902	北カン	303	308	303	306	57
5903	シンポ	640	645	640	645	4
5904	アルコアシステム	535	535	535	535	1
5905	日カン	189	189	189	189	2
5906	エムケー精工	0	0	0	0	0
5907	ＪＦＥコンテ	0	0	0	0	0
5908	日鉄ドラム	280	280	280	280	3
5909	コロナ	956	956	955	955	1.3
5910	立山アルミ	0	0	0	0	0
5911	横河ブ	485	489	480	480	82
5912	日本橋	141	144	141	143	10
5913	松尾橋	225	229	224	228	35
5914	宮地鐵工所	200	200	195	195	32
5915	駒井鉄	298	300	298	300	17
5916	ハルテック	245	250	237	237	23
5917	サクラダ	108	108	106	106	20
5918	滝上工	365	365	363	363	5
5919	日鉄塔	340	350	340	350	2
5920	鈴木シャ	175	180	175	180	2
5921	川岸工	280	280	280	280	1
5922	那須鉄	190	190	190	190	2
5923	高田機	450	451	450	451	6
5925	酒井鉄工所	126	126	125	126	5
5926	安治川鉄工	114	114	114	114	2
5927	ホリー	115	115	110	115	17
5928	アルメタクス	222	230	222	230	4.5
5929	三和シャタ	343	348	338	345	130
5930	文化シヤタ	230	235	229	231	61
5931	川田工	210	218	210	218	12
5932	三協アルミ	89	91	89	91	87
5933	アルインコ	230	234	220	220	21
5934	日本ア	52	52	52	52	6
5935	元旦	0	0	0	0	0
5936	洋シヤタ	91	92	90	92	31
5937	洋エクス	689	710	689	705	56
5938	住生活Ｇ	1502	1540	1502	1512	326
5939	大谷工業	0	0	0	0	0
5940	不二サッシ	123	123	123	123	3
5941	中西製	0	0	0	0	0
5942	フイルコン	0	0	0	0	0
5943	ノーリツ	1211	1230	1210	1211	76
5944	日立粉末	1180	1200	1162	1180	24
5945	天竜製鋸	1000	1000	1000	1000	4
5946	長府製	1300	1317	1290	1309	21.7
5947	リンナイ	2145	2240	2145	2200	68.8
5949	ユニプレス	185	185	175	184	19
5950	パワーファス	130	130	130	130	5
5951	ダイニチ工業	290	290	289	289	0.3
5952	アマテイ	0	0	0	0	0
5954	トープラ	180	194	180	194	5
5955	ヤマシナ	160	176	159	172	721
5956	トーソー	435	435	435	435	1
5957	日東精	214	214	209	214	16
5958	三洋工	582	590	578	588	58
5959	岡部	334	334	329	329	17
5961	トーカロ	700	700	700	700	3.9
5962	浅香工	0	0	0	0	0
5963	日立ツール	668	679	665	679	28
5964	洋刃物	120	122	120	121	7
5965	フジマック	0	0	0	0	0
5966	ＫＴＣ	0	0	0	0	0
5967	前田金	0	0	0	0	0
5969	ロブテックス	131	131	131	131	2
5970	菊池プレス	0	0	0	0	0
5971	共和工業	0	0	0	0	0
5972	日本建鐵	257	274	257	265	19.5
5973	トーアミ	481	481	481	481	10
5974	中国工	173	176	171	174	42
5975	東プレ	325	334	325	330	35
5976	ネツレン	304	308	303	308	18
5977	コマツ電子	1100	1140	1100	1120	10.6
5979	カネソウ	460	460	460	460	1
5980	田中亜鉛	210	210	210	210	4
5981	東京綱	130	134	130	133	89
5982	マルゼン	395	395	395	395	1
5983	イワブチ	480	480	480	480	6
5984	兼房	486	486	486	486	2
5985	サンコール	399	414	399	401	46
5986	モリテック	260	260	250	250	11
5987	オーネックス	0	0	0	0	0
5988	パイオラクス	0	0	0	0	0
5989	ヒラタ	382	382	380	380	2
5990	スーパツール	124	125	120	120	50
5991	ニッパツ	427	430	420	422	301
5992	中央発條	370	376	370	376	16
5993	知多鋼	670	670	670	670	1
5994	ファインＳ	322	322	310	311	14
5995	科学冶金	450	467	450	467	3
5996	新立川	0	0	0	0	0
5997	協立エアテク	482	490	482	490	0.6
5998	アドバネクス	280	286	280	286	13
5999	イハラサイエ	340	350	340	350	29
6005	三浦工	1380	1390	1379	1380	41.4
6011	新潟鉄工所	79	81	79	80	414
6013	タクマ	805	812	802	803	192
6016	神発動	0	0	0	0	0
6018	阪神燃	0	0	0	0	0
6020	神鋼造機	91	91	91	91	2
6021	ロビン	230	230	230	230	2
6022	赤阪鉄	98	98	93	93	4
6023	ダイハツデ	160	160	160	160	1
6041	ボッシュ	145	145	141	142	331
6042	ニッキ	0	0	0	0	0
6101	ツガミ	463	485	463	469	527
6102	池貝	145	152	145	150	76
6103	オークマ	461	465	455	462	482
6104	東芝機	478	479	461	464	1529
6106	日立精機	202	223	201	223	552
6107	アマダマシ	285	299	285	295	294
6111	旭精機	190	190	190	190	4
6112	小島鉄	150	152	150	152	2
6113	アマダ	943	953	943	945	440
6114	住倉工業	199	200	190	200	67
6118	アイダ	572	592	572	592	417
6119	ゼィープラス	300	300	300	300	2
6121	滝澤鉄	94	96	94	94	18
6125	岡本工	146	164	146	163	105
6126	大ダイヤ	171	175	171	171	17
6130	日平トヤマ	349	350	336	344	719
6131	浜井産	149	155	140	142	40
6134	富機製	4910	4990	4860	4970	193.1
6135	牧野フ	920	939	908	925	520
6136	ＯＳＧ	689	695	671	671	36
6137	小池工	153	160	152	160	21
6138	ダイジェト	205	207	200	200	15
6139	東芝タンガロイ	767	767	740	748	63
6140	旭ダイヤ	647	658	640	655	87
6141	森精機	1493	1493	1460	1461	108
6142	富士精	0	0	0	0	0
6143	ソディック	811	825	785	787	370
6144	西部電機	240	240	240	240	5
6145	日特エンジ	2470	2480	2400	2430	240
6146	ディスコ	17800	18000	17650	17850	158.9
6147	ヤマザキ	0	0	0	0	0
6148	UHT	2360	2410	2360	2410	22
6149	小田原エンジ	660	660	660	660	0.5
6150	タケダ機械	0	0	0	0	0
6151	日東工器	2880	2950	2880	2950	55.3
6201	豊田織	2445	2475	2430	2445	207
6203	豊和工	150	156	150	151	122
6204	キリウ	190	190	190	190	3
6205	ＯＫＫ	160	162	156	156	60
6206	豊田工	1004	1009	990	1005	487
6208	石川製	120	123	118	121	60
6210	東洋機械	491	491	491	491	4
6211	倉敷機	93	99	93	99	2
6212	帝人製機	266	270	260	263	65
6213	ＯＭ製	151	155	151	152	17
6214	大隈豊和機械	225	225	220	225	18
6216	寿工業	0	0	0	0	0
6217	津田駒	176	176	176	176	1
6218	エンシュウ	202	209	201	202	22
6221	大東製機	300	300	285	290	12
6222	島精機	2330	2350	2300	2315	12.9
6242	スピンドル	246	272	245	268	96
6245	ヒラノテク	315	315	315	315	8
6246	井上金	200	205	200	205	3
6247	日阪製	510	515	505	505	15
6271	ニッセイ	826	827	826	827	2
6272	レオン	399	399	398	398	5
6273	ＳＭＣ	19100	19200	18900	19190	36
6274	新川	5250	5260	5160	5180	166.2
6275	イセキ開発工	97	97	97	97	1
6276	ナビタス	705	720	705	720	8
6277	ホソミクロン	759	760	751	754	12
6278	ユニオンツル	9500	9880	9500	9650	105
6279	瑞光	1220	1225	1220	1225	3.4
6280	名機製	1138	1143	1100	1100	19
6281	前田製作	0	0	0	0	0
6282	オイレス	1920	1965	1920	1945	17.1
6283	オリイメック	360	361	360	360	6
6284	ＡＳＢ機械	425	426	425	426	6
6286	静甲	665	665	665	665	1
6287	サトー	2670	2750	2650	2750	26.9
6288	ハマダ印刷機	199	199	199	199	1
6289	技研製	320	335	320	335	5
6290	ＳＥＳ	1470	1470	1430	1430	34
6291	エアーテック	960	960	952	952	9
6292	カワタ	811	840	810	830	29
6293	日精樹脂	1380	1380	1320	1350	18
6294	オカアイヨン	191	191	191	191	3
6295	富士変速	0	0	0	0	0
6296	ロキテクノ	1500	1510	1470	1500	46
6297	鉱研工業	346	351	331	345	6.9
6298	ワイエイシイ	2060	2100	2060	2100	7
6299	神鋼環境Ｓ	330	330	330	330	1
6300	アピクヤマダ	1311	1311	1260	1280	31
6301	コマツ	689	706	686	695	1447
6302	住友機	290	290	280	281	1577
6303	ササクラ	405	405	401	401	3
6304	マキ製作所	529	529	529	529	2
6305	日立建機	484	499	484	498	123
6306	日工	258	263	258	262	14
6307	サンセイ	90	90	88	88	7
6309	巴工業	830	830	830	830	2
6310	井関農	89	94	89	94	240
6311	セイレイ工業	251	252	251	252	8
6312	フロイント	0	0	0	0	0
6313	共立	140	144	140	144	39
6314	石井工研	1240	1320	1240	1290	18.7
6315	ＴＯＷＡ	4530	4530	4460	4490	41.5
6316	丸山製	154	154	151	154	55
6317	北川鉄	148	154	147	154	56
6319	シンニッタン	232	233	225	227	66
6320	新ダイワ	277	277	277	277	1
6321	石搬機	362	362	357	357	19
6322	タクミナ	0	0	0	0	0
6323	ローツェ	4600	4600	4510	4510	21
6324	ハーモニック	2700000	2700000	2660000	2700000	0.011
6325	タカキタ	0	0	0	0	0
6326	クボタ	365	369	355	355	1772
6327	北川精機	550	550	520	540	10
6328	荏原実業	1530	1530	1530	1530	1
6329	ＨＥＣ	438	460	420	460	7
6330	東洋エンジ	100	101	99	100	101
6331	化工機	224	233	220	227	152
6332	月島機	646	650	645	650	27
6333	帝国電	0	0	0	0	0
6334	明治機	215	240	210	217	1483
6335	東京機	418	418	410	410	44
6336	石井表記	3100	3200	3000	3000	23.6
6337	テセック	5700	5700	5700	5700	2
6338	タカトリ	0	0	0	0	0
6339	新東工	302	305	301	305	17
6340	渋谷工	889	889	879	879	12
6341	日立造船富岡	155	155	153	153	4
6342	太平製	0	0	0	0	0
6343	フリージア	63	67	63	67	5
6345	アイチコーポ	195	200	193	199	13
6346	菊川鉄	0	0	0	0	0
6347	プラコー	112	112	112	112	2
6348	日本マリンテクノ	0	0	0	0	0
6349	小森	1706	1710	1667	1668	132
6350	新日本造機	140	160	140	160	2
6351	鶴見製	512	529	512	519	12
6352	トヨコケン	110	110	110	110	2
6354	日立機電	420	420	419	419	4
6355	住友精	385	394	385	390	37
6356	日ギア	0	0	0	0	0
6357	三精輸	323	334	323	331	21
6358	酒井重	237	239	233	237	26
6359	粟村製作所	0	0	0	0	0
6360	東自機	300	301	300	301	3
6361	荏原	1549	1550	1536	1545	488
6362	石井鉄	198	210	198	210	15
6363	酉島	538	539	529	530	9
6364	北越工	0	0	0	0	0
6365	電業社	4900	4900	4890	4890	0.4
6366	千代建	91	95	90	95	408
6367	ダイキン	2095	2095	2055	2070	346
6368	オルガノ	539	560	531	554	164
6369	トヨカネツ	108	110	107	109	152
6370	栗田工	2105	2170	2105	2120	138
6371	椿本チ	462	462	450	452	246
6372	セイサ	0	0	0	0	0
6373	大同工	260	269	260	265	16
6374	ＴＣＭ	340	350	340	348	75
6375	コンベヤ	106	107	105	106	72
6376	日機装	610	623	609	623	109
6377	甲陽建設	224	226	220	225	17
6378	木村化	272	272	268	270	36
6379	新興プラン	113	114	113	114	6
6380	オリチェン	106	106	106	106	5
6381	アネスト岩田	172	179	168	174	41
6382	トリニ工	0	0	0	0	0
6383	ダイフク	1145	1145	1112	1125	229
6386	扶桑レクセ	1420	1420	1402	1402	4
6388	ミサワバン	330	377	310	365	502
6389	内田油圧	69	69	69	69	1
6390	加藤製	158	162	154	162	28
6391	加地テック	0	0	0	0	0
6392	ヤマダコーポ	169	173	167	173	38
6393	油研工	130	132	130	130	18
6394	大江工業	135	135	130	130	4
6395	タダノ	196	199	194	199	63
6396	宇野鉄	0	0	0	0	0
6397	郷鉄工	0	0	0	0	0
6398	日本電産シンポ	0	0	0	0	0
6403	水道機	310	310	309	309	21
6406	フジテック	992	997	987	990	85
6407	シーケーディ	1005	1018	1003	1010	212
6408	クラッチ	870	870	870	870	1
6409	キトー	305	315	305	315	8
6411	中野冷	0	0	0	0	0
6412	平和	2185	2250	2170	2210	203.2
6413	理想科学	2350	2390	2350	2390	4.5
6414	川重冷熱	0	0	0	0	0
6415	ニスカ	0	0	0	0	0
6416	桂川電機	302	302	302	302	1
6417	ＳＡＮＫＹＯ	4080	4200	4080	4130	126.3
6418	日金銭	1670	1710	1670	1710	3
6419	マース	3140	3140	3030	3100	14.3
6420	福島工業	0	0	0	0	0
6421	キヤノンＦ	1220	1220	1203	1203	11
6422	キヤノン化成	1160	1170	1160	1160	32
6423	アビリット	4960	5030	4950	4950	58.6
6424	高見サイ	450	450	450	450	1
6425	アルゼ	7310	7380	7300	7350	28.2
6426	サミー	3860	3950	3850	3870	4.3
6427	東北リコー	1009	1020	1000	1000	13
6431	キャノンＮＴＣ	344	345	341	342	12
6436	アマノ	1145	1167	1145	1150	48
6437	三条機	143	143	140	140	10
6439	中日鋳	0	0	0	0	0
6440	ＪＵＫＩ	401	405	396	396	147
6442	コピア	425	425	424	424	20
6443	東洋製	148	148	148	148	1
6444	サンデン	680	690	673	676	267
6445	蛇の目	100	101	99	101	64
6448	ブラザー	239	242	235	237	804
6453	シルバ精	206	215	206	210	173
6454	マックス	1329	1336	1323	1323	41
6455	モリタ	300	300	291	300	16
6457	グローリー	1970	2000	1970	1999	52
6458	新晃工	210	220	210	220	10
6459	大和冷	365	365	358	359	163
6461	日ピス	109	110	108	109	56
6462	リケン	221	225	220	224	37
6463	ＴＰＲ	305	315	305	310	9
6466	トウアバルブ	106000	106000	106000	106000	0.006
6467	ニチダイ	590	610	590	590	25
6468	駿河精機	4990	5200	4990	5190	12
6469	放電精密	800	800	800	800	1
6470	大豊工業	930	940	930	939	15.5
6471	日精工	835	843	825	830	1061
6472	ＮＴＮ	461	470	446	468	2774
6473	光洋精	842	875	839	839	292
6474	不二越	190	195	189	193	282
6475	天辻	0	0	0	0	0
6476	富士テクニカ	0	0	0	0	0
6477	ツバキ・ナカ	1400	1401	1398	1398	35.5
6478	ダイベア	248	248	221	221	8
6479	ミネベア	1340	1355	1335	1355	2240
6480	トムソン	1350	1380	1344	1377	69
6481	ＴＨＫ	4800	4840	4750	4760	175.9
6482	ユーシン精機	8380	8390	8160	8300	16.3
6483	川重防災	500	500	500	500	1
6484	ＫＶＫ	235	235	230	230	4
6485	前沢給装	675	675	675	675	1
6486	イーグル工	336	359	336	359	33
6487	積水工機	0	0	0	0	0
6488	ヨシタケ	295	295	285	285	5
6489	前沢工業	917	927	912	914	13.2
6490	ピラー	1000	1000	990	990	120
6492	岡野バ	0	0	0	0	0
6493	日鍛バ	204	208	201	203	31
6494	ファネス	352	370	345	370	12
6495	宮入バ	83	83	83	83	1
6496	中北製	0	0	0	0	0
6497	ハマイ	611	611	600	606	17
6498	キッツ	196	199	196	198	98
6499	大隈エンジニア	0	0	0	0	0
6501	日立	1288	1316	1285	1309	12651
6502	東芝	1115	1134	1086	1111	22884
6503	三菱電	979	1005	971	991	8302
6504	富士電機ＨＤ	408	423	407	419	1043
6505	東洋電	147	148	145	146	38
6506	安川電	1244	1248	1200	1236	669
6507	神鋼電	238	238	233	236	212
6508	明電舎	280	287	272	273	2819
6513	オリジン	969	990	960	970	225
6516	山洋電	560	578	544	575	892
6517	デンヨー	698	710	698	700	37
6518	三相電機	0	0	0	0	0
6519	エネサーブ	3900	4400	3890	4100	3481
6581	日立工	360	375	360	370	76
6584	三桜工	560	580	560	578	28
6585	サーボ	310	311	300	300	21
6586	マキタ	900	920	900	910	130
6587	松下精工	451	458	448	458	35
6588	東芝テック	470	478	467	472	349
6590	芝浦	1153	1154	1100	1112	124
6591	西芝電	175	177	175	177	5
6592	マブチ	13690	13880	13610	13650	52.3
6593	ローヤル電	0	0	0	0	0
6594	日電産	9000	9220	9000	9100	36.8
6621	高岳	174	175	171	173	79
6622	ダイヘン	204	209	204	209	106
6623	愛電機	211	211	210	210	3
6624	田淵電	225	225	225	225	4
6641	日新電	320	325	319	325	152
6643	戸上電	156	157	156	157	4
6644	大崎電	690	717	685	710	430
6645	オムロン	2655	2720	2650	2700	199
6646	エナジーサポ	381	381	376	376	2
6647	森尾電	133	133	133	133	1
6648	かわでん	73	103	73	103	442
6650	春日電	150	159	150	156	27
6651	日東工	850	911	850	900	315
6652	和泉電	1404	1415	1404	1408	13
6654	不二電機	660	665	660	665	3
6655	東洋電機	0	0	0	0	0
6701	ＮＥＣ	3030	3060	2990	3000	6439
6702	富士通	3250	3300	3240	3280	5076
6703	沖電気	765	775	755	755	1058
6704	岩崎通	276	280	276	279	101
6705	ＮＥＣインフ	591	614	586	609	916
6706	電気興	1090	1095	1073	1095	124
6707	サンケン	830	866	822	862	1761
6708	東洋通	1251	1270	1246	1246	208
6709	明星電	151	153	149	153	5
6710	大興電機製作	195	198	195	198	11
6711	高見澤電機	230	240	220	240	7
6712	田村電機製作	299	308	299	305	43
6714	神田通信工業	215	221	215	221	15
6715	ナカヨ通	281	282	281	282	4
6716	中央無	0	0	0	0	0
6717	富士通アクセ	2070	2070	2000	2060	41.2
6718	アイホン	1286	1295	1280	1280	17.6
6741	信号	467	474	462	468	28
6742	京三	244	244	241	242	26
6743	大同信	210	210	210	210	2
6744	能美防災	435	435	425	425	21
6745	ホーチキ	310	310	295	308	32
6747	小糸工	301	305	301	302	9
6748	星和電	0	0	0	0	0
6749	マスプロ	1222	1227	1200	1210	8.5
6751	日無線	1095	1095	1063	1068	338
6752	松下	2910	2950	2905	2945	2710
6753	シャープ	1590	1610	1583	1587	4495
6754	アンリツ	2610	2680	2610	2625	398
6755	富士通ゼ	745	775	744	770	168
6756	日立国際	1153	1178	1150	1170	468
6758	ソニー	10580	10880	10550	10800	2428.8
6759	ＮＥＣトーキ	967	1000	967	1000	68
6761	アイワ	1620	1630	1619	1620	95.5
6762	ＴＤＫ	15490	16580	15490	16300	701.4
6763	帝通工	393	405	391	405	112
6764	三洋電	929	945	925	925	3552
6765	ケンウッド	462	471	462	462	475
6766	宮越商	48	49	47	49	20
6767	ミツミ	3810	4090	3810	3970	460
6768	タムラ	535	543	526	531	428
6770	アルプス	2310	2350	2305	2320	571
6771	池上通	321	328	318	328	52
6772	コスモス	0	0	0	0	0
6773	パイオニア	4230	4280	4120	4250	530
6775	東和メクス	137	137	135	136	31
6776	天昇電	165	165	165	165	2
6779	日電波	4500	4550	4430	4470	149.5
6780	日立電子	496	510	495	508	53
6781	松下通信工業	12800	13450	12800	13410	626.1
6782	九州松下電器	1150	1185	1150	1156	211
6783	松下寿電子	1831	1876	1831	1851	197
6791	コロムビア	186	190	186	187	58
6792	ビクター	916	926	915	918	173
6793	山水電	16	17	16	16	619
6794	フォスター	800	814	800	807	15
6796	クラリオン	414	423	410	419	728
6798	ＳＭＫ	924	930	907	919	274
6799	日本マランツ	218	220	211	211	5
6800	ヨコオ	2380	2380	2360	2365	24.4
6801	東光	758	758	741	749	327
6802	赤井電機	18	19	16	17	15023
6803	ティアック	405	405	390	402	44
6804	ホシデン	3350	3400	3300	3390	232
6805	八木アン	594	600	593	600	15
6806	ヒロセ電	15000	15000	14800	14800	45.8
6807	航空電子	824	828	799	815	689
6808	シントム	74	80	73	80	1919
6809	ＴＯＡ	370	370	363	369	15
6810	マクセル	2650	2770	2650	2765	106
6811	クオンツ	572	572	560	570	123
6812	ジャルコ	540	590	540	550	28
6813	ナカミチ	97	100	97	98	134
6814	古野電	410	420	410	420	3
6815	ユニデン	699	735	696	696	423
6816	アルパイン	1729	1814	1729	1801	32
6817	スミダコーポ	5500	5500	5400	5400	31.8
6818	島田理	1600	1600	1521	1560	2.4
6819	オメガ・プロ	940	940	915	919	116
6820	アイコム	1970	2035	1900	2025	15
6821	バーテクスＳ	1180	1180	1150	1150	3
6822	大井電気	377	385	377	385	2
6823	リオン	811	811	811	811	1
6824	新コスモス	478	478	478	478	3
6825	パトライト	0	0	0	0	0
6826	本多通信	5450	5500	5450	5500	2.6
6827	東北パイオ	4600	4640	4580	4580	50
6832	アオイ電子	5030	5030	4890	5020	61
6833	日電産リード	2480	2545	2480	2480	25
6834	精工技研	53000	55300	52000	54100	38.7
6835	アライドＨＤ	8770	9000	8520	8900	24
6836	ぷらっと	6350000	6390000	6000000	6390000	0.017
6837	京写	1030	1060	1020	1060	7
6838	多摩川電	1900	1900	1900	1900	1
6839	船井電	14250	14550	14250	14400	19.9
6840	アドテック	2060	2080	1970	1980	41
6841	横河電	1119	1148	1110	1123	474
6842	ユニパルス	2400	2450	2400	2450	6
6843	東光精機	0	0	0	0	0
6844	新電元	734	740	730	734	130
6845	山武	1280	1319	1279	1315	149
6846	中央製	0	0	0	0	0
6847	安藤電気	2150	2180	2080	2080	31
6848	東亜ＤＫＫ	390	390	390	390	4
6849	日本光電	320	331	320	331	17
6850	チノー	265	266	258	260	22
6851	大倉電気	203	216	201	216	94
6852	テクノセブン	167	167	165	167	8
6853	共和電	335	335	335	335	5
6855	電子材料	2050	2100	2030	2100	35
6856	堀場製	1099	1145	1099	1130	52
6857	アドバンテスト	20190	20900	20150	20410	407.5
6858	小野測器	226	226	225	226	7
6859	エスペック	1129	1150	1086	1148	290
6860	サンクス	1380	1380	1350	1350	15
6861	キーエンス	34100	34500	33450	34400	58.6
6862	ミナトエレ	210	210	201	201	3
6863	ニレコ	595	595	595	595	1
6864	ＮＦ回路	0	0	0	0	0
6866	ＨＩＯＫＩ	862	899	862	899	2
6867	リーダー電子	0	0	0	0	0
6868	東カソード	1300	1310	1300	1310	3
6869	シスメックス	3210	3260	3200	3210	17.5
6870	フェンオール	0	0	0	0	0
6871	日本マイクロ	2410	2420	2350	2420	10.8
6872	日本コーリン	7800	7850	7700	7700	4.3
6873	日立電子Ｅ	920	950	920	950	20
6874	協立電機	3440	3440	3260	3260	3
6875	メガチップス	4500	4600	4420	4500	14.2
6876	光波	2950	2950	2850	2900	12.5
6877	ＯＢＡＲＡ	0	0	0	0	0
6878	長野日無	523	549	523	549	15
6879	フォトロン	0	0	0	0	0
6880	シンワ	1030	1030	1020	1020	7.7
6881	キョウデン	4200	4260	4170	4170	46
6882	三社電機	950	980	940	980	40
6883	電産コ電	1530	1530	1530	1530	3
6884	デジタル	3690	3840	3690	3840	1.3
6885	ミヤチテクノ	2740	2930	2570	2800	105.6
6886	グラフィック	0	0	0	0	0
6887	日本ＬＳＩカード	350000	350000	350000	350000	0.005
6888	アクモス	510000	510000	490000	490000	0.008
6889	オーデリック	500	520	500	520	8
6890	フェローテク	1790	1790	1710	1760	28
6891	イーター電機	801	801	798	801	7
6892	シチズン電子	10500	10600	10000	10400	7.1
6893	タイテック	793	800	785	785	39
6894	パルステック	1700	1700	1700	1700	4
6895	ダイヤ電機	699	699	695	695	2
6896	北川工業	1165	1229	1160	1170	16.1
6897	ツインバード	221	221	221	221	2
6898	トミタ電機	0	0	0	0	0
6899	ＡＳＴＩ	0	0	0	0	0
6900	東京電波	5310	5320	5120	5270	19.2
6901	沢藤電	0	0	0	0	0
6902	デンソー	2630	2695	2630	2665	1257
6904	原田工業	376	376	360	360	3
6905	コーセル	4000	4000	3930	3940	9.9
6906	キヤ･コンポ	335	340	335	340	2
6907	ジオマテック	2350	2390	2250	2300	61.5
6908	イリソ電子	560	570	560	560	12
6909	北部通信工業	365	365	365	365	5
6910	日立メディコ	1301	1355	1301	1329	15
6911	新日無	1400	1470	1400	1470	71
6912	菊水電子	515	520	515	520	3
6913	メルコ	5300	5340	5220	5300	182.1
6914	オプテックス	0	0	0	0	0
6915	千代田インテ	1510	1530	1500	1530	21
6916	アイオデータ	2590	2620	2560	2570	19.6
6917	デンセラムダ	2620	2750	2510	2690	363.2
6918	アバール	920	1020	920	1020	17
6919	ケル	795	795	780	790	19
6920	レーザーテク	2360	2360	2300	2300	5
6921	東光電	301	307	300	307	5
6922	昭和情報	459	460	459	460	2
6923	スタンレー	1152	1170	1152	1165	195
6924	岩崎電	263	265	261	264	37
6925	ウシオ電	2840	2915	2790	2900	254
6926	岡谷電	265	280	265	280	13
6928	エノモト	1290	1370	1270	1340	137
6929	日セラ	2395	2460	2380	2430	637
6930	日本アンテナ	1150	1160	1140	1160	9
6931	日本電池	449	458	448	458	142
6932	ユアサコーポ	380	380	370	370	19
6933	ＹＵＡＳＡ	305	309	296	306	660
6934	新神戸	690	697	686	696	20
6935	日デジタル	1705	1738	1705	1712	67
6936	東洋高砂乾	0	0	0	0	0
6937	古河池	297	305	297	305	40
6938	双信電機	930	955	930	950	52
6939	ＵＭＣＪ	1500000	1540000	1460000	1540000	0.173
6940	多摩電気	295	295	295	295	6
6941	山一電機	2950	2950	2895	2900	2.4
6942	ソフィア	260	260	250	250	5
6943	開閉器	625	625	625	625	3
6944	アイレックス	213	213	200	200	10
6945	ＦＴＥＣ	600	605	600	605	10
6946	日本アビオ	310	330	310	310	14
6947	図研	2695	2710	2605	2635	74.2
6948	住友電装	0	0	0	0	0
6949	キンセキ	1421	1430	1401	1410	149
6950	ＹＥデータ	493	493	492	493	9
6951	日電子	684	696	682	688	130
6952	カシオ	1298	1315	1295	1313	1061
6954	ファナック	11090	11500	11090	11330	424.6
6955	ＦＤＫ	1056	1060	1000	1050	211
6956	神明電	1520	1520	1520	1520	1
6957	芝浦電子	307	310	307	310	5.1
6958	日本ＣＭＫ	2000	2020	2000	2010	264
6960	フクダ電	2100	2150	2100	2100	57
6961	エンプラス	6800	6910	6750	6770	33.7
6962	大真空	830	850	825	835	28
6963	ローム	29000	29510	29000	29400	229.6
6964	サンコー	2030	2060	2010	2030	20
6965	ホトニクス	7170	7270	7150	7150	65.1
6966	三井ハイテク	2080	2095	1980	2000	95.9
6967	新光電工	5700	5780	5590	5640	348.1
6968	グラフテック	193	193	193	193	10
6969	松尾電	617	630	610	630	40
6970	日本コンラックス	666	683	666	680	246
6971	京セラ	17000	17730	17000	17730	840.9
6972	エルナー	549	550	535	540	92
6973	協栄産	340	346	338	345	13
6974	日本インター	345	360	345	355	143
6975	ＮＥＯＭＡＸ	1350	1380	1342	1360	44
6976	太陽電	5860	6050	5810	6000	1143
6977	抵抗器	261	275	260	275	12
6980	日立ＡＩＣ	1300	1313	1280	1300	119
6981	村田製	14100	14300	14050	14100	911.8
6982	リード	96	98	95	95	5
6984	朝日ナショナ	0	0	0	0	0
6985	ユーシン	443	444	441	443	14
6986	双葉電	4390	4430	4360	4380	93
6988	日東電	3770	4050	3770	3990	1534.6
6989	北電工	222	226	222	225	86
6991	松電工	1314	1318	1308	1315	689
6992	国産電	0	0	0	0	0
6993	森電機	130	130	126	126	57
6994	指月電	250	250	247	247	4
6995	東海理	1024	1030	1005	1012	31
6996	ニチコン	2370	2490	2360	2445	128.6
6997	日ケミコン	890	903	869	883	1468
6998	タングス	325	345	325	340	10
6999	ＫＯＡ	2980	3050	2980	2980	75.5
7003	三井造	94	97	94	95	1007
7004	日立造	96	97	95	97	739
7007	佐世保	78	78	75	78	124
7011	三菱重	403	417	403	408	2466
7012	川重	128	131	127	129	4030
7013	石川島	170	175	170	173	946
7014	名村造	125	126	125	126	52
7018	内海造	0	0	0	0	0
7020	サノヤス	200	200	200	200	26
7021	ニッチツ	226	226	220	222	116
7052	信貴造船所	0	0	0	0	0
7102	日車両	190	199	190	192	422
7104	富士車輌	155	156	152	152	22
7105	ニチユ	206	219	206	219	8
7122	近畿車	143	147	143	143	24
7123	東急車輌製造	83	84	82	83	37
7124	輸送機工業	340	340	340	340	1
7142	ナブコ	160	165	160	164	20
7201	日産自	470	500	468	492	4857
7202	いすゞ	251	260	249	251	1127
7203	トヨタ	4510	4600	4500	4540	3287.5
7204	小松ゼノア	265	265	260	263	22
7205	日野自	444	467	439	450	422
7210	日産ディ	102	104	100	101	116
7211	三菱自	404	419	403	411	1820
7212	エフテック	490	490	490	490	1
7219	ＨＫＳ	660	660	660	660	1
7220	武蔵精密	1350	1390	1300	1350	6
7221	トヨ車	1072	1100	1071	1090	95
7222	産車体	154	155	151	153	38
7223	関東自	616	630	615	628	34
7224	新明和	190	200	190	194	99
7225	小松フォーク	180	187	180	185	97
7226	極東開発	588	598	580	590	6.7
7227	アスカ	0	0	0	0	0
7228	デイトナ	510	510	510	510	1
7229	ユタカ技研	551	551	551	551	1
7230	日信工業	1840	1840	1820	1830	9
7231	トピー	186	194	185	188	309
7232	トキコ	221	227	221	225	156
7233	自部品	95	95	95	95	5
7234	橋本フォーミング	70	70	70	70	5
7235	東ラヂ	122	122	121	121	7
7236	ティラド	469	475	453	464	1153
7237	ボッシュブレーキ	0	0	0	0	0
7238	ブレーキ	229	234	226	234	25
7239	タチエス	460	460	460	460	29
7240	ＮＯＫ	863	863	850	854	518
7241	フタバ	1422	1450	1415	1445	116
7242	カヤバ	215	220	215	219	275
7243	シロキ	221	228	221	226	18
7244	市光工	205	210	203	208	74
7245	大同メ	810	830	810	810	6
7246	プレス工	82	85	82	83	69
7247	ミクニ	0	0	0	0	0
7248	カルソニック	278	282	255	255	417
7249	尾張精	0	0	0	0	0
7250	太平洋工	285	285	272	272	45
7251	ケーヒン	820	860	818	855	195
7252	富士機	0	0	0	0	0
7253	日本ガスケット	0	0	0	0	0
7254	フジユニ	175	175	175	175	2
7255	桜井製	810	810	810	810	3
7256	河西工	263	265	251	257	64
7257	自転車電機工	330	355	330	350	162
7258	栃木富士産業	223	231	223	231	21
7259	アイシン	1620	1650	1620	1627	503
7260	富士機工	200	210	200	210	13
7261	マツダ	255	256	252	256	1473
7262	ダイハツ	815	830	815	817	315
7263	愛知機	234	235	225	225	36
7264	ＭＵＲＯ	700	700	700	700	2
7265	エイケン工業	0	0	0	0	0
7266	今仙電機	361	361	361	361	1
7267	ホンダ	3720	3800	3720	3740	1546
7268	タツミ	0	0	0	0	0
7269	スズキ	1139	1190	1139	1155	778
7270	富士重	740	769	740	753	1164
7271	安永	410	410	410	410	2
7272	ヤマハ発	761	780	761	775	349
7273	イクヨ	0	0	0	0	0
7274	ショーワ	665	665	642	642	62
7275	ユニシア	183	188	182	188	39
7276	小糸製	527	540	527	529	190
7277	ＴＢＫ	0	0	0	0	0
7278	エクセディ	785	787	784	785	13.8
7279	ケーブル	1070	1090	1070	1080	5
7280	ミツバ	449	470	449	469	12
7282	豊田合	6200	6430	6200	6400	92
7283	愛三工	751	756	750	756	14
7284	盟和産	247	247	247	247	2
7285	池田物産	106	107	101	103	41
7286	イズミ工業	0	0	0	0	0
7287	日精機	780	780	770	770	73
7288	テクノエイト	240	240	236	236	2
7289	マーレ テネックス	0	0	0	0	0
7290	日発精密工業	310	310	310	310	1
7291	日本プラスト	275	277	275	275	38
7292	村上開明	650	650	650	650	4
7293	大井製作所	0	0	0	0	0
7294	ヨロズ	429	441	426	439	22.4
7295	アイエス製機	0	0	0	0	0
7296	ＦＣＣ	0	0	0	0	0
7297	カーメイト	0	0	0	0	0
7298	八千代工	375	375	375	375	5
7299	フジオーゼ	0	0	0	0	0
7301	宮田	137	137	135	135	5
7305	新家工	0	0	0	0	0
7306	丸石自転車	317	320	310	311	24
7308	ツノダ	0	0	0	0	0
7309	シマノ	2290	2320	2240	2270	65.5
7399	ナンシン	275	275	275	275	1
7404	昭和飛	298	300	298	300	5
7407	日本飛行機	310	310	299	301	194
7408	ジャムコ	440	440	421	421	11
7410	横浜鋼業	0	0	0	0	0
7411	成和産業	690	690	690	690	1
7412	アトム	1600	1600	1600	1600	2.5
7413	創健社	244	244	244	244	1
7414	小野建	0	0	0	0	0
7415	新星堂	0	0	0	0	0
7416	はるやま	0	0	0	0	0
7418	ヤマキ	0	0	0	0	0
7419	ノジマ	1330	1340	1310	1310	3.4
7420	佐鳥電機	1170	1170	1170	1170	12
7421	カッパクリエ	2920	2920	2910	2910	2
7422	東邦レマック	620	620	605	605	2
7423	フォンテーヌ	1320	1390	1320	1350	0.8
7424	ニコニコ堂	210	210	210	210	2
7425	初穂商事	315	315	315	315	1
7426	山大	151	151	151	151	1
7427	エコーＴＤ	1690	1690	1640	1690	3.4
7428	江戸沢	780	780	780	780	2.5
7429	セイジョー	1600	1630	1600	1630	2.6
7430	サンワドー	460	470	460	470	0.3
7432	ダルトン	0	0	0	0	0
7433	伯東	3150	3180	3100	3120	36
7434	オータケ	1420	1420	1420	1420	1
7435	ナ・デックス	0	0	0	0	0
7437	シーアンドエス	3860	3900	3860	3870	53.3
7438	コンドー	560	560	550	550	20
7439	サンミック千代田	175	175	175	175	3
7440	クラフト	805	805	800	800	3
7442	中山福	340	340	340	340	1
7443	横浜魚類	330	330	330	330	1
7444	ハリマ共和	590	590	590	590	0.4
7445	ライトオン	6200	6600	6200	6590	20.4
7446	東北化学	0	0	0	0	0
7447	ナガイレーベ	2320	2330	2300	2320	10.5
7448	ジンズメイト	1532	1532	1520	1523	10.3
7449	太洋興業	0	0	0	0	0
7450	サンデー	0	0	0	0	0
7451	菱食	5120	5120	5090	5100	18.2
7452	マツヤ	0	0	0	0	0
7453	良品計画	12300	12390	12170	12190	69
7454	ホットスパー	0	0	0	0	0
7455	三城	5460	5610	5430	5600	129.2
7456	松田産業	1920	1920	1915	1915	4
7457	セキテクノ	640	689	640	680	14
7458	第一興商	1810	1810	1780	1810	13.8
7459	メディセオＨＤ	1005	1025	1001	1001	101.1
7460	ヤギ	0	0	0	0	0
7461	キムラ	1130	1130	1130	1130	1
7462	ダイヤ通商	0	0	0	0	0
7463	アドヴァン	1655	1660	1600	1600	21.5
7464	セフテック	0	0	0	0	0
7465	ＭＶ北海道	0	0	0	0	0
7466	ＳＰＫ	1100	1100	1100	1100	1.4
7467	萩原電気	841	841	841	841	3
7468	アムスク	1520	1590	1510	1590	5
7470	サロモンメイド	580	590	580	590	2
7471	ふじ	0	0	0	0	0
7472	鳥羽洋行	1070	1070	1070	1070	1
7473	静岡スバル	0	0	0	0	0
7474	パオ	520	520	510	510	2
7475	アルビス	442	442	442	442	2
7476	アズワン	1591	1600	1580	1580	1.1
7477	ムラキ	0	0	0	0	0
7478	ブルーグラス	561	561	550	550	13
7479	サンマルク	3810	3890	3810	3890	13
7480	スズデン	550	550	550	550	2
7481	尾家産	815	815	815	815	2
7482	シモジマ	1120	1120	1120	1120	2
7483	ドウシシャ	2450	2450	2410	2420	1.6
7485	岡谷鋼機	938	939	938	939	6
7486	サンリン	0	0	0	0	0
7487	小津産業	930	930	920	930	1.8
7488	ヤガミ	0	0	0	0	0
7490	日新商	355	355	355	355	1
7491	ＯＡシステム	925	940	925	940	12
7492	タイカン	400	400	400	400	1
7494	コナカ	750	755	749	750	8.2
7495	レオ	0	0	0	0	0
7496	八千代ムセン	1195	1195	1180	1180	2
7497	マインマート	1250	1260	1250	1260	66.4
7498	ジャパン	2400	2490	2400	2490	1.5
7500	西川計測	400	410	400	410	3
7501	ティムコ	770	771	751	770	9.9
7502	プラザクリエ	5000	5050	4950	5000	5.4
7503	ＩＭＩ	0	0	0	0	0
7504	高速	0	0	0	0	0
7505	扶桑電通	800	800	800	800	3
7506	ハウスローゼ	810	810	808	808	0.9
7507	浜 勝	1150	1160	1150	1160	3
7508	オートセブ	770	770	770	770	1
7509	アイエー	703	703	700	700	2
7510	竹菱電機	1120	1120	1120	1120	5
7511	ジプロ	0	0	0	0	0
7512	ポスフール	1265	1265	1220	1220	5.8
7513	コジマ	3180	3200	3100	3100	40.7
7514	ヒマラヤ	760	800	760	800	6.5
7515	マルヨシ	0	0	0	0	0
7516	コーナン	1310	1329	1280	1280	4.2
7517	黒田電気	3450	3500	3450	3450	13.7
7518	ネットワン	2950000	2950000	2900000	2930000	0.581
7519	五洋インテ	289	295	289	295	4
7520	エコス	855	855	850	850	1.5
7521	ムサシ	1040	1040	1040	1040	1
7522	ワタミ	6530	6760	6530	6640	27.4
7523	アールビバン	1480	1500	1480	1500	7.4
7524	マルシェ	1250	1250	1250	1250	0.5
7527	システムソフ	815	815	615	640	78
7528	安藤薬業公司	370	380	370	380	2
7529	はるやま	0	0	0	0	0
7530	ナブコドア	0	0	0	0	0
7531	清和鋼業	0	0	0	0	0
7532	ドンキホーテ	11600	12000	11600	11870	28.2
7535	グッドマン	2780	2780	2700	2700	5.2
7536	船橋薬品	0	0	0	0	0
7537	丸文	1730	1750	1730	1745	60
7538	大水	430	430	430	430	1
7539	アベルコ	345	345	330	340	21
7540	エルエスフェンス	0	0	0	0	0
7541	メガネトップ	2900	2900	2840	2900	1.8
7542	ビスケーＨＤ	0	0	0	0	0
7543	ミスタージョン	0	0	0	0	0
7544	スリーエフ	1380	1400	1350	1380	2.6
7545	西松屋チェ	1691	1710	1650	1710	16.5
7547	オートハローズ	0	0	0	0	0
7548	サンクスＪＰ	0	0	0	0	0
7549	エス・エス・ブイ	0	0	0	0	0
7550	ゼンショー	1680	1690	1650	1660	5.2
7551	ウェッズ	0	0	0	0	0
7552	ハピネット	2375	2400	2360	2400	5.4
7553	サザビー	5710	5790	5700	5750	2.9
7554	幸楽苑	0	0	0	0	0
7555	大田花き	441	441	441	441	1
7556	住商エレク	1700	1700	1650	1700	4.5
7557	サンクス	3440	3530	3440	3460	24.5
7558	トーメンエレ	5610	5630	5550	5600	8.8
7559	ジーエフシー	0	0	0	0	0
7560	ユニマット	1145	1154	1142	1142	6.8
7561	ハークスレイ	2250	2250	2180	2200	3.1
7562	安楽亭	824	824	800	800	12
7563	ニッパン	205	205	205	205	10
7564	ワークマン	0	0	0	0	0
7565	万世電機	0	0	0	0	0
7566	ジャパンケア	1460	1500	1460	1500	3
7567	栄電子	1150	1250	1150	1200	104
7568	クレックス	515	515	460	500	57
7569	モンテカルロ	290	290	290	290	1
7570	橋本総業	0	0	0	0	0
7571	ヤマノＨＣ	830	845	830	845	2
7573	ツルハ	3350	3370	3340	3350	10.1
7574	共信テクノ	1400	1400	1360	1360	5
7575	日本ライフＬ	1200	1200	1200	1200	3.7
7576	ベターライフ	0	0	0	0	0
7577	パスポート	0	0	0	0	0
7578	ニチリョク	770	790	770	770	3
7579	オリジン東	2850	2850	2800	2800	25.5
7580	フーズネット	1260	1260	1260	1260	1
7581	サイゼリヤ	7600	7690	7600	7670	19.7
7582	富デバイス	2750	2850	2750	2800	67
7583	通商	0	0	0	0	0
7584	丸紅インフォ	635	640	635	640	9
7585	かんなん	860	860	860	860	2
7586	寺島薬局	1640	1660	1610	1610	6.4
7587	ＰＡＬＴＥＫ	3700	3790	3700	3760	7.9
7588	シートゥーネット	17100	17100	16500	16500	1.9
7589	デジキューブ	1650000	1650000	1610000	1610000	0.01
7590	タカショー	600	620	600	620	5
7591	エクセル	1830	1830	1780	1780	4
7592	アイ・ユー・ケイ	0	0	0	0	0
7593	ＶＴＨＤ	1100	1100	1100	1100	0.5
7594	マルカキカイ	387	387	382	382	3
7595	アルゴグラフ	2650	2650	2590	2600	1.7
7596	魚力	3510	3510	3400	3400	11.1
7597	東京貴宝	575	575	575	575	2
7598	ナイスクラ	420	420	420	420	1
7599	ガリバー	3300	3300	3250	3250	11.7
7600	日本ＭＤＭ	3430	3450	3430	3430	9.5
7601	ポプラ	1550	1580	1550	1580	6.6
7602	ジャック	3580	3600	3400	3410	16.6
7603	マックハウス	0	0	0	0	0
7604	梅の花	0	0	0	0	0
7605	フジコーポ	240	240	210	225	3
7606	Ｕアローズ	2600	2650	2600	2650	3.2
7607	進和	1250	1280	1250	1280	6
7608	ＳＫジャパン	590	590	580	580	2
7609	ダイトエレク	3850	3910	3850	3900	5
7610	テイツー	1680000	1700000	1600000	1600000	0.024
7611	ハイデ日高	895	900	895	900	2
7612	コモンウェル	0	0	0	0	0
7613	シークス	2390	2390	2250	2300	3.4
7614	オーエムツー	4100	4250	4100	4250	2.7
7615	京都友禅	696000	696000	696000	696000	0.005
7616	コロワイド	2350	2400	2350	2400	14.5
7617	オオゼキ	0	0	0	0	0
7618	ＰＣＤＥＰＯ	1100000	1150000	1100000	1150000	0.006
7619	田中商事	0	0	0	0	0
7620	ヤマト硝子	515	515	510	510	2
7621	うかい	1150	1150	1150	1150	1
7622	焼肉サカイ	1900	1900	1900	1900	6
7623	サンオータス	455	455	450	450	2
7624	内藤	0	0	0	0	0
7625	ダイニング	3680	4120	3680	3900	22.8
7626	ドッドウエル	1770	1770	1770	1770	2
7627	なか卯	1260	1260	1260	1260	5
7628	オーハシテク	1700	1700	1690	1700	4
7629	ムラチク	1060	1070	1060	1060	3
7630	壱番屋	1460	1480	1460	1480	6
7631	マクニカ	17070	18500	17070	18090	75.4
7632	住商メタレックス	505	520	505	520	10
7633	明響社	785	785	780	780	6
7634	星医療	0	0	0	0	0
7635	杉田エース	510	510	510	510	2
7636	ハンズマン	860	860	860	860	2
7637	白 銅	1600	1620	1590	1610	17
7638	シーマ	0	0	0	0	0
7639	贔屓屋	881	881	881	881	1
7640	トップカル	1500	1500	1440	1450	6
7641	フォーユー	1150000	1250000	1130000	1250000	0.026
7642	ビジョン	1550	1580	1520	1520	3
7643	ダイイチ	455	460	455	460	3
7644	常盤薬品	0	0	0	0	0
7645	日本トイザ	15500	15800	15500	15800	2
7646	ＰＬＡＮＴ	2370	2400	2320	2340	20
7647	音通	166	168	166	168	6
7648	トーカン	1370	1370	1370	1370	1
7649	スギ薬局	9400	9400	9340	9400	16
7701	島津	464	472	453	464	928
7702	ＪＭＳ	445	445	434	444	18
7703	川澄化	1000	1000	997	1000	16
7704	アロカ	1291	1300	1250	1295	26
7705	ジーエル	0	0	0	0	0
7706	セントラユニ	466	470	461	461	18
7711	助川電気	0	0	0	0	0
7713	シグマ光機	1920	2000	1840	2000	57
7714	モリテックス	12000	12800	11800	12300	55.6
7715	長野計器	1940	1950	1910	1950	6
7716	ナカニシ	1600	1640	1600	1640	3
7718	スター精	1437	1510	1437	1489	21
7719	東衡機	101	101	101	101	1
7720	ソキア	340	355	338	350	72
7721	トキメック	179	192	177	187	1490
7723	愛時計	276	288	276	288	22
7724	金門	172	172	171	171	13
7726	黒田精	310	310	310	310	5
7727	オーバル	0	0	0	0	0
7728	電産トーソク	930	950	930	950	3
7729	東京精	11490	11780	11330	11690	276.5
7731	ニコン	3180	3350	3180	3320	997
7732	トプコン	390	406	390	406	28
7733	オリンパス	1950	1977	1950	1960	320
7734	理計器	435	435	433	433	10
7735	スクリン	908	915	905	907	297
7736	ユニオンＨＤ	108	108	106	106	8
7737	キャビン工業	0	0	0	0	0
7738	チノン	403	405	403	405	11
7739	キヤノン電	1150	1151	1149	1150	24
7740	タムロン	1430	1520	1380	1490	162
7741	ＨＯＹＡ	9220	9400	9200	9380	158
7743	シード	470	470	470	470	1
7744	ノーリツ鋼機	3070	3070	3000	3000	23.6
7750	ペンタックス	330	330	326	328	237
7751	キヤノン	4710	4760	4680	4680	3005
7752	リコー	1951	1961	1945	1954	2815
7753	ミノルタ	653	658	645	651	713
7756	電産コパル	1575	1600	1570	1589	62
7757	三協精	949	1010	943	1000	476
7758	セコニック	369	371	367	367	6
7762	シチズン	1205	1248	1185	1229	1441
7764	オリエント時計	171	175	171	175	4
7765	リコーエレメ	815	815	800	800	5
7768	ジェコー	0	0	0	0	0
7769	リズム	208	213	208	208	208
7770	ミヨタ	3230	3230	3170	3170	14
7771	日本精密	0	0	0	0	0
7855	カーディナル	585	586	500	501	24
7856	萩原工業	0	0	0	0	0
7857	セキ	0	0	0	0	0
7858	小野産業	1160	1170	1110	1170	14
7859	アルメディオ	1420	1430	1380	1380	13
7860	エイベックス	10700	11050	10700	10880	92.5
7861	東京リスマ	1170	1180	1140	1150	5.4
7862	トッパンフォ	2235	2250	2215	2235	159.5
7864	フジシール	5550	5550	5510	5550	1.3
7865	ピープル	1110	1120	1100	1120	6.5
7866	アトラス	1350	1350	1330	1330	5.8
7867	トミー	3190	3200	3120	3130	106
7868	広済堂	1185	1200	1160	1200	12.5
7869	日本フォーム	0	0	0	0	0
7870	福島印刷	0	0	0	0	0
7871	フクビ	648	648	648	648	2
7872	エステール	0	0	0	0	0
7873	アーク	5800	5800	5800	5800	3
7874	スルガ	4990	4990	4900	4900	3.6
7875	竹田印刷	0	0	0	0	0
7876	三陽PAX	0	0	0	0	0
7877	永大化工	935	945	935	945	2
7878	光彩工芸	280	280	280	280	2
7879	ノダ	468	469	468	469	2.6
7880	南部化成	0	0	0	0	0
7881	ニッソー	0	0	0	0	0
7882	アロン化成	418	422	415	415	17
7883	サンメッセ	0	0	0	0	0
7884	本間ゴルフ	335	340	325	335	10.2
7885	タカノ	1350	1350	1330	1340	2.3
7886	ヤマト・イン	0	0	0	0	0
7887	南プラ	401	401	401	401	2
7888	三光合成	0	0	0	0	0
7889	桑山	560	560	560	560	0.2
7890	アテナ工業	783	785	783	785	1.5
7891	日本ユピカ	0	0	0	0	0
7892	宇部日東化成	380	380	370	377	43
7893	亜細亜	1340	1388	1340	1350	6
7895	中央化学	1370	1370	1370	1370	0.2
7896	セブン工業	0	0	0	0	0
7897	ホクシン	170	170	168	170	5.5
7898	ウッドワン	841	860	840	850	55
7899	オザキ軽化	420	430	420	425	4
7900	大出産業	0	0	0	0	0
7901	マツモト	0	0	0	0	0
7902	ソノコム	0	0	0	0	0
7903	名木材	0	0	0	0	0
7904	天竜木	0	0	0	0	0
7905	大建工	362	372	361	366	248
7906	ヨネックス	401	403	401	402	5
7907	日防腐	0	0	0	0	0
7908	きもと	539	539	539	539	2
7909	シーアイ化	360	378	360	378	21
7910	段谷産業	102	105	102	104	74
7911	凸版	1074	1090	1070	1086	1127
7912	大日印	1711	1729	1698	1711	1000
7913	図書印	228	229	222	223	19
7914	共同印	373	379	370	379	32
7915	日写印	671	697	671	690	87
7916	光村印	390	390	390	390	10
7917	藤森工業	750	751	750	751	2
7918	ヴィアＨＤ	0	0	0	0	0
7919	野崎紙	266	280	266	280	5
7920	三浦印	435	435	435	435	1
7921	宝印刷	1640	1640	1560	1595	11
7922	三光産業	0	0	0	0	0
7923	トーイン	0	0	0	0	0
7925	前沢化成	1180	1180	1150	1150	21.4
7926	ベルテクノ	0	0	0	0	0
7927	ムトー精工	1300	1340	1300	1340	8
7928	旭化学	0	0	0	0	0
7929	新輝合成	0	0	0	0	0
7931	未来工業	1330	1330	1320	1330	2.9
7932	ニッピ	0	0	0	0	0
7933	ファイリング	0	0	0	0	0
7934	メルクス	80	80	80	80	3
7935	コンビ	690	705	685	705	28
7936	アシックス	118	119	116	116	88
7937	ツツミ	2280	2320	2260	2260	11.7
7938	リーガル	156	160	156	160	4
7939	研創	0	0	0	0	0
7940	ウェーブＨＤ	0	0	0	0	0
7942	ＪＳＰ	620	620	620	620	2
7943	ニチハ	736	741	736	740	14.4
7944	ローランド	2200	2225	2190	2210	18.1
7945	コマニー	0	0	0	0	0
7946	光陽社	305	305	305	305	4
7947	エフピコ	4370	4370	4080	4080	28.7
7948	ＡＷ・エモト	180	180	180	180	5
7949	小松ウオール	920	920	920	920	0.5
7950	日デコラ	0	0	0	0	0
7951	ヤマハ	984	1015	977	982	381
7952	河合楽	164	164	160	160	74
7953	菊水化	0	0	0	0	0
7954	ジャレコ	1050	1070	950	980	100
7955	クリナップ	472	482	469	472	16
7956	ピジョン	1031	1069	1031	1065	33.4
7957	フジコピアン	197	197	196	197	9
7958	天馬	1225	1231	1217	1230	34
7959	オリバー	0	0	0	0	0
7960	パラマウント	5700	5700	5600	5620	46.2
7961	兼松日産農	196	196	196	196	2
7962	キングジム	625	625	625	625	1
7963	興研	520	520	520	520	3
7964	セガ	1255	1255	1240	1245	291.9
7965	象印	552	552	552	552	2
7966	リンテック	1036	1055	1036	1045	76
7967	バンダイ	3680	3730	3600	3600	28.3
7968	田崎真珠	465	470	460	468	7
7969	タカラ	500	517	500	507	34
7970	信越ポリ	760	775	760	763	49
7971	東リ	214	215	210	215	53
7972	イトーキ	470	475	466	467	28
7973	ホウトク	0	0	0	0	0
7974	任天堂	18720	18960	18610	18670	270.1
7975	リヒトラブ	235	236	235	236	9
7976	菱鉛筆	870	920	870	920	57
7977	フランスベッド	441	445	440	442	52
7979	松風	775	780	774	774	7
7980	重松製	234	234	232	232	22
7981	タカラスタ	404	408	400	400	529
7983	ミロク	0	0	0	0	0
7984	コクヨ	1775	1820	1769	1820	67
7985	ネポン	0	0	0	0	0
7986	キング工	143	146	143	145	14
7987	ナカバヤシ	329	331	329	329	27
7988	ニフコ	1160	1178	1160	1170	183
7989	ブラインド	700	702	700	702	1
7990	ダイワ精	145	148	145	148	28
7991	マミヤＯＰ	293	293	293	293	4
7992	セーラー	968	997	958	995	647
7993	サンウエブ	215	220	210	220	10
7994	岡村製	385	392	384	385	66
7995	バルカー	191	193	190	193	108
7996	パイロット	435	436	435	436	2
7997	くろ工	0	0	0	0	0
7998	高島屋工作	0	0	0	0	0
7999	武藤工	311	317	307	311	119
8000	カイゲン	520	520	520	520	3
8001	伊藤忠	484	484	475	477	1655
8002	丸紅	315	316	310	310	2033
8003	トーメン	113	114	111	112	342
8004	ニチメン	98	100	97	97	228
8005	ムトウ	780	780	750	767	10
8006	ユアサフナ	170	170	167	167	6
8007	高島	147	147	135	135	46
8008	アスティ	0	0	0	0	0
8010	新興産業	129	131	129	131	11
8011	三陽商	303	303	298	298	80
8012	長瀬産	581	595	581	586	116
8013	ナイガイ	108	108	105	107	30
8014	蝶理	127	130	125	130	64
8015	豊田通商	418	426	418	421	162
8016	オンワード	1219	1240	1210	1225	98
8017	阪急共栄物産	0	0	0	0	0
8018	三共興	271	280	271	276	18
8019	市田	70	71	68	71	85
8020	兼松	93	96	91	92	115
8021	レナウン	116	119	115	115	1296
8022	ミズノ	325	329	321	325	63
8023	大興電子	0	0	0	0	0
8024	シルバーＯＸ	475	475	465	470	14
8025	ツカモトＣ	173	173	173	173	2
8027	ルシアン	120	121	120	121	36
8028	ファミリーＭ	3700	3780	3690	3710	144.9
8029	ルック	260	260	251	251	50
8030	中央魚	189	189	185	185	32
8031	三井物	716	734	715	721	2919
8032	紙パ商	358	358	345	355	45
8033	ジーネット	139	140	139	140	5
8035	東エレク	13850	14240	13700	14200	1274.3
8036	日立ハイテク	1513	1550	1513	1537	31
8037	カメイ	511	517	511	517	9
8038	東都水	400	408	396	396	65
8039	築地魚	170	170	170	170	14
8040	東ソワール	207	210	205	210	5
8041	魚市場	321	321	320	320	4
8042	マタイ	216	219	216	218	15
8043	スターゼン	220	222	218	219	45
8044	大都魚	0	0	0	0	0
8045	浜丸魚	450	450	450	450	1
8046	丸藤パ	142	144	142	144	7
8047	デジ・ネット	790	790	790	790	2
8048	シャディ	2440	2440	2360	2380	11.9
8049	ＥＩＥ	360	361	355	355	20
8050	セイコー	564	569	560	560	72
8051	山善	196	201	196	199	34
8052	椿本興	182	190	182	185	10
8053	住友商	917	940	913	919	1479
8056	ユニシス	1900	1920	1881	1903	78
8057	内田洋	610	610	602	610	42
8058	三菱商	795	805	789	797	3648
8059	第一実	227	231	225	230	53
8060	キヤノン販	1715	1820	1715	1793	52
8061	西華産	167	170	166	166	74
8063	日商岩井	114	116	114	115	1136
8064	金商	136	138	132	138	76
8065	佐藤商	379	384	379	384	7
8066	三谷商	465	465	465	465	2
8067	トミヤアパ	346	346	342	343	14
8068	菱洋エレク	2050	2050	1980	1990	191
8070	東京産	319	330	319	326	23
8071	東海物産	364	364	354	354	7
8072	出版貿	0	0	0	0	0
8073	Ｔ・ＺＯＮＥ	321	321	321	321	2
8074	ユアサ商	134	135	133	135	122
8075	神鋼商	187	194	185	189	108
8076	カノークス	118	118	118	118	1
8077	小林産	192	193	192	193	2
8078	阪和興	106	108	105	105	196
8079	正栄食	467	470	465	470	4
8080	ジョイス	0	0	0	0	0
8081	カナデン	500	511	500	507	11
8083	サンテレ	297	299	295	295	13
8084	菱電商	386	398	385	389	36
8085	ナラサキ産業	150	150	146	146	6
8086	ニプロ	886	900	886	890	56
8087	フルサト	370	370	370	370	10
8088	岩谷産	216	216	210	211	777
8089	ナイス	278	283	277	282	309
8090	昭光通商	154	159	152	152	51
8091	ニチモウ	133	135	131	131	9
8092	富士通シス	3000	3050	2970	2990	39.9
8093	極東貿易	680	685	670	685	78
8095	イワキ	218	218	217	217	7
8096	兼松エレク	515	515	510	515	10
8097	三愛石	288	296	288	294	18
8098	稲畑産	673	680	668	674	107
8100	藤井	71	71	71	71	3
8101	ＧＳＩクレ	131	137	131	135	32
8103	明和産	120	120	113	113	13
8105	丸正	180	181	175	179	34
8107	キムラタン	69	69	69	69	7
8109	山洋工	105	105	105	105	2
8110	川鉄商事	132	139	124	128	251
8111	ゴルドウイン	157	158	154	154	43
8112	東スタイル	1019	1023	1007	1008	135
8113	ユニチャーム	6100	6100	6000	6000	62.6
8114	デサント	230	240	230	240	119
8115	ムーンバット	111	111	110	110	8
8116	ダーバン	256	260	256	257	35
8117	中央自	238	240	238	240	27
8118	キング	162	164	162	164	10
8119	三栄コ	530	530	530	530	3
8120	大木	259	260	259	260	2
8123	川辺	126	126	126	126	6
8125	ワキタ	298	298	293	293	7
8126	三光純薬	480	495	480	480	15
8127	ヤマトインタ	132	132	132	132	4
8128	エフワン	60	60	51	51	3
8129	東邦薬	430	430	430	430	1
8130	サンゲツ	1661	1700	1660	1660	50
8131	ミツウロコ	580	588	580	587	9
8132	シナネン	428	438	425	438	90
8133	伊藤忠エネ	380	383	375	377	49
8134	ＴＯＫＡＩ	1042	1043	1011	1012	126
8135	ゼット	0	0	0	0	0
8136	サンリオ	2580	2580	2530	2540	81.9
8137	サンワテク	645	660	645	660	7
8138	三京化	235	235	232	233	16
8139	ナガホリ	250	250	235	235	7
8140	リョーサン	2180	2250	2180	2200	54
8141	新光商	935	943	930	930	11
8142	トーホー	880	880	879	880	6
8143	ラピーヌ	89	89	87	87	6
8144	電響社	410	410	405	405	22
8145	中部水産	339	339	339	339	5
8146	小杉産	154	154	154	154	18
8147	トミタ	230	240	230	240	5
8148	上原成	299	299	299	299	1
8150	三信電	820	834	814	829	66
8151	東陽テク	2850	2940	2850	2935	54
8152	ソマール	252	253	252	253	2
8153	モスフード	1175	1190	1175	1179	25
8154	加賀電子	1460	1469	1452	1460	29
8155	三益半導	1811	1834	1800	1820	7.4
8156	ガステック	505	515	500	500	8
8157	都築電	561	570	561	570	17
8158	ソーダニッカ	194	195	194	195	11
8159	立花エレ	640	640	635	640	9
8160	木曽路	1250	1250	1225	1250	8
8161	エイデン	891	899	890	890	29
8163	サトＲＳ	711	711	711	711	2
8164	キャビン	134	134	132	132	16
8165	千趣会	899	900	895	897	22
8166	タカキュー	133	135	133	134	40
8167	丸久	0	0	0	0	0
8168	ケーヨー	650	679	650	670	206.4
8169	宝船	0	0	0	0	0
8170	アデランス	4280	4450	4280	4400	182.9
8171	ＭＶ中部	0	0	0	0	0
8172	第一家庭電器	59	60	58	58	64
8173	上新電	300	300	300	300	2
8174	日ガス	609	675	599	650	11
8175	ベスト電	767	770	766	766	42
8176	西洋フードシス	389	390	385	389	24
8178	マルエツ	345	350	345	345	41
8179	ロイヤルＨＤ	1044	1050	1031	1032	35
8180	すかいらく	3930	4000	3870	3970	200
8181	東天紅	421	434	421	430	29
8182	いなげや	725	748	725	737	45
8183	セブン−イレブン	6950	7090	6940	6970	755
8184	島忠	1980	2020	1980	1982	115.3
8185	チヨダ	557	560	557	560	3.1
8186	大塚家具	7310	7400	7100	7210	77.7
8188	ヨークベニ	2700	2700	2610	2610	60.9
8189	マツヤデンキ	324	326	320	325	17
8190	ヤマナカ	0	0	0	0	0
8191	光製作	0	0	0	0	0
8192	中川無線	115	115	112	114	27
8193	鈴丹	155	162	153	162	22
8194	ライフコーポ	622	645	620	645	20
8195	デニーズジャパン	2270	2295	2270	2275	17
8196	カスミ	455	463	455	463	26
8197	東急ストア	330	334	330	332	40
8199	デオデオ	880	885	866	866	37.3
8200	リンガハット	1200	1200	1196	1200	12.1
8201	さが美	350	359	350	357	19
8202	ラオックス	571	590	565	580	14
8203	ＭｒＭａｘ	375	382	375	375	21.8
8204	ジョナサン	1460	1460	1460	1460	2
8205	シャクリー	0	0	0	0	0
8206	アポロイン	0	0	0	0	0
8207	テンアライド	420	430	420	428	12.3
8208	エンチョー	490	490	490	490	1
8209	フレンドリ	515	515	515	515	1
8210	フットワーク	215	216	215	215	11
8211	相鉄ローゼ	536	540	536	540	10
8212	オーク	150	150	149	149	10
8213	トステムビバ	328	343	328	333	23
8214	アオキインタ	375	380	373	380	29.6
8215	銀座山形屋	0	0	0	0	0
8216	フォルクス	588	593	587	593	13
8217	オークワ	925	925	925	925	3
8218	コメリ	3060	3190	3030	3180	26.8
8219	青山商	1545	1548	1539	1540	60.2
8225	タカチホ	0	0	0	0	0
8226	理経	423	447	423	442	24
8227	しまむら	8750	8800	8560	8600	75.5
8228	マルイチ	0	0	0	0	0
8229	ＣＦＳコーポ	980	980	961	980	3
8230	はせがわ	0	0	0	0	0
8231	三越	374	383	371	373	1077
8232	東急百貨店	89	96	89	96	609
8233	高島屋	712	726	706	710	877
8234	大丸	333	333	325	325	211
8235	松坂屋	265	276	265	274	51
8236	丸善	400	423	398	407	3049
8237	松屋	428	428	424	428	12
8238	伊勢丹	984	1010	984	995	258
8239	横浜松坂屋	85	92	82	92	42
8240	サッポロライオン	605	605	605	605	1
8241	阪神百貨店	424	424	424	424	3
8242	阪急百	568	580	568	570	90
8243	そごう	5	6	5	5	2788
8244	近鉄百貨店	0	0	0	0	0
8245	丸栄	275	275	274	274	9
8247	大和	0	0	0	0	0
8248	ニッセン	394	394	383	385	9.7
8249	東洋物	611	615	611	615	3
8250	小松ストアー	0	0	0	0	0
8251	パルコ	400	402	395	396	116
8252	丸井	1700	1752	1696	1720	515
8253	クレセゾン	2585	2640	2565	2570	273.6
8254	さいか屋	0	0	0	0	0
8255	原信	865	880	865	880	1.2
8256	プロルート	253	255	252	255	6
8257	山陽百	0	0	0	0	0
8258	ＯＭＣカード	395	401	390	395	139
8259	十字屋	60	63	57	63	171
8260	井筒屋	202	206	202	203	182
8261	ｼ鉄百貨店	290	290	280	280	20
8263	ダイエー	307	312	307	310	573
8264	イトーヨーカ堂	5150	5280	5080	5190	877
8265	壽屋	141	142	141	142	3
8266	イズミヤ	895	895	880	880	51
8267	イオン	2195	2230	2185	2185	420
8268	西友	465	485	465	481	1268
8269	マイカル	336	336	330	330	491
8270	ユニー	1069	1088	1069	1071	86
8273	イズミ	1218	1249	1217	1232	64
8274	東武ストア	178	180	178	180	26
8275	フォーバル	2120	2120	2030	2050	13.4
8276	平和堂	757	793	756	784	15
8278	フジ	1950	1950	1948	1950	9.2
8279	ヤオコー	1282	1300	1280	1300	21.4
8280	富士冷機	410	415	405	415	69
8281	ゼビオ	2480	2575	2480	2575	23.4
8282	ギガスケーズ	2710	2720	2700	2710	32.1
8283	パルタック	510	510	510	510	3
8285	三谷産業	0	0	0	0	0
8287	ＭＶ西日本	0	0	0	0	0
8289	オリンピック	2030	2080	2030	2080	1
8290	デンコードー	0	0	0	0	0
8291	東日カーライフ	192	203	192	201	17
8292	東いすず	0	0	0	0	0
8293	愛トヨ	800	810	800	810	5
8295	キャノンシステム	695	695	695	695	4
8298	ファミリー	290	294	285	294	4
8299	大栄太源	0	0	0	0	0
8301	日銀	0	0	0	0	0
8302	興業銀行	860	866	840	859	11614
8311	第一勧銀	860	868	840	864	10324
8314	さくら銀行	790	805	773	788	14536
8315	東京三菱銀	1390	1400	1365	1390	7674
8317	富士銀行	870	870	844	863	21572
8318	三井住友銀行	1364	1391	1340	1381	8421
8319	大和銀行	266	274	264	271	3103
8320	三和銀行	1020	1062	1002	1036	9978
8321	東海銀行	549	553	536	536	4731
8322	あさひ銀行	420	437	416	430	13958
8324	第四銀	397	400	395	400	90
8325	北越銀	318	328	313	325	43
8326	福岡銀	685	689	679	679	457
8327	西日本シティ銀	445	449	443	447	80
8331	千葉銀	439	440	434	434	625
8332	横浜銀	497	504	491	496	1822
8333	常陽銀	397	400	393	393	1160
8334	群馬銀	571	580	571	571	170
8335	足利銀行	203	205	202	203	249
8336	武蔵銀	4300	4300	4280	4280	7
8337	千葉興	1240	1249	1240	1246	20.1
8338	関東つくば銀	1410	1431	1410	1431	4.4
8339	都民銀	3460	3460	3370	3380	8.9
8341	七十七	887	910	887	895	306
8342	青森銀	498	500	493	500	30
8343	秋田銀	442	455	442	442	74
8344	山形銀	579	595	576	595	56
8345	岩手銀	4130	4220	4130	4200	4
8346	東邦銀	410	411	404	411	46
8349	東北銀	0	0	0	0	0
8350	みちのく銀	675	684	675	683	27
8353	北海道銀行	135	145	134	145	158
8355	静岡銀	967	990	963	963	842
8356	十六銀	478	480	475	477	78
8357	北陸銀行	241	245	240	240	185
8358	スルガ銀	1631	1631	1608	1628	110
8359	八十二	603	607	603	605	262
8360	山梨銀	370	389	370	372	134
8361	大垣共立	575	580	575	579	45
8362	福井銀	298	299	295	299	52
8363	北国銀	458	460	456	460	107
8364	清水銀	4460	4490	4450	4490	1.2
8365	富山銀	0	0	0	0	0
8366	滋賀銀	492	498	486	497	41
8367	南都銀	490	493	490	491	121
8368	百五銀	434	440	428	440	49
8369	京都銀	515	530	515	526	169
8370	紀陽銀	284	286	283	285	121
8371	近畿大阪銀	0	0	0	0	0
8372	泉州銀	346	346	346	346	6
8374	三重銀	506	510	506	506	20
8375	池田銀	5520	5560	5450	5450	4.2
8379	広島銀	394	406	394	406	146
8380	山口銀	705	751	703	703	100
8381	山陰合銀	580	580	564	580	75
8382	中国銀	940	955	940	955	50
8383	鳥取銀	376	376	366	370	35
8385	伊予銀	653	665	653	664	64
8386	百十四	634	640	634	638	62
8387	四国銀	644	649	642	645	30
8388	阿波銀	501	510	501	510	203
8390	鹿児銀	408	415	402	403	80
8391	親和銀行	331	346	330	335	96
8392	大分銀	485	494	485	494	29
8393	宮崎銀	357	366	357	365	21
8394	肥後銀	413	427	413	425	43
8395	佐賀銀	376	376	374	375	27
8396	十八銀	371	377	371	374	269
8397	沖縄銀	2425	2430	2410	2410	2.3
8399	琉球銀	1580	1585	1580	1585	8.9
8402	三菱信託	870	899	853	861	4457
8403	住友信	805	820	794	815	3197
8404	みずほ信託銀	130	133	127	130	2272
8405	日本信託	136	137	131	131	738
8407	東洋信託	360	378	354	368	5192
8408	中央三井信	421	421	411	418	729
8489	アプレック	0	0	0	0	0
8493	インター	1633	1674	1630	1674	6
8507	学研クレジット	700	700	700	700	2
8508	イッコー	769	769	769	769	3
8511	日証金	570	599	570	595	376
8512	大証金	261	269	259	269	37
8513	中証金	0	0	0	0	0
8515	アイフル	9860	10120	9860	10000	91.8
8518	アジア投資	624	630	610	617	289
8519	ポケットＣ	2825	2855	2785	2790	21.9
8520	殖産銀行	0	0	0	0	0
8521	長野銀	484	490	480	485	27
8522	名古屋銀	640	645	640	645	90
8524	北洋銀行	643	645	643	645	81
8527	愛知銀	7500	7500	7470	7480	4.6
8528	岐阜銀	0	0	0	0	0
8529	第三銀	470	474	465	474	54
8530	中京銀	446	450	445	450	23
8533	広島総合銀行	445	447	436	447	27
8536	東日銀	615	615	610	610	48
8537	大光銀	300	300	300	300	3
8539	福岡シティ銀	495	500	495	499	106
8541	愛媛銀	465	468	465	468	26
8542	トマト銀	363	363	363	363	2
8543	みなと銀	249	255	249	254	62
8544	京葉銀	302	303	300	300	65
8545	関西アーバン	156	165	155	155	37
8548	九州銀行	314	315	313	315	24
8549	せとうち銀行	371	390	371	390	3
8550	栃木銀	671	675	671	675	21
8551	北日銀	5790	5800	5790	5790	1
8552	びわこ銀	295	295	295	295	15
8556	香川銀	540	550	540	545	363
8558	東和銀	436	436	425	425	197
8561	徳島銀	705	721	705	721	25
8562	福島銀	322	330	322	329	13
8563	大東銀	325	330	325	329	9
8564	武富士	11500	11680	11330	11360	106.9
8565	三洋クレ	4850	4900	4850	4860	13.4
8566	リコーリース	2595	2595	2515	2540	11.3
8567	クレディア	2050	2050	2005	2010	6.9
8568	シンキ	2200	2200	2090	2130	60.8
8569	ユニココーポ	0	0	0	0	0
8570	イオンクレ	6300	6410	6300	6350	55.2
8571	ニッシン	5190	5400	5150	5280	9.8
8572	アコム	8810	9260	8810	9240	101.4
8573	三洋信販	3280	3330	3260	3260	46.9
8574	プロミス	7690	7900	7510	7510	178.9
8577	ロプロ	1400	1440	1350	1350	134.6
8579	東京リース	605	605	605	605	9
8580	ファーストクレジット	285	305	284	300	137
8583	日信販	224	229	224	226	591
8584	ジャックス	395	405	392	402	993
8585	オリコ	441	446	426	427	484
8586	日立キャピ	2770	2820	2770	2770	94.3
8588	セントラル	328	328	315	325	29
8589	アプラス	125	133	123	133	174
8591	オリックス	14000	14370	13810	14090	285.3
8592	住商リース	1600	1610	1580	1600	24
8593	ダイヤリース	1360	1400	1360	1400	11
8595	ジャフコ	17900	18400	16700	17700	394.8
8597	ＳＦＣＧ	16010	16600	16010	16450	13.21
8599	ＵＦＪセント	523	523	523	523	1
8601	大和証Ｇ	1354	1369	1320	1369	2149
8603	日興コーデ	1023	1035	1010	1030	4130
8604	野村ＨＤ	2435	2460	2385	2400	3625
8606	新光	402	405	397	404	940
8607	みずほイン証	219	225	218	224	391
8609	岡三ＨＤ	769	786	769	781	157
8610	さくらフレンド	281	294	281	286	145
8611	コスモ証	226	233	225	232	131
8613	丸三	659	678	659	673	75
8614	東洋	331	335	321	333	82
8615	三菱証	1330	1335	1301	1305	324
8616	東海東京	318	326	318	323	154
8617	光世	260	265	260	262	158
8620	東海丸万	550	572	550	551	65
8621	ＵＦＪつばさ証券	510	525	510	521	177
8622	水戸	351	360	351	355	33
8623	ＳＭＢＣ証	301	301	296	301	61
8624	いちよし証	728	730	713	718	36
8625	高木	321	321	320	320	7
8626	マネックス	88000	89300	86500	86500	1.79
8691	証券代	0	0	0	0	0
8692	だいこう	0	0	0	0	0
8742	小林洋行	1303	1350	1303	1349	2.2
8743	ひまわり証	218	218	216	216	3
8744	日本ユニコム	982	982	982	982	3
8745	グローバリー	0	0	0	0	0
8746	第一商品	305	305	301	301	9
8747	豊商事	0	0	0	0	0
8748	岡藤商事	0	0	0	0	0
8749	エース交易	0	0	0	0	0
8751	東京海上火災	1160	1185	1157	1169	2380
8752	三井住友海上	536	560	536	550	2292
8753	住友海上火災	655	670	648	669	2588
8754	日本興亜	427	445	427	442	1878
8755	損害保険Ｊ	555	574	555	561	1005
8756	日産火災海上	345	362	345	358	430
8757	日新火	240	242	231	242	62
8758	千代田火災	380	397	378	391	638
8759	ニッセイ同和	272	280	272	272	215
8760	日動火災海上	614	640	614	625	282
8761	あいおい損保	372	387	372	385	409
8762	興亜火災	415	430	412	418	1592
8763	富士火	203	210	203	206	475
8764	太陽火災	0	0	0	0	0
8765	大成火災海上	221	225	221	221	20
8801	三井不	1130	1155	1126	1152	2995
8802	菱地所	1100	1120	1090	1109	2404
8803	平和不	291	300	291	295	374.5
8804	東建物	201	209	201	202	995
8805	中央地	113	114	113	114	8
8806	ダイビル	800	812	799	812	157
8809	サンケビル	390	390	383	383	44
8810	港振興	953	953	953	953	1
8815	東急不	126	131	126	127	603
8817	阪急不動産	360	370	360	370	6
8818	京阪神不	335	345	335	345	14
8821	立飛企	2280	2280	2280	2280	1
8829	大和団地	231	240	230	240	83
8830	住友不	510	514	502	513	2378
8832	小田急不	210	215	205	215	4
8833	東宝不	376	392	375	382	41
8834	藤和不	55	57	55	55	192
8835	太平発	122	126	122	126	26
8836	ヒューネット	700	744	700	720	2202
8838	有楽地	155	159	155	159	24
8839	ニチモ	88	90	88	89	73
8840	大京	227	230	226	228	193
8841	テーオーシー	787	801	787	800	98
8842	楽天地	360	368	360	368	10
8844	リクコスモス	461	470	461	463	14
8845	セザール	246	247	242	244	48
8846	積和不動産	410	410	405	408	6
8848	レオパレス	380	390	378	388	243
8850	スターツ	0	0	0	0	0
8851	アバンライフ	186	190	186	190	4
8852	積和不動関西	350	350	340	341	31
8853	ダイヤシティ	350	350	350	350	1
8854	日住	246	246	245	245	4
8855	全日空ビル	0	0	0	0	0
8857	三井不動販売	587	605	586	605	44
8858	ダイア建	230	231	229	231	7
8860	フジ住	495	495	485	485	3
8863	積和不動中部	500	500	500	500	1
8864	空港施設	400	405	400	403	39
8865	神鋼興産	261	261	260	260	2
8866	コマーシャル	275	275	261	274	13
8867	横浜地下街	0	0	0	0	0
8868	ＵＲＢＡＮ	1740	1740	1700	1730	26.1
8869	明和地所	2500	2500	2395	2400	185.4
8870	住不販売	3750	3900	3650	3900	29.1
8871	ゴールドクレ	10140	10670	10140	10670	13.7
8872	エイブル	1750	1980	1750	1980	50
8873	積和不動中国	420	420	420	420	2
8874	ジョイント	3300	3300	3170	3200	0.9
8875	東栄住宅	1450	1570	1450	1530	32.7
8876	リロＨＤ	8400	8400	8400	8400	0.6
8877	エスリード	1200	1215	1200	1200	6.2
8878	日綜地所	0	0	0	0	0
8879	東急リバブル	651	655	650	655	5
8880	飯田産業	1390	1390	1390	1390	4
8881	日神不動産	1430	1450	1400	1410	6.5
8882	ゼファー	2570000	2610000	2560000	2610000	0.063
9001	東武	318	329	317	323	787
9002	西武鉄道	1630	1740	1629	1738	122
9003	相鉄	292	298	292	297	115
9004	箱根登山鉄道	272	282	272	282	10
9005	東急	575	590	575	586	971
9006	京急	415	420	413	417	558
9007	小田急	396	406	396	405	695
9008	京王	450	460	449	457	663
9009	京成	274	283	273	280	426
9010	富士急	365	380	365	380	17
9012	秩父鉄	0	0	0	0	0
9013	伊豆箱根鉄道	0	0	0	0	0
9014	新京成	0	0	0	0	0
9017	新潟交	0	0	0	0	0
9019	伊豆急行	2200	2200	2150	2150	2.6
9020	ＪＲ東日本	598000	610000	590000	602000	6.261
9021	ＪＲ西日本	433000	463000	433000	442000	1.994
9022	ＪＲ東海	617000	632000	617000	617000	1.785
9031	西鉄	291	299	291	298	121
9033	広電鉄	0	0	0	0	0
9036	東部ネット	565	580	565	580	5
9037	ハマキョウ	1400	1400	1400	1400	3
9038	東海西濃	0	0	0	0	0
9039	サカイ引越	2350	2350	2300	2300	1.3
9040	大宝運輸	0	0	0	0	0
9041	近鉄	472	494	472	490	683
9042	阪急ＨＤ	364	375	364	372	464
9043	阪神	300	309	300	302	243
9044	南海電	425	430	425	425	56
9045	京阪電	349	350	349	349	20
9046	神電鉄	435	436	435	436	3
9047	名糖運輸	1157	1157	1150	1155	3.1
9048	名鉄	306	315	306	314	264
9049	京福電	0	0	0	0	0
9050	三重交	350	350	350	350	8
9051	センコン物流	750	750	750	750	1
9052	山陽電	281	281	281	281	9
9053	中央運輸	0	0	0	0	0
9054	大和物流	0	0	0	0	0
9055	アルプス物流	745	745	745	745	1
9056	ヒューテック	1190	1190	1190	1190	1
9057	遠州トラック	750	750	750	750	1
9058	トランコム	480	485	480	480	45
9059	カンダ	0	0	0	0	0
9060	日ロジテム	368	368	368	368	3
9061	富士物流	195	195	195	195	1
9062	日通	615	617	608	610	2229
9063	岡県運送	0	0	0	0	0
9064	ヤマト運	2375	2390	2330	2360	888
9065	山九	90	90	87	87	600
9066	日新	196	196	191	191	39
9067	丸運	235	235	235	235	2
9068	丸全運	213	215	208	214	63
9069	センコー	213	223	213	220	63
9070	トナミ	217	220	216	219	67
9072	日梱包	698	699	690	690	22
9073	京極運	0	0	0	0	0
9074	日石輸	188	194	188	193	13
9075	福山運	570	620	566	606	785
9076	西濃運	584	596	578	582	221
9077	名鉄運	330	330	330	330	4
9078	エスライン	0	0	0	0	0
9079	東急ロジ	370	370	370	370	2
9080	関東西濃	1700	1700	1700	1700	1
9081	神奈交	466	475	466	475	8
9082	大和自	0	0	0	0	0
9083	神姫バ	466	466	465	465	2
9086	日立物流	600	600	590	590	98
9087	タカセ	227	227	227	227	2
9088	濃飛西濃	795	795	795	795	1
9089	ロジパル	0	0	0	0	0
9101	郵船	495	496	480	483	3023
9104	商船三井	224	233	224	226	1855
9107	川崎汽	205	208	204	207	823
9110	新和海	71	76	71	75	105
9113	乾汽船	72	75	70	70	12
9114	日之出汽船	48	49	48	49	6
9115	明治海	164	171	160	170	24
9119	飯野海	161	161	158	159	71
9123	太平海	56	57	51	56	115
9127	玉井船	41	41	40	40	6
9130	共栄タ	123	124	111	111	27
9132	第一汽	56	58	56	57	63
9133	東栄リーファ	140	140	140	140	1
9151	東京船舶	85	85	85	85	1
9152	関西汽	56	56	54	55	49
9171	栗林船	239	239	239	239	1
9173	東海汽	325	325	325	325	1
9174	ワンダーＴ	411	411	400	406	24
9176	佐渡汽	0	0	0	0	0
9178	日鉄物流	0	0	0	0	0
9179	川崎近海	183	189	183	183	8
9180	新和内航	0	0	0	0	0
9193	東京汽	0	0	0	0	0
9201	日本航空	410	415	401	401	1745
9202	ＡＮＡ	358	364	354	362	4305
9203	日本エアシス	3800	3800	3800	3800	1.4
9204	スカイマーク	205000	205000	200000	200000	0.061
9231	国際航	605	608	592	592	22
9232	パスコ	540	541	539	540	22
9233	アジア航	351	351	347	347	5
9301	三菱倉	888	923	888	907	365
9302	三井倉	210	211	210	210	330
9303	住友倉	320	324	318	320	213
9304	渋沢倉	266	270	266	270	68
9305	ヤマタネ	128	133	128	128	16
9306	東陽倉	211	215	211	215	6
9307	杉村倉	0	0	0	0	0
9308	イヌイ建	0	0	0	0	0
9309	京神倉庫	0	0	0	0	0
9310	トランシティ	206	211	206	210	11
9311	アサガミ	0	0	0	0	0
9312	ケイヒン	146	149	145	149	40
9313	丸八倉	0	0	0	0	0
9314	品川倉	0	0	0	0	0
9317	オーナミ	121	121	121	121	1
9318	Ｊブリッジ	245	254	245	250	12
9319	中央倉	516	516	515	515	2
9320	三和倉	157	157	157	157	1
9321	アイロジステ	163	163	163	163	2
9322	川西倉	0	0	0	0	0
9323	ロジステック	0	0	0	0	0
9324	安田倉	370	370	365	365	3
9351	洋埠頭	167	171	167	170	66
9353	桜島埠	191	191	191	191	3
9355	リンコー	0	0	0	0	0
9357	名港海	0	0	0	0	0
9358	宇徳運	150	150	148	150	14
9359	伊勢湾	255	255	255	255	6
9360	鈴与シンワ	0	0	0	0	0
9361	伏木運	0	0	0	0	0
9362	兵機海	116	116	116	116	2
9363	大運	57	57	57	57	12
9364	上組	528	532	515	515	354
9365	トレーディア	104	104	104	104	2
9366	サンリツ	750	750	740	740	2.3
9367	大東港運	0	0	0	0	0
9368	キムラユニテ	0	0	0	0	0
9369	キユソ流通	1580	1580	1580	1580	1
9370	郵船航空	2450	2450	2400	2440	6.6
9373	ニッコウトラ	0	0	0	0	0
9401	ＴＢＳ	3590	3630	3480	3620	1602
9402	ＣＢＣ	1300	1330	1300	1330	9.5
9404	日テレ	60000	60500	59800	60200	63.29
9405	朝日放	13100	13100	12600	12900	3.68
9408	新潟放	890	890	890	890	0.1
9431	ＫＤＤ	9400	9450	9000	9100	121.7
9432	ＮＴＴ	1240000	1260000	1220000	1220000	13.226
9433	ＫＤＤＩ	869000	875000	835000	838000	9.823
9434	ボーダフォン	3090000	3480000	3010000	3450000	2.307
9435	光通信	4850	4900	4510	4710	177.1
9436	沖縄セルラー	505000	514000	471000	471000	0.048
9437	ＮＴＴドコモ	2720000	2750000	2680000	2690000	8.585
9438	ＭＴＩ	793000	810000	774000	774000	0.273
9439	ビーアイジー	860000	890000	860000	870000	0.014
9441	ベルパーク	2090000	2100000	2090000	2090000	0.003
9442	ＪＳＡＴ	1220000	1230000	1190000	1190000	1.726
9449	ＧＭＯインター	5030	5030	4690	4850	77
9470	学研	195	202	192	198	85
9471	文渓堂	0	0	0	0	0
9472	エスコム	445	450	422	433	71
9473	アスキー	922	945	921	921	23
9474	ゼンリン	2800	2800	2800	2800	4.2
9475	昭文社	2620	2750	2605	2690	49
9476	中央経済	0	0	0	0	0
9477	角川ＨＤ	10060	10350	9980	10150	21.8
9478	翔泳社	2150000	2300000	2150000	2260000	0.027
9501	東電	2470	2490	2470	2480	1055.7
9502	中部電	1864	1909	1864	1890	348.9
9503	関西電	1820	1830	1808	1827	700
9504	中国電	1700	1730	1700	1701	146.1
9505	北陸電	1515	1559	1515	1546	103.2
9506	東北電	1527	1530	1520	1520	217.1
9507	四国電	1530	1580	1530	1572	114.5
9508	九州電	1650	1665	1650	1660	214.5
9509	北海電	1490	1498	1490	1490	120.7
9511	沖縄電	1926	1926	1926	1926	0.2
9531	東ガス	278	281	271	271	5076
9532	大ガス	277	282	277	277	1635
9533	邦ガス	208	209	205	205	251
9534	北ガス	197	198	196	198	8
9535	広ガス	0	0	0	0	0
9536	西部ガス	161	162	159	159	98
9537	北陸ガ	0	0	0	0	0
9539	葉ガス	290	290	290	290	8
9540	中ガス	223	223	223	223	1
9541	大多喜ガス	0	0	0	0	0
9542	新日ガス	0	0	0	0	0
9600	アイネット	850	860	845	850	9
9601	松竹	546	559	546	555	96
9602	東宝	17990	18050	17980	17980	18
9603	ＨＩＳ	4100	4150	4070	4100	13.5
9604	際放映	0	0	0	0	0
9605	東映	825	848	825	845	596
9607	葵プロ	1580	1580	1570	1576	5.5
9608	福山コンサル	0	0	0	0	0
9609	ベンチャーリ	8000	8280	8000	8030	15
9610	ウィルソン	3240	3240	3060	3060	3.6
9611	Ｄワンダー	0	0	0	0	0
9612	ラックランド	0	0	0	0	0
9613	ＮＴＴデータ	1120000	1140000	1110000	1120000	7.735
9614	ベルシス24	47950	50800	47900	50000	14.15
9615	東京美装	550	550	540	540	7
9616	共立メンテ	2820	2820	2820	2820	0.7
9618	エームサービス	1220	1220	1220	1220	1
9619	イチネン	0	0	0	0	0
9620	スクウェア	6000	6010	5800	5800	30.7
9621	建設技研	612	620	610	614	6.3
9622	スペース	515	515	510	512	4.8
9623	キヤノンソフ	700	710	700	705	5
9624	長大	435	440	435	435	3
9625	セレスポ	0	0	0	0	0
9626	日本技開	200	200	200	200	1
9627	アインファマ	1400	1450	1400	1450	4
9628	燦ＨＤ	4740	4740	4740	4740	0.3
9629	ＰＣＡ	3600	3650	3550	3650	6
9630	アップ	370	370	370	370	1
9631	東急レク	0	0	0	0	0
9632	スバル	345	350	345	350	8
9633	テアトル	192	195	192	195	21
9634	修学社	0	0	0	0	0
9635	武蔵野	0	0	0	0	0
9636	きんえい	321	325	321	325	4
9637	オーエス	795	795	795	795	1
9638	情報技術	755	755	715	715	3
9639	三協フロンテ	308	308	308	308	4
9640	セゾン情報	740	740	740	740	2
9641	サコス	126	127	125	126	2.8
9642	コマスタ	0	0	0	0	0
9643	中日興	0	0	0	0	0
9644	タナベ経営	445	445	429	429	8
9645	ダイヤモンドコン	1380	1382	1330	1350	15.3
9646	タイトー	101000	108000	100000	108000	0.528
9647	協和コンサル	0	0	0	0	0
9648	ウエスコ	292	300	290	300	10.9
9649	明電エンジニア	640	668	640	660	11.7
9650	テクモ	1445	1465	1445	1451	8.4
9651	日本プロセス	0	0	0	0	0
9652	日本医療	2240	2450	2240	2450	36.6
9653	ＳＢＩパートナ	840	890	840	890	23
9654	コーエー	4160	4400	4160	4190	56.8
9656	三井ランド	600	600	582	582	1.3
9657	コムテック	410	410	410	410	1
9658	ビジ太田昭	655	655	655	655	2
9660	ＣＲＣソリュ	0	0	0	0	0
9661	歌舞伎	0	0	0	0	0
9662	アイフル	520	520	500	500	11
9663	ナガワ	0	0	0	0	0
9664	御園座	1140	1140	1140	1140	5
9665	吉本興	1262	1264	1260	1260	16
9667	ホリプロ	730	730	720	720	2
9668	相鉄企業	421	432	421	432	2
9669	オークネット	5150	5250	5090	5090	12.8
9671	よみランド	383	386	381	382	19
9672	東競馬	119	121	118	120	699
9673	甲子園土地	0	0	0	0	0
9674	花月園	210	210	210	210	1
9675	常磐興	154	160	154	160	20
9676	松戸公産	455	455	455	455	1
9677	日本ジャンボ	701	705	701	705	1.4
9678	カナモト	770	770	740	751	53
9679	ホウライ	0	0	0	0	0
9680	共成レンテム	0	0	0	0	0
9681	東京ドーム	498	515	498	515	296
9682	ＤＴＳ	6990	7400	6980	7350	104.6
9684	スク・エニ	5520	5790	5440	5710	98.1
9685	共同コンＨＤ	350	350	350	350	3
9686	東洋テック	0	0	0	0	0
9687	ＫＳＫ	605	605	601	601	2
9689	グリンハウス	1640	1640	1640	1640	0.5
9691	両毛システム	0	0	0	0	0
9692	シーイーシー	1641	1660	1630	1645	37.7
9694	日立ソフト	11360	11450	11130	11290	66.8
9695	鴨川グランド	320	320	320	320	4
9696	ウィザス	360	360	355	355	3
9697	カプコン	4100	4130	4020	4020	118.9
9698	クレオ	1050	1050	1050	1050	3
9699	西尾レント	718	730	713	730	17.6
9700	エスアールエル	1149	1180	1149	1150	18
9701	会舘	0	0	0	0	0
9702	アイエスビー	1310	1330	1260	1260	33
9703	ジェネラスコーポ	101	103	101	101	35
9704	東海観	90	90	86	87	363
9706	日本空港ビル	871	888	871	887	83
9707	メデカＪ	790	790	770	780	22
9708	帝ホテル	0	0	0	0	0
9709	日コンピュタ	0	0	0	0	0
9710	第一ホテ	2	3	2	2	1834
9711	日コンシス	0	0	0	0	0
9712	ファイ	599	599	580	580	14
9713	ロイヤルホ	0	0	0	0	0
9714	ＳＲＡ	0	0	0	0	0
9715	トランスコス	13850	14200	13710	14100	159.5
9716	乃村工芸社	379	379	379	379	4
9717	ジャステック	3200	3280	3100	3280	2.1
9718	国際観光会館	0	0	0	0	0
9719	住商情報	7200	7380	6940	7240	76
9720	グランド	0	0	0	0	0
9722	藤田観	596	602	596	602	36
9724	新阪急ホテル	196	196	195	195	4
9725	東急ホテル	161	166	161	166	50
9726	近ツーリスト	330	335	321	326	36
9727	東急観光	137	140	137	140	21
9728	日本管財	1745	1745	1742	1744	14.5
9729	トーカイ	0	0	0	0	0
9730	ワオコーポ	380	380	380	380	1
9731	白洋舎	324	335	324	324	12
9732	東映ラボ	228	228	228	228	3
9733	ナガセ	1250	1250	1200	1200	6
9734	精養軒	0	0	0	0	0
9735	セコム	7200	7320	7200	7240	416
9736	白青舎	0	0	0	0	0
9737	ＣＳＫ	2890	2895	2850	2860	297.2
9738	インテック	2095	2100	2070	2090	87
9739	ＮＳＷ	7600	7600	7520	7520	6.4
9740	ＣＳＰ	602	602	602	602	1
9741	日立情報	3900	3910	3840	3840	48.9
9742	アイネス	1841	1870	1840	1847	113.5
9743	丹青社	650	663	647	647	7
9744	メイテック	4680	4840	4680	4750	121.8
9746	ＴＫＣ	2275	2320	2275	2280	37.7
9747	アサツーＤＫ	3980	4000	3950	3980	34.5
9748	ＮＪＫ	670	680	670	670	6
9749	富士ソフト	8320	8400	8300	8310	167.2
9750	ソラン	2230	2230	2120	2180	30
9751	ＴＩＳ	6150	6290	6150	6260	62
9752	ナムコ	3200	3250	3150	3150	110.5
9753	ＩＸナレッジ	705	705	705	705	1
9755	応用地質	1440	1450	1400	1420	19.7
9756	ＡＳＫ	890	900	890	900	3
9757	船井研	779	779	760	760	3
9758	ジシステム	550	550	540	550	8
9759	日システムデ	9600	9600	9200	9210	68.6
9760	進学会	0	0	0	0	0
9761	東海リース	195	197	195	197	3
9762	大和リース	316	324	316	317	120
9763	丸紅リ	117	118	116	117	19
9764	技研興	220	220	200	200	6
9765	オオバ	179	179	178	179	4
9766	コナミ	8750	8840	8620	8700	147.5
9767	日建工学	253	264	252	264	9
9768	国土環境	713	713	713	713	1
9769	学究社	360	360	350	350	10
9776	札臨	0	0	0	0	0
9777	日電計算	2030	2070	2030	2050	10.5
9778	昴	660	660	660	660	2
9779	メフォス	0	0	0	0	0
9780	ビステム	345	345	340	340	6
9781	石川島汎サ	0	0	0	0	0
9782	ＤＭＳ	730	733	730	733	2
9783	ベネッセ	6390	6630	6390	6570	155.1
9784	日工検	0	0	0	0	0
9785	大新東	254	254	254	254	4
9786	キャッツ	1600	1600	1560	1600	38
9787	Ｊメンテ	964	1020	964	1019	6.1
9788	ナック	771	780	766	779	7.5
9789	栄光	405	405	405	405	10
9790	福井コン	655	660	640	655	12
9791	ビケンテクノ	707	707	705	705	2
9792	ニチイ学館	4930	5020	4920	5020	36
9793	ダイセキ	2050	2080	1998	1998	25.5
9794	カラカミ観光	700	700	700	700	3
9795	ステップ	0	0	0	0	0
9796	ダイテック	1470	1470	1470	1470	0.1
9797	大日本コン	242	244	242	243	1.6
9798	シダックス	2120	2120	2100	2100	0.5
9799	旭情報	1220	1220	1220	1220	6
9810	日鉄商	0	0	0	0	0
9811	アスティス	520	520	520	520	1
9812	テーオー	0	0	0	0	0
9813	トッキ	2560	2560	2480	2530	34
9814	アシックス商	635	635	635	635	1
9815	カテナ	1125	1208	1065	1080	1845
9816	バーテックス	380	390	380	390	6
9817	ゴトー	0	0	0	0	0
9818	大丸エナ	800	800	800	800	1
9820	エムティＧ	207	220	205	220	30
9821	日アムウ	895	895	890	890	1.2
9822	なが多	172	180	152	153	3016
9823	マミーマート	1210	1210	1210	1210	0.8
9824	泉州電	720	720	677	677	6
9825	アズウェル	410	420	408	412	9.4
9826	ＪＥＵＧＩＡ	0	0	0	0	0
9827	リリカラ	169	169	168	168	13
9828	元気寿司	0	0	0	0	0
9829	ながの東急	0	0	0	0	0
9830	トラスコ中山	1573	1591	1573	1587	12.1
9831	ヤマダ電	9590	9590	9300	9590	21.2
9832	オートバクス	3200	3300	3200	3260	29.7
9833	エルクコーポ	0	0	0	0	0
9834	リオチェン	0	0	0	0	0
9835	ジュンテン	0	0	0	0	0
9836	リーバイス	511	511	511	511	1
9837	モリト	0	0	0	0	0
9838	トラベラー	0	0	0	0	0
9839	ゲッツブラザーズ	506	506	506	506	2
9840	ホーマック	2450	2510	2450	2500	26.6
9841	ＢＭＢ	346	346	320	332	76
9842	アークランド	1280	1290	1280	1290	8
9844	ユーエスシー	1590	1590	1530	1530	5
9845	パーカー	223	225	223	225	14
9846	天満屋ス	0	0	0	0	0
9847	ソリスト	400	400	382	382	6
9848	トヨタカローラ岐阜	0	0	0	0	0
9849	河内屋紙	0	0	0	0	0
9850	グルメ杵屋	835	836	834	836	10
9852	中央物産	245	245	245	245	1
9853	銀座ルノア	0	0	0	0	0
9854	愛眼	970	975	965	968	2.1
9855	くろがねや	403	403	402	402	4
9856	ケーユー	800	800	775	785	5.8
9857	英和	370	370	370	370	5
9858	明光商会	1830	1830	1800	1800	11.3
9859	ユーストア	0	0	0	0	0
9860	岐阜日野	0	0	0	0	0
9861	吉野家ディー	176000	180000	176000	180000	1.033
9862	メモレックス・テレ	270	270	270	270	1
9863	靴のマルトミ	116	120	115	120	45.5
9864	ナカイ	300	300	300	300	1
9865	日商エレク	2745	2850	2745	2845	63
9867	ソレキア	580	585	550	550	13
9868	トリイ	387	387	387	387	2
9869	加藤産	630	630	622	622	2
9870	ハナテン	1820	1830	1820	1830	0.5
9871	イトーキ	0	0	0	0	0
9872	北恵	200	200	200	200	2
9873	ケンタッキー	1399	1399	1380	1380	9
9875	マツモトキヨ	9620	9890	9550	9820	10.6
9876	コックス	0	0	0	0	0
9877	マルフル	0	0	0	0	0
9878	セキド	591	591	590	590	2
9879	フタタ	0	0	0	0	0
9880	イノテック	4050	4090	3960	4050	20.9
9882	イエロハット	1003	1020	1003	1007	17
9883	富士エレ	2300	2350	2280	2280	37
9884	都築電産	810	840	810	840	8
9885	シャルレ	670	670	670	670	1
9887	松屋フーズ	1909	1930	1890	1930	16
9888	ＵＥＸ	0	0	0	0	0
9889	ＪＢＣＣ	3240	3300	3200	3300	50.1
9890	マキヤ	0	0	0	0	0
9892	卑弥呼	1230	1230	1230	1230	2
9893	ホームワイド	400	400	392	400	4
9894	アトル	590	590	590	590	1
9895	コンセック	200	201	200	200	31
9896	Ｊ建材	0	0	0	0	0
9897	ユニダックス	800	800	760	790	105
9898	サハダイヤ	360	370	340	343	359
9899	サンデサン	740	740	740	740	1
9900	サガミ	865	865	850	850	32
9901	宮	880	880	879	879	5
9902	日伝	1400	1400	1400	1400	1
9903	カンセキ	113	114	113	114	3
9904	ベリテ	236	236	236	236	4
9905	コージツ	0	0	0	0	0
9906	藤井産業	0	0	0	0	0
9907	大電社	0	0	0	0	0
9908	日本電計	615	615	615	615	2
9909	愛光電気	0	0	0	0	0
9911	真電	0	0	0	0	0
9912	ダイワボ情	2010	2050	2010	2025	32.5
9913	日邦産業	310	315	310	315	5
9914	植松商会	0	0	0	0	0
9915	アサヒビールＳ	0	0	0	0	0
9916	バイタルＮ	700	720	690	710	5.3
9917	マツモト電器	400	400	400	400	1
9918	ダイワラクダ	384	384	381	381	8
9919	関西スーパ	497	497	495	495	2
9920	シービーエム	0	0	0	0	0
9921	ギガス	0	0	0	0	0
9922	日立機材	541	541	541	541	1
9923	ダイトーエム	450	460	450	460	2
9924	ドミー	0	0	0	0	0
9925	北の家族	1090	1090	1050	1080	5
9926	ダイカ	330	330	329	329	3
9927	ワットマン	340	340	340	340	2
9928	ミロク情報	1280	1285	1240	1265	54
9929	平和紙業	480	515	480	515	3
9930	北沢産	304	304	290	303	5.5
9931	家族亭	640	640	640	640	2
9932	杉本商	0	0	0	0	0
9934	因幡電産	1290	1330	1290	1321	6.8
9935	あずみ	0	0	0	0	0
9936	王将フード	1131	1133	1130	1130	10
9937	セシール	1270	1300	1270	1280	5.6
9938	住金物産	96	98	92	98	13
9939	すみや	0	0	0	0	0
9941	太洋物産	0	0	0	0	0
9943	ココス	710	710	703	703	6
9944	インパクト	1491	1555	1490	1540	4.1
9945	プレナス	4470	4500	4450	4450	11.4
9946	ミニストップ	2370	2400	2350	2370	34.3
9947	シムリー	1060	1100	1060	1060	10.9
9948	アークス	1070	1080	1060	1060	8
9949	タイヨー	2175	2175	2175	2175	1
9950	ハチバン	525	525	525	525	1
9951	カーマ	555	562	555	561	7.1
9952	ドトール	7800	7810	7610	7610	4.9
9953	ダイキ	1290	1319	1290	1312	5.3
9954	東京小僧寿し	602	602	602	602	3
9955	ヨンキュウ	2230	2230	2190	2200	4.9
9956	バロー	0	0	0	0	0
9957	バイテック	1870	1890	1850	1850	11.7
9958	サリ	230	230	230	230	5
9959	アシード	845	845	845	845	0.8
9960	東テク	0	0	0	0	0
9961	エムオーテック	140	140	140	140	1
9962	駿河製機	10300	10480	10230	10230	43.5
9963	江守商事	435	435	435	435	1
9964	アイ・テック	0	0	0	0	0
9965	福原	475	475	475	475	1
9966	藤久	2370	2370	2330	2350	1.7
9967	堺商事	0	0	0	0	0
9968	イチヤ	240	303	240	300	22
9969	ショクブン	910	910	890	899	5
9970	東洋オフィス	410	410	410	410	6
9971	カウボーイ	506	550	506	530	22
9972	アルテック	1110	1133	1110	1129	8.4
9973	小僧本部	1300	1300	1300	1300	1
9974	ベルク	0	0	0	0	0
9975	マルヤ	3000	3050	3000	3050	1.3
9976	セキチュー	0	0	0	0	0
9977	アオキスーパ	0	0	0	0	0
9978	文教堂	1240	1250	1230	1230	4
9979	大庄	1150	1165	1146	1160	13
9980	マルコ	870	870	860	860	9.6
9981	ニック産業	699	699	699	699	2
9982	タキヒヨー	0	0	0	0	0
9983	ファストリ	34550	35450	34550	35100	123.9
9984	ソフトバンク	11400	12000	11320	12000	3026.2
9985	榮太郎	815	815	810	810	3
9986	蔵王産業	424	424	424	424	1
9987	スズケン	4380	4490	4350	4480	186.4
9988	神港魚類	0	0	0	0	0
9989	サンドラッグ	7670	7670	7600	7630	26.3
9990	東京デリカ	430	431	430	430	5
9991	ジェコス	359	359	350	350	15.6
9992	理研グリン	0	0	0	0	0
9993	ヤマザワ	1190	1190	1190	1190	5
9994	やまや	610	610	599	610	1.5
9995	イーストン	830	850	825	825	19
9996	サトー商会	0	0	0	0	0
9997	ベルーナ	4980	4980	4850	4970	70.7
