20000314
1001	日経２２５	19140	19335	18956	19142	69.547
1002	ＴＯＰＩＸ	1559	1590	1557	1582	69.547
1301	極洋	157	158	150	153	269
1319	日経300F	292	294	288	288	176
1331	ニチロ	180	181	171	176	246
1332	日水	180	184	177	183	565
1333	マルハ	124	124	122	123	468
1351	宝幸水産	85	90	84	89	65
1352	ホウスイ	97	99	90	98	21
1376	カネコ種	950	950	950	950	8
1377	サカタタネ	2265	2305	2245	2250	91.6
1378	雪国まいたけ	801	801	760	760	8
1379	ホクト	4990	5000	4920	5000	26.9
1380	秋川牧園	0	0	0	0	0
1491	中外鉱	121	150	120	145	4930
1501	三井鉱山	109	110	105	107	351
1503	住友炭	119	119	110	117	353
1515	日鉄鉱	222	223	215	218	141
1518	三井松島	170	173	166	173	65
1601	帝石	339	340	328	337	656
1603	アラビア石油	513	513	480	489	380.8
1661	ガス開	380	385	368	374	462
1701	昭和鉱	270	270	258	258	40
1702	共立マテリア	0	0	0	0	0
1737	三井エンジ	405	433	405	420	440
1738	ＮＩＴＴＯＨ	412	412	412	412	5
1739	ＳＥＥＤ	410000	410000	405000	410000	0.013
1740	極東工業	457	457	420	420	6
1741	ミサワサンイ	770	770	770	770	1
1742	セコムテクノ	2505	2510	2450	2495	23
1743	コーアツ工業	535	535	535	535	1
1744	キョーエイ	700	700	700	700	2
1745	ミサワホーム東海	0	0	0	0	0
1746	7	0	0	0	0	0
1748	ミサワ北日	0	0	0	0	0
1749	大和通信	335	335	335	335	1
1750	カナック	0	0	0	0	0
1751	日立プラサ	395	395	395	395	1
1752	富士通シス	1430	1450	1360	1450	33
1753	土屋ツバイ	0	0	0	0	0
1754	東新住建	850	850	850	850	1
1755	JFE工建	355	355	352	352	4
1756	和興エンジ	0	0	0	0	0
1757	千年の杜	380	385	380	380	14
1758	太洋基礎	456	456	456	456	1
1759	ジオトップ	273	273	271	273	6
1762	高松建設	1740	1740	1710	1740	5.5
1763	北陸ミサワ	0	0	0	0	0
1764	工藤建設	260	260	260	260	2
1765	イビデンテック	295000	295000	295000	295000	0.001
1766	東建コーポ	1490	1500	1480	1500	10
1767	沖ウィン	531	531	510	511	8
1768	ソネック	240	250	240	250	8
1769	ピコイ	45	50	40	40	9
1770	藤田エンジ	631	631	631	631	1
1772	東北エンタープライズ	370	370	350	360	14
1774	機動建	242	242	222	222	3
1775	富士電Ｅ＆Ｃ	233	310	233	250	268
1776	三井住建道路	115	115	115	115	8
1777	川崎設備	310	315	310	315	6
1778	古河総設	0	0	0	0	0
1779	松本建工	0	0	0	0	0
1780	ヤマウラ	380	380	375	375	1.5
1781	国土総合	370	370	350	350	5
1782	常磐開発	0	0	0	0	0
1783	南野建設	105	105	105	105	1
1784	サワコー	531	543	531	543	16.6
1785	ナナボシ	409	420	409	419	12
1786	オリ建	461	462	452	452	14.9
1787	ナカボテック	284	284	284	284	1
1788	三東工業	197	197	197	197	4
1789	山加電業	0	0	0	0	0
1790	平和奥田	465	465	460	460	3
1791	三井木材	135	135	129	130	49
1792	みらい建設Ｇ	188	207	188	207	25
1793	大本組	483	483	483	483	5
1795	マサル	0	0	0	0	0
1796	トヨタウッド	280	300	280	300	6.1
1797	藤木工務店	0	0	0	0	0
1798	守谷商会	0	0	0	0	0
1799	第一建設	228	228	228	228	2
1800	利塚地下技術	260	260	257	260	8
1801	大成建	190	194	178	179	1608
1802	大林組	374	374	356	364	2453
1803	清水建	294	298	286	287	1930
1804	佐藤工業	71	71	65	69	551
1805	飛島建	70	70	65	69	548
1806	ACリアル	65	66	62	64	1276
1807	渡辺組	0	0	0	0	0
1808	長谷工	43	44	40	42	3831
1809	富士工	94	94	88	91	33
1810	松井建	322	322	319	319	14
1811	銭高組	0	0	0	0	0
1812	鹿島	299	302	280	286	1783
1813	不動建	164	164	156	161	80
1814	大末建	84	87	83	85	149
1815	鉄建	149	150	140	140	362
1816	安藤建	215	220	200	200	112
1817	勝村建	144	145	141	145	58
1818	日産建設	99	99	94	98	70
1819	太平工	166	170	165	170	48
1820	西松建	382	383	366	366	965
1821	三井住友建	84	85	80	83	150
1822	大豊建	170	170	158	158	282
1823	住友建設	90	93	89	90	158
1824	前田建	276	277	264	268	1008
1825	環境建設	102	105	101	103	77
1826	佐田建	160	160	151	159	11
1827	ナカノフドー建	99	99	94	96	14
1828	田辺工業	0	0	0	0	0
1829	大和建設	95	100	95	100	7
1830	共栄冷機工業	0	0	0	0	0
1831	積水ハ北陸	440	440	440	440	1
1833	奥村組	347	347	334	341	536
1834	小田急建	260	260	235	260	6
1835	東鉄工	227	227	215	217	18
1836	大日本土木	135	136	134	135	49
1837	間組	77	80	72	75	496
1838	古久根建設	111	113	106	113	13
1839	真柄建	180	180	177	179	12
1840	土屋ホーム	262	262	260	262	6.5
1841	サンユ	0	0	0	0	0
1842	昭和テクノ	560	560	545	545	2
1844	大盛工業	170	170	160	168	30
1845	森本組	130	130	130	130	1
1846	鈴縫工	167	167	167	167	1
1847	イチケン	117	119	117	119	27
1848	富士ＰＳ	0	0	0	0	0
1850	南海辰村建	85	85	75	85	25
1851	大木建設	197	197	190	195	40
1852	浅沼組	155	155	149	151	48
1853	森組	110	110	101	101	18
1854	新井組	152	153	146	153	37.3
1855	東急建設	71	71	66	66	327
1856	ジェイオー建設	260	260	260	260	2
1857	松村組	131	131	120	120	41
1858	井上工	54	54	50	50	38
1860	戸田建	381	390	371	381	1187
1861	熊谷組	79	80	74	77	1157
1862	横河工事	0	0	0	0	0
1863	テトラ	216	220	212	212	4
1865	青木あすなろ建	147	147	143	145	13
1866	北野建	298	300	288	288	83
1867	植木組	165	165	161	161	6
1868	三井ホーム	408	408	385	390	34
1869	名工建	0	0	0	0	0
1870	矢作建	379	380	374	374	6
1871	ピーエス三菱	434	434	419	424	23.9
1872	アゼル	350	350	330	333	97
1873	東ハウス	445	450	445	446	12
1874	佐藤秀	0	0	0	0	0
1875	青木マリン	0	0	0	0	0
1877	川田建設	0	0	0	0	0
1878	大東建	1600	1650	1580	1650	219
1879	新日本建	218	218	218	218	3
1880	スルガコーポ	0	0	0	0	0
1881	ＮＩＰＰＯ	461	466	441	441	119
1882	東亜道	240	240	225	237	76
1883	前田道	471	474	456	456	232
1884	日道路	172	172	160	163	165
1885	東亜建	158	159	141	145	649
1886	青木建設	51	51	47	49	1126
1888	若築建	160	162	151	151	112
1889	佐伯建	148	149	146	149	59
1890	東洋建	100	102	98	101	341
1892	徳倉建	235	245	235	245	5
1893	五洋建	153	153	146	150	582
1895	大成ロテック	179	179	175	176	50
1896	大林道	410	429	405	410	101
1897	金下建	515	519	515	515	3
1898	世紀東急	86	89	82	89	32
1899	福田組	270	270	259	259	45
1900	白石	170	171	170	171	4
1902	山崎建設	260	290	260	290	9
1904	大成温調	387	388	387	387	3
1905	テノックス	250	250	240	240	2
1906	細田工務	341	351	341	351	2
1907	東北ミサワ	520	520	510	510	2
1908	三平建設	498000	498000	498000	498000	0.001
1909	日本ドライ	331	334	323	323	73.5
1910	フドウ建研	0	0	0	0	0
1911	住友林	622	640	609	617	221
1912	ミサワセラミ	0	0	0	0	0
1913	旭ホームズ	0	0	0	0	0
1914	日基技	501	525	500	510	28.8
1915	東京ミサワホーム	0	0	0	0	0
1916	日成ビルド	170	175	167	167	39
1917	ニッセキハウス	120	130	120	123	745
1919	エスバイエル	280	280	270	270	61
1920	殖産住宅相互	100	101	98	100	636
1921	巴	171	186	170	178	15
1922	大成ユーレック	89	90	89	90	38
1923	ミサワホーム	357	357	350	355	113
1924	パナホーム	535	536	523	533	227
1925	大和ハウス	720	727	661	670	2500
1926	ライト	506	516	486	486	77.3
1927	中 部	300	300	300	300	3.3
1928	積ハウス	825	827	806	812	1903
1929	日特建	186	186	180	183	24
1930	北陸電工	265	265	265	265	2
1931	日本電通	320	320	319	319	8
1932	コミュチュア	520	521	520	520	19
1933	西シス建	0	0	0	0	0
1934	ユアテック	333	333	305	308	126
1935	ＴＴＫ	324	324	310	310	6
1936	シーキューブ	290	290	281	290	9.7
1937	西部電工	310	310	306	306	6
1938	千歳電	218	218	218	218	1
1939	四電工	283	293	276	278	268
1940	つうけん	230	240	230	235	4
1941	中電工	1601	1601	1500	1532	25
1942	関電工	418	422	400	404	296
1943	大明	850	861	840	847	225
1944	きんでん	725	730	701	720	84
1945	東京エネシス	380	380	375	375	3
1946	トーエネク	376	390	374	374	22
1947	日本コムシス	1448	1450	1420	1442	221
1948	弘電社	0	0	0	0	0
1949	住友電設	540	550	540	550	4.7
1950	電設工	285	285	270	274	276
1951	協エクシオ	745	764	740	749	148
1952	新日空調	396	400	390	396	4.8
1953	国際電設	0	0	0	0	0
1954	日工営	180	180	174	180	291
1955	東電通	400	408	399	405	113
1956	日電設	412	417	407	415	53
1957	保安工	209	209	209	209	1
1958	三和エレック	266	278	266	276	19
1959	九電工	317	317	300	305	264
1960	サンテック	300	304	300	300	29
1961	三機工	465	475	460	465	35
1962	エルゴテック	0	0	0	0	0
1963	日揮	265	266	259	263	317
1964	中外炉	246	249	245	249	34
1965	テクノ菱和	435	435	435	435	4.3
1966	高田工	0	0	0	0	0
1967	ヤマト	360	360	340	340	182
1968	太平電	246	248	236	243	286
1969	高砂熱	510	514	503	514	98
1970	日立プラ	246	250	243	245	58
1971	ビルト工	0	0	0	0	0
1972	三晃金	108	108	105	107	12
1973	ＮＥＣシス建	1455	1599	1455	1480	82.7
1974	宮地建設工業	390	405	380	404	11
1975	朝日工	192	193	191	193	30
1976	明星工	152	160	150	159	14
1977	ジェイコス	0	0	0	0	0
1978	アタカ	280	285	280	285	91
1979	大気社	680	687	657	665	109
1980	ダイダン	443	443	430	432	21
1981	協和日成	0	0	0	0	0
1982	日比谷設	521	522	518	521	47
1983	東芝プラ	225	227	210	211	72
1984	三信建	200	200	200	200	7
1985	大和電設	0	0	0	0	0
1986	日商インター	1480	1660	1460	1600	40
1987	ソルコム	0	0	0	0	0
1988	シボンド建	1256	1265	1241	1251	203.5
1989	北陸電話	0	0	0	0	0
1990	東邦建	270	270	265	265	4
1991	都築通技	0	0	0	0	0
1992	神田通機	0	0	0	0	0
1993	ニッタン	185	185	185	185	5
1994	高橋ウォール	0	0	0	0	0
1995	鈴木工務店	0	0	0	0	0
1996	三菱建設	175	176	175	175	7
1997	暁飯島工業	0	0	0	0	0
1998	日本土建	0	0	0	0	0
2001	日本粉	252	255	242	245	637
2002	日清粉	863	865	835	839	369
2003	日東粉	205	208	205	208	6
2004	昭和産	176	181	175	178	238
2006	東福粉	88	88	88	88	2
2007	富士粉	0	0	0	0	0
2008	増田粉	180	180	180	180	1
2009	鳥越粉	368	370	368	368	18
2051	農産工	188	190	184	184	105
2052	協同飼	122	124	118	121	127
2053	中部飼	570	570	570	570	2
2055	日和産	227	227	225	225	3
2056	日配飼	118	120	114	119	123
2057	雪印種	600	600	600	600	4
2102	台糖	236	237	230	237	26
2107	東洋糖	147	149	145	148	20
2108	甜菜糖	186	190	177	180	339
2109	三井糖	183	185	181	185	45
2111	フジ製糖	182	205	182	205	6
2112	塩水糖	369	370	350	350	10
2113	新光糖	0	0	0	0	0
2114	フジ日本精糖	0	0	0	0	0
2116	日新糖	121	121	110	110	17
2201	森永	234	237	230	235	774
2202	明菓	761	769	736	746	451
2204	中村屋	270	273	270	273	19
2205	駿河屋	67	69	67	69	3
2206	グリコ	495	495	483	489	302
2207	名糖産	1029	1030	1029	1030	4
2208	ブルボン	920	920	900	900	9
2209	井村屋	405	405	405	405	6
2211	不二家	257	258	250	250	156
2212	山パン	910	925	909	915	254
2213	ナガサキヤ	79	79	79	79	2
2215	一パン	270	273	264	270	28
2216	カンロ	265	265	265	265	1
2217	モロゾフ	194	196	194	196	8
2219	タカラブネ	109	109	106	108	24
2220	亀田製菓	550	618	550	618	4
2221	岩塚製菓	0	0	0	0	0
2222	寿製菓	0	0	0	0	0
2224	コモ	1980	2050	1980	2030	29
2261	明乳	651	690	631	632	1432
2262	雪印	450	454	445	450	354
2264	森永乳	289	295	283	283	319
2266	六甲バタ	260	260	255	260	22
2267	ヤクルト	897	920	851	871	502
2268	サーティワン	700	700	700	700	1
2281	プリマ	131	132	128	130	171
2282	日ハム	1019	1040	1001	1029	575
2284	伊藤ハ	440	447	435	435	120
2286	林兼	139	139	135	139	62
2287	雪印食品	237	237	237	237	1
2288	丸大食	178	178	171	174	179
2289	相模ハム	630	630	630	630	1
2290	米久	1070	1092	1050	1072	33
2291	福留ハ	0	0	0	0	0
2292	ＳＦＯＯＤＳ	690	700	690	700	10
2293	滝沢ハム	0	0	0	0	0
2294	柿安本店	1000	1000	990	990	2
2501	サッポロＨＤ	400	402	375	383	1275
2502	アサヒ	1026	1036	1020	1023	882
2503	キリン	1300	1310	1280	1301	1442
2531	宝ＨＤ	2325	2500	2315	2445	2276
2533	オエノンＨＤ	255	261	255	260	31
2536	メルシャン	339	340	320	321	315
2538	マルキン忠勇	160	160	150	150	19
2540	養命酒	660	664	655	664	16
2541	ニッカ	264	265	264	265	4
2571	中京コカ	970	970	929	930	56
2572	三国コカ	1200	1220	1176	1180	135
2573	北海コカ	0	0	0	0	0
2575	三笠コカ	885	885	885	885	3
2576	近畿コカ	1200	1200	1120	1120	65
2577	富士コカ	1000	1021	991	1000	40
2578	四国コカ	1050	1060	980	991	43.5
2579	コカウエスト	2635	2700	2635	2650	170.5
2591	カルピス	524	535	515	530	25
2592	ポッカ	510	521	510	512	20
2593	伊藤園	10630	10750	10430	10690	68.2
2594	キーコーヒー	1300	1325	1295	1320	7.2
2595	キリンビバ	1990	2000	1975	1990	142
2596	キューサイ	6000	6030	6000	6030	86.2
2597	ユニカフェ	3150	3150	3110	3110	3.2
2598	アサヒ飲料	990	1020	990	1020	63
2601	ホーネンコーポ	190	196	185	185	205
2602	日清オイリオ	294	297	284	289	423
2604	吉原製油	249	249	240	240	4
2605	熊沢製油	256	256	256	256	1
2607	不二油	662	678	660	671	102
2608	ボーソー	161	161	161	161	1
2611	摂津油	0	0	0	0	0
2612	かどや製油	750	760	750	760	6
2801	キッコマン	733	749	718	725	403
2802	味の素	1190	1205	1175	1184	1139
2803	丸金醤油	250	250	250	250	7
2804	ブルドック	649	649	649	649	3
2805	エスビー	560	580	560	580	2
2806	ユタカフーズ	0	0	0	0	0
2808	サンビシ	0	0	0	0	0
2809	キユーピー	765	775	745	749	123
2810	ハウス食品	1467	1481	1457	1480	58
2811	カゴメ	914	920	910	920	99
2812	焼津水化	1425	1450	1425	1430	27.5
2813	和弘食品	140	140	140	140	1
2814	佐藤食品	0	0	0	0	0
2815	アリアケ	5280	5350	5250	5280	41.7
2816	ダイショー	0	0	0	0	0
2817	ギャバン	555	555	508	508	2
2830	アヲハタ	1389	1389	1389	1389	1
2831	はごろも	1495	1495	1475	1495	79
2871	ニチレイ	298	304	290	292	577
2872	セイヒョー	340	340	340	340	1
2873	加ト吉	2005	2005	1950	1950	152
2874	ヨコレイ	490	500	490	497	59
2875	東洋水	700	706	700	705	43
2876	ＪＣコムサ	0	0	0	0	0
2877	日東ベスト	0	0	0	0	0
2878	赤城水産	0	0	0	0	0
2879	ニチロサンフズ	490	500	490	490	11
2891	酵母工	620	669	620	650	49
2892	日食品	319	319	312	312	12
2893	ローマイヤ	145	145	145	145	4
2894	石井食	283	283	283	283	1
2897	日清食	2155	2180	2140	2155	139.3
2898	ソントン	1040	1040	1030	1030	3
2899	永谷園	915	939	915	939	12
2900	明星食	231	237	230	237	11
2901	石垣食	0	0	0	0	0
2902	太陽化	450	465	450	465	5
2903	シノブフズ	165	165	158	158	10
2904	一正蒲鉾	0	0	0	0	0
2905	オーケー食	0	0	0	0	0
2906	ホッコク	0	0	0	0	0
2907	あじかん	0	0	0	0	0
2908	フジッコ	1670	1690	1631	1690	29
2909	トオカツフズ	275	280	275	280	6
2910	Ｒフィールド	4340	4340	4050	4050	26.6
2911	旭松食品	780	780	780	780	1
2912	鐘崎	0	0	0	0	0
2913	フジフーズ	280	285	280	285	26
2914	ＪＴ	700000	724000	700000	718000	2.708
2915	ケンコーマヨ	0	0	0	0	0
2916	仙波糖化	0	0	0	0	0
2917	大森屋	675	675	660	670	5
2918	わらべ日洋	1020	1020	1000	1010	9
2920	ケイビー	0	0	0	0	0
2921	フクシマフズ	0	0	0	0	0
2922	なとり	780	780	740	750	3
3001	片倉	455	455	454	454	8
3002	グンゼ	259	259	250	253	610
3003	昭栄	1059	1059	1059	1059	2
3004	神栄	140	140	133	135	15
3007	神戸生絲	60	62	59	62	21
3009	川島織	123	123	114	119	36
3010	上毛	1080	1100	1030	1050	47
3011	バナーズ	86	86	86	86	1
3101	東洋紡	155	155	150	153	936
3102	カネボウ	176	178	167	177	677
3103	ユニチカ	82	82	76	79	650
3104	富士紡Ｈ	107	110	105	110	218
3105	日清紡	536	540	511	511	804
3106	クラボウ	160	165	155	159	3181
3107	ダイワボウ	109	110	105	110	42
3109	シキボウ	80	81	80	81	138
3110	日東紡	155	155	149	154	455
3111	オーミケン	65	80	65	80	22
3113	ＢＳＬ	75	75	70	72	63
3114	同興紡	91	99	91	99	19
3115	テザック	64	67	64	66	91
3116	トヨタ紡織	789	790	700	700	91
3117	興和紡	0	0	0	0	0
3121	アセットイン	0	0	0	0	0
3123	サイボー	0	0	0	0	0
3125	内外綿	63	63	62	62	5
3128	テラボウ	0	0	0	0	0
3129	ファブリカＴ	99	99	90	90	4
3201	日毛	362	364	360	363	59
3202	大東紡	100	104	100	104	67
3203	東亜紡織	100	100	95	100	50
3205	ダイドー	202	205	199	205	87
3206	南海毛糸紡績	99	99	95	95	3
3207	中央毛	130	130	125	126	4
3209	カネヨウ	131	131	120	125	12
3211	太陽毛絲紡	0	0	0	0	0
3216	御幸ＨＤ	405	405	402	405	6
3302	帝繊維	180	180	170	170	11
3304	トスコ	228	230	155	157	584
3306	日本麻	60	61	60	61	30
3401	帝人	437	439	421	426	1566
3402	東レ	379	380	356	363	2415
3403	東邦テナ	193	196	182	182	231
3404	三菱レ	255	262	253	255	2024
3405	クラレ	993	1000	896	920	2045
3407	旭化成	691	694	660	670	1585
3408	サカイオーベ	95	95	90	94	58
3409	北日紡	120	125	120	125	9
3411	オートリ	173	173	165	165	6
3420	ケーエフシー	0	0	0	0	0
3421	稲葉製作	1020	1020	972	972	6.9
3422	丸順	0	0	0	0	0
3423	エスイー	620	645	620	620	8
3501	住江織	112	113	105	113	82
3503	東和織	0	0	0	0	0
3512	フエルト	268	268	260	260	7
3513	イチカワ	157	163	157	163	9
3514	バイリーン	195	205	195	205	14
3515	フジコー	0	0	0	0	0
3521	エコナック	115	115	111	111	80
3524	日東網	102	102	101	101	13
3526	芦森工	220	221	218	220	56
3528	グローベルス	109	109	102	102	40
3529	アツギ	120	120	116	119	245
3532	堀田産	61	61	61	61	1
3533	ダイオ化成	610	610	600	600	6
3534	ＮＢＣ	780	780	780	780	2
3551	ダイニック	170	170	168	170	24
3552	洋クロス	150	150	150	150	3
3553	共和レ	450	460	450	460	8
3569	セーレン	270	270	260	261	51
3570	オリカキャピ	110	115	110	114	30
3571	ソトー	460	469	460	469	4
3572	大同マルタ	0	0	0	0	0
3576	カンボウ	0	0	0	0	0
3577	東海染	133	134	133	134	8
3578	倉庫精	0	0	0	0	0
3580	小松精	340	340	335	335	2
3581	岐セン	0	0	0	0	0
3583	オーベクス	0	0	0	0	0
3584	福助	168	168	165	168	17
3585	トムスエンタ	555	570	555	555	478
3587	ＩＢダイワ	271	280	265	280	90
3588	丸山工	0	0	0	0	0
3591	ワコール	889	894	884	894	355
3592	ＣＨＯＹＡ	220	220	220	220	1
3593	ホギメデ	6200	6600	6200	6320	12.8
3594	モリシタ	0	0	0	0	0
3595	ヤギコーポ	300	300	300	300	16
3596	ワールド	11040	11040	10300	10500	67.7
3597	自重堂	0	0	0	0	0
3598	山喜	260	260	260	260	3
3599	コーコス	0	0	0	0	0
3600	フジックス	0	0	0	0	0
3601	ニチメンイン	1600	1650	1600	1600	8.3
3602	イタリヤード	240	240	240	240	1
3603	チャッコット	0	0	0	0	0
3706	東海パ	400	402	381	385	21
3861	王子紙	644	646	614	614	962
3863	日本製紙	603	610	565	580	1271
3864	三菱紙	145	145	136	140	499
3865	北越紙	748	749	717	727	595
3868	高崎三興	85	86	81	86	57
3869	日本板紙	218	223	208	220	26
3870	日本加工製紙	72	74	72	74	77
3871	大昭和紙	540	550	536	550	95
3872	三島紙	162	162	162	162	2
3877	中越パ	154	158	150	154	124
3878	巴川紙	441	460	441	460	44
3880	大王紙	699	730	699	730	46
3881	特種紙	402	402	397	398	46
3882	紀州紙	167	172	166	166	8
3886	チューエツ	93	93	93	93	1
3887	中央板紙	95	95	91	95	29
3889	大平製紙	0	0	0	0	0
3890	ゼネＫＫ	630	630	620	621	25
3891	高度紙	1600	1600	1560	1600	14
3941	レンゴー	537	550	535	540	599
3944	古林紙	137	137	137	137	1
3945	スパバッグ	181	196	181	196	9
3946	トーモク	190	193	183	186	72
3947	ダイナパック	410	410	410	410	1
3948	光ビジネス	714	714	710	710	2
3949	日本ハイパック	290	290	290	290	32
3950	ザ・パック	840	840	840	840	1
3951	朝日印刷	0	0	0	0	0
3952	中央紙器	305	305	305	305	3
3953	大村紙業	0	0	0	0	0
3954	昭和パックス	515	515	490	490	22
3971	東セロ	274	275	270	270	8
4003	コープケミ	97	97	90	95	27
4004	昭電工	133	142	132	142	2713
4005	住友化学	455	480	452	479	2367
4006	チッソ 	31	31	15	24	2055
4007	日化成	140	148	140	141	38
4008	住友精化	263	263	260	263	18
4010	三菱化学	400	410	393	408	4590
4021	日産化	550	550	520	532	874
4022	ラサ工	365	370	351	351	401
4023	呉羽化	267	273	255	256	224
4025	多木化	355	359	351	355	41
4026	神島化	310	310	300	301	3
4027	テイカ	240	249	240	240	51
4028	石原産	170	180	169	177	3929
4031	チッカリン	401	401	400	400	4
4032	日東バイオン	231	235	230	231	19
4033	日東エフシー	396	396	391	391	6
4041	日曹達	300	302	292	297	487
4042	東ソー	489	493	476	482	1518
4043	トクヤマ	495	496	461	475	363
4044	セ硝子	228	233	222	223	271
4045	東合成	190	190	181	186	824
4046	ダイソー	200	200	192	198	28
4047	関電化	288	295	287	291	31
4050	鶴見曹達	332	332	331	332	7
4061	電化	350	356	345	350	1804
4062	イビデン	1214	1251	1205	1240	167
4063	信越化	5660	5820	5360	5500	951
4064	カーバイド	172	172	163	163	308
4065	紀文フ	400	400	390	390	7
4077	富士チタン工業	500	516	492	506	57
4078	堺化学	720	729	710	729	157
4079	ハクスイテック	0	0	0	0	0
4080	田中化研	5310	5650	5120	5200	37
4086	日本エア・リキード	291	291	280	291	65
4088	エアウォータ	265	268	255	257	128
4089	大阪酸素工業	178	178	170	175	34
4091	大陽日酸	270	277	267	270	518
4092	日本化	310	319	297	297	300
4093	アセチレン	0	0	0	0	0
4094	日化産	325	326	320	320	7
4095	パーカライ	314	327	313	313	29
4096	昭炭酸	291	291	290	290	8
4097	高圧ガス	296	297	293	296	8
4098	チタン	153	153	148	148	5
4099	四国化	305	309	301	309	29
4100	戸田工	425	450	420	447	20
4101	日興酸素	185	185	185	185	10
4102	丸尾カル	0	0	0	0	0
4103	大陽東洋酸素	180	182	180	181	59
4104	タテホ	205	205	190	200	15
4105	メルテックス	630	640	630	640	5
4106	ケムキャット	0	0	0	0	0
4107	伊勢化	349	349	347	347	5
4108	共同酸素	147	147	146	146	9
4109	ステラケミ	7870	8400	7870	8200	41
4112	保土谷	167	172	167	169	33
4113	田岡化	265	265	265	265	1
4114	日触媒	449	449	422	430	299
4115	本州化	610	610	602	602	8
4116	大日精	380	380	370	375	10
4117	川崎化	140	142	140	141	14
4118	カネカ	1221	1232	1207	1210	819
4119	ピグメント	198	200	197	198	27
4120	スガイ	320	320	320	320	3
4123	山化成	990	990	990	990	1
4151	協発酵	1113	1205	1112	1165	2550
4182	菱ガス化	216	219	204	207	714
4183	三井化学	689	695	667	675	1338
4185	ＪＳＲ	774	805	760	800	387
4186	東応化	2090	2090	2000	2000	103.8
4187	大有機	620	620	620	620	3
4201	日合成	188	189	175	180	410
4202	ダイセル	350	353	335	341	354
4203	住友ベ	1010	1028	991	996	557
4204	積水化	347	351	335	339	1294
4205	ゼオン	570	585	550	570	670
4206	アイカ	710	731	705	710	208
4208	宇部興	241	249	225	230	3725
4209	フドー	0	0	0	0	0
4210	東洋化学	430	435	420	425	45
4212	積水樹	360	360	346	348	74
4213	菱樹脂	155	162	153	157	214
4214	高分子	307	307	302	304	81
4215	タキロン	406	421	406	420	202
4216	旭有機	290	290	283	283	60
4217	日立化	2250	2290	2235	2255	196
4218	ニチバン	386	386	375	375	37
4219	プラス・テク	102	102	102	102	1
4220	リケンテクノ	350	351	336	336	49
4221	大倉工	360	367	360	366	52
4222	児玉化	87	92	85	85	21
4224	ロンシール	87	87	84	84	10
4225	筒中	283	286	278	282	36
4226	テスコ	300	300	300	300	6
4227	郡是高分子	230	240	230	240	2
4228	積化成	188	198	188	198	35
4229	群栄化	165	170	160	164	129
4231	タイガポリ	530	530	510	520	25
4232	東芝ケミカル	350	360	345	346	34
4233	ワコー	730	730	729	729	3
4271	カーリット	710	770	700	770	10
4272	日化薬	562	572	550	556	455
4274	細火工	0	0	0	0	0
4361	川口化	160	160	158	158	7
4362	日精化	402	416	402	403	14
4363	新日鐵化学	170	180	170	172	183
4364	マナック	490	550	490	550	4
4365	松本油脂	0	0	0	0	0
4366	ダイトーケミ	0	0	0	0	0
4367	広栄化学	0	0	0	0	0
4401	旭電化	814	820	807	818	469
4403	日油脂	278	280	270	280	837
4404	ミヨシ	243	245	235	245	94
4406	日理化	570	580	570	579	60
4409	東邦化	196	196	196	196	13
4410	ハリマ化成	396	396	395	396	15
4452	花王	2720	2750	2660	2710	1091
4461	一工薬	350	362	336	362	55
4462	石原薬品	930	930	930	930	2
4463	日華化学	265	265	261	261	2
4471	三洋化	910	910	898	909	198
4501	三共	2425	2425	2325	2380	596
4502	武田	6160	6250	6120	6250	2439
4503	アステラス薬	5250	5340	5220	5300	808
4505	第一製薬	1560	1569	1550	1567	512
4506	大日薬	825	827	794	800	525
4507	塩野義	1770	1795	1750	1793	783
4508	田辺薬	620	623	611	612	484
4509	三菱ウェルファーマ	1500	1530	1480	1500	791
4511	藤沢薬品	3460	3540	3400	3450	748
4512	わかもと	501	503	496	499	37
4514	帝臓器	850	855	849	855	28
4515	萬有製薬	1839	1840	1790	1810	215
4516	日新薬	616	630	616	630	28
4517	ビオフェル	913	914	913	914	2
4518	富山化	465	470	460	464	157
4519	中外薬	1710	1730	1705	1720	574
4520	和光堂	3590	3590	3560	3560	0.5
4521	科研薬	645	645	630	640	113
4523	エーザイ	2520	2520	2455	2495	653
4524	仁丹	904	904	880	880	8
4526	理ビタ	1381	1425	1381	1420	68
4527	ロート	711	735	711	735	60
4528	小野薬	3040	3150	3030	3090	93
4529	日研化	437	447	427	427	36
4530	久光薬	1290	1307	1283	1307	119
4531	有機薬	401	456	400	456	25
4534	持田薬	571	614	571	614	128
4535	大正薬	2995	3000	2905	2975	379
4536	参天薬	2315	2315	2140	2200	363
4537	エスエス	1200	1262	1200	1210	60
4538	扶桑薬	599	600	580	580	46
4539	ケミファ	275	280	262	272	125
4540	ツムラ	388	388	383	388	33
4541	日医工	0	0	0	0	0
4542	三笠薬	410	410	410	410	2
4543	テルモ	2590	2600	2540	2580	311
4544	みらかＨＤ	592	605	590	590	27
4545	国際試薬	388	390	375	375	45
4546	北陸製薬	850	870	840	842	55
4547	キッセイ	1510	1629	1510	1604	258
4548	生化学	1540	1730	1540	1700	61
4549	栄研化	1140	1190	1120	1160	133
4550	日水薬	700	700	700	700	2
4551	鳥居薬	2410	2445	2300	2420	20.9
4552	日本ケミカル	816	816	796	800	24
4553	東和薬品	1110	1110	1100	1100	14
4554	富士製薬	370	372	370	372	10
4555	沢井製薬	1330	1330	1270	1270	5.5
4556	カイノス	650	700	630	700	33
4557	医学生物	8000	9700	7800	9600	134
4558	中京医薬	1700	1700	1700	1700	2
4559	ゼリア新薬	1210	1225	1190	1190	26
4560	キョーリン薬	3850	3850	3600	3600	21
4561	デンカ生研	2330	2500	2330	2400	13
4611	大日塗	176	186	173	177	84
4612	日本ペ	268	270	264	268	349
4613	関西ペ	252	255	245	246	407
4614	トウペ	148	148	136	136	11
4615	神東塗	105	105	104	105	26
4616	川上塗	0	0	0	0	0
4617	中国塗	224	225	220	224	57
4619	日特塗	254	260	250	260	14
4620	藤倉化	480	490	470	470	42
4621	ロック	0	0	0	0	0
4622	ユニペイン	0	0	0	0	0
4623	アサヒペン	300	300	300	300	14
4624	イサム	0	0	0	0	0
4625	アトミクス	0	0	0	0	0
4626	太陽インキ	8950	8950	8490	8700	22.3
4627	ナトコ	1100	1180	1100	1180	7
4628	エスケー化研	1760	1760	1760	1760	17
4629	大伸化学	0	0	0	0	0
4631	インキ	400	415	395	403	2839
4633	サカタＩＮＸ	267	267	241	241	62
4634	洋インキ	199	200	193	195	408
4635	東インキ	240	240	240	240	5
4636	Ｔ＆Ｋ	3380	3420	3200	3250	5.7
4640	アンドール	600	620	600	600	31
4641	アルプス技	1270	1280	1270	1280	4
4642	オリジナル設	1320	1320	1300	1310	5
4643	コナミスポ	7400	7500	7270	7350	15.8
4644	イマジニア	2700	3000	2700	3000	30.2
4645	市進	0	0	0	0	0
4646	ジャスフォート	950	950	950	950	0.8
4649	大成	0	0	0	0	0
4650	スガイエンタ	690	690	690	690	0.1
4651	サニックス	9600	9770	8900	9000	42.4
4652	ウッドランド	6980	6980	6800	6900	11
4653	ダイオーズ	870	870	870	870	1
4654	ニチゾウテク	325	325	325	325	3
4655	ＮＯＶＡ	1030	1040	990	1030	60
4656	サン・ライフ	3100	3100	3080	3080	2
4657	環境管理	0	0	0	0	0
4658	日本空調	0	0	0	0	0
4659	エイジス	1510	1650	1500	1650	18
4660	ニッポン放送	12140	12900	11000	11000	100
4661	ＯＬＣ	11000	11000	10620	10710	97.4
4662	フォーカス	4200	4700	4200	4400	97
4663	ＡＴＬ	1450000	1600000	1450000	1550000	0.019
4664	ＲＳＣ	0	0	0	0	0
4666	パーク２４	9500	9850	9500	9800	31.8
4667	アイサンテク	0	0	0	0	0
4668	明光ネット	420	420	400	411	20
4669	ニッパンＲ	0	0	0	0	0
4670	セタ	0	0	0	0	0
4671	ファルコバ	4070	4420	3870	3900	162
4672	ベルックス	1310	1310	1310	1310	1
4673	川崎地質	0	0	0	0	0
4674	クレスコ	9900	11100	9900	10700	42.1
4675	エヌエス環境	560	560	560	560	1
4676	フジテレビ	1500000	1860000	1500000	1640000	5.181
4677	デザイ	550	700	550	700	371
4678	秀英	1250	1250	1250	1250	1
4679	田谷	1801	1801	1801	1801	1
4680	ラウンドワン	571000	660000	571000	629000	0.981
4681	リゾートトラ	2730	2750	2700	2750	22
4682	電通テック	13000	14000	12700	13600	11.7
4683	堀内カラー	606	606	606	606	2
4684	オービック	67600	73500	66500	73000	40.7
4685	菱友システム	0	0	0	0	0
4686	ジャスト	7000	7700	7000	7700	93.2
4687	ＴＤＣソフト	4110	4510	4110	4500	4.2
4688	日本ドレーク	34100	34500	34100	34500	1.6
4689	ヤフー	119000000	119000000	119000000	119000000	0.003
4690	日パレット	0	0	0	0	0
4692	アルゴ２１	4140	4470	4140	4300	38.9
4694	ＢＭＬ	5100	5100	4900	5000	15
4695	マイスター	850	850	850	850	1
4696	ワタベ	1200	1200	1160	1160	3
4697	ゼロ	4000000	4700000	3900000	4600000	0.128
4699	ウチダエスコ	305	305	305	305	3
4700	アクセス	14000000	15000000	14000000	14800000	0.045
4701	プレック研	800	800	780	800	4
4702	55ステーション	0	0	0	0	0
4703	住商オート	1130	1130	1060	1080	20
4704	トレンド	18500	18500	18500	18500	240.5
4705	クリップ	280	280	280	280	1
4706	富士通サポート	49000	52500	47300	49550	88
4707	キタック	0	0	0	0	0
4708	もしもしＨＬ	15000	16900	15000	16500	12.8
4709	ＩＤ	1500	1550	1500	1550	5
4710	ウィン	364	364	360	360	3
4711	コミュニティ	1450	1478	1428	1428	6.6
4712	アドアーズ	490	490	480	480	4
4713	日信電サ	1400	1400	1400	1400	3
4714	リソー教育	257000	270000	255000	255000	0.061
4715	クリエイティブ	395	395	392	395	3
4716	日本オラクル	75000	83000	74300	77000	236.9
4717	ソデッソジャパン	4150	4200	4150	4200	7
4718	早稲アカ	430	440	430	440	4
4719	アルファシス	22000	23000	22000	22000	30.1
4720	城南進研	745	750	740	750	13
4721	フジスタッフ	6110	6410	6100	6410	33
4722	フューチャー	28200000	32000000	28200000	31000000	0.026
4723	グッドウィル	4300000	5100000	4300000	4850000	0.482
4724	シチエ	950	951	930	930	6
4725	ＣＡＣ	4400	4800	4400	4700	41
4726	ソフトバンテク	122000	130000	122000	130000	31
4727	アジアＳ総研	5700	5700	5700	5700	0.4
4728	トーセ	8000	9100	8000	9100	26.7
4729	コナミスタジオ	5510000	6600000	5510000	6500000	0.023
4730	関西メンテ	800	801	800	801	6
4731	ユニバホーム	0	0	0	0	0
4732	ＵＳＳ	3790	4100	3790	3850	162
4733	ＯＢＣ	53000	60000	53000	60000	23
4734	ビーイング	2600	2900	2400	2850	87
4735	京進	0	0	0	0	0
4736	日本ラッド	2320	2380	2230	2380	9
4737	シダックス	1590	1600	1590	1600	4
4738	日立ビジネス	2560	2770	2440	2690	95
4739	ＣＴＣ	83500	89300	83500	83500	284.8
4740	ニューディル	5400000	5600000	5400000	5450000	0.054
4741	ＩＲＩ	0	0	0	0	0
4743	アイティフォ	8280	8700	8200	8200	51
4744	メッツ	8300000	9300000	8300000	8300000	0.051
4745	東京個別	4700	4900	4550	4600	21
4746	東計電算	2270	2490	2270	2400	140
4747	Ｃフィッシュ	25000000	26400000	24000000	26400000	0.186
4901	富士写	4460	4530	4250	4380	974
4902	コニカＨＤ	505	510	495	496	378
4911	資生堂	1333	1347	1321	1347	393
4912	ライオン	366	370	355	355	536
4913	サンスター	340	342	340	340	11
4914	高砂香	438	439	410	425	113
4915	エイボンＪ	229	229	220	220	2
4916	ノエビア	1100	1100	1090	1090	14
4917	マンダム	1500	1530	1480	1510	160
4918	アイビー	0	0	0	0	0
4919	ミルボン	6790	6790	6500	6500	50
4920	日本色材	0	0	0	0	0
4921	ファンケル	19000	19600	19000	19080	75.9
4922	コーセー	2850	2900	2850	2870	12
4951	エステー化	594	600	584	594	11
4953	タイホー工業	0	0	0	0	0
4954	マークテック	400	400	400	400	2
4955	アグロカネシ	700	700	700	700	5
4956	コニシ	960	1030	950	980	67.2
4957	ヤスハラケミ	0	0	0	0	0
4958	長谷川香料	1750	1750	1650	1650	3.3
4959	シーシーアイ	0	0	0	0	0
4960	ケミプロ	451	451	451	451	2
4961	日油技研	780	780	780	780	1
4963	星光ＰＭＣ	0	0	0	0	0
4964	星光化学工業	359	360	359	360	1.5
4965	曽田香料	0	0	0	0	0
4966	上村工	1570	1600	1530	1600	19
4967	小林製薬	13020	13500	13020	13500	45
4968	荒川化工	990	990	950	960	5
4987	寺岡製	688	688	685	685	3
4989	イハラケミ	217	220	215	217	40
4990	昭和化	0	0	0	0	0
4992	北興化	360	367	360	367	27
4996	クミアイ化	195	195	189	190	30
4997	日農薬	224	224	210	215	46
4998	フマキラ	220	221	220	220	29
4999	セメダイン	242	242	242	242	1
5001	新日本石油	403	407	380	405	2970
5002	昭和シェル	414	414	385	390	455
5005	東  燃	602	612	593	605	272
5006	興亜石油	302	305	300	304	141
5007	コスモ石	135	138	129	136	1957
5008	東亜石	113	114	112	113	67
5009	富士興	80	80	76	79	77
5010	日精蝋	86	86	86	86	4
5011	ニチレキ	450	455	448	450	13
5012	東燃ゼネ石	213	218	213	215	285
5013	ユシロ	490	505	485	500	10
5014	ジャパンエナジー	92	93	90	91	2100
5015	ＢＰカスト	851	851	850	850	3
5101	浜ゴム	287	289	263	267	1163
5102	大機エンジ	255	255	220	220	7
5103	昭ゴム	90	90	90	90	1
5104	日東化工	92	94	92	93	7
5105	洋ゴム	165	168	152	152	459
5106	オーツタイヤ	216	219	195	199	291
5108	ブリヂストン	2110	2130	1994	2030	1781
5110	住友ゴ	470	475	457	469	206
5121	藤ゴム	216	216	215	215	7
5122	オカモト	232	232	225	228	131
5123	ミサワ東洋	140	140	140	140	6
5142	アキレス	179	180	175	180	84
5143	世界長	156	178	150	178	216
5161	西川ゴム	0	0	0	0	0
5162	朝日ラバー	1450	1650	1400	1650	17
5184	ニチリン	0	0	0	0	0
5185	フコク	0	0	0	0	0
5186	ニッタ	780	780	764	770	24.9
5187	クリエート	800	800	760	761	9
5188	帝都ゴム	0	0	0	0	0
5189	桜ゴム	165	165	165	165	1
5191	東海ゴ	726	736	701	708	131
5192	三星ベ	264	267	250	255	104
5193	平成ポリマー	0	0	0	0	0
5194	相模ゴ	600	600	600	600	12
5195	バンドー	215	215	202	208	466
5196	鬼ゴム	79	79	74	74	24
5199	不二ラテ	165	165	165	165	1
5201	旭硝子	770	796	769	794	2008
5202	板硝子	1041	1067	1028	1050	1770
5204	石塚硝	175	188	175	186	7
5205	日本無機	305	305	302	305	22
5208	有沢製	2040	2130	2040	2120	12
5210	日山村硝	170	175	168	175	363
5212	不二硝	0	0	0	0	0
5213	芝セラミ	512	535	512	528	432
5214	日電硝	1320	1335	1320	1321	436
5215	旭テクノグラス	823	823	800	800	112
5216	倉元	1730	1800	1690	1690	11
5217	テクノクオツ	2590	2590	2420	2420	6
5232	住友大阪	471	500	465	498	6315
5233	太平洋セメ	172	172	165	168	1007
5234	デイ・シイ	140	153	140	144	15
5237	ノザワ	90	90	90	90	23
5261	ミサワリゾ	227	240	226	240	13
5262	日ヒューム	280	280	255	259	49
5266	テイヒュー	150	150	150	150	1
5267	ハネックス	140	145	140	140	24
5268	旭コン	315	315	315	315	9
5269	日コン	107	109	105	109	7
5271	トヨアサノ	0	0	0	0	0
5272	浅野スレ	83	83	83	83	12
5273	三谷セキ	0	0	0	0	0
5274	ゼニパイプ	0	0	0	0	0
5276	石建工	530	540	527	540	24
5277	スパンクリト	285	285	250	250	43
5278	エバタ	167	168	167	168	2
5279	日本興業	0	0	0	0	0
5280	ヨシコン	0	0	0	0	0
5281	旭ダンケ	0	0	0	0	0
5282	ジオスター	920	970	920	970	41
5283	高見沢	0	0	0	0	0
5284	ヤマウ	0	0	0	0	0
5285	ヤマックス	0	0	0	0	0
5286	武井工業	0	0	0	0	0
5287	イトヨーギョ	1059	1165	1059	1165	4
5301	東海カ	214	215	201	206	641
5302	カーボン	139	140	133	133	352
5304	エスイ−シ−	220	220	220	220	2
5331	ノリタケ	479	488	460	463	321
5332	ＴＯＴＯ	580	580	550	552	410
5333	ガイシ	900	929	875	890	671
5334	特殊陶	1009	1019	1000	1009	584
5336	INAX	557	561	546	550	256
5337	ダントー	332	338	332	338	5
5338	大トー	300	305	300	300	25
5341	アサヒ陶	109	109	106	106	5
5342	ジャニス	63	63	63	63	5
5343	ニッコー	355	355	355	355	8
5344	ＭＡＲＵＷＡ	2300	2450	2255	2420	51.2
5351	白煉瓦	344	352	317	323	342
5352	黒崎	168	168	163	164	60
5355	ルツボ	109	112	109	112	40
5356	美濃窯	0	0	0	0	0
5357	ヨータイ	190	190	189	189	3
5358	イソライト	180	180	180	180	3
5359	ハリマセ	100	100	99	100	48
5361	東海熱	335	345	335	345	20
5362	九州耐	192	192	191	191	2
5363	ＴＹＫ	190	194	190	191	24
5367	ニッカトー	790	800	780	790	8
5382	中央商事	0	0	0	0	0
5383	三共理化	0	0	0	0	0
5384	フジミインコ	3850	3850	3750	3750	11
5386	鶴弥	0	0	0	0	0
5387	チヨダウーテ	0	0	0	0	0
5388	クニミネ	0	0	0	0	0
5389	日レヂボン	0	0	0	0	0
5390	宇部マテリア	171	180	171	175	41
5391	Ａ＆ＡＭ	118	123	112	123	16
5393	ニチアス	169	169	161	164	69
5395	コランダム	135	135	135	135	2
5397	ＭＩＥテクノ	115	115	115	115	1
5398	日研紙	0	0	0	0	0
5401	新日鉄	225	226	220	223	11287
5403	川崎製鉄	159	163	157	162	14861
5404	日本鋼管	67	68	63	65	11801
5405	住金	71	72	69	72	9744
5406	神戸鋼	65	66	64	66	3964
5407	日新鋼	109	110	108	110	1428
5408	中山鋼	141	146	137	140	40
5410	合同鉄	93	93	88	90	409
5423	東京製鉄	264	274	255	258	329.2
5443	東洋製鋼	50	50	48	48	15
5444	大和工	355	357	343	343	66
5445	東京鉄	74	78	74	78	72
5446	北越メ	0	0	0	0	0
5448	東京鋼鉄	0	0	0	0	0
5449	大阪製鉄	452	475	452	475	6
5451	淀川鋼	300	300	290	300	278
5453	洋鋼鈑	392	392	372	375	207
5454	日鉄鋼板	207	207	200	201	33
5457	住友鋼管	330	330	313	313	49
5458	高砂鉄	116	116	116	116	2
5461	中部鋼	125	126	123	126	26
5462	日鉄鋼管	113	113	113	113	1
5463	丸一管	1115	1115	1105	1114	101
5464	モリ工	250	259	250	255	14
5471	大同特鋼	165	168	159	163	788
5476	高周波	89	89	81	85	79
5479	日金工	117	118	110	110	266
5480	冶金工	96	109	96	104	2036
5481	山陽鋼	145	152	145	150	231
5482	愛知鋼	283	284	272	272	255
5484	東北鋼	466	466	466	466	3
5486	日立金	645	661	627	633	2306
5491	日金属	115	115	111	115	127
5541	大平金	246	251	231	231	2190
5542	報国鉄	0	0	0	0	0
5562	日本重化学	130	134	126	130	1088
5563	日本電工	185	189	177	178	462
5566	中央電	164	165	160	160	15
5602	栗本鉄	252	253	250	253	8
5603	虹技	155	155	155	155	10
5605	自動鋳	78	78	75	75	6
5606	旭テック	137	137	132	137	112
5607	中可鍛	0	0	0	0	0
5608	川口金	225	233	225	233	4
5609	日鋳造	90	90	89	89	31
5610	大和重	110	110	100	100	3
5612	鋳鉄管	214	216	210	215	4
5613	日本カタン	0	0	0	0	0
5631	日製鋼	110	110	105	110	712
5632	菱製鋼	98	98	87	97	242
5633	関東特殊製鋼	77	80	75	80	64
5641	ＴＤＦ	190	220	186	220	19
5642	日本鍛工	55	55	55	55	4
5644	メタルアート	100	100	100	100	5
5645	イチタン	0	0	0	0	0
5657	鈴木金	143	143	143	143	3
5658	日亜鋼	425	429	410	420	36
5659	日精線	211	211	211	211	4
5660	神鋼線	93	93	83	83	31
5691	東京シヤリング	79	79	78	79	7
5694	大和綱帯	0	0	0	0	0
5695	パウダテック	0	0	0	0	0
5696	川鉄鋼板	105	105	105	105	3
5697	サンユウ	350	350	350	350	2
5701	日軽金	84	84	80	82	1254
5702	大紀ア	153	153	150	150	15
5706	三井金	579	579	559	575	1930
5707	東邦鉛	244	247	223	223	565
5711	三菱マ	349	364	349	357	5202
5713	住友鉱	324	324	303	311	2037
5714	同和鉱	235	237	225	228	519
5715	古河機金	181	185	175	175	660
5716	日鉱金属	689	720	689	720	571
5721	Ｓサイエンス	676	836	676	800	1532
5727	邦チタ	421	430	421	430	12
5728	アライドマテリアル	1035	1035	1011	1012	15
5729	日精鉱	187	187	187	187	4
5734	昭和アルミ	132	135	131	132	186
5738	住軽金	79	84	77	83	369
5739	日製箔	127	127	127	127	3
5740	九州不二サッシ	0	0	0	0	0
5753	日伸銅	65	65	65	65	5
5756	東海アルミ箔	55	55	53	53	15
5757	サンエツ	0	0	0	0	0
5771	菱伸銅	199	210	199	202	78
5781	東邦金	142	142	140	140	9
5801	古河電	1504	1555	1504	1530	2530
5802	住友電	1330	1347	1280	1344	2395
5803	フジクラ	478	484	460	463	745
5804	菱線工	234	240	228	233	1191
5805	昭電線	188	188	178	180	508
5807	東特線	350	369	350	365	80
5808	理研線	0	0	0	0	0
5809	タツタ	170	172	165	170	157
5810	第一電工	85	86	83	86	70
5811	トヨ電線	0	0	0	0	0
5812	日立線	895	913	854	862	889
5813	花島電線	0	0	0	0	0
5814	京三電線	160	160	155	155	6
5815	沖電線	250	255	220	226	36
5816	オーナンバ	0	0	0	0	0
5817	日電線	0	0	0	0	0
5818	東日京三電線	320	320	320	320	3
5819	カナレ電気	1510	1510	1470	1490	1.8
5820	三ッ星	0	0	0	0	0
5851	リョービ	121	121	113	119	411
5852	アーレスティ	241	241	240	240	3
5853	京都ダイカスト	158	158	150	150	6
5854	東京理化工	103	103	103	103	1
5855	アサヒプリテ	3110000	3150000	3100000	3110000	0.025
5900	ダイケン	410	420	410	420	3
5901	洋カン	1754	1790	1745	1750	473
5902	北カン	196	200	196	200	34
5903	シンポ	670	670	635	635	11
5904	アルコアシステム	481	481	480	480	2
5905	日カン	0	0	0	0	0
5906	エムケー精工	0	0	0	0	0
5907	ＪＦＥコンテ	0	0	0	0	0
5908	日鉄ドラム	300	300	300	300	1
5909	コロナ	1010	1010	1010	1010	2
5910	立山アルミ	250	250	250	250	1
5911	横河ブ	300	303	300	300	58
5912	日本橋	122	128	120	128	15
5913	松尾橋	199	199	195	195	10
5914	宮地鐵工所	195	201	195	196	20
5915	駒井鉄	318	318	316	318	110
5916	ハルテック	200	200	195	195	21
5917	サクラダ	79	80	75	80	39
5918	滝上工	330	330	329	329	16
5919	日鉄塔	250	251	250	251	3
5920	鈴木シャ	156	156	156	156	1
5921	川岸工	238	252	238	239	12
5922	那須鉄	190	190	190	190	5
5923	高田機	426	430	426	430	7
5924	新日軽	71	73	71	71	7
5925	酒井鉄工所	114	114	110	110	2
5926	安治川鉄工	103	103	103	103	3
5927	ホリー	130	130	125	128	54
5928	アルメタクス	240	240	240	240	1.5
5929	三和シャタ	324	335	315	322	240
5930	文化シヤタ	228	235	220	235	181
5931	川田工	205	205	200	203	36
5932	三協アルミ	99	99	95	99	147
5933	アルインコ	173	179	171	179	9
5934	日本ア	62	62	60	61	9
5935	元旦	768	768	768	768	1
5936	洋シヤタ	109	112	101	102	80
5937	洋エクス	680	686	670	680	45
5938	住生活Ｇ	1391	1400	1355	1362	485
5939	大谷工業	0	0	0	0	0
5940	不二サッシ	145	145	138	145	7.8
5941	中西製	0	0	0	0	0
5942	フイルコン	310	310	310	310	1
5943	ノーリツ	1079	1080	1005	1040	52
5944	日立粉末	686	686	670	672	35
5945	天竜製鋸	1250	1250	1250	1250	2
5946	長府製	1390	1400	1380	1400	19.4
5947	リンナイ	1750	1767	1650	1650	71.7
5949	ユニプレス	235	235	200	207	21
5950	パワーファス	123	123	120	120	11
5951	ダイニチ工業	260	270	260	261	18
5952	アマテイ	0	0	0	0	0
5954	トープラ	121	121	121	121	2
5955	ヤマシナ	302	315	285	315	293
5956	トーソー	290	290	290	290	1
5957	日東精	155	155	150	154	10
5958	三洋工	135	149	135	149	23
5959	岡部	245	245	242	245	20
5961	トーカロ	570	570	570	570	1
5962	浅香工	0	0	0	0	0
5963	日立ツール	388	388	380	380	19.5
5964	洋刃物	0	0	0	0	0
5965	フジマック	480	480	433	433	5
5966	ＫＴＣ	0	0	0	0	0
5967	前田金	115	115	115	115	8
5969	ロブテックス	0	0	0	0	0
5970	菊池プレス	0	0	0	0	0
5971	共和工業	179	179	179	179	8
5972	日本建鐵	280	286	280	286	18
5973	トーアミ	501	550	501	550	8
5974	中国工	166	170	160	166	29
5975	東プレ	334	334	320	325	33
5976	ネツレン	250	250	243	245	27
5977	コマツ電子	1110	1170	1110	1120	10.8
5979	カネソウ	0	0	0	0	0
5980	田中亜鉛	310	310	310	310	1
5981	東京綱	144	145	134	139	278
5982	マルゼン	341	341	341	341	2
5983	イワブチ	400	400	390	390	5
5984	兼房	501	501	501	501	4
5985	サンコール	417	420	412	420	58
5986	モリテック	235	235	231	235	12
5987	オーネックス	0	0	0	0	0
5988	パイオラクス	0	0	0	0	0
5989	ヒラタ	0	0	0	0	0
5990	スーパツール	141	149	141	149	5
5991	ニッパツ	319	322	313	316	346
5992	中央発條	357	357	340	344	10
5993	知多鋼	0	0	0	0	0
5994	ファインＳ	265	265	260	260	8
5995	科学冶金	500	500	500	500	2
5996	新立川	905	905	905	905	1.1
5997	協立エアテク	660	660	650	651	2
5998	アドバネクス	219	219	215	215	16
5999	イハラサイエ	202	211	200	210	35
6005	三浦工	1175	1180	1172	1180	91
6011	新潟鉄工所	89	92	86	91	703
6013	タクマ	848	865	847	856	151
6016	神発動	112	120	112	120	7
6018	阪神燃	85	85	85	85	1
6020	神鋼造機	0	0	0	0	0
6021	ロビン	0	0	0	0	0
6022	赤阪鉄	100	100	100	100	1
6023	ダイハツデ	155	155	155	155	5
6041	ボッシュ	140	145	137	143	299
6042	ニッキ	0	0	0	0	0
6101	ツガミ	565	594	548	584	1352
6102	池貝	194	197	185	188	410
6103	オークマ	433	450	407	421	518
6104	東芝機	209	212	188	199	1565
6106	日立精機	180	184	174	176	456
6107	アマダマシ	195	195	185	186	332
6108	アマダワシノ	93	93	88	93	159
6111	旭精機	247	247	239	242	7
6112	小島鉄	156	156	156	156	1
6113	アマダ	890	900	865	876	897
6114	住倉工業	172	172	159	159	177
6118	アイダ	410	414	397	399	134
6119	ゼィープラス	231	231	230	230	3
6121	滝澤鉄	0	0	0	0	0
6122	若山精密	250	251	250	250	18
6125	岡本工	145	150	140	140	84
6126	大ダイヤ	210	210	201	201	6
6130	日平トヤマ	207	229	207	229	14
6131	浜井産	206	206	188	189	70
6134	富機製	6390	6450	5980	5980	127.9
6135	牧野フ	882	914	882	899	226
6136	ＯＳＧ	430	440	420	440	104
6137	小池工	137	139	137	139	6
6138	ダイジェト	120	125	120	125	19
6139	東芝タンガロイ	227	227	208	210	533
6140	旭ダイヤ	590	590	560	560	230
6141	森精機	1450	1470	1445	1465	530
6142	富士精	220	220	220	220	5
6143	ソディック	740	740	680	693	130
6144	西部電機	230	230	230	230	1
6145	日特エンジ	1330	1750	1300	1600	293
6146	ディスコ	23000	23690	22500	22500	73.9
6147	ヤマザキ	0	0	0	0	0
6148	UHT	1870	1870	1800	1820	30
6149	小田原エンジ	720	720	720	720	1
6150	タケダ機械	0	0	0	0	0
6151	日東工器	2480	2500	2450	2500	16.3
6201	豊田織	1918	1920	1900	1920	106
6203	豊和工	137	137	133	134	110
6204	キリウ	176	180	176	180	3
6205	ＯＫＫ	121	126	119	120	276
6206	豊田工	925	938	893	920	177
6208	石川製	114	115	112	115	51
6210	東洋機械	650	650	630	650	18
6211	倉敷機	70	70	70	70	2
6212	帝人製機	167	170	167	170	15
6213	ＯＭ製	148	148	145	145	2
6214	大隈豊和機械	200	209	200	209	17
6216	寿工業	0	0	0	0	0
6217	津田駒	136	139	136	139	8
6218	エンシュウ	146	149	145	149	17
6221	大東製機	290	290	290	290	3
6222	島精機	1920	1987	1920	1987	41.9
6242	スピンドル	173	176	165	165	50
6245	ヒラノテク	300	300	300	300	5
6246	井上金	149	149	146	146	6
6247	日阪製	445	445	432	434	37
6271	ニッセイ	0	0	0	0	0
6272	レオン	397	397	371	375	17
6273	ＳＭＣ	18000	18000	17500	18000	198.6
6274	新川	3690	4050	3690	3870	131.8
6275	イセキ開発工	133	134	130	131	32
6276	ナビタス	1040	1040	990	1010	7
6277	ホソミクロン	580	580	541	549	16
6278	ユニオンツル	16000	16200	15600	16200	40.7
6279	瑞光	1204	1260	1204	1219	15.6
6280	名機製	1680	1790	1680	1750	61
6281	前田製作	0	0	0	0	0
6282	オイレス	1570	1620	1550	1560	36.5
6283	オリイメック	370	370	330	330	4
6284	ＡＳＢ機械	629	668	620	666	179
6286	静甲	0	0	0	0	0
6287	サトー	3100	3230	3100	3180	39.3
6288	ハマダ印刷機	179	179	160	160	8
6289	技研製	358	358	355	355	2
6290	ＳＥＳ	1590	1790	1590	1770	57
6291	エアーテック	595	595	585	595	3
6292	カワタ	1080	1080	1030	1030	4
6293	日精樹脂	970	1010	970	1000	50
6294	オカアイヨン	158	159	158	159	4
6295	富士変速	0	0	0	0	0
6296	ロキテクノ	980	980	965	965	8
6297	鉱研工業	310	310	310	310	1
6298	ワイエイシイ	2140	2300	2010	2200	18
6299	神鋼環境Ｓ	280	281	280	280	5
6300	アピクヤマダ	845	856	845	853	41
6301	コマツ	500	502	462	471	1291
6302	住友機	252	254	234	252	2521
6303	ササクラ	425	470	425	468	15
6304	マキ製作所	0	0	0	0	0
6305	日立建機	420	420	398	405	241
6306	日工	233	233	216	218	46
6307	サンセイ	105	105	105	105	7
6309	巴工業	0	0	0	0	0
6310	井関農	113	113	108	109	301
6311	セイレイ工業	325	325	325	325	2
6312	フロイント	0	0	0	0	0
6313	共立	140	140	135	138	47
6314	石井工研	870	870	840	870	1.7
6315	ＴＯＷＡ	3300	3540	3300	3450	43.3
6316	丸山製	158	158	147	149	73
6317	北川鉄	136	138	132	135	43
6319	シンニッタン	196	200	195	195	41
6320	新ダイワ	0	0	0	0	0
6321	石搬機	385	385	360	360	3
6322	タクミナ	0	0	0	0	0
6323	ローツェ	2000	2000	2000	2000	2
6324	ハーモニック	2820000	2950000	2800000	2950000	0.027
6325	タカキタ	0	0	0	0	0
6326	クボタ	336	345	330	339	3004
6327	北川精機	0	0	0	0	0
6328	荏原実業	1500	1550	1500	1520	9
6329	ＨＥＣ	510	511	510	511	17
6330	東洋エンジ	104	109	104	109	174
6331	化工機	216	224	207	213	144
6332	月島機	650	655	631	637	70
6333	帝国電	556	556	530	530	7
6334	明治機	223	223	215	220	79
6335	東京機	415	418	400	400	130
6336	石井表記	3410	3410	3400	3400	4
6339	新東工	250	250	235	236	24
6340	渋谷工	890	890	887	890	9
6341	日立造船富岡	150	150	148	148	3
6342	太平製	93	93	93	93	2
6343	フリージア	90	95	88	88	42
6345	アイチコーポ	175	175	157	160	61.3
6346	菊川鉄	0	0	0	0	0
6347	プラコー	129	129	129	129	5
6348	日本マリンテクノ	0	0	0	0	0
6349	小森	1300	1310	1285	1308	309
6350	新日本造機	131	132	131	132	2
6351	鶴見製	520	520	495	495	70
6352	トヨコケン	0	0	0	0	0
6354	日立機電	319	328	319	320	8
6355	住友精	322	325	320	324	56
6356	日ギア	220	221	220	221	5
6357	三精輸	297	309	295	309	40
6358	酒井重	216	216	208	211	63
6359	粟村製作所	0	0	0	0	0
6360	東自機	325	325	325	325	1
6361	荏原	1646	1669	1630	1648	1909
6362	石井鉄	205	205	200	200	9
6363	酉島	447	447	445	447	20
6364	北越工	171	171	171	171	5
6365	電業社	4500	4550	4500	4550	0.3
6366	千代建	185	187	173	178	366
6367	ダイキン	1575	1608	1575	1580	574
6368	オルガノ	393	399	390	392	65
6369	トヨカネツ	110	113	105	106	182
6370	栗田工	1960	2055	1940	2055	141
6371	椿本チ	390	390	365	366	719
6372	セイサ	86	86	86	86	3
6373	大同工	186	186	180	185	13
6374	ＴＣＭ	158	161	157	160	18
6375	コンベヤ	110	111	107	110	153
6376	日機装	508	508	495	497	246
6377	甲陽建設	385	385	351	375	148
6378	木村化	175	175	166	172	29
6379	新興プラン	105	108	105	108	21
6380	オリチェン	0	0	0	0	0
6381	アネスト岩田	131	134	130	133	27
6382	トリニ工	240	240	240	240	2
6383	ダイフク	908	960	902	940	1027
6386	扶桑レクセ	1180	1250	1169	1169	14
6388	ミサワバン	269	270	263	270	146
6389	内田油圧	71	71	71	71	2
6390	加藤製	160	166	152	164	72
6391	加地テック	180	181	180	181	7
6392	ヤマダコーポ	161	161	161	161	5
6393	油研工	116	118	116	118	36
6394	大江工業	0	0	0	0	0
6395	タダノ	203	203	198	200	72
6396	宇野鉄	155	155	155	155	2
6397	郷鉄工	0	0	0	0	0
6398	日本電産シンポ	910	910	900	900	2
6403	水道機	359	359	330	330	9
6406	フジテック	910	910	879	894	99
6407	シーケーディ	482	485	472	480	118
6408	クラッチ	990	990	950	990	11
6409	キトー	0	0	0	0	0
6411	中野冷	0	0	0	0	0
6412	平和	1900	1920	1890	1900	214
6413	理想科学	2680	2710	2680	2700	21
6414	川重冷熱	360	360	360	360	2
6415	ニスカ	760	760	760	760	2
6416	桂川電機	320	320	320	320	7
6417	ＳＡＮＫＹＯ	5400	5830	5400	5720	261.5
6418	日金銭	1850	1850	1750	1760	22
6419	マース	2390	2680	2390	2460	26.1
6420	福島工業	0	0	0	0	0
6421	キヤノンＦ	675	690	675	690	5
6422	キヤノン化成	930	950	920	930	27
6423	アビリット	5500	5950	5500	5600	57.9
6424	高見サイ	500	500	500	500	1
6425	アルゼ	5500	5750	5500	5620	51.5
6426	サミー	4200	4250	4160	4200	15.1
6431	キャノンＮＴＣ	280	281	280	281	10
6436	アマノ	680	690	660	665	143
6437	三条機	144	144	144	144	1
6439	中日鋳	160	160	160	160	4
6440	ＪＵＫＩ	178	183	178	181	107
6442	コピア	256	256	245	255	31
6443	東洋製	136	136	136	136	5
6444	サンデン	525	525	510	515	282
6445	蛇の目	104	104	100	102	82
6448	ブラザー	268	275	268	270	257
6453	シルバ精	161	169	156	164	327
6454	マックス	810	815	778	788	371
6455	モリタ	294	295	294	294	7
6457	グローリー	1499	1500	1473	1473	54
6458	新晃工	151	151	151	151	2
6459	大和冷	304	304	293	295	20
6461	日ピス	160	160	147	157	215
6462	リケン	245	247	235	239	143
6463	ＴＰＲ	263	263	262	262	7
6467	ニチダイ	570	570	525	530	66
6468	駿河精機	1630	1630	1530	1530	7
6469	放電精密	711	711	673	673	8
6470	大豊工業	1130	1150	1130	1145	7
6471	日精工	700	705	654	660	1561
6472	ＮＴＮ	261	264	242	248	960
6473	光洋精	834	860	831	845	513
6474	不二越	188	188	171	180	693
6475	天辻	0	0	0	0	0
6476	富士テクニカ	0	0	0	0	0
6477	ツバキ・ナカ	1150	1151	1085	1100	26
6478	ダイベア	0	0	0	0	0
6479	ミネベア	1288	1305	1269	1282	1236
6480	トムソン	912	930	901	910	156
6481	ＴＨＫ	4420	4660	4420	4520	338.2
6482	ユーシン精機	8950	9220	8950	9150	42.8
6483	川重防災	540	545	522	522	47
6484	ＫＶＫ	299	299	299	299	7
6485	前沢給装	595	595	595	595	3
6486	イーグル工	305	313	305	312	7
6487	積水工機	0	0	0	0	0
6488	ヨシタケ	281	290	281	290	2
6489	前沢工業	900	907	890	895	61.6
6490	ピラー	730	765	720	735	49
6492	岡野バ	0	0	0	0	0
6493	日鍛バ	185	185	183	183	14
6494	ファネス	410	421	390	421	22
6495	宮入バ	100	100	97	100	6
6496	中北製	176	177	171	175	19
6497	ハマイ	0	0	0	0	0
6498	キッツ	163	168	158	158	307
6499	大隈エンジニア	0	0	0	0	0
6501	日立	1190	1243	1175	1210	11178
6502	東芝	866	894	853	894	7072
6503	三菱電	908	917	883	883	5015
6504	富士電機ＨＤ	380	380	367	374	1572
6505	東洋電	170	175	161	175	48
6506	安川電	1282	1330	1268	1293	1597
6507	神鋼電	158	158	155	156	113
6508	明電舎	212	212	200	207	384
6513	オリジン	1110	1200	1110	1170	168
6516	山洋電	400	405	390	390	288
6517	デンヨー	721	733	710	723	20
6518	三相電機	0	0	0	0	0
6581	日立工	252	252	244	246	371
6583	松下冷機	536	542	530	540	105
6584	三桜工	595	608	592	592	56
6585	サーボ	276	280	270	270	28
6586	マキタ	896	900	870	876	114
6587	松下精工	411	419	411	419	74
6588	東芝テック	430	450	426	430	893
6590	芝浦	1120	1185	1100	1149	361
6591	西芝電	160	160	155	155	5
6592	マブチ	9310	10290	9310	10290	149.6
6593	ローヤル電	503	503	503	503	1
6594	日電産	17500	18330	17460	18330	154.5
6621	高岳	175	179	171	175	91
6622	ダイヘン	224	239	224	239	177
6623	愛電機	0	0	0	0	0
6624	田淵電	291	291	280	280	16
6641	日新電	242	247	240	240	288
6643	戸上電	147	148	147	147	6
6644	大崎電	483	498	471	471	32
6645	オムロン	2500	2540	2460	2480	929
6646	エナジーサポ	326	326	325	325	30
6647	森尾電	161	161	160	160	18
6648	かわでん	75	76	74	76	35
6650	春日電	171	176	166	175	11
6651	日東工	610	610	590	590	16
6652	和泉電	1250	1379	1250	1374	75.5
6654	不二電機	780	780	745	745	3
6655	東洋電機	402	402	402	402	5
6701	ＮＥＣ	2670	2720	2655	2690	7866
6702	富士通	3120	3310	3110	3190	7540
6703	沖電気	705	742	692	729	2468
6704	岩崎通	244	249	240	246	115
6705	ＮＥＣインフ	549	558	525	558	147
6706	電気興	800	869	800	857	153
6707	サンケン	595	612	583	585	550
6708	東洋通	1797	1900	1781	1900	841
6709	明星電	150	150	150	150	12
6710	大興電機製作	173	195	173	190	23
6711	高見澤電機	182	182	182	182	1
6712	田村電機製作	330	330	320	321	122
6714	神田通信工業	252	264	252	260	29
6715	ナカヨ通	330	330	320	320	6
6716	中央無	480	490	480	490	2
6717	富士通アクセ	2300	2705	2255	2705	131.8
6718	アイホン	1581	1650	1520	1650	10.1
6741	信号	461	461	455	460	63
6742	京三	246	246	241	241	81
6743	大同信	0	0	0	0	0
6744	能美防災	331	331	320	322	81
6745	ホーチキ	288	288	276	277	32
6747	小糸工	360	368	360	365	6
6748	星和電	0	0	0	0	0
6749	マスプロ	1130	1141	1111	1140	11.6
6751	日無線	990	1060	987	1011	622
6752	松下	2920	2940	2885	2920	4586
6753	シャープ	1982	2095	1982	2060	2573
6754	アンリツ	915	940	907	910	327
6755	富士通ゼ	634	674	634	660	92
6756	日立国際	1340	1360	1340	1353	148
6758	ソニー	23900	25840	23900	25390	3758.4
6759	ＮＥＣトーキ	605	623	602	610	126
6761	アイワ	1430	1549	1430	1505	167.6
6762	ＴＤＫ	10580	11300	10400	11210	321
6763	帝通工	355	355	346	347	67
6764	三洋電	620	629	590	614	9474
6765	ケンウッド	397	403	390	391	301
6766	宮越商	62	64	60	64	78
6767	ミツミ	3390	3660	3390	3510	364
6768	タムラ	475	480	461	463	149
6770	アルプス	980	990	972	985	712
6771	池上通	378	380	358	368	214
6772	コスモス	0	0	0	0	0
6773	パイオニア	2900	2925	2830	2860	540
6775	東和メクス	161	165	155	155	71
6776	天昇電	170	170	170	170	5
6779	日電波	3030	3280	3030	3140	188.5
6780	日立電子	567	584	567	583	11
6781	松下通信工業	13750	15950	13740	15950	938
6782	九州松下電器	1230	1240	1205	1235	160
6783	松下寿電子	2050	2095	2045	2055	131
6791	コロムビア	195	197	189	197	81
6792	ビクター	660	661	650	657	294
6793	山水電	25	26	25	26	625
6794	フォスター	620	631	580	603	78
6796	クラリオン	580	640	570	625	1170
6798	ＳＭＫ	920	990	920	960	246
6799	日本マランツ	220	225	216	225	17
6800	ヨコオ	2580	2750	2580	2740	113
6801	東光	781	830	781	795	445
6802	赤井電機	47	48	46	47	1126
6803	ティアック	411	420	403	408	375
6804	ホシデン	4840	5300	4840	5190	126
6805	八木アン	660	660	650	652	8
6806	ヒロセ電	11120	12400	10800	12150	204.7
6807	航空電子	562	574	552	558	203
6808	シントム	54	55	53	55	447
6809	ＴＯＡ	340	341	332	335	32
6810	マクセル	2350	2440	2350	2400	257
6811	クオンツ	701	880	701	800	285
6812	ジャルコ	440	450	430	450	10
6813	ナカミチ	145	150	121	132	160
6814	古野電	435	435	435	435	1
6815	ユニデン	870	880	865	879	197
6816	アルパイン	1450	1450	1344	1382	296
6817	スミダコーポ	4500	4550	4350	4540	55
6818	島田理	1100	1120	1088	1088	37.5
6819	オメガ・プロ	2010	2240	2010	2100	186
6820	アイコム	1540	1745	1470	1745	66
6821	バーテクスＳ	1100	1100	1100	1100	2
6822	大井電気	390	395	390	395	9
6823	リオン	1150	1150	1100	1100	8
6824	新コスモス	370	390	370	390	7
6826	本多通信	4350	4480	4300	4480	26
6837	京写	1950	2250	1950	2150	26
6838	多摩川電	2290	2400	2180	2180	5
6839	船井電	66800	70500	66800	66800	56.4
6840	アドテック	1340	1360	1210	1220	42
6841	横河電	1001	1020	971	998	496
6842	ユニパルス	1100	1100	1080	1100	8
6843	東光精機	200	200	200	200	1
6844	新電元	519	519	515	516	62
6845	山武	802	830	800	830	138
6846	中央製	0	0	0	0	0
6847	安藤電気	1700	1880	1700	1880	27
6848	東亜ＤＫＫ	310	310	265	265	7
6849	日本光電	330	332	330	332	19
6850	チノー	231	240	231	235	35
6851	大倉電気	220	225	220	224	11
6852	テクノセブン	200	210	185	195	31
6853	共和電	0	0	0	0	0
6855	電子材料	3020	3100	3000	3100	21
6856	堀場製	767	767	749	749	82
6857	アドバンテスト	16150	18550	16150	18550	539.2
6858	小野測器	215	215	206	206	14
6859	エスペック	735	735	720	720	23
6860	サンクス	765	765	751	751	2
6861	キーエンス	32150	33350	32150	33350	39.8
6862	ミナトエレ	240	242	240	242	32
6863	ニレコ	560	570	550	560	6
6864	ＮＦ回路	395	395	395	395	2
6866	ＨＩＯＫＩ	0	0	0	0	0
6867	リーダー電子	550	550	550	550	2
6868	東カソード	1040	1040	1030	1030	7.5
6869	シスメックス	2610	2790	2610	2700	50.5
6870	フェンオール	630	630	610	610	4
6871	日本マイクロ	1750	1800	1750	1800	17.8
6872	日本コーリン	8600	9950	8600	9100	89.5
6873	日立電子Ｅ	900	900	895	900	5
6874	協立電機	4400	4850	4300	4610	8.2
6875	メガチップス	7550	7550	7250	7280	48
6876	光波	5110	6100	5100	5700	36
6877	ＯＢＡＲＡ	0	0	0	0	0
6878	長野日無	580	600	580	600	13
6879	フォトロン	481	481	481	481	1
6880	シンワ	1100	1200	1100	1130	5.8
6881	キョウデン	3890	3900	3850	3900	75
6882	三社電機	720	730	698	698	12
6883	電産コ電	1250	1300	1240	1240	10
6884	デジタル	3100	3100	3100	3100	2
6885	ミヤチテクノ	1010	1050	1000	1050	2.4
6886	グラフィック	650	650	650	650	2
6887	日本ＬＳＩカード	599000	599000	580000	590000	0.016
6888	アクモス	860000	900000	810000	880000	0.079
6889	オーデリック	650	650	650	650	5
6890	フェローテク	1350	1410	1320	1380	36
6891	イーター電機	1190	1300	1190	1200	41
6892	シチズン電子	19200	19700	19000	19500	22.3
6893	タイテック	810	840	785	830	74
6894	パルステック	1800	1820	1770	1820	26
6895	ダイヤ電機	451	451	451	451	2
6896	北川工業	1351	1370	1310	1310	20.3
6897	ツインバード	0	0	0	0	0
6898	トミタ電機	0	0	0	0	0
6899	ＡＳＴＩ	660	660	660	660	3
6900	東京電波	7500	7900	7500	7700	25
6901	沢藤電	350	350	330	346	24
6902	デンソー	2230	2230	2160	2210	1355
6904	原田工業	430	430	430	430	2
6905	コーセル	3100	3250	3020	3250	31.2
6906	キヤ･コンポ	310	310	310	310	1
6907	ジオマテック	1400	1420	1390	1390	12
6908	イリソ電子	400	410	400	410	7
6909	北部通信工業	450	450	450	450	2
6910	日立メディコ	1010	1046	1005	1030	96
6911	新日無	911	1000	911	1000	33
6912	菊水電子	400	410	398	398	10
6913	メルコ	2600	2655	2545	2570	39.6
6914	オプテックス	1060	1060	1050	1050	2
6915	千代田インテ	1400	1510	1400	1510	50
6916	アイオデータ	3000	3100	3000	3000	27.6
6917	デンセラムダ	2100	2430	2100	2100	112.3
6918	アバール	1060	1200	1060	1160	22
6919	ケル	0	0	0	0	0
6920	レーザーテク	2850	2900	2850	2890	3
6921	東光電	320	320	315	315	12
6922	昭和情報	510	510	500	500	3
6923	スタンレー	680	699	668	680	761
6924	岩崎電	205	205	198	205	45
6925	ウシオ電	1885	1960	1885	1920	579
6926	岡谷電	0	0	0	0	0
6928	エノモト	1000	1030	940	1030	16
6929	日セラ	1112	1140	1112	1115	24
6930	日本アンテナ	1250	1280	1250	1280	8
6931	日本電池	380	385	370	380	153
6932	ユアサコーポ	239	250	239	240	7
6933	ＹＵＡＳＡ	270	272	255	257	414
6934	新神戸	660	673	640	663	137
6935	日デジタル	1820	1837	1786	1800	51.5
6936	東洋高砂乾	139	139	139	139	1
6937	古河池	320	320	311	320	13
6938	双信電機	680	810	650	780	211
6939	ＵＭＣＪ	910000	1010000	910000	1000000	0.536
6940	多摩電気	285	285	285	285	1
6941	山一電機	2400	2460	2400	2450	41
6942	ソフィア	330	359	330	359	3
6943	開閉器	550	550	540	540	5
6944	アイレックス	0	0	0	0	0
6945	ＦＴＥＣ	659	659	649	649	14
6946	日本アビオ	290	290	290	290	1
6947	図研	2250	2380	2225	2305	72.2
6948	住友電装	830	830	830	830	1
6949	キンセキ	892	912	890	895	48
6950	ＹＥデータ	640	670	640	642	17
6951	日電子	530	538	525	527	43
6952	カシオ	971	985	955	982	675
6953	日ＮＣＲ	520	530	520	528	9
6954	ファナック	9010	9300	8930	9100	675.2
6955	ＦＤＫ	771	850	750	841	103
6956	神明電	1290	1320	1280	1320	10
6957	芝浦電子	330	347	330	347	3.1
6958	日本ＣＭＫ	1121	1121	1085	1087	120
6959	アマダメ	760	765	740	759	63
6960	フクダ電	1880	1880	1880	1880	2
6961	エンプラス	4550	4910	4550	4790	47.3
6962	大真空	520	565	511	565	124
6963	ローム	30900	33450	30900	33100	623.3
6964	サンコー	1951	2000	1900	2000	18
6965	ホトニクス	5780	6300	5780	6200	199.1
6966	三井ハイテク	1870	1930	1850	1900	82.4
6967	新光電工	5430	5800	5430	5800	21.9
6968	グラフテック	193	193	192	192	11
6969	松尾電	750	750	670	699	174
6970	日本コンラックス	573	573	563	573	67
6971	京セラ	15770	16550	15520	16230	699
6972	エルナー	425	446	415	439	59
6973	協栄産	340	350	328	328	10
6974	日本インター	315	335	308	310	8
6975	ＮＥＯＭＡＸ	1013	1030	1000	1007	188
6976	太陽電	5600	5700	5560	5610	907
6977	抵抗器	196	196	190	190	10
6979	松尾電機	3090	3200	3090	3200	2
6980	日立ＡＩＣ	1010	1132	1010	1070	116
6981	村田製	19440	21180	19340	21160	692
6982	リード	0	0	0	0	0
6984	朝日ナショナ	0	0	0	0	0
6985	ユーシン	567	570	551	560	22
6986	双葉電	4620	4690	4400	4400	42.9
6988	日東電	3340	3610	3340	3440	578
6989	北電工	201	214	200	210	79
6991	松電工	912	922	901	910	1143
6992	国産電	223	223	223	223	2
6993	森電機	170	180	161	161	122
6994	指月電	275	275	260	260	12
6995	東海理	995	1020	995	1000	30
6996	ニチコン	2780	2880	2765	2845	403
6997	日ケミコン	455	472	455	472	338
6998	タングス	281	281	280	280	8
6999	ＫＯＡ	2360	2535	2360	2495	133
7003	三井造	70	71	66	69	1344
7004	日立造	82	83	80	82	2401
7007	佐世保	76	79	75	75	81
7011	三菱重	315	317	297	303	6480
7012	川重	133	133	126	129	965
7013	石川島	127	127	120	120	1983
7014	名村造	129	129	124	127	64
7018	内海造	116	116	116	116	6
7020	サノヤス	220	220	211	215	56
7021	ニッチツ	146	146	146	146	2
7052	信貴造船所	0	0	0	0	0
7102	日車両	225	225	210	212	279
7104	富士車輌	97	98	93	97	10
7105	ニチユ	166	170	166	168	9
7122	近畿車	136	145	136	145	33
7123	東急車輌製造	88	90	87	90	38
7124	輸送機工業	320	320	310	310	3
7142	ナブコ	182	187	175	187	44
7201	日産自	425	430	399	415	4461
7202	いすゞ	265	265	230	235	722
7203	トヨタ	4730	4800	4670	4740	3749
7204	小松ゼノア	250	254	246	250	27
7205	日野自	350	358	316	324	778
7207	日野車体	146	146	120	120	51
7210	日産ディ	93	93	90	92	86
7211	三菱自	400	405	362	390	1300
7212	エフテック	480	480	480	480	1
7219	ＨＫＳ	700	700	650	670	18
7220	武蔵精密	1100	1100	1100	1100	7
7221	トヨ車	770	794	770	794	42
7222	産車体	117	125	116	125	57
7223	関東自	651	664	651	660	21
7224	新明和	154	158	153	157	190
7225	小松フォーク	148	151	145	151	49
7226	極東開発	486	517	486	514	10.8
7227	アスカ	0	0	0	0	0
7228	デイトナ	0	0	0	0	0
7229	ユタカ技研	0	0	0	0	0
7230	日信工業	1231	1231	1229	1230	8
7231	トピー	171	172	162	162	311
7232	トキコ	143	143	138	141	100
7233	自部品	90	90	90	90	2
7234	橋本フォーミング	71	71	71	71	3
7235	東ラヂ	110	119	110	119	3
7236	ティラド	228	240	210	220	127
7237	ボッシュブレーキ	185	185	170	170	8
7238	ブレーキ	188	195	179	195	99
7239	タチエス	469	470	465	465	29
7240	ＮＯＫ	353	353	336	336	162
7241	フタバ	965	965	925	940	176
7242	カヤバ	175	178	172	175	200
7243	シロキ	231	231	220	230	58
7244	市光工	221	230	215	230	199
7245	大同メ	0	0	0	0	0
7246	プレス工	72	75	72	73	72
7247	ミクニ	140	140	126	126	26
7248	カルソニック	225	225	218	220	224
7249	尾張精	0	0	0	0	0
7250	太平洋工	267	267	262	262	15
7251	ケーヒン	971	1000	970	1000	27
7252	富士機	200	200	200	200	3
7253	日本ガスケット	0	0	0	0	0
7254	フジユニ	160	160	160	160	2
7255	桜井製	0	0	0	0	0
7256	河西工	205	214	200	200	11
7257	自転車電機工	198	198	192	192	17
7258	栃木富士産業	205	206	200	204	25
7259	アイシン	1400	1402	1386	1393	222
7260	富士機工	165	165	165	165	4
7261	マツダ	303	305	296	303	1346
7262	ダイハツ	580	590	572	588	863
7263	愛知機	135	135	130	130	204
7264	ＭＵＲＯ	700	700	700	700	2
7265	エイケン工業	0	0	0	0	0
7266	今仙電機	0	0	0	0	0
7267	ホンダ	3860	3910	3770	3800	960
7268	タツミ	0	0	0	0	0
7269	スズキ	1729	1730	1650	1680	641
7270	富士重	750	755	744	745	1840
7271	安永	395	400	395	400	5
7272	ヤマハ発	803	816	790	816	403
7273	イクヨ	180	180	180	180	1
7274	ショーワ	413	425	413	415	78
7275	ユニシア	110	125	110	125	774
7276	小糸製	505	530	505	513	155
7277	ＴＢＫ	101	101	101	101	1
7278	エクセディ	739	739	739	739	0.1
7279	ケーブル	994	994	990	993	10
7280	ミツバ	437	437	420	420	64
7281	カンセイ	221	221	218	220	22
7282	豊田合	5970	6050	5800	5800	171
7283	愛三工	0	0	0	0	0
7284	盟和産	235	235	235	235	3
7285	池田物産	99	100	96	96	14
7286	イズミ工業	126	126	123	123	10
7287	日精機	1480	1560	1470	1540	82
7288	テクノエイト	225	225	225	225	2
7289	マーレ テネックス	230	230	223	223	8
7290	日発精密工業	185	185	185	185	3
7291	日本プラスト	334	343	334	341	8
7292	村上開明	540	540	540	540	4
7293	大井製作所	260	260	260	260	4
7294	ヨロズ	250	252	241	242	38.3
7295	アイエス製機	390	390	390	390	1
7296	ＦＣＣ	1000	1060	1000	1000	17
7297	カーメイト	900	900	885	885	0.7
7298	八千代工	500	500	490	490	6
7299	フジオーゼ	0	0	0	0	0
7301	宮田	165	169	160	162	10
7305	新家工	103	108	102	102	57
7306	丸石自転車	499	590	475	536	89
7308	ツノダ	0	0	0	0	0
7309	シマノ	2000	2000	1891	1929	97.1
7399	ナンシン	285	285	285	285	2
7404	昭和飛	321	321	305	308	26
7407	日本飛行機	218	218	210	217	33
7408	ジャムコ	450	451	450	451	4
7410	横浜鋼業	0	0	0	0	0
7411	成和産業	680	680	670	670	2
7412	アトム	1583	1600	1582	1597	7
7413	創健社	245	245	245	245	1
7414	小野建	790	800	790	800	14
7415	新星堂	0	0	0	0	0
7416	はるやま	591	591	591	591	1
7418	ヤマキ	0	0	0	0	0
7419	ノジマ	1220	1250	1200	1240	3.6
7420	佐鳥電機	922	922	880	880	10
7421	カッパクリエ	1900	1900	1900	1900	1
7422	東邦レマック	0	0	0	0	0
7423	フォンテーヌ	960	970	956	956	11
7424	ニコニコ堂	190	190	190	190	3
7425	初穂商事	330	330	320	320	5
7426	山大	198	199	198	199	11
7427	エコーＴＤ	1360	1480	1360	1480	15
7428	江戸沢	751	751	751	751	3
7429	セイジョー	1650	1650	1600	1610	5.7
7430	サンワドー	548	548	548	548	1.5
7431	ニューフ	0	0	0	0	0
7432	ダルトン	0	0	0	0	0
7433	伯東	3360	3550	3360	3550	71.2
7434	オータケ	0	0	0	0	0
7435	ナ・デックス	519	520	519	520	2
7437	シーアンドエス	4130	4170	4130	4170	55.8
7438	コンドー	476	476	476	476	1
7439	サンミック千代田	0	0	0	0	0
7440	クラフト	1030	1030	1000	1000	3
7442	中山福	323	325	321	321	34
7443	横浜魚類	370	370	370	370	2
7444	ハリマ共和	0	0	0	0	0
7445	ライトオン	10210	10300	10210	10300	33.4
7446	東北化学	440	440	440	440	2
7447	ナガイレーベ	2700	2750	2700	2700	1.5
7448	ジンズメイト	2270	2290	2200	2200	15.2
7449	太洋興業	183	183	183	183	3
7450	サンデー	0	0	0	0	0
7451	菱食	4450	4600	4360	4600	18.9
7452	マツヤ	0	0	0	0	0
7453	良品計画	16010	17100	16000	16100	91.3
7454	ホットスパー	230	230	230	230	4
7455	三城	8300	8500	7800	7820	31.2
7456	松田産業	2200	2220	2200	2220	3.5
7457	セキテクノ	480	480	480	480	1
7458	第一興商	3280	3500	3200	3380	19.4
7459	メディセオＨＤ	737	747	737	747	21.7
7460	ヤギ	0	0	0	0	0
7461	キムラ	960	1040	960	1040	5
7462	ダイヤ通商	0	0	0	0	0
7463	アドヴァン	4500	4500	4150	4200	37.1
7464	セフテック	338	338	338	338	1
7465	ＭＶ北海道	0	0	0	0	0
7466	ＳＰＫ	1080	1080	1080	1080	2.1
7467	萩原電気	0	0	0	0	0
7468	アムスク	1230	1290	1230	1290	3
7470	サロモンメイド	600	634	600	634	18
7471	ふじ	650	650	635	635	7
7472	鳥羽洋行	0	0	0	0	0
7473	静岡スバル	0	0	0	0	0
7474	パオ	0	0	0	0	0
7475	アルビス	425	425	425	425	3
7476	アズワン	1700	1720	1700	1700	14
7477	ムラキ	168	168	160	160	3
7478	ブルーグラス	0	0	0	0	0
7479	サンマルク	3250	3250	3200	3200	8
7480	スズデン	0	0	0	0	0
7481	尾家産	675	675	675	675	5
7482	シモジマ	1050	1070	1000	1000	48
7483	ドウシシャ	2140	2140	2090	2100	28
7485	岡谷鋼機	0	0	0	0	0
7486	サンリン	545	545	545	545	7
7487	小津産業	820	820	810	810	2.9
7488	ヤガミ	502	502	502	502	1
7490	日新商	310	310	310	310	1
7491	ＯＡシステム	1030	1030	960	1000	22
7492	タイカン	415	415	415	415	3
7494	コナカ	682	700	681	698	8.3
7495	レオ	0	0	0	0	0
7496	八千代ムセン	1100	1111	1100	1100	14
7497	マインマート	580	580	575	575	4.6
7498	ジャパン	1750	1850	1700	1850	29
7500	西川計測	0	0	0	0	0
7501	ティムコ	1110	1140	1110	1140	4.4
7502	プラザクリエ	8610	9100	8610	9100	6.7
7503	ＩＭＩ	1750	1750	1670	1670	2
7504	高速	750	750	750	750	9
7505	扶桑電通	1030	1030	1010	1010	2
7506	ハウスローゼ	880	880	879	879	1.3
7507	浜 勝	0	0	0	0	0
7508	オートセブ	0	0	0	0	0
7509	アイエー	700	700	700	700	5
7510	竹菱電機	0	0	0	0	0
7511	ジプロ	380	385	380	385	3
7512	ポスフール	1280	1299	1250	1270	7.2
7513	コジマ	2600	2600	2500	2525	89.7
7514	ヒマラヤ	700	750	700	730	31
7515	マルヨシ	0	0	0	0	0
7516	コーナン	1300	1310	1250	1280	9.1
7517	黒田電気	3400	3600	3400	3520	8.2
7518	ネットワン	3300000	3600000	3250000	3530000	0.655
7519	五洋インテ	250	250	250	250	2
7520	エコス	1150	1170	1150	1170	3.8
7521	ムサシ	1170	1200	1170	1200	3
7522	ワタミ	8300	8700	8200	8630	43.5
7523	アールビバン	4800	5300	4700	5250	10.6
7524	マルシェ	1260	1450	1260	1360	27.5
7527	システムソフ	780	780	770	770	6
7528	安藤薬業公司	490	495	485	495	4
7529	はるやま	0	0	0	0	0
7530	ナブコドア	601	601	601	601	1
7531	清和鋼業	0	0	0	0	0
7532	ドンキホーテ	15590	15590	15030	15300	21.2
7535	グッドマン	3190	3200	2950	3050	26.7
7536	船橋薬品	900	900	900	900	0.9
7537	丸文	1350	1350	1350	1350	8
7538	大水	475	475	470	470	2
7539	アベルコ	580	580	570	570	4
7540	エルエスフェンス	0	0	0	0	0
7541	メガネトップ	2850	2850	2710	2710	0.7
7542	ビスケーＨＤ	870	885	870	885	11
7543	ミスタージョン	410	410	410	410	1
7544	スリーエフ	1600	1650	1600	1650	3
7545	西松屋チェ	1520	1530	1500	1530	4
7547	オートハローズ	0	0	0	0	0
7548	サンクスＪＰ	1270	1270	1250	1270	7
7549	エス・エス・ブイ	0	0	0	0	0
7550	ゼンショー	1450	1511	1450	1510	15
7551	ウェッズ	0	0	0	0	0
7552	ハピネット	4550	5210	4550	5010	25.5
7553	サザビー	6240	6400	6240	6300	5
7554	幸楽苑	1200	1200	1200	1200	1
7555	大田花き	0	0	0	0	0
7556	住商エレク	2150	2150	2000	2150	8
7557	サンクス	4850	5500	4850	5200	13.5
7558	トーメンエレ	4500	5000	4490	5000	16
7559	ジーエフシー	0	0	0	0	0
7560	ユニマット	2220	2280	2180	2200	33.3
7561	ハークスレイ	2880	3000	2880	3000	7
7562	安楽亭	1500	1510	1490	1490	19
7563	ニッパン	0	0	0	0	0
7564	ワークマン	1800	1800	1800	1800	2
7565	万世電機	0	0	0	0	0
7566	ジャパンケア	1950	1950	1900	1950	6
7567	栄電子	540	540	509	540	6
7569	モンテカルロ	0	0	0	0	0
7570	橋本総業	0	0	0	0	0
7571	ヤマノＨＣ	950	969	920	969	38
7573	ツルハ	7000	7650	7000	7210	5.1
7574	共信テクノ	2000	2000	1900	1910	6
7575	日本ライフＬ	1650	1650	1550	1560	9.7
7576	ベターライフ	0	0	0	0	0
7577	パスポート	0	0	0	0	0
7578	ニチリョク	780	800	780	782	7
7579	オリジン東	1980	2100	1980	2060	25
7580	フーズネット	0	0	0	0	0
7581	サイゼリヤ	6650	6740	6600	6600	91.2
7582	富デバイス	2565	2780	2565	2690	22
7583	通商	0	0	0	0	0
7584	丸紅インフォ	551	551	550	550	2
7585	かんなん	1030	1030	1030	1030	1
7586	寺島薬局	1830	1830	1830	1830	1
7587	ＰＡＬＴＥＫ	2800	2800	2800	2800	12
7588	シートゥーネット	19010	19500	18900	18900	10.5
7589	デジキューブ	2600000	2700000	2540000	2650000	0.103
7590	タカショー	650	670	650	670	5
7591	エクセル	1650	1800	1650	1700	38
7592	アイ・ユー・ケイ	0	0	0	0	0
7593	ＶＴＨＤ	1800	1800	1800	1800	1
7594	マルカキカイ	0	0	0	0	0
7595	アルゴグラフ	3100	3100	3050	3070	4.5
7596	魚力	5940	5940	5930	5940	7
7597	東京貴宝	570	570	570	570	3
7598	ナイスクラ	530	530	505	505	7
7599	ガリバー	5000	5400	5000	5400	29
7600	日本ＭＤＭ	4710	4730	4710	4710	14.5
7601	ポプラ	1600	1620	1500	1500	22
7602	ジャック	23000	23000	21200	21200	19
7603	マックハウス	703	703	690	690	11
7604	梅の花	1850000	1920000	1850000	1850000	0.006
7605	フジコーポ	420	420	395	410	6
7606	Ｕアローズ	6090	6100	6090	6100	3
7607	進和	880	880	880	880	4
7608	ＳＫジャパン	580	585	580	585	5
7609	ダイトエレク	2500	2500	2420	2420	9
7610	テイツー	2000000	2000000	2000000	2000000	0.005
7611	ハイデ日高	901	901	900	900	13
7612	コモンウェル	2050	2050	2000	2000	6
7613	シークス	1810	1810	1800	1800	5
7614	オーエムツー	6200	6900	6050	6900	4.7
7615	京都友禅	761000	782000	760000	780000	0.022
7616	コロワイド	3200	3600	3200	3490	14.5
7617	オオゼキ	4800	4800	4800	4800	2
7618	ＰＣＤＥＰＯ	4090000	4090000	4090000	4090000	0.003
7619	田中商事	410	410	410	410	7
7620	ヤマト硝子	480	485	460	460	14
7621	うかい	1100	1100	1100	1100	5
7622	焼肉サカイ	2980	3000	2900	3000	8
7623	サンオータス	700	700	700	700	1
7624	内藤	601	601	601	601	2
7625	ダイニング	5610	6000	5610	6000	13
7626	ドッドウエル	4860	5000	4800	4930	26
7627	なか卯	1660	1660	1600	1610	6
7628	オーハシテク	860	960	860	960	11
7629	ムラチク	1110	1110	1100	1100	17
7630	壱番屋	1350	1400	1250	1330	70
7631	マクニカ	17800	18300	17800	17800	57
7632	住商メタレックス	498	498	498	498	1
7633	明響社	1850	2000	1550	1850	68
7634	星医療	0	0	0	0	0
7635	杉田エース	600	605	600	600	20
7636	ハンズマン	1120	1130	1120	1120	5
7637	白 銅	1070	1140	1030	1140	24
7701	島津	509	524	495	500	1263
7702	ＪＭＳ	422	430	421	430	20
7703	川澄化	1075	1119	1070	1119	43
7704	アロカ	1260	1270	1210	1270	23
7705	ジーエル	1800	1800	1750	1750	4
7706	セントラユニ	610	619	580	580	17
7711	助川電気	0	0	0	0	0
7713	シグマ光機	0	0	0	0	0
7714	モリテックス	8700	8900	8700	8810	48
7715	長野計器	1880	1880	1880	1880	3
7718	スター精	1669	1669	1600	1601	13
7719	東衡機	140	148	136	145	24
7720	ソキア	144	144	135	136	44
7721	トキメック	160	179	155	177	150
7723	愛時計	270	275	270	275	15
7724	金門	124	124	115	115	20
7726	黒田精	340	340	340	340	1
7727	オーバル	150	160	150	160	2
7728	電産トーソク	983	1000	983	1000	34
7729	東京精	8900	10000	8900	10000	158.9
7731	ニコン	3700	3820	3700	3790	521
7732	トプコン	420	430	411	411	18
7733	オリンパス	1378	1398	1321	1340	953
7734	理計器	359	359	330	330	33
7735	スクリン	610	638	610	625	296
7736	ユニオンＨＤ	130	130	130	130	30
7737	キャビン工業	190	190	190	190	1
7738	チノン	302	302	300	300	13
7739	キヤノン電	940	941	935	935	6
7740	タムロン	700	700	700	700	5
7741	ＨＯＹＡ	8600	8830	8200	8650	248
7742	ノリタ光	0	0	0	0	0
7743	シード	495	495	491	491	3
7744	ノーリツ鋼機	3020	3100	3000	3090	22.3
7750	ペンタックス	238	241	237	238	60
7751	キヤノン	4050	4230	3960	4200	1933
7752	リコー	2110	2120	2075	2100	2230
7753	ミノルタ	395	404	390	404	333
7756	電産コパル	1591	1630	1569	1629	124
7757	三協精	1010	1100	1000	1087	570
7758	セコニック	407	407	406	406	4
7762	シチズン	820	825	789	800	1824
7764	オリエント時計	0	0	0	0	0
7765	リコーエレメ	815	815	805	805	11
7768	ジェコー	413	413	413	413	1
7769	リズム	236	248	234	243	268
7770	ミヨタ	2300	2300	2200	2300	9
7771	日本精密	295	295	295	295	1
7857	セキ	1600	1650	1600	1650	14
7858	小野産業	1430	1550	1400	1550	5
7859	アルメディオ	1650	1650	1500	1550	50
7860	エイベックス	19720	21500	19300	20850	55.2
7861	東京リスマ	950	950	910	930	7
7862	トッパンフォ	2105	2140	2065	2090	393.3
7864	フジシール	5990	6010	5950	6010	28.5
7865	ピープル	1380	1390	1370	1390	10
7866	アトラス	1900	2300	1900	2150	60.8
7867	トミー	6450	6710	6300	6700	24.2
7868	広済堂	1039	1050	1010	1040	22.5
7869	日本フォーム	0	0	0	0	0
7870	福島印刷	0	0	0	0	0
7871	フクビ	500	500	500	500	1
7872	エステール	575	575	575	575	0.3
7873	アーク	3780	4000	3710	4000	21
7874	スルガ	5380	5500	5100	5500	22
7875	竹田印刷	0	0	0	0	0
7876	三陽PAX	0	0	0	0	0
7877	永大化工	825	825	800	812	29
7878	光彩工芸	0	0	0	0	0
7879	ノダ	450	450	450	450	0.3
7880	南部化成	360	360	360	360	1
7881	ニッソー	100	100	97	97	2
7882	アロン化成	362	390	362	390	87
7883	サンメッセ	0	0	0	0	0
7884	本間ゴルフ	385	390	375	380	54.4
7885	タカノ	1200	1200	1090	1090	2.5
7886	ヤマト・イン	275	275	275	275	2
7887	南プラ	477	477	477	477	1
7888	三光合成	362	365	362	365	6
7889	桑山	525	525	525	525	0.6
7890	アテナ工業	860	860	815	851	7
7891	日本ユピカ	0	0	0	0	0
7892	宇部日東化成	341	350	340	340	10
7893	亜細亜	1779	1779	1750	1760	15
7895	中央化学	1250	1250	1250	1250	4
7896	セブン工業	430	430	430	430	8
7897	ホクシン	155	160	150	160	7
7898	ウッドワン	540	540	526	535	143
7899	オザキ軽化	450	450	445	450	13
7900	大出産業	0	0	0	0	0
7901	マツモト	0	0	0	0	0
7902	ソノコム	950	950	950	950	3
7903	名木材	4940	4940	4940	4940	0.5
7904	天竜木	0	0	0	0	0
7905	大建工	297	297	290	291	175
7906	ヨネックス	370	380	370	375	11
7907	日防腐	0	0	0	0	0
7908	きもと	0	0	0	0	0
7909	シーアイ化	376	378	376	376	19
7910	段谷産業	115	115	110	114	50
7911	凸版	1226	1226	1130	1170	1170
7912	大日印	1684	1700	1660	1700	1227
7913	図書印	220	220	215	216	49
7914	共同印	347	349	344	346	180
7915	日写印	596	596	575	575	74
7916	光村印	246	247	246	247	7
7917	藤森工業	707	707	707	707	3
7918	ヴィアＨＤ	0	0	0	0	0
7919	野崎紙	294	298	294	298	8
7920	三浦印	310	330	310	330	28
7921	宝印刷	1800	1902	1770	1900	20
7922	三光産業	0	0	0	0	0
7923	トーイン	303	303	303	303	4
7925	前沢化成	1300	1370	1300	1320	14.5
7926	ベルテクノ	0	0	0	0	0
7927	ムトー精工	1620	1650	1550	1550	9
7928	旭化学	0	0	0	0	0
7929	新輝合成	0	0	0	0	0
7931	未来工業	1299	1299	1285	1290	18
7932	ニッピ	390	390	390	390	1
7933	ファイリング	0	0	0	0	0
7934	メルクス	75	75	75	75	15
7935	コンビ	1180	1190	1160	1180	11
7936	アシックス	113	115	113	114	112
7937	ツツミ	2465	2505	2435	2440	13.1
7938	リーガル	175	175	160	164	20
7939	研創	361	361	361	361	2
7940	ウェーブＨＤ	235	235	235	235	5
7942	ＪＳＰ	0	0	0	0	0
7943	ニチハ	800	807	792	795	17.4
7944	ローランド	1850	1855	1820	1855	29.4
7945	コマニー	500	500	500	500	4
7946	光陽社	230	230	230	230	3
7947	エフピコ	4000	4250	4000	4130	15.2
7948	ＡＷ・エモト	151	151	150	150	95
7949	小松ウオール	898	899	898	898	7.5
7950	日デコラ	470	470	470	470	1
7951	ヤマハ	817	830	760	777	329
7952	河合楽	160	164	151	154	169
7953	菊水化	0	0	0	0	0
7954	ジャレコ	405	405	389	400	19
7955	クリナップ	447	447	438	440	6
7956	ピジョン	1120	1150	1110	1110	55
7957	フジコピアン	203	203	203	203	1
7958	天馬	1119	1120	1100	1112	51
7959	オリバー	1000	1000	1000	1000	5
7960	パラマウント	8670	9100	8670	8960	61.5
7961	兼松日産農	196	196	180	184	11
7962	キングジム	640	640	630	630	13
7963	興研	455	475	455	475	10
7964	セガ	1825	1960	1753	1870	2096.9
7965	象印	0	0	0	0	0
7966	リンテック	910	915	890	900	62
7967	バンダイ	3440	3630	3430	3450	270
7968	田崎真珠	424	430	420	430	21
7969	タカラ	459	460	420	449	67
7970	信越ポリ	600	610	595	600	62
7971	東リ	200	201	197	200	54
7972	イトーキ	410	424	405	415	75
7973	ホウトク	91	91	90	90	71
7974	任天堂	16100	17510	15500	16800	812.6
7975	リヒトラブ	211	211	210	210	7
7976	菱鉛筆	723	723	703	706	9
7977	フランスベッド	480	482	475	481	104
7979	松風	841	841	820	820	8
7980	重松製	240	240	240	240	1
7981	タカラスタ	402	411	401	408	220
7983	ミロク	0	0	0	0	0
7984	コクヨ	1170	1206	1165	1166	187
7985	ネポン	319	319	319	319	1
7986	キング工	201	220	200	200	59
7987	ナカバヤシ	350	367	350	355	65
7988	ニフコ	1015	1024	1010	1012	80
7989	ブラインド	900	900	900	900	1.9
7990	ダイワ精	145	145	128	135	436
7991	マミヤＯＰ	356	386	356	360	65
7992	セーラー	1790	1829	1750	1800	305
7993	サンウエブ	186	189	185	189	26
7994	岡村製	280	280	274	275	134
7995	バルカー	181	190	180	182	143
7996	パイロット	393	393	391	393	3
7997	くろ工	0	0	0	0	0
7998	高島屋工作	0	0	0	0	0
7999	武藤工	401	401	380	380	75
8000	カイゲン	538	538	530	530	2
8001	伊藤忠	511	523	510	515	5143
8002	丸紅	360	367	360	366	3973
8003	トーメン	63	63	60	62	1172
8004	ニチメン	108	109	107	108	380
8005	ムトウ	589	598	576	576	40
8006	ユアサフナ	175	175	173	173	14
8007	高島	110	115	108	110	32
8008	アスティ	0	0	0	0	0
8010	新興産業	120	120	120	120	11
8011	三陽商	296	299	294	299	38
8012	長瀬産	382	382	367	369	110
8013	ナイガイ	90	92	88	92	58
8014	蝶理	113	113	110	112	48
8015	豊田通商	314	314	308	310	438
8016	オンワード	1030	1030	996	1000	520
8017	阪急共栄物産	152	152	152	152	3
8018	三共興	260	273	260	273	10
8019	市田	64	67	63	66	114
8020	兼松	64	65	61	63	424
8021	レナウン	125	127	121	125	933
8022	ミズノ	255	255	248	250	375
8023	大興電子	671	671	653	653	4
8024	シルバーＯＸ	427	445	420	430	35
8025	ツカモトＣ	160	160	156	156	4
8027	ルシアン	113	113	95	105	68
8028	ファミリーＭ	4630	4700	4400	4550	168.4
8029	ルック	185	185	172	173	21
8030	中央魚	185	187	185	187	6
8031	三井物	784	790	765	785	2645
8032	紙パ商	335	339	335	339	10
8033	ジーネット	87	87	87	87	5
8035	東エレク	14500	15600	14000	15600	763
8036	日立ハイテク	1248	1295	1248	1260	71
8037	カメイ	503	504	498	500	31
8038	東都水	367	371	365	366	83
8039	築地魚	162	165	162	165	9
8040	東ソワール	192	193	191	191	14
8041	魚市場	343	343	343	343	1
8042	マタイ	218	218	215	218	16
8043	スターゼン	206	208	205	205	20
8044	大都魚	144	144	142	144	9
8045	浜丸魚	489	489	489	489	1
8046	丸藤パ	155	156	155	156	14
8047	デジ・ネット	4000	4000	4000	4000	2
8048	シャディ	2115	2195	2115	2170	12.4
8049	ＥＩＥ	442	460	441	460	46
8050	セイコー	525	531	512	523	42
8051	山善	134	134	130	133	43
8052	椿本興	170	170	163	169	15
8053	住友商	1325	1325	1272	1300	4297
8056	ユニシス	2550	2945	2545	2690	738
8057	内田洋	442	450	435	438	188
8058	三菱商	879	915	879	915	5558
8059	第一実	173	177	173	177	45
8060	キヤノン販	1436	1450	1421	1435	241
8061	西華産	200	207	191	200	311
8063	日商岩井	97	99	95	96	1922
8064	金商	83	88	83	88	9
8065	佐藤商	360	360	360	360	1
8066	三谷商	466	466	466	466	1
8067	トミヤアパ	343	345	343	345	15
8068	菱洋エレク	1360	1371	1356	1362	92
8069	加  商	393	395	393	393	8
8070	東京産	308	310	305	308	21
8071	東海物産	0	0	0	0	0
8072	出版貿	0	0	0	0	0
8073	Ｔ・ＺＯＮＥ	550	601	550	560	36
8074	ユアサ商	130	134	130	133	132
8075	神鋼商	163	167	163	164	19
8076	カノークス	73	73	73	73	4
8077	小林産	176	176	176	176	1
8078	阪和興	115	115	110	114	250
8079	正栄食	430	430	430	430	4
8080	ジョイス	0	0	0	0	0
8081	カナデン	456	456	444	449	74
8083	サンテレ	301	301	300	300	7
8084	菱電商	343	345	333	342	218
8085	ナラサキ産業	172	172	171	171	21
8086	ニプロ	860	867	851	856	25
8087	フルサト	520	600	490	600	5.5
8088	岩谷産	230	233	223	230	497
8089	ナイス	179	181	173	178	356
8090	昭光通商	130	130	125	129	147
8091	ニチモウ	141	142	140	142	11
8092	富士通シス	3340	3800	3340	3650	68
8093	極東貿易	940	998	940	990	135
8095	イワキ	235	237	230	230	18
8096	兼松エレク	460	460	460	460	25
8097	三愛石	289	296	288	288	41
8098	稲畑産	506	516	500	500	111
8100	藤井	79	80	79	80	39
8101	ＧＳＩクレ	106	107	99	100	109
8103	明和産	106	106	103	106	13
8105	丸正	196	222	189	215	170
8107	キムラタン	78	78	75	75	24
8109	山洋工	0	0	0	0	0
8110	川鉄商事	115	116	113	113	58
8111	ゴルドウイン	123	126	120	120	28
8112	東スタイル	853	853	850	850	190
8113	ユニチャーム	6200	6310	6110	6310	246.7
8114	デサント	190	190	186	190	29
8115	ムーンバット	115	117	115	115	5
8116	ダーバン	311	325	311	320	426
8117	中央自	255	255	250	250	17
8118	キング	140	140	140	140	6
8119	三栄コ	661	670	630	670	16
8120	大木	289	289	289	289	1
8123	川辺	0	0	0	0	0
8125	ワキタ	268	275	268	270	17
8126	三光純薬	260	260	260	260	6
8127	ヤマトインタ	132	132	132	132	6
8128	エフワン	0	0	0	0	0
8129	東邦薬	355	355	355	355	2
8130	サンゲツ	1554	1585	1554	1585	5
8131	ミツウロコ	551	551	542	550	10
8132	シナネン	390	390	376	380	44
8133	伊藤忠エネ	317	320	316	317	28
8134	ＴＯＫＡＩ	1084	1275	1084	1209	750
8135	ゼット	130	130	130	130	3
8136	サンリオ	3180	3440	3180	3400	352
8137	サンワテク	0	0	0	0	0
8138	三京化	256	279	256	279	16
8139	ナガホリ	223	223	223	223	1
8140	リョーサン	1705	1710	1685	1693	174
8141	新光商	809	810	803	809	66
8142	トーホー	785	785	751	751	3
8143	ラピーヌ	77	80	77	77	11
8144	電響社	336	336	335	335	5
8145	中部水産	380	380	371	380	6
8146	小杉産	142	142	142	142	1
8147	トミタ	0	0	0	0	0
8148	上原成	272	272	268	268	7
8150	三信電	634	642	630	635	44
8151	東陽テク	2085	2300	2070	2220	109
8152	ソマール	244	244	238	238	3
8153	モスフード	1011	1045	1011	1015	35
8154	加賀電子	1214	1250	1210	1230	52
8155	三益半導	1780	1819	1759	1815	63.8
8156	ガステック	557	557	555	555	4
8157	都築電	568	568	550	560	18
8158	ソーダニッカ	181	181	181	181	4
8159	立花エレ	603	603	600	600	20
8160	木曽路	1098	1098	1085	1090	4
8161	エイデン	859	859	850	852	56
8163	サトＲＳ	680	687	680	687	3
8164	キャビン	114	115	112	112	50
8165	千趣会	1340	1340	1290	1310	14
8166	タカキュー	229	240	227	228	315
8167	丸久	180	180	180	180	3
8168	ケーヨー	360	360	350	352	30.8
8169	宝船	371	388	370	370	6
8170	アデランス	2710	2745	2685	2700	202.4
8171	ＭＶ中部	0	0	0	0	0
8172	第一家庭電器	59	63	57	62	204
8173	上新電	280	280	277	277	6
8174	日ガス	588	590	555	590	13
8175	ベスト電	685	685	670	671	74
8176	西洋フードシス	392	405	389	405	111
8178	マルエツ	299	300	296	298	60
8179	ロイヤルＨＤ	842	842	790	799	303
8180	すかいらく	2710	2760	2710	2740	110
8181	東天紅	1040	1129	1040	1080	34
8182	いなげや	800	800	799	800	7
8183	セブン−イレブン	10610	11200	10610	11110	938
8184	島忠	1100	1121	1100	1110	55.6
8185	チヨダ	522	534	522	528	7.1
8186	大塚家具	24100	24100	23300	23300	13
8188	ヨークベニ	2000	2020	1991	2000	136.2
8189	マツヤデンキ	322	322	312	320	35
8190	ヤマナカ	0	0	0	0	0
8191	光製作	0	0	0	0	0
8192	中川無線	90	90	86	87	25
8193	鈴丹	125	135	125	131	12
8194	ライフコーポ	585	600	576	600	36
8195	デニーズジャパン	1800	1800	1799	1799	46
8196	カスミ	431	431	416	416	16
8197	東急ストア	289	289	280	280	19
8199	デオデオ	833	877	833	877	182.5
8200	リンガハット	1039	1039	1026	1039	3
8201	さが美	223	223	213	213	11
8202	ラオックス	530	530	520	521	55
8203	ＭｒＭａｘ	300	313	300	308	62.6
8204	ジョナサン	1230	1240	1230	1240	11
8205	シャクリー	0	0	0	0	0
8206	アポロイン	105	105	105	105	2
8207	テンアライド	425	426	410	416	9.5
8208	エンチョー	550	580	550	580	4
8209	フレンドリ	463	463	463	463	2
8210	フットワーク	219	219	200	200	20
8211	相鉄ローゼ	535	550	535	540	6
8212	オーク	160	160	160	160	3
8213	トステムビバ	315	315	301	306	10
8214	アオキインタ	333	340	323	325	64
8215	銀座山形屋	251	251	250	250	3
8216	フォルクス	491	500	491	495	4
8217	オークワ	910	920	910	920	3
8218	コメリ	3500	3530	3480	3530	42.7
8219	青山商	1385	1405	1362	1381	297.1
8225	タカチホ	0	0	0	0	0
8226	理経	540	549	510	515	48
8227	しまむら	10010	11000	10010	11000	49.8
8228	マルイチ	0	0	0	0	0
8229	ＣＦＳコーポ	837	837	800	820	3
8230	はせがわ	345	350	330	330	33
8231	三越	390	410	377	409	2057
8232	東急百貨店	98	100	95	97	357
8233	高島屋	740	748	720	720	1091
8234	大丸	337	340	321	330	229
8235	松坂屋	240	240	235	235	260
8236	丸善	268	274	250	250	272
8237	松屋	377	378	370	378	9
8238	伊勢丹	810	825	797	808	619
8239	横浜松坂屋	80	80	79	79	8
8240	サッポロライオン	570	570	570	570	4
8241	阪神百貨店	465	465	465	465	2
8242	阪急百	431	443	431	435	91
8243	そごう	82	83	79	82	393
8244	近鉄百貨店	135	135	117	117	10
8245	丸栄	200	212	200	211	19
8247	大和	196	197	188	188	10
8248	ニッセン	465	470	465	465	16.4
8249	東洋物	0	0	0	0	0
8250	小松ストアー	0	0	0	0	0
8251	パルコ	274	274	270	273	62
8252	丸井	1530	1540	1460	1500	732
8253	クレセゾン	1602	1632	1510	1540	432.6
8254	さいか屋	0	0	0	0	0
8255	原信	970	975	970	975	2
8256	プロルート	199	199	199	199	2
8257	山陽百	0	0	0	0	0
8258	ＯＭＣカード	400	430	400	417	341
8259	十字屋	70	74	67	70	233
8260	井筒屋	188	189	185	187	263
8261	ｼ鉄百貨店	0	0	0	0	0
8262	長崎屋	3	4	3	4	1353
8263	ダイエー	341	358	341	353	886
8264	イトーヨーカ堂	6350	6450	6120	6200	1031
8265	壽屋	132	132	125	125	36
8266	イズミヤ	592	606	591	606	45
8267	イオン	1390	1400	1381	1398	761
8268	西友	203	205	197	200	1594
8269	マイカル	332	332	315	317	893
8270	ユニー	772	780	771	775	323
8273	イズミ	455	455	445	452	72
8274	東武ストア	204	209	200	204	11
8275	フォーバル	2850	3250	2850	3100	31.5
8276	平和堂	550	550	535	540	30
8278	フジ	1950	1968	1950	1968	10.9
8279	ヤオコー	1384	1418	1382	1412	2.1
8280	富士冷機	401	410	400	405	150
8281	ゼビオ	1486	1486	1440	1440	57.1
8282	ギガスケーズ	1820	2000	1820	1920	41
8283	パルタック	420	420	420	420	12
8285	三谷産業	0	0	0	0	0
8286	藍  屋	1600	1600	1570	1571	20
8287	ＭＶ西日本	1010	1010	1010	1010	1
8289	オリンピック	2105	2140	2100	2140	2.7
8290	デンコードー	650	660	650	660	4
8291	東日カーライフ	178	180	178	180	8
8292	東いすず	249	249	249	249	2
8293	愛トヨ	840	840	829	829	7
8295	キャノンシステム	750	750	700	700	6
8298	ファミリー	275	280	275	275	5
8299	大栄太源	0	0	0	0	0
8301	日銀	85100	85100	83000	83000	0.7
8302	興業銀行	928	929	900	914	4281
8311	第一勧銀	939	939	905	920	3192
8314	さくら銀行	660	660	638	650	4811
8315	東京三菱銀	1476	1476	1394	1439	6396
8317	富士銀行	970	972	940	940	6154
8318	三井住友銀行	1353	1368	1296	1315	3587
8319	大和銀行	302	302	275	281	4222
8320	三和銀行	1130	1169	990	1050	6997
8321	東海銀行	680	695	620	665	8456
8322	あさひ銀行	646	656	589	630	6763
8324	第四銀	386	386	380	385	75
8325	北越銀	269	272	268	272	67
8326	福岡銀	590	601	584	595	679
8327	西日本シティ銀	382	385	374	384	125
8331	千葉銀	428	445	428	445	1094
8332	横浜銀	393	419	393	418	4637
8333	常陽銀	395	406	390	406	869
8334	群馬銀	581	600	571	600	518
8335	足利銀行	200	205	200	205	281
8336	武蔵銀	4530	4530	4460	4460	2.8
8337	千葉興	1098	1098	1086	1098	10
8338	関東つくば銀	1450	1450	1439	1439	3.1
8339	都民銀	3250	3280	3210	3250	14.4
8341	七十七	800	804	790	802	342
8342	青森銀	468	468	456	456	67
8343	秋田銀	430	431	420	421	210
8344	山形銀	529	529	525	529	23
8345	岩手銀	3550	3570	3500	3550	19.1
8346	東邦銀	389	395	381	382	158
8349	東北銀	220	220	220	220	10
8350	みちのく銀	610	620	610	620	669
8353	北海道銀行	150	152	148	152	90
8355	静岡銀	885	892	876	892	483
8356	十六銀	470	474	467	474	92
8357	北陸銀行	249	252	246	252	272
8358	スルガ銀	1590	1599	1490	1550	373
8359	八十二	600	605	597	603	313
8360	山梨銀	400	405	396	405	173
8361	大垣共立	528	529	524	529	106
8362	福井銀	287	287	280	281	164
8363	北国銀	390	390	370	378	353
8364	清水銀	3960	3960	3700	3750	16.7
8365	富山銀	0	0	0	0	0
8366	滋賀銀	550	555	545	553	221
8367	南都銀	650	650	639	650	64
8368	百五銀	460	470	460	464	113
8369	京都銀	525	535	510	535	173
8370	紀陽銀	255	266	254	265	163
8371	近畿大阪銀	0	0	0	0	0
8372	泉州銀	380	380	365	365	39
8374	三重銀	514	514	511	514	40
8375	池田銀	5700	5700	5610	5700	7.6
8379	広島銀	418	420	413	416	344
8380	山口銀	700	711	691	711	148
8381	山陰合銀	584	584	575	584	51
8382	中国銀	893	899	883	899	100
8383	鳥取銀	375	375	361	361	10
8385	伊予銀	658	660	648	660	53
8386	百十四	620	630	618	630	49
8387	四国銀	600	600	590	600	65
8388	阿波銀	505	511	500	511	33
8390	鹿児銀	418	418	400	409	35
8391	親和銀行	320	320	310	317	56
8392	大分銀	506	506	485	498	25
8393	宮崎銀	350	350	330	344	33
8394	肥後銀	415	420	414	415	222
8395	佐賀銀	330	330	320	325	90
8396	十八銀	338	345	333	335	25
8397	沖縄銀	2500	2500	2475	2475	1.5
8399	琉球銀	1380	1381	1320	1348	11.3
8401	三井信託	180	181	173	175	3650
8402	三菱信託	949	950	905	949	908
8403	住友信	750	754	715	729	3329
8404	みずほ信託銀	150	151	143	145	1606
8405	日本信託	172	184	172	178	221
8407	東洋信託	355	355	332	332	2419
8408	中央三井信	628	628	598	607	515
8489	アプレック	610	621	610	621	2
8493	インター	1760	1945	1750	1890	15.8
8507	学研クレジット	661	700	661	700	7
8508	イッコー	788	800	780	800	30
8511	日証金	710	745	710	713	240
8512	大証金	325	329	322	326	103
8513	中証金	0	0	0	0	0
8515	アイフル	15600	17500	15600	17480	84.75
8518	アジア投資	730	835	700	765	1795
8519	ポケットＣ	3050	3200	3030	3080	13.3
8520	殖産銀行	0	0	0	0	0
8521	長野銀	454	458	454	458	21
8522	名古屋銀	610	628	599	625	61
8523	近畿銀行	350	350	350	350	2
8524	北洋銀行	550	550	538	545	39
8527	愛知銀	7100	7200	7100	7200	1.2
8528	岐阜銀	223	223	223	223	20
8529	第三銀	465	465	450	450	115
8530	中京銀	435	438	415	415	22
8533	広島総合銀行	415	425	413	425	111
8536	東日銀	655	675	655	675	45
8537	大光銀	250	253	250	253	17
8539	福岡シティ銀	490	490	478	478	130
8541	愛媛銀	426	435	426	435	52
8542	トマト銀	475	480	475	480	3
8543	みなと銀	223	223	214	221	82
8544	京葉銀	320	325	320	325	233
8545	関西アーバン	170	171	166	166	47
8548	九州銀行	316	316	313	316	33
8549	せとうち銀行	0	0	0	0	0
8550	栃木銀	669	669	649	658	16
8551	北日銀	5100	5190	5100	5190	3.8
8552	びわこ銀	325	327	325	327	4
8556	香川銀	570	570	554	554	80
8558	東和銀	440	440	435	440	51
8561	徳島銀	780	785	780	785	13
8562	福島銀	335	340	335	340	13
8563	大東銀	334	334	328	328	9
8564	武富士	9600	10500	9420	9550	267.6
8565	三洋クレ	4060	4150	3900	3920	15.4
8566	リコーリース	2720	2780	2650	2730	35
8567	クレディア	1900	2030	1900	1950	13.5
8568	シンキ	2150	2490	2100	2490	67.8
8569	ユニココーポ	0	0	0	0	0
8570	イオンクレ	4590	5000	4590	4900	162.4
8571	ニッシン	4660	4890	4610	4810	16.9
8572	アコム	10000	10790	10000	10500	204.2
8573	三洋信販	3050	3100	3010	3050	64
8574	プロミス	6600	7200	6500	7000	208.9
8577	ロプロ	1698	1750	1697	1710	327.7
8579	東京リース	570	570	560	570	20
8580	ファーストクレジット	310	315	281	300	527
8582	日貿信	65	66	62	66	124
8583	日信販	280	290	280	290	979
8584	ジャックス	352	362	352	362	62
8585	オリコ	415	417	405	410	1023
8586	日立キャピ	1630	1635	1600	1613	345.3
8587	ライフ	239	239	225	225	77
8588	セントラル	322	324	320	324	79
8589	アプラス	133	139	133	136	114
8591	オリックス	17300	17300	16850	17190	173
8592	住商リース	1173	1210	1150	1210	16
8593	ダイヤリース	1596	1618	1596	1599	40
8595	ジャフコ	22500	26400	22000	25100	557
8597	ＳＦＣＧ	15000	15000	13810	14110	31.79
8599	ＵＦＪセント	550	550	550	550	4
8601	大和証Ｇ	1520	1555	1519	1533	5180
8603	日興コーデ	1330	1368	1330	1356	4136
8604	野村ＨＤ	2830	2940	2825	2905	8453
8606	新光	525	559	525	559	2395
8607	みずほイン証	250	269	250	269	1128
8608	和光証券	535	558	532	555	2036
8609	岡三ＨＤ	905	950	905	940	729
8610	さくらフレンド	312	330	311	320	369
8611	コスモ証	303	318	303	309	387
8612	第一証券	186	192	186	191	737
8613	丸三	755	775	750	770	151
8614	東洋	430	448	430	442	437
8615	三菱証	1660	1775	1660	1775	447
8616	東海東京	415	436	415	430	491
8617	光世	329	349	329	341	499
8618	太平洋証	245	255	245	250	467
8620	東海丸万	710	745	710	745	147
8621	ＵＦＪつばさ証券	679	714	679	710	305
8622	水戸	398	419	398	400	64
8623	ＳＭＢＣ証	350	380	350	365	70
8624	いちよし証	950	1030	950	1009	109
8625	高木	410	420	400	420	31
8691	証券代	0	0	0	0	0
8692	だいこう	0	0	0	0	0
8742	小林洋行	1620	1620	1620	1620	2
8743	ひまわり証	280	280	280	280	7
8744	日本ユニコム	1000	1000	1000	1000	7
8745	グローバリー	1280	1300	1280	1300	6
8746	第一商品	334	334	334	334	1
8747	豊商事	0	0	0	0	0
8748	岡藤商事	480	480	450	450	8
8749	エース交易	370	376	365	365	9
8751	東京海上火災	1080	1100	1027	1063	2030
8752	三井住友海上	461	461	448	449	1320
8753	住友海上火災	501	505	500	500	1371
8754	日本興亜	266	269	260	263	261
8755	損害保険Ｊ	440	444	432	439	814
8756	日産火災海上	281	284	276	280	481
8757	日新火	272	272	253	261	70
8758	千代田火災	287	293	283	292	370
8759	ニッセイ同和	263	263	255	256	396
8760	日動火災海上	448	450	434	440	266
8761	あいおい損保	289	294	275	280	565
8762	興亜火災	230	235	223	231	744
8763	富士火	207	211	207	208	69
8764	太陽火災	0	0	0	0	0
8765	大成火災海上	214	214	207	208	32
8801	三井不	934	945	895	903	1843
8802	菱地所	1000	1000	940	948	1390
8803	平和不	279	279	256	261	270
8804	東建物	184	189	180	184	262
8805	中央地	116	116	112	115	43
8806	ダイビル	600	605	588	593	141
8809	サンケビル	343	343	315	315	40
8810	港振興	0	0	0	0	0
8815	東急不	102	105	100	104	510
8817	阪急不動産	356	356	351	351	14
8818	京阪神不	250	252	238	238	156
8821	立飛企	2450	2450	2450	2450	3
8826	エルカク	2	2	1	2	497
8829	大和団地	211	220	210	211	62
8830	住友不	315	318	308	313	1037
8832	小田急不	167	168	166	168	6
8833	東宝不	402	402	382	382	9
8834	藤和不	60	62	60	62	274
8835	太平発	116	117	114	117	14
8836	ヒューネット	631	670	611	611	4397
8838	有楽地	101	102	101	101	20
8839	ニチモ	81	81	79	80	54
8840	大京	225	230	216	217	354
8841	テーオーシー	572	584	572	576	85
8842	楽天地	329	330	329	330	16
8844	リクコスモス	500	535	500	501	30
8845	セザール	231	231	220	220	95
8846	積和不動産	425	425	425	425	2
8848	レオパレス	370	378	360	365	40
8850	スターツ	480	480	465	465	3
8851	アバンライフ	130	145	130	145	8
8852	積和不動関西	335	360	335	360	37
8853	ダイヤシティ	310	310	310	310	1
8854	日住	251	251	251	251	4
8855	全日空ビル	110	110	110	110	2
8857	三井不動販売	419	424	410	418	35
8858	ダイア建	220	220	205	205	46
8860	フジ住	429	448	428	448	64
8863	積和不動中部	0	0	0	0	0
8864	空港施設	481	500	481	490	23
8865	神鋼興産	270	270	270	270	2
8866	コマーシャル	390	390	352	352	19
8867	横浜地下街	0	0	0	0	0
8868	ＵＲＢＡＮ	6010	6220	5510	5510	132
8869	明和地所	2140	2280	2140	2245	37
8870	住不販売	2510	2510	2365	2380	8.2
8871	ゴールドクレ	10200	10500	10200	10310	25.5
8872	エイブル	6300	6300	6200	6280	7
8873	積和不動中国	590	590	590	590	1
8874	ジョイント	3300	3500	3300	3400	26
8875	東栄住宅	1910	1910	1900	1900	3
8876	リロＨＤ	8990	9000	8990	9000	3
8877	エスリード	2350	2350	2180	2180	7
8878	日綜地所	1320	1330	1320	1330	5
8879	東急リバブル	530	530	530	530	6
8880	飯田産業	1800	1800	1750	1750	5
9001	東武	302	302	294	297	720
9002	西武鉄道	1490	1510	1470	1510	131
9003	相鉄	280	280	273	273	375
9004	箱根登山鉄道	309	309	305	305	3
9005	東急	415	415	365	397	4372
9006	京急	409	410	395	399	510
9007	小田急	350	350	331	334	763
9008	京王	385	385	365	370	1234
9009	京成	298	299	281	289	1374
9010	富士急	329	330	311	311	14
9012	秩父鉄	0	0	0	0	0
9013	伊豆箱根鉄道	12700	12700	12700	12700	0.2
9014	新京成	300	300	291	291	3
9017	新潟交	0	0	0	0	0
9019	伊豆急行	2740	2740	2740	2740	1.3
9020	ＪＲ東日本	492000	510000	482000	500000	2.296
9021	ＪＲ西日本	369000	373000	362000	370000	1.094
9022	ＪＲ東海	686000	705000	686000	705000	1.45
9031	西鉄	258	278	258	278	164
9033	広電鉄	0	0	0	0	0
9036	東部ネット	540	550	530	545	10
9037	ハマキョウ	1760	1760	1750	1750	2
9038	東海西濃	330	330	330	330	3
9039	サカイ引越	2210	2400	2210	2390	12.2
9040	大宝運輸	0	0	0	0	0
9041	近鉄	444	444	422	431	879
9042	阪急ＨＤ	344	345	341	342	693
9043	阪神	300	304	292	296	271
9044	南海電	445	447	440	440	76
9045	京阪電	356	358	355	356	80
9046	神電鉄	433	440	433	435	23
9047	名糖運輸	0	0	0	0	0
9048	名鉄	316	320	310	312	277
9049	京福電	180	180	180	180	1
9050	三重交	340	340	335	340	9
9051	センコン物流	700	700	700	700	1
9052	山陽電	295	295	291	291	3
9053	中央運輸	0	0	0	0	0
9054	大和物流	0	0	0	0	0
9055	アルプス物流	450	452	449	449	21
9056	ヒューテック	1200	1200	1180	1180	8
9057	遠州トラック	850	850	850	850	7
9058	トランコム	1070	1150	1070	1150	21
9059	カンダ	288	288	288	288	3
9060	日ロジテム	300	300	300	300	1
9061	富士物流	174	174	160	160	12
9062	日通	736	737	720	730	1774
9063	岡県運送	0	0	0	0	0
9064	ヤマト運	2330	2400	2300	2380	1559
9065	山九	133	134	127	132	231
9066	日新	163	163	159	159	71
9067	丸運	245	250	245	250	78
9068	丸全運	187	190	185	190	43
9069	センコー	220	225	217	223	59
9070	トナミ	199	199	195	197	54
9072	日梱包	540	546	536	545	50
9073	京極運	0	0	0	0	0
9074	日石輸	168	168	166	167	24
9075	福山運	632	633	611	619	195
9076	西濃運	500	507	492	507	451
9077	名鉄運	290	295	290	295	2
9078	エスライン	0	0	0	0	0
9079	東急ロジ	0	0	0	0	0
9080	関東西濃	0	0	0	0	0
9081	神奈交	445	445	430	430	10
9082	大和自	0	0	0	0	0
9083	神姫バ	0	0	0	0	0
9086	日立物流	532	535	505	520	75
9087	タカセ	250	250	250	250	10
9088	濃飛西濃	0	0	0	0	0
9089	ロジパル	0	0	0	0	0
9101	郵船	405	411	400	400	2007
9104	商船三井	190	192	183	185	2586
9107	川崎汽	169	170	161	163	1267
9110	新和海	68	68	64	66	80
9113	乾汽船	79	79	77	77	10
9114	日之出汽船	45	45	43	43	19
9115	明治海	157	159	156	159	6
9119	飯野海	170	172	161	165	235
9123	太平海	51	56	51	55	58
9127	玉井船	0	0	0	0	0
9130	共栄タ	115	115	111	111	9
9132	第一汽	54	55	53	55	88
9133	東栄リーファ	0	0	0	0	0
9151	東京船舶	100	100	93	93	18
9152	関西汽	63	63	60	62	63
9171	栗林船	245	255	230	238	37
9173	東海汽	350	350	350	350	1
9174	ワンダーＴ	280	280	252	275	36
9176	佐渡汽	0	0	0	0	0
9178	日鉄物流	0	0	0	0	0
9179	川崎近海	191	201	191	195	8
9180	新和内航	0	0	0	0	0
9193	東京汽	321	321	321	321	10
9201	日本航空	255	255	245	250	3114
9202	ＡＮＡ	260	263	245	248	1614
9203	日本エアシス	3850	3850	3830	3850	1.9
9231	国際航	620	621	617	617	9
9232	パスコ	560	560	532	541	57
9233	アジア航	355	360	355	356	6
9301	三菱倉	843	843	771	799	704
9302	三井倉	257	275	255	257	302
9303	住友倉	277	277	270	271	382
9304	渋沢倉	266	266	261	264	41
9305	ヤマタネ	109	112	108	112	31
9306	東陽倉	211	211	211	211	3
9307	杉村倉	619	619	619	619	1
9308	イヌイ建	368	368	368	368	1
9309	京神倉庫	0	0	0	0	0
9310	トランシティ	205	207	204	207	38
9311	アサガミ	0	0	0	0	0
9312	ケイヒン	145	145	140	141	177
9313	丸八倉	160	160	160	160	5
9314	品川倉	0	0	0	0	0
9317	オーナミ	115	115	112	112	9
9318	Ｊブリッジ	280	280	280	280	4
9319	中央倉	501	510	501	510	8
9320	三和倉	154	154	154	154	1
9321	アイロジステ	160	160	159	159	4
9322	川西倉	590	590	590	590	3
9323	ロジステック	0	0	0	0	0
9324	安田倉	354	354	351	354	16
9351	洋埠頭	139	143	138	138	126
9353	桜島埠	0	0	0	0	0
9355	リンコー	150	150	150	150	2
9357	名港海	0	0	0	0	0
9358	宇徳運	122	130	122	130	6
9359	伊勢湾	0	0	0	0	0
9360	鈴与シンワ	155	155	135	135	20
9361	伏木運	0	0	0	0	0
9362	兵機海	0	0	0	0	0
9363	大運	57	57	57	57	6
9364	上組	464	480	450	451	295
9365	トレーディア	90	92	90	92	21
9366	サンリツ	780	790	770	775	3.4
9367	大東港運	0	0	0	0	0
9368	キムラユニテ	0	0	0	0	0
9369	キユソ流通	0	0	0	0	0
9370	郵船航空	2600	2600	2300	2300	10
9373	ニッコウトラ	2050	2100	2050	2090	5
9401	ＴＢＳ	3710	4260	3710	4260	902
9402	ＣＢＣ	1062	1062	1062	1062	0.1
9404	日テレ	122000	139000	122000	132000	60.55
9405	朝日放	9600	10800	9510	10800	4.8
9408	新潟放	0	0	0	0	0
9431	ＫＤＤ	8300	9070	8290	8960	132.7
9432	ＮＴＴ	1320000	1380000	1320000	1360000	19.033
9433	ＫＤＤＩ	800000	880000	798000	880000	13.566
9434	ボーダフォン	4700000	4980000	4700000	4900000	0.708
9435	光通信	83500	83500	83500	83500	19.6
9436	沖縄セルラー	789000	790000	700000	790000	0.054
9437	ＮＴＴドコモ	3640000	3890000	3630000	3890000	23.635
9438	ＭＴＩ	5600000	5800000	5300000	5300000	0.279
9439	ビーアイジー	9990000	11400000	9990000	10700000	0.029
9449	ＧＭＯインター	47600	55000	45000	52500	27
9470	学研	234	235	223	230	297
9471	文渓堂	680	680	680	680	5
9472	エスコム	560	605	560	571	118
9473	アスキー	2410	2800	2410	2800	112
9474	ゼンリン	3370	3370	3300	3330	36.1
9475	昭文社	5840	6160	5800	6160	57.5
9476	中央経済	0	0	0	0	0
9477	角川ＨＤ	29750	29950	27990	28500	66.7
9478	翔泳社	10500000	14000000	10500000	14000000	0.067
9501	東電	2475	2495	2430	2495	956.3
9502	中部電	1600	1620	1585	1610	344.6
9503	関西電	1560	1567	1540	1553	1335.9
9504	中国電	1326	1345	1320	1344	120.6
9505	北陸電	1361	1370	1350	1367	92.3
9506	東北電	1339	1350	1311	1332	399.3
9507	四国電	1310	1334	1305	1321	76.3
9508	九州電	1306	1317	1295	1307	347.8
9509	北海電	1290	1300	1285	1300	179.4
9511	沖縄電	1990	2000	1990	2000	2.1
9531	東ガス	203	204	200	200	9180
9532	大ガス	222	229	221	225	5119
9533	邦ガス	161	163	159	163	384
9534	北ガス	181	195	181	195	76
9535	広ガス	288	288	288	288	3
9536	西部ガス	160	161	157	161	149
9537	北陸ガ	300	300	300	300	55
9539	葉ガス	230	235	230	235	4
9540	中ガス	225	225	225	225	1
9541	大多喜ガス	343	343	343	343	3
9542	新日ガス	395	395	395	395	40
9600	アイネット	1478	1600	1478	1540	23
9601	松竹	554	584	554	567	76
9602	東宝	18700	19290	18300	18410	17.4
9603	ＨＩＳ	6350	7000	6350	6800	41.2
9604	際放映	260	260	260	260	3
9605	東映	813	849	813	820	1137
9607	葵プロ	2280	2300	2220	2245	6.5
9608	福山コンサル	0	0	0	0	0
9609	ベンチャーリ	8000	8550	8000	8250	83.4
9610	ウィルソン	5790	6300	5790	6000	2.5
9611	Ｄワンダー	0	0	0	0	0
9612	ラックランド	2100	2100	2100	2100	0.1
9613	ＮＴＴデータ	1660000	1750000	1660000	1700000	11.094
9614	ベルシス24	75000	75500	75000	75000	13.15
9615	東京美装	0	0	0	0	0
9616	共立メンテ	3220	3290	3200	3200	1.5
9618	エームサービス	1290	1290	1280	1280	2
9619	イチネン	881	892	881	885	2.5
9620	スクウェア	10800	13600	10600	12800	304.1
9621	建設技研	621	641	620	630	3.4
9622	スペース	445	450	441	445	12.5
9623	キヤノンソフ	730	730	710	710	4
9624	長大	600	610	600	610	4
9625	セレスポ	230	230	230	230	3
9626	日本技開	190	190	180	180	45
9627	アインファマ	1650	1670	1620	1630	46
9628	燦ＨＤ	4010	4220	3950	4220	42.6
9629	ＰＣＡ	4200	4300	4150	4150	17
9630	アップ	461	470	460	460	4
9631	東急レク	570	570	569	569	2
9632	スバル	360	360	350	350	5
9633	テアトル	184	188	182	186	34
9634	修学社	610	630	575	586	60
9635	武蔵野	0	0	0	0	0
9636	きんえい	330	330	330	330	2
9637	オーエス	0	0	0	0	0
9638	情報技術	1160	1170	1160	1170	3
9639	三協フロンテ	311	311	300	305	79
9640	セゾン情報	900	900	880	900	7
9641	サコス	167	168	167	168	4.8
9642	コマスタ	9450	9450	9400	9400	0.7
9643	中日興	18900	18900	18600	18600	0.2
9644	タナベ経営	638	728	638	728	298.3
9645	ダイヤモンドコン	2020	2150	2020	2150	18
9646	タイトー	105000	110000	100000	105000	2.489
9647	協和コンサル	265	265	265	265	1
9648	ウエスコ	360	360	345	350	7.8
9649	明電エンジニア	570	585	570	585	7.8
9650	テクモ	2770	2840	2690	2720	32.3
9651	日本プロセス	0	0	0	0	0
9652	日本医療	2670	2690	2630	2650	16
9653	ＳＢＩパートナ	2230	2500	2230	2300	52
9654	コーエー	4040	4500	4040	4370	60.7
9656	三井ランド	561	561	561	561	1.2
9657	コムテック	0	0	0	0	0
9658	ビジ太田昭	830	860	830	850	13
9660	ＣＲＣソリュ	2390	2400	2300	2400	8
9661	歌舞伎	3810	3810	3800	3810	5
9662	アイフル	580	580	580	580	8
9663	ナガワ	690	700	680	690	22
9664	御園座	1101	1101	1101	1101	1
9665	吉本興	1351	1385	1320	1370	45
9667	ホリプロ	1080	1080	1080	1080	1
9668	相鉄企業	405	405	405	405	1
9669	オークネット	4450	4950	4450	4950	18.8
9671	よみランド	320	320	293	301	38
9672	東競馬	139	150	135	150	272
9673	甲子園土地	87	87	87	87	5
9674	花月園	210	210	210	210	1
9675	常磐興	141	142	140	140	53
9676	松戸公産	520	520	510	510	5
9677	日本ジャンボ	758	758	745	745	11.4
9678	カナモト	786	796	750	759	158
9679	ホウライ	390	390	350	350	2
9680	共成レンテム	710	720	710	720	3
9681	東京ドーム	538	542	525	527	417
9682	ＤＴＳ	7100	7600	7100	7600	98.6
9684	スク・エニ	7960	8700	7900	8400	105.8
9685	共同コンＨＤ	400	400	400	400	2
9686	東洋テック	540	540	540	540	3
9687	ＫＳＫ	845	845	845	845	1
9689	グリンハウス	1670	1670	1670	1670	1
9691	両毛システム	0	0	0	0	0
9692	シーイーシー	1691	1930	1691	1930	81
9694	日立ソフト	10190	12000	10190	11550	302.7
9695	鴨川グランド	0	0	0	0	0
9696	ウィザス	490	490	490	490	1
9697	カプコン	5990	6400	5700	6400	493.1
9698	クレオ	1270	1320	1260	1320	6
9699	西尾レント	559	560	550	555	22.2
9700	エスアールエル	1351	1444	1351	1380	69
9701	会舘	300	300	300	300	46
9702	アイエスビー	0	0	0	0	0
9703	ジェネラスコーポ	94	95	92	95	25
9704	東海観	83	83	77	81	717
9706	日本空港ビル	880	947	872	939	193
9707	メデカＪ	1420	1600	1420	1530	70
9708	帝ホテル	0	0	0	0	0
9709	日コンピュタ	740	750	740	750	4
9710	第一ホテ	245	260	245	260	35
9711	日コンシス	600	600	600	600	3
9712	ファイ	802	870	802	845	28
9713	ロイヤルホ	230	230	220	229	7
9714	ＳＲＡ	1800	1820	1800	1810	3
9715	トランスコス	30550	32400	30550	30550	398
9716	乃村工芸社	320	320	305	315	24
9717	ジャステック	3020	3020	3020	3020	1
9718	国際観光会館	160	161	160	160	9
9719	住商情報	5150	5400	4880	4980	235
9720	グランド	0	0	0	0	0
9722	藤田観	519	520	510	515	23
9724	新阪急ホテル	230	230	230	230	1
9725	東急ホテル	192	195	190	193	195
9726	近ツーリスト	270	270	262	270	25
9727	東急観光	125	125	120	125	6
9728	日本管財	2180	2180	2110	2180	15
9729	トーカイ	0	0	0	0	0
9730	ワオコーポ	380	390	380	385	24
9731	白洋舎	286	286	280	281	13
9732	東映ラボ	230	240	230	231	3
9733	ナガセ	2180	2180	2100	2100	4
9734	精養軒	855	855	810	810	0.5
9735	セコム	8100	8300	7650	7970	1083
9736	白青舎	172	172	172	172	1
9737	ＣＳＫ	5000	5500	4450	4600	2548.5
9738	インテック	2970	3320	2970	3300	429
9739	ＮＳＷ	8500	8700	8300	8300	19.7
9740	ＣＳＰ	0	0	0	0	0
9741	日立情報	4400	5000	4400	5000	51
9742	アイネス	1840	1990	1840	1875	606
9743	丹青社	704	721	704	710	12
9744	メイテック	2640	2740	2600	2620	158
9746	ＴＫＣ	2390	2645	2390	2580	66.3
9747	アサツーＤＫ	4880	5430	4880	5170	138
9748	ＮＪＫ	799	800	795	800	10
9749	富士ソフト	5880	6590	5880	6340	174
9750	ソラン	2540	2730	2520	2650	112
9751	ＴＩＳ	6130	6560	6130	6430	151
9752	ナムコ	4500	4940	4460	4750	325.8
9753	ＩＸナレッジ	851	860	851	860	6
9755	応用地質	1155	1200	1155	1190	14.5
9756	ＡＳＫ	750	800	740	780	98
9757	船井研	800	900	800	900	35
9758	ジシステム	1000	1080	980	980	44
9759	日システムデ	11050	11900	11050	11740	56.7
9760	進学会	320	320	320	320	1
9761	東海リース	194	194	190	190	11
9762	大和リース	265	268	251	259	778
9763	丸紅リ	196	206	196	202	71
9764	技研興	198	198	180	180	22
9765	オオバ	164	164	164	164	10
9766	コナミ	11850	13650	11700	13650	372
9767	日建工学	266	266	255	255	2
9768	国土環境	880	880	860	880	12
9769	学究社	570	570	550	550	3
9776	札臨	392	392	392	392	3
9777	日電計算	2560	2700	2560	2700	53.9
9778	昴	0	0	0	0	0
9779	メフォス	1120	1120	1070	1070	4
9780	ビステム	320	320	320	320	2
9781	石川島汎サ	0	0	0	0	0
9782	ＤＭＳ	0	0	0	0	0
9783	ベネッセ	15600	16050	15600	15700	165.1
9784	日工検	0	0	0	0	0
9785	大新東	0	0	0	0	0
9786	キャッツ	1472	1600	1470	1470	53
9787	Ｊメンテ	930	953	930	953	9.1
9788	ナック	1000	1009	990	1000	39.9
9789	栄光	403	403	403	403	6
9790	福井コン	650	650	632	632	1
9791	ビケンテクノ	800	800	790	790	17
9792	ニチイ学館	10900	12490	10850	11400	125
9793	ダイセキ	1940	1950	1850	1850	57.5
9794	カラカミ観光	1050	1050	1050	1050	2
9795	ステップ	801	830	800	800	6
9796	ダイテック	1530	1530	1500	1520	4.5
9797	大日本コン	287	287	270	280	8.2
9798	シダックス	2890	2900	2800	2800	10
9799	旭情報	1480	1500	1480	1500	10
9810	日鉄商	114	114	107	110	9
9811	アスティス	0	0	0	0	0
9812	テーオー	1900	1900	1900	1900	1
9813	トッキ	2490	2500	2320	2400	11
9814	アシックス商	690	690	690	690	1
9815	カテナ	790	820	790	795	162
9816	バーテックス	671	720	671	705	22
9817	ゴトー	0	0	0	0	0
9818	大丸エナ	711	711	711	711	1
9820	エムティＧ	195	195	195	195	2
9821	日アムウ	880	880	870	880	1.2
9822	なが多	81	84	81	81	436
9823	マミーマート	1200	1200	1200	1200	0.3
9824	泉州電	0	0	0	0	0
9825	アズウェル	410	413	407	410	22.8
9826	ＪＥＵＧＩＡ	0	0	0	0	0
9827	リリカラ	0	0	0	0	0
9828	元気寿司	1100	1100	1100	1100	3
9829	ながの東急	0	0	0	0	0
9830	トラスコ中山	1210	1260	1200	1260	16.7
9831	ヤマダ電	8570	9150	8570	9150	33
9832	オートバクス	2700	2760	2685	2735	36.1
9833	エルクコーポ	735	740	735	740	4
9834	リオチェン	0	0	0	0	0
9835	ジュンテン	505	505	505	505	6
9836	リーバイス	710	720	700	700	21
9837	モリト	0	0	0	0	0
9838	トラベラー	730	740	730	740	2
9839	ゲッツブラザーズ	501	501	500	500	3
9840	ホーマック	2025	2175	2000	2175	9.1
9841	ＢＭＢ	496	530	495	520	208
9842	アークランド	960	990	950	990	22
9844	ユーエスシー	1380	1440	1380	1410	16
9845	パーカー	265	270	265	270	7
9846	天満屋ス	0	0	0	0	0
9847	ソリスト	420	420	395	395	15
9848	トヨタカローラ岐阜	0	0	0	0	0
9849	河内屋紙	0	0	0	0	0
9850	グルメ杵屋	675	675	675	675	10
9852	中央物産	0	0	0	0	0
9853	銀座ルノア	0	0	0	0	0
9854	愛眼	1069	1069	1050	1051	8.1
9855	くろがねや	461	461	460	460	5
9856	ケーユー	710	710	704	704	4.7
9857	英和	330	340	330	340	1
9858	明光商会	1980	2000	1920	1950	14
9859	ユーストア	0	0	0	0	0
9860	岐阜日野	0	0	0	0	0
9861	吉野家ディー	1740000	1740000	1650000	1650000	0.142
9862	メモレックス・テレ	380	380	370	375	17
9863	靴のマルトミ	140	140	140	140	11.3
9864	ナカイ	0	0	0	0	0
9865	日商エレク	3460	3960	3360	3900	130
9867	ソレキア	825	825	795	810	13
9868	トリイ	0	0	0	0	0
9869	加藤産	660	660	650	650	2
9870	ハナテン	1800	1800	1790	1790	1.1
9871	イトーキ	0	0	0	0	0
9872	北恵	0	0	0	0	0
9873	ケンタッキー	1051	1055	1050	1055	10
9875	マツモトキヨ	7970	8000	7800	7870	27.7
9876	コックス	0	0	0	0	0
9877	マルフル	0	0	0	0	0
9878	セキド	605	605	570	570	2
9879	フタタ	170	170	165	165	11
9880	イノテック	4900	5500	4900	5350	112
9882	イエロハット	900	915	900	905	59.4
9883	富士エレ	1700	1700	1650	1700	19
9884	都築電産	1000	1050	1000	1040	7
9885	シャルレ	660	660	650	650	9
9887	松屋フーズ	2680	2680	2600	2630	33
9888	ＵＥＸ	0	0	0	0	0
9889	ＪＢＣＣ	5290	5740	5210	5210	123
9890	マキヤ	0	0	0	0	0
9892	卑弥呼	895	900	885	885	37
9893	ホームワイド	367	367	366	366	5
9894	アトル	0	0	0	0	0
9895	コンセック	261	261	260	260	5
9896	Ｊ建材	500	500	500	500	3
9897	ユニダックス	630	650	630	650	9
9898	サハダイヤ	340	360	330	360	391
9899	サンデサン	590	590	590	590	2
9900	サガミ	681	690	680	686	36
9901	宮	950	950	940	950	5
9902	日伝	1220	1350	1220	1350	15
9903	カンセキ	0	0	0	0	0
9904	ベリテ	212	240	212	214	13
9905	コージツ	0	0	0	0	0
9906	藤井産業	0	0	0	0	0
9907	大電社	765	765	750	750	5
9908	日本電計	600	600	600	600	2
9909	愛光電気	0	0	0	0	0
9911	真電	0	0	0	0	0
9912	ダイワボ情	1460	1560	1450	1560	45
9913	日邦産業	330	330	330	330	1
9914	植松商会	0	0	0	0	0
9915	アサヒビールＳ	0	0	0	0	0
9916	バイタルＮ	590	610	590	610	13.7
9917	マツモト電器	0	0	0	0	0
9918	ダイワラクダ	0	0	0	0	0
9919	関西スーパ	590	590	590	590	6
9920	シービーエム	0	0	0	0	0
9921	ギガス	470	470	460	460	3
9922	日立機材	0	0	0	0	0
9923	ダイトーエム	345	350	345	350	12
9924	ドミー	504	504	504	504	5
9925	北の家族	1160	1160	1160	1160	7
9926	ダイカ	340	340	340	340	7
9927	ワットマン	330	330	330	330	2
9928	ミロク情報	1381	1450	1381	1410	43.5
9929	平和紙業	0	0	0	0	0
9930	北沢産	233	235	233	234	17
9931	家族亭	0	0	0	0	0
9932	杉本商	495	500	495	500	3
9934	因幡電産	1100	1120	1070	1120	24
9935	あずみ	288	288	286	288	13
9936	王将フード	1400	1410	1400	1410	12
9937	セシール	2790	3050	2790	2900	37.5
9938	住金物産	73	74	73	74	43
9939	すみや	0	0	0	0	0
9940	クラヤ薬	1196	1205	1196	1205	23.9
9941	太洋物産	181	181	181	181	1
9943	ココス	590	600	590	590	8
9944	インパクト	1440	1450	1392	1420	14.8
9945	プレナス	5450	5450	5360	5400	10
9946	ミニストップ	2350	2375	2290	2340	50.5
9947	シムリー	1100	1101	1070	1081	6.5
9948	アークス	1300	1300	1280	1290	4
9949	タイヨー	0	0	0	0	0
9950	ハチバン	530	530	530	530	2
9951	カーマ	520	520	519	520	17.5
9952	ドトール	7350	7400	7200	7380	22.9
9953	ダイキ	1310	1330	1287	1290	3.8
9954	東京小僧寿し	610	610	610	610	1
9955	ヨンキュウ	2100	2200	2100	2140	12.4
9956	バロー	0	0	0	0	0
9957	バイテック	1630	1680	1630	1680	13
9958	サリ	300	300	300	300	7
9959	アシード	830	830	820	830	4
9960	東テク	485	485	485	485	1
9961	エムオーテック	0	0	0	0	0
9962	駿河製機	11300	11600	11000	11500	41.7
9963	江守商事	390	390	390	390	1
9964	アイ・テック	0	0	0	0	0
9965	福原	500	510	500	510	17
9966	藤久	2110	2150	2050	2050	3.3
9967	堺商事	0	0	0	0	0
9968	イチヤ	118	118	118	118	1
9969	ショクブン	1010	1010	1000	1010	12
9970	東洋オフィス	467	467	440	440	26
9971	カウボーイ	512	530	500	505	43
9972	アルテック	1350	1370	1300	1349	21.8
9973	小僧本部	1010	1010	1000	1010	6
9974	ベルク	900	900	900	900	1
9975	マルヤ	3200	3200	3200	3200	1
9976	セキチュー	431	432	431	431	4
9977	アオキスーパ	0	0	0	0	0
9978	文教堂	2780	2850	2780	2780	5
9979	大庄	900	919	900	910	12.5
9980	マルコ	900	931	890	931	7.8
9981	ニック産業	0	0	0	0	0
9982	タキヒヨー	460	460	460	460	2
9983	ファストリ	31800	34000	31000	33000	86.8
9984	ソフトバンク	89200	98200	89200	89200	1909
9985	榮太郎	890	900	875	885	9
9986	蔵王産業	369	369	369	369	1
9987	スズケン	2700	2720	2600	2675	108.6
9988	神港魚類	0	0	0	0	0
9989	サンドラッグ	5110	5750	5100	5400	10
9990	東京デリカ	588	588	550	550	5
9991	ジェコス	353	353	345	351	22.6
9992	理研グリン	0	0	0	0	0
9993	ヤマザワ	0	0	0	0	0
9994	やまや	680	680	650	675	8.6
9995	イーストン	725	735	710	735	45
9996	サトー商会	680	680	680	680	8
9997	ベルーナ	2720	2810	2710	2800	36.5
