20000203
1001	日経２２５	19648	19879	19648	19786	62.551
1002	ＴＯＰＩＸ	1714	1732	1714	1729	62.551
1301	極洋	142	143	140	140	130
1319	日経300F	320	322	319	320	581
1331	ニチロ	166	168	165	165	213
1332	日水	180	185	178	183	550
1333	マルハ	144	150	138	147	3992
1351	宝幸水産	97	100	97	97	36
1352	ホウスイ	106	109	106	109	17
1376	カネコ種	832	835	832	835	4
1377	サカタタネ	2660	2700	2580	2580	30.1
1379	ホクト	5200	5200	5090	5090	57.8
1380	秋川牧園	600	610	600	610	3
1491	中外鉱	128	129	124	127	2237
1501	三井鉱山	101	104	100	100	134
1503	住友炭	96	98	95	96	100
1515	日鉄鉱	240	241	237	237	38
1518	三井松島	163	168	163	167	140
1601	帝石	320	322	315	316	428
1603	アラビア石油	1401	1401	1360	1380	110.5
1661	ガス開	421	430	416	416	50
1701	昭和鉱	272	275	271	271	15
1702	共立マテリア	288	300	288	300	8
1739	ＳＥＥＤ	500000	511000	490000	490000	0.011
1741	ミサワサンイ	800	800	800	800	2
1742	セコムテクノ	3300	3310	3200	3200	29
1743	コーアツ工業	650	650	631	650	16
1744	キョーエイ	1020	1050	915	979	32
1745	ミサワホーム東海	0	0	0	0	0
1748	ミサワ北日	360	360	360	360	3
1749	大和通信	280	280	280	280	5
1750	カナック	0	0	0	0	0
1751	日立プラサ	0	0	0	0	0
1752	富士通シス	2080	2080	1890	1900	49
1753	土屋ツバイ	145000	145000	145000	145000	0.008
1754	東新住建	1200	1200	1100	1100	16
1755	JFE工建	361	361	361	361	2
1756	和興エンジ	0	0	0	0	0
1757	千年の杜	410	415	410	415	4
1758	太洋基礎	0	0	0	0	0
1759	ジオトップ	290	290	285	285	10
1762	高松建設	1890	1890	1800	1800	13
1763	北陸ミサワ	540	540	540	540	1
1764	工藤建設	264	264	250	250	2
1765	イビデンテック	0	0	0	0	0
1766	東建コーポ	970	990	950	960	11
1767	沖ウィン	651	660	651	655	9
1768	ソネック	0	0	0	0	0
1769	ピコイ	65	70	65	70	7
1770	藤田エンジ	770	775	760	775	4
1772	東北エンタープライズ	0	0	0	0	0
1774	機動建	226	226	226	226	1
1775	富士電Ｅ＆Ｃ	201	201	201	201	7
1776	三井住建道路	0	0	0	0	0
1777	川崎設備	0	0	0	0	0
1778	古河総設	171	171	171	171	1
1779	松本建工	0	0	0	0	0
1780	ヤマウラ	0	0	0	0	0
1781	国土総合	399	400	399	399	4
1782	常磐開発	214	214	214	214	2
1783	南野建設	105	105	105	105	2
1784	サワコー	560	580	550	560	24.5
1785	ナナボシ	413	413	413	413	1
1786	オリ建	510	528	501	528	28.1
1787	ナカボテック	0	0	0	0	0
1788	三東工業	220	220	220	220	2
1789	山加電業	460	460	450	450	2.8
1790	平和奥田	0	0	0	0	0
1791	三井木材	157	157	155	155	8
1792	みらい建設Ｇ	219	219	218	218	3
1793	大本組	0	0	0	0	0
1795	マサル	0	0	0	0	0
1796	トヨタウッド	350	350	340	340	6
1797	藤木工務店	0	0	0	0	0
1798	守谷商会	0	0	0	0	0
1799	第一建設	280	280	280	280	4
1800	利塚地下技術	300	300	300	300	51
1801	大成建	192	195	192	192	745
1802	大林組	413	435	406	406	1368
1803	清水建	311	314	308	310	763
1804	佐藤工業	64	67	64	64	577
1805	飛島建	60	61	59	59	341
1806	ACリアル	56	57	56	56	733
1807	渡辺組	0	0	0	0	0
1808	長谷工	48	49	48	48	1604
1809	富士工	92	92	90	91	94
1810	松井建	295	295	291	291	5
1811	銭高組	302	302	302	302	2
1812	鹿島	287	290	286	286	1206
1813	不動建	161	161	160	160	46
1814	大末建	81	82	80	80	186
1815	鉄建	123	125	122	122	126
1816	安藤建	207	207	203	203	6
1817	勝村建	141	141	140	140	7
1818	日産建設	118	119	118	119	11
1819	太平工	178	180	177	180	29
1820	西松建	394	415	394	400	1169
1821	三井住友建	86	87	85	85	101
1822	大豊建	167	167	164	165	54
1823	住友建設	99	100	98	99	95
1824	前田建	308	309	305	307	315
1825	環境建設	100	108	99	108	146
1826	佐田建	160	160	155	155	9
1827	ナカノフドー建	98	100	98	98	15
1828	田辺工業	450	450	450	450	2
1829	大和建設	0	0	0	0	0
1830	共栄冷機工業	0	0	0	0	0
1831	積水ハ北陸	501	501	500	500	4
1833	奥村組	375	390	366	381	310
1834	小田急建	261	264	260	263	21.5
1835	東鉄工	210	215	210	211	9
1836	大日本土木	177	177	173	173	11
1837	間組	64	66	64	64	241
1838	古久根建設	104	104	100	104	17
1839	真柄建	180	180	170	170	32
1840	土屋ホーム	280	280	280	280	29.7
1841	サンユ	0	0	0	0	0
1842	昭和テクノ	611	611	610	610	7
1844	大盛工業	250	255	243	243	17
1845	森本組	132	135	130	135	29
1846	鈴縫工	0	0	0	0	0
1847	イチケン	117	119	116	117	50
1848	富士ＰＳ	0	0	0	0	0
1850	南海辰村建	95	95	95	95	1
1851	大木建設	200	200	195	196	91
1852	浅沼組	160	165	157	158	34
1853	森組	120	120	110	110	26
1854	新井組	175	175	173	175	18.7
1855	東急建設	69	69	68	68	120
1856	ジェイオー建設	0	0	0	0	0
1857	松村組	148	150	148	150	7
1858	井上工	60	60	58	60	16
1860	戸田建	420	420	416	416	137
1861	熊谷組	72	73	72	72	368
1862	横河工事	0	0	0	0	0
1863	テトラ	230	230	230	230	2
1865	青木あすなろ建	138	148	138	138	4
1866	北野建	312	313	290	290	349
1867	植木組	195	195	180	190	8
1868	三井ホーム	427	428	424	424	24
1869	名工建	500	500	500	500	3
1870	矢作建	371	371	370	370	7
1871	ピーエス三菱	468	470	459	461	7.4
1872	アゼル	320	327	319	322	53
1873	東ハウス	470	490	470	485	38
1874	佐藤秀	0	0	0	0	0
1875	青木マリン	0	0	0	0	0
1877	川田建設	0	0	0	0	0
1878	大東建	1412	1460	1411	1451	226.3
1879	新日本建	211	211	211	211	1
1880	スルガコーポ	1570	1570	1569	1569	3
1881	ＮＩＰＰＯ	491	495	488	488	91
1882	東亜道	225	225	220	220	66
1883	前田道	495	495	490	490	127
1884	日道路	176	177	175	176	73
1885	東亜建	136	137	135	135	205
1886	青木建設	48	49	47	48	920
1888	若築建	160	160	155	156	42
1889	佐伯建	150	151	150	150	18
1890	東洋建	97	97	94	94	184
1892	徳倉建	275	275	275	275	2
1893	五洋建	144	152	144	145	250
1895	大成ロテック	188	188	182	182	45
1896	大林道	322	322	315	317	49
1897	金下建	573	573	573	573	1
1898	世紀東急	92	92	89	89	4
1899	福田組	307	307	300	300	21
1900	白石	169	170	169	170	16
1902	山崎建設	285	295	285	295	6
1904	大成温調	420	420	420	420	1
1905	テノックス	0	0	0	0	0
1906	細田工務	0	0	0	0	0
1907	東北ミサワ	539	539	539	539	0.5
1908	三平建設	500000	500000	500000	500000	0.001
1909	日本ドライ	280	283	278	280	16
1910	フドウ建研	0	0	0	0	0
1911	住友林	735	745	725	745	97
1912	ミサワセラミ	402	402	402	402	1
1913	旭ホームズ	0	0	0	0	0
1914	日基技	609	610	600	600	73.8
1915	東京ミサワホーム	0	0	0	0	0
1916	日成ビルド	223	223	215	215	19
1917	ニッセキハウス	131	131	125	126	422
1919	エスバイエル	290	297	288	292	101
1920	殖産住宅相互	120	136	117	124	1016
1921	巴	170	170	170	170	5
1922	大成ユーレック	96	96	94	94	12
1923	ミサワホーム	369	369	355	355	60
1924	パナホーム	651	660	650	655	81
1925	大和ハウス	900	934	882	922	2683
1926	ライト	500	514	500	505	63.5
1927	中 部	310	314	310	314	0.7
1928	積ハウス	930	960	920	958	1584
1929	日特建	209	209	205	205	48
1930	北陸電工	0	0	0	0	0
1931	日本電通	335	335	332	332	4
1932	コミュチュア	520	520	490	490	34
1933	西シス建	318	318	303	303	2
1934	ユアテック	381	385	376	376	29
1935	ＴＴＫ	355	355	336	336	27
1936	シーキューブ	400	458	400	458	31
1937	西部電工	345	345	344	344	8
1938	千歳電	235	247	235	247	2
1939	四電工	341	341	339	339	21
1940	つうけん	0	0	0	0	0
1941	中電工	1628	1629	1505	1535	69
1942	関電工	507	510	500	500	288
1943	大明	1025	1068	1020	1031	97
1944	きんでん	750	762	750	753	84
1945	東京エネシス	390	390	380	380	5
1946	トーエネク	384	384	377	377	27
1947	日本コムシス	1688	1730	1680	1726	602
1948	弘電社	301	301	300	300	5
1949	住友電設	560	570	560	565	8.7
1950	電設工	304	304	295	295	56
1951	協エクシオ	845	850	810	818	282
1952	新日空調	451	461	451	453	2.8
1953	国際電設	205	205	205	205	2
1954	日工営	205	205	203	203	106
1955	東電通	530	530	523	525	79
1956	日電設	540	545	515	515	54
1957	保安工	214	214	214	214	2
1958	三和エレック	340	340	339	340	12
1959	九電工	375	375	371	371	21
1960	サンテック	345	350	345	350	8
1961	三機工	443	447	443	447	133
1962	エルゴテック	248	248	210	210	12
1963	日揮	304	311	295	300	1260
1964	中外炉	285	285	275	275	22
1965	テクノ菱和	420	420	415	420	3.9
1966	高田工	315	315	315	315	2
1967	ヤマト	394	398	387	387	9
1968	太平電	258	264	256	256	20
1969	高砂熱	631	644	630	631	19
1970	日立プラ	266	266	262	262	43
1971	ビルト工	0	0	0	0	0
1972	三晃金	120	120	112	113	18
1973	ＮＥＣシス建	1957	1957	1899	1921	65.3
1974	宮地建設工業	464	465	460	461	39
1975	朝日工	215	215	205	210	62
1976	明星工	199	199	190	199	10
1977	ジェイコス	0	0	0	0	0
1978	アタカ	365	365	360	360	18
1979	大気社	788	788	755	755	10
1980	ダイダン	538	588	538	588	5
1981	協和日成	0	0	0	0	0
1982	日比谷設	615	621	612	612	22
1983	東芝プラ	240	240	232	232	88
1984	三信建	220	244	220	244	2
1985	大和電設	360	360	360	360	5
1986	日商インター	2200	2200	2100	2150	30
1988	シボンド建	1810	1850	1810	1835	15.5
1989	北陸電話	0	0	0	0	0
1990	東邦建	280	280	280	280	3
1991	都築通技	0	0	0	0	0
1992	神田通機	0	0	0	0	0
1993	ニッタン	225	245	225	245	3
1994	高橋ウォール	0	0	0	0	0
1995	鈴木工務店	210	210	210	210	3
1996	三菱建設	158	158	158	158	2
1997	暁飯島工業	200	200	200	200	6
1998	日本土建	0	0	0	0	0
2001	日本粉	258	262	254	257	137
2002	日清粉	777	797	771	771	262
2003	日東粉	220	221	220	221	4
2004	昭和産	181	185	180	181	252
2006	東福粉	98	98	98	98	1
2007	富士粉	0	0	0	0	0
2008	増田粉	0	0	0	0	0
2009	鳥越粉	370	384	370	373	34
2051	農産工	212	228	210	224	1813
2052	協同飼	127	130	125	126	71
2053	中部飼	0	0	0	0	0
2055	日和産	245	245	245	245	2
2056	日配飼	125	125	121	122	57
2057	雪印種	690	690	690	690	1
2102	台糖	267	267	260	265	42
2107	東洋糖	165	166	160	165	46
2108	甜菜糖	166	167	164	164	101
2109	三井糖	185	185	182	182	29
2111	フジ製糖	220	223	220	223	3
2112	塩水糖	410	411	406	406	18
2113	新光糖	0	0	0	0	0
2114	フジ日本精糖	0	0	0	0	0
2116	日新糖	120	126	118	118	15
2201	森永	226	232	225	229	262
2202	明菓	711	734	710	712	494
2204	中村屋	278	279	273	276	12
2205	駿河屋	0	0	0	0	0
2206	グリコ	550	560	550	553	42
2207	名糖産	1051	1070	1051	1070	5
2209	井村屋	0	0	0	0	0
2211	不二家	279	280	271	272	212
2212	山パン	1022	1047	1015	1015	164
2213	ナガサキヤ	75	75	74	74	9
2215	一パン	283	286	280	280	106
2216	カンロ	271	286	271	286	3
2217	モロゾフ	197	215	197	198	33
2219	タカラブネ	114	117	110	117	33
2221	岩塚製菓	0	0	0	0	0
2222	寿製菓	477	477	477	477	1
2224	コモ	1960	1960	1960	1960	1
2261	明乳	432	437	425	435	507
2262	雪印	475	485	472	479	364
2264	森永乳	300	306	290	291	180
2266	六甲バタ	265	265	260	260	22
2267	ヤクルト	830	835	811	825	517
2268	サーティワン	0	0	0	0	0
2281	プリマ	152	155	150	150	122
2282	日ハム	1204	1216	1195	1216	317
2284	伊藤ハ	475	475	458	458	113
2286	林兼	145	146	145	145	26
2287	雪印食品	275	275	275	275	4
2288	丸大食	196	200	196	196	80
2289	相模ハム	0	0	0	0	0
2290	米久	1295	1299	1290	1290	9
2291	福留ハ	0	0	0	0	0
2292	ＳＦＯＯＤＳ	849	879	825	825	29
2293	滝沢ハム	0	0	0	0	0
2294	柿安本店	1020	1020	1020	1020	1
2501	サッポロＨＤ	342	342	336	338	529
2502	アサヒ	1050	1056	1043	1045	1195
2503	キリン	1252	1260	1250	1252	1798
2531	宝ＨＤ	2420	2475	2380	2435	3048
2533	オエノンＨＤ	268	274	260	260	64
2536	メルシャン	285	285	280	280	303
2538	マルキン忠勇	121	144	121	144	24
2540	養命酒	748	760	743	755	77
2541	ニッカ	300	300	300	300	3
2571	中京コカ	1060	1060	1051	1051	6
2572	三国コカ	1650	1655	1630	1650	54
2573	北海コカ	1411	1411	1411	1411	1
2575	三笠コカ	995	995	990	995	3
2576	近畿コカ	1341	1350	1330	1330	16
2577	富士コカ	1286	1300	1250	1250	22
2578	四国コカ	1270	1270	1255	1255	0.2
2579	コカウエスト	3340	3340	3200	3200	55.3
2591	カルピス	545	548	530	545	36
2592	ポッカ	525	527	525	527	7
2593	伊藤園	12800	13380	12610	13350	72.6
2594	キーコーヒー	1300	1300	1280	1288	13.2
2595	キリンビバ	1610	1625	1581	1624	47
2596	キューサイ	5900	5900	5600	5700	8.6
2597	ユニカフェ	4100	4100	3880	3880	20.4
2598	アサヒ飲料	1010	1015	995	995	236.5
2601	ホーネンコーポ	176	178	175	176	213
2602	日清オイリオ	299	306	299	306	217
2604	吉原製油	240	240	230	230	17
2605	熊沢製油	0	0	0	0	0
2607	不二油	682	685	676	676	186
2608	ボーソー	170	170	170	170	1
2611	摂津油	0	0	0	0	0
2612	かどや製油	820	820	800	800	28
2801	キッコマン	700	710	700	700	194
2802	味の素	1256	1264	1241	1248	1121
2803	丸金醤油	290	290	290	290	4
2804	ブルドック	610	610	610	610	7
2805	エスビー	570	570	570	570	2
2806	ユタカフーズ	0	0	0	0	0
2808	サンビシ	0	0	0	0	0
2809	キユーピー	780	783	776	780	134
2810	ハウス食品	1690	1705	1650	1702	155
2811	カゴメ	1020	1032	1020	1032	48
2812	焼津水化	2000	2060	1950	2000	20.5
2813	和弘食品	130	130	130	130	2
2814	佐藤食品	0	0	0	0	0
2815	アリアケ	6150	6150	6000	6000	18.3
2816	ダイショー	850	850	840	840	4
2871	ニチレイ	284	288	281	281	312
2873	加ト吉	2260	2260	2235	2240	59
2874	ヨコレイ	570	572	565	565	59
2875	東洋水	752	752	745	745	112
2876	ＪＣコムサ	400	400	400	400	1
2877	日東ベスト	0	0	0	0	0
2878	赤城水産	0	0	0	0	0
2891	酵母工	738	750	725	725	63
2892	日食品	330	330	330	330	5
2893	ローマイヤ	111	111	111	111	1
2894	石井食	294	294	294	294	1
2897	日清食	2480	2485	2415	2480	429.6
2898	ソントン	1080	1090	1080	1080	5
2899	永谷園	970	970	951	960	39
2900	明星食	246	255	246	255	7
2901	石垣食	0	0	0	0	0
2902	太陽化	480	480	480	480	4
2903	シノブフズ	179	179	175	175	2
2904	一正蒲鉾	0	0	0	0	0
2905	オーケー食	116	116	116	116	5
2906	ホッコク	0	0	0	0	0
2907	あじかん	690	690	690	690	1
2908	フジッコ	1849	1849	1749	1749	23
2909	トオカツフズ	0	0	0	0	0
2910	Ｒフィールド	4650	4750	4300	4480	40.6
2911	旭松食品	800	800	800	800	3
2912	鐘崎	255	265	255	265	4
2913	フジフーズ	270	270	265	270	8
2914	ＪＴ	997000	1040000	991000	1010000	8.315
2915	ケンコーマヨ	0	0	0	0	0
2916	仙波糖化	0	0	0	0	0
2917	大森屋	750	755	750	755	2
2918	わらべ日洋	1330	1370	1330	1360	19
2920	ケイビー	1500	1500	1450	1500	25
2921	フクシマフズ	0	0	0	0	0
2922	なとり	855	860	855	860	2
3001	片倉	500	500	480	480	5
3002	グンゼ	279	288	277	285	611
3003	昭栄	1110	1150	1110	1150	18
3004	神栄	142	142	139	141	19
3007	神戸生絲	65	70	65	68	44
3009	川島織	113	120	113	120	17
3010	上毛	680	710	650	700	78
3011	バナーズ	77	77	77	77	1
3101	東洋紡	152	154	150	150	498
3102	カネボウ	172	172	167	168	612
3103	ユニチカ	76	78	76	76	358
3104	富士紡Ｈ	84	85	82	83	109
3105	日清紡	485	488	481	481	288
3106	クラボウ	140	145	140	142	189
3107	ダイワボウ	114	117	112	112	27
3109	シキボウ	85	91	85	91	181
3110	日東紡	135	137	135	135	291
3111	オーミケン	75	75	73	73	31
3113	ＢＳＬ	79	80	77	78	42
3114	同興紡	93	93	92	92	11
3115	テザック	69	69	68	68	42
3116	トヨタ紡織	694	699	681	699	25
3117	興和紡	0	0	0	0	0
3121	アセットイン	61	61	61	61	1
3123	サイボー	0	0	0	0	0
3125	内外綿	0	0	0	0	0
3128	テラボウ	0	0	0	0	0
3129	ファブリカＴ	0	0	0	0	0
3201	日毛	405	405	387	388	35
3202	大東紡	100	100	98	100	47
3203	東亜紡織	103	104	103	103	10
3205	ダイドー	215	215	211	211	10
3206	南海毛糸紡績	100	100	100	100	3
3207	中央毛	137	140	137	140	6
3209	カネヨウ	0	0	0	0	0
3211	太陽毛絲紡	0	0	0	0	0
3216	御幸ＨＤ	0	0	0	0	0
3302	帝繊維	180	185	180	180	8
3304	トスコ	73	73	71	71	8
3306	日本麻	71	71	68	68	8
3401	帝人	472	474	455	455	2021
3402	東レ	440	445	434	439	2915
3403	東邦テナ	158	167	156	166	164
3404	三菱レ	273	278	271	271	554
3405	クラレ	1060	1062	1035	1041	562
3407	旭化成	595	613	594	610	4583
3408	サカイオーベ	99	102	99	100	41
3409	北日紡	0	0	0	0	0
3411	オートリ	198	200	195	195	35
3420	ケーエフシー	0	0	0	0	0
3421	稲葉製作	1380	1400	1380	1400	2.8
3422	丸順	0	0	0	0	0
3423	エスイー	780	790	775	775	9
3501	住江織	124	124	118	120	67
3503	東和織	0	0	0	0	0
3512	フエルト	255	255	255	255	1
3513	イチカワ	161	164	161	162	14
3514	バイリーン	202	203	201	202	33
3515	フジコー	400	400	400	400	1
3521	エコナック	125	125	120	120	111
3524	日東網	108	110	103	104	11
3526	芦森工	214	214	210	210	49
3528	グローベルス	120	120	110	118	74
3529	アツギ	118	118	115	116	267
3532	堀田産	71	71	71	71	2
3533	ダイオ化成	669	670	650	670	4
3534	ＮＢＣ	952	1000	952	1000	12
3551	ダイニック	198	198	191	198	22
3552	洋クロス	176	176	176	176	3
3553	共和レ	412	413	410	413	8
3569	セーレン	302	302	294	295	45
3570	オリカキャピ	130	130	130	130	13
3571	ソトー	530	530	510	530	20
3572	大同マルタ	0	0	0	0	0
3576	カンボウ	101	101	101	101	1
3577	東海染	152	152	151	151	6
3578	倉庫精	0	0	0	0	0
3580	小松精	369	370	369	370	8
3581	岐セン	0	0	0	0	0
3583	オーベクス	0	0	0	0	0
3584	福助	189	189	180	182	8
3585	トムスエンタ	920	960	860	870	2386
3587	ＩＢダイワ	134	140	130	140	21
3588	丸山工	0	0	0	0	0
3591	ワコール	870	874	850	854	177
3592	ＣＨＯＹＡ	264	264	260	260	7
3593	ホギメデ	6600	6680	6500	6500	55.2
3594	モリシタ	0	0	0	0	0
3595	ヤギコーポ	341	341	341	341	2
3596	ワールド	11500	12000	11500	11600	59.1
3597	自重堂	688	688	685	685	8
3598	山喜	0	0	0	0	0
3599	コーコス	0	0	0	0	0
3600	フジックス	0	0	0	0	0
3601	ニチメンイン	1710	1750	1680	1690	9.7
3602	イタリヤード	275	298	275	298	6
3603	チャッコット	670	670	670	670	1
3706	東海パ	360	361	360	360	22
3861	王子紙	630	640	626	632	928
3863	日本製紙	707	737	707	714	833
3864	三菱紙	125	129	125	129	586
3865	北越紙	721	743	711	739	335
3868	高崎三興	92	95	91	95	49
3869	日本板紙	237	245	235	237	7
3870	日本加工製紙	82	84	82	83	61
3871	大昭和紙	444	446	430	430	39
3872	三島紙	181	181	175	175	11
3877	中越パ	169	169	159	160	200
3878	巴川紙	500	504	480	480	64
3880	大王紙	720	760	720	760	56
3881	特種紙	446	451	442	442	81
3882	紀州紙	159	161	159	161	5
3886	チューエツ	100	100	100	100	10
3887	中央板紙	96	97	93	93	30
3889	大平製紙	94	94	90	90	3
3890	ゼネＫＫ	626	660	620	660	21
3891	高度紙	1550	1650	1500	1610	79
3941	レンゴー	644	646	633	633	502
3944	古林紙	135	138	135	138	14
3945	スパバッグ	0	0	0	0	0
3946	トーモク	196	196	190	190	23
3947	ダイナパック	405	405	405	405	2
3948	光ビジネス	869	885	860	860	10
3949	日本ハイパック	235	235	235	235	1
3950	ザ・パック	790	870	790	870	2
3951	朝日印刷	0	0	0	0	0
3952	中央紙器	300	300	300	300	2
3953	大村紙業	0	0	0	0	0
3954	昭和パックス	420	450	420	450	14
3971	東セロ	240	240	240	240	1
4003	コープケミ	102	102	102	102	6
4004	昭電工	137	142	134	136	1745
4005	住友化学	528	542	517	535	1661
4006	チッソ 	35	36	33	34	258
4007	日化成	142	143	141	141	16
4008	住友精化	277	280	265	265	31
4010	三菱化学	450	455	442	447	1661
4021	日産化	592	619	591	615	1730
4022	ラサ工	280	284	270	273	129
4023	呉羽化	289	289	280	280	92
4025	多木化	345	345	331	331	8
4026	神島化	0	0	0	0	0
4027	テイカ	276	276	270	270	26
4028	石原産	140	142	136	136	224
4031	チッカリン	461	470	450	450	40
4032	日東バイオン	150	155	150	155	6
4033	日東エフシー	425	425	425	425	1
4041	日曹達	255	258	250	250	495
4042	東ソー	400	414	397	400	1937
4043	トクヤマ	380	393	380	393	310
4044	セ硝子	213	213	208	209	114
4045	東合成	160	162	157	159	306
4046	ダイソー	200	200	190	190	33
4047	関電化	260	265	255	255	33
4050	鶴見曹達	299	299	287	287	3
4061	電化	335	343	330	334	527
4062	イビデン	1549	1580	1531	1550	453
4063	信越化	5800	5810	5420	5600	1116
4064	カーバイド	130	132	127	128	117
4065	紀文フ	410	410	398	398	7
4077	富士チタン工業	415	485	415	485	46
4078	堺化学	814	814	798	814	240
4079	ハクスイテック	1940	1940	1940	1940	0.5
4086	日本エア・リキード	291	291	281	289	41
4088	エアウォータ	286	286	275	275	40
4089	大阪酸素工業	175	175	172	172	4
4091	大陽日酸	303	308	300	300	320
4092	日本化	273	276	271	271	115
4093	アセチレン	81	81	81	81	1
4094	日化産	293	293	293	293	1
4095	パーカライ	303	305	303	305	21
4096	昭炭酸	301	301	301	301	2
4097	高圧ガス	285	285	282	285	28
4098	チタン	156	160	156	159	11
4099	四国化	333	334	333	334	11
4100	戸田工	460	463	451	463	21
4101	日興酸素	0	0	0	0	0
4102	丸尾カル	220	220	216	216	3
4103	大陽東洋酸素	180	180	175	175	121
4104	タテホ	200	201	197	201	9
4105	メルテックス	666	666	660	660	5
4106	ケムキャット	900	900	900	900	1
4107	伊勢化	345	345	338	338	19
4108	共同酸素	160	160	160	160	3
4109	ステラケミ	6750	7200	6750	7200	148
4112	保土谷	182	182	169	169	73
4113	田岡化	0	0	0	0	0
4114	日触媒	473	480	472	472	163
4115	本州化	665	690	665	684	29
4116	大日精	340	347	340	343	45
4117	川崎化	164	164	164	164	37
4118	カネカ	1350	1370	1336	1355	311
4119	ピグメント	261	266	256	266	46
4120	スガイ	330	340	330	335	4
4123	山化成	1061	1100	1061	1100	10
4151	協発酵	1130	1160	1100	1100	1495
4182	菱ガス化	218	220	216	216	592
4183	三井化学	860	885	855	862	927
4185	ＪＳＲ	884	910	866	866	1358
4186	東応化	2390	2400	2315	2315	58.3
4187	大有機	690	699	669	669	3
4201	日合成	166	168	162	162	137
4202	ダイセル	362	368	350	367	1022
4203	住友ベ	1070	1074	1041	1041	687
4204	積水化	422	428	422	423	551
4205	ゼオン	700	710	698	700	591
4206	アイカ	700	710	685	686	79
4208	宇部興	205	209	204	207	753
4209	フドー	133	133	133	133	5
4210	東洋化学	428	435	428	435	42
4212	積水樹	400	403	400	402	24
4213	菱樹脂	158	158	148	148	132
4214	高分子	343	343	331	339	41
4215	タキロン	370	393	370	378	306
4216	旭有機	295	296	292	293	98
4217	日立化	2250	2280	2195	2250	129
4218	ニチバン	415	420	411	420	17
4219	プラス・テク	0	0	0	0	0
4220	リケンテクノ	385	385	370	371	45
4221	大倉工	370	402	370	381	270
4222	児玉化	100	100	95	99	19
4224	ロンシール	89	91	88	91	11
4225	筒中	290	292	282	284	53
4226	テスコ	290	290	280	280	2
4227	郡是高分子	0	0	0	0	0
4228	積化成	190	190	189	190	17
4229	群栄化	156	156	155	155	50
4231	タイガポリ	607	620	607	620	6
4232	東芝ケミカル	265	269	260	269	21
4233	ワコー	530	530	520	525	6
4271	カーリット	740	740	740	740	1
4272	日化薬	490	490	483	483	320
4274	細火工	239	239	239	239	2
4361	川口化	170	186	167	185	6
4362	日精化	410	410	410	410	3
4363	新日鐵化学	137	138	137	137	176
4365	松本油脂	1900	1950	1900	1950	7
4366	ダイトーケミ	805	805	800	800	6
4367	広栄化学	340	340	340	340	1
4401	旭電化	633	638	621	633	228
4403	日油脂	268	275	266	270	202
4404	ミヨシ	260	264	256	257	46
4406	日理化	548	548	539	545	56
4409	東邦化	0	0	0	0	0
4410	ハリマ化成	407	407	407	407	5
4452	花王	2870	2905	2860	2870	1679
4461	一工薬	370	375	360	369	19
4462	石原薬品	939	939	939	939	1
4463	日華化学	0	0	0	0	0
4471	三洋化	1007	1011	1005	1005	41
4501	三共	2675	2750	2610	2735	1797
4502	武田	5890	5990	5850	5870	1566
4503	アステラス薬	5000	5200	4950	5190	1612
4505	第一製薬	1492	1545	1492	1534	766
4506	大日薬	670	701	670	690	427
4507	塩野義	1680	1690	1630	1634	1009
4508	田辺薬	760	760	710	710	824
4509	三菱ウェルファーマ	1490	1535	1482	1510	770
4511	藤沢薬品	3390	3570	3340	3450	1415
4512	わかもと	485	520	482	508	164
4514	帝臓器	920	930	910	920	65
4515	萬有製薬	1930	1930	1869	1905	419
4516	日新薬	536	550	530	550	82
4517	ビオフェル	980	1000	980	1000	5.5
4518	富山化	436	440	435	438	156
4519	中外薬	1730	1760	1715	1755	2326
4520	和光堂	3600	3600	3600	3600	0.1
4521	科研薬	640	650	638	650	122
4523	エーザイ	2200	2285	2100	2100	1066
4524	仁丹	790	817	790	805	30
4526	理ビタ	1240	1240	1220	1220	28
4527	ロート	771	774	770	774	17
4528	小野薬	3350	3430	3350	3350	261
4529	日研化	437	440	430	440	65
4530	久光薬	1280	1280	1260	1266	27
4531	有機薬	421	430	415	415	31
4534	持田薬	641	673	641	655	193
4535	大正薬	3120	3170	3120	3130	349
4536	参天薬	2120	2185	2120	2150	260
4537	エスエス	1095	1096	1094	1095	505
4538	扶桑薬	545	565	535	535	95
4539	ケミファ	266	266	261	261	32
4540	ツムラ	412	415	410	413	78
4541	日医工	191	191	190	191	8
4542	三笠薬	399	400	391	391	15
4543	テルモ	2660	2750	2660	2740	248
4544	みらかＨＤ	590	600	590	600	42
4545	国際試薬	353	355	352	355	7
4546	北陸製薬	1015	1030	970	971	228
4547	キッセイ	1990	2000	1990	1990	51
4548	生化学	1380	1400	1370	1370	20
4549	栄研化	1240	1240	1180	1180	39
4550	日水薬	650	650	650	650	2
4551	鳥居薬	2735	2800	2735	2800	22.3
4552	日本ケミカル	880	880	840	850	47
4553	東和薬品	1270	1270	1270	1270	3
4554	富士製薬	340	350	340	340	21
4555	沢井製薬	0	0	0	0	0
4556	カイノス	420	420	420	420	1
4557	医学生物	5850	5850	5500	5500	37
4558	中京医薬	1070	1070	1070	1070	0.5
4559	ゼリア新薬	1060	1078	1055	1055	17
4560	キョーリン薬	3360	3450	3290	3320	65
4561	デンカ生研	2540	2540	2520	2520	4
4611	大日塗	185	185	179	182	80
4612	日本ペ	225	227	222	222	68
4613	関西ペ	242	244	241	243	133
4614	トウペ	145	145	144	144	9
4615	神東塗	102	102	102	102	1
4616	川上塗	95	95	95	95	3
4617	中国塗	220	220	212	214	108
4619	日特塗	265	273	255	255	23
4620	藤倉化	530	530	520	525	11
4621	ロック	0	0	0	0	0
4622	ユニペイン	0	0	0	0	0
4623	アサヒペン	305	305	305	305	9
4624	イサム	0	0	0	0	0
4625	アトミクス	0	0	0	0	0
4626	太陽インキ	13500	13500	13000	13000	4.7
4627	ナトコ	1360	1500	1350	1500	25
4628	エスケー化研	1850	1870	1850	1870	4
4629	大伸化学	460	460	450	450	8
4631	インキ	390	397	390	397	1417
4633	サカタＩＮＸ	300	300	289	289	12
4634	洋インキ	202	204	201	201	115
4635	東インキ	265	265	265	265	2
4636	Ｔ＆Ｋ	4350	4370	4260	4300	31.1
4640	アンドール	243	260	243	251	5
4641	アルプス技	1240	1240	1240	1240	1
4642	オリジナル設	1580	1600	1580	1596	8
4643	コナミスポ	10680	11610	10400	11390	83.3
4644	イマジニア	2730	2800	2550	2650	52.1
4645	市進	0	0	0	0	0
4646	ジャスフォート	0	0	0	0	0
4649	大成	0	0	0	0	0
4650	スガイエンタ	670	670	670	670	0.8
4651	サニックス	10450	11000	10450	10900	121
4652	ウッドランド	3750	3750	3750	3750	3
4653	ダイオーズ	820	820	820	820	2
4654	ニチゾウテク	336	336	336	336	3
4655	ＮＯＶＡ	976	1000	966	990	14
4656	サン・ライフ	3290	3290	3280	3290	0.6
4657	環境管理	1010	1010	1010	1010	1
4658	日本空調	0	0	0	0	0
4659	エイジス	2190	2190	2100	2100	3
4660	ニッポン放送	15100	15200	14200	15000	104
4661	ＯＬＣ	9010	9200	9010	9100	51.5
4662	フォーカス	3270	3280	3200	3280	85
4663	ＡＴＬ	2000000	2100000	1850000	1850000	0.037
4664	ＲＳＣ	481	481	451	451	4
4666	パーク２４	8800	8980	8700	8900	19.6
4667	アイサンテク	0	0	0	0	0
4668	明光ネット	300	300	300	300	13
4669	ニッパンＲ	0	0	0	0	0
4670	セタ	805	805	805	805	3
4671	ファルコバ	3040	3060	2900	2900	134
4672	ベルックス	0	0	0	0	0
4673	川崎地質	502	502	502	502	1
4674	クレスコ	9800	9900	9800	9900	14.5
4675	エヌエス環境	0	0	0	0	0
4676	フジテレビ	1750000	1890000	1750000	1890000	6.181
4677	デザイ	850	851	850	850	8
4678	秀英	1430	1430	1390	1390	4
4679	田谷	2140	2200	2095	2120	30
4680	ラウンドワン	1150000	1150000	1120000	1120000	0.318
4681	リゾートトラ	2760	2760	2630	2680	64.5
4682	電通テック	11600	11600	11100	11400	16.5
4683	堀内カラー	608	610	608	610	2
4684	オービック	63900	63900	62500	62900	30.8
4685	菱友システム	0	0	0	0	0
4686	ジャスト	8010	8750	8010	8750	61.7
4687	ＴＤＣソフト	5500	5600	5250	5250	5.1
4688	日本ドレーク	31000	31000	30700	30700	4.5
4689	ヤフー	111000000	111000000	111000000	111000000	0.014
4690	日パレット	280	280	280	280	3
4692	アルゴ２１	5900	5900	5480	5700	38.7
4694	ＢＭＬ	4510	4550	4410	4550	12
4695	マイスター	0	0	0	0	0
4696	ワタベ	1300	1350	1300	1300	27
4697	ゼロ	6650000	6800000	6150000	6250000	0.113
4699	ウチダエスコ	0	0	0	0	0
4700	アクセス	14410000	14410000	14100000	14100000	0.015
4701	プレック研	840	845	840	845	2
4702	55ステーション	810	815	810	815	3
4703	住商オート	1290	1320	1280	1300	80
4704	トレンド	22000	22300	20900	21400	200
4705	クリップ	290	292	287	287	10
4706	富士通サポート	44850	45200	42050	42500	42.6
4707	キタック	0	0	0	0	0
4708	もしもしＨＬ	16500	16900	16200	16900	25.2
4709	ＩＤ	1700	1700	1680	1680	19
4710	ウィン	514	518	514	518	7
4711	コミュニティ	1300	1340	1300	1340	6.4
4712	アドアーズ	600	630	589	620	33
4713	日信電サ	1580	1580	1580	1580	1
4714	リソー教育	258000	260000	251000	254000	0.039
4715	クリエイティブ	520	520	480	480	6
4716	日本オラクル	54000	58500	51000	56500	163.2
4717	ソデッソジャパン	5010	5200	5010	5100	14
4718	早稲アカ	510	520	510	520	2
4719	アルファシス	20000	21000	20000	20500	9.3
4720	城南進研	780	785	770	775	11
4721	フジスタッフ	7200	7500	7200	7200	18
4722	フューチャー	24500000	25500000	24300000	25500000	0.043
4723	グッドウィル	4950000	4960000	4600000	4750000	0.177
4724	シチエ	1160	1230	1160	1220	49
4725	ＣＡＣ	3730	3730	3640	3650	15
4726	ソフトバンテク	182000	187000	180000	180000	3
4727	アジアＳ総研	8910	8910	8500	8500	6
4728	トーセ	18000	18100	17400	17400	25.1
4729	コナミスタジオ	8680000	8680000	7800000	8300000	0.036
4730	関西メンテ	1060	1070	1050	1050	8
4731	ユニバホーム	2640000	2880000	2600000	2880000	0.01
4732	ＵＳＳ	7000	7050	6510	6510	31
4733	ＯＢＣ	46900	49900	46000	49900	62.5
4734	ビーイング	4010	4030	3900	4000	23
4735	京進	410	410	410	410	2
4736	日本ラッド	3040	3050	3040	3050	7
4737	シダックス	2340	2400	2300	2350	37
4738	日立ビジネス	3330	3330	3250	3300	29
4739	ＣＴＣ	72500	74400	71900	74300	309.6
4740	ニューディル	9610000	10210000	9500000	10210000	0.102
4741	ＩＲＩ	0	0	0	0	0
4901	富士写	4350	4500	4340	4460	2132
4902	コニカＨＤ	462	470	461	467	778
4911	資生堂	1430	1440	1401	1409	1259
4912	ライオン	410	414	410	411	150
4913	サンスター	385	385	385	385	7
4914	高砂香	435	435	431	431	81
4915	エイボンＪ	302	305	271	271	46
4916	ノエビア	1040	1040	1040	1040	1
4917	マンダム	2510	2510	2430	2460	35
4918	アイビー	0	0	0	0	0
4919	ミルボン	7990	8300	7000	7000	45
4920	日本色材	550	550	550	550	1
4921	ファンケル	30000	30000	28950	29500	30.1
4922	コーセー	3660	3700	3550	3560	52
4951	エステー化	620	620	595	595	22
4953	タイホー工業	370	370	370	370	6
4954	マークテック	0	0	0	0	0
4955	アグロカネシ	720	725	720	725	12
4956	コニシ	1140	1140	1115	1130	12.7
4957	ヤスハラケミ	809	809	809	809	7
4958	長谷川香料	1920	2000	1920	1970	3.6
4959	シーシーアイ	880	880	879	879	4
4960	ケミプロ	539	539	539	539	10
4961	日油技研	852	852	850	850	6
4963	星光ＰＭＣ	567	567	567	567	1
4964	星光化学工業	0	0	0	0	0
4965	曽田香料	0	0	0	0	0
4966	上村工	2155	2300	2155	2240	45
4967	小林製薬	9750	9890	9700	9700	46
4968	荒川化工	1000	1000	960	1000	15
4987	寺岡製	725	725	720	720	5
4989	イハラケミ	220	225	220	220	60
4990	昭和化	296	296	295	296	7
4992	北興化	373	378	370	372	50
4996	クミアイ化	200	202	197	197	55
4997	日農薬	233	240	228	228	32
4998	フマキラ	196	210	196	205	46
4999	セメダイン	245	245	245	245	1
5001	新日本石油	461	475	461	467	1164
5002	昭和シェル	411	424	411	418	298
5005	東  燃	613	630	613	615	305
5006	興亜石油	283	287	282	283	70
5007	コスモ石	150	150	147	147	590
5008	東亜石	118	120	118	118	114
5009	富士興	77	79	76	76	32
5010	日精蝋	0	0	0	0	0
5011	ニチレキ	465	471	465	470	8
5012	東燃ゼネ石	202	203	200	200	538
5013	ユシロ	422	424	421	424	10
5014	ジャパンエナジー	96	97	95	96	1125
5015	ＢＰカスト	799	799	799	799	1
5101	浜ゴム	242	242	229	238	755
5102	大機エンジ	0	0	0	0	0
5103	昭ゴム	89	89	89	89	2
5104	日東化工	91	91	88	88	14
5105	洋ゴム	132	135	132	133	262
5106	オーツタイヤ	170	170	162	162	8
5108	ブリヂストン	2470	2600	2450	2550	4476
5110	住友ゴ	551	555	538	538	180
5121	藤ゴム	180	186	180	181	46
5122	オカモト	256	259	255	255	52
5123	ミサワ東洋	150	150	150	150	6
5142	アキレス	161	165	161	161	49
5143	世界長	100	102	100	101	22
5162	朝日ラバー	620	650	620	649	15
5184	ニチリン	0	0	0	0	0
5185	フコク	650	650	650	650	3
5186	ニッタ	726	780	725	780	45.2
5187	クリエート	876	876	820	820	9
5188	帝都ゴム	0	0	0	0	0
5189	桜ゴム	181	186	181	186	2
5191	東海ゴ	860	869	860	864	10
5192	三星ベ	265	266	265	265	26
5193	平成ポリマー	109	109	102	102	2
5194	相模ゴ	944	950	930	941	19
5195	バンドー	213	216	211	211	59
5196	鬼ゴム	86	86	85	85	17
5199	不二ラテ	0	0	0	0	0
5201	旭硝子	920	952	920	950	1964
5202	板硝子	1000	1017	965	980	6014
5204	石塚硝	190	190	188	188	7
5205	日本無機	301	308	301	308	9
5208	有沢製	2275	2275	2100	2100	28
5210	日山村硝	206	206	192	193	141
5212	不二硝	0	0	0	0	0
5213	芝セラミ	385	390	383	385	413
5214	日電硝	1146	1174	1134	1140	884
5215	旭テクノグラス	463	463	460	460	3
5216	倉元	1840	1850	1820	1820	12.4
5217	テクノクオツ	3010	3010	2980	3000	19
5232	住友大阪	136	137	135	137	416
5233	太平洋セメ	199	200	196	196	731
5234	デイ・シイ	152	152	143	144	32
5237	ノザワ	100	100	100	100	21
5261	ミサワリゾ	239	240	238	239	12
5262	日ヒューム	226	230	221	229	18
5266	テイヒュー	0	0	0	0	0
5267	ハネックス	115	115	115	115	10
5268	旭コン	335	335	335	335	5
5269	日コン	110	111	106	106	53
5271	トヨアサノ	135	135	135	135	5
5272	浅野スレ	76	76	76	76	9
5273	三谷セキ	0	0	0	0	0
5274	ゼニパイプ	190	190	190	190	4
5276	石建工	511	511	510	510	5
5277	スパンクリト	375	375	375	375	1
5278	エバタ	0	0	0	0	0
5279	日本興業	283	283	283	283	1
5280	ヨシコン	608	608	608	608	1
5281	旭ダンケ	0	0	0	0	0
5282	ジオスター	0	0	0	0	0
5283	高見沢	390	405	390	405	2
5284	ヤマウ	0	0	0	0	0
5285	ヤマックス	0	0	0	0	0
5286	武井工業	0	0	0	0	0
5287	イトヨーギョ	1300	1350	1300	1350	6
5301	東海カ	181	186	180	186	484
5302	カーボン	114	118	113	114	106
5304	エスイ−シ−	0	0	0	0	0
5331	ノリタケ	374	390	373	378	175
5332	ＴＯＴＯ	605	609	603	603	428
5333	ガイシ	778	792	772	775	561
5334	特殊陶	1130	1150	1123	1126	619
5336	INAX	651	662	630	662	289
5337	ダントー	340	345	340	340	88
5338	大トー	280	281	280	281	2
5341	アサヒ陶	140	140	140	140	9
5342	ジャニス	0	0	0	0	0
5343	ニッコー	330	330	330	330	6
5344	ＭＡＲＵＷＡ	2360	2420	2305	2340	11.1
5351	白煉瓦	257	261	251	253	138
5352	黒崎	172	175	170	175	36
5355	ルツボ	100	103	100	103	5
5356	美濃窯	0	0	0	0	0
5357	ヨータイ	172	173	171	171	28
5358	イソライト	191	200	185	200	4
5359	ハリマセ	108	109	108	108	5
5361	東海熱	355	355	350	350	5
5362	九州耐	170	170	170	170	1
5363	ＴＹＫ	205	205	200	200	25
5367	ニッカトー	710	710	700	710	12
5382	中央商事	0	0	0	0	0
5383	三共理化	0	0	0	0	0
5384	フジミインコ	4400	4400	4000	4390	8.7
5386	鶴弥	680	680	680	680	2
5387	チヨダウーテ	0	0	0	0	0
5388	クニミネ	0	0	0	0	0
5389	日レヂボン	0	0	0	0	0
5390	宇部マテリア	169	169	165	165	17
5391	Ａ＆ＡＭ	125	125	115	115	12
5393	ニチアス	170	171	163	166	256
5395	コランダム	0	0	0	0	0
5397	ＭＩＥテクノ	120	120	120	120	5
5398	日研紙	0	0	0	0	0
5401	新日鉄	270	271	267	269	11725
5403	川崎製鉄	201	203	195	197	4781
5404	日本鋼管	70	73	70	70	13501
5405	住金	80	81	79	79	7635
5406	神戸鋼	76	77	75	75	1389
5407	日新鋼	131	131	127	128	929
5408	中山鋼	149	149	146	146	43
5410	合同鉄	115	119	114	117	177
5423	東京製鉄	379	381	371	371	118.2
5443	東洋製鋼	53	53	53	53	4
5444	大和工	511	511	492	492	18
5445	東京鉄	88	88	85	85	18
5448	東京鋼鉄	0	0	0	0	0
5449	大阪製鉄	500	500	478	478	14.4
5451	淀川鋼	300	300	290	292	395
5453	洋鋼鈑	411	418	411	411	56
5454	日鉄鋼板	217	219	211	215	42
5457	住友鋼管	331	345	320	334	212
5458	高砂鉄	116	128	116	128	4
5461	中部鋼	154	155	153	154	37
5462	日鉄鋼管	0	0	0	0	0
5463	丸一管	1173	1230	1173	1174	70
5464	モリ工	238	240	238	240	12
5471	大同特鋼	159	160	154	159	468
5476	高周波	85	88	84	85	86
5479	日金工	103	107	103	105	233
5480	冶金工	95	110	95	107	4745
5481	山陽鋼	147	151	140	140	157
5482	愛知鋼	270	272	270	270	79
5484	東北鋼	570	570	570	570	2
5486	日立金	609	659	605	650	3698
5491	日金属	118	120	118	118	29
5541	大平金	168	174	167	174	365
5542	報国鉄	0	0	0	0	0
5562	日本重化学	166	167	165	166	339
5563	日本電工	135	140	135	136	139
5566	中央電	171	180	171	180	6
5602	栗本鉄	264	273	262	270	104
5603	虹技	164	164	163	163	5
5605	自動鋳	86	86	85	85	4
5606	旭テック	152	152	150	151	39
5607	中可鍛	0	0	0	0	0
5608	川口金	260	260	260	260	1
5609	日鋳造	110	110	100	105	19
5610	大和重	0	0	0	0	0
5612	鋳鉄管	202	202	201	201	7
5613	日本カタン	0	0	0	0	0
5631	日製鋼	112	114	112	112	307
5632	菱製鋼	82	84	82	82	91
5633	関東特殊製鋼	86	86	83	83	40
5641	ＴＤＦ	143	150	143	150	11
5642	日本鍛工	62	62	62	62	5
5644	メタルアート	0	0	0	0	0
5645	イチタン	0	0	0	0	0
5657	鈴木金	149	149	148	148	2
5658	日亜鋼	450	450	432	432	35
5659	日精線	205	205	203	204	34
5660	神鋼線	92	92	85	86	15
5691	東京シヤリング	0	0	0	0	0
5694	大和綱帯	0	0	0	0	0
5695	パウダテック	438	440	438	440	3
5696	川鉄鋼板	109	109	109	109	5
5697	サンユウ	0	0	0	0	0
5701	日軽金	88	88	83	85	2878
5702	大紀ア	187	187	182	182	24
5706	三井金	574	599	560	565	1787
5707	東邦鉛	235	240	223	225	1487
5711	三菱マ	262	267	255	264	3372
5713	住友鉱	270	274	261	271	928
5714	同和鉱	190	193	184	188	555
5715	古河機金	139	139	135	136	351
5716	日鉱金属	746	751	742	748	407
5721	Ｓサイエンス	250	268	250	265	601
5727	邦チタ	555	555	520	530	40
5728	アライドマテリアル	1150	1300	1150	1300	253
5729	日精鉱	186	190	186	190	5
5734	昭和アルミ	151	156	148	148	88
5738	住軽金	82	85	78	80	378
5739	日製箔	0	0	0	0	0
5740	九州不二サッシ	0	0	0	0	0
5753	日伸銅	0	0	0	0	0
5756	東海アルミ箔	57	57	55	57	64
5757	サンエツ	0	0	0	0	0
5771	菱伸銅	175	182	171	180	52
5781	東邦金	151	152	150	150	14
5801	古河電	1610	1625	1590	1605	2246
5802	住友電	1495	1515	1492	1515	3137
5803	フジクラ	500	507	495	498	1096
5804	菱線工	128	131	128	128	141
5805	昭電線	148	152	147	148	168
5807	東特線	200	215	199	215	28
5808	理研線	242	242	242	242	3
5809	タツタ	148	152	147	148	164
5810	第一電工	81	83	80	80	15
5811	トヨ電線	0	0	0	0	0
5812	日立線	660	718	660	702	3311
5813	花島電線	160	160	160	160	1
5814	京三電線	140	140	140	140	16
5815	沖電線	199	199	192	195	26
5816	オーナンバ	191	191	191	191	2
5817	日電線	0	0	0	0	0
5818	東日京三電線	270	275	270	270	13
5819	カナレ電気	1450	1450	1400	1400	4.5
5820	三ッ星	250	250	250	250	5
5851	リョービ	128	130	125	125	166
5852	アーレスティ	226	226	211	211	5
5853	京都ダイカスト	158	158	156	156	9
5854	東京理化工	113	122	113	122	7
5855	アサヒプリテ	3550000	3550000	3400000	3500000	0.019
5900	ダイケン	470	470	470	470	2
5901	洋カン	1626	1639	1601	1620	305
5902	北カン	220	220	215	216	45
5903	シンポ	620	635	620	635	11
5904	アルコアシステム	519	520	519	520	5
5905	日カン	210	210	210	210	9
5906	エムケー精工	0	0	0	0	0
5907	ＪＦＥコンテ	0	0	0	0	0
5908	日鉄ドラム	300	310	300	310	2
5910	立山アルミ	0	0	0	0	0
5911	横河ブ	304	309	300	300	44
5912	日本橋	131	131	131	131	1
5913	松尾橋	201	201	198	198	12
5914	宮地鐵工所	193	196	190	190	40
5915	駒井鉄	356	358	355	355	66
5916	ハルテック	206	207	201	202	45
5917	サクラダ	87	90	87	87	14
5918	滝上工	390	390	390	390	3
5919	日鉄塔	280	280	277	277	6
5920	鈴木シャ	175	175	175	175	18
5921	川岸工	254	255	245	255	34
5922	那須鉄	190	190	190	190	2
5923	高田機	447	450	447	447	8
5924	新日軽	81	82	81	81	18
5925	酒井鉄工所	0	0	0	0	0
5926	安治川鉄工	130	130	118	118	9
5927	ホリー	0	0	0	0	0
5928	アルメタクス	251	251	250	250	2.5
5929	三和シャタ	362	368	360	360	86
5930	文化シヤタ	225	227	224	224	66
5931	川田工	226	226	221	221	18
5932	三協アルミ	100	100	97	98	218
5933	アルインコ	199	199	199	199	2
5934	日本ア	72	72	70	70	6
5935	元旦	0	0	0	0	0
5936	洋シヤタ	123	123	112	113	488
5937	洋エクス	860	860	830	831	34
5938	住生活Ｇ	1900	1910	1812	1847	721
5939	大谷工業	0	0	0	0	0
5940	不二サッシ	161	161	155	155	4.8
5941	中西製	0	0	0	0	0
5942	フイルコン	325	325	325	325	1
5943	ノーリツ	1092	1110	1080	1081	105
5944	日立粉末	688	688	675	675	26
5945	天竜製鋸	1300	1300	1300	1300	5
5946	長府製	1435	1450	1420	1420	26.6
5947	リンナイ	2035	2035	1995	2005	91.2
5949	ユニプレス	232	240	232	237	10
5950	パワーファス	140	140	140	140	1
5951	ダイニチ工業	287	288	280	288	8.6
5952	アマテイ	0	0	0	0	0
5954	トープラ	130	130	130	130	6
5955	ヤマシナ	317	340	310	336	903
5956	トーソー	310	310	310	310	5
5957	日東精	155	160	155	160	7
5958	三洋工	144	150	141	146	48
5959	岡部	314	314	301	304	3
5961	トーカロ	555	555	555	555	1
5962	浅香工	0	0	0	0	0
5963	日立ツール	385	385	385	385	4
5964	洋刃物	105	105	105	105	10
5965	フジマック	0	0	0	0	0
5966	ＫＴＣ	280	295	280	295	4
5967	前田金	0	0	0	0	0
5969	ロブテックス	0	0	0	0	0
5970	菊池プレス	0	0	0	0	0
5971	共和工業	0	0	0	0	0
5972	日本建鐵	329	330	320	320	12.5
5973	トーアミ	551	552	551	551	8
5974	中国工	166	169	166	168	25
5975	東プレ	340	341	340	341	5
5976	ネツレン	267	271	266	266	16
5977	コマツ電子	1000	1000	862	920	88.1
5979	カネソウ	0	0	0	0	0
5980	田中亜鉛	0	0	0	0	0
5981	東京綱	127	131	127	128	122
5982	マルゼン	378	380	378	380	13
5983	イワブチ	0	0	0	0	0
5984	兼房	0	0	0	0	0
5985	サンコール	450	459	440	449	71
5986	モリテック	247	255	241	245	13
5987	オーネックス	290	320	290	320	5
5988	パイオラクス	810	820	810	810	8
5989	ヒラタ	400	400	400	400	4
5990	スーパツール	113	116	110	116	12
5991	ニッパツ	440	444	433	436	636
5992	中央発條	345	345	340	340	9
5993	知多鋼	0	0	0	0	0
5994	ファインＳ	280	280	280	280	1
5995	科学冶金	0	0	0	0	0
5996	新立川	0	0	0	0	0
5997	協立エアテク	761	761	700	700	24.4
5998	アドバネクス	203	205	200	203	15
5999	イハラサイエ	196	196	196	196	7
6005	三浦工	1318	1330	1280	1282	93.6
6011	新潟鉄工所	106	108	105	105	1054
6013	タクマ	807	814	805	805	134
6016	神発動	0	0	0	0	0
6018	阪神燃	105	105	105	105	1
6020	神鋼造機	111	111	111	111	2
6021	ロビン	0	0	0	0	0
6022	赤阪鉄	102	102	102	102	4
6023	ダイハツデ	168	168	165	165	8
6041	ボッシュ	200	200	192	192	92
6042	ニッキ	176	176	172	172	3
6101	ツガミ	409	434	406	410	6065
6102	池貝	140	144	138	138	71
6103	オークマ	363	363	346	350	400
6104	東芝機	181	181	173	174	187
6106	日立精機	152	154	150	151	48
6107	アマダマシ	216	216	210	210	94
6108	アマダワシノ	100	102	100	101	100
6111	旭精機	0	0	0	0	0
6112	小島鉄	160	161	160	161	9
6113	アマダ	763	801	733	790	973
6114	住倉工業	320	320	290	300	67
6118	アイダ	430	432	400	400	140
6119	ゼィープラス	265	265	265	265	1
6121	滝澤鉄	86	90	86	90	8
6122	若山精密	253	253	253	253	1
6125	岡本工	130	134	125	127	16
6126	大ダイヤ	175	175	170	170	13
6130	日平トヤマ	185	190	183	186	11
6131	浜井産	115	115	103	105	25
6134	富機製	8150	8150	7950	8020	144.6
6135	牧野フ	858	862	852	862	139
6136	ＯＳＧ	407	410	398	399	98
6137	小池工	140	140	140	140	6
6138	ダイジェト	127	127	127	127	11
6139	東芝タンガロイ	232	234	230	230	73
6140	旭ダイヤ	585	585	565	570	70
6141	森精機	1609	1609	1522	1570	283
6142	富士精	266	266	266	266	3
6143	ソディック	749	749	715	715	199
6144	西部電機	0	0	0	0	0
6145	日特エンジ	1300	1300	1150	1170	299
6146	ディスコ	28700	28700	26600	27200	55.2
6147	ヤマザキ	1050	1050	1050	1050	2
6148	UHT	1950	1950	1900	1920	6
6149	小田原エンジ	735	735	735	735	4.5
6150	タケダ機械	0	0	0	0	0
6151	日東工器	1850	1910	1850	1884	21.8
6201	豊田織	2130	2180	2130	2150	179
6203	豊和工	126	127	125	125	41
6204	キリウ	220	220	220	220	1
6205	ＯＫＫ	115	115	112	113	16
6206	豊田工	872	889	844	873	380
6208	石川製	118	120	115	116	74
6210	東洋機械	640	641	640	640	9
6211	倉敷機	75	75	74	74	5
6212	帝人製機	201	201	200	200	21
6213	ＯＭ製	0	0	0	0	0
6214	大隈豊和機械	162	162	160	160	20
6216	寿工業	0	0	0	0	0
6217	津田駒	140	141	140	141	6
6218	エンシュウ	136	140	135	135	16
6221	大東製機	380	380	380	380	2
6222	島精機	2155	2240	2130	2130	35
6242	スピンドル	175	175	171	171	44
6245	ヒラノテク	268	268	268	268	2
6246	井上金	150	150	148	148	5
6247	日阪製	470	474	457	473	8
6271	ニッセイ	850	850	842	842	5
6272	レオン	380	389	378	380	20
6273	ＳＭＣ	22800	22800	20630	21880	93.9
6274	新川	3750	3820	3710	3790	146
6275	イセキ開発工	120	130	120	130	14
6276	ナビタス	845	850	845	850	6
6277	ホソミクロン	588	593	582	582	11
6278	ユニオンツル	16400	16410	15200	15220	52
6279	瑞光	1800	1800	1760	1760	11.8
6280	名機製	2510	2510	2260	2260	36
6281	前田製作	0	0	0	0	0
6282	オイレス	1831	1870	1800	1825	70.7
6283	オリイメック	0	0	0	0	0
6284	ＡＳＢ機械	605	605	580	580	4
6286	静甲	0	0	0	0	0
6287	サトー	2875	2915	2800	2840	22.1
6288	ハマダ印刷機	200	200	200	200	3
6289	技研製	415	415	415	415	4
6290	ＳＥＳ	1920	1980	1920	1950	332
6291	エアーテック	569	569	555	555	4
6292	カワタ	1210	1210	1210	1210	11
6293	日精樹脂	1319	1320	1280	1300	36
6294	オカアイヨン	0	0	0	0	0
6295	富士変速	0	0	0	0	0
6296	ロキテクノ	870	950	865	950	21
6297	鉱研工業	320	354	320	350	1.9
6298	ワイエイシイ	2180	2440	2140	2350	249
6299	神鋼環境Ｓ	290	290	290	290	1
6300	アピクヤマダ	946	956	901	901	18
6301	コマツ	511	511	493	500	2160
6302	住友機	291	297	290	290	1376
6303	ササクラ	435	435	435	435	2
6304	マキ製作所	0	0	0	0	0
6305	日立建機	531	531	520	530	119
6306	日工	248	249	229	236	32
6307	サンセイ	120	120	120	120	2
6309	巴工業	0	0	0	0	0
6310	井関農	96	96	95	95	220
6311	セイレイ工業	400	405	390	390	67
6312	フロイント	950	950	950	950	5
6313	共立	136	139	136	139	10
6314	石井工研	1040	1040	950	950	1.6
6315	ＴＯＷＡ	3500	3600	3460	3530	105.1
6316	丸山製	160	169	159	169	27
6317	北川鉄	139	142	136	137	93
6319	シンニッタン	225	230	225	230	51
6320	新ダイワ	0	0	0	0	0
6321	石搬機	380	380	380	380	1
6322	タクミナ	0	0	0	0	0
6323	ローツェ	2190	2190	1990	2030	8
6324	ハーモニック	2400000	2400000	2230000	2240000	0.013
6325	タカキタ	203	203	203	203	1
6326	クボタ	396	407	395	399	1854
6327	北川精機	370	370	370	370	1
6328	荏原実業	1570	1590	1560	1580	11
6329	ＨＥＣ	610	620	603	603	8
6330	東洋エンジ	117	120	115	118	332
6331	化工機	217	219	209	209	233
6332	月島機	778	788	758	758	27
6333	帝国電	0	0	0	0	0
6334	明治機	245	250	240	250	27
6335	東京機	443	449	431	436	184
6339	新東工	237	244	237	240	72
6340	渋谷工	910	910	907	907	3
6341	日立造船富岡	160	160	160	160	1
6342	太平製	99	99	99	99	1
6343	フリージア	84	89	81	89	11
6345	アイチコーポ	205	206	195	206	17.2
6346	菊川鉄	197	200	197	200	7
6347	プラコー	122	122	122	122	3
6348	日本マリンテクノ	580	580	580	580	4
6349	小森	1921	1921	1885	1885	112
6350	新日本造機	170	170	170	170	1
6351	鶴見製	525	529	520	520	13
6352	トヨコケン	0	0	0	0	0
6354	日立機電	326	326	326	326	4
6355	住友精	340	340	320	320	71
6356	日ギア	181	185	181	185	3
6357	三精輸	338	338	332	333	34
6358	酒井重	215	215	213	213	36
6359	粟村製作所	134	134	134	134	2
6360	東自機	406	406	406	406	2
6361	荏原	1290	1309	1289	1295	319
6362	石井鉄	194	194	193	193	3
6363	酉島	455	455	442	445	13
6365	電業社	5560	5560	5500	5500	0.9
6366	千代建	161	165	160	161	281
6367	ダイキン	1475	1515	1475	1505	309
6368	オルガノ	394	399	378	397	181
6369	トヨカネツ	111	112	110	110	138
6370	栗田工	2080	2180	2080	2180	387
6371	椿本チ	400	410	399	403	194
6372	セイサ	111	111	111	111	3
6373	大同工	168	170	168	170	13
6374	ＴＣＭ	159	160	159	159	36
6375	コンベヤ	99	101	99	99	115
6376	日機装	553	565	553	560	85
6377	甲陽建設	510	510	475	500	229
6378	木村化	151	151	151	151	6
6379	新興プラン	115	115	115	115	9
6380	オリチェン	110	110	108	108	21
6381	アネスト岩田	140	142	140	142	6
6382	トリニ工	250	260	250	260	9
6383	ダイフク	872	912	865	912	3125
6386	扶桑レクセ	1450	1490	1379	1390	18
6388	ミサワバン	140	141	140	141	31
6389	内田油圧	80	80	80	80	34
6390	加藤製	152	160	152	160	91
6391	加地テック	191	191	191	191	1
6392	ヤマダコーポ	185	195	180	195	34
6393	油研工	125	125	120	125	12
6394	大江工業	148	173	148	173	3
6395	タダノ	195	200	195	196	126
6396	宇野鉄	135	135	135	135	2
6397	郷鉄工	140	140	140	140	4
6398	日本電産シンポ	0	0	0	0	0
6403	水道機	335	335	332	332	3
6406	フジテック	1151	1151	1120	1120	21
6407	シーケーディ	550	550	525	525	597
6408	クラッチ	1000	1000	980	980	16
6409	キトー	384	384	384	384	2
6411	中野冷	0	0	0	0	0
6412	平和	2140	2350	2140	2340	857.3
6413	理想科学	3710	3980	3710	3970	19.4
6414	川重冷熱	0	0	0	0	0
6415	ニスカ	0	0	0	0	0
6416	桂川電機	0	0	0	0	0
6417	ＳＡＮＫＹＯ	7140	7200	7060	7060	140.4
6418	日金銭	2265	2340	2210	2210	49
6419	マース	3610	3610	3450	3500	26.1
6420	福島工業	721	721	721	721	0.5
6421	キヤノンＦ	730	730	720	720	3
6422	キヤノン化成	890	891	880	890	32
6423	アビリット	6810	6810	6600	6790	70.6
6424	高見サイ	0	0	0	0	0
6425	アルゼ	8110	8110	7800	7930	35.9
6426	サミー	4600	4700	4520	4530	20.2
6431	キャノンＮＴＣ	266	266	266	266	4
6436	アマノ	780	791	760	760	207
6437	三条機	163	165	163	165	6
6439	中日鋳	130	130	121	121	11
6440	ＪＵＫＩ	175	177	175	175	60
6442	コピア	280	280	271	271	13
6443	東洋製	0	0	0	0	0
6444	サンデン	567	580	561	562	266
6445	蛇の目	100	101	98	99	85
6448	ブラザー	269	269	260	264	109
6453	シルバ精	235	237	215	225	1205
6454	マックス	916	916	908	908	52
6455	モリタ	320	320	311	311	26
6457	グローリー	1760	1800	1760	1800	23
6458	新晃工	148	148	141	141	4
6459	大和冷	310	315	310	313	20
6461	日ピス	139	141	135	139	198
6462	リケン	231	232	230	230	35
6463	ＴＰＲ	241	241	240	240	5
6468	駿河精機	1650	1650	1610	1650	15
6469	放電精密	800	800	790	790	10
6470	大豊工業	1055	1055	1055	1055	6
6471	日精工	780	790	752	752	1446
6472	ＮＴＮ	282	283	275	276	750
6473	光洋精	856	894	853	856	419
6474	不二越	148	148	143	143	182
6475	天辻	0	0	0	0	0
6476	富士テクニカ	625	630	625	630	2
6477	ツバキ・ナカ	1270	1270	1265	1265	25
6478	ダイベア	210	210	206	206	9
6479	ミネベア	1505	1525	1444	1446	1272
6480	トムソン	1050	1160	1050	1150	715
6481	ＴＨＫ	5440	5450	5130	5200	273.3
6482	ユーシン精機	11700	11700	10810	11000	23.2
6483	川重防災	0	0	0	0	0
6484	ＫＶＫ	269	269	269	269	1
6485	前沢給装	720	720	720	720	2
6486	イーグル工	315	322	315	322	2
6487	積水工機	0	0	0	0	0
6488	ヨシタケ	301	301	301	301	3
6489	前沢工業	1060	1060	1030	1030	62
6490	ピラー	740	825	740	820	148
6491	東亜バル	145	150	145	145	14
6492	岡野バ	161	161	161	161	1
6493	日鍛バ	192	201	192	194	8
6494	ファネス	405	450	405	450	27
6495	宮入バ	101	108	101	108	3
6496	中北製	185	185	176	176	13
6497	ハマイ	0	0	0	0	0
6498	キッツ	170	172	169	170	127
6499	大隈エンジニア	0	0	0	0	0
6501	日立	1589	1610	1586	1600	11477
6502	東芝	826	843	822	842	9403
6503	三菱電	768	800	766	800	21037
6504	富士電機ＨＤ	486	489	476	485	890
6505	東洋電	162	163	160	163	49
6506	安川電	1070	1077	1036	1060	660
6507	神鋼電	181	183	177	178	357
6508	明電舎	156	166	156	157	133
6513	オリジン	1229	1229	1170	1170	152
6516	山洋電	390	398	385	390	60
6517	デンヨー	685	709	685	705	23
6518	三相電機	0	0	0	0	0
6581	日立工	282	290	282	290	85
6583	松下冷機	535	545	530	540	682
6584	三桜工	620	640	619	640	12
6585	サーボ	330	330	315	315	47
6586	マキタ	1190	1190	1110	1123	244
6587	松下精工	387	387	383	383	80
6588	東芝テック	326	360	325	360	785
6590	芝浦	1196	1199	1153	1153	105
6591	西芝電	160	160	157	160	12
6592	マブチ	14900	15090	14830	14900	148.5
6593	ローヤル電	0	0	0	0	0
6594	日電産	23700	24100	22890	23100	111.4
6621	高岳	196	201	193	193	227
6622	ダイヘン	245	249	235	245	588
6623	愛電機	0	0	0	0	0
6624	田淵電	300	300	290	300	7
6641	日新電	206	214	204	205	363
6643	戸上電	153	153	153	153	1
6644	大崎電	469	469	451	459	16
6645	オムロン	3410	3450	3150	3230	2370
6646	エナジーサポ	305	317	305	317	2
6647	森尾電	180	183	180	180	8
6648	かわでん	83	86	83	83	46
6650	春日電	140	140	135	135	19
6651	日東工	605	610	605	605	21
6652	和泉電	1340	1420	1340	1399	249
6654	不二電機	806	806	803	803	7
6655	東洋電機	362	400	362	400	4
6701	ＮＥＣ	2280	2295	2250	2260	3200
6702	富士通	3880	3920	3760	3850	5036
6703	沖電気	643	649	635	645	2214
6704	岩崎通	242	242	232	233	122
6705	ＮＥＣインフ	485	495	480	480	253
6706	電気興	825	825	795	810	250
6707	サンケン	640	671	640	650	518
6708	東洋通	1630	1630	1570	1575	221
6709	明星電	151	151	150	150	4
6710	大興電機製作	165	170	165	167	20
6711	高見澤電機	190	190	190	190	7
6712	田村電機製作	297	305	297	298	52
6714	神田通信工業	256	260	256	258	6
6715	ナカヨ通	349	360	349	359	35
6716	中央無	281	281	281	281	1
6717	富士通アクセ	3520	3580	3450	3470	108.5
6718	アイホン	1400	1400	1369	1369	4.6
6741	信号	526	527	517	519	80
6742	京三	250	250	243	244	72
6743	大同信	209	209	209	209	3
6744	能美防災	401	401	399	399	19
6745	ホーチキ	300	308	300	308	18
6747	小糸工	389	390	373	373	36
6748	星和電	461	461	461	461	4
6749	マスプロ	1330	1340	1266	1290	17.7
6751	日無線	1230	1270	1200	1229	1262
6752	松下	2920	2960	2900	2950	8591
6753	シャープ	1850	1945	1849	1925	9044
6754	アンリツ	864	895	840	875	1393
6755	富士通ゼ	686	700	680	688	256
6756	日立国際	1500	1510	1480	1486	276
6758	ソニー	28140	28250	27960	28100	1894.2
6759	ＮＥＣトーキ	680	710	676	703	939
6761	アイワ	2450	2500	2420	2435	214
6762	ＴＤＫ	10560	10900	10120	10120	948
6763	帝通工	340	340	326	326	96
6764	三洋電	480	485	475	477	2157
6765	ケンウッド	479	479	466	478	541
6766	宮越商	77	80	77	80	18
6767	ミツミ	3460	3500	3440	3440	353
6768	タムラ	430	435	424	425	174
6770	アルプス	1500	1500	1401	1441	2446
6771	池上通	348	351	305	315	678
6772	コスモス	145	145	141	141	14
6773	パイオニア	3260	3300	3110	3130	962
6775	東和メクス	145	148	142	148	61
6776	天昇電	195	195	190	190	2
6779	日電波	2845	2935	2815	2845	136.7
6780	日立電子	600	640	599	611	334
6781	松下通信工業	21600	22100	21500	21600	362
6782	九州松下電器	1262	1315	1260	1300	361
6783	松下寿電子	2070	2130	2015	2050	161
6791	コロムビア	178	180	173	178	41
6792	ビクター	670	700	669	669	617
6793	山水電	30	31	30	30	611
6794	フォスター	787	787	749	778	45
6796	クラリオン	840	840	825	825	1016
6798	ＳＭＫ	875	875	831	831	440
6799	日本マランツ	235	235	235	235	10
6800	ヨコオ	3430	3470	3430	3450	230
6801	東光	551	570	548	559	617
6802	赤井電機	51	52	50	50	1049
6803	ティアック	420	421	400	405	237
6804	ホシデン	5360	5460	5340	5360	159
6805	八木アン	590	700	590	698	17
6806	ヒロセ電	15300	16040	14700	16040	303.9
6807	航空電子	450	470	450	468	329
6808	シントム	77	77	74	75	1561
6809	ＴＯＡ	341	344	338	338	19
6810	マクセル	2595	2640	2590	2620	336
6811	クオンツ	320	370	315	349	156
6812	ジャルコ	440	450	440	447	5
6813	ナカミチ	121	126	120	126	75
6814	古野電	501	515	501	501	9
6815	ユニデン	1040	1061	1030	1049	859
6816	アルパイン	1518	1605	1515	1605	251
6817	スミダコーポ	4150	4200	3900	3900	11.3
6818	島田理	1160	1230	1160	1200	30.8
6819	オメガ・プロ	2190	2350	2130	2240	344
6820	アイコム	1950	2200	1949	2200	232
6821	バーテクスＳ	1200	1230	1200	1230	3
6822	大井電気	385	385	385	385	1
6823	リオン	1330	1330	1330	1330	1
6824	新コスモス	450	450	450	450	4
6826	本多通信	7800	7800	7350	7350	13
6837	京写	2750	2800	2630	2650	78
6838	多摩川電	2540	2540	2350	2350	13
6839	船井電	62500	63000	59500	61500	26.2
6840	アドテック	1250	1250	1210	1210	9
6841	横河電	931	940	915	918	1098
6842	ユニパルス	851	940	850	930	27
6843	東光精機	222	222	222	222	4
6844	新電元	519	527	500	503	234
6845	山武	902	912	867	912	836
6846	中央製	0	0	0	0	0
6847	安藤電気	1590	1590	1520	1530	49
6848	東亜ＤＫＫ	240	251	240	250	3
6849	日本光電	333	342	330	342	200
6850	チノー	229	229	225	226	39
6851	大倉電気	223	227	223	223	13
6852	テクノセブン	229	229	220	220	11
6853	共和電	252	252	249	249	8
6855	電子材料	2900	2900	2850	2860	30
6856	堀場製	909	909	885	890	139
6857	アドバンテスト	25530	25940	24600	25000	191
6858	小野測器	235	242	235	242	15
6859	エスペック	725	745	725	740	46
6860	サンクス	860	880	860	880	7
6861	キーエンス	37000	37200	36700	36700	49.7
6862	ミナトエレ	200	200	200	200	9
6863	ニレコ	550	600	550	600	5
6864	ＮＦ回路	0	0	0	0	0
6866	ＨＩＯＫＩ	720	720	720	720	2
6867	リーダー電子	0	0	0	0	0
6868	東カソード	1190	1190	1110	1150	6.8
6869	シスメックス	2150	2210	2100	2100	19.5
6870	フェンオール	580	590	570	570	4
6871	日本マイクロ	1830	1850	1810	1830	13.2
6872	日本コーリン	17400	17500	16500	17000	24
6873	日立電子Ｅ	1090	1120	1050	1099	172
6874	協立電機	6200	6400	6000	6250	9.7
6875	メガチップス	6600	6600	5800	5800	39
6876	光波	8000	8000	7800	7900	45
6877	ＯＢＡＲＡ	675	675	675	675	2
6878	長野日無	719	730	700	700	29
6879	フォトロン	431	431	431	431	3
6880	シンワ	1690	1690	1630	1630	3
6881	キョウデン	2990	2990	2875	2900	15
6882	三社電機	540	580	540	580	35
6883	電産コ電	1560	1600	1560	1560	14
6884	デジタル	2890	2950	2810	2920	38
6885	ミヤチテクノ	1150	1190	1150	1180	8.9
6886	グラフィック	600	610	600	610	6
6887	日本ＬＳＩカード	600000	600000	575000	575000	0.004
6888	アクモス	1060000	1090000	1000000	1040000	0.083
6889	オーデリック	605	605	600	605	3
6890	フェローテク	1800	1840	1660	1670	64
6891	イーター電機	670	732	670	690	83
6892	シチズン電子	16600	17000	16500	16500	20.6
6893	タイテック	885	990	880	970	145
6894	パルステック	1780	2030	1780	2000	60
6895	ダイヤ電機	0	0	0	0	0
6896	北川工業	1550	1650	1550	1650	41.9
6898	トミタ電機	274	280	274	280	4
6899	ＡＳＴＩ	849	849	845	845	2
6900	東京電波	4280	4280	4110	4110	58
6901	沢藤電	296	298	295	298	9
6902	デンソー	2360	2420	2360	2410	863
6904	原田工業	460	475	460	460	6
6905	コーセル	3000	3000	2950	2950	15.5
6906	キヤ･コンポ	0	0	0	0	0
6907	ジオマテック	1610	1620	1570	1590	19.9
6908	イリソ電子	400	415	400	415	6
6909	北部通信工業	400	400	359	359	8
6910	日立メディコ	1059	1090	1050	1072	62
6911	新日無	1060	1100	1000	1060	216
6912	菊水電子	397	400	383	400	7
6913	メルコ	2800	2800	2700	2800	36.7
6914	オプテックス	1040	1040	1040	1040	1
6915	千代田インテ	1270	1270	1250	1250	6
6916	アイオデータ	3100	3150	2910	2950	56.1
6917	デンセラムダ	4210	4210	4010	4020	19.1
6918	アバール	991	991	970	975	12
6919	ケル	841	841	830	830	10
6920	レーザーテク	2700	2700	2650	2700	6
6921	東光電	305	306	301	301	7
6922	昭和情報	470	500	470	500	11
6923	スタンレー	608	612	592	597	437
6924	岩崎電	197	197	195	197	43
6925	ウシオ電	2035	2040	1950	1970	327
6926	岡谷電	250	258	250	258	9
6928	エノモト	880	980	880	970	39
6929	日セラ	1150	1150	1131	1145	10
6930	日本アンテナ	0	0	0	0	0
6931	日本電池	350	351	340	345	188
6932	ユアサコーポ	272	273	260	260	4
6933	ＹＵＡＳＡ	250	253	247	251	406
6934	新神戸	435	435	426	426	107
6935	日デジタル	1890	2080	1860	2000	324.2
6936	東洋高砂乾	128	130	128	130	4
6937	古河池	205	205	201	205	9
6938	双信電機	600	695	600	695	126
6939	ＵＭＣＪ	1650000	1680000	1510000	1590000	0.886
6940	多摩電気	0	0	0	0	0
6941	山一電機	2800	2800	2650	2700	60
6942	ソフィア	290	290	290	290	8
6943	開閉器	500	500	500	500	2
6944	アイレックス	0	0	0	0	0
6945	ＦＴＥＣ	770	770	750	750	6
6946	日本アビオ	325	325	320	320	4
6947	図研	3300	3360	3260	3260	83.1
6948	住友電装	950	950	922	922	5
6949	キンセキ	1058	1078	1030	1030	132
6950	ＹＥデータ	661	669	646	646	22
6951	日電子	581	589	573	579	29
6952	カシオ	983	1030	981	1015	7746
6953	日ＮＣＲ	538	538	520	530	4
6954	ファナック	11400	11530	11200	11420	495.4
6955	ＦＤＫ	821	830	770	800	399
6956	神明電	1510	1510	1500	1510	24
6957	芝浦電子	290	290	290	290	0.1
6958	日本ＣＭＫ	1280	1280	1243	1250	55
6959	アマダメ	660	665	625	662	68
6960	フクダ電	2000	2000	1900	1920	4
6961	エンプラス	3930	3930	3860	3930	97.2
6962	大真空	461	462	455	455	19
6963	ローム	35200	36000	35200	35600	250.6
6964	サンコー	2300	2380	2300	2380	33
6965	ホトニクス	7500	7620	7300	7360	93.6
6966	三井ハイテク	2040	2080	2025	2030	105.7
6967	新光電工	4650	4700	4610	4610	29.5
6968	グラフテック	198	198	195	196	17
6969	松尾電	363	399	363	389	69
6970	日本コンラックス	605	605	595	600	75
6971	京セラ	18700	19000	18380	18700	902.9
6972	エルナー	275	275	262	262	13
6973	協栄産	342	343	325	325	10
6974	日本インター	291	298	291	297	32
6975	ＮＥＯＭＡＸ	1189	1189	1153	1160	132
6976	太陽電	5670	5670	5480	5600	697
6977	抵抗器	195	195	193	194	3
6979	松尾電機	0	0	0	0	0
6980	日立ＡＩＣ	985	985	965	985	568
6981	村田製	21650	22000	21650	21990	498
6982	リード	110	110	110	110	1
6984	朝日ナショナ	0	0	0	0	0
6985	ユーシン	452	475	452	475	20
6986	双葉電	4900	4900	4820	4850	65.5
6988	日東電	4640	4640	4210	4440	543
6989	北電工	205	205	200	205	254
6991	松電工	1053	1055	1045	1046	439
6992	国産電	231	231	230	230	4
6993	森電機	215	215	195	200	194
6994	指月電	300	303	290	303	59
6995	東海理	939	939	928	928	17
6996	ニチコン	3330	3350	3250	3250	481
6997	日ケミコン	450	460	432	433	481
6998	タングス	340	350	340	340	32
6999	ＫＯＡ	2610	2610	2410	2520	132
7003	三井造	73	74	73	73	525
7004	日立造	80	80	79	79	1238
7007	佐世保	86	88	85	85	47
7011	三菱重	341	342	336	338	3674
7012	川重	137	137	134	136	2416
7013	石川島	128	132	125	127	2831
7014	名村造	156	156	150	150	78
7018	内海造	0	0	0	0	0
7020	サノヤス	279	279	260	261	7
7021	ニッチツ	155	155	155	155	7
7052	信貴造船所	0	0	0	0	0
7102	日車両	224	225	220	220	332
7104	富士車輌	122	133	122	129	37
7105	ニチユ	199	199	182	182	3
7122	近畿車	152	152	150	150	30
7123	東急車輌製造	93	93	91	91	47
7124	輸送機工業	0	0	0	0	0
7142	ナブコ	150	150	140	144	60
7201	日産自	466	472	436	438	7853
7202	いすゞ	262	270	262	265	1068
7203	トヨタ	4700	4700	4620	4620	4245
7204	小松ゼノア	259	264	255	264	30
7205	日野自	355	362	352	355	254
7207	日野車体	93	93	93	93	3
7210	日産ディ	108	108	104	105	172
7211	三菱自	392	399	370	371	514
7212	エフテック	550	550	550	550	1
7219	ＨＫＳ	840	880	820	850	32
7220	武蔵精密	1200	1200	1200	1200	8
7221	トヨ車	753	770	741	770	98
7222	産車体	132	135	132	133	24
7223	関東自	775	780	775	780	4
7224	新明和	195	200	191	191	72
7225	小松フォーク	167	167	163	163	26
7226	極東開発	607	607	585	585	23.8
7227	アスカ	660	660	660	660	1
7228	デイトナ	0	0	0	0	0
7229	ユタカ技研	0	0	0	0	0
7230	日信工業	1410	1410	1410	1410	7
7231	トピー	142	142	140	140	139
7232	トキコ	139	140	138	139	90
7233	自部品	102	102	102	102	3
7234	橋本フォーミング	76	76	76	76	2
7235	東ラヂ	0	0	0	0	0
7236	ティラド	255	255	248	250	34
7237	ボッシュブレーキ	186	186	186	186	2
7238	ブレーキ	190	191	190	190	29
7239	タチエス	500	500	500	500	3
7240	ＮＯＫ	389	400	385	391	75
7241	フタバ	1060	1070	1046	1046	141
7242	カヤバ	181	182	177	178	137
7243	シロキ	235	240	229	229	46
7244	市光工	199	200	191	191	64
7245	大同メ	300	300	300	300	3
7246	プレス工	79	81	79	79	34
7247	ミクニ	155	155	150	150	18
7248	カルソニック	260	261	256	260	230
7249	尾張精	200	202	200	202	2
7250	太平洋工	300	300	297	297	16
7251	ケーヒン	1080	1090	1065	1070	43
7252	富士機	0	0	0	0	0
7253	日本ガスケット	0	0	0	0	0
7254	フジユニ	165	165	165	165	31
7255	桜井製	0	0	0	0	0
7256	河西工	224	224	217	217	29
7257	自転車電機工	230	230	225	225	17
7258	栃木富士産業	206	212	206	210	12
7259	アイシン	1532	1532	1521	1530	337
7260	富士機工	178	180	170	175	47
7261	マツダ	436	472	435	453	8310
7262	ダイハツ	555	556	540	540	144
7263	愛知機	145	148	145	145	90
7264	ＭＵＲＯ	660	660	660	660	1
7265	エイケン工業	1050	1060	1000	1050	72
7266	今仙電機	0	0	0	0	0
7267	ホンダ	3940	4070	3920	4050	4701
7268	タツミ	0	0	0	0	0
7269	スズキ	1643	1660	1595	1598	1585
7270	富士重	754	767	736	750	1284
7271	安永	400	400	400	400	5
7272	ヤマハ発	765	770	758	761	393
7273	イクヨ	176	176	176	176	4
7274	ショーワ	399	405	399	405	132
7275	ユニシア	121	121	114	114	52
7276	小糸製	540	544	538	538	88
7277	ＴＢＫ	107	108	106	108	7
7278	エクセディ	800	800	781	786	23.8
7279	ケーブル	1351	1351	1330	1330	6
7280	ミツバ	560	561	559	559	14
7281	カンセイ	258	258	252	256	34
7282	豊田合	5300	5490	5200	5220	392
7283	愛三工	441	449	440	440	11
7284	盟和産	242	256	242	255	13
7285	池田物産	98	99	98	99	7
7286	イズミ工業	179	179	179	179	4
7287	日精機	1601	1601	1521	1521	93
7288	テクノエイト	223	225	223	223	6
7289	マーレ テネックス	181	181	180	180	4
7290	日発精密工業	0	0	0	0	0
7291	日本プラスト	0	0	0	0	0
7292	村上開明	0	0	0	0	0
7293	大井製作所	250	250	250	250	2
7294	ヨロズ	283	305	283	304	31.1
7295	アイエス製機	368	368	368	368	1
7296	ＦＣＣ	1500	1500	1500	1500	12
7297	カーメイト	900	900	900	900	1.4
7298	八千代工	550	550	545	550	4
7299	フジオーゼ	176	176	176	176	5
7301	宮田	155	160	155	160	32
7305	新家工	118	118	118	118	5
7306	丸石自転車	605	620	600	620	236
7308	ツノダ	0	0	0	0	0
7309	シマノ	2305	2335	2095	2135	332.2
7399	ナンシン	0	0	0	0	0
7404	昭和飛	358	358	350	355	3
7407	日本飛行機	213	215	211	211	27
7408	ジャムコ	500	500	490	490	9
7410	横浜鋼業	0	0	0	0	0
7412	アトム	1670	1679	1670	1679	2
7413	創健社	233	233	233	233	1
7414	小野建	0	0	0	0	0
7415	新星堂	325	325	320	321	10
7416	はるやま	670	670	670	670	0.5
7418	ヤマキ	130	130	130	130	1
7419	ノジマ	1550	1550	1400	1480	9
7420	佐鳥電機	950	1000	950	980	22
7421	カッパクリエ	1810	2090	1800	2090	68
7422	東邦レマック	600	600	600	600	1
7423	フォンテーヌ	1085	1100	1085	1085	5.7
7424	ニコニコ堂	280	280	280	280	2
7425	初穂商事	285	285	285	285	3
7426	山大	0	0	0	0	0
7427	エコーＴＤ	0	0	0	0	0
7428	江戸沢	920	920	920	920	2
7429	セイジョー	2100	2100	2080	2090	3.4
7430	サンワドー	550	550	520	520	2.7
7431	ニューフ	0	0	0	0	0
7432	ダルトン	0	0	0	0	0
7433	伯東	3580	3620	3490	3530	457.4
7434	オータケ	0	0	0	0	0
7435	ナ・デックス	620	640	620	620	15
7437	シーアンドエス	5010	5290	5000	5210	114.5
7438	コンドー	554	554	554	554	1
7439	サンミック千代田	0	0	0	0	0
7440	クラフト	1250	1250	1220	1220	6
7442	中山福	340	340	331	340	6
7443	横浜魚類	0	0	0	0	0
7444	ハリマ共和	0	0	0	0	0
7445	ライトオン	10400	12000	10400	11500	77.4
7446	東北化学	421	421	421	421	1
7447	ナガイレーベ	3600	3600	3400	3400	1
7448	ジンズメイト	3320	3500	3220	3500	20.8
7449	太洋興業	225	225	225	225	1
7450	サンデー	0	0	0	0	0
7451	菱食	5000	5000	4800	4800	12.3
7452	マツヤ	0	0	0	0	0
7453	良品計画	20000	20000	18300	18300	134.6
7454	ホットスパー	280	280	279	279	5
7455	三城	9330	9500	9000	9500	53.4
7456	松田産業	2500	2530	2405	2495	10.5
7457	セキテクノ	430	430	430	430	9
7458	第一興商	2820	2850	2750	2810	48
7459	メディセオＨＤ	825	830	825	825	23.3
7460	ヤギ	0	0	0	0	0
7461	キムラ	0	0	0	0	0
7462	ダイヤ通商	0	0	0	0	0
7463	アドヴァン	4500	4730	4410	4610	255.3
7464	セフテック	339	340	332	340	4
7465	ＭＶ北海道	0	0	0	0	0
7466	ＳＰＫ	1250	1250	1230	1230	1
7467	萩原電気	880	880	880	880	2
7468	アムスク	1150	1150	1100	1100	4
7470	サロモンメイド	415	415	415	415	7
7471	ふじ	670	670	670	670	5
7472	鳥羽洋行	1030	1040	1030	1030	5
7473	静岡スバル	0	0	0	0	0
7475	アルビス	450	460	450	460	7
7476	アズワン	2010	2040	1940	1940	22
7477	ムラキ	165	166	165	166	2
7478	ブルーグラス	688	688	653	653	3
7479	サンマルク	2650	2700	2600	2700	14.5
7480	スズデン	0	0	0	0	0
7481	尾家産	825	825	825	825	1
7482	シモジマ	1400	1430	1400	1420	6
7483	ドウシシャ	2370	2400	2350	2400	7
7485	岡谷鋼機	0	0	0	0	0
7486	サンリン	0	0	0	0	0
7487	小津産業	925	925	925	925	1.5
7488	ヤガミ	0	0	0	0	0
7490	日新商	405	405	405	405	2
7491	ＯＡシステム	1450	1450	1210	1290	41
7492	タイカン	450	450	450	450	2
7494	コナカ	800	800	780	780	2.4
7495	レオ	310	310	310	310	1
7496	八千代ムセン	1810	1810	1780	1780	10
7497	マインマート	749	750	748	750	3.9
7498	ジャパン	2340	2340	2150	2150	9
7500	西川計測	0	0	0	0	0
7501	ティムコ	1250	1400	1250	1400	47.9
7502	プラザクリエ	12500	13000	11800	12600	10.3
7503	ＩＭＩ	1760	1760	1720	1720	2
7504	高速	870	870	860	870	9
7505	扶桑電通	1191	1210	1191	1200	20
7506	ハウスローゼ	955	967	945	945	15.9
7507	浜 勝	1000	1000	1000	1000	1
7508	オートセブ	990	990	990	990	2
7509	アイエー	1000	1000	980	985	9
7510	竹菱電機	1130	1130	1130	1130	1
7511	ジプロ	675	675	675	675	1
7512	ポスフール	1500	1501	1431	1431	12.6
7513	コジマ	3540	3540	3300	3390	232.3
7514	ヒマラヤ	1000	1040	985	1040	6.5
7515	マルヨシ	0	0	0	0	0
7516	コーナン	1754	1754	1680	1700	32.7
7517	黒田電気	4710	4850	4500	4500	72.7
7518	ネットワン	2590000	2640000	2410000	2480000	0.865
7519	五洋インテ	0	0	0	0	0
7520	エコス	1470	1500	1410	1450	3.4
7521	ムサシ	1310	1310	1300	1300	8
7522	ワタミ	7650	7750	7600	7690	40
7523	アールビバン	7120	7300	7110	7250	25.5
7524	マルシェ	1550	1550	1450	1450	7
7527	システムソフ	490	490	490	490	1
7528	安藤薬業公司	585	585	585	585	1
7529	はるやま	0	0	0	0	0
7530	ナブコドア	0	0	0	0	0
7531	清和鋼業	0	0	0	0	0
7532	ドンキホーテ	17800	18050	15650	16000	68.1
7535	グッドマン	4350	4350	4100	4200	15.2
7536	船橋薬品	1180	1190	1180	1180	0.9
7537	丸文	1380	1380	1280	1340	69
7538	大水	480	480	480	480	15
7539	アベルコ	415	425	415	420	10
7540	エルエスフェンス	260	260	250	250	2
7541	メガネトップ	2950	2950	2820	2840	60.1
7542	ビスケーＨＤ	850	850	850	850	1
7543	ミスタージョン	520	520	520	520	1
7544	スリーエフ	1920	1920	1900	1900	6
7545	西松屋チェ	2800	2800	2645	2645	21
7547	オートハローズ	0	0	0	0	0
7548	サンクスＪＰ	2170	2200	2050	2090	77
7549	エス・エス・ブイ	760	760	760	760	2
7550	ゼンショー	3100	3200	2945	2950	163
7551	ウェッズ	0	0	0	0	0
7552	ハピネット	4900	4900	4900	4900	36.3
7553	サザビー	6310	6400	6250	6300	27
7554	幸楽苑	1380	1380	1380	1380	1
7555	大田花き	510	510	502	502	3
7556	住商エレク	2440	2440	2260	2300	27
7557	サンクス	6700	6890	6300	6890	70.7
7558	トーメンエレ	5800	5950	5800	5900	46
7559	ジーエフシー	0	0	0	0	0
7560	ユニマット	2630	2650	2555	2590	10.1
7561	ハークスレイ	3200	3200	3100	3100	23
7562	安楽亭	1290	1290	1220	1220	26
7563	ニッパン	235	235	226	226	17
7564	ワークマン	1810	1810	1810	1810	4
7565	万世電機	565	565	565	565	1
7566	ジャパンケア	0	0	0	0	0
7567	栄電子	460	468	450	450	5
7569	モンテカルロ	330	330	330	330	1
7570	橋本総業	0	0	0	0	0
7571	ヤマノＨＣ	900	900	900	900	1
7573	ツルハ	12300	12800	12000	12500	10.7
7574	共信テクノ	2200	2300	2200	2220	13
7575	日本ライフＬ	1850	1850	1780	1800	20.4
7576	ベターライフ	0	0	0	0	0
7577	パスポート	0	0	0	0	0
7578	ニチリョク	610	620	610	620	4
7579	オリジン東	2100	2150	2000	2120	44
7580	フーズネット	0	0	0	0	0
7581	サイゼリヤ	7300	7700	7250	7500	135.2
7582	富デバイス	4000	4000	3900	3900	37
7583	通商	330	330	330	330	4
7584	丸紅インフォ	0	0	0	0	0
7585	かんなん	0	0	0	0	0
7586	寺島薬局	2500	2510	2500	2510	2
7587	ＰＡＬＴＥＫ	3400	3400	3190	3200	23
7588	シートゥーネット	19600	19800	19500	19600	6.7
7589	デジキューブ	3780000	3960000	3780000	3780000	0.132
7590	タカショー	601	601	601	601	1
7591	エクセル	1840	1870	1770	1860	24
7592	アイ・ユー・ケイ	1120	1120	1100	1100	4
7593	ＶＴＨＤ	1530	1530	1530	1530	3
7594	マルカキカイ	0	0	0	0	0
7595	アルゴグラフ	4220	4250	4070	4100	6.5
7596	魚力	6200	6200	6100	6200	5
7597	東京貴宝	0	0	0	0	0
7598	ナイスクラ	585	585	585	585	1
7599	ガリバー	9400	9400	9120	9300	53
7600	日本ＭＤＭ	4510	4510	4450	4500	16
7601	ポプラ	2440	2450	2400	2400	15
7602	ジャック	26700	26700	25100	26700	81.9
7603	マックハウス	955	955	950	950	6
7604	梅の花	2460000	2460000	2450000	2460000	0.004
7605	フジコーポ	505	505	490	500	43
7606	Ｕアローズ	7570	7600	7300	7600	9
7607	進和	0	0	0	0	0
7608	ＳＫジャパン	675	700	675	680	6
7609	ダイトエレク	3000	3100	3000	3100	4
7610	テイツー	2350000	2350000	2130000	2130000	0.021
7611	ハイデ日高	1180	1200	1180	1200	4
7612	コモンウェル	2800	2810	2700	2740	11
7613	シークス	2400	2400	2400	2400	2
7614	オーエムツー	9300	9300	8900	9000	8.6
7615	京都友禅	900000	900000	880000	890000	0.011
7616	コロワイド	3150	3200	3100	3100	8.5
7617	オオゼキ	6050	6100	6000	6100	4
7618	ＰＣＤＥＰＯ	13000000	13000000	12000000	12380000	0.027
7619	田中商事	430	450	420	450	23
7620	ヤマト硝子	520	590	520	550	90
7621	うかい	1170	1340	1170	1340	31
7622	焼肉サカイ	3280	3300	3150	3200	9
7623	サンオータス	721	721	721	721	1
7624	内藤	950	950	820	820	19
7625	ダイニング	6490	7000	6490	6700	19
7626	ドッドウエル	5550	5590	5300	5300	4
7627	なか卯	1360	1370	1350	1370	12
7628	オーハシテク	900	900	852	852	17
7701	島津	453	473	453	453	1022
7702	ＪＭＳ	458	458	425	433	25
7703	川澄化	1209	1214	1200	1200	49
7704	アロカ	1580	1580	1510	1545	82
7705	ジーエル	1770	1780	1720	1780	5
7706	セントラユニ	700	700	700	700	3
7711	助川電気	220	220	220	220	1
7713	シグマ光機	0	0	0	0	0
7714	モリテックス	6340	6600	6200	6280	112
7715	長野計器	1910	2200	1910	2200	12
7718	スター精	1609	1628	1570	1628	32
7719	東衡機	115	115	110	110	15
7720	ソキア	151	151	147	149	45
7721	トキメック	143	143	137	138	29
7723	愛時計	264	269	264	267	15
7724	金門	138	138	136	136	15
7726	黒田精	285	291	285	291	5
7727	オーバル	138	140	138	138	7
7728	電産トーソク	1340	1340	1280	1300	20
7729	東京精	14200	14300	13610	13990	122
7731	ニコン	4020	4110	3860	4050	1048
7732	トプコン	459	482	452	482	317
7733	オリンパス	1556	1605	1540	1585	2101
7734	理計器	385	385	376	384	12
7735	スクリン	670	685	654	662	926
7736	ユニオンＨＤ	115	120	115	120	8
7737	キャビン工業	190	190	190	190	1
7738	チノン	330	331	330	330	6
7739	キヤノン電	1060	1060	1011	1018	15
7740	タムロン	670	675	670	670	10
7741	ＨＯＹＡ	8480	8480	8000	8020	369
7742	ノリタ光	435	435	435	435	15
7743	シード	0	0	0	0	0
7744	ノーリツ鋼機	3750	3750	3650	3660	15.7
7750	ペンタックス	253	260	250	250	114
7751	キヤノン	4800	4920	4760	4810	3211
7752	リコー	1881	1920	1876	1902	2527
7753	ミノルタ	420	432	417	429	396
7756	電産コパル	2325	2600	2325	2385	482
7757	三協精	1096	1140	1095	1096	401
7758	セコニック	410	410	405	405	8
7762	シチズン	794	805	768	776	824
7764	オリエント時計	150	150	150	150	6
7765	リコーエレメ	870	877	870	871	15
7768	ジェコー	370	370	370	370	2
7769	リズム	268	268	260	260	336
7770	ミヨタ	2880	2970	2810	2870	10
7771	日本精密	300	300	280	280	2
7858	小野産業	1740	1750	1700	1720	13
7859	アルメディオ	1630	1630	1610	1620	11
7860	エイベックス	19500	19900	18600	18800	103.9
7861	東京リスマ	862	880	862	880	6
7862	トッパンフォ	2500	2580	2470	2475	136.3
7864	フジシール	6650	6650	6440	6470	29.5
7865	ピープル	1440	1440	1410	1430	15
7866	アトラス	1450	1540	1450	1520	57.4
7867	トミー	6480	6530	6300	6300	30
7868	広済堂	1180	1180	1140	1159	8.8
7869	日本フォーム	0	0	0	0	0
7870	福島印刷	0	0	0	0	0
7871	フクビ	500	502	500	500	3
7872	エステール	580	580	580	580	1.8
7873	アーク	3600	3600	3200	3360	39
7874	スルガ	7250	7290	7050	7150	13
7875	竹田印刷	0	0	0	0	0
7876	三陽PAX	0	0	0	0	0
7877	永大化工	850	855	845	855	11
7878	光彩工芸	0	0	0	0	0
7879	ノダ	498	498	498	498	0.1
7880	南部化成	0	0	0	0	0
7881	ニッソー	112	112	110	110	12
7882	アロン化成	355	355	350	350	7
7883	サンメッセ	0	0	0	0	0
7884	本間ゴルフ	360	365	350	360	9.9
7885	タカノ	0	0	0	0	0
7886	ヤマト・イン	0	0	0	0	0
7887	南プラ	0	0	0	0	0
7888	三光合成	0	0	0	0	0
7889	桑山	602	602	601	601	0.3
7890	アテナ工業	1270	1270	1270	1270	0.5
7891	日本ユピカ	0	0	0	0	0
7892	宇部日東化成	401	405	400	400	58
7893	亜細亜	1460	1460	1450	1450	16
7895	中央化学	0	0	0	0	0
7896	セブン工業	419	419	419	419	5
7897	ホクシン	185	188	182	183	10.1
7898	ウッドワン	566	566	552	552	59
7899	オザキ軽化	420	420	420	420	1
7900	大出産業	0	0	0	0	0
7901	マツモト	515	515	515	515	1
7902	ソノコム	1040	1080	1030	1080	7
7903	名木材	0	0	0	0	0
7904	天竜木	50	51	50	50	18
7905	大建工	305	305	291	292	94
7906	ヨネックス	400	410	400	410	9
7907	日防腐	0	0	0	0	0
7908	きもと	0	0	0	0	0
7909	シーアイ化	369	370	365	365	30
7910	段谷産業	113	117	112	117	41
7911	凸版	1230	1292	1229	1285	1595
7912	大日印	1850	1890	1831	1875	1301
7913	図書印	239	239	229	229	24
7914	共同印	430	432	430	430	15
7915	日写印	590	603	590	600	34
7916	光村印	269	269	257	257	5
7917	藤森工業	840	840	760	790	13
7918	ヴィアＨＤ	548	548	548	548	2
7919	野崎紙	316	317	315	315	6
7920	三浦印	310	310	310	310	2
7921	宝印刷	2120	2200	2120	2160	26
7922	三光産業	0	0	0	0	0
7923	トーイン	300	300	300	300	2
7925	前沢化成	1600	1650	1600	1650	2.9
7926	ベルテクノ	310	310	310	310	1
7927	ムトー精工	1970	2180	1970	2180	28
7928	旭化学	0	0	0	0	0
7929	新輝合成	0	0	0	0	0
7931	未来工業	1371	1388	1360	1361	18
7932	ニッピ	430	430	430	430	4
7933	ファイリング	0	0	0	0	0
7934	メルクス	0	0	0	0	0
7935	コンビ	1280	1300	1230	1240	34
7936	アシックス	116	117	115	115	257
7937	ツツミ	3350	3410	3350	3370	7
7938	リーガル	0	0	0	0	0
7939	研創	0	0	0	0	0
7940	ウェーブＨＤ	0	0	0	0	0
7942	ＪＳＰ	959	959	959	959	1
7943	ニチハ	841	860	830	830	17.8
7944	ローランド	2485	2500	2410	2430	44.4
7945	コマニー	0	0	0	0	0
7946	光陽社	0	0	0	0	0
7947	エフピコ	4900	4900	4840	4890	32.7
7948	ＡＷ・エモト	174	174	174	174	1
7949	小松ウオール	860	860	840	850	6
7950	日デコラ	0	0	0	0	0
7951	ヤマハ	745	755	737	750	183
7952	河合楽	163	169	163	164	21
7953	菊水化	540	540	540	540	1
7954	ジャレコ	380	380	380	380	4
7955	クリナップ	420	430	420	421	34
7956	ピジョン	1460	1485	1450	1450	20.8
7957	フジコピアン	223	230	220	230	39
7958	天馬	1249	1270	1219	1219	57
7959	オリバー	998	1000	998	1000	4
7960	パラマウント	12180	12200	11800	11850	96.4
7961	兼松日産農	198	198	195	197	8
7962	キングジム	740	740	733	733	5
7963	興研	560	560	560	560	2
7964	セガ	4050	4200	4010	4090	1857.5
7965	象印	0	0	0	0	0
7966	リンテック	1050	1050	1026	1026	73
7967	バンダイ	2930	3020	2810	2810	91
7968	田崎真珠	425	430	420	420	49
7969	タカラ	536	540	485	499	159
7970	信越ポリ	675	692	675	680	339
7971	東リ	205	213	202	213	61
7972	イトーキ	456	470	447	470	345
7973	ホウトク	121	130	121	130	16
7974	任天堂	21500	22300	21490	22000	1160.6
7975	リヒトラブ	0	0	0	0	0
7976	菱鉛筆	758	760	758	760	5
7977	フランスベッド	514	529	490	499	33
7979	松風	882	882	882	882	1
7980	重松製	270	270	260	260	4
7981	タカラスタ	496	496	488	490	71
7983	ミロク	205	210	205	210	6
7984	コクヨ	1401	1440	1401	1410	61
7985	ネポン	0	0	0	0	0
7986	キング工	145	150	142	142	4
7987	ナカバヤシ	343	347	340	340	62
7988	ニフコ	1195	1200	1180	1185	238
7989	ブラインド	862	870	862	863	3.5
7990	ダイワ精	160	164	155	158	84
7991	マミヤＯＰ	340	350	330	331	142
7992	セーラー	1960	1998	1882	1882	209
7993	サンウエブ	222	222	215	215	7
7994	岡村製	318	318	310	310	11
7995	バルカー	175	175	161	161	77
7996	パイロット	402	402	400	400	9
7997	くろ工	0	0	0	0	0
7998	高島屋工作	300	300	300	300	1
7999	武藤工	565	580	531	531	65
8000	カイゲン	0	0	0	0	0
8001	伊藤忠	463	463	449	450	2996
8002	丸紅	407	412	403	403	2315
8003	トーメン	112	120	109	112	4318
8004	ニチメン	119	120	118	119	228
8005	ムトウ	0	0	0	0	0
8006	ユアサフナ	192	197	191	191	12
8007	高島	127	128	126	126	22
8010	新興産業	126	126	126	126	2
8011	三陽商	291	295	289	295	55
8012	長瀬産	431	435	430	431	191
8013	ナイガイ	99	104	99	100	72
8014	蝶理	119	119	115	117	30
8015	豊田通商	326	327	316	316	212
8016	オンワード	1291	1310	1220	1220	825
8017	阪急共栄物産	164	164	164	164	1
8018	三共興	254	254	251	253	51
8019	市田	89	90	85	85	56
8020	兼松	85	87	84	84	113
8021	レナウン	229	230	217	220	324
8022	ミズノ	295	295	285	285	166
8023	大興電子	800	800	800	800	22
8024	シルバーＯＸ	520	520	505	510	18
8025	ツカモトＣ	155	159	155	159	6
8027	ルシアン	91	91	91	91	1
8028	ファミリーＭ	6850	7110	6810	6900	256.2
8029	ルック	169	169	168	169	20
8030	中央魚	0	0	0	0	0
8031	三井物	765	772	751	751	1613
8032	紙パ商	336	342	335	335	38
8033	ジーネット	120	120	115	120	14
8035	東エレク	15640	16000	15300	16000	453
8036	日立ハイテク	1390	1399	1371	1371	22
8037	カメイ	517	517	515	516	43
8038	東都水	350	355	350	353	35
8039	築地魚	175	175	172	172	13
8040	東ソワール	207	209	206	206	24
8041	魚市場	360	360	360	360	6
8042	マタイ	240	240	231	231	4
8043	スターゼン	226	230	226	226	60
8044	大都魚	146	146	146	146	8
8045	浜丸魚	0	0	0	0	0
8046	丸藤パ	165	166	164	164	8
8047	デジ・ネット	3570	3800	3570	3800	5
8048	シャディ	3000	3060	2980	3060	11.9
8049	ＥＩＥ	581	581	561	575	27
8050	セイコー	568	577	565	567	54
8051	山善	146	147	145	145	33
8052	椿本興	170	170	169	169	12
8053	住友商	1230	1235	1211	1225	1587
8056	ユニシス	3190	3210	3100	3100	151
8057	内田洋	602	610	575	575	179
8058	三菱商	870	890	866	883	2552
8059	第一実	164	164	158	158	23
8060	キヤノン販	1580	1639	1580	1620	90
8061	西華産	171	175	170	171	144
8063	日商岩井	85	86	84	84	848
8064	金商	91	91	91	91	2
8065	佐藤商	351	351	351	351	2
8066	三谷商	515	515	515	515	5
8067	トミヤアパ	395	400	390	390	40
8068	菱洋エレク	1480	1480	1470	1480	42
8069	加  商	404	404	404	404	3
8070	東京産	326	328	325	327	25
8071	東海物産	425	425	425	425	7
8072	出版貿	230	230	230	230	1
8073	Ｔ・ＺＯＮＥ	760	790	760	780	21
8074	ユアサ商	131	132	128	129	166
8075	神鋼商	162	165	161	161	16
8076	カノークス	0	0	0	0	0
8077	小林産	0	0	0	0	0
8078	阪和興	108	110	107	108	78
8079	正栄食	436	436	430	430	7
8080	ジョイス	1330	1330	1330	1330	1
8081	カナデン	518	520	518	518	17
8083	サンテレ	290	290	286	286	5
8084	菱電商	379	380	378	378	67
8085	ナラサキ産業	204	204	185	188	39
8086	ニプロ	945	946	940	946	4
8087	フルサト	535	540	530	540	7.5
8088	岩谷産	187	194	187	187	134
8089	ナイス	179	180	178	179	200
8090	昭光通商	138	140	138	138	32
8091	ニチモウ	166	171	166	170	24
8092	富士通シス	5010	5080	4810	5000	47.3
8093	極東貿易	960	1029	941	980	448
8095	イワキ	245	250	245	250	8
8096	兼松エレク	520	530	505	505	19
8097	三愛石	276	279	276	277	44
8098	稲畑産	515	545	510	522	297
8100	藤井	88	90	88	88	13
8101	ＧＳＩクレ	128	129	118	120	167
8103	明和産	122	122	122	122	4
8105	丸正	0	0	0	0	0
8107	キムラタン	80	80	80	80	12
8109	山洋工	102	102	102	102	1
8110	川鉄商事	117	129	115	116	193
8111	ゴルドウイン	141	143	140	142	20
8112	東スタイル	949	960	925	949	324
8113	ユニチャーム	7770	7790	7110	7300	244.6
8114	デサント	210	210	205	205	69
8115	ムーンバット	130	131	130	131	3
8116	ダーバン	379	380	361	363	1060
8117	中央自	222	245	222	239	18
8118	キング	133	136	133	134	34
8119	三栄コ	825	825	780	786	35
8120	大木	204	205	204	205	28
8123	川辺	0	0	0	0	0
8125	ワキタ	330	330	330	330	44
8126	三光純薬	270	270	240	240	2
8127	ヤマトインタ	120	123	110	122	55
8128	エフワン	102	102	102	102	1
8129	東邦薬	371	371	370	370	19
8130	サンゲツ	1850	1850	1812	1824	20
8131	ミツウロコ	527	527	520	520	5
8132	シナネン	385	385	381	383	41
8133	伊藤忠エネ	311	315	307	308	19
8134	ＴＯＫＡＩ	549	549	536	536	10
8135	ゼット	138	138	138	138	1
8136	サンリオ	4150	4150	3930	3960	111
8137	サンワテク	700	700	700	700	2
8138	三京化	254	284	254	284	7
8139	ナガホリ	240	240	240	240	3
8140	リョーサン	2175	2190	2135	2135	66
8141	新光商	900	902	892	892	54
8142	トーホー	0	0	0	0	0
8143	ラピーヌ	91	92	91	92	21
8144	電響社	370	375	350	350	19
8145	中部水産	400	400	400	400	1
8146	小杉産	172	173	172	172	3
8147	トミタ	0	0	0	0	0
8148	上原成	286	291	286	291	7
8150	三信電	775	782	758	781	97
8151	東陽テク	2765	2770	2650	2650	50
8152	ソマール	225	225	220	220	27
8153	モスフード	1180	1184	1172	1172	44
8154	加賀電子	1436	1470	1426	1426	21
8155	三益半導	1939	1969	1930	1950	37.8
8156	ガステック	509	509	509	509	1
8157	都築電	680	685	670	671	13
8158	ソーダニッカ	190	190	186	188	8
8159	立花エレ	565	570	565	570	4
8160	木曽路	1021	1041	1021	1041	2
8161	エイデン	880	900	860	870	63
8163	サトＲＳ	671	673	670	670	6
8164	キャビン	133	135	129	130	73
8165	千趣会	1399	1399	1390	1397	54
8166	タカキュー	323	350	303	349	996.5
8167	丸久	0	0	0	0	0
8168	ケーヨー	439	439	427	430	23.5
8169	宝船	0	0	0	0	0
8170	アデランス	3170	3240	3160	3180	185.6
8171	ＭＶ中部	0	0	0	0	0
8172	第一家庭電器	84	85	82	82	74
8173	上新電	290	290	285	285	4
8174	日ガス	548	548	540	548	3
8175	ベスト電	965	970	965	965	51
8176	西洋フードシス	386	390	386	386	15
8178	マルエツ	351	357	350	356	45
8179	ロイヤルＨＤ	1047	1047	1035	1035	19
8180	すかいらく	2710	2760	2705	2715	230
8181	東天紅	1600	1635	1469	1600	169
8182	いなげや	820	830	820	825	5
8183	セブン−イレブン	15280	15500	15000	15000	640
8184	島忠	1487	1500	1460	1467	63.9
8185	チヨダ	668	690	668	679	26.7
8186	大塚家具	26400	27800	26400	27500	12.8
8188	ヨークベニ	2650	2650	2580	2580	40.3
8189	マツヤデンキ	302	305	301	302	34
8190	ヤマナカ	0	0	0	0	0
8191	光製作	0	0	0	0	0
8192	中川無線	111	113	111	113	21
8193	鈴丹	152	152	150	150	38
8194	ライフコーポ	560	560	550	560	23
8195	デニーズジャパン	2100	2100	2085	2095	14
8196	カスミ	460	460	455	455	2
8197	東急ストア	300	302	300	300	14
8199	デオデオ	1105	1128	1070	1077	62.3
8200	リンガハット	1130	1130	1100	1110	23
8201	さが美	239	239	239	239	1
8202	ラオックス	725	725	690	703	58
8203	ＭｒＭａｘ	351	351	345	345	27.5
8204	ジョナサン	1290	1290	1280	1280	8
8205	シャクリー	810	810	810	810	1
8206	アポロイン	140	140	140	140	1
8207	テンアライド	417	417	412	415	8.2
8208	エンチョー	500	500	500	500	2
8209	フレンドリ	462	462	455	455	3
8210	フットワーク	230	235	230	230	14
8211	相鉄ローゼ	550	550	541	541	3
8212	オーク	190	190	190	190	3
8213	トステムビバ	380	400	380	394	584
8214	アオキインタ	435	435	423	423	12.9
8215	銀座山形屋	292	292	292	292	3
8216	フォルクス	585	585	580	580	3
8217	オークワ	1000	1000	1000	1000	48
8218	コメリ	3170	3220	3170	3200	38.4
8219	青山商	1895	1900	1810	1810	304.4
8225	タカチホ	0	0	0	0	0
8226	理経	950	1020	911	911	724
8227	しまむら	15880	15980	15500	15500	26.6
8228	マルイチ	0	0	0	0	0
8229	ＣＦＳコーポ	875	875	860	860	4
8230	はせがわ	255	255	255	255	2
8231	三越	394	396	385	385	1610
8232	東急百貨店	105	107	104	105	292
8233	高島屋	780	790	777	777	233
8234	大丸	419	427	417	425	392
8235	松坂屋	297	297	295	295	150
8236	丸善	209	213	206	206	164
8237	松屋	358	365	356	356	5
8238	伊勢丹	770	784	756	768	466
8239	横浜松坂屋	0	0	0	0	0
8240	サッポロライオン	610	610	610	610	1
8241	阪神百貨店	475	480	475	480	4
8242	阪急百	481	486	481	481	91
8243	そごう	117	118	114	118	176
8244	近鉄百貨店	140	140	134	134	13
8245	丸栄	250	250	250	250	2
8247	大和	230	230	230	230	1
8248	ニッセン	405	420	404	404	85.9
8249	東洋物	650	650	650	650	1
8250	小松ストアー	443	443	443	443	1
8251	パルコ	329	344	325	338	148
8252	丸井	1478	1479	1441	1448	1175
8253	クレセゾン	2165	2170	2130	2130	234.7
8254	さいか屋	475	475	475	475	1
8256	プロルート	220	220	216	220	13.5
8257	山陽百	0	0	0	0	0
8258	ＯＭＣカード	461	499	461	499	855
8259	十字屋	100	100	95	96	45
8260	井筒屋	266	268	261	262	768
8261	ｼ鉄百貨店	330	330	315	315	2
8262	長崎屋	138	143	133	140	203
8263	ダイエー	455	481	451	465	1947
8264	イトーヨーカ堂	9750	9750	9330	9330	651
8265	壽屋	160	169	160	169	54
8266	イズミヤ	950	950	920	921	73
8267	イオン	1920	1920	1900	1915	338
8268	西友	348	349	337	337	231
8269	マイカル	535	538	515	515	337
8270	ユニー	1025	1025	995	1000	187
8273	イズミ	663	664	640	640	61
8274	東武ストア	180	185	180	185	12
8275	フォーバル	3940	3940	3500	3600	52.3
8276	平和堂	708	708	685	685	11
8278	フジ	1990	1990	1960	1960	16.7
8279	ヤオコー	1590	1590	1561	1561	1.9
8280	富士冷機	460	460	455	458	50
8281	ゼビオ	2295	2295	2270	2290	18.3
8282	ギガスケーズ	2600	2630	2500	2500	62.2
8283	パルタック	595	595	595	595	1
8285	三谷産業	470	470	468	468	8
8286	藍  屋	1619	1620	1580	1600	6
8287	ＭＶ西日本	0	0	0	0	0
8289	オリンピック	2700	2740	2680	2700	6.7
8290	デンコードー	828	828	810	810	12
8291	東日カーライフ	200	200	200	200	6
8292	東いすず	0	0	0	0	0
8293	愛トヨ	962	962	950	950	5
8295	キャノンシステム	700	700	700	700	5
8298	ファミリー	280	285	280	285	5
8299	大栄太源	480	480	480	480	1
8301	日銀	93000	93000	92000	92000	0.4
8302	興業銀行	985	1004	973	992	3166
8311	第一勧銀	1000	1012	984	991	2203
8314	さくら銀行	680	687	678	680	2599
8315	東京三菱銀	1446	1455	1433	1440	3979
8317	富士銀行	1040	1053	1025	1035	2963
8318	三井住友銀行	1420	1433	1415	1433	2508
8319	大和銀行	296	300	295	295	1394
8320	三和銀行	1164	1165	1150	1155	3823
8321	東海銀行	596	605	595	597	1789
8322	あさひ銀行	567	590	565	583	2592
8324	第四銀	411	412	410	410	155
8325	北越銀	295	298	295	295	19
8326	福岡銀	617	617	604	610	169
8327	西日本シティ銀	402	405	402	404	39
8331	千葉銀	535	537	530	530	217
8332	横浜銀	433	439	427	434	316
8333	常陽銀	425	430	415	417	913
8334	群馬銀	680	687	670	672	85
8335	足利銀行	207	210	201	205	271
8336	武蔵銀	4720	4720	4650	4690	2.6
8337	千葉興	1100	1120	1100	1118	11.3
8338	関東つくば銀	1490	1490	1470	1470	0.3
8339	都民銀	4030	4030	4000	4000	5.7
8341	七十七	983	1015	980	981	232
8342	青森銀	422	422	415	415	24
8343	秋田銀	430	431	425	430	76
8344	山形銀	522	524	520	520	46
8345	岩手銀	3700	3700	3600	3600	4
8346	東邦銀	420	420	402	402	171
8349	東北銀	220	228	220	228	17
8350	みちのく銀	600	600	590	590	15
8353	北海道銀行	156	160	155	159	149
8355	静岡銀	980	991	980	980	320
8356	十六銀	475	475	469	469	25
8357	北陸銀行	240	240	238	238	281
8358	スルガ銀	1750	1750	1720	1726	205
8359	八十二	710	712	703	703	107
8360	山梨銀	403	405	401	401	130
8361	大垣共立	505	510	505	506	13
8362	福井銀	285	290	280	289	114
8363	北国銀	410	413	410	410	19
8364	清水銀	4600	4600	4530	4530	1
8365	富山銀	465	470	465	470	2
8366	滋賀銀	491	496	491	494	21
8367	南都銀	620	620	600	600	16
8368	百五銀	471	475	470	470	22
8369	京都銀	575	584	565	565	293
8370	紀陽銀	256	260	255	255	168
8371	近畿大阪銀	0	0	0	0	0
8372	泉州銀	380	380	360	360	46
8374	三重銀	504	505	500	500	40
8375	池田銀	5690	5690	5620	5620	1.2
8379	広島銀	400	400	396	396	97
8380	山口銀	833	833	790	793	180
8381	山陰合銀	621	621	610	610	54
8382	中国銀	950	950	922	922	64
8383	鳥取銀	330	330	330	330	2
8385	伊予銀	631	631	630	630	47
8386	百十四	627	629	620	620	35
8387	四国銀	610	610	607	608	61
8388	阿波銀	534	535	530	530	133
8390	鹿児銀	415	415	410	410	91
8391	親和銀行	310	318	310	318	39
8392	大分銀	480	485	479	479	88
8393	宮崎銀	318	322	318	321	19
8394	肥後銀	404	404	400	400	79
8395	佐賀銀	317	320	310	311	101
8396	十八銀	377	377	360	360	13
8397	沖縄銀	2665	2670	2665	2670	0.4
8399	琉球銀	1348	1355	1348	1355	2.6
8401	三井信託	216	219	211	214	3847
8402	三菱信託	1005	1020	1005	1011	1334
8403	住友信	670	675	650	650	2371
8404	みずほ信託銀	164	164	156	156	1420
8405	日本信託	176	180	176	176	97
8407	東洋信託	401	405	383	386	866
8408	中央三井信	718	718	691	691	84
8489	アプレック	840	840	840	840	2
8493	インター	3000	3030	2920	3000	10.7
8507	学研クレジット	780	781	762	762	12
8508	イッコー	1250	1270	1200	1200	16
8511	日証金	640	678	635	670	949
8512	大証金	318	349	318	349	227
8513	中証金	240	240	240	240	1
8515	アイフル	18190	18190	17000	17020	49.9
8518	アジア投資	1330	1370	1250	1260	1217
8519	ポケットＣ	4400	4450	4100	4220	152.7
8520	殖産銀行	380	394	380	394	2
8521	長野銀	463	464	460	460	11
8522	名古屋銀	606	607	603	603	27
8523	近畿銀行	287	287	287	287	1
8524	北洋銀行	489	489	489	489	5
8527	愛知銀	7180	7350	7180	7290	0.7
8528	岐阜銀	228	228	218	227	50
8529	第三銀	470	470	470	470	21
8530	中京銀	408	408	405	405	3
8533	広島総合銀行	420	421	420	420	25
8536	東日銀	640	640	640	640	25
8537	大光銀	251	251	251	251	2
8539	福岡シティ銀	470	474	470	470	16
8541	愛媛銀	420	423	417	417	21
8542	トマト銀	0	0	0	0	0
8543	みなと銀	200	200	195	195	38
8544	京葉銀	315	323	315	323	48
8545	関西アーバン	142	145	142	143	12
8548	九州銀行	303	304	300	303	36
8550	栃木銀	641	642	630	630	9
8551	北日銀	4770	4770	4710	4710	0.7
8552	びわこ銀	328	328	328	328	6
8556	香川銀	601	601	600	600	6
8558	東和銀	440	440	436	440	15
8561	徳島銀	771	771	771	771	4
8562	福島銀	335	340	335	340	8
8563	大東銀	340	340	335	335	2
8564	武富士	14200	14250	13400	13500	81.9
8565	三洋クレ	4540	4630	4410	4460	5
8566	リコーリース	2540	2540	2350	2400	36
8567	クレディア	2650	2680	2600	2650	11.9
8568	シンキ	2940	2950	2760	2760	44.3
8569	ユニココーポ	0	0	0	0	0
8570	イオンクレ	8290	8350	7520	7790	59.2
8571	ニッシン	5700	5760	5550	5760	14.8
8572	アコム	12550	12570	12250	12260	85.4
8573	三洋信販	4090	4150	4050	4050	51.7
8574	プロミス	7500	7600	7440	7520	620.6
8577	ロプロ	3170	3200	2860	2860	506.8
8579	東京リース	0	0	0	0	0
8580	ファーストクレジット	279	279	260	263	110
8582	日貿信	74	74	71	71	28
8583	日信販	273	297	270	270	626
8584	ジャックス	396	400	390	400	74
8585	オリコ	329	330	320	324	759
8586	日立キャピ	1895	1948	1895	1930	159.3
8587	ライフ	205	209	200	208	1617
8588	セントラル	290	290	279	290	55
8589	アプラス	151	155	146	146	128
8591	オリックス	19990	20250	19410	19740	191
8592	住商リース	1350	1389	1320	1350	28
8593	ダイヤリース	1579	1579	1472	1500	40
8595	ジャフコ	32300	32500	31500	31700	101
8597	ＳＦＣＧ	40400	40900	40000	40000	15.6
8599	ＵＦＪセント	0	0	0	0	0
8601	大和証Ｇ	1773	1848	1765	1833	7732
8603	日興コーデ	1460	1525	1455	1500	6503
8604	野村ＨＤ	2495	2825	2490	2710	20575
8606	新光	360	374	358	360	3650
8607	みずほイン証	230	238	225	225	1676
8608	和光証券	390	397	385	387	1943
8609	岡三ＨＤ	635	680	633	665	2010
8610	さくらフレンド	236	237	234	236	244
8611	コスモ証	284	285	276	276	181
8612	第一証券	146	150	145	147	500
8613	丸三	681	690	660	673	182
8614	東洋	320	337	319	333	320
8615	三菱証	1665	1679	1648	1661	564
8616	東海東京	408	415	396	400	266
8617	光世	307	309	294	300	889
8618	太平洋証	187	193	185	190	272
8620	東海丸万	750	755	738	738	84
8621	ＵＦＪつばさ証券	500	510	496	510	74
8622	水戸	325	327	320	320	75
8623	ＳＭＢＣ証	299	300	295	300	155.5
8624	いちよし証	765	810	765	800	278
8625	高木	270	285	270	285	130
8691	証券代	1050	1050	1050	1050	4
8692	だいこう	450	450	450	450	1
8742	小林洋行	1420	1510	1400	1510	4.5
8743	ひまわり証	0	0	0	0	0
8744	日本ユニコム	1080	1080	1070	1080	8
8745	グローバリー	1550	1550	1500	1520	11
8746	第一商品	0	0	0	0	0
8747	豊商事	422	422	422	422	1
8748	岡藤商事	0	0	0	0	0
8749	エース交易	340	345	335	335	25
8751	東京海上火災	1104	1148	1103	1125	2516
8752	三井住友海上	559	576	555	555	1676
8753	住友海上火災	600	609	592	595	1192
8754	日本興亜	300	300	290	290	128
8755	損害保険Ｊ	561	565	556	556	986
8756	日産火災海上	349	351	344	348	74
8757	日新火	281	282	280	281	29
8758	千代田火災	300	300	293	293	53
8759	ニッセイ同和	310	312	302	302	86
8760	日動火災海上	496	519	495	498	184
8761	あいおい損保	420	420	418	420	118
8762	興亜火災	290	294	288	288	65
8763	富士火	246	248	245	245	272
8764	太陽火災	0	0	0	0	0
8765	大成火災海上	246	253	246	247	15
8801	三井不	940	976	930	966	2567
8802	菱地所	1060	1089	1050	1070	1687
8803	平和不	242	250	241	245	134.5
8804	東建物	195	200	190	193	176
8805	中央地	122	122	118	118	24
8806	ダイビル	707	732	707	727	35
8809	サンケビル	360	363	360	363	3
8810	港振興	1050	1050	1050	1050	1
8815	東急不	119	120	116	116	276
8817	阪急不動産	396	404	396	404	6
8818	京阪神不	351	351	351	351	3
8821	立飛企	2760	2800	2760	2800	7
8826	エルカク	62	64	62	62	27
8829	大和団地	235	235	230	230	55
8830	住友不	370	371	356	364	1574
8832	小田急不	179	180	179	180	2
8833	東宝不	395	400	395	396	14
8834	藤和不	73	73	71	71	55
8835	太平発	120	120	118	118	23
8836	ヒューネット	207	219	205	206	203
8838	有楽地	110	110	106	107	11
8839	ニチモ	95	97	94	94	40
8840	大京	235	235	230	231	170
8841	テーオーシー	766	769	760	760	9
8842	楽天地	351	351	350	350	13
8844	リクコスモス	591	600	579	585	49
8845	セザール	233	239	232	233	45
8846	積和不動産	500	500	490	490	11
8848	レオパレス	480	490	470	490	118
8850	スターツ	509	510	500	500	5
8851	アバンライフ	177	180	177	180	2
8852	積和不動関西	360	360	350	350	14
8853	ダイヤシティ	0	0	0	0	0
8854	日住	266	266	260	260	22
8855	全日空ビル	143	143	143	143	1
8857	三井不動販売	525	526	520	520	34
8858	ダイア建	215	215	205	210	25
8860	フジ住	326	326	326	326	2
8863	積和不動中部	670	670	670	670	1
8864	空港施設	550	569	550	560	30
8865	神鋼興産	280	280	280	280	2
8866	コマーシャル	540	540	530	538	13
8867	横浜地下街	270	270	270	270	2
8868	ＵＲＢＡＮ	5640	6410	5640	6410	195
8869	明和地所	2750	2795	2720	2740	76.5
8870	住不販売	3570	3650	3440	3610	29
8871	ゴールドクレ	12000	12000	12000	12000	33
8872	エイブル	8500	8600	8400	8500	18
8873	積和不動中国	605	605	605	605	1
8874	ジョイント	3540	3540	3540	3540	56.5
8875	東栄住宅	2560	2560	2500	2500	6
8876	リロＨＤ	11100	11100	11100	11100	2
8877	エスリード	3300	3550	3270	3490	50
8878	日綜地所	1590	1630	1570	1580	24
8879	東急リバブル	599	599	574	575	43
9001	東武	305	310	305	305	494
9002	西武鉄道	1455	1483	1455	1477	19
9003	相鉄	280	284	280	281	109
9004	箱根登山鉄道	301	301	301	301	10
9005	東急	267	268	260	261	746
9006	京急	371	375	370	371	464
9007	小田急	323	328	320	320	292
9008	京王	355	361	353	355	389
9009	京成	267	272	266	266	267
9010	富士急	310	310	305	305	10
9012	秩父鉄	0	0	0	0	0
9013	伊豆箱根鉄道	0	0	0	0	0
9014	新京成	307	307	301	301	19
9019	伊豆急行	2800	2800	2800	2800	0.1
9020	ＪＲ東日本	522000	524000	515000	519000	7.714
9021	ＪＲ西日本	355000	357000	349000	354000	1.142
9022	ＪＲ東海	656000	663000	656000	657000	0.745
9031	西鉄	271	271	267	267	152
9036	東部ネット	560	560	560	560	12
9037	ハマキョウ	2120	2120	2090	2090	10
9038	東海西濃	280	280	280	280	1
9039	サカイ引越	2900	2900	2765	2800	7.6
9040	大宝運輸	0	0	0	0	0
9041	近鉄	440	443	430	431	364
9042	阪急ＨＤ	370	372	367	367	381
9043	阪神	302	302	300	302	282
9044	南海電	460	480	458	478	134
9045	京阪電	360	361	359	361	52
9046	神電鉄	421	425	421	425	10
9047	名糖運輸	1550	1550	1550	1550	2
9048	名鉄	300	301	298	298	229
9049	京福電	155	155	155	155	4
9050	三重交	341	341	341	341	6
9051	センコン物流	0	0	0	0	0
9052	山陽電	290	290	290	290	42
9053	中央運輸	202	202	202	202	2
9054	大和物流	610	610	610	610	2
9055	アルプス物流	629	629	610	610	9
9056	ヒューテック	1200	1200	1200	1200	2
9057	遠州トラック	880	880	880	880	1
9058	トランコム	840	840	840	840	3
9059	カンダ	315	315	310	310	6
9060	日ロジテム	310	310	303	303	4
9061	富士物流	181	181	181	181	2
9062	日通	753	768	743	760	1982
9063	岡県運送	0	0	0	0	0
9064	ヤマト運	3460	3480	3430	3460	1951
9065	山九	118	118	113	117	550
9066	日新	171	171	168	171	32
9067	丸運	266	266	266	266	1
9068	丸全運	188	188	185	185	115
9069	センコー	237	239	235	235	18
9070	トナミ	211	213	208	209	36
9072	日梱包	653	653	645	653	40
9073	京極運	0	0	0	0	0
9074	日石輸	188	189	180	189	18
9075	福山運	780	833	780	823	351
9076	西濃運	584	585	570	570	67
9077	名鉄運	0	0	0	0	0
9078	エスライン	0	0	0	0	0
9079	東急ロジ	0	0	0	0	0
9080	関東西濃	1700	1700	1700	1700	1
9081	神奈交	429	429	429	429	1
9082	大和自	245	245	245	245	1
9083	神姫バ	0	0	0	0	0
9086	日立物流	619	619	613	613	15
9087	タカセ	255	255	255	255	5
9088	濃飛西濃	950	950	950	950	1
9089	ロジパル	480	490	480	490	7
9101	郵船	417	419	413	416	968
9104	商船三井	209	210	201	202	1274
9107	川崎汽	178	180	174	180	1315
9110	新和海	66	68	64	66	63
9113	乾汽船	86	86	85	86	7
9114	日之出汽船	47	50	47	50	5
9115	明治海	148	150	147	150	18
9119	飯野海	180	180	175	176	122
9123	太平海	56	56	55	55	15
9127	玉井船	0	0	0	0	0
9129	太洋海運	80	83	80	80	97
9130	共栄タ	111	111	111	111	9
9132	第一汽	55	57	55	56	19
9133	東栄リーファ	130	130	130	130	1
9151	東京船舶	82	82	80	80	6
9152	関西汽	61	63	60	60	58
9171	栗林船	0	0	0	0	0
9173	東海汽	381	381	380	380	3
9174	ワンダーＴ	197	197	187	187	4
9176	佐渡汽	0	0	0	0	0
9178	日鉄物流	0	0	0	0	0
9179	川崎近海	210	210	206	206	7
9180	新和内航	0	0	0	0	0
9193	東京汽	0	0	0	0	0
9201	日本航空	300	303	300	301	707
9202	ＡＮＡ	287	290	286	286	663
9203	日本エアシス	3950	3990	3910	3950	1.3
9231	国際航	691	691	682	682	10
9232	パスコ	716	716	706	710	14
9233	アジア航	350	350	341	341	3
9301	三菱倉	825	870	824	841	194
9302	三井倉	241	248	241	241	147
9303	住友倉	294	294	288	288	123
9304	渋沢倉	267	267	266	266	10
9305	ヤマタネ	123	124	122	122	12
9306	東陽倉	200	200	200	200	1
9307	杉村倉	630	630	630	630	2
9308	イヌイ建	431	431	430	430	23
9309	京神倉庫	0	0	0	0	0
9310	トランシティ	196	205	195	195	31
9311	アサガミ	0	0	0	0	0
9312	ケイヒン	159	159	151	153	12
9313	丸八倉	181	181	181	181	1
9314	品川倉	0	0	0	0	0
9317	オーナミ	0	0	0	0	0
9318	Ｊブリッジ	270	270	265	265	22
9319	中央倉	540	540	540	540	1
9320	三和倉	0	0	0	0	0
9321	アイロジステ	152	152	150	152	18
9322	川西倉	0	0	0	0	0
9323	ロジステック	0	0	0	0	0
9324	安田倉	400	400	395	395	2
9351	洋埠頭	138	145	138	141	50
9353	桜島埠	174	175	166	175	6
9355	リンコー	0	0	0	0	0
9357	名港海	375	375	375	375	7
9358	宇徳運	138	138	130	130	28
9359	伊勢湾	246	246	246	246	1
9360	鈴与シンワ	0	0	0	0	0
9361	伏木運	265	265	265	265	8
9362	兵機海	0	0	0	0	0
9363	大運	60	60	60	60	2
9364	上組	462	462	451	452	245
9365	トレーディア	0	0	0	0	0
9366	サンリツ	865	889	855	889	6.1
9367	大東港運	0	0	0	0	0
9368	キムラユニテ	0	0	0	0	0
9369	キユソ流通	0	0	0	0	0
9370	郵船航空	3700	3700	3600	3600	2
9373	ニッコウトラ	2150	2150	2080	2100	4
9401	ＴＢＳ	4800	4950	4590	4600	928
9402	ＣＢＣ	0	0	0	0	0
9404	日テレ	119000	121000	117000	121000	42.95
9405	朝日放	10690	10700	10490	10500	3.6
9408	新潟放	790	790	780	780	3.2
9431	ＫＤＤ	12400	12570	12360	12470	132.4
9432	ＮＴＴ	1650000	1660000	1610000	1620000	16.436
9433	ＫＤＤＩ	1230000	1240000	1210000	1230000	5.255
9434	ボーダフォン	4050000	4230000	4030000	4170000	1.827
9435	光通信	187000	194000	184000	194000	148.3
9436	沖縄セルラー	920000	920000	900000	905000	0.053
9437	ＮＴＴドコモ	3740000	3800000	3700000	3800000	10.158
9438	ＭＴＩ	10250000	10260000	9500000	9870000	0.026
9439	ビーアイジー	18100000	20500000	18100000	20500000	0.022
9449	ＧＭＯインター	51500	52000	49500	50000	16
9470	学研	280	284	266	276	1563
9471	文渓堂	640	640	620	620	7
9472	エスコム	660	660	601	630	127
9473	アスキー	6200	6250	5950	6200	84
9474	ゼンリン	4090	4090	3980	3980	4.9
9475	昭文社	7790	7800	7510	7740	109.6
9476	中央経済	0	0	0	0	0
9477	角川ＨＤ	34850	36500	34800	36300	76.3
9478	翔泳社	10900000	13000000	10100000	11400000	0.058
9501	東電	2530	2600	2505	2505	1239.4
9502	中部電	1691	1699	1685	1685	175.5
9503	関西電	1796	1815	1795	1795	260
9504	中国電	1450	1466	1450	1450	186.5
9505	北陸電	1460	1461	1450	1451	83.7
9506	東北電	1405	1429	1405	1406	190.5
9507	四国電	1451	1459	1450	1451	98.3
9508	九州電	1411	1424	1403	1406	334.7
9509	北海電	1402	1410	1400	1400	213.1
9511	沖縄電	2005	2100	2005	2020	1.6
9531	東ガス	232	235	230	231	5104
9532	大ガス	245	246	241	242	2595
9533	邦ガス	172	173	171	171	93
9534	北ガス	190	190	190	190	1
9536	西部ガス	148	150	148	148	112
9539	葉ガス	0	0	0	0	0
9540	中ガス	235	235	235	235	3
9541	大多喜ガス	0	0	0	0	0
9542	新日ガス	0	0	0	0	0
9600	アイネット	1500	1500	1450	1450	24
9601	松竹	490	490	488	488	36
9602	東宝	17700	18200	17570	17920	80.2
9603	ＨＩＳ	7600	7940	7460	7930	83.3
9604	際放映	230	230	230	230	1
9605	東映	817	818	795	796	801
9607	葵プロ	1900	1958	1800	1800	22.5
9608	福山コンサル	0	0	0	0	0
9609	ベンチャーリ	10800	12200	10500	10900	318
9610	ウィルソン	6250	6300	6200	6250	6.5
9611	Ｄワンダー	900	940	900	930	7
9612	ラックランド	0	0	0	0	0
9613	ＮＴＴデータ	1950000	1980000	1940000	1950000	6.535
9614	ベルシス24	100000	101000	95000	97500	21
9615	東京美装	961	961	961	961	1
9616	共立メンテ	3580	3600	3400	3400	10.2
9618	エームサービス	1440	1440	1440	1440	1
9619	イチネン	960	960	960	960	1
9620	スクウェア	13600	14200	13200	14200	161.8
9621	建設技研	725	742	725	742	2.4
9622	スペース	470	470	465	470	7.3
9623	キヤノンソフ	691	700	691	700	3
9624	長大	580	581	580	580	2.5
9625	セレスポ	0	0	0	0	0
9626	日本技開	259	259	259	259	1
9627	アインファマ	2330	2350	2300	2300	15
9628	燦ＨＤ	3300	3320	3300	3300	4.6
9629	ＰＣＡ	7550	7600	7400	7450	13
9630	アップ	511	511	511	511	1
9631	東急レク	571	571	570	570	3
9632	スバル	350	360	350	350	3
9633	テアトル	181	181	178	181	46
9634	修学社	460	460	431	431	21
9635	武蔵野	560	560	560	560	2
9636	きんえい	330	330	330	330	2
9637	オーエス	0	0	0	0	0
9638	情報技術	1600	1650	1550	1560	29
9639	三協フロンテ	399	465	399	465	14
9640	セゾン情報	1160	1180	1150	1170	9
9641	サコス	185	185	161	162	12.2
9642	コマスタ	0	0	0	0	0
9643	中日興	0	0	0	0	0
9644	タナベ経営	330	340	330	330	3.3
9645	ダイヤモンドコン	2225	2225	2150	2175	11
9646	タイトー	167000	174000	165000	172000	0.559
9647	協和コンサル	207	207	207	207	2
9648	ウエスコ	375	380	375	380	6.5
9649	明電エンジニア	575	575	569	570	27.3
9650	テクモ	2450	2490	2400	2440	30.8
9651	日本プロセス	1080	1080	1080	1080	1
9652	日本医療	3570	3590	3460	3480	13
9653	ＳＢＩパートナ	1000	1100	990	1000	24
9654	コーエー	4400	4400	4200	4260	31.3
9656	三井ランド	590	600	590	600	4
9657	コムテック	507	513	507	513	4
9658	ビジ太田昭	711	711	701	701	8
9660	ＣＲＣソリュ	2890	2890	2750	2750	9
9661	歌舞伎	3950	3950	3950	3950	1
9662	アイフル	673	673	650	650	14
9663	ナガワ	820	820	800	800	7
9664	御園座	1250	1250	1250	1250	3
9665	吉本興	1224	1230	1200	1230	81
9667	ホリプロ	1210	1240	1200	1225	26
9668	相鉄企業	0	0	0	0	0
9669	オークネット	5300	5350	4900	4900	93.5
9671	よみランド	245	255	245	254	13
9672	東競馬	150	150	145	146	155
9673	甲子園土地	0	0	0	0	0
9674	花月園	219	219	219	219	1
9675	常磐興	160	160	156	156	6
9676	松戸公産	502	503	502	503	3
9677	日本ジャンボ	760	760	740	750	1.7
9678	カナモト	589	590	580	589	28
9679	ホウライ	500	500	500	500	2
9680	共成レンテム	747	747	747	747	1
9681	東京ドーム	482	487	481	482	254
9682	ＤＴＳ	10850	10910	10380	10600	106.1
9684	スク・エニ	8960	9150	8960	9080	65.1
9685	共同コンＨＤ	400	400	400	400	1
9686	東洋テック	610	630	609	630	36
9687	ＫＳＫ	770	770	759	759	5
9689	グリンハウス	1600	1620	1600	1620	1.5
9691	両毛システム	0	0	0	0	0
9692	シーイーシー	2500	2600	2500	2595	39
9694	日立ソフト	15800	15970	15200	15290	169.1
9695	鴨川グランド	0	0	0	0	0
9696	ウィザス	590	590	570	580	7
9697	カプコン	5740	5820	5610	5670	292.5
9698	クレオ	1690	1690	1600	1600	24
9699	西尾レント	723	723	720	720	12.6
9700	エスアールエル	1610	1640	1610	1610	16
9701	会舘	298	300	298	299	8
9702	アイエスビー	2910	3000	2910	3000	2
9703	ジェネラスコーポ	102	103	102	102	34
9704	東海観	107	110	105	109	783
9706	日本空港ビル	1051	1070	1048	1050	64
9707	メデカＪ	1740	1750	1700	1700	43
9708	帝ホテル	0	0	0	0	0
9709	日コンピュタ	879	930	879	929	6
9710	第一ホテ	130	130	127	127	8
9711	日コンシス	0	0	0	0	0
9712	ファイ	560	560	550	550	25
9713	ロイヤルホ	202	202	200	200	27
9714	ＳＲＡ	2780	2780	2600	2600	13
9715	トランスコス	31900	32050	30000	32000	208
9716	乃村工芸社	430	430	430	430	5
9717	ジャステック	3410	3410	3410	3410	3
9718	国際観光会館	0	0	0	0	0
9719	住商情報	6450	6500	6300	6300	22
9720	グランド	500	500	500	500	1
9722	藤田観	614	614	610	610	17
9724	新阪急ホテル	220	229	220	229	8
9725	東急ホテル	169	176	169	174	145
9726	近ツーリスト	292	299	291	299	19
9727	東急観光	128	128	128	128	8
9728	日本管財	2990	2990	2975	2980	15
9729	トーカイ	0	0	0	0	0
9730	ワオコーポ	0	0	0	0	0
9731	白洋舎	310	310	302	302	9
9732	東映ラボ	269	269	260	260	11
9733	ナガセ	3590	3600	3500	3500	4
9734	精養軒	0	0	0	0	0
9735	セコム	9310	9500	9270	9500	500
9736	白青舎	0	0	0	0	0
9737	ＣＳＫ	13070	13210	12700	12890	571
9738	インテック	3130	3180	3010	3120	151
9739	ＮＳＷ	8650	8750	8400	8500	8.4
9740	ＣＳＰ	650	650	650	650	2
9741	日立情報	5370	5470	5150	5290	70
9742	アイネス	2570	2570	2360	2390	159
9743	丹青社	681	689	671	671	30
9744	メイテック	3860	3980	3830	3900	331.8
9746	ＴＫＣ	3550	3600	3450	3450	24.8
9747	アサツーＤＫ	6150	6390	6150	6150	543.9
9748	ＮＪＫ	812	840	812	820	24
9749	富士ソフト	8400	8450	8050	8380	362
9750	ソラン	3440	3700	3390	3650	339
9751	ＴＩＳ	6740	6740	6580	6590	85
9752	ナムコ	7320	7470	7200	7200	140.8
9753	ＩＸナレッジ	949	950	945	945	8
9755	応用地質	1360	1360	1336	1336	14.1
9756	ＡＳＫ	540	549	530	540	43
9757	船井研	990	1000	990	990	18
9758	ジシステム	710	720	700	701	17
9759	日システムデ	12650	12650	11640	11990	7.8
9760	進学会	365	380	365	380	2
9761	東海リース	212	212	211	212	11
9762	大和リース	312	319	300	319	445
9763	丸紅リ	155	155	125	128	33
9764	技研興	0	0	0	0	0
9765	オオバ	191	191	180	180	46
9766	コナミ	17810	18100	17600	17900	300.7
9767	日建工学	280	280	270	270	6
9768	国土環境	1010	1010	1010	1010	1
9769	学究社	610	610	610	610	85
9776	札臨	0	0	0	0	0
9777	日電計算	3400	3400	3230	3270	20.3
9778	昴	770	770	770	770	1
9779	メフォス	1420	1420	1400	1400	2
9780	ビステム	0	0	0	0	0
9781	石川島汎サ	0	0	0	0	0
9782	ＤＭＳ	1490	1490	1390	1400	17
9783	ベネッセ	19700	19800	19500	19800	50.7
9784	日工検	1490	1490	1490	1490	1
9785	大新東	0	0	0	0	0
9786	キャッツ	1300	1420	1300	1400	185
9787	Ｊメンテ	1109	1130	1109	1118	49.9
9788	ナック	1290	1320	1251	1290	159.3
9789	栄光	420	420	420	420	2
9790	福井コン	750	799	750	799	5
9791	ビケンテクノ	1110	1110	1091	1100	6
9792	ニチイ学館	17800	18000	17220	17300	43.6
9793	ダイセキ	2310	2330	2280	2300	29.3
9794	カラカミ観光	1150	1150	1150	1150	1
9795	ステップ	861	865	861	865	3
9796	ダイテック	1580	1580	1550	1550	7.3
9797	大日本コン	320	320	317	317	0.7
9798	シダックス	3350	3350	3200	3200	1.3
9799	旭情報	1600	1600	1530	1530	12
9810	日鉄商	102	110	102	104	12
9811	アスティス	0	0	0	0	0
9812	テーオー	2000	2000	2000	2000	1
9813	トッキ	3500	3550	3400	3500	30
9814	アシックス商	0	0	0	0	0
9815	カテナ	925	930	875	875	180
9816	バーテックス	750	750	675	675	20
9817	ゴトー	0	0	0	0	0
9818	大丸エナ	0	0	0	0	0
9820	エムティＧ	205	205	201	201	15
9821	日アムウ	1050	1090	1020	1020	1.1
9822	なが多	78	79	70	75	318
9823	マミーマート	0	0	0	0	0
9824	泉州電	528	528	528	528	1
9825	アズウェル	450	460	450	450	19.4
9826	ＪＥＵＧＩＡ	0	0	0	0	0
9827	リリカラ	187	187	187	187	3
9828	元気寿司	1101	1101	1100	1100	8
9829	ながの東急	390	390	390	390	1
9830	トラスコ中山	1366	1366	1359	1363	6
9831	ヤマダ電	8650	8740	8000	8490	319
9832	オートバクス	3360	3420	3300	3420	71
9833	エルクコーポ	707	707	707	707	1
9834	リオチェン	575	575	525	525	0.6
9835	ジュンテン	567	570	567	568	4
9836	リーバイス	763	780	763	780	14
9837	モリト	500	500	500	500	1
9838	トラベラー	800	820	800	800	21
9839	ゲッツブラザーズ	495	495	485	486	6.5
9840	ホーマック	2990	2990	2800	2900	29.5
9841	ＢＭＢ	671	690	630	650	695
9842	アークランド	1400	1400	1300	1300	16
9844	ユーエスシー	1440	1470	1420	1470	10
9845	パーカー	270	270	270	270	1
9846	天満屋ス	0	0	0	0	0
9847	ソリスト	385	385	379	379	14
9848	トヨタカローラ岐阜	0	0	0	0	0
9849	河内屋紙	550	550	550	550	1
9850	グルメ杵屋	730	740	730	739	4
9852	中央物産	0	0	0	0	0
9853	銀座ルノア	0	0	0	0	0
9854	愛眼	1334	1335	1280	1300	8.3
9855	くろがねや	593	595	593	593	5
9856	ケーユー	893	893	890	890	2.1
9857	英和	390	390	390	390	3.5
9858	明光商会	2950	2950	2750	2750	16.5
9859	ユーストア	0	0	0	0	0
9860	岐阜日野	0	0	0	0	0
9861	吉野家ディー	2100000	2500000	2100000	2500000	0.592
9862	メモレックス・テレ	380	380	370	374	19
9863	靴のマルトミ	190	190	190	190	2.3
9864	ナカイ	0	0	0	0	0
9865	日商エレク	3140	3200	3040	3100	298
9867	ソレキア	1020	1050	1020	1040	21
9868	トリイ	381	381	381	381	1
9869	加藤産	699	699	699	699	1
9870	ハナテン	2020	2020	2020	2020	1.1
9871	イトーキ	210	210	210	210	1
9872	北恵	0	0	0	0	0
9873	ケンタッキー	1181	1198	1181	1198	7
9875	マツモトキヨ	7820	8040	7810	7900	102.3
9876	コックス	0	0	0	0	0
9877	マルフル	269	269	269	269	1
9878	セキド	700	700	700	700	1
9879	フタタ	0	0	0	0	0
9880	イノテック	3800	3900	3650	3730	70.8
9882	イエロハット	1111	1150	1100	1110	26.9
9883	富士エレ	2050	2050	2000	2000	13
9884	都築電産	1170	1170	1160	1161	7
9885	シャルレ	744	745	735	735	16
9887	松屋フーズ	3900	3900	3860	3890	9
9888	ＵＥＸ	0	0	0	0	0
9889	ＪＢＣＣ	4460	4460	4220	4220	51
9890	マキヤ	1280	1280	1280	1280	1
9892	卑弥呼	1220	1220	1190	1200	32
9893	ホームワイド	0	0	0	0	0
9894	アトル	0	0	0	0	0
9895	コンセック	285	285	285	285	2
9896	Ｊ建材	540	540	540	540	1
9897	ユニダックス	681	681	650	670	42
9898	サハダイヤ	420	422	350	383	1380
9900	サガミ	790	800	790	790	7
9901	宮	1000	1000	1000	1000	1
9902	日伝	0	0	0	0	0
9903	カンセキ	135	135	135	135	2
9904	ベリテ	225	233	225	233	8
9905	コージツ	199	199	199	199	1
9906	藤井産業	0	0	0	0	0
9907	大電社	0	0	0	0	0
9908	日本電計	591	591	591	591	3
9909	愛光電気	0	0	0	0	0
9912	ダイワボ情	2100	2150	2060	2095	40
9913	日邦産業	335	340	335	340	6
9914	植松商会	273	273	272	272	3
9915	アサヒビールＳ	0	0	0	0	0
9916	バイタルＮ	600	629	600	625	4.8
9917	マツモト電器	0	0	0	0	0
9918	ダイワラクダ	420	420	416	416	5
9919	関西スーパ	680	680	670	670	5
9920	シービーエム	1550	1620	1550	1620	1.6
9921	ギガス	539	549	533	549	11
9922	日立機材	0	0	0	0	0
9923	ダイトーエム	380	380	380	380	2
9924	ドミー	0	0	0	0	0
9925	北の家族	1160	1160	1160	1160	1
9926	ダイカ	408	408	408	408	1
9927	ワットマン	0	0	0	0	0
9928	ミロク情報	2050	2050	2000	2010	37
9929	平和紙業	0	0	0	0	0
9930	北沢産	260	260	252	252	35.5
9931	家族亭	0	0	0	0	0
9932	杉本商	0	0	0	0	0
9934	因幡電産	1430	1430	1430	1430	1.2
9935	あずみ	286	286	276	276	3
9936	王将フード	1465	1540	1465	1510	11
9937	セシール	4350	4730	4350	4700	121.5
9938	住金物産	84	84	82	82	46
9939	すみや	0	0	0	0	0
9940	クラヤ薬	1270	1270	1246	1246	29.8
9941	太洋物産	200	200	200	200	3
9943	ココス	625	625	625	625	2
9944	インパクト	2205	2390	2195	2195	66.3
9945	プレナス	6010	6050	6000	6050	21
9946	ミニストップ	2850	2900	2840	2840	24.5
9947	シムリー	1510	1650	1510	1650	130.9
9948	アークス	1700	1700	1640	1640	9
9949	タイヨー	0	0	0	0	0
9950	ハチバン	515	515	510	515	8
9951	カーマ	605	605	600	600	20.4
9952	ドトール	9000	9200	8800	8800	17.3
9953	ダイキ	1359	1359	1298	1300	7.8
9954	東京小僧寿し	0	0	0	0	0
9955	ヨンキュウ	2660	2700	2660	2670	14.7
9956	バロー	0	0	0	0	0
9957	バイテック	1670	1780	1670	1740	20
9958	サリ	360	375	360	360	8
9959	アシード	939	939	870	888	30
9960	東テク	0	0	0	0	0
9961	エムオーテック	175	175	175	175	2
9962	駿河製機	13650	13700	13400	13470	108.3
9963	江守商事	0	0	0	0	0
9964	アイ・テック	850	850	850	850	1
9965	福原	550	550	535	535	2
9966	藤久	2350	2380	2250	2300	16.2
9967	堺商事	0	0	0	0	0
9968	イチヤ	130	130	130	130	2
9969	ショクブン	1020	1040	1010	1040	5
9970	東洋オフィス	450	455	450	455	2
9971	カウボーイ	680	685	670	670	16
9972	アルテック	1590	1650	1550	1640	71
9973	小僧本部	0	0	0	0	0
9974	ベルク	980	980	980	980	1
9975	マルヤ	3230	3250	3230	3250	0.9
9976	セキチュー	600	600	600	600	1
9977	アオキスーパ	447	447	447	447	1
9978	文教堂	3310	3310	3310	3310	59
9979	大庄	1140	1140	1130	1133	39
9980	マルコ	1200	1210	1185	1200	17.1
9981	ニック産業	0	0	0	0	0
9982	タキヒヨー	590	590	590	590	2
9983	ファストリ	36400	36750	34900	35500	119.6
9984	ソフトバンク	106000	124000	103000	124000	1551.4
9985	榮太郎	840	845	840	845	4
9986	蔵王産業	388	388	388	388	1
9987	スズケン	3220	3340	3150	3150	17.6
9988	神港魚類	0	0	0	0	0
9989	サンドラッグ	6000	6100	5950	5950	16.9
9990	東京デリカ	556	556	555	555	2
9991	ジェコス	400	404	388	403	15.4
9992	理研グリン	0	0	0	0	0
9993	ヤマザワ	1490	1490	1490	1490	1
9994	やまや	910	910	810	810	2.6
9995	イーストン	790	790	785	785	19
9996	サトー商会	0	0	0	0	0
9997	ベルーナ	2795	2795	2600	2610	24
