20000822
1001	日経２２５	16076	16455	15985	16455	56.06
1002	ＴＯＰＩＸ	1475	1495	1468	1495	56.06
1301	極洋	144	151	143	151	195
1319	日経300F	286	287	286	287	17
1331	ニチロ	167	169	167	169	107
1332	日水	192	193	189	192	767
1333	マルハ	137	139	137	138	339
1351	宝幸水産	77	77	77	77	17
1352	ホウスイ	93	94	92	92	10
1376	カネコ種	801	801	800	800	6
1377	サカタタネ	2175	2175	2165	2170	32
1378	雪国まいたけ	680	680	670	670	2
1379	ホクト	3210	3250	3200	3200	31.2
1380	秋川牧園	0	0	0	0	0
1491	中外鉱	250	264	247	262	4028
1501	三井鉱山	97	97	96	97	100
1503	住友炭	80	80	79	80	32
1515	日鉄鉱	247	247	242	247	19
1518	三井松島	185	187	182	183	111
1601	帝石	366	383	364	383	542
1603	アラビア石油	336	340	336	340	227.6
1661	ガス開	450	460	448	460	43
1701	昭和鉱	305	305	296	301	137
1702	共立マテリア	400	400	390	390	2
1735	伊田テクノス	0	0	0	0	0
1736	オーテック	305	311	305	310	6
1737	三井エンジ	0	0	0	0	0
1738	ＮＩＴＴＯＨ	0	0	0	0	0
1739	ＳＥＥＤ	361000	361000	361000	361000	0.012
1740	極東工業	367	367	367	367	1
1741	ミサワサンイ	0	0	0	0	0
1742	セコムテクノ	2740	2740	2710	2710	5
1743	コーアツ工業	500	500	500	500	4
1744	キョーエイ	530	530	530	530	1
1745	ミサワホーム東海	0	0	0	0	0
1746	光和建設	0	0	0	0	0
1748	ミサワ北日	300	300	300	300	1
1750	カナック	400	400	400	400	1
1751	日立プラサ	390	390	390	390	1
1752	富士通シス	1300	1320	1300	1310	9
1753	土屋ツバイ	0	0	0	0	0
1754	東新住建	795	805	795	805	3
1755	JFE工建	351	351	351	351	1
1756	和興エンジ	0	0	0	0	0
1757	千年の杜	293	293	292	292	7
1758	太洋基礎	490	495	490	495	2
1759	ジオトップ	0	0	0	0	0
1762	高松建設	1241	1301	1241	1301	1
1763	北陸ミサワ	0	0	0	0	0
1764	工藤建設	290	290	290	290	8
1765	イビデンテック	0	0	0	0	0
1766	東建コーポ	1350	1370	1350	1370	9
1767	沖ウィン	0	0	0	0	0
1768	ソネック	0	0	0	0	0
1770	藤田エンジ	0	0	0	0	0
1772	東北エンタープライズ	0	0	0	0	0
1774	機動建	0	0	0	0	0
1775	富士電Ｅ＆Ｃ	223	223	223	223	1
1776	三井住建道路	103	103	103	103	3
1777	川崎設備	349	349	349	349	2
1778	古河総設	0	0	0	0	0
1779	松本建工	410	410	410	410	1
1780	ヤマウラ	362	363	362	363	1.5
1781	国土総合	0	0	0	0	0
1782	常磐開発	245	245	245	245	1
1783	南野建設	80	80	80	80	2
1784	サワコー	405	405	405	405	3.7
1785	ナナボシ	0	0	0	0	0
1786	オリ建	405	405	395	397	29.6
1787	ナカボテック	225	225	225	225	7
1788	三東工業	0	0	0	0	0
1789	山加電業	0	0	0	0	0
1790	平和奥田	0	0	0	0	0
1791	三井木材	155	155	147	148	27.5
1792	みらい建設Ｇ	209	219	209	219	6
1793	大本組	580	580	580	580	5
1795	マサル	0	0	0	0	0
1796	トヨタウッド	268	269	268	268	3.9
1797	藤木工務店	0	0	0	0	0
1798	守谷商会	499	499	499	499	5
1799	第一建設	215	215	215	215	1
1800	利塚地下技術	195	195	185	185	9
1801	大成建	157	159	155	159	885
1802	大林組	432	451	432	451	1155
1803	清水建	312	318	310	318	905
1804	佐藤工業	52	52	51	52	350
1805	飛島建	42	43	41	43	221
1806	ACリアル	38	39	37	39	3229
1807	渡辺組	0	0	0	0	0
1808	長谷工	37	38	37	38	629
1809	富士工	70	70	68	69	23
1810	松井建	307	310	306	310	16
1811	銭高組	259	259	259	259	1
1812	鹿島	342	343	340	343	1931
1813	不動建	145	145	142	144	39
1814	大末建	69	70	68	69	40
1815	鉄建	117	120	116	119	343
1816	安藤建	229	231	228	231	294
1817	勝村建	145	145	140	144	5
1818	日産建設	95	99	95	98	11
1819	太平工	147	151	147	151	16
1820	西松建	380	386	377	384	356
1821	三井住友建	70	71	70	71	55
1822	大豊建	163	164	160	161	78
1823	住友建設	81	82	81	82	115
1824	前田建	403	410	403	410	132
1825	環境建設	92	93	90	90	181
1826	佐田建	141	143	141	143	10
1827	ナカノフドー建	87	88	86	86	8
1828	田辺工業	0	0	0	0	0
1829	大和建設	80	85	80	85	5
1830	共栄冷機工業	0	0	0	0	0
1831	積水ハ北陸	680	750	680	750	6
1833	奥村組	383	389	381	389	118
1834	小田急建	241	241	240	240	12
1835	東鉄工	235	235	232	234	17
1836	大日本土木	153	153	150	150	6
1837	間組	50	50	48	50	631
1838	古久根建設	97	98	97	98	8
1839	真柄建	154	154	153	153	7
1840	土屋ホーム	291	291	290	291	2.9
1841	サンユ	0	0	0	0	0
1842	昭和テクノ	0	0	0	0	0
1844	大盛工業	133	134	133	134	4
1845	森本組	108	114	108	114	5
1846	鈴縫工	0	0	0	0	0
1847	イチケン	104	104	102	102	10
1848	富士ＰＳ	0	0	0	0	0
1850	南海辰村建	83	83	82	83	9
1851	大木建設	198	198	193	198	7
1852	浅沼組	160	162	158	162	31
1853	森組	109	109	109	109	10
1854	新井組	123	123	119	120	37.8
1855	東急建設	82	83	78	82	1048
1856	ジェイオー建設	261	261	261	261	1
1857	松村組	105	106	105	106	21
1858	井上工	70	79	70	77	80
1860	戸田建	502	503	498	498	272
1861	熊谷組	38	39	37	39	4225
1862	横河工事	0	0	0	0	0
1863	テトラ	215	215	211	213	8
1865	青木あすなろ建	134	134	134	134	1
1866	北野建	238	242	238	242	44
1867	植木組	174	174	174	174	6
1868	三井ホーム	410	415	410	415	29
1869	名工建	0	0	0	0	0
1870	矢作建	379	380	375	379	35
1871	ピーエス三菱	400	400	394	400	23.4
1872	アゼル	310	312	309	311	58
1873	東ハウス	403	403	401	402	20
1874	佐藤秀	0	0	0	0	0
1875	青木マリン	310	310	310	310	2
1877	川田建設	530	530	530	530	1
1878	大東建	1839	1850	1830	1850	147.3
1879	新日本建	226	226	226	226	2
1880	スルガコーポ	0	0	0	0	0
1881	ＮＩＰＰＯ	484	488	482	487	63
1882	東亜道	217	220	217	217	21
1883	前田道	505	513	505	508	70
1884	日道路	163	164	162	164	29
1885	東亜建	136	141	130	136	745
1886	青木建設	35	35	33	35	964
1888	若築建	124	126	124	126	40
1889	佐伯建	140	140	136	140	25
1890	東洋建	85	87	85	87	65
1892	徳倉建	265	265	265	265	2
1893	五洋建	144	144	141	144	246
1895	大成ロテック	161	164	161	164	10
1896	大林道	285	289	280	289	41
1897	金下建	500	500	495	495	2
1898	世紀東急	84	84	84	84	3
1899	福田組	281	281	269	270	18
1900	白石	415	416	399	404	61
1902	山崎建設	0	0	0	0	0
1904	大成温調	340	340	340	340	2
1905	テノックス	0	0	0	0	0
1906	細田工務	350	350	350	350	1
1907	東北ミサワ	570	570	554	555	5
1908	三平建設	468000	468000	468000	468000	0.001
1909	日本ドライ	299	302	295	302	17
1910	フドウ建研	0	0	0	0	0
1911	住友林	800	815	800	810	57
1912	ミサワセラミ	379	379	379	379	1
1913	旭ホームズ	0	0	0	0	0
1914	日基技	500	505	495	505	17.4
1915	東京ミサワホーム	0	0	0	0	0
1916	日成ビルド	164	164	164	164	5
1917	ニッセキハウス	124	124	121	123	98
1919	エスバイエル	257	258	250	258	124
1920	殖産住宅相互	98	99	97	99	379
1921	巴	171	172	171	172	5
1922	大成ユーレック	119	125	119	123	19
1923	ミサワホーム	340	345	337	345	59
1924	パナホーム	717	744	717	738	173
1925	大和ハウス	719	728	716	728	386
1926	ライト	448	448	440	444	47.3
1927	中 部	370	370	305	305	0.5
1928	積ハウス	1110	1145	1109	1140	2355
1929	日特建	195	197	192	192	7
1930	北陸電工	285	290	285	290	5
1931	日本電通	306	309	306	309	10
1932	コミュチュア	490	490	475	475	3
1933	西シス建	220	220	218	218	4
1934	ユアテック	332	337	329	336	133
1935	ＴＴＫ	252	253	251	253	17
1936	シーキューブ	267	267	267	267	0.1
1937	西部電工	327	327	325	325	4
1938	千歳電	0	0	0	0	0
1939	四電工	375	375	370	374	32
1940	つうけん	235	235	235	235	1
1941	中電工	1330	1330	1303	1305	99
1942	関電工	593	595	580	581	332
1943	大明	1020	1020	1007	1011	26
1944	きんでん	659	666	651	662	279
1945	東京エネシス	385	385	384	385	8
1946	トーエネク	410	410	403	408	29
1947	日本コムシス	2070	2105	2070	2090	245
1948	弘電社	410	420	401	420	41
1949	住友電設	567	570	559	569	10.7
1950	電設工	427	445	419	444	440
1951	協エクシオ	1211	1228	1210	1210	133
1952	新日空調	377	377	366	371	15.2
1953	国際電設	0	0	0	0	0
1954	日工営	229	235	228	233	125
1955	東電通	450	451	445	448	99
1956	日電設	405	422	400	422	29
1957	保安工	220	220	220	220	1
1958	三和エレック	300	300	295	295	10
1959	九電工	445	445	421	433	321
1960	サンテック	381	389	381	389	11
1961	三機工	662	662	640	646	154
1962	エルゴテック	0	0	0	0	0
1963	日揮	521	543	521	540	2035
1964	中外炉	372	372	366	366	6
1965	テクノ菱和	545	545	530	530	2.2
1966	高田工	0	0	0	0	0
1967	ヤマト	320	320	310	320	23
1968	太平電	251	251	248	249	54
1969	高砂熱	858	870	858	870	75
1970	日立プラ	288	288	286	287	38
1971	ビルト工	75	90	75	90	21
1972	三晃金	105	105	105	105	2
1973	ＮＥＣシス建	2220	2280	2200	2280	348.5
1974	宮地建設工業	619	619	600	610	6
1975	朝日工	288	293	288	293	19
1976	明星工	139	139	138	139	70
1977	ジェイコス	0	0	0	0	0
1978	アタカ	249	250	247	247	81
1979	大気社	1144	1160	1142	1160	52
1980	ダイダン	506	509	505	509	15
1981	協和日成	0	0	0	0	0
1982	日比谷設	510	519	509	519	22
1983	東芝プラ	247	254	247	252	27
1984	三信建	180	180	180	180	3
1985	大和電設	0	0	0	0	0
1986	日商インター	1010	1010	980	990	13.7
1987	ソルコム	260	265	260	265	4
1988	シボンド建	1358	1360	1310	1347	72.2
1989	北陸電話	295	295	295	295	1
1990	東邦建	230	230	225	225	10
1991	都築通技	0	0	0	0	0
1992	神田通機	0	0	0	0	0
1993	ニッタン	195	195	195	195	5
1994	高橋ウォール	350	350	330	330	2
1995	鈴木工務店	0	0	0	0	0
1996	三菱建設	178	178	178	178	2
1997	暁飯島工業	147	147	147	147	3
1998	日本土建	0	0	0	0	0
2001	日本粉	262	270	259	270	233
2002	日清粉	1073	1078	1055	1070	304
2003	日東粉	207	209	207	208	4
2004	昭和産	186	186	184	186	37
2006	東福粉	89	89	89	89	2
2007	富士粉	151	151	151	151	1
2008	増田粉	205	205	205	205	1
2009	鳥越粉	388	388	386	386	15
2051	農産工	181	190	181	190	113
2052	協同飼	115	117	115	117	50
2053	中部飼	580	580	580	580	1
2055	日和産	227	227	227	227	4
2056	日配飼	128	131	128	131	43
2057	雪印種	560	574	555	555	8
2102	台糖	270	270	266	269	21
2107	東洋糖	145	147	145	147	4
2108	甜菜糖	147	147	146	146	49
2109	三井糖	221	221	216	220	26
2111	フジ製糖	191	191	191	191	1
2112	塩水糖	325	325	325	325	1
2113	新光糖	0	0	0	0	0
2114	フジ日本精糖	237	237	237	237	1
2116	日新糖	128	128	126	126	9
2201	森永	244	245	239	245	313
2202	明菓	632	650	630	650	379
2204	中村屋	282	289	280	289	9
2205	駿河屋	99	99	85	92	5
2206	グリコ	649	659	640	650	297
2207	名糖産	1100	1100	1070	1070	6
2208	ブルボン	790	790	780	780	8
2209	井村屋	0	0	0	0	0
2211	不二家	243	244	241	243	64
2212	山パン	906	914	900	909	91
2213	ナガサキヤ	7	8	7	8	51
2215	一パン	291	295	286	290	32
2216	カンロ	0	0	0	0	0
2217	モロゾフ	207	210	207	210	26
2219	タカラブネ	110	110	105	105	6
2220	亀田製菓	521	521	511	511	5
2221	岩塚製菓	1030	1030	1030	1030	1
2222	寿製菓	471	471	471	471	2
2224	コモ	1500	1510	1500	1510	2
2261	明乳	491	500	485	500	304
2262	雪印	445	448	438	440	1107
2264	森永乳	292	294	285	291	116
2266	六甲バタ	387	390	379	379	11
2267	ヤクルト	1122	1160	1112	1143	215
2268	サーティワン	0	0	0	0	0
2281	プリマ	147	147	142	145	72
2282	日ハム	1440	1494	1425	1494	429
2284	伊藤ハ	420	420	418	420	232
2286	林兼	165	166	153	161	157
2287	雪印食品	205	214	205	214	9
2288	丸大食	173	175	172	172	113
2289	相模ハム	625	630	625	630	2
2290	米久	1250	1330	1250	1297	126.5
2291	福留ハ	181	181	181	181	1
2292	ＳＦＯＯＤＳ	975	985	965	985	8
2293	滝沢ハム	0	0	0	0	0
2294	柿安本店	1140	1150	1140	1150	4
2501	サッポロＨＤ	363	370	362	370	468
2502	アサヒ	989	1000	985	1000	848
2503	キリン	1187	1220	1187	1220	1123
2531	宝ＨＤ	2080	2130	2070	2130	822
2533	オエノンＨＤ	248	248	241	247	11
2536	メルシャン	299	310	292	310	227
2538	マルキン忠勇	165	169	162	162	20
2540	養命酒	679	680	668	680	21
2541	ニッカ	272	273	272	273	4
2571	中京コカ	971	971	960	961	11
2572	三国コカ	1200	1214	1182	1185	463
2573	北海コカ	1056	1056	1056	1056	1
2575	三笠コカ	745	745	745	745	8.7
2576	近畿コカ	1190	1251	1190	1250	36
2577	富士コカ	920	925	920	920	14
2578	四国コカ	1085	1100	1085	1100	16.1
2579	コカウエスト	2950	3000	2900	2900	69.2
2591	カルピス	494	498	490	498	41
2592	ポッカ	440	445	438	445	23
2593	伊藤園	7900	7900	7800	7900	61.1
2594	キーコーヒー	1400	1410	1390	1410	6.2
2595	キリンビバ	2895	3080	2880	2945	238
2596	キューサイ	2755	2770	2730	2760	30.4
2597	ユニカフェ	2290	2290	2260	2290	6.6
2598	アサヒ飲料	901	904	890	890	55
2599	ジャパンＦ	1000	1030	1000	1030	19
2601	ホーネンコーポ	187	189	187	189	36
2602	日清オイリオ	330	346	329	346	251
2604	吉原製油	301	302	301	301	4
2605	熊沢製油	285	285	285	285	1
2607	不二油	855	898	855	892	98
2608	ボーソー	171	171	171	171	1
2611	摂津油	0	0	0	0	0
2612	かどや製油	825	825	820	825	0.9
2650	橘テクトロン	1200	1200	1200	1200	55
2651	ローソン	5650	5730	5560	5730	165.4
2652	まんだらけ	460000	460000	453000	456000	0.021
2653	イオン九州	745	760	740	740	6
2654	シンワ	331	331	330	330	6
2655	マックス東北	690	720	680	720	17
2656	ベクター	2600000	2640000	2520000	2590000	0.048
2801	キッコマン	775	785	772	785	460
2802	味の素	1195	1214	1171	1214	779
2804	ブルドック	626	626	626	626	1
2805	エスビー	580	580	580	580	1
2806	ユタカフーズ	890	900	890	900	2
2808	サンビシ	0	0	0	0	0
2809	キユーピー	916	925	916	923	135
2810	ハウス食品	1550	1570	1550	1555	107
2811	カゴメ	1162	1162	1153	1160	77
2812	焼津水化	1552	1630	1550	1550	100
2813	和弘食品	131	135	131	135	4
2814	佐藤食品	900	900	900	900	2
2815	アリアケ	7150	7200	7100	7200	10.9
2816	ダイショー	750	750	750	750	3
2817	ギャバン	0	0	0	0	0
2830	アヲハタ	0	0	0	0	0
2831	はごろも	1240	1250	1240	1250	2
2871	ニチレイ	392	405	392	405	555
2872	セイヒョー	0	0	0	0	0
2873	加ト吉	2745	2745	2695	2695	46.2
2874	ヨコレイ	710	710	705	710	24
2875	東洋水	1013	1039	1003	1039	101
2876	ＪＣコムサ	0	0	0	0	0
2877	日東ベスト	1070	1070	1070	1070	3.7
2878	赤城水産	0	0	0	0	0
2879	ニチロサンフズ	443	443	443	443	3
2891	酵母工	500	530	500	530	38
2892	日食品	327	327	327	327	1
2893	ローマイヤ	0	0	0	0	0
2894	石井食	0	0	0	0	0
2897	日清食	2880	2900	2865	2900	142.5
2898	ソントン	1001	1005	1000	1005	4
2899	永谷園	869	870	868	868	14
2900	明星食	240	243	239	240	8
2901	石垣食	0	0	0	0	0
2902	太陽化	570	570	570	570	1
2903	シノブフズ	162	162	162	162	1
2904	一正蒲鉾	0	0	0	0	0
2905	オーケー食	0	0	0	0	0
2906	ホッコク	0	0	0	0	0
2907	あじかん	580	585	575	580	5
2908	フジッコ	1660	1683	1660	1682	12
2909	トオカツフズ	291	291	291	291	1
2910	Ｒフィールド	5400	5500	5380	5400	24.5
2911	旭松食品	750	750	750	750	1
2912	鐘崎	262	262	262	262	1
2913	フジフーズ	265	265	265	265	1
2914	ＪＴ	858000	876000	858000	876000	0.749
2915	ケンコーマヨ	0	0	0	0	0
2916	仙波糖化	330	330	330	330	1
2917	大森屋	775	775	775	775	3
2918	わらべ日洋	1144	1144	1120	1120	4
2920	ケイビー	0	0	0	0	0
2921	フクシマフズ	0	0	0	0	0
2922	なとり	1200	1210	1200	1200	9
3001	片倉	507	507	506	506	4
3002	グンゼ	365	376	365	370	849
3003	昭栄	1005	1010	1003	1010	15
3004	神栄	160	164	160	160	15
3007	神戸生絲	51	53	51	53	19
3009	川島織	174	179	172	177	461
3010	上毛	660	675	655	660	33
3011	バナーズ	101	101	101	101	2
3101	東洋紡	214	219	213	215	1101
3102	カネボウ	317	327	315	327	1046
3103	ユニチカ	68	70	67	69	1974
3104	富士紡Ｈ	67	67	66	66	30
3105	日清紡	480	525	480	515	635
3106	クラボウ	162	162	160	162	97
3107	ダイワボウ	110	110	108	108	23
3109	シキボウ	81	82	81	82	45
3110	日東紡	132	136	132	135	1055
3111	オーミケン	81	85	81	82	3
3113	ＢＳＬ	70	70	67	70	23
3114	同興紡	110	110	110	110	25
3115	テザック	58	58	57	58	51
3116	トヨタ紡織	810	810	790	803	12
3117	興和紡	310	315	310	315	7
3121	アセットイン	0	0	0	0	0
3123	サイボー	585	585	585	585	1
3125	内外綿	0	0	0	0	0
3128	テラボウ	0	0	0	0	0
3129	ファブリカＴ	123	123	123	123	2
3201	日毛	424	425	420	423	55
3202	大東紡	98	101	98	100	13
3203	東亜紡織	91	91	91	91	6
3205	ダイドー	342	378	342	374	755
3206	南海毛糸紡績	90	91	90	91	4
3207	中央毛	160	160	153	158	8
3209	カネヨウ	111	111	110	110	12
3211	太陽毛絲紡	0	0	0	0	0
3216	御幸ＨＤ	420	420	420	420	1
3302	帝繊維	205	205	192	195	17
3304	トスコ	102	104	101	101	18
3306	日本麻	60	60	60	60	7
3401	帝人	410	420	410	420	1634
3402	東レ	393	400	391	391	1571
3403	東邦テナ	110	113	110	113	78
3404	三菱レ	291	298	290	298	939
3405	クラレ	1000	1024	994	1022	939
3407	旭化成	697	704	696	704	2420
3408	サカイオーベ	100	100	100	100	7
3409	北日紡	120	120	120	120	5
3411	オートリ	168	170	168	170	11
3420	ケーエフシー	0	0	0	0	0
3421	稲葉製作	1320	1350	1272	1276	11.6
3422	丸順	425	430	425	430	4
3423	エスイー	0	0	0	0	0
3424	ミヤコ	421	425	415	425	11
3425	本郷	0	0	0	0	0
3501	住江織	118	119	118	119	5
3503	東和織	53	53	49	49	2
3512	フエルト	307	307	307	307	4
3513	イチカワ	238	242	238	242	21
3514	バイリーン	250	250	247	250	38
3515	フジコー	0	0	0	0	0
3521	エコナック	91	91	91	91	11
3524	日東網	93	93	93	93	3
3526	芦森工	212	215	210	215	33
3528	グローベルス	162	164	156	164	40
3529	アツギ	102	102	100	100	154
3532	堀田産	58	58	58	58	3
3533	ダイオ化成	690	690	690	690	4
3534	ＮＢＣ	1070	1070	1070	1070	1
3551	ダイニック	177	177	175	177	10
3552	洋クロス	237	255	237	255	13
3553	共和レ	450	466	450	466	4
3569	セーレン	420	425	412	425	28
3570	オリカキャピ	150	150	147	149	9
3571	ソトー	535	545	535	545	5
3572	大同マルタ	0	0	0	0	0
3576	カンボウ	0	0	0	0	0
3577	東海染	133	133	132	133	5
3578	倉庫精	125	125	125	125	1
3580	小松精	320	320	320	320	1
3581	岐セン	0	0	0	0	0
3583	オーベクス	0	0	0	0	0
3584	福助	171	171	166	170	12
3585	トムスエンタ	419	420	391	395	182
3587	ＩＢダイワ	170	172	161	162	180
3588	丸山工	0	0	0	0	0
3591	ワコール	925	925	922	925	203
3592	ＣＨＯＹＡ	210	210	210	210	1
3593	ホギメデ	6940	6960	6890	6930	11.8
3594	モリシタ	0	0	0	0	0
3595	ヤギコーポ	365	365	360	360	2
3596	ワールド	3630	3650	3540	3650	58.5
3597	自重堂	719	719	719	719	1
3598	山喜	259	259	259	259	1
3599	コーコス	0	0	0	0	0
3600	フジックス	0	0	0	0	0
3601	ニチメンイン	1470	1490	1470	1489	3.5
3602	イタリヤード	190	193	190	193	4
3603	チャッコット	550	550	550	550	1
3706	東海パ	440	440	440	440	12
3861	王子紙	701	730	701	720	712
3863	日本製紙	700	732	691	730	2458
3864	三菱紙	245	257	244	257	445
3865	北越紙	900	919	893	909	506
3868	高崎三興	107	108	106	108	60
3869	日本板紙	248	248	244	247	11
3870	日本加工製紙	82	82	81	82	12
3871	大昭和紙	406	429	405	426	19
3872	三島紙	163	163	163	163	1
3877	中越パ	293	306	293	300	111
3878	巴川紙	515	525	513	525	17
3880	大王紙	1061	1087	1061	1080	57
3881	特種紙	412	426	412	423	15
3882	紀州紙	209	210	207	209	40
3886	チューエツ	98	98	98	98	2
3887	中央板紙	105	110	105	110	6
3889	大平製紙	0	0	0	0	0
3890	ゼネＫＫ	640	641	620	630	13
3891	高度紙	1600	1600	1550	1590	17
3941	レンゴー	580	595	580	594	921
3944	古林紙	0	0	0	0	0
3945	スパバッグ	181	181	181	181	5
3946	トーモク	219	220	217	220	32
3947	ダイナパック	469	475	469	475	4
3948	光ビジネス	611	611	610	610	3
3949	日本ハイパック	243	243	243	243	1
3950	ザ・パック	0	0	0	0	0
3951	朝日印刷	0	0	0	0	0
3952	中央紙器	0	0	0	0	0
3953	大村紙業	0	0	0	0	0
3954	昭和パックス	0	0	0	0	0
3955	イムラ封筒	750	750	750	750	1
3971	東セロ	307	307	307	307	1
4003	コープケミ	101	103	101	103	4
4004	昭電工	158	162	157	162	1394
4005	住友化学	518	528	517	527	1816
4007	日化成	160	163	160	162	44
4008	住友精化	271	272	263	271	16
4010	三菱化学	368	376	365	376	1654
4021	日産化	763	773	749	770	522
4022	ラサ工	289	296	288	295	173
4023	呉羽化	291	299	289	293	84
4025	多木化	382	390	381	385	20
4026	神島化	0	0	0	0	0
4027	テイカ	270	278	270	277	42
4028	石原産	167	168	164	168	166
4031	チッカリン	369	370	365	368	9
4032	日東バイオン	200	200	190	190	5
4033	日東エフシー	412	412	410	410	4
4041	日曹達	378	393	378	393	535
4042	東ソー	407	408	403	406	1119
4043	トクヤマ	646	655	645	650	283
4044	セ硝子	620	620	611	619	634
4045	東合成	238	247	238	242	398
4046	ダイソー	228	235	228	233	18
4047	関電化	492	497	480	486	56
4050	鶴見曹達	471	471	471	471	6
4061	電化	423	433	423	430	1252
4062	イビデン	2230	2270	2200	2270	258
4063	信越化	4900	5100	4860	5070	985
4064	カーバイド	130	130	126	127	43
4065	紀文フ	418	418	408	410	4
4077	富士チタン工業	490	508	490	508	3
4078	堺化学	758	762	750	757	108
4079	ハクスイテック	1600	1600	1600	1600	0.5
4080	田中化研	2130	2300	2100	2300	34
4086	日本エア・リキード	545	565	542	565	371
4088	エアウォータ	370	376	365	371	125
4089	大阪酸素工業	233	237	232	232	10
4091	大陽日酸	390	401	389	400	962
4092	日本化	374	383	368	368	217
4093	アセチレン	87	89	87	89	8
4094	日化産	288	290	288	290	6
4095	パーカライ	370	370	361	370	14
4096	昭炭酸	284	284	275	282	15
4097	高圧ガス	325	330	322	330	78
4098	チタン	183	195	183	195	6
4099	四国化	351	360	350	360	9
4100	戸田工	630	634	620	634	41
4101	日興酸素	0	0	0	0	0
4102	丸尾カル	0	0	0	0	0
4103	大陽東洋酸素	205	207	200	204	264
4104	タテホ	235	235	235	235	1
4105	メルテックス	859	859	850	850	3
4106	ケムキャット	0	0	0	0	0
4107	伊勢化	408	408	400	400	18
4109	ステラケミ	6030	6030	5700	5850	10.9
4112	保土谷	181	186	180	186	17
4113	田岡化	355	355	355	355	3
4114	日触媒	605	607	598	600	124
4115	本州化	800	800	790	790	5
4116	大日精	387	395	387	395	12
4117	川崎化	142	142	142	142	6
4118	カネカ	1161	1198	1140	1198	394
4119	ピグメント	346	346	335	338	27
4120	スガイ	310	310	310	310	1
4123	山化成	820	820	790	790	14
4151	協発酵	884	895	881	894	533
4182	菱ガス化	349	355	349	349	356
4183	三井化学	544	554	531	548	3026
4185	ＪＳＲ	729	732	720	726	566
4186	東応化	2240	2285	2205	2285	50.5
4187	大有機	575	575	575	575	3
4201	日合成	151	154	150	154	42
4202	ダイセル	299	310	298	310	341
4203	住友ベ	1338	1364	1330	1364	529
4204	積水化	403	408	400	404	426
4205	ゼオン	570	572	565	568	516
4206	アイカ	811	850	810	850	70
4208	宇部興	284	285	279	284	1144
4209	フドー	106	106	106	106	2
4210	東洋化学	470	470	465	468	28
4212	積水樹	385	385	380	382	61
4213	菱樹脂	220	224	220	224	74
4214	高分子	395	395	390	392	35
4215	タキロン	425	430	425	428	118
4216	旭有機	328	335	328	335	35
4217	日立化	2295	2350	2280	2350	179
4218	ニチバン	388	391	380	381	30
4219	プラス・テク	105	105	105	105	1
4220	リケンテクノ	331	332	330	331	22
4221	大倉工	392	403	390	403	67
4222	児玉化	77	85	75	85	12
4224	ロンシール	79	79	79	79	1
4225	筒中	344	345	338	340	23
4226	テスコ	0	0	0	0	0
4227	郡是高分子	0	0	0	0	0
4228	積化成	201	202	198	199	127
4229	群栄化	175	175	171	174	78
4231	タイガポリ	0	0	0	0	0
4232	東芝ケミカル	349	349	340	341	15
4233	ワコー	0	0	0	0	0
4234	サンエー化研	800	820	800	820	13
4271	カーリット	812	812	809	809	3
4272	日化薬	607	619	601	618	337
4274	細火工	0	0	0	0	0
4361	川口化	155	155	155	155	1
4362	日精化	430	430	421	421	11
4363	新日鐵化学	199	199	190	195	82
4364	マナック	510	510	510	510	1
4365	松本油脂	2010	2020	2010	2020	4
4366	ダイトーケミ	0	0	0	0	0
4367	広栄化学	300	300	300	300	2
4401	旭電化	845	854	844	853	768
4403	日油脂	247	252	247	250	202
4404	ミヨシ	257	258	255	258	102
4406	日理化	600	620	600	615	19
4409	東邦化	0	0	0	0	0
4410	ハリマ化成	425	430	425	430	10
4452	花王	2880	2950	2840	2950	1112
4461	一工薬	357	362	347	357	9
4462	石原薬品	0	0	0	0	0
4463	日華化学	395	395	395	395	1
4471	三洋化	937	964	937	964	119
4501	三共	2360	2460	2360	2455	638
4502	武田	6450	6540	6400	6540	1289
4503	アステラス薬	5080	5230	5030	5220	507
4505	第一製薬	2605	2750	2590	2730	1039
4506	大日薬	1385	1430	1369	1430	774
4507	塩野義	1880	1915	1835	1890	339
4508	田辺薬	783	800	780	792	293
4509	三菱ウェルファーマ	838	842	812	813	694
4511	藤沢薬品	3570	3690	3530	3630	729
4512	わかもと	450	488	450	488	16
4514	帝臓器	761	780	761	780	8
4515	萬有製薬	2210	2290	2210	2290	209
4516	日新薬	944	949	930	949	34
4517	ビオフェル	959	1000	959	1000	8
4518	富山化	513	555	513	555	1839
4519	中外薬	1950	1967	1945	1950	572
4520	和光堂	3290	3300	3290	3300	0.5
4521	科研薬	716	737	705	737	122
4523	エーザイ	3090	3160	3050	3160	477
4524	仁丹	1690	1700	1630	1630	25
4526	理ビタ	1580	1590	1580	1590	2
4527	ロート	1239	1239	1200	1226	24
4528	小野薬	4540	4540	4450	4480	98
4529	日研化	388	395	382	395	34
4530	久光薬	1674	1697	1655	1694	105
4531	有機薬	387	387	387	387	3
4534	持田薬	714	715	702	713	39
4535	大正薬	3440	3530	3420	3450	246
4536	参天薬	2350	2400	2350	2395	209
4537	エスエス	1003	1025	1003	1025	84
4538	扶桑薬	618	619	606	617	16
4539	ケミファ	262	270	262	265	49
4540	ツムラ	388	393	387	393	23
4541	日医工	170	170	170	170	2
4542	三笠薬	430	430	430	430	1
4543	テルモ	2955	3090	2930	3010	328.3
4544	みらかＨＤ	696	700	690	700	59
4545	国際試薬	0	0	0	0	0
4546	北陸製薬	1400	1480	1398	1459	519
4547	キッセイ	2200	2280	2200	2280	74
4548	生化学	1090	1100	1070	1100	12
4549	栄研化	1644	1645	1610	1645	27
4550	日水薬	613	615	613	615	3
4551	鳥居薬	2805	2880	2805	2880	14.7
4552	日本ケミカル	775	775	770	775	12
4553	東和薬品	750	750	746	747	15
4554	富士製薬	360	370	360	370	3
4555	沢井製薬	1340	1350	1310	1320	2.5
4556	カイノス	1240	1240	1220	1240	18
4557	医学生物	4350	4500	4300	4500	16
4558	中京医薬	1000	1000	1000	1000	1
4559	ゼリア新薬	1200	1200	1185	1185	9
4560	キョーリン薬	4050	4050	4040	4050	19
4561	デンカ生研	0	0	0	0	0
4611	大日塗	182	182	180	182	25
4612	日本ペ	336	350	336	350	149
4613	関西ペ	280	280	275	280	83
4614	トウペ	161	161	160	160	9
4615	神東塗	135	135	129	130	3
4616	川上塗	118	118	118	118	2
4617	中国塗	230	235	227	231	41
4619	日特塗	256	262	255	262	5
4620	藤倉化	408	410	408	410	37
4621	ロック	0	0	0	0	0
4622	ユニペイン	0	0	0	0	0
4623	アサヒペン	290	291	290	291	23
4624	イサム	425	425	400	400	4
4625	アトミクス	0	0	0	0	0
4626	太陽インキ	6030	6030	5900	5900	4.7
4627	ナトコ	870	880	870	880	11
4628	エスケー化研	0	0	0	0	0
4629	大伸化学	0	0	0	0	0
4631	インキ	398	405	395	404	783
4633	サカタＩＮＸ	283	285	280	285	12
4634	洋インキ	214	223	214	220	247
4635	東インキ	246	246	246	246	4
4636	Ｔ＆Ｋ	2800	2800	2800	2800	0.7
4640	アンドール	615	615	505	505	55
4641	アルプス技	1730	1730	1730	1730	1
4642	オリジナル設	980	980	980	980	1.5
4643	コナミスポ	8110	8150	7950	7950	13.3
4644	イマジニア	1850	1850	1750	1750	5.7
4645	市進	259	259	259	259	1
4646	ジャスフォート	950	980	950	980	0.5
4649	大成	0	0	0	0	0
4650	スガイエンタ	580	580	580	580	0.1
4651	サニックス	7050	7050	6820	7000	17.7
4652	ウッドランド	2500	2500	2500	2500	2.2
4653	ダイオーズ	0	0	0	0	0
4654	ニチゾウテク	306	306	306	306	1
4655	ＮＯＶＡ	590	710	590	710	63
4656	サン・ライフ	0	0	0	0	0
4657	環境管理	0	0	0	0	0
4658	日本空調	0	0	0	0	0
4659	エイジス	0	0	0	0	0
4660	ニッポン放送	6100	6500	6080	6500	29
4661	ＯＬＣ	10050	10250	10050	10190	33.1
4662	フォーカス	4150	4160	4000	4100	14.6
4663	ＡＴＬ	560000	560000	560000	560000	0.013
4664	ＲＳＣ	0	0	0	0	0
4666	パーク２４	12500	12500	12100	12250	12.7
4667	アイサンテク	345	345	325	325	3
4668	明光ネット	0	0	0	0	0
4669	ニッパンＲ	400	400	400	400	4
4670	セタ	0	0	0	0	0
4671	ファルコバ	2100	2200	2030	2200	16
4672	ベルックス	0	0	0	0	0
4673	川崎地質	0	0	0	0	0
4674	クレスコ	9000	9100	8910	8950	2.1
4675	エヌエス環境	0	0	0	0	0
4676	フジテレビ	1610000	1610000	1560000	1600000	2.187
4677	デザイ	0	0	0	0	0
4678	秀英	1300	1300	1300	1300	1.6
4679	田谷	3180	3180	3100	3100	12
4680	ラウンドワン	224000	224000	217000	220000	0.31
4681	リゾートトラ	2540	2600	2540	2590	16.8
4682	電通テック	11400	11700	11400	11700	3.7
4683	堀内カラー	590	591	580	580	10
4684	オービック	50900	51400	49850	51400	10.9
4685	菱友システム	0	0	0	0	0
4686	ジャスト	4810	5050	4750	5000	23.4
4687	ＴＤＣソフト	0	0	0	0	0
4688	日本ドレーク	12800	12800	12100	12600	3.9
4689	ヤフー	32800000	32800000	31650000	32500000	0.013
4690	日パレット	0	0	0	0	0
4692	アルゴ２１	4530	4550	4410	4480	19
4694	ＢＭＬ	3600	3800	3500	3800	11.9
4695	マイスター	552	562	552	562	5
4696	ワタベ	1070	1070	1070	1070	1
4697	ゼロ	400000	400000	365000	389000	0.045
4699	ウチダエスコ	0	0	0	0	0
4700	アクセス	7000000	7200000	7000000	7150000	0.03
4701	プレック研	610	610	610	610	1
4702	55ステーション	715	715	715	715	1
4703	住商オート	915	920	895	905	17.2
4704	トレンド	16900	16910	16110	16440	188.5
4705	クリップ	0	0	0	0	0
4706	富士通サポート	12500	12640	12350	12500	49.6
4707	キタック	0	0	0	0	0
4708	もしもしＨＬ	9980	10200	9700	9850	2.7
4709	ＩＤ	1150	1150	1150	1150	0.2
4710	ウィン	0	0	0	0	0
4711	コミュニティ	1215	1215	1180	1213	1.8
4712	アドアーズ	0	0	0	0	0
4713	日信電サ	1250	1250	1250	1250	0.1
4714	リソー教育	215000	218000	213000	213000	0.004
4715	クリエイティブ	0	0	0	0	0
4716	日本オラクル	31000	31400	29790	30900	60.8
4717	ソデッソジャパン	0	0	0	0	0
4718	早稲アカ	0	0	0	0	0
4719	アルファシス	14240	14450	14000	14200	9.3
4720	城南進研	0	0	0	0	0
4721	フジスタッフ	2450	2470	2380	2440	12.8
4722	フューチャー	1780000	1780000	1690000	1750000	0.073
4723	グッドウィル	350000	365000	330000	350000	0.605
4724	シチエ	1040	1040	1000	1010	5
4725	ＣＡＣ	6030	6100	6030	6100	4.9
4726	ソフトバンテク	7520	7550	7450	7550	5.5
4727	アジアＳ総研	2600	2600	2550	2550	2.6
4728	トーセ	6030	6250	6030	6060	9.3
4729	コナミスタジオ	556000	560000	553000	560000	0.011
4730	関西メンテ	740	740	700	700	10
4731	ユニバホーム	980000	980000	980000	980000	0.006
4732	ＵＳＳ	3500	3500	3460	3500	18.2
4733	ＯＢＣ	18000	18300	17400	18300	25.4
4734	ビーイング	960	960	900	930	17
4735	京進	0	0	0	0	0
4736	日本ラッド	0	0	0	0	0
4737	シダックス	1360	1390	1330	1330	3.4
4738	日立ビジネス	1860	1928	1800	1928	13.2
4739	ＣＴＣ	17900	19590	17650	19590	502.5
4740	ニューディル	1070000	1110000	1050000	1110000	0.035
4741	ＩＲＩ	6000000	6000000	5900000	5900000	0.002
4742	エイトコン	0	0	0	0	0
4743	アイティフォ	5450	5500	5300	5500	10.8
4744	メッツ	880000	883000	851000	883000	0.017
4745	東京個別	4300	4350	4200	4350	7
4746	東計電算	1140	1160	1140	1160	3
4747	Ｃフィッシュ	2850000	2850000	2850000	2850000	0.001
4748	構造計画	1380	1380	1380	1380	1
4749	アドバックス	305	310	305	310	7
4750	ダイサン	351	351	351	351	1
4751	サイバエージ	970000	970000	970000	970000	0.001
4752	昭和システム	495	495	490	490	2
4753	ライブドア	2910000	2910000	2910000	2910000	0.001
4754	トスネット	400	400	400	400	1
4755	楽天	3180000	3230000	2800000	2810000	0.807
4756	ＣＣＣ	2300	2300	2300	2300	1
4757	インテリ	2550000	2650000	2400000	2400000	0.105
4758	シーアイエス	9910000	9910000	9500000	9500000	0.004
4759	ライブＭ	2650000	2650000	2490000	2500000	0.004
4760	ＡＬＰＨＡ	630	630	610	625	12
4761	さくらＫＣＳ	901	901	900	900	2
4762	エクスネット	0	0	0	0	0
4763	クリークリバ	1850000	1850000	1850000	1850000	0.001
4764	Ｄデザイン	1500000	1500000	1490000	1500000	0.007
4765	モーニングＳ	4750000	4750000	4650000	4750000	0.005
4766	ピーエイ	1300	1300	1261	1261	9
4767	ＴＯＷ	940	940	940	940	1
4768	大塚商会	7020	7150	7020	7090	44.2
4769	インフォクリ	750	750	710	745	7
4770	エルミック	0	0	0	0	0
4771	Ｆ＆Ｍ	2300000	2300000	2300000	2300000	0.002
4772	デジタルアド	2035	2090	2000	2070	24
4773	Ａ＆Ｉ	1889	1900	1830	1900	25
4774	NECソフト	13390	13400	13100	13190	46.9
4775	総合メディカ	1750	1800	1700	1750	10.2
4777	ガーラ	0	0	0	0	0
4901	富士写	3900	3950	3880	3950	817
4902	コニカＨＤ	946	970	944	960	972
4911	資生堂	1300	1345	1296	1345	612
4912	ライオン	402	410	402	410	209
4913	サンスター	361	363	361	361	35
4914	高砂香	459	465	457	465	36
4915	エイボンＪ	246	246	246	246	8
4916	ノエビア	1110	1120	1110	1120	6
4917	マンダム	1500	1530	1300	1350	463.6
4918	アイビー	0	0	0	0	0
4919	ミルボン	7000	7010	6700	6760	31.1
4920	日本色材	0	0	0	0	0
4921	ファンケル	10100	10100	9860	10100	26.3
4922	コーセー	3190	3220	3170	3200	22.4
4951	エステー化	670	670	660	670	6
4953	タイホー工業	0	0	0	0	0
4954	マークテック	375	375	375	375	1
4955	アグロカネシ	730	735	730	730	7
4956	コニシ	1026	1026	1002	1025	2.7
4957	ヤスハラケミ	0	0	0	0	0
4958	長谷川香料	1850	1850	1850	1850	0.6
4959	シーシーアイ	0	0	0	0	0
4960	ケミプロ	390	390	390	390	2
4961	日油技研	780	780	760	760	3
4963	星光ＰＭＣ	561	561	560	561	4
4964	星光化学工業	350	350	350	350	0.1
4965	曽田香料	0	0	0	0	0
4966	上村工	2150	2150	2150	2150	4
4967	小林製薬	7200	7800	6990	7780	653.5
4968	荒川化工	911	920	911	920	4
4970	東洋合成	1400	1550	1400	1550	27
4987	寺岡製	725	725	715	715	2
4989	イハラケミ	230	233	222	222	23
4990	昭和化	0	0	0	0	0
4992	北興化	340	340	339	340	4
4996	クミアイ化	193	197	193	195	42
4997	日農薬	261	270	260	265	245
4998	フマキラ	195	195	195	195	16
4999	セメダイン	0	0	0	0	0
5001	新日本石油	620	620	610	620	1054
5002	昭和シェル	530	550	529	549	313
5006	興亜石油	296	296	292	292	66
5007	コスモ石	206	208	204	206	662
5008	東亜石	115	119	115	118	102
5009	富士興	79	79	78	79	7
5010	日精蝋	0	0	0	0	0
5011	ニチレキ	477	488	477	488	20
5012	東燃ゼネ石	529	534	524	526	675
5013	ユシロ	551	565	551	565	4
5014	ジャパンエナジー	111	117	110	116	9124
5015	ＢＰカスト	670	670	660	660	3.6
5101	浜ゴム	254	260	251	259	497
5102	大機エンジ	202	202	202	202	2
5103	昭ゴム	216	234	210	231	414
5104	日東化工	112	112	112	112	1
5105	洋ゴム	150	155	150	155	202
5106	オーツタイヤ	208	209	205	209	37
5108	ブリヂストン	1555	1605	1527	1600	3754
5110	住友ゴ	663	688	661	684	312
5121	藤ゴム	215	215	210	215	5
5122	オカモト	275	275	270	275	71
5123	ミサワ東洋	170	170	170	170	1
5142	アキレス	166	167	163	163	94
5143	世界長	153	153	150	153	17
5161	西川ゴム	0	0	0	0	0
5162	朝日ラバー	1190	1190	1150	1180	7
5184	ニチリン	341	341	341	341	1
5185	フコク	0	0	0	0	0
5186	ニッタ	1238	1260	1230	1260	33.8
5187	クリエート	770	770	740	750	15
5188	帝都ゴム	0	0	0	0	0
5189	桜ゴム	0	0	0	0	0
5191	東海ゴ	1090	1095	1084	1085	31
5192	三星ベ	279	280	278	280	24
5193	平成ポリマー	0	0	0	0	0
5194	相模ゴ	0	0	0	0	0
5195	バンドー	220	225	219	224	95
5196	鬼ゴム	103	103	96	96	19
5199	不二ラテ	0	0	0	0	0
5201	旭硝子	981	1000	981	1000	1319
5202	板硝子	1931	1980	1920	1980	3112
5204	石塚硝	259	259	253	258	7
5205	日本無機	450	450	430	448	78
5208	有沢製	3300	3400	3250	3400	45
5210	日山村硝	183	183	178	182	112
5212	不二硝	320	320	320	320	6
5213	芝セラミ	750	757	743	752	494
5214	日電硝	2125	2230	2105	2230	198
5215	旭テクノグラス	1270	1270	1210	1230	7
5216	倉元	1990	2050	1970	2050	68.4
5217	テクノクオツ	2300	2300	2270	2270	2
5232	住友大阪	537	560	535	560	1572
5233	太平洋セメ	180	182	176	182	1178
5234	デイ・シイ	161	164	161	164	6
5237	ノザワ	104	104	104	104	1
5261	ミサワリゾ	280	280	269	273	20
5262	日ヒューム	232	234	230	233	19
5266	テイヒュー	0	0	0	0	0
5267	ハネックス	117	117	117	117	9
5268	旭コン	319	319	316	317	3
5269	日コン	119	119	119	119	2
5271	トヨアサノ	149	149	149	149	1
5272	浅野スレ	136	136	136	136	5
5273	三谷セキ	271	271	270	270	6
5274	ゼニパイプ	148	148	148	148	1
5276	石建工	399	400	399	400	5
5277	スパンクリト	350	350	350	350	1
5278	エバタ	0	0	0	0	0
5279	日本興業	221	221	220	220	6
5280	ヨシコン	0	0	0	0	0
5281	旭ダンケ	0	0	0	0	0
5282	ジオスター	948	948	948	948	2
5283	高見沢	0	0	0	0	0
5284	ヤマウ	0	0	0	0	0
5285	ヤマックス	510	600	500	580	101
5286	武井工業	290	290	290	290	1
5287	イトヨーギョ	979	979	979	979	2
5301	東海カ	280	294	280	292	1028
5302	カーボン	117	119	115	118	91
5304	エスイ−シ−	0	0	0	0	0
5331	ノリタケ	495	495	488	495	157
5332	ＴＯＴＯ	872	890	872	880	1391
5333	ガイシ	1547	1580	1520	1580	1368
5334	特殊陶	1853	1905	1840	1891	2299
5336	INAX	603	619	603	617	177
5337	ダントー	390	390	380	381	30
5338	大トー	201	201	199	199	18
5341	アサヒ陶	0	0	0	0	0
5342	ジャニス	67	68	67	67	20
5343	ニッコー	350	350	350	350	1
5344	ＭＡＲＵＷＡ	3850	3900	3750	3820	28.7
5351	白煉瓦	212	215	210	215	47
5352	黒崎	170	170	166	170	20
5355	ルツボ	140	140	140	140	5
5356	美濃窯	0	0	0	0	0
5357	ヨータイ	212	212	202	211	7
5358	イソライト	206	206	206	206	3
5361	東海熱	705	714	700	714	50
5362	九州耐	270	270	270	270	3
5363	ＴＹＫ	200	200	198	200	11
5367	ニッカトー	902	902	888	888	4
5382	中央商事	0	0	0	0	0
5383	三共理化	0	0	0	0	0
5384	フジミインコ	4600	4600	4420	4550	11.2
5386	鶴弥	681	681	681	681	1
5387	チヨダウーテ	940	950	940	950	11
5388	クニミネ	0	0	0	0	0
5389	日レヂボン	0	0	0	0	0
5390	宇部マテリア	148	150	148	150	8
5391	Ａ＆ＡＭ	153	158	153	158	24
5393	ニチアス	401	419	401	419	765
5395	コランダム	192	192	192	192	1
5397	ＭＩＥテクノ	135	139	135	139	6
5398	日研紙	0	0	0	0	0
5401	新日鉄	201	205	200	204	7325
5403	川崎製鉄	147	148	143	147	5308
5404	日本鋼管	69	70	68	70	1554
5405	住金	68	69	67	69	2954
5406	神戸鋼	67	68	67	68	1748
5407	日新鋼	101	101	100	100	1322
5408	中山鋼	152	152	145	152	38
5410	合同鉄	122	129	122	129	272
5423	東京製鉄	485	501	485	496	643.7
5444	大和工	450	454	440	443	76
5445	東京鉄	80	80	79	80	25
5446	北越メ	0	0	0	0	0
5448	東京鋼鉄	0	0	0	0	0
5449	大阪製鉄	445	450	445	450	3.1
5451	淀川鋼	307	319	302	319	295
5453	洋鋼鈑	338	343	338	343	28
5454	日鉄鋼板	212	215	207	215	25
5457	住友鋼管	366	371	361	371	9
5458	高砂鉄	121	121	121	121	1
5461	中部鋼	169	169	161	161	10
5462	日鉄鋼管	140	140	121	121	11
5463	丸一管	1450	1468	1440	1468	156
5464	モリ工	244	244	243	243	5
5471	大同特鋼	275	283	271	278	1312
5476	高周波	105	109	105	109	213
5479	日金工	84	87	84	87	24
5480	冶金工	74	74	71	72	102
5481	山陽鋼	173	181	173	179	657
5482	愛知鋼	320	325	318	324	214
5484	東北鋼	0	0	0	0	0
5486	日立金	779	813	770	813	441
5491	日金属	108	110	108	108	22
5541	大平金	268	276	265	271	987
5542	報国鉄	0	0	0	0	0
5562	日本重化学	144	150	142	149	511
5563	日本電工	173	176	167	176	125
5566	中央電	195	195	190	190	11
5602	栗本鉄	263	265	259	265	62
5603	虹技	115	115	114	114	2
5605	自動鋳	71	72	71	71	9
5606	旭テック	170	172	169	172	27
5607	中可鍛	310	310	310	310	1
5608	川口金	232	232	232	232	1
5609	日鋳造	95	95	95	95	3
5610	大和重	140	140	140	140	1
5612	鋳鉄管	213	222	210	221	9
5613	日本カタン	310	310	310	310	1
5631	日製鋼	124	124	119	123	342
5632	菱製鋼	93	95	93	95	268
5633	関東特殊製鋼	83	83	81	82	48
5641	ＴＤＦ	335	340	310	335	123
5642	日本鍛工	0	0	0	0	0
5644	メタルアート	112	112	111	111	3
5645	イチタン	0	0	0	0	0
5657	鈴木金	158	165	158	165	7
5658	日亜鋼	380	380	375	378	7
5659	日精線	239	244	239	244	6
5660	神鋼線	77	79	77	77	3
5691	東京シヤリング	88	90	88	90	18
5694	大和綱帯	0	0	0	0	0
5695	パウダテック	380	380	380	380	2
5696	川鉄鋼板	120	120	120	120	1
5697	サンユウ	0	0	0	0	0
5701	日軽金	92	96	92	96	452
5702	大紀ア	177	177	177	177	1
5706	三井金	793	840	793	840	2364
5707	東邦鉛	210	213	205	213	600
5711	三菱マ	351	359	350	358	2338
5713	住友鉱	532	546	522	536	6825
5714	同和鉱	307	315	305	312	1099
5715	古河機金	253	260	251	260	518
5716	日鉱金属	577	590	573	589	263
5721	Ｓサイエンス	799	799	780	799	188
5727	邦チタ	455	455	450	450	5
5728	アライドマテリアル	980	980	970	980	6
5729	日精鉱	315	315	301	315	7
5734	昭和アルミ	142	153	139	153	477
5738	住軽金	91	93	88	93	55
5739	日製箔	177	177	177	177	2
5740	九州不二サッシ	0	0	0	0	0
5753	日伸銅	78	78	75	78	22
5756	東海アルミ箔	73	73	69	69	31
5757	サンエツ	750	750	750	750	4
5771	菱伸銅	406	410	397	409	276
5781	東邦金	191	196	190	195	17
5801	古河電	3370	3420	3300	3370	4432
5802	住友電	1801	1866	1801	1864	1294
5803	フジクラ	759	790	757	790	1680
5804	菱線工	330	333	322	328	609
5805	昭電線	280	283	276	279	702
5807	東特線	335	340	330	340	14
5808	理研線	280	280	280	280	5
5809	タツタ	189	194	189	189	30
5810	第一電工	130	131	124	128	65
5811	トヨ電線	0	0	0	0	0
5812	日立線	1652	1709	1646	1665	1746
5813	花島電線	0	0	0	0	0
5815	沖電線	306	306	295	300	16
5816	オーナンバ	0	0	0	0	0
5817	日電線	0	0	0	0	0
5818	東日京三電線	400	400	398	400	5
5819	カナレ電気	1770	1800	1770	1800	0.3
5820	三ッ星	290	290	290	290	2
5851	リョービ	179	183	179	183	303
5852	アーレスティ	358	374	358	374	9
5853	京都ダイカスト	147	147	147	147	4
5854	東京理化工	106	106	104	104	9
5855	アサヒプリテ	2100000	2100000	2090000	2100000	0.005
5900	ダイケン	435	435	435	435	3
5901	洋カン	1781	1929	1781	1929	347
5902	北カン	305	306	302	305	18
5903	シンポ	660	680	660	680	10
5904	アルコアシステム	0	0	0	0	0
5905	日カン	0	0	0	0	0
5906	エムケー精工	0	0	0	0	0
5907	ＪＦＥコンテ	142	142	132	132	4
5908	日鉄ドラム	285	285	275	275	3
5909	コロナ	1000	1000	950	950	8.3
5910	立山アルミ	0	0	0	0	0
5911	横河ブ	495	495	481	490	60
5912	日本橋	144	145	140	140	7
5913	松尾橋	225	226	225	226	12
5914	宮地鐵工所	200	201	199	199	39
5915	駒井鉄	298	300	297	300	21
5916	ハルテック	237	245	237	245	14
5917	サクラダ	102	107	102	105	20
5918	滝上工	365	365	363	363	4
5919	日鉄塔	340	340	338	338	2
5920	鈴木シャ	0	0	0	0	0
5921	川岸工	0	0	0	0	0
5922	那須鉄	190	190	190	190	1
5923	高田機	460	464	455	455	13
5925	酒井鉄工所	126	126	126	126	8
5926	安治川鉄工	0	0	0	0	0
5927	ホリー	0	0	0	0	0
5928	アルメタクス	241	259	241	250	11.5
5929	三和シャタ	339	348	339	348	163
5930	文化シヤタ	230	235	229	234	72
5931	川田工	210	217	208	217	20
5932	三協アルミ	92	92	89	91	52
5933	アルインコ	225	225	224	224	23
5934	日本ア	53	53	53	53	3
5935	元旦	0	0	0	0	0
5936	洋シヤタ	93	93	92	93	19
5937	洋エクス	670	680	670	674	39
5938	住生活Ｇ	1433	1480	1433	1474	429
5939	大谷工業	0	0	0	0	0
5940	不二サッシ	127	127	127	127	0.6
5941	中西製	0	0	0	0	0
5942	フイルコン	0	0	0	0	0
5943	ノーリツ	1225	1225	1201	1207	35
5944	日立粉末	1050	1090	1045	1090	14
5945	天竜製鋸	0	0	0	0	0
5946	長府製	1290	1294	1271	1280	23
5947	リンナイ	2260	2290	2250	2280	52
5949	ユニプレス	185	185	185	185	3
5950	パワーファス	125	125	125	125	1
5951	ダイニチ工業	281	282	280	280	4.5
5952	アマテイ	0	0	0	0	0
5954	トープラ	175	175	175	175	5
5955	ヤマシナ	160	164	151	160	577
5956	トーソー	422	422	422	422	1
5957	日東精	214	215	206	214	11
5958	三洋工	575	580	567	578	181
5959	岡部	325	325	306	317	26
5961	トーカロ	700	700	700	700	2
5962	浅香工	0	0	0	0	0
5963	日立ツール	666	666	650	660	47.5
5964	洋刃物	120	120	120	120	3
5965	フジマック	470	470	470	470	1
5966	ＫＴＣ	302	302	302	302	1
5967	前田金	0	0	0	0	0
5969	ロブテックス	141	141	141	141	2
5970	菊池プレス	0	0	0	0	0
5971	共和工業	280	280	280	280	2
5972	日本建鐵	265	265	257	257	6.5
5973	トーアミ	0	0	0	0	0
5974	中国工	168	170	165	170	71
5975	東プレ	326	328	326	328	12
5976	ネツレン	293	297	288	288	70
5977	コマツ電子	1115	1135	1115	1120	12.5
5979	カネソウ	0	0	0	0	0
5980	田中亜鉛	200	200	200	200	2
5981	東京綱	131	132	130	131	97
5982	マルゼン	395	395	390	395	28
5983	イワブチ	0	0	0	0	0
5984	兼房	500	500	500	500	1
5985	サンコール	361	370	361	370	253
5986	モリテック	260	260	250	260	9
5987	オーネックス	0	0	0	0	0
5988	パイオラクス	0	0	0	0	0
5989	ヒラタ	400	400	395	395	5
5990	スーパツール	128	128	125	125	8
5991	ニッパツ	422	448	422	443	403
5992	中央発條	370	372	369	370	16
5993	知多鋼	0	0	0	0	0
5994	ファインＳ	317	325	311	325	11
5995	科学冶金	480	499	480	499	2
5996	新立川	849	849	849	849	0.1
5997	協立エアテク	495	500	490	500	2.9
5998	アドバネクス	291	291	281	281	5
5999	イハラサイエ	340	340	340	340	1
6005	三浦工	1410	1412	1350	1400	66.5
6011	新潟鉄工所	82	82	79	80	649
6013	タクマ	810	820	804	804	133
6016	神発動	107	107	92	92	6
6018	阪神燃	0	0	0	0	0
6020	神鋼造機	86	86	86	86	1
6021	ロビン	0	0	0	0	0
6022	赤阪鉄	98	98	98	98	6
6023	ダイハツデ	161	170	161	170	3
6041	ボッシュ	144	144	141	142	148
6042	ニッキ	0	0	0	0	0
6101	ツガミ	444	447	438	446	392
6102	池貝	146	149	144	149	63
6103	オークマ	440	459	437	456	283
6104	東芝機	420	445	420	443	1544
6106	日立精機	208	208	204	207	118
6107	アマダマシ	303	305	291	299	112
6111	旭精機	189	189	188	188	4
6112	小島鉄	166	166	166	166	2
6113	アマダ	930	938	914	938	726
6114	住倉工業	210	210	200	201	35
6118	アイダ	580	590	571	578	311
6119	ゼィープラス	300	300	300	300	1
6121	滝澤鉄	94	96	94	94	12
6125	岡本工	138	145	138	140	38
6126	大ダイヤ	171	171	170	170	17
6130	日平トヤマ	298	298	278	285	346
6131	浜井産	145	145	145	145	1
6134	富機製	4180	4400	4140	4400	117.3
6135	牧野フ	914	914	880	901	495
6136	ＯＳＧ	690	710	690	705	113
6137	小池工	148	150	148	150	5
6138	ダイジェト	199	208	199	208	19
6139	東芝タンガロイ	737	769	734	769	124
6140	旭ダイヤ	635	647	630	642	123
6141	森精機	1470	1470	1435	1460	192
6142	富士精	0	0	0	0	0
6143	ソディック	815	835	806	830	170
6144	西部電機	0	0	0	0	0
6145	日特エンジ	2350	2350	2300	2300	83
6146	ディスコ	17020	17300	16690	17300	71.3
6147	ヤマザキ	0	0	0	0	0
6148	UHT	2300	2300	2250	2280	9
6149	小田原エンジ	651	651	651	651	0.5
6150	タケダ機械	0	0	0	0	0
6151	日東工器	2830	2850	2800	2850	8.7
6201	豊田織	2450	2500	2420	2500	90
6203	豊和工	151	156	150	156	135
6204	キリウ	180	190	180	190	32
6205	ＯＫＫ	161	161	149	155	30
6206	豊田工	965	970	964	970	128
6208	石川製	121	123	120	123	37
6210	東洋機械	491	499	491	499	6
6211	倉敷機	95	95	95	95	1
6212	帝人製機	256	261	255	260	8
6213	ＯＭ製	151	151	150	150	3
6214	大隈豊和機械	214	228	210	225	32
6216	寿工業	0	0	0	0	0
6217	津田駒	172	172	170	170	2
6218	エンシュウ	205	215	200	215	37
6221	大東製機	0	0	0	0	0
6222	島精機	2450	2495	2330	2400	13.2
6242	スピンドル	246	254	246	254	26
6245	ヒラノテク	310	310	310	310	2
6246	井上金	220	220	220	220	10
6247	日阪製	512	512	490	503	29
6271	ニッセイ	871	871	871	871	2
6272	レオン	393	400	393	400	7
6273	ＳＭＣ	19400	19400	19040	19320	54.3
6274	新川	4950	5350	4830	5350	548.8
6275	イセキ開発工	104	104	103	103	2
6276	ナビタス	720	720	710	720	8
6277	ホソミクロン	740	741	732	741	17
6278	ユニオンツル	9500	9540	9270	9360	67.4
6279	瑞光	1229	1240	1229	1240	2
6280	名機製	1110	1110	1082	1082	13
6281	前田製作	470	470	460	460	5
6282	オイレス	1949	1960	1930	1952	10.3
6283	オリイメック	370	370	370	370	1
6284	ＡＳＢ機械	430	430	425	430	4
6286	静甲	0	0	0	0	0
6287	サトー	2695	2730	2650	2730	10
6288	ハマダ印刷機	200	200	200	200	2
6289	技研製	330	330	310	310	6
6290	ＳＥＳ	1460	1490	1390	1450	104
6291	エアーテック	952	999	952	999	25
6292	カワタ	814	814	800	800	24
6293	日精樹脂	1350	1360	1320	1330	13
6294	オカアイヨン	200	200	200	200	8
6295	富士変速	265	265	264	265	10
6296	ロキテクノ	1550	1570	1430	1450	43
6297	鉱研工業	341	386	340	386	43.9
6298	ワイエイシイ	1910	1920	1900	1920	6
6299	神鋼環境Ｓ	0	0	0	0	0
6300	アピクヤマダ	1200	1200	1130	1200	21
6301	コマツ	695	705	682	700	2222
6302	住友機	274	280	272	279	3224
6303	ササクラ	0	0	0	0	0
6304	マキ製作所	0	0	0	0	0
6305	日立建機	498	502	493	502	64
6306	日工	260	260	259	260	71
6307	サンセイ	93	93	93	93	21
6309	巴工業	0	0	0	0	0
6310	井関農	91	92	90	92	196
6311	セイレイ工業	252	252	252	252	5
6312	フロイント	0	0	0	0	0
6313	共立	145	147	143	147	24
6314	石井工研	1230	1270	1200	1270	3.8
6315	ＴＯＷＡ	4340	4430	4280	4430	21.7
6316	丸山製	154	154	150	154	36
6317	北川鉄	149	155	149	154	34
6319	シンニッタン	230	231	227	227	27
6320	新ダイワ	0	0	0	0	0
6321	石搬機	362	363	362	362	15
6322	タクミナ	0	0	0	0	0
6323	ローツェ	4550	4600	4500	4500	8
6324	ハーモニック	2750000	2750000	2700000	2700000	0.01
6325	タカキタ	0	0	0	0	0
6326	クボタ	348	367	346	367	1410
6327	北川精機	515	550	500	540	98
6328	荏原実業	1520	1520	1510	1520	12
6329	ＨＥＣ	426	427	425	427	4
6330	東洋エンジ	100	101	99	101	66
6331	化工機	222	222	218	221	45
6332	月島機	650	650	640	649	17
6333	帝国電	0	0	0	0	0
6334	明治機	199	200	197	197	79
6335	東京機	418	418	410	415	24
6336	石井表記	2815	2900	2815	2860	4.9
6337	テセック	5140	5500	5140	5500	5
6338	タカトリ	0	0	0	0	0
6339	新東工	307	307	301	303	18
6340	渋谷工	841	875	834	875	52
6341	日立造船富岡	0	0	0	0	0
6342	太平製	95	100	95	100	9
6343	フリージア	64	68	64	64	6
6345	アイチコーポ	202	205	200	205	6.8
6346	菊川鉄	0	0	0	0	0
6347	プラコー	110	110	110	110	1
6348	日本マリンテクノ	0	0	0	0	0
6349	小森	1706	1727	1706	1727	185
6350	新日本造機	140	140	140	140	2
6351	鶴見製	511	519	511	519	5
6352	トヨコケン	0	0	0	0	0
6354	日立機電	415	420	415	420	7
6355	住友精	402	402	380	380	48
6356	日ギア	0	0	0	0	0
6357	三精輸	330	330	315	318	11
6358	酒井重	236	240	235	237	20
6359	粟村製作所	152	152	152	152	8
6360	東自機	301	301	300	300	2
6361	荏原	1517	1575	1491	1575	1035
6362	石井鉄	195	196	195	195	3
6363	酉島	535	540	530	540	5
6364	北越工	0	0	0	0	0
6365	電業社	4900	4900	4850	4850	0.9
6366	千代建	90	93	90	93	1110
6367	ダイキン	2150	2150	2095	2110	429
6368	オルガノ	536	540	520	540	91
6369	トヨカネツ	106	109	106	109	72
6370	栗田工	2060	2080	2040	2050	155
6371	椿本チ	450	480	450	475	267
6372	セイサ	103	103	103	103	5
6373	大同工	270	271	260	270	23
6374	ＴＣＭ	356	356	346	351	56
6375	コンベヤ	106	108	105	107	90
6376	日機装	610	617	607	614	49
6377	甲陽建設	244	245	235	235	20
6378	木村化	269	275	265	271	86
6379	新興プラン	106	113	106	113	16
6380	オリチェン	106	106	105	105	6
6381	アネスト岩田	171	174	170	170	15
6382	トリニ工	236	236	236	236	1
6383	ダイフク	1149	1162	1140	1158	120
6386	扶桑レクセ	1432	1432	1432	1432	1
6388	ミサワバン	280	290	260	260	130
6389	内田油圧	69	70	69	70	2
6390	加藤製	158	159	158	158	9
6391	加地テック	160	161	160	160	4
6392	ヤマダコーポ	149	157	149	157	4
6393	油研工	129	133	129	130	36
6394	大江工業	135	135	125	125	4
6395	タダノ	196	200	196	200	33
6396	宇野鉄	135	135	135	135	1
6397	郷鉄工	0	0	0	0	0
6398	日本電産シンポ	990	991	912	940	46
6403	水道機	310	310	310	310	15
6406	フジテック	1022	1029	1015	1019	83
6407	シーケーディ	1020	1030	1001	1017	55
6408	クラッチ	0	0	0	0	0
6409	キトー	315	315	315	315	1
6411	中野冷	0	0	0	0	0
6412	平和	2200	2200	2160	2185	43.5
6413	理想科学	2350	2350	2290	2300	12.3
6414	川重冷熱	485	500	485	500	13
6415	ニスカ	0	0	0	0	0
6416	桂川電機	0	0	0	0	0
6417	ＳＡＮＫＹＯ	4100	4160	4100	4130	63.7
6418	日金銭	1730	1730	1660	1666	4
6419	マース	3150	3160	3080	3090	13.8
6420	福島工業	680	680	680	680	4.5
6421	キヤノンＦ	1155	1180	1155	1180	14
6422	キヤノン化成	1160	1160	1150	1160	47
6423	アビリット	4990	5000	4920	5000	34.2
6424	高見サイ	450	450	450	450	1
6425	アルゼ	7400	7400	7350	7390	12
6426	サミー	3950	3980	3880	3950	5.3
6427	東北リコー	1010	1010	1010	1010	1
6431	キャノンＮＴＣ	343	343	340	341	5
6436	アマノ	1102	1125	1102	1125	69
6437	三条機	0	0	0	0	0
6439	中日鋳	125	125	125	125	1
6440	ＪＵＫＩ	390	400	389	400	120
6442	コピア	435	435	420	434	6
6443	東洋製	148	148	148	148	5
6444	サンデン	674	684	670	671	162
6445	蛇の目	100	102	100	102	50
6448	ブラザー	234	237	232	234	1300
6453	シルバ精	205	219	200	219	446
6454	マックス	1340	1375	1328	1375	106
6455	モリタ	310	311	303	311	21
6457	グローリー	1915	1940	1890	1930	33
6458	新晃工	223	224	218	224	6
6459	大和冷	370	380	362	367	51
6461	日ピス	109	110	108	109	67
6462	リケン	224	225	221	224	31
6463	ＴＰＲ	0	0	0	0	0
6466	トウアバルブ	106000	106000	106000	106000	0.018
6467	ニチダイ	570	570	560	560	4
6468	駿河精機	5680	5680	5050	5200	35
6469	放電精密	810	815	810	815	2
6470	大豊工業	941	949	915	915	15.4
6471	日精工	830	849	826	849	1268
6472	ＮＴＮ	430	450	430	450	481
6473	光洋精	851	875	845	875	269
6474	不二越	190	195	188	195	264
6475	天辻	1000	1000	1000	1000	2
6476	富士テクニカ	430	430	430	430	1
6477	ツバキ・ナカ	1420	1421	1390	1400	96.5
6478	ダイベア	222	222	221	221	3
6479	ミネベア	1266	1306	1265	1300	1253
6480	トムソン	1401	1410	1390	1403	255
6481	ＴＨＫ	4910	4940	4720	4930	82.5
6482	ユーシン精機	7800	8080	7750	8080	52.5
6483	川重防災	0	0	0	0	0
6484	ＫＶＫ	0	0	0	0	0
6485	前沢給装	0	0	0	0	0
6486	イーグル工	331	331	330	331	5
6487	積水工機	0	0	0	0	0
6488	ヨシタケ	300	300	295	295	3
6489	前沢工業	935	940	920	920	9.2
6490	ピラー	931	950	930	948	57
6492	岡野バ	142	142	142	142	4
6493	日鍛バ	203	203	201	202	5
6494	ファネス	320	389	320	380	74
6495	宮入バ	86	87	83	83	9
6496	中北製	0	0	0	0	0
6497	ハマイ	0	0	0	0	0
6498	キッツ	195	199	195	199	83
6499	大隈エンジニア	211	211	211	211	1
6501	日立	1253	1259	1238	1259	7348
6502	東芝	1069	1109	1064	1108	27755
6503	三菱電	921	943	917	937	8605
6504	富士電機ＨＤ	415	419	408	419	642
6505	東洋電	148	148	146	148	27
6506	安川電	1177	1194	1170	1194	360
6507	神鋼電	233	244	233	238	251
6508	明電舎	260	272	251	267	5283
6513	オリジン	920	940	920	930	61
6516	山洋電	465	541	461	541	208
6517	デンヨー	700	700	696	696	31
6518	三相電機	0	0	0	0	0
6581	日立工	363	375	359	365	167
6584	三桜工	561	571	557	557	29
6585	サーボ	283	288	283	288	6
6586	マキタ	897	917	897	909	93
6587	松下精工	455	464	442	460	29
6588	東芝テック	479	479	470	478	217
6590	芝浦	1071	1079	1050	1070	41
6591	西芝電	180	180	176	176	23
6592	マブチ	13330	13920	13330	13800	77.5
6593	ローヤル電	0	0	0	0	0
6594	日電産	9290	9300	8960	9300	45.9
6621	高岳	172	174	171	174	40
6622	ダイヘン	206	207	204	206	66
6623	愛電機	203	205	203	203	7
6624	田淵電	223	225	222	222	9
6641	日新電	314	315	305	315	81
6643	戸上電	155	155	155	155	1
6644	大崎電	622	665	622	660	191
6645	オムロン	2660	2720	2620	2700	267
6646	エナジーサポ	382	382	382	382	10
6647	森尾電	135	135	135	135	2
6648	かわでん	70	74	69	70	49
6650	春日電	145	146	145	146	9
6651	日東工	800	810	797	801	72
6652	和泉電	1380	1413	1380	1408	49.5
6654	不二電機	670	670	665	665	5
6655	東洋電機	0	0	0	0	0
6701	ＮＥＣ	2995	3010	2965	2995	3521
6702	富士通	3170	3180	3120	3170	3456
6703	沖電気	735	755	729	754	985
6704	岩崎通	280	280	273	274	43
6705	ＮＥＣインフ	550	562	546	556	245
6706	電気興	1070	1100	1070	1079	94
6707	サンケン	819	840	819	840	376
6708	東洋通	1264	1264	1231	1237	208
6709	明星電	151	155	151	155	4
6710	大興電機製作	191	192	191	192	4
6711	高見澤電機	210	220	210	220	10
6712	田村電機製作	296	318	296	316	145
6714	神田通信工業	245	245	235	240	16
6715	ナカヨ通	278	280	278	280	4
6716	中央無	0	0	0	0	0
6717	富士通アクセ	2100	2100	2050	2080	28.7
6718	アイホン	1290	1294	1280	1290	9.2
6741	信号	475	475	460	470	25
6742	京三	240	243	240	243	43
6743	大同信	211	211	211	211	1
6744	能美防災	440	440	429	430	51
6745	ホーチキ	315	315	314	314	5
6747	小糸工	309	314	306	310	9
6748	星和電	0	0	0	0	0
6749	マスプロ	1199	1201	1195	1197	6.7
6751	日無線	1050	1057	1038	1050	277
6752	松下	2905	2970	2900	2970	3705
6753	シャープ	1585	1592	1577	1584	2130
6754	アンリツ	2685	2710	2630	2685	512
6755	富士通ゼ	740	740	734	740	40
6756	日立国際	1140	1150	1130	1145	161
6758	ソニー	10320	10430	10150	10430	1392.4
6759	ＮＥＣトーキ	995	995	982	990	53
6761	アイワ	1650	1650	1607	1632	80.5
6762	ＴＤＫ	14850	15600	14800	15220	669.4
6763	帝通工	360	381	360	381	59
6764	三洋電	939	942	924	939	3991
6765	ケンウッド	440	447	435	442	148
6766	宮越商	48	48	47	48	41
6767	ミツミ	3840	3990	3800	3990	281
6768	タムラ	495	499	490	495	127
6770	アルプス	2315	2335	2285	2320	1356
6771	池上通	327	327	315	320	37
6772	コスモス	152	152	152	152	2
6773	パイオニア	3880	4190	3870	4110	828
6775	東和メクス	140	140	135	135	23
6776	天昇電	0	0	0	0	0
6779	日電波	4650	4700	4450	4690	91.3
6780	日立電子	500	505	498	505	24
6781	松下通信工業	12700	12800	12400	12800	434.4
6782	九州松下電器	1190	1190	1170	1179	66
6783	松下寿電子	1824	1870	1810	1870	137
6791	コロムビア	182	187	182	186	31
6792	ビクター	932	932	914	923	210
6793	山水電	16	17	16	16	289
6794	フォスター	782	805	782	803	29
6796	クラリオン	403	405	393	404	559
6798	ＳＭＫ	878	898	865	898	186
6799	日本マランツ	213	213	213	213	2
6800	ヨコオ	2420	2420	2360	2360	72.9
6801	東光	691	720	690	719	340
6802	赤井電機	19	19	18	18	2553
6803	ティアック	400	400	393	400	60
6804	ホシデン	3360	3370	3260	3310	211
6805	八木アン	590	590	580	581	8
6806	ヒロセ電	14960	15000	14500	15000	50.3
6807	航空電子	758	812	755	797	2896
6808	シントム	74	74	72	74	544
6809	ＴＯＡ	364	365	361	364	5
6810	マクセル	2625	2670	2625	2670	80
6811	クオンツ	607	615	580	600	281
6812	ジャルコ	500	500	499	500	7
6813	ナカミチ	102	102	99	99	200
6814	古野電	400	401	400	401	7
6815	ユニデン	655	659	653	657	119
6816	アルパイン	1820	1820	1750	1757	81
6817	スミダコーポ	5300	5450	5300	5410	28.6
6818	島田理	1610	1610	1545	1600	9.2
6819	オメガ・プロ	1000	1000	956	960	54
6820	アイコム	2120	2140	2055	2065	14.5
6821	バーテクスＳ	1150	1160	1150	1160	4
6822	大井電気	385	385	385	385	4
6823	リオン	820	820	810	810	4
6824	新コスモス	475	475	472	474	36
6825	パトライト	2250	2300	2245	2300	18
6826	本多通信	5500	5500	5400	5400	1.8
6827	東北パイオ	4670	4670	4600	4650	7
6832	アオイ電子	5600	5600	5300	5360	29
6833	日電産リード	2560	2560	2530	2530	22
6834	精工技研	58900	58900	56000	57300	31.9
6835	アライドＨＤ	9700	9900	9000	9700	23.1
6836	ぷらっと	6400000	6700000	6400000	6700000	0.008
6837	京写	1030	1060	1020	1060	8
6838	多摩川電	1900	1900	1900	1900	1
6839	船井電	14000	14290	13920	14200	9.8
6840	アドテック	2010	2060	2000	2040	12
6841	横河電	1115	1150	1090	1150	388
6842	ユニパルス	2460	2460	2300	2440	14
6843	東光精機	0	0	0	0	0
6844	新電元	699	715	690	715	186
6845	山武	1260	1270	1254	1270	42
6846	中央製	0	0	0	0	0
6847	安藤電気	2125	2130	2080	2100	49
6848	東亜ＤＫＫ	390	391	390	391	4
6849	日本光電	339	339	330	330	13
6850	チノー	256	260	256	260	26
6851	大倉電気	201	201	200	201	22
6852	テクノセブン	167	170	167	170	6
6853	共和電	340	341	339	339	18
6855	電子材料	1980	2000	1900	2000	48
6856	堀場製	1072	1128	1050	1120	80
6857	アドバンテスト	19810	20690	19600	20630	387.1
6858	小野測器	228	232	226	232	8
6859	エスペック	1040	1050	1022	1050	58
6860	サンクス	1370	1370	1330	1350	35
6861	キーエンス	34300	34550	33100	34200	53.4
6862	ミナトエレ	0	0	0	0	0
6863	ニレコ	580	580	580	580	3
6864	ＮＦ回路	0	0	0	0	0
6866	ＨＩＯＫＩ	920	920	900	900	6
6867	リーダー電子	0	0	0	0	0
6868	東カソード	1300	1320	1250	1300	5.3
6869	シスメックス	3200	3250	3200	3220	7.7
6870	フェンオール	634	634	634	634	4
6871	日本マイクロ	2360	2400	2280	2300	10.5
6872	日本コーリン	7800	7900	7650	7750	9.2
6873	日立電子Ｅ	0	0	0	0	0
6874	協立電機	3350	3400	3300	3350	2.7
6875	メガチップス	4700	4840	4500	4500	12.1
6876	光波	2800	2810	2750	2790	11.1
6877	ＯＢＡＲＡ	0	0	0	0	0
6878	長野日無	557	557	557	557	1
6879	フォトロン	0	0	0	0	0
6880	シンワ	1050	1050	1040	1040	2.4
6881	キョウデン	4550	4550	4300	4500	92
6882	三社電機	1020	1030	961	961	30
6883	電産コ電	1600	1600	1530	1530	21
6884	デジタル	3690	3690	3690	3690	1
6885	ミヤチテクノ	2510	2720	2470	2700	126.4
6886	グラフィック	530	530	530	530	2
6887	日本ＬＳＩカード	350000	350000	335000	335000	0.002
6888	アクモス	440000	480000	440000	480000	0.011
6889	オーデリック	505	512	505	512	2
6890	フェローテク	1730	1730	1650	1720	24
6891	イーター電機	809	809	809	809	5
6892	シチズン電子	10300	10600	10000	10600	9
6893	タイテック	797	800	785	795	33
6894	パルステック	1700	1700	1670	1680	9
6895	ダイヤ電機	681	681	681	681	3
6896	北川工業	1170	1170	1160	1162	11.2
6897	ツインバード	249	249	249	249	2
6898	トミタ電機	0	0	0	0	0
6899	ＡＳＴＩ	0	0	0	0	0
6900	東京電波	5300	5500	5200	5250	11
6901	沢藤電	285	300	285	300	2
6902	デンソー	2600	2650	2510	2650	608
6904	原田工業	0	0	0	0	0
6905	コーセル	3870	3870	3810	3870	6.9
6906	キヤ･コンポ	346	346	346	346	1
6907	ジオマテック	2120	2280	2120	2280	33
6908	イリソ電子	0	0	0	0	0
6909	北部通信工業	365	365	364	365	5
6910	日立メディコ	1325	1350	1325	1326	14
6911	新日無	1500	1530	1420	1480	88
6912	菊水電子	491	491	491	491	1
6913	メルコ	5000	5000	4870	4910	43.1
6914	オプテックス	995	1020	995	1020	2
6915	千代田インテ	1530	1530	1500	1510	8
6916	アイオデータ	2550	2580	2430	2450	21.2
6917	デンセラムダ	2055	2120	2055	2100	28.7
6918	アバール	920	940	920	930	5
6919	ケル	790	790	780	790	8
6920	レーザーテク	2380	2400	2310	2350	9
6921	東光電	0	0	0	0	0
6922	昭和情報	450	450	450	450	2
6923	スタンレー	1135	1149	1125	1149	154
6924	岩崎電	256	261	253	257	57
6925	ウシオ電	2695	2750	2695	2750	186
6926	岡谷電	260	260	260	260	8
6928	エノモト	1170	1180	1160	1160	16
6929	日セラ	2270	2360	2270	2310	106
6930	日本アンテナ	1160	1160	1160	1160	3
6931	日本電池	458	460	449	460	179
6932	ユアサコーポ	365	365	365	365	1
6933	ＹＵＡＳＡ	290	300	283	300	393
6934	新神戸	695	695	680	694	27
6935	日デジタル	1770	1780	1750	1770	26.9
6936	東洋高砂乾	125	125	125	125	2
6937	古河池	295	301	295	301	4
6938	双信電機	930	930	920	930	9
6939	ＵＭＣＪ	1530000	1550000	1480000	1490000	0.066
6940	多摩電気	290	290	290	290	3
6941	山一電機	2910	2930	2890	2890	2.9
6942	ソフィア	270	270	270	270	3
6943	開閉器	0	0	0	0	0
6944	アイレックス	211	212	211	212	5
6945	ＦＴＥＣ	610	610	599	600	6
6946	日本アビオ	0	0	0	0	0
6947	図研	2680	2700	2610	2695	45.2
6948	住友電装	901	901	901	901	2
6949	キンセキ	1390	1394	1360	1394	85
6950	ＹＥデータ	492	492	490	490	8
6951	日電子	704	705	690	704	33
6952	カシオ	1265	1310	1265	1309	1533
6954	ファナック	11000	11470	11000	11350	440.5
6955	ＦＤＫ	1050	1090	1050	1075	709
6956	神明電	1500	1550	1490	1540	16
6957	芝浦電子	305	305	305	305	0.6
6958	日本ＣＭＫ	2050	2070	2040	2065	284
6960	フクダ電	2160	2160	2150	2150	13
6961	エンプラス	6880	7080	6780	7080	170.3
6962	大真空	810	836	809	836	44
6963	ローム	29000	29100	28600	29000	200.4
6964	サンコー	2020	2040	2000	2000	12
6965	ホトニクス	7200	7350	7100	7350	39.9
6966	三井ハイテク	1951	2000	1930	2000	23.3
6967	新光電工	4730	5220	4700	5220	617.9
6968	グラフテック	185	190	182	185	53
6969	松尾電	551	570	551	570	13
6970	日本コンラックス	647	668	647	665	161
6971	京セラ	16800	17320	16710	17280	533.7
6972	エルナー	523	558	523	558	50
6973	協栄産	327	327	326	327	5
6974	日本インター	310	329	310	329	44
6975	ＮＥＯＭＡＸ	1390	1395	1360	1390	44
6976	太陽電	5380	5670	5210	5670	593
6977	抵抗器	241	258	240	255	10
6980	日立ＡＩＣ	1270	1270	1220	1270	96
6981	村田製	13600	13760	13250	13550	660
6982	リード	0	0	0	0	0
6984	朝日ナショナ	0	0	0	0	0
6985	ユーシン	431	434	431	434	11
6986	双葉電	4330	4400	4300	4380	98
6988	日東電	3610	3610	3470	3600	476.2
6989	北電工	215	220	215	219	20
6991	松電工	1303	1311	1296	1311	740
6992	国産電	218	218	211	211	3
6993	森電機	128	130	126	128	52
6994	指月電	250	250	249	250	11
6995	東海理	1007	1007	981	999	122
6996	ニチコン	2445	2485	2330	2460	290.1
6997	日ケミコン	828	880	828	879	2548
6998	タングス	310	310	306	309	8
6999	ＫＯＡ	2970	3050	2900	3050	59.6
7003	三井造	94	95	93	95	513
7004	日立造	96	97	95	97	802
7007	佐世保	79	79	75	78	163
7011	三菱重	406	416	398	415	2505
7012	川重	131	134	129	134	1648
7013	石川島	170	173	168	170	1326
7014	名村造	127	127	126	126	3
7018	内海造	0	0	0	0	0
7020	サノヤス	200	200	200	200	2
7021	ニッチツ	178	183	176	183	33
7052	信貴造船所	0	0	0	0	0
7102	日車両	189	194	189	194	630
7104	富士車輌	170	170	160	160	17
7105	ニチユ	200	203	200	203	5
7122	近畿車	144	147	144	147	22
7123	東急車輌製造	82	83	80	82	43
7124	輸送機工業	0	0	0	0	0
7142	ナブコ	161	164	160	160	14
7201	日産自	490	492	470	485	4241
7202	いすゞ	252	259	250	258	489
7203	トヨタ	4440	4460	4360	4450	3419.8
7204	小松ゼノア	253	269	253	269	7
7205	日野自	437	448	427	441	337
7210	日産ディ	103	103	101	102	142
7211	三菱自	438	438	421	429	1359
7212	エフテック	500	500	500	500	1
7219	ＨＫＳ	680	680	680	680	1
7220	武蔵精密	1380	1400	1360	1360	11
7221	トヨ車	1060	1080	1060	1080	12
7222	産車体	150	157	150	154	147
7223	関東自	620	620	615	620	17
7224	新明和	194	194	190	193	97
7225	小松フォーク	186	187	182	187	29
7226	極東開発	598	599	580	599	3.4
7227	アスカ	0	0	0	0	0
7228	デイトナ	0	0	0	0	0
7229	ユタカ技研	550	550	550	550	2
7230	日信工業	1880	1880	1863	1863	11
7231	トピー	189	194	186	194	303
7232	トキコ	227	231	224	229	219
7233	自部品	0	0	0	0	0
7234	橋本フォーミング	73	73	73	73	3
7235	東ラヂ	132	132	132	132	1
7236	ティラド	432	445	424	431	580
7237	ボッシュブレーキ	0	0	0	0	0
7238	ブレーキ	233	234	228	234	18
7239	タチエス	470	470	470	470	30
7240	ＮＯＫ	900	900	862	882	390
7241	フタバ	1410	1440	1410	1440	79
7242	カヤバ	211	219	210	219	347
7243	シロキ	220	224	217	224	12
7244	市光工	209	210	205	210	42
7245	大同メ	801	810	780	800	24
7246	プレス工	85	85	83	84	88
7247	ミクニ	150	157	139	139	12
7248	カルソニック	278	280	271	275	97
7249	尾張精	0	0	0	0	0
7250	太平洋工	272	275	272	275	11
7251	ケーヒン	831	849	830	840	156
7252	富士機	225	225	220	220	4
7253	日本ガスケット	0	0	0	0	0
7254	フジユニ	162	162	162	162	1
7255	桜井製	0	0	0	0	0
7256	河西工	256	265	255	265	34
7257	自転車電機工	320	324	315	315	45
7258	栃木富士産業	221	221	220	220	17
7259	アイシン	1590	1628	1586	1628	269
7260	富士機工	208	208	201	201	3
7261	マツダ	257	258	253	255	1242
7262	ダイハツ	820	831	820	831	401
7263	愛知機	224	229	223	229	18
7264	ＭＵＲＯ	0	0	0	0	0
7265	エイケン工業	660	660	660	660	1
7266	今仙電機	0	0	0	0	0
7267	ホンダ	3650	3710	3630	3700	1252
7268	タツミ	0	0	0	0	0
7269	スズキ	1149	1169	1140	1160	378
7270	富士重	745	750	738	740	510
7271	安永	420	420	420	420	3
7272	ヤマハ発	764	777	764	777	123
7273	イクヨ	0	0	0	0	0
7274	ショーワ	623	650	622	650	229
7275	ユニシア	179	179	176	176	23
7276	小糸製	523	533	521	533	162
7277	ＴＢＫ	141	141	141	141	8
7278	エクセディ	775	775	768	769	51.5
7279	ケーブル	1066	1078	1066	1078	12
7280	ミツバ	440	445	437	439	74
7282	豊田合	6480	6480	6000	6290	163
7283	愛三工	743	743	742	742	3
7284	盟和産	245	247	245	247	2
7285	池田物産	118	118	100	104	64
7286	イズミ工業	0	0	0	0	0
7287	日精機	810	824	800	800	25
7288	テクノエイト	0	0	0	0	0
7289	マーレ テネックス	218	218	218	218	5
7290	日発精密工業	0	0	0	0	0
7291	日本プラスト	0	0	0	0	0
7292	村上開明	0	0	0	0	0
7293	大井製作所	260	260	260	260	2
7294	ヨロズ	425	448	425	432	17.4
7295	アイエス製機	0	0	0	0	0
7296	ＦＣＣ	1150	1150	1150	1150	1
7297	カーメイト	680	680	660	660	0.2
7298	八千代工	0	0	0	0	0
7299	フジオーゼ	176	176	171	171	2
7301	宮田	140	140	137	137	3
7305	新家工	0	0	0	0	0
7306	丸石自転車	344	345	303	331	118
7308	ツノダ	0	0	0	0	0
7309	シマノ	2200	2220	2185	2215	60.2
7399	ナンシン	280	280	280	280	2
7404	昭和飛	299	299	295	295	12
7407	日本飛行機	320	320	315	319	123
7408	ジャムコ	450	450	440	440	5
7410	横浜鋼業	106	106	106	106	8
7411	成和産業	0	0	0	0	0
7412	アトム	1599	1600	1599	1600	1.5
7413	創健社	0	0	0	0	0
7414	小野建	0	0	0	0	0
7415	新星堂	0	0	0	0	0
7416	はるやま	0	0	0	0	0
7418	ヤマキ	173	173	170	170	10
7419	ノジマ	1310	1310	1310	1310	0.3
7420	佐鳥電機	1140	1170	1140	1170	6
7421	カッパクリエ	2960	2960	2960	2960	1
7422	東邦レマック	620	625	620	620	8
7423	フォンテーヌ	1360	1380	1350	1350	1.5
7424	ニコニコ堂	0	0	0	0	0
7425	初穂商事	315	315	315	315	2
7426	山大	147	147	147	147	2
7427	エコーＴＤ	1650	1700	1650	1700	2.1
7428	江戸沢	781	781	780	780	4.5
7429	セイジョー	1590	1600	1580	1600	2
7430	サンワドー	430	455	420	455	7.6
7432	ダルトン	0	0	0	0	0
7433	伯東	3110	3150	3050	3130	26.3
7434	オータケ	1460	1460	1460	1460	2
7435	ナ・デックス	0	0	0	0	0
7437	シーアンドエス	3820	3900	3820	3900	130.8
7438	コンドー	550	560	528	550	94
7439	サンミック千代田	0	0	0	0	0
7440	クラフト	0	0	0	0	0
7442	中山福	335	336	335	335	10
7443	横浜魚類	0	0	0	0	0
7444	ハリマ共和	0	0	0	0	0
7445	ライトオン	6180	6430	6160	6380	10
7446	東北化学	460	460	460	460	1
7447	ナガイレーベ	2330	2360	2300	2320	7.8
7448	ジンズメイト	1540	1545	1537	1540	16
7449	太洋興業	155	155	155	155	1
7450	サンデー	805	817	805	817	2
7451	菱食	5040	5600	5040	5600	11.6
7452	マツヤ	0	0	0	0	0
7453	良品計画	12500	12510	12150	12490	86.9
7454	ホットスパー	192	192	192	192	1
7455	三城	5300	5330	5190	5270	30.5
7456	松田産業	1951	2030	1950	2030	3.5
7457	セキテクノ	636	636	635	635	3
7458	第一興商	1800	1850	1790	1840	33.8
7459	メディセオＨＤ	1018	1029	1018	1028	61.1
7460	ヤギ	480	480	480	480	1
7461	キムラ	1150	1150	1150	1150	2
7462	ダイヤ通商	0	0	0	0	0
7463	アドヴァン	1690	1690	1620	1670	12.9
7464	セフテック	325	325	325	325	1
7465	ＭＶ北海道	0	0	0	0	0
7466	ＳＰＫ	1060	1100	1060	1060	1.2
7467	萩原電気	851	851	850	850	4
7468	アムスク	1600	1620	1600	1620	18
7470	サロモンメイド	599	599	565	565	25
7471	ふじ	460	460	460	460	1
7472	鳥羽洋行	1050	1050	1000	1030	18
7473	静岡スバル	0	0	0	0	0
7474	パオ	520	520	520	520	6
7475	アルビス	445	445	442	442	5
7476	アズワン	1640	1640	1600	1605	5.6
7477	ムラキ	198	198	198	198	1
7478	ブルーグラス	570	570	550	570	8
7479	サンマルク	3800	3850	3760	3830	9.3
7480	スズデン	0	0	0	0	0
7481	尾家産	0	0	0	0	0
7482	シモジマ	1140	1150	1140	1140	5
7483	ドウシシャ	2490	2490	2400	2480	4.4
7485	岡谷鋼機	938	938	938	938	3
7486	サンリン	0	0	0	0	0
7487	小津産業	930	930	923	923	1.4
7488	ヤガミ	0	0	0	0	0
7490	日新商	331	331	331	331	1
7491	ＯＡシステム	912	912	912	912	1
7492	タイカン	400	400	380	380	3
7494	コナカ	749	750	745	745	3.9
7495	レオ	220	220	220	220	1
7496	八千代ムセン	1190	1190	1180	1180	3
7497	マインマート	1250	1260	1250	1260	119.6
7498	ジャパン	2500	2500	2500	2500	0.5
7500	西川計測	0	0	0	0	0
7501	ティムコ	800	800	790	790	6.1
7502	プラザクリエ	5200	5200	4980	4980	1.5
7503	ＩＭＩ	0	0	0	0	0
7504	高速	690	690	690	690	1
7505	扶桑電通	821	821	770	786	18
7506	ハウスローゼ	840	840	815	815	1.7
7507	浜 勝	1170	1170	1150	1150	4.5
7508	オートセブ	712	810	711	810	6
7509	アイエー	693	701	693	701	2
7510	竹菱電機	0	0	0	0	0
7511	ジプロ	630	630	630	630	3
7512	ポスフール	1309	1309	1220	1239	7.7
7513	コジマ	3120	3130	3060	3090	42.8
7514	ヒマラヤ	798	798	798	798	1
7515	マルヨシ	415	415	415	415	1
7516	コーナン	1280	1300	1280	1280	4.3
7517	黒田電気	3500	3500	3470	3480	25.8
7518	ネットワン	2940000	2970000	2920000	2970000	0.234
7519	五洋インテ	281	281	281	281	2
7520	エコス	860	860	850	850	5.4
7521	ムサシ	889	889	889	889	1
7522	ワタミ	6500	6500	6300	6400	10.2
7523	アールビバン	1500	1530	1460	1480	12.1
7524	マルシェ	1248	1248	1248	1248	0.5
7527	システムソフ	575	615	560	615	33
7528	安藤薬業公司	375	375	370	370	2
7529	はるやま	0	0	0	0	0
7530	ナブコドア	0	0	0	0	0
7531	清和鋼業	220	225	210	220	18
7532	ドンキホーテ	12500	12500	12000	12380	36.7
7535	グッドマン	3030	3030	2760	2950	6
7536	船橋薬品	0	0	0	0	0
7537	丸文	1700	1700	1645	1672	22
7538	大水	0	0	0	0	0
7539	アベルコ	355	355	350	350	2
7540	エルエスフェンス	208	208	208	208	1
7541	メガネトップ	2760	2760	2760	2760	0.1
7542	ビスケーＨＤ	800	815	790	800	20
7543	ミスタージョン	0	0	0	0	0
7544	スリーエフ	1400	1400	1400	1400	0.1
7545	西松屋チェ	1760	1760	1700	1740	15.6
7547	オートハローズ	0	0	0	0	0
7548	サンクスＪＰ	1030	1040	1010	1010	4
7549	エス・エス・ブイ	0	0	0	0	0
7550	ゼンショー	1750	1800	1750	1800	1.4
7551	ウェッズ	0	0	0	0	0
7552	ハピネット	2380	2400	2340	2340	4
7553	サザビー	5900	5950	5900	5950	8.5
7554	幸楽苑	1050	1050	1050	1050	1
7555	大田花き	442	442	442	442	1
7556	住商エレク	1750	1780	1690	1720	31
7557	サンクス	3430	3500	3420	3500	31.3
7558	トーメンエレ	5670	5750	5590	5750	12.8
7559	ジーエフシー	0	0	0	0	0
7560	ユニマット	1160	1180	1145	1150	22.1
7561	ハークスレイ	2260	2290	2250	2250	0.8
7562	安楽亭	810	850	810	830	39
7563	ニッパン	0	0	0	0	0
7564	ワークマン	0	0	0	0	0
7565	万世電機	0	0	0	0	0
7566	ジャパンケア	1480	1480	1450	1470	15
7567	栄電子	1080	1080	1080	1080	1
7568	クレックス	535	540	515	540	49
7569	モンテカルロ	275	275	275	275	2
7570	橋本総業	0	0	0	0	0
7571	ヤマノＨＣ	860	890	860	890	6
7573	ツルハ	3430	3430	3400	3400	3.2
7574	共信テクノ	1400	1400	1400	1400	1
7575	日本ライフＬ	1250	1260	1220	1220	3.7
7576	ベターライフ	0	0	0	0	0
7577	パスポート	0	0	0	0	0
7578	ニチリョク	780	780	770	770	7
7579	オリジン東	2800	2950	2770	2930	72
7580	フーズネット	0	0	0	0	0
7581	サイゼリヤ	7700	7700	7620	7620	22.6
7582	富デバイス	2630	2630	2590	2625	31
7583	通商	0	0	0	0	0
7584	丸紅インフォ	630	631	630	630	3
7585	かんなん	889	889	889	889	1
7586	寺島薬局	1650	1660	1630	1650	4
7587	ＰＡＬＴＥＫ	3800	3840	3700	3800	18.5
7588	シートゥーネット	17950	17950	17950	17950	0.4
7589	デジキューブ	1620000	1620000	1610000	1620000	0.009
7590	タカショー	590	590	570	585	24
7591	エクセル	1770	1780	1750	1780	6
7592	アイ・ユー・ケイ	625	625	625	625	1
7593	ＶＴＨＤ	1100	1100	1100	1100	0.5
7594	マルカキカイ	399	399	394	394	4
7595	アルゴグラフ	2530	2600	2510	2600	9.7
7596	魚力	3600	3600	3510	3510	2.9
7597	東京貴宝	550	580	550	580	2
7598	ナイスクラ	410	420	410	410	13
7599	ガリバー	3600	3600	3360	3400	7.2
7600	日本ＭＤＭ	3500	3500	3360	3400	13.5
7601	ポプラ	1510	1550	1510	1550	6.8
7602	ジャック	3740	3780	3610	3650	10.2
7603	マックハウス	529	530	529	530	2
7604	梅の花	0	0	0	0	0
7605	フジコーポ	250	250	250	250	6
7606	Ｕアローズ	2920	2920	2660	2680	6
7607	進和	1250	1250	1250	1250	5
7608	ＳＫジャパン	0	0	0	0	0
7609	ダイトエレク	4000	4000	3740	3930	14
7610	テイツー	1690000	1760000	1690000	1750000	0.006
7611	ハイデ日高	900	900	890	890	3
7612	コモンウェル	850	850	850	850	1
7613	シークス	2405	2405	2300	2355	4.2
7614	オーエムツー	4210	4210	4100	4100	1.3
7615	京都友禅	700000	700000	700000	700000	0.003
7616	コロワイド	2560	2560	2400	2400	10.5
7617	オオゼキ	5600	5600	5200	5500	2.3
7618	ＰＣＤＥＰＯ	1150000	1150000	1150000	1150000	0.002
7619	田中商事	0	0	0	0	0
7620	ヤマト硝子	0	0	0	0	0
7621	うかい	0	0	0	0	0
7622	焼肉サカイ	0	0	0	0	0
7623	サンオータス	0	0	0	0	0
7624	内藤	0	0	0	0	0
7625	ダイニング	3280	3420	3210	3330	9.2
7626	ドッドウエル	1790	1800	1780	1800	7
7627	なか卯	0	0	0	0	0
7628	オーハシテク	0	0	0	0	0
7629	ムラチク	1070	1070	1070	1070	1
7630	壱番屋	1470	1470	1460	1460	3
7631	マクニカ	15900	17510	15900	17400	61.1
7632	住商メタレックス	505	520	505	520	2
7633	明響社	780	790	770	770	4
7634	星医療	1420	1420	1420	1420	2
7635	杉田エース	0	0	0	0	0
7636	ハンズマン	860	860	860	860	4
7637	白 銅	1700	1700	1590	1600	23
7638	シーマ	0	0	0	0	0
7639	贔屓屋	890	890	890	890	1
7640	トップカル	1680	1680	1680	1680	2
7641	フォーユー	1180000	1190000	1080000	1190000	0.037
7642	ビジョン	1550	1580	1540	1580	10
7643	ダイイチ	450	450	450	450	1
7644	常盤薬品	690	690	690	690	2
7645	日本トイザ	15500	15700	15300	15700	5.5
7646	ＰＬＡＮＴ	2400	2500	2380	2500	9
7647	音通	175	175	175	175	3
7648	トーカン	0	0	0	0	0
7649	スギ薬局	0	0	0	0	0
7701	島津	465	467	462	467	133
7702	ＪＭＳ	426	430	425	430	20
7703	川澄化	1025	1025	999	1000	31
7704	アロカ	1290	1310	1260	1310	36
7705	ジーエル	0	0	0	0	0
7706	セントラユニ	475	475	475	475	4
7711	助川電気	0	0	0	0	0
7713	シグマ光機	2040	2040	1940	2030	39
7714	モリテックス	12700	12700	11500	12100	84.8
7715	長野計器	1920	1920	1920	1920	5
7716	ナカニシ	1680	1680	1600	1600	8
7718	スター精	1438	1440	1435	1436	8
7719	東衡機	100	100	100	100	1
7720	ソキア	355	356	332	345	84
7721	トキメック	160	174	160	167	669
7723	愛時計	273	282	273	282	9
7724	金門	165	169	165	167	11
7726	黒田精	320	320	320	320	1
7727	オーバル	154	154	153	153	2
7728	電産トーソク	0	0	0	0	0
7729	東京精	11100	11300	10500	11070	248.5
7731	ニコン	3220	3350	3170	3280	713
7732	トプコン	397	397	389	389	11
7733	オリンパス	1956	1980	1915	1975	312
7734	理計器	430	435	430	435	8
7735	スクリン	890	890	865	883	258
7736	ユニオンＨＤ	120	120	115	115	18
7737	キャビン工業	0	0	0	0	0
7738	チノン	410	410	407	407	5
7739	キヤノン電	1160	1179	1130	1179	25
7740	タムロン	1290	1350	1260	1350	63
7741	ＨＯＹＡ	9150	9240	9100	9120	235
7743	シード	0	0	0	0	0
7744	ノーリツ鋼機	3050	3100	3000	3020	28.6
7750	ペンタックス	316	340	316	337	883
7751	キヤノン	4700	4710	4650	4700	2849
7752	リコー	2020	2045	1993	2010	1693
7753	ミノルタ	628	655	628	645	798
7756	電産コパル	1570	1574	1541	1574	40
7757	三協精	909	915	890	914	127
7758	セコニック	366	375	366	375	3
7762	シチズン	1174	1200	1159	1200	935
7764	オリエント時計	167	170	167	170	3
7765	リコーエレメ	819	819	810	810	12
7768	ジェコー	0	0	0	0	0
7769	リズム	210	212	208	211	144
7770	ミヨタ	3000	3000	3000	3000	4
7771	日本精密	395	395	395	395	2
7855	カーディナル	630	700	595	681	537
7856	萩原工業	0	0	0	0	0
7857	セキ	0	0	0	0	0
7858	小野産業	1190	1190	1190	1190	1
7859	アルメディオ	1370	1380	1360	1380	8
7860	エイベックス	10490	10530	10360	10400	35.3
7861	東京リスマ	1270	1270	1230	1230	7.7
7862	トッパンフォ	2160	2160	2050	2155	218
7864	フジシール	5790	5790	5550	5600	9
7865	ピープル	1100	1100	1100	1100	0.5
7866	アトラス	1380	1380	1350	1350	4.8
7867	トミー	3660	3670	3480	3650	35.8
7868	広済堂	1205	1230	1205	1230	56.8
7869	日本フォーム	0	0	0	0	0
7870	福島印刷	0	0	0	0	0
7871	フクビ	0	0	0	0	0
7872	エステール	0	0	0	0	0
7873	アーク	5900	5900	5880	5900	8
7874	スルガ	4990	4990	4900	4900	0.2
7875	竹田印刷	571	571	571	571	1
7876	三陽PAX	0	0	0	0	0
7877	永大化工	970	970	945	945	8
7878	光彩工芸	0	0	0	0	0
7879	ノダ	440	450	440	450	3.1
7880	南部化成	400	400	400	400	1
7881	ニッソー	110	110	105	105	3
7882	アロン化成	416	420	416	420	3
7883	サンメッセ	0	0	0	0	0
7884	本間ゴルフ	325	335	320	335	7.5
7885	タカノ	1450	1450	1420	1420	1.9
7886	ヤマト・イン	0	0	0	0	0
7887	南プラ	426	426	426	426	3
7888	三光合成	0	0	0	0	0
7889	桑山	550	550	545	545	0.5
7890	アテナ工業	800	800	800	800	5
7891	日本ユピカ	0	0	0	0	0
7892	宇部日東化成	358	369	355	369	25
7893	亜細亜	1399	1400	1398	1400	7
7895	中央化学	1350	1350	1350	1350	3.2
7896	セブン工業	370	370	370	370	2
7897	ホクシン	168	169	160	169	11.1
7898	ウッドワン	822	838	810	836	26
7899	オザキ軽化	415	420	415	420	2
7900	大出産業	0	0	0	0	0
7901	マツモト	0	0	0	0	0
7902	ソノコム	0	0	0	0	0
7903	名木材	0	0	0	0	0
7904	天竜木	51	55	51	55	20
7905	大建工	355	375	355	369	573
7906	ヨネックス	398	400	398	400	3
7907	日防腐	0	0	0	0	0
7908	きもと	539	539	539	539	4
7909	シーアイ化	370	370	364	364	76
7910	段谷産業	101	103	101	102	25
7911	凸版	1070	1078	1067	1070	1277
7912	大日印	1685	1712	1683	1704	1170
7913	図書印	226	229	226	229	9
7914	共同印	375	380	370	378	37
7915	日写印	659	668	658	668	68
7916	光村印	400	400	399	399	6
7917	藤森工業	760	760	760	760	1
7918	ヴィアＨＤ	340	340	340	340	6
7919	野崎紙	275	275	275	275	9
7920	三浦印	430	430	420	430	4
7921	宝印刷	1533	1533	1525	1530	8
7922	三光産業	980	980	980	980	1
7923	トーイン	0	0	0	0	0
7925	前沢化成	1181	1200	1181	1200	0.8
7926	ベルテクノ	0	0	0	0	0
7927	ムトー精工	1350	1350	1350	1350	3
7928	旭化学	531	531	531	531	3
7929	新輝合成	0	0	0	0	0
7931	未来工業	1360	1360	1360	1360	5.2
7932	ニッピ	0	0	0	0	0
7933	ファイリング	0	0	0	0	0
7934	メルクス	0	0	0	0	0
7935	コンビ	700	710	695	700	29.5
7936	アシックス	118	118	115	118	69
7937	ツツミ	2170	2195	2100	2195	2.8
7938	リーガル	0	0	0	0	0
7939	研創	370	370	370	370	1
7940	ウェーブＨＤ	252	252	252	252	1
7942	ＪＳＰ	605	606	605	606	5
7943	ニチハ	745	748	741	743	4.6
7944	ローランド	2185	2230	2175	2230	39.6
7945	コマニー	700	700	695	695	11
7946	光陽社	0	0	0	0	0
7947	エフピコ	4100	4110	4060	4080	25.7
7948	ＡＷ・エモト	165	165	165	165	1
7949	小松ウオール	920	950	920	950	1.5
7950	日デコラ	520	520	518	518	2
7951	ヤマハ	976	1000	967	991	527
7952	河合楽	164	165	162	164	26
7953	菊水化	0	0	0	0	0
7954	ジャレコ	909	940	880	930	139
7955	クリナップ	482	483	482	483	11
7956	ピジョン	1040	1059	1031	1050	17.1
7957	フジコピアン	204	214	204	214	8
7958	天馬	1216	1238	1215	1238	47
7959	オリバー	0	0	0	0	0
7960	パラマウント	5780	5780	5600	5740	17.3
7961	兼松日産農	196	196	196	196	2
7962	キングジム	630	630	630	630	1
7963	興研	470	495	470	495	4
7964	セガ	1250	1265	1243	1265	221.4
7965	象印	535	550	535	550	3
7966	リンテック	1054	1060	1046	1052	87
7967	バンダイ	3770	3780	3630	3780	25
7968	田崎真珠	470	470	458	469	14
7969	タカラ	530	530	509	517	122
7970	信越ポリ	759	770	751	770	31
7971	東リ	214	214	211	214	16
7972	イトーキ	486	486	478	482	70
7973	ホウトク	148	148	148	148	1
7974	任天堂	19950	20000	19840	20000	228.7
7975	リヒトラブ	227	227	227	227	2
7976	菱鉛筆	850	863	850	863	17
7977	フランスベッド	437	440	435	440	22
7979	松風	775	775	775	775	2
7980	重松製	0	0	0	0	0
7981	タカラスタ	400	410	395	399	776
7983	ミロク	0	0	0	0	0
7984	コクヨ	1750	1781	1747	1781	75
7985	ネポン	0	0	0	0	0
7986	キング工	147	147	142	142	8
7987	ナカバヤシ	331	331	326	331	14
7988	ニフコ	1180	1183	1166	1170	68
7989	ブラインド	703	704	690	704	2.7
7990	ダイワ精	147	148	146	148	29
7991	マミヤＯＰ	300	300	292	292	24
7992	セーラー	941	941	911	925	276
7993	サンウエブ	224	224	220	224	8
7994	岡村製	385	388	380	387	50
7995	バルカー	197	197	190	197	180
7996	パイロット	440	440	425	425	3
7997	くろ工	201	205	201	205	2
7998	高島屋工作	0	0	0	0	0
7999	武藤工	318	318	311	316	39
8000	カイゲン	492	492	492	492	1
8001	伊藤忠	475	475	466	470	2285
8002	丸紅	315	319	313	319	1384
8003	トーメン	110	115	108	115	346
8004	ニチメン	97	98	96	98	176
8005	ムトウ	760	770	740	770	6
8006	ユアサフナ	169	170	166	166	22
8007	高島	140	141	140	140	15
8008	アスティ	0	0	0	0	0
8010	新興産業	125	125	123	123	2
8011	三陽商	305	305	300	303	78
8012	長瀬産	608	608	595	606	85
8013	ナイガイ	110	110	105	107	56
8014	蝶理	124	140	124	135	93
8015	豊田通商	426	430	420	430	59
8016	オンワード	1230	1240	1213	1226	123
8017	阪急共栄物産	162	165	162	165	4
8018	三共興	277	277	274	276	13
8019	市田	70	71	70	70	56
8020	兼松	92	93	91	92	90
8021	レナウン	112	115	112	114	2248
8022	ミズノ	329	329	326	326	52
8023	大興電子	499	499	476	476	3
8024	シルバーＯＸ	474	478	473	474	13
8025	ツカモトＣ	180	184	173	184	8
8027	ルシアン	122	123	121	121	20
8028	ファミリーＭ	3800	3890	3790	3890	101.5
8029	ルック	265	265	260	263	78
8030	中央魚	0	0	0	0	0
8031	三井物	724	749	724	749	2131
8032	紙パ商	351	351	348	348	41
8033	ジーネット	125	125	125	125	6
8035	東エレク	12900	13500	12870	13500	720
8036	日立ハイテク	1500	1540	1500	1540	49
8037	カメイ	509	515	509	515	7
8038	東都水	396	401	395	401	94
8039	築地魚	170	170	170	170	2
8040	東ソワール	210	210	210	210	1
8041	魚市場	335	335	320	320	4
8042	マタイ	216	216	213	214	13
8043	スターゼン	218	222	218	222	17
8044	大都魚	140	140	140	140	4
8045	浜丸魚	450	450	450	450	2
8046	丸藤パ	143	143	143	143	2
8047	デジ・ネット	810	810	810	810	3
8048	シャディ	2410	2410	2360	2400	6.6
8049	ＥＩＥ	362	365	361	365	12
8050	セイコー	564	565	556	565	100
8051	山善	200	203	199	199	46
8052	椿本興	192	192	186	189	18
8053	住友商	947	969	940	960	1688
8056	ユニシス	1945	1952	1938	1949	68.6
8057	内田洋	602	602	600	602	37
8058	三菱商	798	835	798	835	1643
8059	第一実	234	236	230	235	54
8060	キヤノン販	1720	1732	1720	1732	209
8061	西華産	169	171	168	171	56
8063	日商岩井	114	117	113	117	1234
8064	金商	137	137	130	137	31
8065	佐藤商	375	380	375	380	3
8066	三谷商	465	465	465	465	2
8067	トミヤアパ	326	329	326	329	5
8068	菱洋エレク	1969	1969	1920	1945	77
8070	東京産	324	329	321	328	16.5
8071	東海物産	351	351	351	351	7
8072	出版貿	0	0	0	0	0
8073	Ｔ・ＺＯＮＥ	315	330	315	330	13
8074	ユアサ商	137	137	134	136	109
8075	神鋼商	177	195	177	191	158
8076	カノークス	120	120	120	120	2
8077	小林産	192	192	192	192	1
8078	阪和興	105	107	103	107	250
8079	正栄食	465	465	465	465	6
8080	ジョイス	1090	1110	1070	1110	0.4
8081	カナデン	506	509	506	507	17
8083	サンテレ	295	295	295	295	2
8084	菱電商	394	394	389	391	29
8085	ナラサキ産業	146	160	146	155	16
8086	ニプロ	890	890	886	890	32
8087	フルサト	370	370	370	370	12.5
8088	岩谷産	205	209	204	205	1220
8089	ナイス	271	278	271	277	233
8090	昭光通商	155	155	152	152	59
8091	ニチモウ	130	133	130	133	5
8092	富士通シス	2970	3030	2970	3030	9.7
8093	極東貿易	665	685	665	685	32
8095	イワキ	214	215	214	215	6
8096	兼松エレク	500	514	500	514	10
8097	三愛石	296	296	290	295	16
8098	稲畑産	684	685	679	685	33
8100	藤井	70	72	70	72	7
8101	ＧＳＩクレ	132	137	132	135	11
8103	明和産	125	125	121	121	7
8105	丸正	180	185	180	185	6
8107	キムラタン	69	74	69	69	10
8109	山洋工	0	0	0	0	0
8110	川鉄商事	132	132	128	132	80
8111	ゴルドウイン	160	160	153	158	34
8112	東スタイル	1035	1035	1028	1028	48
8113	ユニチャーム	6030	6100	6020	6090	56.8
8114	デサント	235	236	229	234	68
8115	ムーンバット	111	111	111	111	3
8116	ダーバン	260	261	255	260	205
8117	中央自	238	238	238	238	6
8118	キング	0	0	0	0	0
8119	三栄コ	535	535	525	535	9
8120	大木	259	259	259	259	1
8123	川辺	0	0	0	0	0
8125	ワキタ	283	283	280	280	10
8126	三光純薬	451	474	451	474	15
8127	ヤマトインタ	133	133	132	133	5
8128	エフワン	59	60	59	60	14
8129	東邦薬	430	430	430	430	3
8130	サンゲツ	1700	1700	1697	1697	12
8131	ミツウロコ	571	580	571	579	6
8132	シナネン	417	419	415	419	11
8133	伊藤忠エネ	380	380	368	376	48
8134	ＴＯＫＡＩ	1051	1063	1035	1055	188
8135	ゼット	0	0	0	0	0
8136	サンリオ	2500	2580	2500	2580	77.3
8137	サンワテク	0	0	0	0	0
8138	三京化	241	241	231	231	8
8139	ナガホリ	247	247	232	232	3
8140	リョーサン	2205	2205	2185	2205	33
8141	新光商	925	930	910	930	13
8142	トーホー	880	880	879	879	6
8143	ラピーヌ	88	88	88	88	7
8144	電響社	420	420	410	410	3
8145	中部水産	339	340	339	340	8
8146	小杉産	144	145	144	144	30
8147	トミタ	225	225	225	225	1
8148	上原成	286	294	286	294	4
8150	三信電	801	804	780	799	67
8151	東陽テク	2810	2990	2810	2990	129
8152	ソマール	251	252	251	252	6
8153	モスフード	1185	1196	1185	1195	22
8154	加賀電子	1471	1479	1465	1465	24
8155	三益半導	1838	1838	1799	1807	7.5
8156	ガステック	515	515	500	515	18
8157	都築電	555	560	553	560	11
8158	ソーダニッカ	187	188	186	186	5
8159	立花エレ	639	639	626	626	3
8160	木曽路	1230	1240	1221	1221	3
8161	エイデン	880	899	880	890	18
8163	サトＲＳ	709	709	709	709	3
8164	キャビン	140	140	134	134	9
8165	千趣会	940	940	921	930	14
8166	タカキュー	134	138	134	138	23
8167	丸久	0	0	0	0	0
8168	ケーヨー	661	681	641	680	120.3
8169	宝船	205	205	205	205	3
8170	アデランス	4250	4300	4100	4150	251.6
8171	ＭＶ中部	0	0	0	0	0
8172	第一家庭電器	60	60	58	60	80
8173	上新電	301	301	301	301	2
8174	日ガス	605	610	599	610	9
8175	ベスト電	767	770	765	770	85
8176	西洋フードシス	394	394	387	390	24
8178	マルエツ	345	346	340	345	36
8179	ロイヤルＨＤ	1036	1045	1029	1030	75
8180	すかいらく	3780	3850	3750	3750	285
8181	東天紅	425	440	425	440	61
8182	いなげや	738	749	738	749	2
8183	セブン−イレブン	7000	7070	6940	7050	739
8184	島忠	2060	2085	2040	2045	105.2
8185	チヨダ	599	599	575	595	19.1
8186	大塚家具	8000	8000	7700	7750	6.3
8188	ヨークベニ	2610	2780	2610	2780	33.3
8189	マツヤデンキ	329	329	315	315	5
8190	ヤマナカ	1689	1689	1689	1689	2
8191	光製作	0	0	0	0	0
8192	中川無線	120	120	115	120	25
8193	鈴丹	163	163	159	163	43
8194	ライフコーポ	630	630	626	626	5
8195	デニーズジャパン	2300	2300	2255	2300	15
8196	カスミ	454	457	450	457	18
8197	東急ストア	330	335	330	333	24
8199	デオデオ	880	892	880	891	23.9
8200	リンガハット	1195	1200	1195	1200	8.9
8201	さが美	354	355	354	354	7
8202	ラオックス	578	578	540	570	20
8203	ＭｒＭａｘ	382	383	368	383	25.9
8204	ジョナサン	1480	1490	1460	1460	5
8205	シャクリー	0	0	0	0	0
8206	アポロイン	0	0	0	0	0
8207	テンアライド	428	428	418	428	4
8208	エンチョー	510	510	510	510	3
8209	フレンドリ	0	0	0	0	0
8210	フットワーク	220	220	217	217	2
8211	相鉄ローゼ	540	545	540	545	10
8212	オーク	153	153	151	151	14
8213	トステムビバ	318	321	316	320	6
8214	アオキインタ	384	384	370	383	23.9
8215	銀座山形屋	0	0	0	0	0
8216	フォルクス	590	590	585	588	6
8217	オークワ	925	925	900	907	4
8218	コメリ	3110	3190	3100	3190	33
8219	青山商	1540	1551	1540	1550	76.8
8225	タカチホ	131	131	131	131	1
8226	理経	425	430	421	421	14
8227	しまむら	8810	9090	8800	8920	57.8
8228	マルイチ	0	0	0	0	0
8229	ＣＦＳコーポ	989	989	950	950	1
8230	はせがわ	669	670	650	670	11
8231	三越	372	375	365	368	1763
8232	東急百貨店	90	93	89	93	251
8233	高島屋	725	730	707	709	1215
8234	大丸	334	339	329	335	262
8235	松坂屋	265	270	265	268	33
8236	丸善	420	436	415	416	9421
8237	松屋	430	430	424	425	4
8238	伊勢丹	1012	1023	980	1016	185
8239	横浜松坂屋	0	0	0	0	0
8240	サッポロライオン	614	614	600	600	3
8241	阪神百貨店	423	423	423	423	1
8242	阪急百	568	585	568	585	140
8243	そごう	6	6	5	6	1384
8244	近鉄百貨店	112	112	108	108	7
8245	丸栄	275	275	270	275	4
8247	大和	0	0	0	0	0
8248	ニッセン	400	400	395	397	19.1
8249	東洋物	615	616	612	616	5
8250	小松ストアー	0	0	0	0	0
8251	パルコ	380	391	380	390	55
8252	丸井	1690	1725	1675	1725	468
8253	クレセゾン	2520	2680	2520	2680	909.5
8254	さいか屋	0	0	0	0	0
8255	原信	865	865	865	865	0.5
8256	プロルート	0	0	0	0	0
8257	山陽百	0	0	0	0	0
8258	ＯＭＣカード	401	412	401	410	55
8259	十字屋	60	63	59	63	96
8260	井筒屋	200	205	200	205	218
8261	ｼ鉄百貨店	0	0	0	0	0
8263	ダイエー	309	312	306	312	657
8264	イトーヨーカ堂	5240	5310	5110	5280	1108
8265	壽屋	150	150	150	150	25
8266	イズミヤ	889	898	889	896	87
8267	イオン	2175	2220	2150	2190	413
8268	西友	440	475	438	475	2116
8269	マイカル	326	329	324	329	406
8270	ユニー	1040	1109	1040	1100	403
8273	イズミ	1266	1266	1235	1236	8
8274	東武ストア	184	184	179	179	25
8275	フォーバル	2190	2220	2120	2160	6.5
8276	平和堂	775	775	755	775	7
8278	フジ	1950	1950	1948	1948	3.2
8279	ヤオコー	1320	1320	1276	1276	10.7
8280	富士冷機	415	415	410	415	15
8281	ゼビオ	2405	2500	2400	2500	68.7
8282	ギガスケーズ	2630	2650	2630	2650	19.8
8283	パルタック	510	511	510	510	4
8285	三谷産業	0	0	0	0	0
8287	ＭＶ西日本	1021	1021	1021	1021	8
8289	オリンピック	2155	2155	2145	2150	3.3
8290	デンコードー	0	0	0	0	0
8291	東日カーライフ	191	195	191	195	6
8292	東いすず	0	0	0	0	0
8293	愛トヨ	0	0	0	0	0
8295	キャノンシステム	698	710	696	697	6
8298	ファミリー	309	309	295	305	4
8299	大栄太源	0	0	0	0	0
8301	日銀	0	0	0	0	0
8302	興業銀行	775	805	775	798	6891
8311	第一勧銀	775	803	775	798	7063
8314	さくら銀行	735	757	735	751	12696
8315	東京三菱銀	1295	1323	1289	1323	8452
8317	富士銀行	778	808	777	807	8643
8318	三井住友銀行	1270	1315	1270	1309	5300
8319	大和銀行	258	264	254	264	1489
8320	三和銀行	957	980	956	966	6143
8321	東海銀行	498	513	498	509	3153
8322	あさひ銀行	392	403	392	395	3923
8324	第四銀	396	398	389	394	84
8325	北越銀	324	328	321	327	59
8326	福岡銀	651	669	651	660	527
8327	西日本シティ銀	444	444	441	443	71
8331	千葉銀	435	440	433	440	531
8332	横浜銀	463	472	463	472	752
8333	常陽銀	400	412	400	410	503
8334	群馬銀	576	577	575	577	207
8335	足利銀行	205	206	203	206	339
8336	武蔵銀	4200	4250	4200	4250	15.1
8337	千葉興	1250	1250	1244	1250	24
8338	関東つくば銀	1430	1431	1410	1429	9.9
8339	都民銀	3450	3460	3410	3460	12.3
8341	七十七	873	897	873	885	231
8342	青森銀	499	500	496	500	78
8343	秋田銀	454	454	443	443	114
8344	山形銀	579	580	577	580	35
8345	岩手銀	4240	4250	4010	4050	15.5
8346	東邦銀	410	410	409	410	88
8349	東北銀	218	218	218	218	16
8350	みちのく銀	680	683	676	680	61
8353	北海道銀行	135	135	134	135	51
8355	静岡銀	970	984	970	980	561
8356	十六銀	475	479	475	479	46
8357	北陸銀行	246	246	240	240	309
8358	スルガ銀	1602	1609	1598	1603	216
8359	八十二	605	605	603	605	200
8360	山梨銀	375	380	369	380	175
8361	大垣共立	569	573	568	573	104
8362	福井銀	297	298	295	298	104
8363	北国銀	458	458	456	458	179
8364	清水銀	4400	4480	4400	4480	4.3
8365	富山銀	489	489	489	489	1
8366	滋賀銀	492	497	492	497	107
8367	南都銀	494	497	494	496	39
8368	百五銀	440	440	439	440	38
8369	京都銀	524	524	513	523	94
8370	紀陽銀	289	289	280	285	245
8371	近畿大阪銀	191	192	187	192	3
8372	泉州銀	360	360	345	345	30
8374	三重銀	511	511	510	510	25
8375	池田銀	5470	5470	5440	5450	8.1
8379	広島銀	401	404	399	404	230
8380	山口銀	709	712	700	712	91
8381	山陰合銀	580	580	580	580	102
8382	中国銀	920	960	920	953	62
8383	鳥取銀	384	384	380	380	26
8385	伊予銀	649	660	649	660	44
8386	百十四	638	639	631	639	75
8387	四国銀	640	640	629	639	44
8388	阿波銀	510	510	506	510	122
8390	鹿児銀	411	412	405	405	77
8391	親和銀行	355	355	343	343	54
8392	大分銀	479	490	479	490	21
8393	宮崎銀	369	369	356	366	24
8394	肥後銀	427	427	412	421	28
8395	佐賀銀	390	390	374	379	51
8396	十八銀	378	378	370	374	67
8397	沖縄銀	2460	2460	2400	2450	3.9
8399	琉球銀	1575	1590	1555	1590	10.8
8402	三菱信託	795	815	789	815	3179
8403	住友信	740	780	739	780	3075
8404	みずほ信託銀	121	124	120	124	2237
8405	日本信託	130	134	129	134	323
8407	東洋信託	329	335	325	335	4123
8408	中央三井信	395	399	392	399	1045
8489	アプレック	0	0	0	0	0
8493	インター	1630	1631	1630	1631	1.5
8507	学研クレジット	700	705	700	705	2
8508	イッコー	765	765	745	765	5
8511	日証金	550	588	550	583	248
8512	大証金	262	262	252	259	35
8513	中証金	0	0	0	0	0
8515	アイフル	10200	10350	10050	10070	75.7
8518	アジア投資	628	634	610	634	227
8519	ポケットＣ	2780	2795	2750	2785	43.9
8520	殖産銀行	410	410	400	410	17
8521	長野銀	475	477	474	475	21
8522	名古屋銀	639	640	639	640	161
8524	北洋銀行	644	644	640	642	61
8527	愛知銀	7390	7390	7300	7350	6.4
8528	岐阜銀	210	210	201	210	42
8529	第三銀	470	470	465	470	46
8530	中京銀	444	450	444	450	50
8533	広島総合銀行	444	446	442	446	62
8536	東日銀	619	621	619	621	55
8537	大光銀	297	297	297	297	17
8539	福岡シティ銀	495	500	495	500	142
8541	愛媛銀	465	467	465	467	33
8542	トマト銀	351	361	351	361	4
8543	みなと銀	249	255	249	251	103
8544	京葉銀	303	303	300	302	59
8545	関西アーバン	161	161	154	161	74
8548	九州銀行	314	315	310	315	31
8549	せとうち銀行	410	410	410	410	64
8550	栃木銀	675	675	665	675	52
8551	北日銀	5770	5800	5700	5800	3.2
8552	びわこ銀	286	290	286	290	6
8556	香川銀	540	540	538	538	17
8558	東和銀	437	437	434	435	166
8561	徳島銀	726	726	720	720	22
8562	福島銀	328	330	328	330	32
8563	大東銀	329	329	329	329	11
8564	武富士	11610	11800	11400	11400	116.7
8565	三洋クレ	5000	5090	4880	4960	41.4
8566	リコーリース	2640	2650	2600	2620	12.7
8567	クレディア	2015	2015	2000	2015	5.7
8568	シンキ	2260	2290	2240	2250	80.6
8569	ユニココーポ	1010	1010	1010	1010	0.5
8570	イオンクレ	6310	6370	6310	6340	54.5
8571	ニッシン	5550	5550	5410	5480	2.3
8572	アコム	8990	9300	8970	9260	111.1
8573	三洋信販	3350	3390	3330	3380	39
8574	プロミス	7570	7980	7510	7960	123.6
8577	ロプロ	1540	1550	1522	1522	73.5
8579	東京リース	605	605	605	605	1
8580	ファーストクレジット	294	294	280	281	86
8583	日信販	223	230	223	230	519
8584	ジャックス	379	383	374	383	553
8585	オリコ	447	455	444	447	169
8586	日立キャピ	2850	2890	2700	2705	132.6
8588	セントラル	315	322	315	320	41
8589	アプラス	120	121	118	121	34
8591	オリックス	13300	13600	13200	13310	118.2
8592	住商リース	1600	1615	1590	1613	37
8593	ダイヤリース	1380	1380	1352	1380	9
8595	ジャフコ	16600	17100	16500	16900	265.1
8597	ＳＦＣＧ	16780	16980	16250	16700	9.31
8599	ＵＦＪセント	0	0	0	0	0
8601	大和証Ｇ	1264	1300	1257	1300	1795
8603	日興コーデ	980	995	963	995	2100
8604	野村ＨＤ	2310	2370	2275	2370	4049
8606	新光	392	397	388	397	1057
8607	みずほイン証	219	223	215	222	278
8609	岡三ＨＤ	760	770	750	768	131
8610	さくらフレンド	278	289	278	289	87
8611	コスモ証	228	233	220	233	118
8613	丸三	643	660	643	660	51
8614	東洋	331	332	325	329	39
8615	三菱証	1300	1310	1290	1310	332
8616	東海東京	314	318	313	316	102
8617	光世	259	264	257	264	83
8620	東海丸万	548	548	542	548	40
8621	ＵＦＪつばさ証券	510	528	501	528	179
8622	水戸	355	360	351	355	6
8623	ＳＭＢＣ証	291	291	291	291	7
8624	いちよし証	719	719	708	717	34
8625	高木	325	328	315	328	14
8626	マネックス	85300	90000	83000	90000	4.586
8691	証券代	0	0	0	0	0
8692	だいこう	454	465	450	465	9
8742	小林洋行	1359	1359	1359	1359	0.5
8743	ひまわり証	0	0	0	0	0
8744	日本ユニコム	982	982	982	982	2
8745	グローバリー	0	0	0	0	0
8746	第一商品	0	0	0	0	0
8747	豊商事	0	0	0	0	0
8748	岡藤商事	0	0	0	0	0
8749	エース交易	0	0	0	0	0
8751	東京海上火災	1136	1143	1123	1142	1085
8752	三井住友海上	498	520	497	516	864
8753	住友海上火災	612	635	606	616	2088
8754	日本興亜	405	406	399	406	270
8755	損害保険Ｊ	549	564	542	564	593
8756	日産火災海上	335	340	330	340	163
8757	日新火	240	240	231	239	100
8758	千代田火災	350	358	348	353	781
8759	ニッセイ同和	269	271	267	271	54
8760	日動火災海上	595	610	595	610	554
8761	あいおい損保	376	376	365	370	645
8762	興亜火災	395	395	389	392	149
8763	富士火	205	210	204	206	267
8764	太陽火災	0	0	0	0	0
8765	大成火災海上	219	223	219	223	11
8801	三井不	1050	1095	1049	1095	2298
8802	菱地所	1060	1095	1058	1095	1982
8803	平和不	273	300	273	294	457
8804	東建物	194	200	192	200	1291
8805	中央地	114	114	113	113	18
8806	ダイビル	795	803	795	799	104
8809	サンケビル	390	395	389	394	15
8810	港振興	0	0	0	0	0
8815	東急不	127	128	125	127	262
8817	阪急不動産	364	370	360	370	7
8818	京阪神不	319	330	315	330	10
8821	立飛企	2400	2400	2400	2400	1
8829	大和団地	230	235	230	235	26
8830	住友不	489	497	486	490	1060
8832	小田急不	200	210	200	210	3
8833	東宝不	380	385	380	385	11
8834	藤和不	56	57	56	57	83
8835	太平発	127	127	122	123	62
8836	ヒューネット	615	616	600	604	351
8838	有楽地	164	164	150	159	9
8839	ニチモ	90	95	89	94	15
8840	大京	235	235	225	227	294
8841	テーオーシー	789	800	780	800	95
8842	楽天地	363	370	358	365	11
8844	リクコスモス	474	474	461	461	14
8845	セザール	249	251	245	246	60
8846	積和不動産	0	0	0	0	0
8848	レオパレス	346	348	342	342	46
8850	スターツ	730	730	730	730	1
8851	アバンライフ	180	180	180	180	1
8852	積和不動関西	338	350	338	349	4
8853	ダイヤシティ	350	350	350	350	3
8854	日住	251	252	251	251	6
8855	全日空ビル	0	0	0	0	0
8857	三井不動販売	574	580	570	579	27
8858	ダイア建	239	239	225	235	10
8860	フジ住	495	496	494	494	4
8863	積和不動中部	510	510	510	510	2
8864	空港施設	405	414	402	402	83
8865	神鋼興産	266	266	266	266	2
8866	コマーシャル	284	284	263	281	6
8867	横浜地下街	274	274	274	274	1
8868	ＵＲＢＡＮ	1830	1830	1750	1780	20.5
8869	明和地所	2610	2620	2575	2590	33.8
8870	住不販売	3880	3880	3750	3750	62
8871	ゴールドクレ	10900	10900	10510	10700	43.4
8872	エイブル	1570	1570	1540	1550	3
8873	積和不動中国	0	0	0	0	0
8874	ジョイント	3500	3500	3290	3390	5.2
8875	東栄住宅	1450	1450	1390	1410	6.1
8876	リロＨＤ	0	0	0	0	0
8877	エスリード	1230	1230	1210	1215	8.5
8878	日綜地所	1620	1620	1610	1620	6
8879	東急リバブル	650	650	640	650	3
8880	飯田産業	0	0	0	0	0
8881	日神不動産	1440	1440	1400	1430	6.3
8882	ゼファー	2700000	2800000	2420000	2540000	0.232
9001	東武	314	324	314	324	425
9002	西武鉄道	1621	1700	1621	1700	79
9003	相鉄	297	298	296	296	102
9004	箱根登山鉄道	282	282	280	280	11
9005	東急	560	574	553	574	1431
9006	京急	412	420	412	420	468
9007	小田急	396	404	396	404	399
9008	京王	447	460	447	460	467
9009	京成	274	284	271	280	481
9010	富士急	368	370	368	370	11
9012	秩父鉄	0	0	0	0	0
9013	伊豆箱根鉄道	0	0	0	0	0
9014	新京成	0	0	0	0	0
9017	新潟交	0	0	0	0	0
9019	伊豆急行	2300	2300	2300	2300	0.1
9020	ＪＲ東日本	578000	585000	570000	585000	2.897
9021	ＪＲ西日本	453000	454000	446000	451000	1.442
9022	ＪＲ東海	608000	618000	603000	618000	0.619
9031	西鉄	293	294	290	290	166
9033	広電鉄	0	0	0	0	0
9036	東部ネット	0	0	0	0	0
9037	ハマキョウ	1380	1380	1380	1380	1
9038	東海西濃	0	0	0	0	0
9039	サカイ引越	2300	2350	2300	2350	0.6
9040	大宝運輸	0	0	0	0	0
9041	近鉄	476	488	473	488	533
9042	阪急ＨＤ	364	374	364	374	485
9043	阪神	302	302	300	302	77
9044	南海電	430	430	425	425	99
9045	京阪電	349	350	349	349	77
9046	神電鉄	437	437	436	437	19
9047	名糖運輸	1213	1213	1136	1157	6.3
9048	名鉄	307	314	307	314	274
9049	京福電	0	0	0	0	0
9050	三重交	350	350	350	350	4
9051	センコン物流	0	0	0	0	0
9052	山陽電	284	284	282	284	14
9053	中央運輸	0	0	0	0	0
9054	大和物流	510	510	510	510	1
9055	アルプス物流	800	800	785	785	6
9056	ヒューテック	1270	1270	1270	1270	1
9057	遠州トラック	0	0	0	0	0
9058	トランコム	490	510	490	500	21
9059	カンダ	290	290	290	290	2
9060	日ロジテム	379	380	350	350	8
9061	富士物流	199	199	195	195	2
9062	日通	598	610	597	605	855
9063	岡県運送	0	0	0	0	0
9064	ヤマト運	2275	2330	2270	2310	579
9065	山九	90	90	89	90	207
9066	日新	200	200	194	200	58
9067	丸運	225	226	225	226	2
9068	丸全運	213	214	207	214	21
9069	センコー	210	214	207	210	152
9070	トナミ	216	216	211	214	21
9072	日梱包	685	698	685	698	14
9073	京極運	0	0	0	0	0
9074	日石輸	185	188	185	185	68
9075	福山運	556	564	535	536	678
9076	西濃運	579	589	579	589	82
9077	名鉄運	336	336	336	336	1
9078	エスライン	259	259	259	259	6
9079	東急ロジ	0	0	0	0	0
9080	関東西濃	0	0	0	0	0
9081	神奈交	0	0	0	0	0
9082	大和自	0	0	0	0	0
9083	神姫バ	461	461	461	461	2
9086	日立物流	600	600	599	599	155
9087	タカセ	226	230	226	230	2
9088	濃飛西濃	0	0	0	0	0
9089	ロジパル	0	0	0	0	0
9101	郵船	482	505	482	498	2616
9104	商船三井	225	233	224	232	2453
9107	川崎汽	201	210	199	207	1151
9110	新和海	75	76	72	76	69
9113	乾汽船	74	76	71	76	7
9114	日之出汽船	50	50	48	48	3
9115	明治海	170	170	170	170	1
9119	飯野海	159	163	157	163	112
9123	太平海	53	56	53	56	55
9127	玉井船	0	0	0	0	0
9130	共栄タ	118	119	117	119	8
9132	第一汽	58	58	56	58	37
9133	東栄リーファ	0	0	0	0	0
9151	東京船舶	83	83	83	83	2
9152	関西汽	55	56	55	56	27
9171	栗林船	0	0	0	0	0
9173	東海汽	325	325	320	320	2
9174	ワンダーＴ	403	454	403	449	49
9176	佐渡汽	0	0	0	0	0
9178	日鉄物流	0	0	0	0	0
9179	川崎近海	190	190	190	190	3
9180	新和内航	0	0	0	0	0
9193	東京汽	340	340	340	340	4
9201	日本航空	415	419	395	410	2300
9202	ＡＮＡ	347	352	344	350	3970
9203	日本エアシス	3800	3800	3780	3800	2.4
9204	スカイマーク	200000	200000	197000	200000	0.035
9231	国際航	609	609	600	605	12
9232	パスコ	551	551	550	550	17
9233	アジア航	348	348	348	348	1
9301	三菱倉	905	945	896	934	363
9302	三井倉	210	213	210	213	483
9303	住友倉	316	329	316	323	259
9304	渋沢倉	270	273	270	273	32
9305	ヤマタネ	132	133	125	130	17
9306	東陽倉	213	213	213	213	1
9307	杉村倉	0	0	0	0	0
9308	イヌイ建	0	0	0	0	0
9309	京神倉庫	0	0	0	0	0
9310	トランシティ	204	210	204	210	20
9311	アサガミ	175	180	175	180	2
9312	ケイヒン	145	148	145	147	10
9313	丸八倉	160	160	160	160	2
9314	品川倉	0	0	0	0	0
9317	オーナミ	120	121	120	121	2
9318	Ｊブリッジ	240	252	240	252	4
9319	中央倉	540	540	540	540	3
9320	三和倉	0	0	0	0	0
9321	アイロジステ	158	158	148	148	4
9322	川西倉	0	0	0	0	0
9323	ロジステック	0	0	0	0	0
9324	安田倉	0	0	0	0	0
9351	洋埠頭	169	175	168	169	80
9353	桜島埠	0	0	0	0	0
9355	リンコー	0	0	0	0	0
9357	名港海	341	341	340	340	5
9358	宇徳運	150	150	149	149	4
9359	伊勢湾	255	255	255	255	1
9360	鈴与シンワ	167	167	167	167	1
9361	伏木運	0	0	0	0	0
9362	兵機海	116	116	116	116	2
9363	大運	58	60	58	60	27
9364	上組	523	537	522	525	224
9365	トレーディア	0	0	0	0	0
9366	サンリツ	750	750	750	750	1.5
9367	大東港運	0	0	0	0	0
9368	キムラユニテ	0	0	0	0	0
9369	キユソ流通	1649	1649	1580	1580	2
9370	郵船航空	2450	2500	2430	2430	5.3
9373	ニッコウトラ	2490	2490	2490	2490	1
9401	ＴＢＳ	3750	3810	3750	3770	747
9402	ＣＢＣ	1300	1310	1300	1310	8.3
9404	日テレ	60000	60200	59300	59800	34.3
9405	朝日放	13500	13500	13000	13200	6.67
9408	新潟放	0	0	0	0	0
9431	ＫＤＤ	8330	8800	8260	8800	125.4
9432	ＮＴＴ	1200000	1230000	1170000	1220000	21.955
9433	ＫＤＤＩ	780000	819000	768000	819000	10.727
9434	ボーダフォン	3070000	3160000	2920000	3110000	0.88
9435	光通信	4730	5210	4730	4860	350.6
9436	沖縄セルラー	525000	525000	525000	525000	0.021
9437	ＮＴＴドコモ	2580000	2630000	2510000	2630000	15.523
9438	ＭＴＩ	750000	765000	680000	683000	0.576
9439	ビーアイジー	870000	877000	836000	877000	0.018
9441	ベルパーク	2120000	2120000	2060000	2060000	0.003
9442	ＪＳＡＴ	1230000	1240000	1190000	1210000	1.907
9449	ＧＭＯインター	4670	4940	4530	4530	20
9470	学研	205	205	198	200	52
9471	文渓堂	701	702	701	702	2
9472	エスコム	466	475	463	466	46
9473	アスキー	945	945	910	910	26
9474	ゼンリン	2850	2850	2730	2730	16.2
9475	昭文社	2600	2625	2520	2600	122.4
9476	中央経済	340	340	340	340	1
9477	角川ＨＤ	10600	10700	10550	10570	15.8
9478	翔泳社	2150000	2160000	2110000	2150000	0.03
9501	東電	2500	2505	2485	2500	853.4
9502	中部電	1882	1910	1882	1910	264.7
9503	関西電	1865	1878	1845	1878	396.7
9504	中国電	1740	1740	1700	1738	243
9505	北陸電	1530	1558	1529	1558	138.2
9506	東北電	1510	1535	1502	1531	413
9507	四国電	1549	1580	1537	1580	143
9508	九州電	1650	1660	1641	1660	225.4
9509	北海電	1495	1503	1480	1500	201.1
9511	沖縄電	1931	1931	1928	1928	0.5
9531	東ガス	277	285	276	280	4696
9532	大ガス	277	285	274	284	2281
9533	邦ガス	207	209	205	208	205
9534	北ガス	198	199	196	199	9
9535	広ガス	0	0	0	0	0
9536	西部ガス	162	163	160	162	140
9537	北陸ガ	309	309	309	309	1
9539	葉ガス	0	0	0	0	0
9540	中ガス	225	225	225	225	1
9541	大多喜ガス	340	341	340	341	3
9542	新日ガス	380	380	380	380	5
9600	アイネット	879	879	879	879	3
9601	松竹	535	539	533	539	40
9602	東宝	18000	18000	17940	17990	5.9
9603	ＨＩＳ	4250	4250	4180	4190	6.1
9604	際放映	200	200	200	200	5
9605	東映	830	830	819	830	344
9607	葵プロ	1611	1640	1580	1600	30.5
9608	福山コンサル	0	0	0	0	0
9609	ベンチャーリ	8610	8610	8400	8420	27.6
9610	ウィルソン	3260	3300	3100	3200	4.7
9611	Ｄワンダー	0	0	0	0	0
9612	ラックランド	0	0	0	0	0
9613	ＮＴＴデータ	1040000	1080000	1030000	1080000	5.823
9614	ベルシス24	47150	47550	47000	47050	8.8
9615	東京美装	550	551	550	550	11
9616	共立メンテ	2850	2850	2810	2820	2.1
9618	エームサービス	0	0	0	0	0
9619	イチネン	0	0	0	0	0
9620	スクウェア	5500	5800	5500	5800	36.6
9621	建設技研	620	630	610	612	5
9622	スペース	524	525	502	505	6.1
9623	キヤノンソフ	720	720	720	720	1
9624	長大	470	470	450	450	2
9625	セレスポ	220	230	220	230	3
9626	日本技開	234	235	234	235	3
9627	アインファマ	1400	1420	1360	1410	15
9628	燦ＨＤ	4800	4800	4700	4710	0.4
9629	ＰＣＡ	3690	3690	3550	3550	6.5
9630	アップ	0	0	0	0	0
9631	東急レク	592	592	590	590	7
9632	スバル	351	355	351	355	6
9633	テアトル	195	195	191	194	12
9634	修学社	505	505	500	500	10
9635	武蔵野	0	0	0	0	0
9636	きんえい	0	0	0	0	0
9637	オーエス	0	0	0	0	0
9638	情報技術	765	765	760	760	6
9639	三協フロンテ	307	307	307	307	1
9640	セゾン情報	740	740	740	740	1
9641	サコス	124	124	124	124	2
9642	コマスタ	10000	10000	10000	10000	0.1
9643	中日興	15900	15900	15900	15900	0.1
9644	タナベ経営	400	425	400	410	10
9645	ダイヤモンドコン	1359	1370	1359	1360	15.5
9646	タイトー	100000	103000	99900	101000	0.309
9647	協和コンサル	0	0	0	0	0
9648	ウエスコ	310	310	300	300	4
9649	明電エンジニア	660	660	650	655	10.5
9650	テクモ	1452	1455	1445	1445	12.6
9651	日本プロセス	0	0	0	0	0
9652	日本医療	2140	2140	2100	2120	7.6
9653	ＳＢＩパートナ	0	0	0	0	0
9654	コーエー	4110	4150	3950	4140	37.7
9656	三井ランド	610	610	610	610	2
9657	コムテック	409	409	409	409	1
9658	ビジ太田昭	646	660	646	651	8
9660	ＣＲＣソリュ	1610	1650	1610	1650	3
9661	歌舞伎	0	0	0	0	0
9662	アイフル	530	530	530	530	1
9663	ナガワ	750	755	750	755	4
9664	御園座	1140	1140	1140	1140	1
9665	吉本興	1279	1279	1260	1274	11
9667	ホリプロ	772	772	772	772	1
9668	相鉄企業	435	435	435	435	1
9669	オークネット	5200	5270	5160	5270	12.5
9671	よみランド	382	385	380	385	31
9672	東競馬	119	121	119	120	1066
9673	甲子園土地	0	0	0	0	0
9674	花月園	0	0	0	0	0
9675	常磐興	153	153	150	151	25
9676	松戸公産	456	456	456	456	2
9677	日本ジャンボ	725	730	700	700	5.1
9678	カナモト	788	788	760	773	63
9679	ホウライ	0	0	0	0	0
9680	共成レンテム	555	555	555	555	1
9681	東京ドーム	498	510	494	510	303
9682	ＤＴＳ	7100	7120	6890	7120	25.2
9684	スク・エニ	5880	5930	5770	5840	91.9
9685	共同コンＨＤ	0	0	0	0	0
9686	東洋テック	500	500	460	460	2
9687	ＫＳＫ	0	0	0	0	0
9689	グリンハウス	0	0	0	0	0
9691	両毛システム	0	0	0	0	0
9692	シーイーシー	1600	1640	1600	1625	25.4
9694	日立ソフト	11410	11490	11050	11490	63.3
9695	鴨川グランド	0	0	0	0	0
9696	ウィザス	365	365	365	365	1
9697	カプコン	3880	3990	3880	3990	69.2
9698	クレオ	1120	1120	1090	1090	6
9699	西尾レント	710	713	710	712	7.7
9700	エスアールエル	1160	1160	1120	1152	32
9701	会舘	251	251	250	250	3
9702	アイエスビー	1420	1440	1420	1440	3
9703	ジェネラスコーポ	101	102	100	102	89
9704	東海観	90	91	87	90	336
9706	日本空港ビル	871	871	853	867	23
9707	メデカＪ	800	800	770	795	42
9708	帝ホテル	0	0	0	0	0
9709	日コンピュタ	730	730	730	730	6
9710	第一ホテ	2	3	2	2	542
9711	日コンシス	0	0	0	0	0
9712	ファイ	570	610	560	610	25
9713	ロイヤルホ	200	200	196	200	6
9714	ＳＲＡ	1910	1950	1870	1950	2.9
9715	トランスコス	13390	13440	13000	13300	51.4
9716	乃村工芸社	362	362	361	361	3
9717	ジャステック	3300	3300	3300	3300	1.3
9718	国際観光会館	0	0	0	0	0
9719	住商情報	7390	7510	7170	7490	45.7
9720	グランド	0	0	0	0	0
9722	藤田観	588	594	583	594	15
9724	新阪急ホテル	200	200	200	200	9
9725	東急ホテル	160	165	160	165	35
9726	近ツーリスト	328	328	306	318	48
9727	東急観光	136	137	136	137	3
9728	日本管財	1750	1760	1744	1745	27.8
9729	トーカイ	0	0	0	0	0
9730	ワオコーポ	380	380	380	380	3
9731	白洋舎	322	322	321	322	10
9732	東映ラボ	0	0	0	0	0
9733	ナガセ	1310	1310	1310	1310	1
9734	精養軒	930	930	930	930	0.4
9735	セコム	7340	7460	7280	7350	198.5
9736	白青舎	177	177	170	170	5
9737	ＣＳＫ	2900	2920	2850	2880	130.5
9738	インテック	1995	1995	1970	1995	118
9739	ＮＳＷ	7300	7600	7280	7600	23.1
9740	ＣＳＰ	0	0	0	0	0
9741	日立情報	3700	3840	3700	3840	61.7
9742	アイネス	1810	1830	1801	1815	43.9
9743	丹青社	650	650	645	645	6
9744	メイテック	4750	4830	4640	4800	117.1
9746	ＴＫＣ	2290	2340	2270	2320	27.2
9747	アサツーＤＫ	4000	4010	3970	4000	38.6
9748	ＮＪＫ	673	673	660	660	6
9749	富士ソフト	8060	8170	8020	8120	278.6
9750	ソラン	2240	2240	2100	2190	90
9751	ＴＩＳ	6160	6350	6140	6250	117
9752	ナムコ	3160	3170	3090	3160	133.5
9753	ＩＸナレッジ	699	700	699	700	2
9755	応用地質	1389	1400	1389	1400	25.1
9756	ＡＳＫ	889	895	861	895	17
9757	船井研	779	779	765	779	10
9758	ジシステム	549	549	530	540	5
9759	日システムデ	9650	9650	9400	9640	20.4
9760	進学会	0	0	0	0	0
9761	東海リース	195	197	195	197	22
9762	大和リース	316	320	316	320	69
9763	丸紅リ	117	117	117	117	14
9764	技研興	0	0	0	0	0
9765	オオバ	179	180	179	180	3
9766	コナミ	8500	8740	8500	8650	419.8
9767	日建工学	0	0	0	0	0
9768	国土環境	710	710	710	710	1
9769	学究社	368	368	360	360	4
9776	札臨	0	0	0	0	0
9777	日電計算	2050	2050	2020	2050	5.5
9778	昴	660	660	660	660	1
9779	メフォス	0	0	0	0	0
9780	ビステム	0	0	0	0	0
9781	石川島汎サ	0	0	0	0	0
9782	ＤＭＳ	0	0	0	0	0
9783	ベネッセ	6300	6510	6290	6430	177.5
9784	日工検	0	0	0	0	0
9785	大新東	252	252	252	252	2
9786	キャッツ	1600	1600	1580	1599	17.5
9787	Ｊメンテ	969	980	968	970	3.9
9788	ナック	780	783	776	781	3.8
9789	栄光	405	410	405	405	10
9790	福井コン	605	610	605	610	1.5
9791	ビケンテクノ	739	739	706	706	2
9792	ニチイ学館	5170	5170	5060	5060	46.4
9793	ダイセキ	2030	2060	2000	2060	33.1
9794	カラカミ観光	700	700	700	700	1
9795	ステップ	825	825	810	820	15
9796	ダイテック	0	0	0	0	0
9797	大日本コン	255	255	245	245	0.9
9798	シダックス	2150	2150	2150	2150	0.8
9799	旭情報	1200	1200	1200	1200	6
9810	日鉄商	103	103	103	103	10
9811	アスティス	0	0	0	0	0
9812	テーオー	0	0	0	0	0
9813	トッキ	2410	2500	2400	2480	87
9814	アシックス商	635	635	635	635	2
9815	カテナ	985	985	985	985	248
9816	バーテックス	400	400	399	399	6
9817	ゴトー	0	0	0	0	0
9818	大丸エナ	790	790	790	790	2
9820	エムティＧ	0	0	0	0	0
9821	日アムウ	0	0	0	0	0
9822	なが多	142	145	140	144	761
9823	マミーマート	1390	1390	1390	1390	4.6
9824	泉州電	740	740	740	740	1
9825	アズウェル	415	415	409	409	5.6
9826	ＪＥＵＧＩＡ	0	0	0	0	0
9827	リリカラ	170	170	168	169	16
9828	元気寿司	1140	1145	1140	1145	2
9829	ながの東急	370	370	370	370	1
9830	トラスコ中山	1520	1590	1513	1542	17.2
9831	ヤマダ電	8940	9110	8910	9100	27.1
9832	オートバクス	3220	3250	3160	3240	39
9833	エルクコーポ	0	0	0	0	0
9834	リオチェン	465	465	465	465	0.2
9835	ジュンテン	305	305	304	304	3
9836	リーバイス	511	515	511	515	2
9837	モリト	0	0	0	0	0
9838	トラベラー	815	815	800	800	4
9839	ゲッツブラザーズ	505	505	501	501	7.5
9840	ホーマック	2340	2390	2300	2350	7.4
9841	ＢＭＢ	350	371	347	347	405
9842	アークランド	1280	1300	1280	1280	8
9844	ユーエスシー	1550	1570	1530	1570	5
9845	パーカー	225	225	225	225	1
9846	天満屋ス	0	0	0	0	0
9847	ソリスト	0	0	0	0	0
9848	トヨタカローラ岐阜	0	0	0	0	0
9849	河内屋紙	0	0	0	0	0
9850	グルメ杵屋	834	835	834	835	3
9852	中央物産	0	0	0	0	0
9853	銀座ルノア	0	0	0	0	0
9854	愛眼	969	969	965	965	3
9855	くろがねや	418	418	418	418	3
9856	ケーユー	765	810	765	800	10
9857	英和	370	370	366	370	3
9858	明光商会	1900	1900	1830	1850	7.7
9859	ユーストア	820	820	820	820	2
9860	岐阜日野	0	0	0	0	0
9861	吉野家ディー	179000	180000	177000	177000	0.931
9862	メモレックス・テレ	260	268	260	268	26
9863	靴のマルトミ	116	116	116	116	0.4
9864	ナカイ	0	0	0	0	0
9865	日商エレク	2900	2900	2835	2875	63
9867	ソレキア	600	600	585	585	12
9868	トリイ	383	383	383	383	4
9869	加藤産	630	630	630	630	2
9870	ハナテン	1830	1870	1830	1870	1
9871	イトーキ	0	0	0	0	0
9872	北恵	0	0	0	0	0
9873	ケンタッキー	1429	1429	1400	1400	8
9875	マツモトキヨ	9790	9900	9690	9690	11.9
9876	コックス	0	0	0	0	0
9877	マルフル	0	0	0	0	0
9878	セキド	604	604	604	604	2
9879	フタタ	188	189	180	189	6
9880	イノテック	4210	4270	4200	4200	8.6
9882	イエロハット	1000	1000	993	1000	6.1
9883	富士エレ	2340	2350	2300	2340	8
9884	都築電産	750	750	740	740	9
9885	シャルレ	670	670	670	670	1
9887	松屋フーズ	1900	1918	1877	1884	25.3
9888	ＵＥＸ	0	0	0	0	0
9889	ＪＢＣＣ	3400	3420	3280	3300	88.4
9890	マキヤ	1210	1210	1210	1210	1
9892	卑弥呼	1210	1230	1210	1230	5
9893	ホームワイド	402	402	402	402	9
9894	アトル	590	590	590	590	1
9895	コンセック	222	222	220	222	4
9896	Ｊ建材	600	614	600	614	3
9897	ユニダックス	720	759	710	759	105
9898	サハダイヤ	344	370	344	364	738
9899	サンデサン	0	0	0	0	0
9900	サガミ	875	880	871	880	12
9901	宮	851	870	830	870	11
9902	日伝	1480	1490	1460	1460	7
9903	カンセキ	120	120	120	120	1
9904	ベリテ	236	236	236	236	1
9905	コージツ	0	0	0	0	0
9906	藤井産業	0	0	0	0	0
9907	大電社	610	610	610	610	1
9908	日本電計	610	610	600	600	3
9909	愛光電気	196	196	196	196	1
9911	真電	0	0	0	0	0
9912	ダイワボ情	2050	2090	2000	2065	41
9913	日邦産業	305	305	300	305	9
9914	植松商会	267	267	267	267	1
9915	アサヒビールＳ	0	0	0	0	0
9916	バイタルＮ	720	723	719	722	7.1
9917	マツモト電器	0	0	0	0	0
9918	ダイワラクダ	380	380	380	380	1
9919	関西スーパ	499	499	499	499	4
9920	シービーエム	0	0	0	0	0
9921	ギガス	715	715	715	715	1
9922	日立機材	544	544	530	540	3.5
9923	ダイトーエム	460	460	460	460	3
9924	ドミー	0	0	0	0	0
9925	北の家族	1100	1100	1100	1100	4
9926	ダイカ	313	313	310	310	4
9927	ワットマン	0	0	0	0	0
9928	ミロク情報	1199	1230	1190	1230	34
9929	平和紙業	500	502	500	500	5
9930	北沢産	305	305	285	300	17.5
9931	家族亭	650	650	640	640	2
9932	杉本商	0	0	0	0	0
9934	因幡電産	1310	1310	1301	1301	0.5
9935	あずみ	294	294	294	294	1
9936	王将フード	1137	1137	1132	1132	17
9937	セシール	1299	1300	1270	1270	4.8
9938	住金物産	96	98	91	98	31
9939	すみや	0	0	0	0	0
9941	太洋物産	0	0	0	0	0
9943	ココス	710	712	710	711	4
9944	インパクト	1550	1599	1531	1531	8.6
9945	プレナス	0	0	0	0	0
9946	ミニストップ	2370	2400	2320	2400	16.3
9947	シムリー	1100	1160	1100	1120	45.3
9948	アークス	1070	1100	1070	1090	41
9949	タイヨー	2175	2175	2175	2175	1
9950	ハチバン	0	0	0	0	0
9951	カーマ	565	579	555	557	4.8
9952	ドトール	7750	7750	7390	7700	10.9
9953	ダイキ	1335	1335	1291	1334	2.4
9954	東京小僧寿し	604	610	600	610	5
9955	ヨンキュウ	2250	2300	2250	2250	0.7
9956	バロー	1270	1300	1270	1300	5
9957	バイテック	1900	1920	1850	1920	10.3
9958	サリ	220	220	215	215	2
9959	アシード	874	874	855	855	1.5
9960	東テク	540	540	540	540	2
9961	エムオーテック	0	0	0	0	0
9962	駿河製機	10200	10340	10100	10250	21.1
9963	江守商事	0	0	0	0	0
9964	アイ・テック	810	810	810	810	1
9965	福原	0	0	0	0	0
9966	藤久	2360	2400	2360	2400	1.1
9967	堺商事	256	256	255	255	2
9968	イチヤ	220	220	220	220	2
9969	ショクブン	900	908	900	908	2
9970	東洋オフィス	405	405	401	401	2
9971	カウボーイ	495	495	495	495	4
9972	アルテック	1120	1120	1100	1110	5.6
9973	小僧本部	1300	1300	1300	1300	1
9974	ベルク	950	950	950	950	0.1
9975	マルヤ	3000	3000	3000	3000	0.4
9976	セキチュー	599	599	599	599	2
9977	アオキスーパ	0	0	0	0	0
9978	文教堂	1370	1370	1250	1280	9
9979	大庄	1160	1167	1130	1160	31
9980	マルコ	880	880	855	860	3.6
9981	ニック産業	651	651	651	651	1
9982	タキヒヨー	520	520	520	520	11
9983	ファストリ	35700	35700	34600	35500	101.7
9984	ソフトバンク	11080	11190	10500	10780	887.2
9985	榮太郎	855	860	850	850	7
9986	蔵王産業	0	0	0	0	0
9987	スズケン	4350	4390	4290	4380	121
9988	神港魚類	0	0	0	0	0
9989	サンドラッグ	7900	7900	7700	7900	21.1
9990	東京デリカ	430	435	430	430	7
9991	ジェコス	350	350	340	345	23.6
9992	理研グリン	279	280	279	280	3
9993	ヤマザワ	0	0	0	0	0
9994	やまや	620	620	620	620	1
9995	イーストン	760	780	760	780	5
9996	サトー商会	570	570	565	565	2
9997	ベルーナ	4750	4770	4630	4750	33.2
