20000712
1001	日経２２５	17519	17542	17210	17342	77.849
1002	ＴＯＰＩＸ	1613	1615	1597	1604	77.849
1301	極洋	159	159	156	158	243
1319	日経300F	311	311	308	310	290
1331	ニチロ	189	192	186	190	809
1332	日水	201	203	199	199	896
1333	マルハ	160	162	160	160	464
1351	宝幸水産	97	97	92	92	355
1352	ホウスイ	102	102	101	101	5
1376	カネコ種	0	0	0	0	0
1377	サカタタネ	2185	2220	2185	2190	89.2
1378	雪国まいたけ	715	715	714	714	3
1379	ホクト	3970	3990	3830	3860	57.5
1380	秋川牧園	0	0	0	0	0
1491	中外鉱	310	310	281	288	7691
1501	三井鉱山	114	116	112	115	1008
1503	住友炭	95	95	90	90	516
1515	日鉄鉱	256	267	256	267	374
1518	三井松島	220	266	220	240	4327
1601	帝石	367	395	365	379	946
1603	アラビア石油	379	389	379	386	83.2
1661	ガス開	497	500	483	494	109
1701	昭和鉱	268	279	268	274	28
1702	共立マテリア	421	431	421	423	33
1735	伊田テクノス	412	412	410	412	8
1736	オーテック	345	350	340	350	7
1737	三井エンジ	430	430	425	425	11
1738	ＮＩＴＴＯＨ	0	0	0	0	0
1739	ＳＥＥＤ	399000	399000	390000	390000	0.002
1740	極東工業	406	406	398	398	26
1741	ミサワサンイ	0	0	0	0	0
1742	セコムテクノ	2950	3000	2950	3000	9
1743	コーアツ工業	0	0	0	0	0
1744	キョーエイ	565	565	560	565	5
1745	ミサワホーム東海	0	0	0	0	0
1746	光和建設	0	0	0	0	0
1748	ミサワ北日	325	325	325	325	1
1750	カナック	0	0	0	0	0
1751	日立プラサ	421	430	420	420	10
1752	富士通シス	1400	1420	1400	1410	14
1753	土屋ツバイ	162000	162000	162000	162000	0.005
1754	東新住建	903	903	890	890	4
1755	JFE工建	364	364	364	364	12
1756	和興エンジ	281	300	280	300	7
1757	千年の杜	300	310	300	310	11
1758	太洋基礎	534	535	525	530	8
1759	ジオトップ	265	268	262	268	8
1762	高松建設	1550	1598	1550	1598	11.5
1763	北陸ミサワ	0	0	0	0	0
1764	工藤建設	0	0	0	0	0
1765	イビデンテック	0	0	0	0	0
1766	東建コーポ	1470	1470	1470	1470	2
1767	沖ウィン	575	575	560	560	3
1768	ソネック	260	260	259	259	4
1770	藤田エンジ	865	865	865	865	1
1772	東北エンタープライズ	240	240	235	235	2
1774	機動建	211	211	210	211	17
1775	富士電Ｅ＆Ｃ	243	243	241	241	4
1776	三井住建道路	115	115	115	115	5
1777	川崎設備	0	0	0	0	0
1778	古河総設	220	220	220	220	4
1779	松本建工	0	0	0	0	0
1780	ヤマウラ	379	379	373	373	1
1781	国土総合	390	390	385	385	9
1782	常磐開発	178	180	178	180	4
1783	南野建設	93	93	93	93	2
1784	サワコー	519	519	494	505	31.6
1785	ナナボシ	0	0	0	0	0
1786	オリ建	439	440	430	435	16.4
1787	ナカボテック	257	257	256	256	2
1788	三東工業	217	217	217	217	2
1789	山加電業	430	430	430	430	1.3
1790	平和奥田	536	536	536	536	3
1791	三井木材	152	153	152	153	27
1792	みらい建設Ｇ	213	213	211	211	3
1793	大本組	700	700	700	700	8
1795	マサル	0	0	0	0	0
1796	トヨタウッド	298	298	298	298	2.1
1797	藤木工務店	0	0	0	0	0
1798	守谷商会	0	0	0	0	0
1799	第一建設	270	270	270	270	1
1800	利塚地下技術	280	300	280	290	21
1801	大成建	179	179	177	177	728
1802	大林組	456	459	450	455	1475
1803	清水建	326	331	326	326	1377
1804	佐藤工業	60	60	58	58	232
1805	飛島建	50	50	49	49	261
1806	ACリアル	51	51	49	49	1242
1807	渡辺組	265	265	265	265	4
1808	長谷工	43	43	41	41	992
1809	富士工	77	78	77	78	22
1810	松井建	315	316	312	313	48
1811	銭高組	281	281	281	281	1
1812	鹿島	345	365	340	357	6738
1813	不動建	152	155	151	155	92
1814	大末建	77	78	76	78	95
1815	鉄建	126	126	123	125	153
1816	安藤建	248	248	237	239	98
1817	勝村建	155	155	150	151	14
1818	日産建設	105	105	103	103	18
1819	太平工	153	158	150	158	216
1820	西松建	430	435	427	427	512
1821	三井住友建	76	78	76	77	130
1822	大豊建	175	177	174	175	90
1823	住友建設	92	93	92	92	98
1824	前田建	410	414	406	412	1336
1825	環境建設	114	114	109	110	222
1826	佐田建	162	162	150	150	41
1827	ナカノフドー建	91	92	91	92	9
1828	田辺工業	0	0	0	0	0
1829	大和建設	92	100	92	100	2
1830	共栄冷機工業	240	250	240	249	44
1831	積水ハ北陸	530	550	530	550	14
1833	奥村組	395	396	390	395	479
1834	小田急建	259	260	259	259	4.5
1835	東鉄工	239	245	235	235	12
1836	大日本土木	160	163	160	160	19
1837	間組	53	53	51	52	504
1838	古久根建設	112	112	110	111	45
1839	真柄建	167	170	165	169	18
1840	土屋ホーム	324	324	320	320	4.3
1841	サンユ	630	630	630	630	1
1842	昭和テクノ	900	910	900	910	18
1844	大盛工業	178	178	172	172	17
1845	森本組	101	101	101	101	4
1846	鈴縫工	0	0	0	0	0
1847	イチケン	118	118	116	118	11
1848	富士ＰＳ	448	448	448	448	2
1850	南海辰村建	85	85	85	85	1
1851	大木建設	218	218	209	209	27
1852	浅沼組	170	174	170	171	22
1853	森組	130	130	130	130	4
1854	新井組	149	150	145	146	28
1855	東急建設	84	85	83	83	304
1856	ジェイオー建設	0	0	0	0	0
1857	松村組	131	132	130	131	68
1858	井上工	75	75	75	75	2
1860	戸田建	536	536	520	526	114
1861	熊谷組	54	56	51	51	2588
1862	横河工事	400	400	398	398	3.6
1863	テトラ	230	231	230	231	13
1865	青木あすなろ建	145	145	143	143	2
1866	北野建	280	280	278	280	109
1867	植木組	186	189	186	189	20
1868	三井ホーム	467	470	462	467	67
1869	名工建	0	0	0	0	0
1870	矢作建	379	379	379	379	2
1871	ピーエス三菱	449	452	440	452	23.2
1872	アゼル	378	380	363	369	511
1873	東ハウス	409	409	407	407	22
1874	佐藤秀	139	140	139	139	13
1875	青木マリン	400	400	400	400	1
1877	川田建設	610	635	610	635	29
1878	大東建	1995	2045	1975	1975	357.5
1879	新日本建	255	255	250	250	2
1880	スルガコーポ	0	0	0	0	0
1881	ＮＩＰＰＯ	525	528	518	518	137
1882	東亜道	233	234	233	233	9
1883	前田道	539	540	530	531	174
1884	日道路	190	190	187	190	103
1885	東亜建	146	149	145	149	317
1886	青木建設	41	41	40	40	680
1888	若築建	137	140	135	138	272
1889	佐伯建	144	147	144	145	10
1890	東洋建	95	97	95	96	88
1892	徳倉建	296	296	296	296	1
1893	五洋建	164	166	162	164	382
1895	大成ロテック	197	197	190	195	65
1896	大林道	340	340	320	327	163
1897	金下建	550	550	550	550	2
1898	世紀東急	91	92	91	91	10
1899	福田組	309	315	305	306	17
1900	白石	219	290	205	280	64
1902	山崎建設	280	290	280	290	6
1904	大成温調	385	390	385	385	5
1905	テノックス	271	280	271	280	24
1906	細田工務	450	450	450	450	5
1907	東北ミサワ	502	502	500	501	12
1908	三平建設	0	0	0	0	0
1909	日本ドライ	340	344	331	331	29.5
1910	フドウ建研	201	205	201	201	5
1911	住友林	848	855	838	855	322
1912	ミサワセラミ	0	0	0	0	0
1913	旭ホームズ	0	0	0	0	0
1914	日基技	565	570	565	566	33.5
1915	東京ミサワホーム	0	0	0	0	0
1916	日成ビルド	183	185	180	181	22
1917	ニッセキハウス	148	150	143	143	257
1919	エスバイエル	280	280	275	278	194
1920	殖産住宅相互	95	95	93	93	303
1921	巴	202	210	199	205	42
1922	大成ユーレック	128	130	126	126	58
1923	ミサワホーム	361	362	355	359	170
1924	パナホーム	702	710	702	707	133
1925	大和ハウス	785	791	771	780	986
1926	ライト	490	491	480	480	118.3
1927	中 部	0	0	0	0	0
1928	積ハウス	1027	1030	1020	1025	1590
1929	日特建	226	226	221	221	60
1930	北陸電工	297	297	290	290	8
1931	日本電通	333	337	333	335	9
1932	コミュチュア	500	513	500	510	13
1933	西シス建	252	259	251	251	6
1934	ユアテック	399	400	393	400	86
1935	ＴＴＫ	288	289	286	286	8
1936	シーキューブ	303	310	302	304	94.4
1937	西部電工	367	370	366	366	7
1938	千歳電	239	239	234	234	7
1939	四電工	385	385	380	383	32
1940	つうけん	235	240	235	240	2
1941	中電工	1503	1514	1490	1500	126
1942	関電工	546	552	531	539	407
1943	大明	1160	1169	1138	1159	101
1944	きんでん	755	760	745	750	344
1945	東京エネシス	410	420	405	420	47
1946	トーエネク	418	420	407	415	45
1947	日本コムシス	2280	2280	2250	2255	137
1948	弘電社	356	398	356	370	24
1949	住友電設	599	600	590	591	18.3
1950	電設工	377	377	365	372	319
1951	協エクシオ	1270	1280	1255	1267	367
1952	新日空調	383	393	377	381	66.8
1953	国際電設	0	0	0	0	0
1954	日工営	232	240	229	230	246
1955	東電通	480	504	480	504	187
1956	日電設	446	450	445	449	44
1957	保安工	0	0	0	0	0
1958	三和エレック	329	335	328	328	31
1959	九電工	425	425	406	411	922
1960	サンテック	411	412	405	412	31
1961	三機工	700	700	676	693	344
1962	エルゴテック	0	0	0	0	0
1963	日揮	530	530	498	516	5784
1964	中外炉	440	440	430	435	106
1965	テクノ菱和	600	600	580	580	13
1966	高田工	0	0	0	0	0
1967	ヤマト	370	370	364	365	12
1968	太平電	284	285	280	280	70
1969	高砂熱	800	870	791	850	689
1970	日立プラ	325	339	323	339	145
1971	ビルト工	0	0	0	0	0
1972	三晃金	120	120	120	120	16
1973	ＮＥＣシス建	2190	2190	2160	2170	66.4
1974	宮地建設工業	670	670	620	622	19
1975	朝日工	370	370	358	360	70
1976	明星工	170	170	163	170	67
1977	ジェイコス	0	0	0	0	0
1978	アタカ	277	277	275	277	48
1979	大気社	1189	1200	1180	1193	58
1980	ダイダン	540	563	540	562	53
1981	協和日成	311	311	311	311	2
1982	日比谷設	540	540	531	540	20
1983	東芝プラ	285	285	280	280	37
1984	三信建	174	175	174	175	6
1985	大和電設	0	0	0	0	0
1986	日商インター	1200	1200	1150	1160	11.7
1987	ソルコム	0	0	0	0	0
1988	シボンド建	1490	1504	1460	1492	8.6
1989	北陸電話	0	0	0	0	0
1990	東邦建	290	290	280	280	3
1991	都築通技	1110	1210	1110	1210	6
1992	神田通機	415	417	415	417	3
1993	ニッタン	202	207	202	203	10
1994	高橋ウォール	375	380	375	375	3
1995	鈴木工務店	175	175	175	175	2
1996	三菱建設	0	0	0	0	0
1997	暁飯島工業	150	150	150	150	3
1998	日本土建	0	0	0	0	0
2001	日本粉	281	281	275	278	347
2002	日清粉	1099	1110	1085	1104	533
2003	日東粉	226	233	226	233	5
2004	昭和産	187	190	184	188	398
2006	東福粉	95	95	95	95	11
2007	富士粉	160	160	160	160	5
2008	増田粉	0	0	0	0	0
2009	鳥越粉	432	435	430	435	26
2051	農産工	215	217	215	216	188
2052	協同飼	130	132	130	131	90
2053	中部飼	565	575	565	575	4
2055	日和産	260	260	250	250	4
2056	日配飼	154	155	151	154	199
2057	雪印種	550	550	540	542	17
2102	台糖	306	324	306	317	462
2107	東洋糖	164	169	164	168	49
2108	甜菜糖	163	164	160	160	390
2109	三井糖	250	250	238	243	570
2111	フジ製糖	210	210	210	210	11
2112	塩水糖	360	368	350	360	68
2113	新光糖	0	0	0	0	0
2114	フジ日本精糖	0	0	0	0	0
2116	日新糖	146	154	144	153	91
2201	森永	259	259	253	257	334
2202	明菓	730	732	721	730	597
2204	中村屋	294	294	286	290	47
2205	駿河屋	79	79	79	79	1
2206	グリコ	600	609	573	573	241
2207	名糖産	1130	1130	1101	1120	3
2208	ブルボン	825	830	825	830	7
2209	井村屋	0	0	0	0	0
2211	不二家	268	268	260	262	238
2212	山パン	1005	1015	983	993	370
2213	ナガサキヤ	12	14	12	13	660
2215	一パン	313	330	312	319	333
2216	カンロ	300	300	300	300	1
2217	モロゾフ	225	229	225	229	16
2219	タカラブネ	123	130	123	125	88
2220	亀田製菓	560	560	560	560	2
2221	岩塚製菓	1020	1020	1020	1020	2
2222	寿製菓	500	500	494	494	5
2224	コモ	1640	1640	1630	1630	5
2261	明乳	600	615	596	605	1217
2262	雪印	375	390	371	382	18320
2264	森永乳	393	395	371	371	3184
2266	六甲バタ	430	441	410	412	163
2267	ヤクルト	1350	1365	1320	1340	400
2268	サーティワン	715	715	715	715	1
2281	プリマ	158	158	155	157	265
2282	日ハム	1578	1610	1550	1599	670
2284	伊藤ハ	430	430	428	430	123
2286	林兼	150	150	148	150	74
2287	雪印食品	201	205	195	205	81
2288	丸大食	190	190	185	190	307
2289	相模ハム	630	630	630	630	1
2290	米久	1401	1406	1400	1404	53
2291	福留ハ	171	171	171	171	1
2292	ＳＦＯＯＤＳ	938	938	910	910	7
2293	滝沢ハム	735	735	735	735	1
2294	柿安本店	1230	1230	1230	1230	3
2501	サッポロＨＤ	430	435	428	431	340
2502	アサヒ	1156	1169	1150	1169	1536
2503	キリン	1286	1298	1278	1295	1119
2531	宝ＨＤ	2700	2720	2650	2660	359
2533	オエノンＨＤ	266	270	261	265	65
2536	メルシャン	326	326	325	326	204
2538	マルキン忠勇	200	200	187	194	75
2540	養命酒	710	710	706	706	9
2541	ニッカ	295	295	285	295	17
2571	中京コカ	1034	1034	1020	1030	43
2572	三国コカ	1506	1510	1501	1510	50
2573	北海コカ	0	0	0	0	0
2575	三笠コカ	870	887	865	875	5.3
2576	近畿コカ	1398	1398	1372	1379	33
2577	富士コカ	1050	1050	1044	1045	14
2578	四国コカ	1250	1250	1240	1240	1.2
2579	コカウエスト	3710	3790	3610	3660	77.3
2591	カルピス	561	564	560	561	53
2592	ポッカ	501	506	495	500	42
2593	伊藤園	8520	8550	8250	8340	109.6
2594	キーコーヒー	1500	1500	1490	1491	7
2595	キリンビバ	2885	2940	2885	2940	75
2596	キューサイ	5500	5510	5390	5400	24.8
2597	ユニカフェ	2800	2800	2700	2700	13.2
2598	アサヒ飲料	1150	1151	1126	1130	107
2601	ホーネンコーポ	208	208	201	203	257
2602	日清オイリオ	350	351	346	350	187
2604	吉原製油	328	328	321	328	22
2605	熊沢製油	0	0	0	0	0
2607	不二油	940	950	932	932	197
2608	ボーソー	170	190	170	179	24
2611	摂津油	0	0	0	0	0
2612	かどや製油	805	820	805	810	9
2801	キッコマン	804	808	796	804	291
2802	味の素	1328	1330	1312	1324	482
2804	ブルドック	649	649	649	649	1
2805	エスビー	0	0	0	0	0
2806	ユタカフーズ	0	0	0	0	0
2808	サンビシ	0	0	0	0	0
2809	キユーピー	880	885	876	885	232
2810	ハウス食品	1540	1547	1525	1525	170
2811	カゴメ	1119	1121	1115	1121	161
2812	焼津水化	1700	1710	1680	1700	11
2813	和弘食品	130	135	130	135	5
2814	佐藤食品	0	0	0	0	0
2815	アリアケ	7100	7100	7020	7020	10.7
2816	ダイショー	750	750	750	750	1
2817	ギャバン	570	570	570	570	1
2830	アヲハタ	0	0	0	0	0
2831	はごろも	1344	1344	1344	1344	1
2871	ニチレイ	406	408	400	406	570
2872	セイヒョー	0	0	0	0	0
2873	加ト吉	2880	2940	2815	2940	81
2874	ヨコレイ	760	760	753	753	30
2875	東洋水	1014	1014	980	980	15
2876	ＪＣコムサ	0	0	0	0	0
2877	日東ベスト	1150	1150	1150	1150	1
2878	赤城水産	451	452	448	448	6
2879	ニチロサンフズ	490	490	490	490	2
2891	酵母工	565	570	565	565	25
2892	日食品	350	350	350	350	4
2893	ローマイヤ	128	128	128	128	1
2894	石井食	290	290	290	290	3
2897	日清食	2725	2780	2650	2700	109
2898	ソントン	1030	1030	1030	1030	3
2899	永谷園	944	953	944	953	12
2900	明星食	255	255	253	255	23
2901	石垣食	369	370	369	369	7
2902	太陽化	570	580	570	578	6
2903	シノブフズ	172	172	172	172	3
2904	一正蒲鉾	0	0	0	0	0
2905	オーケー食	140	140	135	135	6
2906	ホッコク	400	400	400	400	3
2907	あじかん	0	0	0	0	0
2908	フジッコ	1830	1850	1825	1841	26
2909	トオカツフズ	300	300	300	300	6
2910	Ｒフィールド	5900	5900	5600	5890	11.2
2911	旭松食品	820	820	820	820	1
2912	鐘崎	0	0	0	0	0
2913	フジフーズ	285	285	280	280	6
2914	ＪＴ	955000	957000	920000	953000	1.828
2915	ケンコーマヨ	0	0	0	0	0
2916	仙波糖化	310	310	310	310	1
2917	大森屋	770	780	770	775	7
2918	わらべ日洋	1300	1300	1270	1270	11
2920	ケイビー	1290	1300	1290	1300	2
2921	フクシマフズ	800	800	800	800	1
2922	なとり	0	0	0	0	0
3001	片倉	553	555	544	555	53
3002	グンゼ	440	447	431	439	1261
3003	昭栄	1050	1050	1050	1050	3
3004	神栄	180	180	175	178	17
3007	神戸生絲	62	63	60	61	25
3009	川島織	163	167	160	160	476
3010	上毛	833	840	805	825	28
3011	バナーズ	129	130	128	129	26
3101	東洋紡	215	216	211	214	2309
3102	カネボウ	307	332	306	332	2662
3103	ユニチカ	92	92	88	89	1303
3104	富士紡Ｈ	76	77	75	77	298
3105	日清紡	567	571	550	559	375
3106	クラボウ	205	206	201	204	488
3107	ダイワボウ	131	132	127	130	54
3109	シキボウ	105	106	102	104	538
3110	日東紡	179	180	174	175	862
3111	オーミケン	122	122	115	118	101
3113	ＢＳＬ	87	87	85	85	21
3114	同興紡	109	109	109	109	10
3115	テザック	64	65	63	64	64
3116	トヨタ紡織	1035	1035	925	945	409
3117	興和紡	0	0	0	0	0
3121	アセットイン	75	75	70	70	4
3123	サイボー	0	0	0	0	0
3125	内外綿	71	71	71	71	3
3128	テラボウ	72	90	72	90	6
3129	ファブリカＴ	0	0	0	0	0
3201	日毛	424	424	415	419	103
3202	大東紡	110	114	110	114	81
3203	東亜紡織	108	115	108	111	39
3205	ダイドー	277	290	277	289	117
3206	南海毛糸紡績	109	111	108	111	11
3207	中央毛	165	165	165	165	3
3209	カネヨウ	133	134	132	132	4
3211	太陽毛絲紡	95	95	95	95	2
3216	御幸ＨＤ	480	480	460	460	13
3302	帝繊維	221	221	218	218	37
3304	トスコ	110	112	110	112	17
3306	日本麻	73	74	73	74	4
3401	帝人	503	503	488	499	1777
3402	東レ	440	442	435	441	1793
3403	東邦テナ	123	125	121	125	132
3404	三菱レ	326	329	322	324	617
3405	クラレ	1160	1160	1132	1160	889
3407	旭化成	800	822	800	819	5810
3408	サカイオーベ	120	121	119	120	104
3409	北日紡	0	0	0	0	0
3411	オートリ	188	197	188	195	25
3420	ケーエフシー	0	0	0	0	0
3421	稲葉製作	1400	1400	1370	1370	5.5
3422	丸順	430	430	428	428	11
3423	エスイー	590	590	530	550	16
3424	ミヤコ	575	575	560	565	12
3425	本郷	762	762	745	746	12
3501	住江織	130	130	128	128	20
3503	東和織	57	57	57	57	1
3512	フエルト	344	350	344	350	33
3513	イチカワ	242	243	240	240	25
3514	バイリーン	329	338	303	337	511
3515	フジコー	470	470	470	470	2
3521	エコナック	103	106	103	106	28
3524	日東網	105	105	103	105	18
3526	芦森工	235	238	231	231	85
3528	グローベルス	190	190	182	184	136
3529	アツギ	119	120	118	120	378
3532	堀田産	75	80	75	75	22
3533	ダイオ化成	0	0	0	0	0
3534	ＮＢＣ	1170	1170	1130	1160	14
3551	ダイニック	202	204	201	202	81
3552	洋クロス	341	344	309	312	76
3553	共和レ	520	520	495	495	16
3569	セーレン	390	395	381	395	100
3570	オリカキャピ	165	165	160	160	42
3571	ソトー	570	581	569	581	6
3572	大同マルタ	0	0	0	0	0
3576	カンボウ	103	103	103	103	1
3577	東海染	161	161	160	160	6
3578	倉庫精	0	0	0	0	0
3580	小松精	400	400	400	400	4
3581	岐セン	0	0	0	0	0
3583	オーベクス	155	190	155	155	8
3584	福助	186	189	181	189	38
3585	トムスエンタ	350	355	291	329	794
3587	ＩＢダイワ	455	458	405	426	281
3588	丸山工	0	0	0	0	0
3591	ワコール	1074	1091	1074	1090	253
3592	ＣＨＯＹＡ	272	273	260	260	13
3593	ホギメデ	7280	7320	7240	7250	26.9
3594	モリシタ	0	0	0	0	0
3595	ヤギコーポ	366	366	365	365	7
3596	ワールド	4340	4380	4320	4350	101.4
3597	自重堂	700	700	700	700	2
3598	山喜	310	310	310	310	3
3599	コーコス	0	0	0	0	0
3600	フジックス	450	450	450	450	11
3601	ニチメンイン	1700	1700	1650	1670	5
3602	イタリヤード	242	243	241	241	11
3603	チャッコット	600	600	600	600	5
3706	東海パ	440	449	439	439	17
3861	王子紙	735	760	726	735	2803
3863	日本製紙	779	805	779	793	3072
3864	三菱紙	318	330	305	310	4498
3865	北越紙	954	960	929	948	979
3868	高崎三興	105	106	101	104	100
3869	日本板紙	294	294	278	293	29
3870	日本加工製紙	93	95	90	90	267
3871	大昭和紙	443	454	439	449	133
3872	三島紙	180	180	177	177	5
3877	中越パ	306	321	306	315	429
3878	巴川紙	602	602	585	585	42
3880	大王紙	1209	1210	1185	1185	120
3881	特種紙	473	475	468	468	89
3882	紀州紙	220	222	215	222	89
3886	チューエツ	115	117	115	116	8
3887	中央板紙	119	121	119	119	29
3889	大平製紙	89	89	88	89	5
3890	ゼネＫＫ	635	640	631	632	10
3891	高度紙	1740	1750	1740	1750	2
3941	レンゴー	594	601	590	595	622
3944	古林紙	152	152	151	151	3
3945	スパバッグ	193	193	191	191	18
3946	トーモク	245	268	243	267	517
3947	ダイナパック	438	440	436	436	6
3948	光ビジネス	730	730	730	730	2
3949	日本ハイパック	279	279	265	265	3
3950	ザ・パック	0	0	0	0	0
3951	朝日印刷	0	0	0	0	0
3952	中央紙器	348	348	348	348	1
3953	大村紙業	480	480	480	480	1
3954	昭和パックス	0	0	0	0	0
3955	イムラ封筒	896	896	880	890	47
3971	東セロ	369	369	362	362	5
4003	コープケミ	105	108	105	106	12
4004	昭電工	184	186	177	179	3661
4005	住友化学	650	662	648	660	2451
4007	日化成	186	190	182	183	95
4008	住友精化	305	305	298	299	70
4010	三菱化学	449	449	429	435	4230
4021	日産化	800	801	769	783	1158
4022	ラサ工	346	353	340	352	1404
4023	呉羽化	335	335	324	326	428
4025	多木化	388	388	376	385	26
4026	神島化	350	360	350	360	3
4027	テイカ	302	312	299	312	363
4028	石原産	193	195	187	195	2795
4031	チッカリン	410	410	406	407	12
4032	日東バイオン	205	205	205	205	4
4033	日東エフシー	0	0	0	0	0
4041	日曹達	405	406	389	395	873
4042	東ソー	549	549	531	535	717
4043	トクヤマ	750	750	725	726	535
4044	セ硝子	610	613	601	610	1137
4045	東合成	298	298	286	287	1463
4046	ダイソー	269	270	265	265	45
4047	関電化	566	574	560	570	143
4050	鶴見曹達	595	595	570	584	107
4061	電化	457	458	439	453	2019
4062	イビデン	2285	2285	2220	2265	232
4063	信越化	5430	5450	5220	5270	663
4064	カーバイド	150	151	145	146	374
4065	紀文フ	425	425	420	420	12
4077	富士チタン工業	580	580	562	562	9
4078	堺化学	865	870	840	841	279
4079	ハクスイテック	0	0	0	0	0
4080	田中化研	2600	2650	2600	2650	38
4086	日本エア・リキード	453	455	452	454	55
4088	エアウォータ	455	464	440	440	348
4089	大阪酸素工業	264	264	257	257	33
4091	大陽日酸	401	415	398	412	1398
4092	日本化	495	498	478	480	399
4093	アセチレン	98	100	98	98	6
4094	日化産	333	339	333	335	9
4095	パーカライ	408	408	399	400	44
4096	昭炭酸	324	325	316	316	13
4097	高圧ガス	363	365	357	358	66
4098	チタン	196	200	196	200	15
4099	四国化	369	372	368	372	28
4100	戸田工	690	700	669	677	205
4101	日興酸素	0	0	0	0	0
4102	丸尾カル	295	300	295	300	11
4103	大陽東洋酸素	240	243	229	230	486
4104	タテホ	260	265	255	265	19
4105	メルテックス	1070	1140	1040	1060	104
4106	ケムキャット	0	0	0	0	0
4107	伊勢化	455	498	451	495	110
4109	ステラケミ	7690	7690	7500	7500	8
4112	保土谷	215	216	213	215	30
4113	田岡化	477	477	460	475	30
4114	日触媒	695	710	685	686	894
4115	本州化	861	861	850	850	4
4116	大日精	411	411	406	410	21
4117	川崎化	168	168	165	167	27
4118	カネカ	1155	1160	1136	1153	471
4119	ピグメント	415	420	415	420	20
4120	スガイ	398	398	398	398	1
4123	山化成	950	960	950	960	4
4151	協発酵	1030	1030	997	999	1713
4182	菱ガス化	368	372	350	360	1720
4183	三井化学	692	700	678	679	2338
4185	ＪＳＲ	889	899	866	867	141
4186	東応化	2490	2500	2425	2425	66.9
4187	大有機	640	670	640	670	9
4201	日合成	171	174	170	171	433
4202	ダイセル	327	331	323	324	613
4203	住友ベ	1495	1520	1450	1480	1699
4204	積水化	464	469	454	459	2034
4205	ゼオン	748	748	711	719	517
4206	アイカ	1020	1040	990	1003	714
4208	宇部興	316	323	313	319	2223
4209	フドー	135	135	135	135	6
4210	東洋化学	518	520	495	505	183
4212	積水樹	410	410	403	408	42
4213	菱樹脂	248	253	245	246	300
4214	高分子	436	460	425	460	775
4215	タキロン	450	450	439	440	103
4216	旭有機	375	376	368	369	219
4217	日立化	2500	2500	2460	2495	188
4218	ニチバン	405	405	395	396	27
4219	プラス・テク	120	120	120	120	1
4220	リケンテクノ	373	374	370	370	46
4221	大倉工	463	469	440	445	125
4222	児玉化	86	86	86	86	15
4224	ロンシール	92	92	89	89	40
4225	筒中	400	400	390	398	56
4226	テスコ	0	0	0	0	0
4227	郡是高分子	0	0	0	0	0
4228	積化成	228	228	220	222	104
4229	群栄化	199	199	193	197	66
4231	タイガポリ	620	620	620	620	2
4232	東芝ケミカル	424	425	395	405	125
4233	ワコー	473	475	473	475	3
4234	サンエー化研	830	870	825	841	60
4271	カーリット	800	829	800	829	4
4272	日化薬	610	610	585	594	352
4274	細火工	220	220	220	220	1
4361	川口化	177	179	177	178	4
4362	日精化	494	494	463	467	20
4363	新日鐵化学	250	250	243	243	151
4364	マナック	500	500	500	500	1
4365	松本油脂	2010	2020	2010	2020	6
4366	ダイトーケミ	905	906	900	900	9
4367	広栄化学	0	0	0	0	0
4401	旭電化	850	853	826	850	645
4403	日油脂	300	302	295	295	357
4404	ミヨシ	260	263	260	260	77
4406	日理化	606	619	606	619	100
4409	東邦化	230	240	230	230	30
4410	ハリマ化成	500	500	485	485	38
4452	花王	3220	3290	3210	3250	1890
4461	一工薬	490	490	445	478	260
4462	石原薬品	1030	1200	1030	1200	48
4463	日華化学	455	455	449	450	7
4471	三洋化	1039	1039	1010	1012	89
4501	三共	2460	2500	2410	2410	892
4502	武田	7090	7100	6960	6980	755
4503	アステラス薬	5930	5950	5760	5810	521
4505	第一製薬	2795	2855	2785	2845	1378
4506	大日薬	1394	1394	1355	1362	458
4507	塩野義	1965	1980	1870	1969	366
4508	田辺薬	856	859	835	835	733
4509	三菱ウェルファーマ	1328	1328	1255	1265	402
4511	藤沢薬品	4320	4330	4120	4180	766
4512	わかもと	517	524	515	520	48
4514	帝臓器	829	830	815	816	39
4515	萬有製薬	2560	2565	2525	2525	111
4516	日新薬	1070	1071	1050	1070	78
4517	ビオフェル	1051	1060	1040	1040	9
4518	富山化	822	822	798	804	900
4519	中外薬	2260	2260	2190	2195	671
4520	和光堂	3270	3270	3260	3270	0.6
4521	科研薬	834	840	820	825	584
4523	エーザイ	3230	3270	3120	3240	780
4524	仁丹	1670	1670	1630	1630	28
4526	理ビタ	1720	1730	1720	1730	157
4527	ロート	1254	1305	1253	1285	326
4528	小野薬	4600	4640	4530	4580	152
4529	日研化	466	466	455	459	87
4530	久光薬	1670	1690	1640	1650	98
4531	有機薬	402	410	399	410	23
4534	持田薬	806	814	798	798	175
4535	大正薬	3860	3870	3760	3810	283
4536	参天薬	2715	2760	2705	2730	215
4537	エスエス	1160	1160	1120	1120	93
4538	扶桑薬	750	750	720	720	70
4539	ケミファ	299	315	298	314	247
4540	ツムラ	428	428	422	422	24
4541	日医工	182	183	181	181	14
4542	三笠薬	485	490	480	480	9
4543	テルモ	3490	3500	3370	3450	337
4544	みらかＨＤ	759	759	731	750	451
4545	国際試薬	407	409	402	402	13
4546	北陸製薬	994	995	974	995	128
4547	キッセイ	2300	2340	2210	2265	356
4548	生化学	1270	1270	1260	1260	4
4549	栄研化	1940	1940	1850	1860	88
4550	日水薬	725	725	710	710	6
4551	鳥居薬	2860	2870	2725	2730	37.4
4552	日本ケミカル	975	999	970	999	115
4553	東和薬品	910	920	910	910	13
4554	富士製薬	405	405	405	405	1
4555	沢井製薬	1480	1480	1480	1480	0.5
4556	カイノス	1750	1750	1650	1680	36
4557	医学生物	6200	6300	6200	6200	11
4558	中京医薬	1020	1020	1020	1020	0.5
4559	ゼリア新薬	1300	1340	1300	1300	94
4560	キョーリン薬	4290	4430	4200	4400	163
4561	デンカ生研	2640	2650	2500	2500	28
4611	大日塗	200	201	197	200	114
4612	日本ペ	374	376	362	368	389
4613	関西ペ	323	325	312	319	737
4614	トウペ	178	178	178	178	9
4615	神東塗	190	190	170	180	41
4616	川上塗	0	0	0	0	0
4617	中国塗	258	260	253	253	158
4619	日特塗	290	290	279	289	23
4620	藤倉化	458	468	458	468	50
4621	ロック	850	850	850	850	1
4622	ユニペイン	0	0	0	0	0
4623	アサヒペン	302	302	301	301	14
4624	イサム	400	400	400	400	6
4625	アトミクス	295	300	290	300	31
4626	太陽インキ	5950	5950	5800	5850	17.8
4627	ナトコ	1070	1070	1020	1030	13
4628	エスケー化研	2140	2140	2140	2140	1
4629	大伸化学	490	490	490	490	1
4631	インキ	539	540	518	519	642
4633	サカタＩＮＸ	333	333	328	328	26
4634	洋インキ	230	233	229	231	178
4635	東インキ	266	266	260	260	4
4636	Ｔ＆Ｋ	3000	3150	3000	3150	9.5
4640	アンドール	478	480	455	455	4
4641	アルプス技	2020	2090	2000	2090	5
4642	オリジナル設	0	0	0	0	0
4643	コナミスポ	8750	8920	8710	8900	12.4
4644	イマジニア	1900	1930	1870	1900	8.6
4645	市進	280	280	280	280	1
4646	ジャスフォート	1110	1130	1110	1130	2.8
4649	大成	555	575	555	570	40
4650	スガイエンタ	0	0	0	0	0
4651	サニックス	6500	6700	6300	6650	74.9
4652	ウッドランド	2720	2720	2650	2650	5
4653	ダイオーズ	830	830	830	830	1
4654	ニチゾウテク	355	355	355	355	1
4655	ＮＯＶＡ	700	705	700	705	9
4656	サン・ライフ	3550	3560	3500	3500	0.8
4657	環境管理	0	0	0	0	0
4658	日本空調	650	650	650	650	1
4659	エイジス	0	0	0	0	0
4660	ニッポン放送	6590	6900	6590	6900	2
4661	ＯＬＣ	10410	10490	10260	10410	211.7
4662	フォーカス	4330	4330	4110	4110	12
4663	ＡＴＬ	720000	750000	710000	725000	0.017
4664	ＲＳＣ	345	345	345	345	2
4666	パーク２４	13980	13980	13740	13910	6.5
4667	アイサンテク	340	355	340	345	4
4668	明光ネット	386	386	385	386	20
4669	ニッパンＲ	0	0	0	0	0
4670	セタ	600	600	600	600	2
4671	ファルコバ	2900	2900	2850	2850	11
4672	ベルックス	0	0	0	0	0
4673	川崎地質	0	0	0	0	0
4674	クレスコ	7610	7610	7500	7600	5
4675	エヌエス環境	0	0	0	0	0
4676	フジテレビ	1590000	1590000	1550000	1570000	1.362
4677	デザイ	0	0	0	0	0
4678	秀英	1430	1430	1400	1400	2
4679	田谷	3000	3010	3000	3010	10
4680	ラウンドワン	539000	550000	525000	525000	0.642
4681	リゾートトラ	2760	2760	2720	2720	6.5
4682	電通テック	12000	12500	12000	12500	3
4683	堀内カラー	680	680	671	671	12
4684	オービック	51000	51700	50700	51100	15.9
4685	菱友システム	0	0	0	0	0
4686	ジャスト	4520	4520	4400	4480	10.7
4687	ＴＤＣソフト	3200	3500	3200	3500	44.4
4688	日本ドレーク	14500	14500	14400	14400	2
4689	ヤフー	38550000	39000000	33500000	34100000	0.083
4690	日パレット	0	0	0	0	0
4692	アルゴ２１	3780	3780	3600	3700	14.7
4694	ＢＭＬ	4300	4350	4300	4350	4
4695	マイスター	0	0	0	0	0
4696	ワタベ	1220	1220	1200	1200	4
4697	ゼロ	970000	970000	800000	810000	0.194
4699	ウチダエスコ	374	375	374	375	9
4700	アクセス	7600000	7600000	7600000	7600000	0.001
4701	プレック研	660	660	660	660	1
4702	55ステーション	690	700	690	690	18
4703	住商オート	1020	1030	1010	1030	72
4704	トレンド	17400	17400	16500	16800	157.5
4705	クリップ	248	250	248	250	4
4706	富士通サポート	12400	12780	12300	12780	196.5
4707	キタック	0	0	0	0	0
4708	もしもしＨＬ	11300	11300	11200	11300	5.6
4709	ＩＤ	1310	1310	1280	1280	3
4710	ウィン	0	0	0	0	0
4711	コミュニティ	1290	1300	1281	1281	5.1
4712	アドアーズ	485	490	485	490	2
4713	日信電サ	1320	1320	1320	1320	1
4714	リソー教育	240000	240000	240000	240000	0.001
4715	クリエイティブ	501	501	501	501	3
4716	日本オラクル	34600	34900	32600	32600	75.5
4717	ソデッソジャパン	2450	2500	2440	2490	16
4718	早稲アカ	0	0	0	0	0
4719	アルファシス	14250	14250	13600	13800	14.4
4720	城南進研	600	640	600	630	26
4721	フジスタッフ	2560	2560	2500	2540	12
4722	フューチャー	2010000	2010000	1930000	2000000	0.035
4723	グッドウィル	216000	218000	195000	218000	1.732
4724	シチエ	1220	1220	1190	1190	14.4
4725	ＣＡＣ	6050	6050	5900	5950	15.9
4726	ソフトバンテク	9100	9300	8500	8500	11
4727	アジアＳ総研	2900	2900	2860	2890	3.8
4728	トーセ	5900	5900	5800	5800	6.6
4729	コナミスタジオ	4500000	4500000	4350000	4350000	0.005
4730	関西メンテ	803	820	802	820	3
4731	ユニバホーム	1250000	1250000	1250000	1250000	0.001
4732	ＵＳＳ	4090	4140	4050	4090	43
4733	ＯＢＣ	14400	14500	14300	14300	5
4734	ビーイング	1250	1270	1250	1270	6
4735	京進	0	0	0	0	0
4736	日本ラッド	0	0	0	0	0
4737	シダックス	1510	1510	1510	1510	1
4738	日立ビジネス	1999	2000	1950	1950	10
4739	ＣＴＣ	17780	17780	17500	17650	53.4
4740	ニューディル	1050000	1050000	1020000	1050000	0.036
4741	ＩＲＩ	8800000	8800000	8500000	8500000	0.004
4742	エイトコン	715000	715000	710000	710000	0.003
4743	アイティフォ	4970	4970	4970	4970	1
4744	メッツ	1080000	1080000	1000000	1000000	0.016
4745	東京個別	0	0	0	0	0
4746	東計電算	1370	1370	1351	1361	11
4747	Ｃフィッシュ	3400000	3400000	3400000	3400000	0.001
4748	構造計画	0	0	0	0	0
4749	アドバックス	365	366	365	366	4
4750	ダイサン	375	375	370	371	5
4751	サイバエージ	5600000	5610000	5500000	5500000	0.005
4752	昭和システム	621	621	621	621	1
4753	ライブドア	4000000	4000000	3850000	3900000	0.012
4754	トスネット	450	450	445	445	5
4755	楽天	4400000	4640000	4170000	4170000	0.514
4756	ＣＣＣ	3000	3200	3000	3000	11
4757	インテリ	4380000	4380000	4380000	4380000	0.001
4758	シーアイエス	9800000	9800000	9800000	9800000	0.001
4759	ライブＭ	3280000	3300000	3280000	3300000	0.002
4760	ＡＬＰＨＡ	720	730	710	725	81
4761	さくらＫＣＳ	1080	1090	1080	1090	4
4762	エクスネット	5100000	5150000	5050000	5150000	0.018
4763	クリークリバ	0	0	0	0	0
4764	Ｄデザイン	1800000	1820000	1800000	1800000	0.004
4765	モーニングＳ	5100000	5100000	4900000	4900000	0.014
4766	ピーエイ	1300	1300	1250	1290	23
4901	富士写	4300	4310	4180	4190	712
4902	コニカＨＤ	1025	1098	1025	1098	3593
4911	資生堂	1501	1501	1459	1461	1103
4912	ライオン	405	407	401	403	410
4913	サンスター	379	379	360	360	8
4914	高砂香	514	525	508	525	738
4915	エイボンＪ	224	225	224	225	3
4916	ノエビア	1120	1120	1120	1120	1
4917	マンダム	1850	1870	1790	1830	236
4918	アイビー	490	495	490	495	3
4919	ミルボン	7200	7210	7100	7200	9.2
4920	日本色材	0	0	0	0	0
4921	ファンケル	11500	11550	11000	11090	33.6
4922	コーセー	3220	3230	3220	3220	3
4951	エステー化	720	720	716	719	8
4953	タイホー工業	400	400	390	390	8
4954	マークテック	425	425	425	425	1
4955	アグロカネシ	760	775	760	775	4
4956	コニシ	1153	1161	1151	1151	4.9
4957	ヤスハラケミ	770	780	770	780	3
4958	長谷川香料	1980	1980	1930	1930	1.1
4959	シーシーアイ	587	587	587	587	1
4960	ケミプロ	449	450	447	447	3
4961	日油技研	870	870	870	870	1
4963	星光ＰＭＣ	630	630	630	630	1
4964	星光化学工業	0	0	0	0	0
4965	曽田香料	411	411	410	410	3
4966	上村工	2000	2010	1900	1900	10
4967	小林製薬	9590	9590	9580	9590	3
4968	荒川化工	999	1010	990	990	4
4970	東洋合成	1800	1800	1770	1780	10
4987	寺岡製	880	880	861	864	14
4989	イハラケミ	257	259	251	255	46
4990	昭和化	300	300	300	300	2
4992	北興化	402	422	401	419	415
4996	クミアイ化	214	214	211	213	29
4997	日農薬	254	255	253	253	17
4998	フマキラ	222	225	220	220	17
4999	セメダイン	291	291	271	271	7
5001	新日本石油	545	560	540	552	8348
5002	昭和シェル	580	589	570	576	317
5006	興亜石油	303	310	303	309	162
5007	コスモ石	205	210	201	206	2835
5008	東亜石	121	123	121	123	99
5009	富士興	88	89	87	89	67
5010	日精蝋	113	113	110	110	13
5011	ニチレキ	530	537	530	530	23
5012	東燃ゼネ石	572	580	572	575	509
5013	ユシロ	648	650	630	643	53
5014	ジャパンエナジー	114	116	114	114	4169
5015	ＢＰカスト	630	643	630	640	12
5101	浜ゴム	282	284	278	278	476
5102	大機エンジ	242	242	228	228	4
5103	昭ゴム	550	555	500	549	286
5104	日東化工	130	137	129	129	30
5105	洋ゴム	168	168	164	164	590
5106	オーツタイヤ	312	320	283	285	2402
5108	ブリヂストン	2325	2360	2295	2310	870
5110	住友ゴ	650	658	645	645	213
5121	藤ゴム	278	284	275	283	80
5122	オカモト	260	260	256	259	154
5123	ミサワ東洋	173	173	160	160	11
5142	アキレス	180	185	178	178	121
5143	世界長	193	201	190	195	221
5161	西川ゴム	0	0	0	0	0
5162	朝日ラバー	1200	1200	1190	1190	7
5184	ニチリン	0	0	0	0	0
5185	フコク	700	725	700	725	14
5186	ニッタ	1251	1270	1231	1240	18.4
5187	クリエート	940	940	940	940	1
5188	帝都ゴム	0	0	0	0	0
5189	桜ゴム	0	0	0	0	0
5191	東海ゴ	1156	1176	1156	1175	94
5192	三星ベ	310	310	305	305	74
5193	平成ポリマー	132	135	125	125	23
5194	相模ゴ	600	600	580	600	8
5195	バンドー	241	241	237	237	106
5196	鬼ゴム	105	106	103	106	104
5199	不二ラテ	201	201	200	200	8
5201	旭硝子	1200	1203	1176	1185	3763
5202	板硝子	1485	1485	1438	1470	1822
5204	石塚硝	308	308	302	302	35
5205	日本無機	410	421	410	410	13
5208	有沢製	3110	3300	3110	3300	25
5210	日山村硝	210	210	200	205	538
5212	不二硝	315	315	315	315	2
5213	芝セラミ	830	834	802	808	819
5214	日電硝	2395	2395	2325	2355	326
5215	旭テクノグラス	1515	1520	1430	1490	112
5216	倉元	2040	2070	2000	2050	64.5
5217	テクノクオツ	0	0	0	0	0
5232	住友大阪	620	629	600	609	2109
5233	太平洋セメ	237	239	229	234	1897
5234	デイ・シイ	184	188	184	184	8
5237	ノザワ	105	105	105	105	13
5261	ミサワリゾ	295	295	280	290	28
5262	日ヒューム	280	293	280	288	74
5266	テイヒュー	155	155	155	155	3
5267	ハネックス	130	138	128	138	44
5268	旭コン	370	370	370	370	3
5269	日コン	145	146	140	141	83
5271	トヨアサノ	150	150	150	150	4
5272	浅野スレ	165	183	165	179	246
5273	三谷セキ	294	294	294	294	5
5274	ゼニパイプ	0	0	0	0	0
5276	石建工	445	445	435	440	5
5277	スパンクリト	450	450	440	445	8
5278	エバタ	175	175	175	175	2
5279	日本興業	0	0	0	0	0
5280	ヨシコン	0	0	0	0	0
5281	旭ダンケ	260	290	260	290	6
5282	ジオスター	977	977	977	977	1
5283	高見沢	0	0	0	0	0
5284	ヤマウ	0	0	0	0	0
5285	ヤマックス	300	300	300	300	15
5286	武井工業	0	0	0	0	0
5287	イトヨーギョ	1150	1150	1150	1150	1
5301	東海カ	286	289	276	283	939
5302	カーボン	135	137	134	137	210
5304	エスイ−シ−	254	270	252	270	31
5331	ノリタケ	584	586	562	565	418
5332	ＴＯＴＯ	890	900	875	881	1068
5333	ガイシ	1397	1397	1342	1370	851
5334	特殊陶	1783	1784	1740	1750	895
5336	INAX	686	686	670	670	356
5337	ダントー	435	435	425	425	83
5338	大トー	253	253	253	253	1
5341	アサヒ陶	140	140	140	140	4
5342	ジャニス	0	0	0	0	0
5343	ニッコー	0	0	0	0	0
5344	ＭＡＲＵＷＡ	3770	3800	3700	3730	55.2
5351	白煉瓦	242	242	237	238	108
5352	黒崎	195	195	192	195	56
5355	ルツボ	134	138	133	135	26
5356	美濃窯	0	0	0	0	0
5357	ヨータイ	265	271	250	259	82
5358	イソライト	220	225	219	225	28
5361	東海熱	735	735	715	717	24
5362	九州耐	301	301	300	300	7
5363	ＴＹＫ	218	235	218	230	62
5367	ニッカトー	1160	1170	1120	1150	64
5382	中央商事	0	0	0	0	0
5383	三共理化	630	630	630	630	1
5384	フジミインコ	4100	4250	4100	4150	4.7
5386	鶴弥	798	798	798	798	1
5387	チヨダウーテ	960	960	960	960	2
5388	クニミネ	282	340	282	340	465
5389	日レヂボン	0	0	0	0	0
5390	宇部マテリア	154	185	154	175	343
5391	Ａ＆ＡＭ	199	225	196	223	1020
5393	ニチアス	468	468	444	450	1570
5395	コランダム	210	215	210	215	5
5397	ＭＩＥテクノ	0	0	0	0	0
5398	日研紙	0	0	0	0	0
5401	新日鉄	219	225	219	224	17445
5403	川崎製鉄	158	159	156	158	4137
5404	日本鋼管	71	72	71	71	2390
5405	住金	73	74	72	73	9512
5406	神戸鋼	73	74	72	73	1448
5407	日新鋼	119	120	117	118	986
5408	中山鋼	159	161	158	158	102
5410	合同鉄	115	127	113	125	2973
5423	東京製鉄	405	405	398	400	507
5443	東洋製鋼	1	1	1	1	1645
5444	大和工	510	511	500	505	134
5445	東京鉄	86	90	86	89	32
5446	北越メ	0	0	0	0	0
5448	東京鋼鉄	70	70	70	70	1
5449	大阪製鉄	460	461	450	456	4.4
5451	淀川鋼	326	332	312	312	298
5453	洋鋼鈑	385	385	381	381	88
5454	日鉄鋼板	215	242	215	238	409
5457	住友鋼管	413	435	406	435	282
5458	高砂鉄	145	145	130	140	43
5461	中部鋼	176	185	176	183	37
5462	日鉄鋼管	137	138	137	138	3
5463	丸一管	1330	1334	1325	1330	71
5464	モリ工	260	260	257	257	58
5471	大同特鋼	240	240	236	240	530
5476	高周波	100	100	97	99	114
5479	日金工	95	97	94	97	264
5480	冶金工	78	79	77	77	179
5481	山陽鋼	153	153	147	149	171
5482	愛知鋼	322	326	322	322	44
5484	東北鋼	0	0	0	0	0
5486	日立金	949	965	945	965	405
5491	日金属	125	128	123	127	51
5541	大平金	326	327	316	317	1523
5542	報国鉄	520	520	520	520	3.8
5562	日本重化学	160	162	157	158	457
5563	日本電工	184	200	184	200	3025
5566	中央電	262	264	250	250	62
5602	栗本鉄	280	285	275	278	136
5603	虹技	131	131	131	131	5
5605	自動鋳	86	86	85	85	11
5606	旭テック	190	190	185	188	54
5607	中可鍛	0	0	0	0	0
5608	川口金	254	254	250	250	16
5609	日鋳造	121	123	121	123	17
5610	大和重	140	140	140	140	3
5612	鋳鉄管	248	248	247	248	13
5613	日本カタン	0	0	0	0	0
5631	日製鋼	140	141	135	137	1314
5632	菱製鋼	92	93	90	91	335
5633	関東特殊製鋼	86	88	86	86	79
5641	ＴＤＦ	216	216	206	215	18
5642	日本鍛工	0	0	0	0	0
5644	メタルアート	126	145	126	131	20
5645	イチタン	0	0	0	0	0
5657	鈴木金	180	180	177	180	5
5658	日亜鋼	410	413	410	412	20
5659	日精線	361	361	335	345	118
5660	神鋼線	90	90	88	90	8
5691	東京シヤリング	95	95	83	91	7
5694	大和綱帯	0	0	0	0	0
5695	パウダテック	420	420	420	420	1
5696	川鉄鋼板	0	0	0	0	0
5697	サンユウ	395	395	395	395	1
5701	日軽金	103	104	101	103	1059
5702	大紀ア	205	205	195	200	61
5706	三井金	838	842	815	823	1508
5707	東邦鉛	222	225	219	222	275
5711	三菱マ	453	455	442	444	10386
5713	住友鉱	505	507	487	490	3090
5714	同和鉱	330	332	321	323	686
5715	古河機金	284	289	279	283	1050
5716	日鉱金属	592	600	578	579	1199
5721	Ｓサイエンス	820	823	801	804	199
5727	邦チタ	520	520	512	512	6
5728	アライドマテリアル	1140	1150	1130	1150	26
5729	日精鉱	438	440	405	425	92
5734	昭和アルミ	174	177	171	171	160
5738	住軽金	107	107	103	103	197
5739	日製箔	171	180	171	180	6
5740	九州不二サッシ	0	0	0	0	0
5753	日伸銅	95	95	92	94	51
5756	東海アルミ箔	58	59	58	59	29
5757	サンエツ	0	0	0	0	0
5771	菱伸銅	429	439	420	427	273
5781	東邦金	195	211	195	201	20
5801	古河電	2500	2690	2500	2675	5582
5802	住友電	1860	1865	1830	1850	2194
5803	フジクラ	745	749	731	740	2346
5804	菱線工	290	296	285	295	614
5805	昭電線	225	268	223	266	23461
5807	東特線	370	370	362	368	40
5808	理研線	304	304	304	304	3
5809	タツタ	191	215	191	214	725
5810	第一電工	95	99	94	99	156
5811	トヨ電線	651	671	630	630	9
5812	日立線	1464	1514	1463	1500	1653
5813	花島電線	0	0	0	0	0
5815	沖電線	310	310	300	302	76
5816	オーナンバ	221	222	220	220	10
5817	日電線	410	410	395	400	7
5818	東日京三電線	410	410	400	403	15
5819	カナレ電気	1860	1880	1800	1880	16.4
5820	三ッ星	260	260	260	260	5
5851	リョービ	190	193	187	189	279
5852	アーレスティ	370	370	351	352	9
5853	京都ダイカスト	170	170	169	170	12
5854	東京理化工	126	133	126	133	7
5855	アサヒプリテ	2190000	2190000	2150000	2150000	0.004
5900	ダイケン	470	480	470	480	3
5901	洋カン	1985	2000	1942	1970	213
5902	北カン	320	370	320	358	1327
5903	シンポ	675	675	665	665	4
5904	アルコアシステム	600	600	600	600	6
5905	日カン	205	215	205	215	6
5906	エムケー精工	530	530	530	530	1
5907	ＪＦＥコンテ	146	146	145	145	2
5908	日鉄ドラム	313	313	313	313	1
5909	コロナ	1040	1040	1040	1040	1
5910	立山アルミ	0	0	0	0	0
5911	横河ブ	545	546	529	538	194
5912	日本橋	161	164	160	161	9
5913	松尾橋	238	239	233	233	25
5914	宮地鐵工所	230	234	227	234	61
5915	駒井鉄	336	338	335	335	60
5916	ハルテック	291	294	280	283	103
5917	サクラダ	136	140	135	140	48
5918	滝上工	410	410	407	407	10
5919	日鉄塔	401	402	391	391	7
5920	鈴木シャ	210	215	210	215	13
5921	川岸工	305	305	305	305	5
5922	那須鉄	184	190	184	190	3
5923	高田機	515	515	508	510	17
5924	新日軽	86	87	86	86	22
5925	酒井鉄工所	0	0	0	0	0
5926	安治川鉄工	0	0	0	0	0
5927	ホリー	0	0	0	0	0
5928	アルメタクス	255	255	255	255	3.5
5929	三和シャタ	372	372	360	366	318
5930	文化シヤタ	268	269	263	267	71
5931	川田工	270	270	267	267	97
5932	三協アルミ	98	98	95	96	109
5933	アルインコ	265	265	261	261	8
5934	日本ア	58	58	57	57	3
5935	元旦	740	740	740	740	2
5936	洋シヤタ	110	110	107	107	114
5937	洋エクス	804	804	771	771	21
5938	住生活Ｇ	1672	1730	1662	1730	269
5939	大谷工業	0	0	0	0	0
5940	不二サッシ	133	135	128	135	35.4
5941	中西製	0	0	0	0	0
5942	フイルコン	333	350	333	337	17
5943	ノーリツ	1321	1323	1297	1312	98
5944	日立粉末	1193	1230	1190	1230	266
5945	天竜製鋸	1150	1180	1150	1180	3
5946	長府製	1460	1460	1440	1449	28.7
5947	リンナイ	2280	2280	2230	2230	103.7
5949	ユニプレス	225	225	222	222	10
5950	パワーファス	160	160	160	160	6
5951	ダイニチ工業	295	300	294	299	24.9
5952	アマテイ	113	113	113	113	2
5954	トープラ	202	202	201	201	9
5955	ヤマシナ	190	205	190	195	201
5956	トーソー	0	0	0	0	0
5957	日東精	240	241	240	240	27
5958	三洋工	608	614	590	600	368
5959	岡部	374	374	350	359	15
5961	トーカロ	990	990	900	900	4
5962	浅香工	230	230	230	230	6
5963	日立ツール	680	690	677	680	17
5964	洋刃物	155	156	151	151	12
5965	フジマック	0	0	0	0	0
5966	ＫＴＣ	400	400	400	400	5
5967	前田金	138	140	138	140	2
5969	ロブテックス	164	164	160	164	8
5970	菊池プレス	534	534	534	534	1
5971	共和工業	245	245	235	235	4
5972	日本建鐵	309	309	306	308	13
5973	トーアミ	520	530	520	530	5
5974	中国工	184	185	182	185	34
5975	東プレ	393	393	388	390	29
5976	ネツレン	346	349	341	341	38
5977	コマツ電子	1180	1189	1150	1150	6.4
5979	カネソウ	0	0	0	0	0
5980	田中亜鉛	265	270	265	270	9
5981	東京綱	154	155	151	152	400
5982	マルゼン	432	440	432	440	23
5983	イワブチ	501	503	501	503	99
5984	兼房	620	620	620	620	2
5985	サンコール	412	415	408	408	27
5986	モリテック	274	274	274	274	5
5987	オーネックス	250	250	250	250	1
5988	パイオラクス	680	680	680	680	2
5989	ヒラタ	410	410	410	410	4
5990	スーパツール	175	184	170	170	30
5991	ニッパツ	497	517	497	510	2587
5992	中央発條	400	403	400	403	26
5993	知多鋼	660	660	660	660	1
5994	ファインＳ	395	395	381	381	7
5995	科学冶金	520	540	520	540	4
5996	新立川	844	844	843	843	2
5997	協立エアテク	647	650	645	650	4.2
5998	アドバネクス	323	330	323	330	47
5999	イハラサイエ	370	373	350	370	13
6005	三浦工	1530	1532	1525	1528	49.1
6011	新潟鉄工所	88	88	85	85	758
6013	タクマ	923	930	917	918	149
6016	神発動	125	125	122	122	5
6018	阪神燃	0	0	0	0	0
6020	神鋼造機	0	0	0	0	0
6021	ロビン	240	240	240	240	5
6022	赤阪鉄	100	100	99	99	6
6023	ダイハツデ	220	220	185	219	85
6041	ボッシュ	160	160	157	157	259
6042	ニッキ	156	158	156	158	3
6101	ツガミ	528	531	515	520	883
6102	池貝	175	175	171	174	99
6103	オークマ	470	473	460	461	307
6104	東芝機	424	442	414	432	1733
6106	日立精機	200	200	192	195	119
6107	アマダマシ	340	340	332	332	230
6111	旭精機	224	224	224	224	1
6112	小島鉄	0	0	0	0	0
6113	アマダ	940	945	921	938	913
6114	住倉工業	280	280	273	279	39
6118	アイダ	526	549	519	521	1166
6119	ゼィープラス	300	300	300	300	3
6121	滝澤鉄	96	100	96	100	10
6125	岡本工	167	167	158	160	110
6126	大ダイヤ	210	210	205	205	5
6130	日平トヤマ	215	216	214	215	83
6131	浜井産	166	168	160	160	14
6134	富機製	5500	5500	5300	5420	54.5
6135	牧野フ	1020	1020	996	996	171
6136	ＯＳＧ	670	670	648	648	95
6137	小池工	175	175	174	175	8
6138	ダイジェト	235	235	227	228	196
6139	東芝タンガロイ	920	925	866	890	747
6140	旭ダイヤ	715	715	700	701	89
6141	森精機	1640	1669	1604	1625	72
6142	富士精	263	263	263	263	1
6143	ソディック	965	965	940	950	161
6144	西部電機	252	252	252	252	2
6145	日特エンジ	2290	2380	2260	2340	179
6146	ディスコ	15450	15490	15200	15400	39
6147	ヤマザキ	0	0	0	0	0
6148	UHT	2350	2450	2250	2300	49
6149	小田原エンジ	701	701	701	701	2
6150	タケダ機械	0	0	0	0	0
6151	日東工器	2760	2815	2760	2815	35.1
6201	豊田織	2565	2580	2515	2550	566
6203	豊和工	177	188	177	187	700
6204	キリウ	230	230	220	223	92
6205	ＯＫＫ	200	207	190	194	743
6206	豊田工	1050	1050	1030	1034	79
6208	石川製	141	156	140	154	1639
6210	東洋機械	581	581	550	550	21
6211	倉敷機	115	115	100	103	13
6212	帝人製機	315	320	305	310	241
6213	ＯＭ製	180	187	176	186	105
6214	大隈豊和機械	238	242	234	242	74
6216	寿工業	0	0	0	0	0
6217	津田駒	234	239	232	232	77
6218	エンシュウ	214	218	205	217	272
6221	大東製機	322	322	311	311	9
6222	島精機	2675	2675	2635	2635	9.3
6242	スピンドル	298	315	296	313	400
6245	ヒラノテク	283	285	283	283	11
6246	井上金	269	280	262	276	13
6247	日阪製	550	555	547	555	72
6271	ニッセイ	995	995	995	995	7
6272	レオン	427	427	420	420	10
6273	ＳＭＣ	19300	19700	19140	19600	125.3
6274	新川	5100	5100	4900	5000	157.6
6275	イセキ開発工	123	123	115	115	13
6276	ナビタス	900	900	885	890	7
6277	ホソミクロン	805	825	794	810	138
6278	ユニオンツル	11190	11190	10960	11000	14
6279	瑞光	1490	1490	1450	1450	4.1
6280	名機製	1400	1400	1385	1400	24
6281	前田製作	0	0	0	0	0
6282	オイレス	2220	2240	2135	2165	25.5
6283	オリイメック	365	365	350	350	4
6284	ＡＳＢ機械	510	510	490	490	23
6286	静甲	611	660	611	660	13
6287	サトー	2800	2875	2800	2810	37.1
6288	ハマダ印刷機	230	230	225	225	2
6289	技研製	330	330	326	326	16
6290	ＳＥＳ	1550	1550	1480	1530	51
6291	エアーテック	1059	1059	990	991	15
6292	カワタ	1090	1130	1070	1130	4
6293	日精樹脂	1598	1600	1530	1530	25
6294	オカアイヨン	205	205	205	205	1
6295	富士変速	264	264	264	264	0.3
6296	ロキテクノ	1570	1670	1570	1620	122
6297	鉱研工業	325	330	325	330	4.7
6298	ワイエイシイ	2450	2500	2320	2500	23
6299	神鋼環境Ｓ	320	320	320	320	1
6300	アピクヤマダ	1270	1271	1220	1250	52
6301	コマツ	792	803	786	803	8824
6302	住友機	358	358	343	353	3784
6303	ササクラ	430	430	420	420	3
6304	マキ製作所	570	570	570	570	2
6305	日立建機	587	589	580	582	149
6306	日工	285	285	281	284	21
6307	サンセイ	110	112	110	110	10
6309	巴工業	920	920	920	920	4
6310	井関農	100	102	99	101	345
6311	セイレイ工業	270	275	262	263	27
6312	フロイント	0	0	0	0	0
6313	共立	172	172	168	171	100
6314	石井工研	1390	1390	1280	1330	7.1
6315	ＴＯＷＡ	4940	5040	4780	4930	192
6316	丸山製	175	184	174	179	462
6317	北川鉄	172	174	170	172	71
6319	シンニッタン	306	308	300	305	188
6320	新ダイワ	285	285	255	255	17
6321	石搬機	402	408	400	405	21
6322	タクミナ	500	555	500	550	23
6323	ローツェ	5330	5330	5240	5300	7
6324	ハーモニック	2910000	2930000	2840000	2930000	0.051
6325	タカキタ	201	201	200	201	4
6326	クボタ	400	404	398	398	1405
6327	北川精機	500	503	500	503	8
6328	荏原実業	1600	1650	1560	1650	24
6329	ＨＥＣ	518	518	508	508	5
6330	東洋エンジ	120	120	115	117	320
6331	化工機	261	261	255	259	173
6332	月島機	705	710	700	705	51
6333	帝国電	699	699	698	698	7
6334	明治機	336	340	326	329	272
6335	東京機	475	475	466	466	92
6336	石井表記	3000	3010	2950	3000	5.9
6337	テセック	6430	6500	6330	6450	8
6338	タカトリ	1310	1330	1290	1300	13
6339	新東工	352	366	348	366	152
6340	渋谷工	921	921	920	920	2
6341	日立造船富岡	185	185	185	185	2
6342	太平製	0	0	0	0	0
6343	フリージア	76	77	76	77	9
6345	アイチコーポ	240	245	240	240	63.1
6346	菊川鉄	0	0	0	0	0
6347	プラコー	123	123	123	123	2
6348	日本マリンテクノ	0	0	0	0	0
6349	小森	2000	2010	1979	1988	127
6350	新日本造機	153	154	153	154	3
6351	鶴見製	569	569	565	565	21
6352	トヨコケン	135	135	135	135	2
6354	日立機電	504	518	500	518	250
6355	住友精	470	470	461	461	40
6356	日ギア	175	175	175	175	3
6357	三精輸	355	357	355	356	14
6358	酒井重	260	265	259	265	82
6359	粟村製作所	160	160	146	146	4
6360	東自機	0	0	0	0	0
6361	荏原	1515	1567	1508	1567	1939
6362	石井鉄	217	217	211	217	38
6363	酉島	619	619	609	610	18
6364	北越工	188	188	188	188	1
6365	電業社	5390	5390	5300	5300	0.9
6366	千代建	119	120	115	119	322
6367	ダイキン	2585	2600	2525	2565	775
6368	オルガノ	551	553	545	545	108
6369	トヨカネツ	129	129	126	127	295
6370	栗田工	2385	2385	2255	2265	157
6371	椿本チ	520	521	506	507	302
6372	セイサ	92	99	92	96	12
6373	大同工	339	350	332	345	371
6374	ＴＣＭ	452	489	432	442	2583
6375	コンベヤ	125	125	123	123	320
6376	日機装	664	672	662	670	199
6377	甲陽建設	275	275	260	265	27
6378	木村化	285	296	277	280	220
6379	新興プラン	127	129	126	129	14
6380	オリチェン	125	125	118	118	6
6381	アネスト岩田	200	208	200	208	45
6382	トリニ工	275	275	270	270	7
6383	ダイフク	1134	1135	1100	1108	264
6386	扶桑レクセ	1699	1730	1699	1710	12
6388	ミサワバン	272	272	264	269	12
6389	内田油圧	79	79	77	78	9
6390	加藤製	183	184	178	181	17
6391	加地テック	190	190	185	190	14
6392	ヤマダコーポ	155	159	155	159	3
6393	油研工	151	156	149	153	139
6394	大江工業	140	140	138	140	6
6395	タダノ	215	215	212	215	217
6396	宇野鉄	170	170	170	170	1
6397	郷鉄工	120	120	120	120	1
6398	日本電産シンポ	991	1000	991	1000	20
6403	水道機	0	0	0	0	0
6406	フジテック	980	980	960	974	113
6407	シーケーディ	1150	1180	1125	1132	709
6408	クラッチ	930	930	910	910	3
6409	キトー	395	400	395	395	22
6411	中野冷	0	0	0	0	0
6412	平和	2405	2410	2370	2390	111.8
6413	理想科学	2750	2840	2750	2840	7.5
6414	川重冷熱	0	0	0	0	0
6415	ニスカ	930	930	930	930	2
6416	桂川電機	320	325	320	325	2
6417	ＳＡＮＫＹＯ	4570	4650	4520	4520	41.7
6418	日金銭	1889	1889	1849	1850	12
6419	マース	3350	3400	3240	3300	19.1
6420	福島工業	730	730	730	730	7.5
6421	キヤノンＦ	1459	1460	1410	1430	25
6422	キヤノン化成	1580	1580	1500	1530	42
6423	アビリット	5490	5590	5450	5450	49.3
6424	高見サイ	520	520	515	515	4
6425	アルゼ	8760	8940	8760	8850	31.8
6426	サミー	4190	4220	4180	4190	7.9
6427	東北リコー	1100	1100	1060	1060	17
6431	キャノンＮＴＣ	383	390	382	382	18
6436	アマノ	1227	1227	1200	1201	287
6437	三条機	160	160	160	160	2
6439	中日鋳	141	141	133	133	26
6440	ＪＵＫＩ	495	506	481	500	2039
6442	コピア	479	485	466	480	92
6443	東洋製	151	153	151	153	5
6444	サンデン	800	820	792	806	597
6445	蛇の目	117	119	115	119	372
6448	ブラザー	291	298	284	286	437
6453	シルバ精	214	220	212	219	301
6454	マックス	1270	1270	1246	1249	97
6455	モリタ	310	313	309	309	32
6457	グローリー	2100	2100	2050	2080	59
6458	新晃工	277	277	262	270	72
6459	大和冷	401	407	391	406	64
6461	日ピス	123	125	122	123	235
6462	リケン	256	263	251	262	405
6463	ＴＰＲ	343	343	338	339	7
6466	トウアバルブ	113000	113000	112000	112000	0.003
6467	ニチダイ	605	610	600	605	55
6468	駿河精機	3500	3500	3490	3490	5
6469	放電精密	935	935	900	910	5
6470	大豊工業	996	1030	995	995	34
6471	日精工	970	970	942	953	830
6472	ＮＴＮ	497	501	486	487	695
6473	光洋精	924	925	894	909	659
6474	不二越	207	208	204	207	316
6475	天辻	1200	1200	1150	1180	12
6476	富士テクニカ	388	420	380	400	81
6477	ツバキ・ナカ	1484	1484	1450	1454	37.5
6478	ダイベア	240	240	240	240	4
6479	ミネベア	1305	1305	1283	1283	634
6480	トムソン	1439	1450	1425	1450	160
6481	ＴＨＫ	5210	5330	5210	5270	155.6
6482	ユーシン精機	7350	7380	7310	7380	7
6483	川重防災	610	610	565	594	53
6484	ＫＶＫ	282	282	282	282	10
6485	前沢給装	760	760	740	740	14
6486	イーグル工	350	360	350	360	41
6487	積水工機	0	0	0	0	0
6488	ヨシタケ	300	300	295	300	4
6489	前沢工業	1040	1041	1025	1039	29.2
6490	ピラー	1011	1011	1000	1005	33
6492	岡野バ	0	0	0	0	0
6493	日鍛バ	249	256	248	254	92
6494	ファネス	360	365	360	365	2
6495	宮入バ	108	109	104	109	54
6496	中北製	248	248	240	240	32
6497	ハマイ	0	0	0	0	0
6498	キッツ	237	239	234	234	286
6499	大隈エンジニア	190	190	190	190	6
6501	日立	1400	1420	1399	1405	5164
6502	東芝	1221	1238	1209	1220	7004
6503	三菱電	1081	1090	1072	1076	4054
6504	富士電機ＨＤ	459	461	448	451	5656
6505	東洋電	165	170	160	160	88
6506	安川電	1212	1229	1211	1223	729
6507	神鋼電	258	259	243	250	744
6508	明電舎	232	233	226	231	198
6513	オリジン	1026	1026	1001	1002	20
6516	山洋電	540	549	531	535	455
6517	デンヨー	730	770	730	770	103
6518	三相電機	680	680	680	680	2
6581	日立工	407	423	399	414	1175
6584	三桜工	662	662	650	650	49
6585	サーボ	325	330	321	330	28
6586	マキタ	1075	1075	1050	1056	159
6587	松下精工	494	495	480	485	170
6588	東芝テック	552	552	537	537	1034
6590	芝浦	1300	1300	1266	1270	124
6591	西芝電	179	188	179	181	13
6592	マブチ	14900	14900	14300	14600	27.8
6593	ローヤル電	490	490	490	490	1
6594	日電産	9810	9860	9580	9800	25.5
6621	高岳	195	195	188	189	54
6622	ダイヘン	235	248	235	248	2113
6623	愛電機	215	220	215	217	10
6624	田淵電	248	248	246	246	12
6641	日新電	340	340	331	333	345
6643	戸上電	167	167	167	167	4
6644	大崎電	630	634	620	624	26
6645	オムロン	2930	2945	2850	2905	670
6646	エナジーサポ	415	418	415	418	22
6647	森尾電	156	156	156	156	4
6648	かわでん	71	71	66	67	336
6650	春日電	180	180	175	175	13
6651	日東工	795	796	781	783	25
6652	和泉電	1640	1640	1626	1631	72
6654	不二電機	800	800	770	770	21
6655	東洋電機	367	367	367	367	1
6701	ＮＥＣ	3300	3300	3240	3250	2975
6702	富士通	3440	3450	3310	3370	5193
6703	沖電気	840	850	833	835	4314
6704	岩崎通	322	324	315	317	168
6705	ＮＥＣインフ	548	549	520	549	62
6706	電気興	1131	1151	1086	1120	236
6707	サンケン	849	851	814	835	417
6708	東洋通	1639	1655	1591	1595	123
6709	明星電	181	181	175	175	19
6710	大興電機製作	230	233	230	233	29
6711	高見澤電機	270	270	270	270	11
6712	田村電機製作	316	318	306	310	47
6714	神田通信工業	270	270	258	258	12
6715	ナカヨ通	338	338	320	320	7
6716	中央無	430	431	430	431	4
6717	富士通アクセ	2260	2280	2210	2220	30.3
6718	アイホン	1470	1470	1410	1428	12.3
6741	信号	544	565	540	550	530
6742	京三	268	270	265	270	70
6743	大同信	238	238	238	238	9
6744	能美防災	451	453	442	450	44
6745	ホーチキ	349	349	343	343	4
6747	小糸工	347	347	340	347	55
6748	星和電	565	579	565	579	5
6749	マスプロ	1380	1380	1340	1340	21
6751	日無線	1090	1096	1050	1060	544
6752	松下	2860	2895	2840	2875	5872
6753	シャープ	1790	1794	1762	1770	4573
6754	アンリツ	2640	2660	2540	2550	1203
6755	富士通ゼ	810	810	790	807	100
6756	日立国際	1470	1470	1380	1400	112
6758	ソニー	11050	11080	10820	10820	1612.2
6759	ＮＥＣトーキ	1096	1105	1060	1080	96
6761	アイワ	1750	1750	1700	1725	109.3
6762	ＴＤＫ	15170	15170	14500	14760	381
6763	帝通工	424	426	412	415	68
6764	三洋電	984	987	966	972	4185
6765	ケンウッド	540	542	527	527	537
6766	宮越商	54	56	53	55	30
6767	ミツミ	3810	3850	3700	3750	620
6768	タムラ	546	546	533	538	165
6770	アルプス	2025	2030	1955	1987	377
6771	池上通	370	376	365	370	61
6772	コスモス	174	177	172	177	14
6773	パイオニア	4240	4250	4130	4220	865
6775	東和メクス	162	163	160	160	89
6776	天昇電	199	199	199	199	1
6779	日電波	4700	4840	4650	4680	273.9
6780	日立電子	623	633	605	605	20
6781	松下通信工業	12500	12600	12100	12120	370
6782	九州松下電器	1279	1283	1258	1260	170
6783	松下寿電子	2345	2450	2340	2420	173
6791	コロムビア	212	215	210	210	49
6792	ビクター	893	937	892	930	402
6793	山水電	19	20	18	19	1014
6794	フォスター	862	870	851	856	65
6796	クラリオン	448	450	441	445	345
6798	ＳＭＫ	1050	1065	1025	1034	580
6799	日本マランツ	235	235	235	235	2
6800	ヨコオ	2510	2540	2470	2485	54
6801	東光	769	769	747	751	481
6802	赤井電機	23	24	22	22	3242
6803	ティアック	435	435	425	425	108
6804	ホシデン	4290	4300	4200	4200	124
6805	八木アン	747	750	747	750	9
6806	ヒロセ電	15650	15700	13700	15100	114.8
6807	航空電子	730	744	720	728	112
6808	シントム	90	90	86	87	1391
6809	ＴＯＡ	389	390	385	390	36
6810	マクセル	3430	3550	3410	3420	74
6811	クオンツ	511	515	480	490	105
6812	ジャルコ	622	622	600	600	11
6813	ナカミチ	115	116	112	115	72
6814	古野電	455	455	450	450	19
6815	ユニデン	809	809	788	788	142
6816	アルパイン	1645	1645	1624	1624	77
6817	スミダコーポ	5290	5290	5200	5200	13
6818	島田理	1510	1570	1501	1570	102
6819	オメガ・プロ	1290	1330	1260	1270	121
6820	アイコム	2150	2150	2050	2050	9
6821	バーテクスＳ	1060	1070	1050	1070	6
6822	大井電気	442	442	425	425	3
6823	リオン	895	930	895	930	11
6824	新コスモス	550	565	540	540	34
6825	パトライト	2670	2670	2520	2555	51
6826	本多通信	5800	5800	5600	5750	20
6827	東北パイオ	6400	6400	6110	6150	25
6836	ぷらっと	5300000	5300000	4550000	4600000	0.25
6837	京写	1350	1350	1330	1330	7
6838	多摩川電	2000	2000	1990	1990	3
6839	船井電	16950	16950	16300	16300	25.4
6840	アドテック	2030	2120	2030	2100	49
6841	横河電	1191	1191	1131	1170	487
6842	ユニパルス	1620	1630	1510	1540	35
6843	東光精機	184	184	184	184	1
6844	新電元	758	765	735	748	211
6845	山武	1310	1310	1270	1271	74
6846	中央製	0	0	0	0	0
6847	安藤電気	2600	2600	2500	2530	60
6848	東亜ＤＫＫ	429	429	425	425	4
6849	日本光電	364	370	350	350	46
6850	チノー	279	300	276	295	473
6851	大倉電気	229	230	229	229	6
6852	テクノセブン	211	215	210	210	22
6853	共和電	338	338	330	330	5
6855	電子材料	2150	2160	2100	2100	12
6856	堀場製	1275	1276	1221	1223	35
6857	アドバンテスト	23000	23000	22210	22450	189.3
6858	小野測器	256	259	252	252	20
6859	エスペック	1063	1066	1016	1022	62
6860	サンクス	1250	1250	1250	1250	5
6861	キーエンス	35700	35850	34900	35000	31.9
6862	ミナトエレ	240	240	230	230	12
6863	ニレコ	630	635	630	630	8
6864	ＮＦ回路	480	510	480	510	13
6866	ＨＩＯＫＩ	965	965	955	955	2
6867	リーダー電子	0	0	0	0	0
6868	東カソード	1480	1480	1430	1450	10.9
6869	シスメックス	3650	3680	3600	3600	20.8
6870	フェンオール	700	710	700	710	6
6871	日本マイクロ	2670	2720	2640	2720	32.2
6872	日本コーリン	12000	12700	11600	11600	57
6873	日立電子Ｅ	1060	1060	1010	1010	20
6874	協立電機	3200	3220	3150	3170	2.9
6875	メガチップス	5400	5400	5300	5330	15
6876	光波	2860	2870	2850	2850	13
6877	ＯＢＡＲＡ	0	0	0	0	0
6878	長野日無	580	581	580	580	5
6879	フォトロン	470	475	470	475	2
6880	シンワ	1230	1230	1180	1200	3.9
6881	キョウデン	3920	3920	3880	3880	24
6882	三社電機	890	890	876	889	13
6883	電産コ電	1400	1400	1400	1400	1
6884	デジタル	3790	3800	3750	3750	18
6885	ミヤチテクノ	2250	2350	2150	2290	58.3
6886	グラフィック	0	0	0	0	0
6887	日本ＬＳＩカード	435000	435000	432000	432000	0.003
6888	アクモス	520000	520000	500000	510000	0.021
6889	オーデリック	570	580	570	570	7
6890	フェローテク	1740	1740	1700	1700	56
6891	イーター電機	910	910	910	910	2
6892	シチズン電子	11400	12200	11400	11700	47
6893	タイテック	960	960	940	950	12
6894	パルステック	2100	2100	2030	2060	17
6895	ダイヤ電機	840	840	800	800	15
6896	北川工業	1360	1370	1352	1352	5.8
6897	ツインバード	250	250	240	240	3
6898	トミタ電機	0	0	0	0	0
6899	ＡＳＴＩ	660	660	660	660	1
6900	東京電波	6100	6110	5980	6000	34
6901	沢藤電	314	321	313	321	85
6902	デンソー	2685	2730	2635	2730	908
6904	原田工業	490	500	490	490	9
6905	コーセル	4270	4280	4150	4200	18
6906	キヤ･コンポ	415	415	415	415	1
6907	ジオマテック	2100	2300	2100	2270	137.7
6908	イリソ電子	721	721	690	690	15
6909	北部通信工業	420	420	410	410	10
6910	日立メディコ	1421	1422	1410	1413	93
6911	新日無	1200	1290	1190	1190	649
6912	菊水電子	560	560	550	550	9
6913	メルコ	3950	3960	3850	3870	30.5
6914	オプテックス	1190	1210	1190	1200	4
6915	千代田インテ	1740	1740	1630	1650	23
6916	アイオデータ	2600	2650	2590	2650	23.4
6917	デンセラムダ	2290	2290	2250	2290	18.3
6918	アバール	1150	1150	1110	1110	3
6919	ケル	815	820	815	815	8
6920	レーザーテク	0	0	0	0	0
6921	東光電	0	0	0	0	0
6922	昭和情報	520	520	515	520	5
6923	スタンレー	1167	1208	1167	1198	651
6924	岩崎電	303	305	295	296	167
6925	ウシオ電	3140	3140	3010	3070	541
6926	岡谷電	290	290	290	290	13
6928	エノモト	1580	1580	1490	1550	87
6929	日セラ	2390	2420	2350	2375	685
6930	日本アンテナ	0	0	0	0	0
6931	日本電池	550	563	530	538	1255
6932	ユアサコーポ	401	401	390	390	7
6933	ＹＵＡＳＡ	313	321	309	309	2036
6934	新神戸	840	850	800	800	173
6935	日デジタル	1865	1878	1841	1841	41.1
6936	東洋高砂乾	142	143	141	143	13
6937	古河池	365	368	365	365	5
6938	双信電機	1050	1050	1020	1030	25
6939	ＵＭＣＪ	1760000	1780000	1690000	1700000	0.17
6940	多摩電気	360	360	340	340	8
6941	山一電機	3250	3250	3200	3250	13
6942	ソフィア	280	280	280	280	1
6943	開閉器	0	0	0	0	0
6944	アイレックス	0	0	0	0	0
6945	ＦＴＥＣ	681	681	670	679	18
6946	日本アビオ	307	307	307	307	6
6947	図研	3100	3120	3030	3070	77.3
6948	住友電装	910	910	910	910	2
6949	キンセキ	1650	1680	1600	1600	364
6950	ＹＥデータ	590	591	590	590	12
6951	日電子	649	668	643	661	214
6952	カシオ	1300	1317	1262	1288	839
6954	ファナック	11500	11500	11100	11200	274.1
6955	ＦＤＫ	1030	1040	980	985	96
6956	神明電	1760	1790	1750	1750	17
6957	芝浦電子	331	342	330	330	7.9
6958	日本ＣＭＫ	1803	1810	1785	1800	227
6960	フクダ電	2290	2290	2190	2260	11
6961	エンプラス	6800	6900	6760	6780	36.8
6962	大真空	885	894	851	858	310
6963	ローム	30400	30600	29750	29900	290.2
6964	サンコー	2340	2410	2310	2400	31
6965	ホトニクス	7500	7610	7370	7430	129.7
6966	三井ハイテク	2135	2135	2105	2130	93.8
6967	新光電工	4690	4740	4600	4700	89.8
6968	グラフテック	220	220	216	216	17
6969	松尾電	680	680	645	655	39
6970	日本コンラックス	672	679	661	662	63
6971	京セラ	16650	16840	16150	16200	874.7
6972	エルナー	530	530	516	527	36
6973	協栄産	360	360	355	359	24
6974	日本インター	347	347	323	323	23
6975	ＮＥＯＭＡＸ	1550	1580	1530	1580	178
6976	太陽電	6330	6330	6160	6230	374
6977	抵抗器	345	348	333	335	63
6980	日立ＡＩＣ	1237	1237	1210	1218	90
6981	村田製	16000	16020	15530	15640	592
6982	リード	110	111	110	111	3
6984	朝日ナショナ	410	430	410	430	12
6985	ユーシン	488	490	488	490	15
6986	双葉電	4400	4400	4250	4250	16.6
6988	日東電	4020	4050	3950	3960	417
6989	北電工	249	250	240	242	144
6991	松電工	1340	1344	1319	1329	1121
6992	国産電	243	243	240	240	9
6993	森電機	155	158	155	157	81
6994	指月電	261	261	258	258	38
6995	東海理	980	990	980	990	34
6996	ニチコン	2710	2710	2605	2605	81
6997	日ケミコン	525	530	515	521	209
6998	タングス	370	370	354	354	13
6999	ＫＯＡ	3210	3210	3110	3170	118
7003	三井造	115	116	113	115	1654
7004	日立造	114	115	111	112	3173
7007	佐世保	92	93	91	91	168
7011	三菱重	445	450	436	450	5642
7012	川重	159	160	153	158	3522
7013	石川島	181	183	179	180	1892
7014	名村造	145	149	144	145	68
7018	内海造	0	0	0	0	0
7020	サノヤス	225	225	218	218	35
7021	ニッチツ	150	150	150	150	5
7052	信貴造船所	0	0	0	0	0
7102	日車両	220	220	216	218	248
7104	富士車輌	215	215	195	199	214
7105	ニチユ	240	240	237	240	34
7122	近畿車	163	164	159	159	39
7123	東急車輌製造	93	95	91	92	86
7124	輸送機工業	355	359	355	355	4
7142	ナブコ	185	185	183	185	21
7201	日産自	570	576	548	565	6915
7202	いすゞ	290	298	285	290	658
7203	トヨタ	5030	5030	4940	5010	1718
7204	小松ゼノア	285	288	284	286	37
7205	日野自	440	470	439	470	869
7207	日野車体	122	130	122	125	48
7210	日産ディ	123	123	120	120	362
7211	三菱自	483	483	472	474	852
7212	エフテック	560	610	560	610	17
7219	ＨＫＳ	760	780	760	770	25
7220	武蔵精密	1520	1520	1460	1520	8
7221	トヨ車	1130	1132	1080	1130	57
7222	産車体	183	183	180	181	31
7223	関東自	659	660	651	657	34
7224	新明和	265	276	260	269	558
7225	小松フォーク	222	230	222	229	219
7226	極東開発	661	690	656	660	53.6
7227	アスカ	0	0	0	0	0
7228	デイトナ	0	0	0	0	0
7229	ユタカ技研	0	0	0	0	0
7230	日信工業	2150	2190	2125	2160	29
7231	トピー	208	210	203	205	747
7232	トキコ	243	243	237	240	413
7233	自部品	114	119	113	115	7
7234	橋本フォーミング	95	95	87	87	53
7235	東ラヂ	150	155	135	155	13
7236	ティラド	470	470	456	460	232
7237	ボッシュブレーキ	167	167	160	160	13
7238	ブレーキ	243	245	238	245	165
7239	タチエス	650	669	600	600	73
7240	ＮＯＫ	737	740	714	730	829
7241	フタバ	1420	1420	1389	1391	58
7242	カヤバ	240	240	231	233	325
7243	シロキ	232	232	228	230	23
7244	市光工	235	239	233	237	230
7245	大同メ	961	1050	890	890	484
7246	プレス工	100	101	96	97	288
7247	ミクニ	170	170	159	169	7
7248	カルソニック	282	316	282	316	1409
7249	尾張精	213	213	211	211	3
7250	太平洋工	304	305	300	300	70
7251	ケーヒン	800	821	800	815	177
7252	富士機	290	291	290	291	6
7253	日本ガスケット	260	260	260	260	1
7254	フジユニ	225	225	190	190	36
7255	桜井製	0	0	0	0	0
7256	河西工	320	320	289	289	284
7257	自転車電機工	300	310	300	304	107
7258	栃木富士産業	280	280	265	267	148
7259	アイシン	1458	1458	1435	1436	220
7260	富士機工	230	233	226	230	18
7261	マツダ	292	292	288	290	1706
7262	ダイハツ	837	877	830	877	4582
7263	愛知機	300	300	285	287	472
7264	ＭＵＲＯ	0	0	0	0	0
7265	エイケン工業	725	725	725	725	1
7266	今仙電機	0	0	0	0	0
7267	ホンダ	3940	3970	3900	3940	714
7268	タツミ	230	230	230	230	2
7269	スズキ	1340	1365	1335	1339	381
7270	富士重	811	824	808	815	1581
7271	安永	408	410	405	410	3
7272	ヤマハ発	960	960	939	946	179
7273	イクヨ	227	227	227	227	1
7274	ショーワ	660	675	635	636	224
7275	ユニシア	210	210	195	202	260
7276	小糸製	613	617	585	592	212
7277	ＴＢＫ	161	166	160	166	39
7278	エクセディ	837	841	837	840	24.2
7279	ケーブル	1294	1300	1280	1300	47
7280	ミツバ	485	495	485	493	26
7282	豊田合	6710	6840	6650	6840	82
7283	愛三工	915	920	910	915	26
7284	盟和産	325	330	322	322	272
7285	池田物産	223	223	144	156	1399
7286	イズミ工業	0	0	0	0	0
7287	日精機	956	956	921	949	5
7288	テクノエイト	268	270	267	268	13
7289	マーレ テネックス	240	240	220	237	16
7290	日発精密工業	410	410	380	380	17
7291	日本プラスト	300	300	298	300	29
7292	村上開明	619	619	601	601	5
7293	大井製作所	285	286	278	278	12
7294	ヨロズ	450	450	441	445	29.7
7295	アイエス製機	0	0	0	0	0
7296	ＦＣＣ	1020	1050	1020	1050	9
7297	カーメイト	0	0	0	0	0
7298	八千代工	405	406	403	403	37
7299	フジオーゼ	0	0	0	0	0
7301	宮田	155	157	155	157	16
7305	新家工	134	134	134	134	1
7306	丸石自転車	300	308	300	305	33
7308	ツノダ	0	0	0	0	0
7309	シマノ	2470	2580	2470	2550	115.3
7399	ナンシン	270	275	270	275	4
7404	昭和飛	320	325	320	320	56
7407	日本飛行機	295	295	286	289	52
7408	ジャムコ	494	498	490	498	29
7410	横浜鋼業	142	142	140	140	3
7411	成和産業	611	611	611	611	11
7412	アトム	1531	1531	1500	1500	5
7413	創健社	0	0	0	0	0
7414	小野建	0	0	0	0	0
7415	新星堂	340	355	340	355	5
7416	はるやま	780	780	780	780	1
7418	ヤマキ	0	0	0	0	0
7419	ノジマ	1600	1600	1550	1550	5
7420	佐鳥電機	1299	1300	1272	1272	15
7421	カッパクリエ	3300	3300	3300	3300	6
7422	東邦レマック	615	615	615	615	1
7423	フォンテーヌ	1560	1600	1520	1540	8.4
7424	ニコニコ堂	250	250	250	250	8
7425	初穂商事	340	340	340	340	2
7426	山大	165	165	165	165	2
7427	エコーＴＤ	1889	1900	1889	1900	2.1
7428	江戸沢	803	808	803	808	2
7429	セイジョー	1780	1850	1780	1800	18
7430	サンワドー	600	600	600	600	0.5
7431	ニューフ	280	290	280	290	2
7432	ダルトン	0	0	0	0	0
7433	伯東	3230	3240	3180	3180	42.9
7434	オータケ	1450	1450	1450	1450	1
7435	ナ・デックス	610	610	600	600	7
7437	シーアンドエス	4000	4010	3810	4000	84.1
7438	コンドー	440	440	436	440	24
7439	サンミック千代田	190	190	190	190	2
7440	クラフト	920	920	920	920	1
7442	中山福	355	360	355	360	6
7443	横浜魚類	340	340	340	340	1
7444	ハリマ共和	0	0	0	0	0
7445	ライトオン	8190	8190	8030	8030	6.6
7446	東北化学	0	0	0	0	0
7447	ナガイレーベ	3300	3300	3290	3290	0.5
7448	ジンズメイト	2400	2445	2400	2420	7.5
7449	太洋興業	173	173	173	173	7
7450	サンデー	0	0	0	0	0
7451	菱食	5200	5350	5150	5310	13.2
7452	マツヤ	855	855	855	855	4
7453	良品計画	13270	13450	12960	13450	63.4
7454	ホットスパー	0	0	0	0	0
7455	三城	6700	6850	6580	6580	21.4
7456	松田産業	2290	2290	2200	2200	5
7457	セキテクノ	660	660	634	634	7
7458	第一興商	1880	1880	1790	1870	25.5
7459	メディセオＨＤ	1135	1145	1112	1126	345.9
7460	ヤギ	480	480	480	480	2
7461	キムラ	0	0	0	0	0
7462	ダイヤ通商	0	0	0	0	0
7463	アドヴァン	1800	1815	1780	1785	60.8
7464	セフテック	340	350	340	350	8
7465	ＭＶ北海道	0	0	0	0	0
7466	ＳＰＫ	1080	1100	1080	1080	5.1
7467	萩原電気	1000	1000	1000	1000	3
7468	アムスク	1690	1690	1670	1670	2
7470	サロモンメイド	640	640	640	640	6
7471	ふじ	480	480	473	473	3
7472	鳥羽洋行	1240	1240	1150	1200	13
7473	静岡スバル	340	370	340	370	3
7474	パオ	0	0	0	0	0
7475	アルビス	450	450	450	450	5
7476	アズワン	1960	1960	1940	1960	12
7477	ムラキ	180	180	180	180	2
7478	ブルーグラス	702	708	700	708	11
7479	サンマルク	3850	3910	3800	3900	7.9
7480	スズデン	570	570	560	565	5
7481	尾家産	785	785	780	785	4
7482	シモジマ	1250	1250	1250	1250	3
7483	ドウシシャ	2220	2250	2200	2250	12
7485	岡谷鋼機	0	0	0	0	0
7486	サンリン	540	540	540	540	19
7487	小津産業	1180	1180	1150	1180	11.3
7488	ヤガミ	0	0	0	0	0
7490	日新商	380	380	380	380	1
7491	ＯＡシステム	1100	1130	1100	1100	4
7492	タイカン	411	460	411	455	10
7494	コナカ	817	817	790	807	4.7
7495	レオ	0	0	0	0	0
7496	八千代ムセン	1350	1400	1350	1400	3
7497	マインマート	820	820	795	820	14.7
7498	ジャパン	2800	2800	2800	2800	0.5
7500	西川計測	500	500	500	500	2
7501	ティムコ	1070	1070	1050	1050	2.8
7502	プラザクリエ	7400	7800	7400	7800	16.6
7503	ＩＭＩ	1700	1700	1690	1700	9
7504	高速	730	730	708	708	20
7505	扶桑電通	1010	1010	1009	1009	3
7506	ハウスローゼ	935	948	900	900	7.8
7507	浜 勝	1110	1110	1100	1100	2.5
7508	オートセブ	880	880	880	880	1
7509	アイエー	1000	1000	960	980	12
7510	竹菱電機	1115	1115	1115	1115	2
7511	ジプロ	0	0	0	0	0
7512	ポスフール	1361	1380	1361	1378	7
7513	コジマ	3840	3850	3720	3740	55.1
7514	ヒマラヤ	920	920	900	900	4
7515	マルヨシ	301	301	301	301	10
7516	コーナン	1430	1455	1410	1450	59.6
7517	黒田電気	4200	4230	4000	4090	32.2
7518	ネットワン	2430000	2520000	2430000	2450000	0.444
7519	五洋インテ	305	305	305	305	2
7520	エコス	1200	1200	1100	1100	10.7
7521	ムサシ	1070	1070	1070	1070	6
7522	ワタミ	7810	7850	7800	7830	25
7523	アールビバン	1940	1990	1930	1930	3.7
7524	マルシェ	1250	1250	1240	1240	1
7527	システムソフ	0	0	0	0	0
7528	安藤薬業公司	416	417	415	415	5
7529	はるやま	169	170	169	170	26
7530	ナブコドア	0	0	0	0	0
7531	清和鋼業	430	430	430	430	1
7532	ドンキホーテ	16000	16100	15590	16000	13.7
7535	グッドマン	3360	3360	3250	3300	2.6
7536	船橋薬品	0	0	0	0	0
7537	丸文	1850	1880	1818	1830	154
7538	大水	0	0	0	0	0
7539	アベルコ	0	0	0	0	0
7540	エルエスフェンス	0	0	0	0	0
7541	メガネトップ	3200	3240	3150	3200	38.3
7542	ビスケーＨＤ	890	910	890	900	9
7543	ミスタージョン	0	0	0	0	0
7544	スリーエフ	1500	1500	1490	1490	1.1
7545	西松屋チェ	2250	2300	2250	2300	5.1
7547	オートハローズ	0	0	0	0	0
7548	サンクスＪＰ	1250	1250	1250	1250	2
7549	エス・エス・ブイ	750	750	750	750	4
7550	ゼンショー	2200	2200	2110	2110	7
7551	ウェッズ	570	570	570	570	0.2
7552	ハピネット	2950	3030	2950	2990	9.6
7553	サザビー	6300	6300	6240	6240	16
7554	幸楽苑	0	0	0	0	0
7555	大田花き	0	0	0	0	0
7556	住商エレク	1730	1800	1700	1710	50
7557	サンクス	3930	3940	3750	3820	22.8
7558	トーメンエレ	4750	4750	4700	4700	17
7559	ジーエフシー	983	983	970	978	18
7560	ユニマット	1400	1400	1350	1353	11.5
7561	ハークスレイ	0	0	0	0	0
7562	安楽亭	907	907	905	905	2
7563	ニッパン	237	240	237	240	4
7564	ワークマン	1700	1700	1700	1700	8
7565	万世電機	560	565	560	565	2
7566	ジャパンケア	1490	1530	1480	1530	12
7567	栄電子	1190	1190	1100	1120	33
7568	クレックス	0	0	0	0	0
7569	モンテカルロ	300	300	300	300	2
7570	橋本総業	0	0	0	0	0
7571	ヤマノＨＣ	900	900	890	900	5
7573	ツルハ	4500	4500	4400	4410	10.4
7574	共信テクノ	1700	1700	1680	1680	2
7575	日本ライフＬ	1430	1440	1410	1420	9.6
7576	ベターライフ	0	0	0	0	0
7577	パスポート	0	0	0	0	0
7578	ニチリョク	900	900	900	900	2
7579	オリジン東	2790	2810	2760	2810	28
7580	フーズネット	0	0	0	0	0
7581	サイゼリヤ	7880	7880	7700	7800	41.8
7582	富デバイス	3000	3050	2970	2970	37
7583	通商	0	0	0	0	0
7584	丸紅インフォ	749	750	720	720	11
7585	かんなん	945	945	940	940	3
7586	寺島薬局	2000	2030	2000	2030	3.2
7587	ＰＡＬＴＥＫ	3850	3850	3800	3800	4.9
7588	シートゥーネット	21000	21000	20300	20420	1.7
7589	デジキューブ	2050000	2050000	1780000	1930000	0.038
7590	タカショー	850	850	805	815	63
7591	エクセル	2100	2100	2050	2050	44
7592	アイ・ユー・ケイ	0	0	0	0	0
7593	ＶＴＨＤ	0	0	0	0	0
7594	マルカキカイ	410	430	410	430	38
7595	アルゴグラフ	2880	2910	2800	2830	6.4
7596	魚力	5200	5200	5200	5200	1
7597	東京貴宝	570	570	570	570	1
7598	ナイスクラ	515	550	515	530	43
7599	ガリバー	4720	4720	4600	4700	9.4
7600	日本ＭＤＭ	3750	3750	3700	3700	1.5
7601	ポプラ	1640	1641	1590	1600	13.2
7602	ジャック	4100	4200	4060	4100	34
7603	マックハウス	700	710	700	701	3
7604	梅の花	0	0	0	0	0
7605	フジコーポ	300	300	300	300	2
7606	Ｕアローズ	3300	3300	3190	3190	8.2
7607	進和	1250	1250	1250	1250	2
7608	ＳＫジャパン	590	590	590	590	1
7609	ダイトエレク	4180	4180	4060	4060	15
7610	テイツー	2400000	2420000	2300000	2300000	0.061
7611	ハイデ日高	0	0	0	0	0
7612	コモンウェル	0	0	0	0	0
7613	シークス	2850	2850	2800	2850	7.8
7614	オーエムツー	0	0	0	0	0
7615	京都友禅	760000	760000	759000	759000	0.012
7616	コロワイド	2300	2380	2270	2270	6.5
7617	オオゼキ	7260	7260	7260	7260	0.6
7618	ＰＣＤＥＰＯ	1470000	1470000	1460000	1460000	0.006
7619	田中商事	370	375	365	375	5
7620	ヤマト硝子	740	750	740	750	6
7621	うかい	1200	1200	1150	1190	4
7622	焼肉サカイ	2410	2420	2350	2350	5
7623	サンオータス	0	0	0	0	0
7624	内藤	950	950	950	950	8
7625	ダイニング	6450	6450	6280	6280	1.7
7626	ドッドウエル	1950	1950	1950	1950	1
7627	なか卯	0	0	0	0	0
7628	オーハシテク	2470	2500	2470	2500	10
7629	ムラチク	0	0	0	0	0
7630	壱番屋	1460	1470	1460	1470	3
7631	マクニカ	15900	16000	15500	15500	8
7632	住商メタレックス	600	600	595	595	8
7633	明響社	920	940	920	940	4
7634	星医療	1700	1710	1700	1710	2
7635	杉田エース	465	465	465	465	2
7636	ハンズマン	0	0	0	0	0
7637	白 銅	1510	1510	1480	1500	5
7638	シーマ	0	0	0	0	0
7639	贔屓屋	1020	1020	1000	1010	20
7640	トップカル	2350	2370	2300	2300	7
7641	フォーユー	1120000	1120000	1100000	1100000	0.005
7642	ビジョン	1800	1800	1780	1780	5
7643	ダイイチ	500	510	500	510	6
7644	常盤薬品	800	800	800	800	1
7645	日本トイザ	16900	17200	16900	17100	20.5
7646	ＰＬＡＮＴ	2780	2830	2780	2800	25
7647	音通	230	230	215	220	5
7648	トーカン	1361	1361	1355	1355	3
7649	スギ薬局	10500	10500	10300	10300	4
7701	島津	540	545	538	541	527
7702	ＪＭＳ	490	490	480	480	37
7703	川澄化	1140	1144	1120	1120	10
7704	アロカ	1346	1346	1330	1330	18
7705	ジーエル	2150	2150	2150	2150	1
7706	セントラユニ	515	570	510	570	55
7711	助川電気	285	285	285	285	3
7713	シグマ光機	1550	1550	1470	1520	29
7714	モリテックス	9260	9260	8900	8980	32
7715	長野計器	2040	2040	2040	2040	2
7718	スター精	1750	1750	1719	1720	18
7719	東衡機	120	120	118	118	22
7720	ソキア	367	370	361	368	195
7721	トキメック	152	154	151	151	44
7723	愛時計	312	318	311	312	30
7724	金門	186	186	180	180	37
7726	黒田精	322	322	322	322	10
7727	オーバル	175	175	160	161	8
7728	電産トーソク	1150	1170	1150	1160	55
7729	東京精	13400	13590	13400	13510	82.4
7731	ニコン	3660	3670	3450	3570	915
7732	トプコン	452	454	441	451	35
7733	オリンパス	2070	2130	2025	2130	683
7734	理計器	460	464	460	464	52
7735	スクリン	987	988	950	963	420
7736	ユニオンＨＤ	125	125	118	120	50
7737	キャビン工業	0	0	0	0	0
7738	チノン	495	500	480	490	46
7739	キヤノン電	1130	1140	1112	1112	18
7740	タムロン	1220	1250	1180	1210	90
7741	ＨＯＹＡ	9900	9920	9610	9650	121
7743	シード	560	560	560	560	3
7744	ノーリツ鋼機	3450	3490	3430	3450	17.5
7750	ペンタックス	343	345	330	335	144
7751	キヤノン	5220	5290	5050	5150	2461
7752	リコー	2200	2210	2145	2180	1771
7753	ミノルタ	665	665	638	638	447
7756	電産コパル	1824	1838	1819	1838	29
7757	三協精	1052	1090	1050	1085	1162
7758	セコニック	460	460	450	452	12
7762	シチズン	1030	1030	1010	1019	551
7764	オリエント時計	220	225	200	200	96
7765	リコーエレメ	890	893	886	890	21
7768	ジェコー	0	0	0	0	0
7769	リズム	247	256	246	250	736
7770	ミヨタ	3300	3450	3300	3440	54
7771	日本精密	500	500	500	500	2
7856	萩原工業	910	920	910	910	17
7857	セキ	0	0	0	0	0
7858	小野産業	1530	1550	1530	1550	10
7859	アルメディオ	1610	1670	1610	1670	37
7860	エイベックス	12500	12500	11710	11710	44
7861	東京リスマ	1330	1360	1320	1350	23.5
7862	トッパンフォ	2460	2480	2450	2475	32.8
7864	フジシール	5870	5890	5850	5850	8.4
7865	ピープル	1270	1270	1270	1270	1
7866	アトラス	1570	1570	1510	1540	21.4
7867	トミー	3630	3760	3600	3710	45.6
7868	広済堂	1225	1225	1200	1220	6
7869	日本フォーム	0	0	0	0	0
7870	福島印刷	0	0	0	0	0
7871	フクビ	0	0	0	0	0
7872	エステール	0	0	0	0	0
7873	アーク	5800	6000	5760	6000	39
7874	スルガ	5480	5480	5440	5440	6
7875	竹田印刷	0	0	0	0	0
7876	三陽PAX	0	0	0	0	0
7877	永大化工	1280	1280	1120	1150	45
7878	光彩工芸	301	301	301	301	1
7879	ノダ	459	475	459	461	7.7
7880	南部化成	445	491	445	490	158
7881	ニッソー	105	105	105	105	7
7882	アロン化成	460	460	454	454	24
7883	サンメッセ	1460	1460	1460	1460	85
7884	本間ゴルフ	390	400	385	390	17.3
7885	タカノ	1600	1650	1510	1579	18.3
7886	ヤマト・イン	0	0	0	0	0
7887	南プラ	430	435	430	431	7
7888	三光合成	410	419	400	400	5
7889	桑山	635	635	630	630	2.9
7890	アテナ工業	861	861	855	855	1.5
7891	日本ユピカ	312	312	312	312	1
7892	宇部日東化成	389	390	372	372	41
7893	亜細亜	1430	1430	1400	1400	8
7895	中央化学	1450	1470	1450	1450	2
7896	セブン工業	405	405	380	380	3
7897	ホクシン	178	178	170	172	17.7
7898	ウッドワン	914	914	899	910	50
7899	オザキ軽化	450	480	450	480	19
7900	大出産業	0	0	0	0	0
7901	マツモト	0	0	0	0	0
7902	ソノコム	0	0	0	0	0
7903	名木材	0	0	0	0	0
7904	天竜木	50	54	50	54	13
7905	大建工	311	318	311	314	187
7906	ヨネックス	455	456	455	455	16
7907	日防腐	0	0	0	0	0
7908	きもと	0	0	0	0	0
7909	シーアイ化	409	445	409	420	146
7910	段谷産業	123	124	121	123	120
7911	凸版	1215	1215	1181	1192	914
7912	大日印	1899	1899	1845	1890	544
7913	図書印	250	252	245	249	11
7914	共同印	414	414	405	409	93
7915	日写印	695	695	688	693	28
7916	光村印	510	519	483	483	60
7917	藤森工業	852	860	830	840	11
7918	ヴィアＨＤ	430	430	430	430	2
7919	野崎紙	300	300	300	300	4
7920	三浦印	430	440	410	410	15
7921	宝印刷	1799	1799	1760	1760	15
7922	三光産業	0	0	0	0	0
7923	トーイン	0	0	0	0	0
7925	前沢化成	1240	1249	1240	1247	14.2
7926	ベルテクノ	0	0	0	0	0
7927	ムトー精工	1680	1680	1650	1660	9
7928	旭化学	0	0	0	0	0
7929	新輝合成	0	0	0	0	0
7931	未来工業	1400	1600	1400	1500	14
7932	ニッピ	0	0	0	0	0
7933	ファイリング	0	0	0	0	0
7934	メルクス	105	105	104	104	12
7935	コンビ	980	999	900	900	56
7936	アシックス	135	135	130	130	186
7937	ツツミ	2500	2525	2495	2495	5.5
7938	リーガル	177	177	176	176	4
7939	研創	0	0	0	0	0
7940	ウェーブＨＤ	270	270	270	270	2
7942	ＪＳＰ	725	738	720	738	37
7943	ニチハ	880	884	873	874	10.4
7944	ローランド	2080	2110	2080	2110	9.4
7945	コマニー	599	599	599	599	4
7946	光陽社	328	328	328	328	1
7947	エフピコ	4950	4950	4860	4860	1.5
7948	ＡＷ・エモト	175	175	175	175	2
7949	小松ウオール	990	990	980	980	8
7950	日デコラ	500	500	500	500	1
7951	ヤマハ	1122	1122	1080	1092	289
7952	河合楽	194	194	191	192	81
7953	菊水化	479	479	479	479	1
7954	ジャレコ	417	430	411	411	33
7955	クリナップ	549	550	541	541	28
7956	ピジョン	1167	1174	1156	1156	31.6
7957	フジコピアン	246	250	246	250	7
7958	天馬	1299	1300	1263	1300	62
7959	オリバー	1050	1050	1050	1050	10
7960	パラマウント	6700	6720	6480	6660	105
7961	兼松日産農	192	197	190	197	14
7962	キングジム	671	688	670	670	13
7963	興研	465	480	465	480	8
7964	セガ	1630	1639	1605	1612	296.8
7965	象印	625	625	620	620	15
7966	リンテック	1190	1190	1160	1160	110
7967	バンダイ	3980	3980	3900	3930	9
7968	田崎真珠	496	499	495	499	8
7969	タカラ	510	530	510	515	26
7970	信越ポリ	850	850	810	820	68
7971	東リ	230	230	226	226	28
7972	イトーキ	639	639	602	625	335
7973	ホウトク	0	0	0	0	0
7974	任天堂	18700	18850	18500	18600	282.7
7975	リヒトラブ	243	245	243	245	15
7976	菱鉛筆	931	931	915	916	21
7977	フランスベッド	450	450	440	443	65
7979	松風	820	820	820	820	3
7980	重松製	260	260	260	260	1
7981	タカラスタ	465	473	462	473	294
7983	ミロク	184	184	184	184	2
7984	コクヨ	1825	1848	1825	1830	287
7985	ネポン	245	245	245	245	1
7986	キング工	165	168	165	165	11
7987	ナカバヤシ	370	370	366	367	30
7988	ニフコ	1305	1322	1284	1307	104
7989	ブラインド	713	713	707	710	8.8
7990	ダイワ精	158	158	156	156	28
7991	マミヤＯＰ	325	328	316	319	17
7992	セーラー	1910	1910	1820	1878	70
7993	サンウエブ	219	224	219	224	28
7994	岡村製	413	430	411	416	398
7995	バルカー	188	208	188	208	527
7996	パイロット	431	435	431	435	4
7997	くろ工	268	268	260	260	10
7998	高島屋工作	0	0	0	0	0
7999	武藤工	415	415	402	410	60
8000	カイゲン	541	550	541	550	2
8001	伊藤忠	537	540	532	538	2212
8002	丸紅	390	390	376	382	3014
8003	トーメン	63	64	62	63	1078
8004	ニチメン	110	110	108	108	397
8005	ムトウ	849	856	840	856	58
8006	ユアサフナ	205	205	195	195	32
8007	高島	163	166	158	165	64
8008	アスティ	0	0	0	0	0
8010	新興産業	140	143	140	143	10
8011	三陽商	335	335	330	335	90
8012	長瀬産	631	635	610	612	188
8013	ナイガイ	135	145	134	144	1853
8014	蝶理	129	150	129	150	442
8015	豊田通商	473	488	467	477	2768
8016	オンワード	1463	1463	1422	1423	121
8017	阪急共栄物産	200	200	200	200	3
8018	三共興	327	327	319	319	23
8019	市田	87	87	85	86	166
8020	兼松	110	110	106	107	196
8021	レナウン	175	175	167	171	2512
8022	ミズノ	379	381	372	374	223
8023	大興電子	501	501	501	501	4
8024	シルバーＯＸ	575	575	565	565	20
8025	ツカモトＣ	182	182	180	180	15
8027	ルシアン	133	135	131	131	25
8028	ファミリーＭ	4020	4100	4020	4040	214.4
8029	ルック	230	233	229	229	102
8030	中央魚	210	215	210	215	22
8031	三井物	806	806	797	802	2151
8032	紙パ商	365	379	365	378	183
8033	ジーネット	76	77	75	75	47
8035	東エレク	14490	14500	13550	14300	549
8036	日立ハイテク	1620	1620	1595	1599	24
8037	カメイ	542	550	540	550	99
8038	東都水	661	681	628	649	1956
8039	築地魚	184	184	183	183	13
8040	東ソワール	224	224	221	222	14
8041	魚市場	356	356	350	350	4
8042	マタイ	239	239	231	231	44
8043	スターゼン	259	260	256	257	94
8044	大都魚	155	155	152	153	11
8045	浜丸魚	0	0	0	0	0
8046	丸藤パ	160	160	157	159	13
8047	デジ・ネット	1050	1050	1050	1050	4
8048	シャディ	2970	2970	2895	2895	15.7
8049	ＥＩＥ	421	421	411	413	18
8050	セイコー	666	671	639	640	1189
8051	山善	219	219	215	216	53
8052	椿本興	204	207	202	202	32
8053	住友商	1132	1149	1106	1140	1424
8056	ユニシス	2105	2120	2025	2025	106
8057	内田洋	729	730	716	716	128
8058	三菱商	964	967	955	965	1747
8059	第一実	225	230	225	228	122
8060	キヤノン販	2005	2005	1952	1952	275
8061	西華産	179	180	178	179	239
8063	日商岩井	125	126	120	121	2369
8064	金商	148	150	147	150	183
8065	佐藤商	400	400	400	400	1
8066	三谷商	0	0	0	0	0
8067	トミヤアパ	351	355	351	351	5
8068	菱洋エレク	2130	2130	2065	2100	70
8070	東京産	380	382	372	373	33
8071	東海物産	0	0	0	0	0
8072	出版貿	330	330	330	330	1
8073	Ｔ・ＺＯＮＥ	390	391	390	391	4
8074	ユアサ商	172	175	168	175	296
8075	神鋼商	190	191	182	184	73
8076	カノークス	125	125	125	125	1
8077	小林産	220	220	220	220	2
8078	阪和興	141	141	135	137	700
8079	正栄食	479	479	479	479	1
8080	ジョイス	1010	1010	1010	1010	5
8081	カナデン	571	571	552	560	23
8083	サンテレ	334	334	324	328	11
8084	菱電商	432	432	421	427	73
8085	ナラサキ産業	180	185	178	185	4
8086	ニプロ	930	932	926	930	65
8087	フルサト	389	390	388	388	5.5
8088	岩谷産	202	203	200	200	249
8089	ナイス	323	326	318	320	568
8090	昭光通商	173	178	173	174	119
8091	ニチモウ	151	151	145	151	56
8092	富士通シス	3430	3440	3350	3380	40.3
8093	極東貿易	808	808	790	800	37
8095	イワキ	240	245	240	240	9
8096	兼松エレク	557	561	550	560	59
8097	三愛石	308	315	304	306	38
8098	稲畑産	853	853	820	838	295
8100	藤井	83	84	78	78	16
8101	ＧＳＩクレ	155	157	152	157	145
8103	明和産	148	148	140	140	17
8105	丸正	142	142	140	140	6
8107	キムラタン	83	85	83	85	22
8109	山洋工	0	0	0	0	0
8110	川鉄商事	143	143	136	136	64
8111	ゴルドウイン	172	172	169	171	23
8112	東スタイル	1164	1248	1164	1243	1729
8113	ユニチャーム	6390	6450	6230	6450	59.8
8114	デサント	214	217	210	211	60
8115	ムーンバット	122	122	120	120	47
8116	ダーバン	345	348	333	333	438
8117	中央自	280	280	273	273	11
8118	キング	192	192	187	190	23
8119	三栄コ	650	660	636	636	31
8120	大木	277	279	277	279	2
8123	川辺	0	0	0	0	0
8125	ワキタ	329	330	321	321	11
8126	三光純薬	540	540	522	530	13
8127	ヤマトインタ	150	150	145	145	4
8128	エフワン	66	66	65	65	12
8129	東邦薬	432	432	431	432	9
8130	サンゲツ	1770	1789	1760	1787	23
8131	ミツウロコ	0	0	0	0	0
8132	シナネン	479	480	462	467	42
8133	伊藤忠エネ	405	405	390	396	164
8134	ＴＯＫＡＩ	1200	1227	1198	1206	73
8135	ゼット	129	129	129	129	8
8136	サンリオ	3070	3070	2985	2985	81
8137	サンワテク	790	800	790	800	2
8138	三京化	265	268	261	268	60
8139	ナガホリ	268	270	265	265	7
8140	リョーサン	2400	2400	2340	2340	55
8141	新光商	1000	1000	980	981	33
8142	トーホー	884	884	861	884	10
8143	ラピーヌ	109	115	107	115	77
8144	電響社	450	460	448	459	40
8145	中部水産	344	344	344	344	3
8146	小杉産	155	155	150	150	20
8147	トミタ	268	270	262	262	4
8148	上原成	321	330	321	330	6
8150	三信電	904	904	885	895	56
8151	東陽テク	3650	3650	3360	3510	61
8152	ソマール	274	285	274	285	14
8153	モスフード	1175	1180	1175	1179	37
8154	加賀電子	1564	1567	1530	1549	36
8155	三益半導	1870	1898	1860	1860	15.6
8156	ガステック	520	520	519	520	12
8157	都築電	650	650	640	640	20
8158	ソーダニッカ	212	212	210	210	4
8159	立花エレ	668	668	667	667	3
8160	木曽路	1229	1230	1200	1230	6
8161	エイデン	930	949	930	934	11
8163	サトＲＳ	731	731	720	720	4
8164	キャビン	159	161	156	156	119
8165	千趣会	1080	1080	1047	1060	31
8166	タカキュー	169	169	166	169	9.5
8167	丸久	185	185	185	185	6
8168	ケーヨー	610	648	610	647	258.2
8169	宝船	225	225	225	225	4
8170	アデランス	4490	4520	4420	4510	90.5
8171	ＭＶ中部	0	0	0	0	0
8172	第一家庭電器	68	68	67	67	110
8173	上新電	349	349	341	341	11
8174	日ガス	600	600	598	599	5
8175	ベスト電	765	766	755	755	37
8176	西洋フードシス	405	405	395	399	64
8178	マルエツ	367	368	363	366	38
8179	ロイヤルＨＤ	1085	1098	1085	1095	32
8180	すかいらく	4200	4210	4140	4150	166
8181	東天紅	491	491	482	485	37
8182	いなげや	750	750	750	750	2
8183	セブン−イレブン	8720	8800	8310	8450	307
8184	島忠	2245	2245	2150	2165	134.7
8185	チヨダ	593	595	593	595	1.8
8186	大塚家具	9100	9200	8950	9000	23
8188	ヨークベニ	2900	2900	2830	2860	28
8189	マツヤデンキ	362	368	350	350	49
8190	ヤマナカ	0	0	0	0	0
8191	光製作	650	650	650	650	2
8192	中川無線	160	162	143	150	436
8193	鈴丹	213	213	203	206	148
8194	ライフコーポ	657	657	647	647	3
8195	デニーズジャパン	2170	2175	2170	2175	5
8196	カスミ	458	460	452	459	18
8197	東急ストア	366	367	365	365	12
8199	デオデオ	1025	1034	985	988	185.6
8200	リンガハット	1155	1170	1155	1170	5
8201	さが美	338	350	338	350	56
8202	ラオックス	650	650	631	635	29
8203	ＭｒＭａｘ	445	445	420	425	66.9
8204	ジョナサン	1420	1430	1410	1430	4
8205	シャクリー	900	900	900	900	2
8206	アポロイン	120	120	120	120	8
8207	テンアライド	448	448	436	442	2
8208	エンチョー	540	545	540	545	10
8209	フレンドリ	0	0	0	0	0
8210	フットワーク	258	258	257	257	10
8211	相鉄ローゼ	540	540	535	535	4
8212	オーク	181	181	180	181	9
8213	トステムビバ	394	394	375	383	32
8214	アオキインタ	425	438	425	430	56.3
8215	銀座山形屋	258	268	255	255	10
8216	フォルクス	595	595	595	595	2
8217	オークワ	800	800	795	795	13
8218	コメリ	2950	2965	2890	2900	110.6
8219	青山商	1585	1610	1581	1610	166.8
8225	タカチホ	168	168	168	168	2
8226	理経	512	512	500	500	22
8227	しまむら	11670	11760	11530	11630	34.4
8228	マルイチ	0	0	0	0	0
8229	ＣＦＳコーポ	1000	1020	1000	1020	14
8230	はせがわ	730	730	720	730	12
8231	三越	459	459	450	455	462
8232	東急百貨店	102	102	99	101	270
8233	高島屋	964	964	957	960	310
8234	大丸	344	347	340	344	234
8235	松坂屋	290	292	288	290	104
8236	丸善	190	215	190	215	2241
8237	松屋	419	420	417	420	5
8238	伊勢丹	1213	1250	1200	1249	538
8239	横浜松坂屋	94	94	94	94	1
8240	サッポロライオン	628	628	628	628	1
8241	阪神百貨店	450	450	425	425	3
8242	阪急百	617	620	611	611	98
8243	そごう	65	89	63	83	3992
8244	近鉄百貨店	130	130	130	130	4
8245	丸栄	289	289	289	289	3
8247	大和	230	230	230	230	1
8248	ニッセン	415	415	405	414	46.1
8249	東洋物	660	660	660	660	1
8250	小松ストアー	0	0	0	0	0
8251	パルコ	390	420	390	420	432
8252	丸井	2090	2115	2065	2115	380
8253	クレセゾン	2615	2710	2610	2695	943.1
8254	さいか屋	0	0	0	0	0
8255	原信	860	860	860	860	1
8256	プロルート	255	255	255	255	7
8257	山陽百	2500	2500	2500	2500	0.1
8258	ＯＭＣカード	451	463	447	461	248
8259	十字屋	75	75	72	74	138
8260	井筒屋	215	216	210	211	775
8261	ｼ鉄百貨店	288	288	287	288	3
8263	ダイエー	408	410	399	400	1375
8264	イトーヨーカ堂	6950	7040	6800	6950	795
8265	壽屋	152	152	151	151	9
8266	イズミヤ	870	885	870	885	146
8267	イオン	2180	2225	2175	2220	980
8268	西友	440	440	412	413	574
8269	マイカル	381	381	370	370	540
8270	ユニー	1548	1548	1506	1517	43
8273	イズミ	1269	1289	1256	1261	91
8274	東武ストア	209	209	203	203	10
8275	フォーバル	2400	2450	2350	2350	7.2
8276	平和堂	836	840	836	840	60
8278	フジ	1955	1955	1915	1915	0.3
8279	ヤオコー	1416	1416	1400	1415	2.4
8280	富士冷機	449	449	440	442	9
8281	ゼビオ	2580	2580	2430	2445	98.3
8282	ギガスケーズ	2860	2860	2750	2800	26.9
8283	パルタック	593	593	575	589	19
8285	三谷産業	0	0	0	0	0
8287	ＭＶ西日本	0	0	0	0	0
8289	オリンピック	2410	2410	2260	2260	6.9
8290	デンコードー	831	831	801	801	2
8291	東日カーライフ	216	219	207	219	57
8292	東いすず	366	366	366	366	1
8293	愛トヨ	890	950	890	950	5
8295	キャノンシステム	802	810	802	810	8
8298	ファミリー	280	280	280	280	2
8299	大栄太源	0	0	0	0	0
8301	日銀	80000	80000	80000	80000	0.1
8302	興業銀行	775	778	760	776	3005
8311	第一勧銀	770	770	759	767	2469
8314	さくら銀行	680	684	665	674	5963
8315	東京三菱銀	1200	1200	1175	1175	3641
8317	富士銀行	787	787	766	778	3024
8318	三井住友銀行	1210	1210	1180	1189	2656
8319	大和銀行	276	276	271	272	750
8320	三和銀行	885	885	871	875	3203
8321	東海銀行	515	518	506	508	1744
8322	あさひ銀行	430	430	417	417	2295
8324	第四銀	384	384	382	382	50
8325	北越銀	306	306	298	305	38
8326	福岡銀	682	682	661	669	526
8327	西日本シティ銀	440	444	433	435	147
8331	千葉銀	441	444	438	440	436
8332	横浜銀	490	500	488	500	1783
8333	常陽銀	409	420	404	413	609
8334	群馬銀	540	541	530	535	188
8335	足利銀行	216	216	212	213	161
8336	武蔵銀	4180	4210	4180	4200	0.9
8337	千葉興	1250	1250	1225	1225	1.7
8338	関東つくば銀	1412	1421	1412	1421	0.5
8339	都民銀	3400	3410	3300	3360	20.9
8341	七十七	868	868	841	852	467
8342	青森銀	494	495	480	482	36
8343	秋田銀	413	420	409	420	172
8344	山形銀	578	580	570	570	12
8345	岩手銀	4030	4040	4000	4000	6
8346	東邦銀	416	417	412	413	22
8349	東北銀	215	215	207	207	9
8350	みちのく銀	697	697	696	696	4
8353	北海道銀行	145	147	145	146	133
8355	静岡銀	894	900	882	900	849
8356	十六銀	475	475	464	464	13
8357	北陸銀行	248	250	247	247	150
8358	スルガ銀	1800	1815	1760	1815	160
8359	八十二	620	620	613	615	101
8360	山梨銀	372	372	356	360	40
8361	大垣共立	580	580	567	567	18
8362	福井銀	298	300	296	299	106
8363	北国銀	465	465	452	452	33
8364	清水銀	4430	4480	4430	4450	1.1
8365	富山銀	480	480	475	475	3
8366	滋賀銀	493	493	487	487	13
8367	南都銀	586	586	579	579	24
8368	百五銀	459	460	452	452	9
8369	京都銀	542	542	531	538	83
8370	紀陽銀	288	288	282	282	79
8371	近畿大阪銀	220	220	220	220	1
8372	泉州銀	0	0	0	0	0
8374	三重銀	510	510	510	510	18
8375	池田銀	5490	5580	5490	5490	2.3
8379	広島銀	393	393	382	387	89
8380	山口銀	725	725	715	717	24
8381	山陰合銀	642	645	639	640	42
8382	中国銀	964	969	962	965	29
8383	鳥取銀	380	380	380	380	16
8385	伊予銀	652	661	652	660	21
8386	百十四	640	640	636	640	30
8387	四国銀	640	640	626	635	52
8388	阿波銀	510	511	505	507	15
8390	鹿児銀	407	411	404	404	80
8391	親和銀行	335	340	330	330	18
8392	大分銀	500	503	500	503	6
8393	宮崎銀	370	370	360	366	19
8394	肥後銀	417	429	410	410	49
8395	佐賀銀	400	400	400	400	25
8396	十八銀	410	410	400	400	28
8397	沖縄銀	2470	2470	2435	2435	0.3
8399	琉球銀	1579	1589	1578	1589	3.6
8402	三菱信託	793	794	778	794	787
8403	住友信	760	760	725	725	706
8404	みずほ信託銀	133	134	132	133	1314
8405	日本信託	145	146	143	143	143
8407	東洋信託	377	377	365	365	323
8408	中央三井信	442	443	435	435	438
8489	アプレック	0	0	0	0	0
8493	インター	1900	1901	1900	1900	4.4
8507	学研クレジット	714	714	700	700	3
8508	イッコー	748	748	748	748	1
8511	日証金	630	633	625	633	284
8512	大証金	303	304	302	302	14
8513	中証金	0	0	0	0	0
8515	アイフル	8910	9090	8910	9090	36.9
8518	アジア投資	747	755	740	747	402
8519	ポケットＣ	3600	3790	3540	3790	23.2
8520	殖産銀行	395	395	395	395	6
8521	長野銀	483	483	483	483	2
8522	名古屋銀	649	649	645	649	32
8524	北洋銀行	634	640	633	634	35
8527	愛知銀	7250	7300	7250	7250	0.7
8528	岐阜銀	210	210	210	210	14
8529	第三銀	463	463	460	460	53
8530	中京銀	449	449	445	447	12
8533	広島総合銀行	455	458	454	457	21
8536	東日銀	635	635	634	635	21
8537	大光銀	300	300	300	300	3
8539	福岡シティ銀	500	500	491	500	35
8541	愛媛銀	465	465	460	460	9
8542	トマト銀	0	0	0	0	0
8543	みなと銀	235	240	235	235	61
8544	京葉銀	305	307	301	302	142
8545	関西アーバン	153	153	150	152	33
8548	九州銀行	316	318	313	313	35
8549	せとうち銀行	365	394	354	369	33
8550	栃木銀	639	644	639	644	4
8551	北日銀	5800	5800	5710	5760	0.6
8552	びわこ銀	0	0	0	0	0
8556	香川銀	559	560	545	545	7
8558	東和銀	440	440	430	437	14
8561	徳島銀	748	750	747	750	31
8562	福島銀	320	330	320	330	8
8563	大東銀	328	330	328	329	17
8564	武富士	12430	12430	12010	12390	111.4
8565	三洋クレ	5090	5100	4900	5090	9.9
8566	リコーリース	2705	2720	2690	2700	43
8567	クレディア	2030	2050	2015	2020	7.5
8568	シンキ	2300	2310	2280	2300	18.7
8569	ユニココーポ	1050	1050	1050	1050	0.5
8570	イオンクレ	6250	6450	6250	6400	169.7
8571	ニッシン	5600	5750	5510	5530	6
8572	アコム	8390	8500	8250	8400	160
8573	三洋信販	3600	3640	3560	3580	15.5
8574	プロミス	8140	8230	8110	8210	158.6
8577	ロプロ	1690	1690	1670	1680	69.1
8579	東京リース	605	605	605	605	5
8580	ファーストクレジット	360	360	341	344	289
8582	日貿信	2	3	2	2	2105
8583	日信販	255	255	250	255	488
8584	ジャックス	370	370	366	369	99
8585	オリコ	535	548	527	540	768
8586	日立キャピ	2855	2875	2830	2830	183.4
8587	ライフ	10	11	9	10	4323
8588	セントラル	329	329	321	327	19
8589	アプラス	140	140	137	140	72
8591	オリックス	16300	16600	16150	16360	174.3
8592	住商リース	1675	1675	1640	1645	83
8593	ダイヤリース	1390	1401	1390	1400	15
8595	ジャフコ	16600	16900	15500	15700	134
8597	ＳＦＣＧ	22000	22000	21110	21500	20.26
8599	ＵＦＪセント	0	0	0	0	0
8601	大和証Ｇ	1480	1488	1468	1468	4402
8603	日興コーデ	1015	1029	1015	1020	6885
8604	野村ＨＤ	2625	2655	2600	2630	3138
8606	新光	477	481	473	478	552
8607	みずほイン証	247	247	240	242	252
8609	岡三ＨＤ	840	851	840	846	107
8610	さくらフレンド	326	331	325	330	139
8611	コスモ証	261	262	253	259	150
8613	丸三	728	728	720	722	51
8614	東洋	402	405	400	405	30
8615	三菱証	1434	1449	1422	1426	310
8616	東海東京	403	410	393	410	125
8617	光世	301	304	291	292	150
8620	東海丸万	690	699	680	699	73
8621	ＵＦＪつばさ証券	573	577	568	575	111
8622	水戸	437	437	420	420	60
8623	ＳＭＢＣ証	355	355	340	340	33
8624	いちよし証	930	930	914	914	151
8625	高木	370	370	365	370	16
8691	証券代	0	0	0	0	0
8692	だいこう	541	541	535	535	5
8742	小林洋行	1460	1470	1400	1400	19
8743	ひまわり証	232	232	232	232	2
8744	日本ユニコム	860	910	860	910	11
8745	グローバリー	1720	1740	1720	1720	7
8746	第一商品	350	350	325	325	11
8747	豊商事	450	450	450	450	2
8748	岡藤商事	426	426	425	425	3
8749	エース交易	320	320	305	310	19
8751	東京海上火災	1239	1280	1237	1280	1208
8752	三井住友海上	520	535	520	531	1165
8753	住友海上火災	644	658	638	649	1134
8754	日本興亜	335	339	335	337	421
8755	損害保険Ｊ	580	581	568	577	677
8756	日産火災海上	320	322	317	318	172
8757	日新火	248	248	240	245	89
8758	千代田火災	358	358	350	350	128
8759	ニッセイ同和	275	275	273	275	392
8760	日動火災海上	600	600	588	594	193
8761	あいおい損保	387	394	382	382	224
8762	興亜火災	346	347	338	342	59
8763	富士火	236	240	228	235	1049
8764	太陽火災	0	0	0	0	0
8765	大成火災海上	222	223	222	222	13
8801	三井不	1278	1309	1266	1290	6845
8802	菱地所	1270	1319	1270	1318	4136
8803	平和不	310	329	310	329	1559
8804	東建物	253	266	251	266	4294
8805	中央地	133	144	132	143	310
8806	ダイビル	900	920	889	908	111
8809	サンケビル	444	452	425	440	40
8810	港振興	0	0	0	0	0
8815	東急不	169	179	168	172	6491
8817	阪急不動産	417	429	417	423	60
8818	京阪神不	385	386	375	375	41
8821	立飛企	2595	2595	2550	2550	2
8829	大和団地	274	278	267	272	169
8830	住友不	545	549	525	541	5090
8832	小田急不	225	230	221	225	23
8833	東宝不	416	416	403	405	110
8834	藤和不	72	73	71	72	409
8835	太平発	144	153	143	146	335
8836	ヒューネット	703	703	660	677	767
8838	有楽地	230	232	225	231	243
8839	ニチモ	115	118	114	118	178
8840	大京	289	296	285	294	2079
8841	テーオーシー	830	870	830	856	319
8842	楽天地	404	409	400	407	22
8844	リクコスモス	526	600	526	597	108
8845	セザール	327	333	322	323	409
8846	積和不動産	449	450	447	450	21
8848	レオパレス	385	385	370	374	106
8850	スターツ	820	820	805	810	4
8851	アバンライフ	0	0	0	0	0
8852	積和不動関西	399	404	399	400	56
8853	ダイヤシティ	370	380	370	380	12
8854	日住	278	278	274	274	8
8855	全日空ビル	143	145	135	135	8
8857	三井不動販売	680	683	650	674	151
8858	ダイア建	294	299	286	286	21
8860	フジ住	580	580	560	564	135
8863	積和不動中部	540	550	540	550	4
8864	空港施設	465	475	465	475	61
8865	神鋼興産	0	0	0	0	0
8866	コマーシャル	0	0	0	0	0
8867	横浜地下街	280	280	280	280	5
8868	ＵＲＢＡＮ	2140	2190	2140	2170	11
8869	明和地所	3400	3400	3200	3250	71.9
8870	住不販売	3950	3970	3900	3920	19.2
8871	ゴールドクレ	11290	11600	10830	11440	12
8872	エイブル	1600	1600	1540	1540	38
8873	積和不動中国	460	461	460	460	3
8874	ジョイント	3680	3900	3660	3730	20
8875	東栄住宅	1900	1980	1810	1870	42.7
8876	リロＨＤ	5600	5600	5000	5500	75
8877	エスリード	1420	1420	1400	1405	6
8878	日綜地所	1750	1840	1710	1830	117
8879	東急リバブル	720	720	701	720	18
8880	飯田産業	1670	1700	1650	1680	14
8881	日神不動産	1840	1900	1791	1890	140.6
9001	東武	311	312	305	312	501
9002	西武鉄道	1510	1517	1500	1500	35
9003	相鉄	295	295	289	290	73
9004	箱根登山鉄道	293	293	293	293	2
9005	東急	570	609	570	605	8624
9006	京急	403	405	403	404	243
9007	小田急	380	380	377	380	382
9008	京王	420	420	418	420	289
9009	京成	296	296	290	291	534
9010	富士急	352	352	350	350	14
9012	秩父鉄	152	152	152	152	3
9013	伊豆箱根鉄道	13800	13800	13800	13800	0.1
9014	新京成	290	291	290	290	4
9017	新潟交	0	0	0	0	0
9019	伊豆急行	0	0	0	0	0
9020	ＪＲ東日本	645000	650000	643000	649000	2.924
9021	ＪＲ西日本	451000	460000	449000	458000	1.533
9022	ＪＲ東海	605000	622000	600000	615000	0.766
9031	西鉄	285	285	284	284	180
9033	広電鉄	0	0	0	0	0
9036	東部ネット	596	600	596	600	3
9037	ハマキョウ	1680	1680	1680	1680	4
9038	東海西濃	0	0	0	0	0
9039	サカイ引越	2270	2270	2260	2260	0.7
9040	大宝運輸	330	330	330	330	4
9041	近鉄	457	460	454	460	661
9042	阪急ＨＤ	361	363	361	361	320
9043	阪神	300	300	299	299	131
9044	南海電	427	428	425	425	28
9045	京阪電	344	345	343	345	71
9046	神電鉄	435	435	435	435	9
9047	名糖運輸	1251	1251	1251	1251	1
9048	名鉄	306	309	306	306	230
9049	京福電	0	0	0	0	0
9050	三重交	0	0	0	0	0
9051	センコン物流	0	0	0	0	0
9052	山陽電	286	286	285	285	6
9053	中央運輸	0	0	0	0	0
9054	大和物流	600	610	600	600	8
9055	アルプス物流	840	840	831	831	2
9056	ヒューテック	1360	1400	1360	1390	6
9057	遠州トラック	800	800	800	800	2
9058	トランコム	570	570	570	570	1
9059	カンダ	300	300	300	300	4
9060	日ロジテム	465	469	455	455	5
9061	富士物流	202	202	198	198	9
9062	日通	690	694	680	685	2095
9063	岡県運送	0	0	0	0	0
9064	ヤマト運	2745	2760	2715	2725	720
9065	山九	101	114	101	114	1838
9066	日新	191	210	187	210	923
9067	丸運	243	243	243	243	3
9068	丸全運	223	234	222	234	225
9069	センコー	245	255	241	255	244
9070	トナミ	232	245	232	240	354
9072	日梱包	717	717	709	710	49
9073	京極運	0	0	0	0	0
9074	日石輸	213	217	213	213	27
9075	福山運	670	670	660	666	65
9076	西濃運	567	572	564	570	445
9077	名鉄運	330	330	330	330	8
9078	エスライン	0	0	0	0	0
9079	東急ロジ	365	365	365	365	1
9080	関東西濃	0	0	0	0	0
9081	神奈交	468	468	467	467	3
9082	大和自	0	0	0	0	0
9083	神姫バ	0	0	0	0	0
9086	日立物流	615	620	600	600	79
9087	タカセ	275	294	275	285	33
9088	濃飛西濃	940	940	920	920	7
9089	ロジパル	0	0	0	0	0
9101	郵船	524	548	521	541	7172
9104	商船三井	243	253	243	252	5279
9107	川崎汽	220	229	220	229	2687
9110	新和海	89	91	88	90	221
9113	乾汽船	82	82	79	80	13
9114	日之出汽船	58	60	58	58	61
9115	明治海	194	194	188	188	2
9119	飯野海	171	174	171	174	258
9123	太平海	60	61	58	61	139
9127	玉井船	47	47	46	46	16
9130	共栄タ	122	123	121	123	19
9132	第一汽	68	68	66	66	287
9133	東栄リーファ	0	0	0	0	0
9151	東京船舶	90	90	90	90	4
9152	関西汽	64	64	63	63	58
9171	栗林船	0	0	0	0	0
9173	東海汽	350	350	350	350	1
9174	ワンダーＴ	450	460	450	450	41
9176	佐渡汽	0	0	0	0	0
9178	日鉄物流	0	0	0	0	0
9179	川崎近海	205	210	203	203	15
9180	新和内航	0	0	0	0	0
9193	東京汽	385	385	385	385	2
9201	日本航空	450	465	448	465	7839
9202	ＡＮＡ	324	329	322	326	2987
9203	日本エアシス	3800	3810	3750	3750	1.4
9204	スカイマーク	235000	235000	234000	235000	0.057
9231	国際航	696	710	695	699	53
9232	パスコ	604	614	604	604	19
9233	アジア航	418	425	414	425	34
9301	三菱倉	937	960	937	957	184
9302	三井倉	233	239	231	236	508
9303	住友倉	333	339	330	330	756
9304	渋沢倉	275	283	275	283	259
9305	ヤマタネ	144	144	134	142	38
9306	東陽倉	216	216	215	215	6
9307	杉村倉	0	0	0	0	0
9308	イヌイ建	433	440	433	439	9
9309	京神倉庫	0	0	0	0	0
9310	トランシティ	215	217	210	216	70
9311	アサガミ	0	0	0	0	0
9312	ケイヒン	154	155	153	154	62
9313	丸八倉	175	175	175	175	2
9314	品川倉	0	0	0	0	0
9317	オーナミ	149	149	149	149	3
9318	Ｊブリッジ	270	270	270	270	4
9319	中央倉	595	601	595	601	25
9320	三和倉	0	0	0	0	0
9321	アイロジステ	180	180	180	180	15
9322	川西倉	0	0	0	0	0
9323	ロジステック	415	415	415	415	1
9324	安田倉	420	420	400	401	14
9351	洋埠頭	155	159	154	158	109
9353	桜島埠	172	175	172	175	21
9355	リンコー	170	170	165	165	2
9357	名港海	0	0	0	0	0
9358	宇徳運	154	155	154	155	7
9359	伊勢湾	270	270	266	270	19
9360	鈴与シンワ	0	0	0	0	0
9361	伏木運	240	240	240	240	11
9362	兵機海	123	123	123	123	1
9363	大運	68	68	65	68	12
9364	上組	547	565	547	565	144
9365	トレーディア	0	0	0	0	0
9366	サンリツ	831	835	831	831	3.1
9367	大東港運	125	125	125	125	1
9368	キムラユニテ	551	551	550	550	3
9369	キユソ流通	1650	1800	1650	1800	2
9370	郵船航空	2320	2350	2250	2350	15.5
9373	ニッコウトラ	2570	2570	2560	2560	2
9401	ＴＢＳ	4950	4950	4800	4850	292
9402	ＣＢＣ	1200	1200	1195	1200	4.2
9404	日テレ	63800	64000	62500	63000	63.66
9405	朝日放	9650	9700	9650	9700	1.2
9408	新潟放	921	939	910	939	5.3
9431	ＫＤＤ	10270	10270	10050	10100	59.5
9432	ＮＴＴ	1560000	1600000	1540000	1590000	22.06
9433	ＫＤＤＩ	970000	970000	945000	957000	4.168
9434	ボーダフォン	4640000	4800000	4590000	4620000	0.507
9435	光通信	3910	3940	3780	3900	120.6
9436	沖縄セルラー	623000	623000	580000	620000	0.044
9437	ＮＴＴドコモ	3150000	3180000	3120000	3170000	8.691
9438	ＭＴＩ	749000	749000	699000	699000	0.449
9439	ビーアイジー	1170000	1190000	1100000	1140000	0.008
9441	ベルパーク	2450000	2490000	2450000	2460000	0.025
9449	ＧＭＯインター	4500	4500	4160	4300	14
9470	学研	220	226	220	220	76
9471	文渓堂	0	0	0	0	0
9472	エスコム	570	608	570	578	225
9473	アスキー	1350	1350	1280	1300	35
9474	ゼンリン	3190	3200	3150	3200	6.6
9475	昭文社	3510	3520	3400	3520	50.3
9476	中央経済	0	0	0	0	0
9477	角川ＨＤ	11800	11970	11500	11800	10.6
9478	翔泳社	2450000	2450000	2450000	2450000	0.005
9501	東電	2510	2525	2505	2515	1805.3
9502	中部電	1870	1872	1847	1853	262.2
9503	関西電	1909	1920	1875	1920	803.9
9504	中国電	1571	1585	1560	1560	105.3
9505	北陸電	1388	1396	1383	1390	146.7
9506	東北電	1405	1409	1395	1395	300.2
9507	四国電	1400	1405	1388	1392	140
9508	九州電	1520	1540	1510	1515	217.2
9509	北海電	1350	1360	1350	1359	164
9511	沖縄電	2005	2035	1985	1990	5.6
9531	東ガス	286	292	283	291	4565
9532	大ガス	301	313	300	310	3404
9533	邦ガス	210	210	207	208	119
9534	北ガス	196	196	195	196	29
9535	広ガス	0	0	0	0	0
9536	西部ガス	161	161	158	158	126
9537	北陸ガ	345	345	345	345	1
9539	葉ガス	265	265	265	265	1
9540	中ガス	228	228	228	228	3
9541	大多喜ガス	370	370	370	370	1
9542	新日ガス	0	0	0	0	0
9600	アイネット	1000	1000	951	951	6
9601	松竹	552	552	545	550	64
9602	東宝	18600	18900	18460	18460	15
9603	ＨＩＳ	5400	5420	5260	5420	24.8
9604	際放映	0	0	0	0	0
9605	東映	820	868	820	868	1090
9607	葵プロ	1650	1650	1600	1605	13.5
9608	福山コンサル	245	245	245	245	1
9609	ベンチャーリ	8670	8750	8550	8550	6.9
9610	ウィルソン	4150	4160	4130	4130	1.5
9611	Ｄワンダー	0	0	0	0	0
9612	ラックランド	2410	2410	2410	2410	0.3
9613	ＮＴＴデータ	1140000	1150000	1110000	1140000	4.739
9614	ベルシス24	55000	55800	54500	55800	7.6
9615	東京美装	624	624	612	614	6
9616	共立メンテ	3050	3050	3020	3020	1.6
9618	エームサービス	1270	1270	1270	1270	2
9619	イチネン	1020	1020	1000	1000	2
9620	スクウェア	6800	6800	6350	6350	95.3
9621	建設技研	650	651	650	651	21.3
9622	スペース	567	567	551	556	14.7
9623	キヤノンソフ	786	800	786	786	12
9624	長大	510	510	480	480	13.5
9625	セレスポ	211	215	211	215	2
9626	日本技開	250	250	250	250	5
9627	アインファマ	1650	1700	1620	1680	7
9628	燦ＨＤ	4400	4850	4400	4850	22.4
9629	ＰＣＡ	3180	3180	3000	3040	15
9630	アップ	420	420	410	410	2
9631	東急レク	592	592	590	590	4
9632	スバル	363	371	363	369	18
9633	テアトル	205	205	200	202	23
9634	修学社	510	510	500	510	11
9635	武蔵野	500	500	500	500	1
9636	きんえい	348	348	345	348	8
9637	オーエス	800	800	800	800	4
9638	情報技術	880	880	880	880	1
9639	三協フロンテ	350	350	350	350	1
9640	セゾン情報	851	890	851	890	18
9641	サコス	141	144	141	144	2.2
9642	コマスタ	10000	10000	10000	10000	0.2
9643	中日興	0	0	0	0	0
9644	タナベ経営	480	480	460	475	2.3
9645	ダイヤモンドコン	1380	1380	1366	1366	7
9646	タイトー	110000	114000	110000	111000	0.365
9647	協和コンサル	0	0	0	0	0
9648	ウエスコ	348	350	346	350	8.1
9649	明電エンジニア	725	725	705	711	63.6
9650	テクモ	1630	1700	1622	1652	94.2
9651	日本プロセス	750	760	750	760	3
9652	日本医療	2250	2300	2220	2250	96
9653	ＳＢＩパートナ	955	955	950	950	3
9654	コーエー	3500	3570	3410	3410	52.4
9656	三井ランド	0	0	0	0	0
9657	コムテック	461	461	460	461	8
9658	ビジ太田昭	830	830	811	811	5
9660	ＣＲＣソリュ	0	0	0	0	0
9661	歌舞伎	3840	3850	3780	3780	6
9662	アイフル	630	630	610	620	9
9663	ナガワ	800	815	795	800	18
9664	御園座	1150	1150	1150	1150	3
9665	吉本興	1279	1284	1275	1280	22
9667	ホリプロ	756	761	740	740	13
9668	相鉄企業	0	0	0	0	0
9669	オークネット	5300	5300	5120	5180	7.6
9671	よみランド	394	394	386	386	6
9672	東競馬	140	141	138	138	72
9673	甲子園土地	0	0	0	0	0
9674	花月園	205	205	205	205	1
9675	常磐興	164	164	161	164	149
9676	松戸公産	480	480	480	480	4
9677	日本ジャンボ	810	810	810	810	1.5
9678	カナモト	859	860	848	852	241
9679	ホウライ	462	462	461	461	6
9680	共成レンテム	625	625	601	601	2
9681	東京ドーム	485	485	479	480	276
9682	ＤＴＳ	6710	6750	6600	6680	17.5
9684	スク・エニ	6100	6160	6080	6090	46.4
9685	共同コンＨＤ	389	389	370	370	3
9686	東洋テック	500	500	470	470	3
9687	ＫＳＫ	672	672	671	671	2
9689	グリンハウス	1750	1750	1750	1750	0.5
9691	両毛システム	0	0	0	0	0
9692	シーイーシー	1750	1770	1730	1739	28.3
9694	日立ソフト	11370	11590	11300	11400	77.3
9695	鴨川グランド	0	0	0	0	0
9696	ウィザス	415	415	415	415	1
9697	カプコン	3490	3530	3450	3480	105.2
9698	クレオ	1250	1250	1250	1250	1
9699	西尾レント	850	850	837	837	7.1
9700	エスアールエル	1310	1310	1280	1290	64
9701	会舘	271	273	271	271	7
9702	アイエスビー	2140	2150	2140	2150	4
9703	ジェネラスコーポ	134	142	131	141	505
9704	東海観	114	114	105	108	705
9706	日本空港ビル	1019	1030	1000	1009	62
9707	メデカＪ	990	990	980	989	11
9708	帝ホテル	0	0	0	0	0
9709	日コンピュタ	830	830	819	819	4
9710	第一ホテ	12	14	12	14	994
9711	日コンシス	446	446	446	446	1
9712	ファイ	695	700	655	690	55
9713	ロイヤルホ	206	206	206	206	4
9714	ＳＲＡ	1870	1880	1870	1880	2
9715	トランスコス	13340	13490	12900	13490	243.7
9716	乃村工芸社	430	430	425	425	5
9717	ジャステック	3500	3520	3460	3490	18.5
9718	国際観光会館	0	0	0	0	0
9719	住商情報	6170	6170	6060	6080	14
9720	グランド	0	0	0	0	0
9722	藤田観	591	595	590	591	24
9724	新阪急ホテル	206	206	206	206	5
9725	東急ホテル	183	183	179	179	46
9726	近ツーリスト	367	372	361	364	81
9727	東急観光	134	134	131	131	11
9728	日本管財	1851	1851	1850	1850	36
9729	トーカイ	0	0	0	0	0
9730	ワオコーポ	412	412	410	410	2
9731	白洋舎	335	335	330	330	6
9732	東映ラボ	255	260	255	260	10
9733	ナガセ	1690	1690	1690	1690	6
9734	精養軒	940	940	940	940	0.1
9735	セコム	7500	7500	7330	7380	556
9736	白青舎	0	0	0	0	0
9737	ＣＳＫ	3410	3410	3310	3360	115
9738	インテック	2220	2220	2170	2180	26
9739	ＮＳＷ	7500	7500	7340	7440	1.8
9740	ＣＳＰ	600	620	600	620	33
9741	日立情報	3960	4110	3960	4030	22
9742	アイネス	1820	1830	1801	1816	136
9743	丹青社	737	750	730	750	11
9744	メイテック	4330	4350	4260	4280	52.7
9746	ＴＫＣ	2690	2690	2620	2620	36.8
9747	アサツーＤＫ	3930	4000	3910	3930	41.6
9748	ＮＪＫ	770	770	770	770	7
9749	富士ソフト	6820	7200	6800	7200	362
9750	ソラン	2250	2315	2250	2280	212
9751	ＴＩＳ	6010	6050	5950	6010	55
9752	ナムコ	3720	3800	3660	3660	61.3
9753	ＩＸナレッジ	715	715	715	715	2
9755	応用地質	1550	1580	1487	1498	23.3
9756	ＡＳＫ	1080	1160	1080	1120	254
9757	船井研	880	880	863	863	12
9758	ジシステム	620	660	620	631	6
9759	日システムデ	10010	10090	9930	9990	36.2
9760	進学会	400	400	400	400	2
9761	東海リース	210	211	210	210	13
9762	大和リース	360	365	358	365	331
9763	丸紅リ	145	149	140	140	11
9764	技研興	201	225	201	225	2
9765	オオバ	198	198	186	186	8
9766	コナミ	7700	7720	7400	7510	289.2
9767	日建工学	280	280	275	278	7
9768	国土環境	830	835	830	835	2
9769	学究社	365	365	365	365	2
9776	札臨	450	450	450	450	1
9777	日電計算	2250	2250	2190	2210	14.6
9778	昴	0	0	0	0	0
9779	メフォス	1100	1100	1100	1100	3
9780	ビステム	420	420	400	400	4
9781	石川島汎サ	0	0	0	0	0
9782	ＤＭＳ	910	998	910	990	23
9783	ベネッセ	7060	7170	7000	7060	71.8
9784	日工検	1500	1500	1500	1500	0.5
9785	大新東	318	320	318	320	7
9786	キャッツ	1561	1610	1560	1600	25.5
9787	Ｊメンテ	1120	1180	1120	1160	34.6
9788	ナック	895	895	885	890	19.6
9789	栄光	430	430	430	430	7
9790	福井コン	730	735	726	734	3.5
9791	ビケンテクノ	820	820	797	797	8
9792	ニチイ学館	5440	6040	5440	6000	487.4
9793	ダイセキ	2330	2330	2240	2290	24
9794	カラカミ観光	0	0	0	0	0
9795	ステップ	0	0	0	0	0
9796	ダイテック	1500	1500	1480	1480	1.2
9797	大日本コン	292	292	280	292	13.6
9798	シダックス	2350	2360	2350	2360	0.3
9799	旭情報	1360	1360	1310	1310	6
9810	日鉄商	108	108	105	105	21
9811	アスティス	535	535	535	535	1
9812	テーオー	0	0	0	0	0
9813	トッキ	0	0	0	0	0
9814	アシックス商	0	0	0	0	0
9815	カテナ	752	758	730	730	32
9816	バーテックス	517	517	490	490	12
9817	ゴトー	0	0	0	0	0
9818	大丸エナ	0	0	0	0	0
9820	エムティＧ	200	200	200	200	3
9821	日アムウ	0	0	0	0	0
9822	なが多	156	165	147	150	1178
9823	マミーマート	0	0	0	0	0
9824	泉州電	780	780	780	780	1
9825	アズウェル	470	485	465	480	10.8
9826	ＪＥＵＧＩＡ	0	0	0	0	0
9827	リリカラ	215	215	215	215	3
9828	元気寿司	951	980	951	980	4
9829	ながの東急	0	0	0	0	0
9830	トラスコ中山	1728	1728	1650	1651	16.6
9831	ヤマダ電	9210	9250	9010	9250	46
9832	オートバクス	3510	3530	3400	3430	38.2
9833	エルクコーポ	750	750	750	750	1
9834	リオチェン	415	415	415	415	0.2
9835	ジュンテン	360	360	350	360	9
9836	リーバイス	550	555	550	555	4
9837	モリト	590	590	552	570	5
9838	トラベラー	0	0	0	0	0
9839	ゲッツブラザーズ	530	530	525	525	3.5
9840	ホーマック	2555	2635	2525	2545	6.1
9841	ＢＭＢ	323	325	316	317	49
9842	アークランド	1360	1400	1360	1400	6
9844	ユーエスシー	1850	1850	1730	1800	35
9845	パーカー	0	0	0	0	0
9846	天満屋ス	840	840	840	840	1
9847	ソリスト	430	430	420	420	5
9848	トヨタカローラ岐阜	0	0	0	0	0
9849	河内屋紙	535	535	535	535	3
9850	グルメ杵屋	826	829	825	825	6
9852	中央物産	0	0	0	0	0
9853	銀座ルノア	0	0	0	0	0
9854	愛眼	1020	1020	1010	1013	5.4
9855	くろがねや	444	448	444	448	17
9856	ケーユー	782	782	770	780	2.9
9857	英和	400	400	392	392	4
9858	明光商会	2260	2280	2190	2210	19.1
9859	ユーストア	920	930	920	930	3
9860	岐阜日野	0	0	0	0	0
9861	吉野家ディー	233000	242000	232000	240000	0.74
9862	メモレックス・テレ	303	303	303	303	1
9863	靴のマルトミ	126	126	121	126	23.4
9864	ナカイ	359	360	359	360	2
9865	日商エレク	2935	2990	2800	2835	8
9867	ソレキア	656	660	645	660	17
9868	トリイ	0	0	0	0	0
9869	加藤産	720	725	716	716	15
9870	ハナテン	1850	1860	1850	1860	1.1
9871	イトーキ	289	290	280	280	11
9872	北恵	0	0	0	0	0
9873	ケンタッキー	1411	1411	1399	1399	23
9875	マツモトキヨ	10390	10390	9990	10050	58.9
9876	コックス	0	0	0	0	0
9877	マルフル	0	0	0	0	0
9878	セキド	0	0	0	0	0
9879	フタタ	204	204	203	203	3
9880	イノテック	4530	4560	4380	4400	22.7
9882	イエロハット	1145	1145	1110	1120	21.8
9883	富士エレ	2040	2040	2040	2040	1
9884	都築電産	860	860	855	855	10
9885	シャルレ	688	720	688	711	16
9887	松屋フーズ	2710	2710	2610	2610	18
9888	ＵＥＸ	0	0	0	0	0
9889	ＪＢＣＣ	3310	3310	3180	3250	41.4
9890	マキヤ	0	0	0	0	0
9892	卑弥呼	1310	1360	1300	1340	20
9893	ホームワイド	450	450	450	450	10
9894	アトル	0	0	0	0	0
9895	コンセック	0	0	0	0	0
9896	Ｊ建材	600	600	595	595	7
9897	ユニダックス	715	740	710	740	14
9898	サハダイヤ	290	290	272	272	142
9899	サンデサン	0	0	0	0	0
9900	サガミ	940	942	937	940	12
9901	宮	850	900	850	900	6
9902	日伝	1410	1410	1410	1410	1
9903	カンセキ	0	0	0	0	0
9904	ベリテ	284	284	280	281	26
9905	コージツ	185	185	185	185	3
9906	藤井産業	0	0	0	0	0
9907	大電社	0	0	0	0	0
9908	日本電計	720	720	718	718	2
9909	愛光電気	0	0	0	0	0
9911	真電	411	411	411	411	1
9912	ダイワボ情	2010	2010	1960	1961	67.5
9913	日邦産業	380	380	380	380	4
9914	植松商会	0	0	0	0	0
9915	アサヒビールＳ	500	500	500	500	1
9916	バイタルＮ	640	640	630	630	1.6
9917	マツモト電器	0	0	0	0	0
9918	ダイワラクダ	390	390	375	375	12
9919	関西スーパ	512	513	509	509	28
9920	シービーエム	0	0	0	0	0
9921	ギガス	750	750	735	735	12
9922	日立機材	621	639	599	600	39
9923	ダイトーエム	510	510	495	510	5
9924	ドミー	0	0	0	0	0
9925	北の家族	1090	1090	1090	1090	1
9926	ダイカ	390	393	390	393	7
9927	ワットマン	400	400	400	400	4
9928	ミロク情報	1270	1270	1200	1215	17.5
9929	平和紙業	0	0	0	0	0
9930	北沢産	296	335	296	330	127
9931	家族亭	0	0	0	0	0
9932	杉本商	676	676	675	675	3
9934	因幡電産	1350	1350	1325	1332	6
9935	あずみ	0	0	0	0	0
9936	王将フード	1280	1280	1280	1280	2
9937	セシール	1500	1500	1396	1445	51.3
9938	住金物産	104	104	102	103	60
9939	すみや	500	500	500	500	1
9941	太洋物産	230	235	230	235	3
9943	ココス	685	685	680	680	6
9944	インパクト	1640	1640	1620	1621	2.9
9945	プレナス	4720	4860	4720	4850	24.6
9946	ミニストップ	2465	2480	2400	2420	20.2
9947	シムリー	1199	1200	1180	1200	6.8
9948	アークス	1260	1260	1220	1220	9
9949	タイヨー	2190	2190	2190	2190	1
9950	ハチバン	0	0	0	0	0
9951	カーマ	592	594	592	592	2.9
9952	ドトール	7850	7890	7750	7890	14.2
9953	ダイキ	1352	1353	1310	1310	4.2
9954	東京小僧寿し	586	586	586	586	7
9955	ヨンキュウ	2850	2920	2820	2840	13.4
9956	バロー	0	0	0	0	0
9957	バイテック	1830	1830	1830	1830	7
9958	サリ	240	240	240	240	1
9959	アシード	810	825	800	820	14
9960	東テク	685	700	676	690	26
9961	エムオーテック	157	160	157	160	4
9962	駿河製機	11290	11300	10980	11150	34.6
9963	江守商事	0	0	0	0	0
9964	アイ・テック	830	830	830	830	4
9965	福原	515	515	505	505	5
9966	藤久	2400	2400	2390	2400	3.2
9967	堺商事	270	270	270	270	2
9968	イチヤ	200	200	200	200	2
9969	ショクブン	910	910	900	900	10
9970	東洋オフィス	459	461	459	459	5
9971	カウボーイ	580	580	575	575	9
9972	アルテック	1329	1329	1300	1300	8.5
9973	小僧本部	0	0	0	0	0
9974	ベルク	0	0	0	0	0
9975	マルヤ	3250	3250	3250	3250	1.9
9976	セキチュー	620	620	620	620	1
9977	アオキスーパ	450	450	450	450	1
9978	文教堂	1140	1150	1140	1150	5
9979	大庄	1210	1224	1208	1223	35.5
9980	マルコ	1000	1030	1000	1020	20
9981	ニック産業	0	0	0	0	0
9982	タキヒヨー	531	531	530	530	4
9983	ファストリ	42500	42500	42000	42000	54
9984	ソフトバンク	12110	12110	11120	11630	2686.6
9985	榮太郎	855	855	855	855	2
9986	蔵王産業	0	0	0	0	0
9987	スズケン	3780	3840	3530	3600	107.5
9988	神港魚類	420	480	420	480	2
9989	サンドラッグ	7970	7970	7670	7720	7.5
9990	東京デリカ	455	455	450	450	3
9991	ジェコス	370	370	365	366	30.3
9992	理研グリン	287	287	287	287	1
9993	ヤマザワ	1210	1210	1210	1210	1
9994	やまや	702	715	702	715	1.4
9995	イーストン	890	910	890	900	59
9996	サトー商会	600	600	600	600	1
9997	ベルーナ	3780	3810	3700	3710	59.5
