20000926
1001	日経２２５	15993	16038	15905	15929	37.835
1002	ＴＯＰＩＸ	1476	1483	1472	1474	37.835
1301	極洋	142	142	140	142	106
1319	日経300F	281	285	281	282	72
1331	ニチロ	164	167	163	165	155
1332	日水	184	185	181	181	602
1333	マルハ	130	131	128	130	190
1351	宝幸水産	68	70	68	69	31
1352	ホウスイ	92	92	92	92	4
1376	カネコ種	790	790	790	790	2
1377	サカタタネ	2065	2090	2065	2070	36.2
1378	雪国まいたけ	659	700	651	700	4
1379	ホクト	3370	3500	3370	3490	45.6
1380	秋川牧園	604	604	604	604	2
1491	中外鉱	237	238	231	233	2261
1501	三井鉱山	95	95	92	94	183
1503	住友炭	79	81	79	79	52
1515	日鉄鉱	230	230	230	230	4
1518	三井松島	164	167	163	163	15
1601	帝石	435	463	435	461	953
1603	アラビア石油	347	355	346	355	42
1661	ガス開	495	517	490	517	134
1701	昭和鉱	315	315	308	308	42
1702	共立マテリア	0	0	0	0	0
1735	伊田テクノス	0	0	0	0	0
1736	オーテック	0	0	0	0	0
1737	三井エンジ	370	370	360	360	5
1738	ＮＩＴＴＯＨ	0	0	0	0	0
1739	ＳＥＥＤ	0	0	0	0	0
1740	極東工業	0	0	0	0	0
1741	ミサワサンイ	0	0	0	0	0
1742	セコムテクノ	2620	2650	2620	2650	3
1743	コーアツ工業	0	0	0	0	0
1744	キョーエイ	610	619	610	619	2
1745	ミサワホーム東海	365	365	365	365	7
1746	光和建設	0	0	0	0	0
1748	ミサワ北日	0	0	0	0	0
1750	カナック	446	447	446	447	4
1751	日立プラサ	400	400	400	400	1
1752	富士通シス	1329	1329	1329	1329	5
1753	土屋ツバイ	0	0	0	0	0
1754	東新住建	795	800	795	800	2
1755	JFE工建	0	0	0	0	0
1756	和興エンジ	285	285	285	285	6
1757	千年の杜	300	319	300	319	7
1758	太洋基礎	465	465	460	460	3
1759	ジオトップ	250	250	250	250	6
1762	高松建設	1328	1328	1328	1328	3.5
1763	北陸ミサワ	495	495	495	495	1
1764	工藤建設	0	0	0	0	0
1765	イビデンテック	0	0	0	0	0
1766	東建コーポ	1270	1270	1260	1260	3
1767	沖ウィン	520	520	520	520	3
1768	ソネック	260	260	221	221	5
1770	藤田エンジ	505	520	500	520	7
1772	東北エンタープライズ	215	215	215	215	1
1774	機動建	219	219	210	210	3
1775	富士電Ｅ＆Ｃ	298	298	264	290	37
1776	三井住建道路	0	0	0	0	0
1777	川崎設備	0	0	0	0	0
1778	古河総設	222	222	221	221	2
1779	松本建工	405	405	395	400	6
1780	ヤマウラ	371	376	371	371	10.5
1781	国土総合	301	302	301	302	5
1782	常磐開発	0	0	0	0	0
1783	南野建設	78	78	78	78	1
1784	サワコー	175	175	165	167	25.4
1785	ナナボシ	0	0	0	0	0
1786	オリ建	383	383	381	381	0.9
1787	ナカボテック	0	0	0	0	0
1788	三東工業	229	229	229	229	3
1789	山加電業	0	0	0	0	0
1790	平和奥田	470	470	470	470	1
1791	三井木材	135	139	135	135	5.5
1792	みらい建設Ｇ	197	206	197	206	2
1793	大本組	0	0	0	0	0
1795	マサル	0	0	0	0	0
1796	トヨタウッド	309	309	281	281	8.2
1797	藤木工務店	0	0	0	0	0
1798	守谷商会	0	0	0	0	0
1799	第一建設	0	0	0	0	0
1800	利塚地下技術	188	198	188	198	3
1801	大成建	166	166	160	161	518
1802	大林組	407	413	406	408	501
1803	清水建	316	317	308	310	741
1804	佐藤工業	49	50	48	49	128
1805	飛島建	44	45	42	44	485
1806	ACリアル	39	39	38	38	251
1807	渡辺組	0	0	0	0	0
1808	長谷工	33	34	32	32	922
1809	富士工	59	59	53	54	43
1810	松井建	305	305	304	305	14
1811	銭高組	0	0	0	0	0
1812	鹿島	278	281	276	278	659
1813	不動建	129	129	124	124	127
1814	大末建	70	72	44	49	1545
1815	鉄建	97	101	94	96	448
1816	安藤建	200	209	200	200	49
1817	勝村建	135	135	133	133	10
1818	日産建設	92	92	91	91	8
1819	太平工	138	140	137	138	17
1820	西松建	354	354	343	354	406
1821	三井住友建	72	72	69	70	72
1822	大豊建	157	157	152	155	15
1823	住友建設	79	80	78	78	53
1824	前田建	420	431	420	427	206
1825	環境建設	89	90	89	89	42
1826	佐田建	131	131	130	131	30
1827	ナカノフドー建	83	88	83	85	39
1828	田辺工業	0	0	0	0	0
1829	大和建設	78	85	70	85	7
1830	共栄冷機工業	0	0	0	0	0
1831	積水ハ北陸	649	649	649	649	1
1833	奥村組	348	354	344	344	224
1834	小田急建	250	250	236	236	2
1835	東鉄工	227	227	225	225	2
1836	大日本土木	148	150	148	150	7
1837	間組	53	53	50	50	886
1838	古久根建設	91	94	86	91	6
1839	真柄建	155	159	155	155	25
1840	土屋ホーム	290	295	290	290	1.2
1841	サンユ	0	0	0	0	0
1842	昭和テクノ	0	0	0	0	0
1844	大盛工業	107	107	105	105	5
1845	森本組	100	104	98	98	15
1846	鈴縫工	106	120	106	120	3
1847	イチケン	103	105	93	103	19
1848	富士ＰＳ	0	0	0	0	0
1850	南海辰村建	75	76	72	72	11
1851	大木建設	195	195	193	193	42
1852	浅沼組	164	164	163	164	54
1853	森組	101	113	101	113	14
1854	新井組	104	106	104	104	13.5
1855	東急建設	90	90	87	87	307
1856	ジェイオー建設	240	240	240	240	2
1857	松村組	100	101	100	100	26
1858	井上工	67	67	67	67	1
1860	戸田建	414	414	407	410	280
1861	熊谷組	38	39	37	37	910
1862	横河工事	352	352	337	340	5.3
1863	テトラ	219	219	218	218	2
1865	青木あすなろ建	139	140	128	128	15
1866	北野建	244	251	244	244	15
1867	植木組	190	191	190	191	10
1868	三井ホーム	430	430	410	410	16
1869	名工建	460	460	460	460	15
1870	矢作建	410	410	405	405	3
1871	ピーエス三菱	410	410	407	407	3.4
1872	アゼル	305	308	305	307	47
1873	東ハウス	371	375	371	374	17
1874	佐藤秀	128	128	128	128	1
1875	青木マリン	0	0	0	0	0
1877	川田建設	0	0	0	0	0
1878	大東建	1763	1790	1763	1784	58.5
1879	新日本建	210	210	210	210	1
1880	スルガコーポ	0	0	0	0	0
1881	ＮＩＰＰＯ	442	452	441	444	53
1882	東亜道	215	215	215	215	17
1883	前田道	513	513	500	500	68
1884	日道路	163	163	159	159	14
1885	東亜建	129	129	125	126	95
1886	青木建設	31	31	26	26	1919
1888	若築建	97	102	97	99	131
1889	佐伯建	135	135	124	128	11
1890	東洋建	84	84	79	79	76
1892	徳倉建	268	268	268	268	4
1893	五洋建	129	129	125	126	99
1895	大成ロテック	155	155	151	151	28
1896	大林道	260	260	250	250	25
1897	金下建	0	0	0	0	0
1898	世紀東急	85	85	80	80	41
1899	福田組	289	289	272	282	8
1900	白石	391	391	380	380	6
1902	山崎建設	0	0	0	0	0
1904	大成温調	365	365	350	350	5
1905	テノックス	0	0	0	0	0
1906	細田工務	0	0	0	0	0
1907	東北ミサワ	585	600	562	600	94.5
1908	三平建設	439000	439000	439000	439000	0.002
1909	日本ドライ	210	223	210	215	132
1910	フドウ建研	155	175	155	175	9
1911	住友林	739	759	736	743	149
1912	ミサワセラミ	364	364	364	364	4
1913	旭ホームズ	0	0	0	0	0
1914	日基技	506	506	490	490	7.9
1915	東京ミサワホーム	275	275	275	275	5
1916	日成ビルド	150	150	150	150	6
1917	ニッセキハウス	141	153	141	151	1862
1919	エスバイエル	244	245	240	240	66
1920	殖産住宅相互	86	87	85	85	104
1921	巴	181	183	181	182	8
1922	大成ユーレック	119	119	112	112	15
1923	ミサワホーム	332	333	330	332	44
1924	パナホーム	695	708	691	691	65
1925	大和ハウス	742	762	740	752	419
1926	ライト	407	410	403	404	76.6
1927	中 部	0	0	0	0	0
1928	積ハウス	1035	1061	1030	1050	1061
1929	日特建	193	193	186	186	15
1930	北陸電工	290	290	290	290	2
1931	日本電通	0	0	0	0	0
1932	コミュチュア	495	495	485	485	7
1933	西シス建	240	240	240	240	5
1934	ユアテック	355	358	355	357	8
1935	ＴＴＫ	0	0	0	0	0
1936	シーキューブ	280	285	280	280	22.2
1937	西部電工	312	312	312	312	11
1938	千歳電	0	0	0	0	0
1939	四電工	376	376	368	368	9
1940	つうけん	242	248	242	248	2
1941	中電工	1327	1378	1327	1358	47
1942	関電工	565	575	558	567	114
1943	大明	958	958	940	941	24
1944	きんでん	689	695	686	692	144
1945	東京エネシス	381	381	371	371	13
1946	トーエネク	404	406	404	405	11
1947	日本コムシス	1960	1964	1944	1960	310
1948	弘電社	470	470	440	440	5
1949	住友電設	554	556	553	553	7.8
1950	電設工	390	390	375	375	15
1951	協エクシオ	1238	1242	1171	1230	714
1952	新日空調	371	375	371	372	6.2
1953	国際電設	0	0	0	0	0
1954	日工営	227	228	221	221	67
1955	東電通	432	432	425	425	12
1956	日電設	402	404	400	400	17
1957	保安工	226	226	226	226	1
1958	三和エレック	303	309	301	306	7
1959	九電工	425	434	418	434	65
1960	サンテック	348	348	345	345	6
1961	三機工	666	672	666	670	77
1962	エルゴテック	0	0	0	0	0
1963	日揮	565	565	540	540	462
1964	中外炉	360	361	351	351	32
1965	テクノ菱和	535	535	535	535	6.4
1966	高田工	0	0	0	0	0
1967	ヤマト	305	305	302	304	10
1968	太平電	261	261	255	257	6
1969	高砂熱	799	801	794	795	38
1970	日立プラ	283	285	278	278	18
1971	ビルト工	89	89	82	82	14
1972	三晃金	104	111	104	109	25
1973	ＮＥＣシス建	2100	2120	2090	2105	26.3
1974	宮地建設工業	589	589	589	589	1
1975	朝日工	303	303	290	291	11
1976	明星工	137	139	137	138	24
1977	ジェイコス	0	0	0	0	0
1978	アタカ	265	265	260	260	6
1979	大気社	1105	1105	1100	1100	3
1980	ダイダン	527	528	527	527	77
1981	協和日成	0	0	0	0	0
1982	日比谷設	481	490	480	480	5
1983	東芝プラ	246	246	241	241	15
1984	三信建	0	0	0	0	0
1985	大和電設	0	0	0	0	0
1986	日商インター	870	870	870	870	0.7
1987	ソルコム	264	264	263	263	6
1988	シボンド建	1450	1494	1450	1472	60.3
1989	北陸電話	260	260	260	260	1
1990	東邦建	0	0	0	0	0
1991	都築通技	0	0	0	0	0
1992	神田通機	0	0	0	0	0
1993	ニッタン	199	199	199	199	1
1994	高橋ウォール	0	0	0	0	0
1995	鈴木工務店	0	0	0	0	0
1996	三菱建設	180	180	178	178	3
1997	暁飯島工業	0	0	0	0	0
1998	日本土建	999	999	999	999	3
2001	日本粉	242	242	239	240	124
2002	日清粉	1025	1030	1000	1010	187
2003	日東粉	214	214	214	214	3
2004	昭和産	181	181	176	176	71
2006	東福粉	85	85	85	85	1
2007	富士粉	0	0	0	0	0
2008	増田粉	0	0	0	0	0
2009	鳥越粉	362	365	360	365	10
2051	農産工	177	179	177	177	29
2052	協同飼	113	114	112	112	83
2053	中部飼	0	0	0	0	0
2055	日和産	0	0	0	0	0
2056	日配飼	135	135	122	129	62
2057	雪印種	0	0	0	0	0
2102	台糖	250	252	250	252	12
2107	東洋糖	139	140	138	138	13
2108	甜菜糖	142	142	140	140	34
2109	三井糖	209	214	204	204	41
2111	フジ製糖	175	175	175	175	2
2112	塩水糖	300	300	300	300	2
2113	新光糖	0	0	0	0	0
2114	フジ日本精糖	0	0	0	0	0
2116	日新糖	131	134	131	134	6
2201	森永	236	237	234	237	130
2202	明菓	665	665	650	651	164
2204	中村屋	285	286	280	280	42
2205	駿河屋	0	0	0	0	0
2206	グリコ	655	655	645	649	83
2207	名糖産	1090	1090	1090	1090	1
2208	ブルボン	0	0	0	0	0
2209	井村屋	465	465	465	465	2
2211	不二家	263	268	260	262	152
2212	山パン	869	870	860	860	52
2213	ナガサキヤ	2	2	1	2	75
2215	一パン	261	262	260	260	22
2216	カンロ	273	273	259	259	5
2217	モロゾフ	215	215	206	210	10
2219	タカラブネ	103	106	103	104	33
2220	亀田製菓	501	501	500	500	9
2221	岩塚製菓	1030	1030	1030	1030	2
2222	寿製菓	0	0	0	0	0
2224	コモ	1400	1410	1390	1400	4
2261	明乳	502	507	501	501	162
2262	雪印	409	422	406	417	1030
2264	森永乳	262	270	262	270	169
2266	六甲バタ	393	393	393	393	2
2267	ヤクルト	1094	1110	1086	1100	250
2268	サーティワン	0	0	0	0	0
2281	プリマ	128	128	125	126	49
2282	日ハム	1349	1414	1349	1404	295
2284	伊藤ハ	418	424	415	415	59
2286	林兼	140	140	135	135	40
2287	雪印食品	0	0	0	0	0
2288	丸大食	174	174	171	171	17
2289	相模ハム	0	0	0	0	0
2290	米久	1285	1285	1265	1270	15
2291	福留ハ	0	0	0	0	0
2292	ＳＦＯＯＤＳ	945	959	936	959	5
2293	滝沢ハム	807	807	807	807	3
2294	柿安本店	1080	1080	1080	1080	2
2501	サッポロＨＤ	354	355	352	353	206
2502	アサヒ	965	974	962	968	525
2503	キリン	1101	1105	1072	1083	805
2531	宝ＨＤ	2230	2295	2230	2270	635
2533	オエノンＨＤ	240	245	238	238	4
2536	メルシャン	265	271	265	266	165
2538	マルキン忠勇	147	155	147	155	15
2540	養命酒	708	718	708	715	19
2541	ニッカ	267	267	267	267	3
2571	中京コカ	920	921	915	915	11
2572	三国コカ	1193	1199	1190	1199	33
2573	北海コカ	870	880	870	880	5
2575	三笠コカ	795	808	780	808	8.5
2576	近畿コカ	1202	1220	1202	1211	38
2577	富士コカ	888	888	880	888	7
2578	四国コカ	1020	1020	1005	1016	10.5
2579	コカウエスト	3580	3640	3580	3600	43.6
2591	カルピス	487	487	470	470	14
2592	ポッカ	420	420	411	412	13
2593	伊藤園	8580	8580	8370	8480	31.5
2594	キーコーヒー	1390	1395	1390	1390	4.8
2595	キリンビバ	2875	2875	2805	2835	53
2596	キューサイ	2970	2980	2970	2975	90
2597	ユニカフェ	2310	2330	2210	2230	5.3
2598	アサヒ飲料	800	815	800	810	13.5
2599	ジャパンＦ	775	819	775	819	4
2601	ホーネンコーポ	216	218	214	214	164
2602	日清オイリオ	318	318	315	316	232
2604	吉原製油	295	295	282	282	9
2607	不二油	890	890	870	879	25
2608	ボーソー	138	138	135	135	14
2611	摂津油	0	0	0	0	0
2612	かどや製油	800	805	800	805	1.2
2650	橘テクトロン	1180	1290	1150	1290	79
2651	ローソン	4450	4490	4400	4400	68.3
2652	まんだらけ	355000	355000	350000	355000	0.024
2653	イオン九州	790	815	790	815	27
2654	シンワ	310	310	301	301	5
2655	マックス東北	638	688	638	687	8
2656	ベクター	2680000	2700000	2680000	2700000	0.003
2657	インタニクス	2970	2970	2850	2900	7
2658	ウライ	240	245	235	235	71
2659	サンエー	1860	1860	1840	1840	18
2660	キリン堂	550	551	550	551	2
2661	キンレイ	590	590	535	560	34
2662	ダイユエイト	391	391	385	385	24
2663	伊藤伊	590	590	580	580	9
2664	カワチ薬品	7150	7150	6980	7100	35.1
2665	ネクストコム	5600000	5800000	5500000	5600000	0.014
2666	オートウェブ	1400	1450	1330	1450	38
2667	イメージワン	1510000	1520000	1410000	1420000	0.074
2801	キッコマン	807	809	800	800	312
2802	味の素	1148	1155	1142	1145	527
2804	ブルドック	625	625	625	625	1
2805	エスビー	0	0	0	0	0
2806	ユタカフーズ	0	0	0	0	0
2808	サンビシ	0	0	0	0	0
2809	キユーピー	875	885	870	885	48
2810	ハウス食品	1439	1480	1430	1460	231
2811	カゴメ	1100	1118	1100	1118	27
2812	焼津水化	1850	1850	1820	1840	56
2813	和弘食品	114	114	114	114	1
2814	佐藤食品	925	925	925	925	1
2815	アリアケ	7060	7060	6800	6810	11.5
2816	ダイショー	0	0	0	0	0
2817	ギャバン	0	0	0	0	0
2830	アヲハタ	830	830	830	830	1
2831	はごろも	1181	1181	1103	1103	3
2871	ニチレイ	447	475	445	468	2049
2872	セイヒョー	0	0	0	0	0
2873	加ト吉	2645	2645	2570	2575	94.4
2874	ヨコレイ	710	710	700	700	11
2875	東洋水	1030	1040	1029	1040	49
2876	ＪＣコムサ	330	330	330	330	1
2877	日東ベスト	1050	1050	1050	1050	2.4
2878	赤城水産	0	0	0	0	0
2879	ニチロサンフズ	470	470	470	470	3
2891	酵母工	495	500	495	500	8
2892	日食品	308	308	305	305	4
2893	ローマイヤ	120	120	120	120	1
2894	石井食	0	0	0	0	0
2897	日清食	2600	2620	2565	2580	159.3
2898	ソントン	1000	1000	975	975	6
2899	永谷園	914	914	875	875	4
2900	明星食	243	243	243	243	3
2901	石垣食	0	0	0	0	0
2902	太陽化	505	505	505	505	3
2903	シノブフズ	151	151	151	151	1
2904	一正蒲鉾	0	0	0	0	0
2905	オーケー食	120	120	120	120	2
2906	ホッコク	340	340	339	339	2
2907	あじかん	0	0	0	0	0
2908	フジッコ	1520	1520	1520	1520	5
2909	トオカツフズ	266	267	266	266	12
2910	Ｒフィールド	4600	4650	4500	4500	17.7
2911	旭松食品	679	679	679	679	2
2912	鐘崎	279	279	260	260	2
2913	フジフーズ	258	258	258	258	1
2914	ＪＴ	814000	850000	814000	843000	1.895
2915	ケンコーマヨ	500	500	500	500	1
2916	仙波糖化	0	0	0	0	0
2917	大森屋	785	785	765	775	9
2918	わらべ日洋	1060	1060	1051	1051	3
2920	ケイビー	0	0	0	0	0
2921	フクシマフズ	630	630	630	630	1
2922	なとり	0	0	0	0	0
3001	片倉	549	549	526	526	26
3002	グンゼ	316	319	313	319	434
3003	昭栄	1000	1000	1000	1000	1
3004	神栄	155	155	154	155	12
3007	神戸生絲	46	46	45	46	19
3009	川島織	155	155	152	153	30
3010	上毛	140	147	122	129	290
3011	バナーズ	95	96	95	96	3
3101	東洋紡	182	191	182	187	1242
3102	カネボウ	297	299	296	299	186
3103	ユニチカ	68	69	68	69	192
3104	富士紡Ｈ	65	65	64	64	12
3105	日清紡	518	525	517	523	181
3106	クラボウ	151	151	148	149	197
3107	ダイワボウ	103	105	102	103	29
3109	シキボウ	78	78	75	75	72
3110	日東紡	150	151	149	150	147
3111	オーミケン	80	80	80	80	24
3113	ＢＳＬ	64	66	64	66	22
3114	同興紡	100	100	100	100	2
3115	テザック	53	55	53	53	42
3116	トヨタ紡織	820	825	800	800	18
3117	興和紡	0	0	0	0	0
3121	アセットイン	70	70	70	70	5
3123	サイボー	0	0	0	0	0
3125	内外綿	0	0	0	0	0
3128	テラボウ	46	46	46	46	1
3129	ファブリカＴ	115	115	115	115	1
3201	日毛	422	425	422	422	33
3202	大東紡	94	97	94	97	7
3203	東亜紡織	81	81	80	81	19
3205	ダイドー	288	288	284	286	24
3206	南海毛糸紡績	0	0	0	0	0
3207	中央毛	155	155	153	153	8
3209	カネヨウ	118	118	118	118	3
3211	太陽毛絲紡	0	0	0	0	0
3216	御幸ＨＤ	446	446	430	445	5
3302	帝繊維	195	195	194	195	18
3304	トスコ	80	83	80	82	8
3306	日本麻	56	56	53	55	4
3401	帝人	451	459	450	457	2460
3402	東レ	410	413	408	412	1347
3403	東邦テナ	105	107	104	105	66
3404	三菱レ	352	352	352	352	3073
3405	クラレ	1019	1047	1019	1040	755
3407	旭化成	637	664	637	651	2590
3408	サカイオーベ	110	110	102	102	17
3409	北日紡	114	114	114	114	1
3411	オートリ	128	130	87	97	388
3420	ケーエフシー	1030	1030	1030	1030	1
3421	稲葉製作	1300	1300	1290	1300	6.3
3422	丸順	0	0	0	0	0
3423	エスイー	420	435	420	425	4
3424	ミヤコ	415	420	415	420	2
3425	本郷	699	699	699	699	1
3426	アトムリビン	395	410	395	410	17
3501	住江織	120	125	120	125	15
3503	東和織	0	0	0	0	0
3512	フエルト	308	311	308	311	13
3513	イチカワ	223	224	220	224	9
3514	バイリーン	286	289	281	289	34
3515	フジコー	394	394	394	394	1
3521	エコナック	80	80	77	77	13
3524	日東網	82	83	82	82	7
3526	芦森工	209	213	209	213	20
3528	グローベルス	144	144	136	136	44
3529	アツギ	92	94	91	92	87
3532	堀田産	55	65	55	65	2
3533	ダイオ化成	0	0	0	0	0
3534	ＮＢＣ	1020	1020	1020	1020	1
3551	ダイニック	178	178	175	175	14
3552	洋クロス	245	250	245	245	23
3553	共和レ	489	489	480	480	2
3569	セーレン	390	390	385	385	17
3570	オリカキャピ	153	153	147	147	26
3571	ソトー	501	501	501	501	6
3572	大同マルタ	47	57	47	57	3
3576	カンボウ	0	0	0	0	0
3577	東海染	127	127	125	125	19
3578	倉庫精	101	101	101	101	1
3580	小松精	300	300	300	300	6
3581	岐セン	0	0	0	0	0
3583	オーベクス	0	0	0	0	0
3584	福助	146	160	146	160	31
3585	トムスエンタ	343	343	310	320	183
3587	ＩＢダイワ	115	118	111	111	193
3588	丸山工	0	0	0	0	0
3591	ワコール	890	899	890	898	107
3592	ＣＨＯＹＡ	0	0	0	0	0
3593	ホギメデ	6700	6830	6500	6710	8.2
3594	モリシタ	0	0	0	0	0
3595	ヤギコーポ	0	0	0	0	0
3596	ワールド	2940	2940	2895	2895	13.3
3597	自重堂	700	700	700	700	1
3598	山喜	0	0	0	0	0
3599	コーコス	0	0	0	0	0
3600	フジックス	0	0	0	0	0
3601	ニチメンイン	1360	1390	1360	1390	2.6
3602	イタリヤード	160	160	160	160	2
3603	チャッコット	550	550	550	550	1
3706	東海パ	448	448	443	448	5
3861	王子紙	633	661	633	652	727
3863	日本製紙	629	637	625	636	667
3864	三菱紙	227	231	226	230	373
3865	北越紙	776	800	776	799	424
3868	高崎三興	98	100	96	97	40
3869	日本板紙	218	223	215	215	4
3870	日本加工製紙	78	78	75	75	29
3871	大昭和紙	375	400	375	399	41
3872	三島紙	150	150	150	150	5
3877	中越パ	293	294	285	287	42
3878	巴川紙	510	510	509	509	9
3880	大王紙	1027	1027	1012	1020	67
3881	特種紙	410	420	410	415	11
3882	紀州紙	187	188	186	186	23
3886	チューエツ	91	96	91	96	19
3887	中央板紙	100	100	100	100	1
3889	大平製紙	0	0	0	0	0
3890	ゼネＫＫ	589	590	580	580	13
3891	高度紙	1500	1500	1500	1500	4
3941	レンゴー	533	540	525	531	144
3944	古林紙	0	0	0	0	0
3945	スパバッグ	0	0	0	0	0
3946	トーモク	215	219	210	210	26
3947	ダイナパック	489	489	489	489	2
3948	光ビジネス	0	0	0	0	0
3949	日本ハイパック	238	238	238	238	3
3950	ザ・パック	800	800	800	800	3.5
3951	朝日印刷	0	0	0	0	0
3952	中央紙器	0	0	0	0	0
3953	大村紙業	450	450	450	450	1
3954	昭和パックス	0	0	0	0	0
3955	イムラ封筒	730	739	725	725	16
3971	東セロ	305	305	305	305	6
4003	コープケミ	94	94	93	93	13
4004	昭電工	135	138	134	134	1274
4005	住友化学	491	504	491	501	935
4007	日化成	153	155	153	155	11
4008	住友精化	266	269	265	265	10
4010	三菱化学	362	379	362	370	2756
4021	日産化	783	800	775	794	378
4022	ラサ工	287	292	286	286	55
4023	呉羽化	279	282	274	274	82
4025	多木化	374	374	374	374	1
4026	神島化	0	0	0	0	0
4027	テイカ	265	265	260	260	16
4028	石原産	179	180	176	178	163
4031	チッカリン	374	374	366	366	5
4032	日東バイオン	0	0	0	0	0
4033	日東エフシー	406	406	405	405	5
4041	日曹達	340	345	335	341	275
4042	東ソー	331	336	329	335	1940
4043	トクヤマ	520	525	515	516	174
4044	セ硝子	535	535	520	522	217
4045	東合成	230	230	225	226	214
4046	ダイソー	216	221	216	216	7
4047	関電化	0	0	0	0	0
4050	鶴見曹達	490	490	490	490	3
4061	電化	390	405	390	400	1347
4062	イビデン	2145	2145	2025	2025	180
4063	信越化	4650	4660	4570	4600	280
4064	カーバイド	119	119	116	116	52
4065	紀文フ	394	394	394	394	1
4077	富士チタン工業	574	574	550	569	25
4078	堺化学	730	730	714	714	91
4079	ハクスイテック	0	0	0	0	0
4080	田中化研	2170	2210	2160	2210	10
4086	日本エア・リキード	529	534	525	534	29
4088	エアウォータ	353	360	353	360	65
4089	大阪酸素工業	221	221	221	221	2
4091	大陽日酸	370	371	357	359	148
4092	日本化	345	345	332	332	127
4093	アセチレン	85	85	83	85	8
4094	日化産	350	350	345	345	5
4095	パーカライ	343	343	333	333	34
4096	昭炭酸	0	0	0	0	0
4097	高圧ガス	318	318	308	308	13
4098	チタン	173	173	171	171	5
4099	四国化	327	336	327	334	14
4100	戸田工	561	570	555	570	13
4101	日興酸素	0	0	0	0	0
4102	丸尾カル	221	221	221	221	3
4103	大陽東洋酸素	209	214	206	206	35
4104	タテホ	225	225	225	225	3
4105	メルテックス	780	780	780	780	3
4106	ケムキャット	0	0	0	0	0
4107	伊勢化	372	372	372	372	1
4109	ステラケミ	6200	6410	6200	6400	1
4112	保土谷	179	179	169	170	15
4113	田岡化	371	371	370	370	2
4114	日触媒	506	514	506	514	257
4115	本州化	0	0	0	0	0
4116	大日精	364	371	364	365	19
4117	川崎化	141	141	139	139	5
4118	カネカ	1090	1114	1090	1114	157
4119	ピグメント	295	295	290	290	16
4120	スガイ	0	0	0	0	0
4123	山化成	0	0	0	0	0
4151	協発酵	925	933	918	929	389
4182	菱ガス化	322	330	322	327	187
4183	三井化学	470	475	468	475	2211
4185	ＪＳＲ	676	709	676	704	328
4186	東応化	2050	2050	2000	2015	155.6
4187	大有機	0	0	0	0	0
4201	日合成	149	150	149	149	22
4202	ダイセル	300	305	300	303	279
4203	住友ベ	1225	1225	1206	1208	355
4204	積水化	370	370	363	364	291
4205	ゼオン	470	481	467	467	378
4206	アイカ	738	738	720	725	66
4208	宇部興	229	230	225	229	814
4209	フドー	96	96	96	96	6
4210	東洋化学	425	425	420	420	21
4212	積水樹	390	391	380	380	18
4213	菱樹脂	214	214	205	209	47
4214	高分子	367	367	358	358	23
4215	タキロン	392	402	392	393	14
4216	旭有機	326	335	326	329	26
4217	日立化	2855	2930	2850	2890	125
4218	ニチバン	355	360	355	360	8
4219	プラス・テク	103	103	103	103	4
4220	リケンテクノ	307	307	302	302	64
4221	大倉工	365	365	357	360	30
4222	児玉化	75	75	69	69	13
4224	ロンシール	75	75	71	71	13
4225	筒中	328	328	320	326	15
4226	テスコ	240	240	240	240	2
4227	郡是高分子	0	0	0	0	0
4228	積化成	191	191	183	184	30
4229	群栄化	165	170	162	164	10
4231	タイガポリ	0	0	0	0	0
4232	東芝ケミカル	380	380	365	365	11
4233	ワコー	420	420	420	420	2
4234	サンエー化研	750	779	750	779	2
4271	カーリット	840	840	800	800	28
4272	日化薬	663	663	645	660	483
4274	細火工	0	0	0	0	0
4361	川口化	0	0	0	0	0
4362	日精化	415	417	410	410	11
4363	新日鐵化学	194	195	190	190	21
4364	マナック	499	499	499	499	1
4365	松本油脂	1950	1950	1950	1950	2
4366	ダイトーケミ	766	785	766	785	4
4367	広栄化学	0	0	0	0	0
4401	旭電化	800	801	785	790	54
4403	日油脂	232	237	232	236	153
4404	ミヨシ	241	245	240	240	60
4406	日理化	594	594	594	594	1
4409	東邦化	0	0	0	0	0
4410	ハリマ化成	433	433	421	421	4
4452	花王	2900	2910	2850	2860	1216
4461	一工薬	326	329	321	325	17
4462	石原薬品	938	938	938	938	1
4463	日華化学	430	430	430	430	6
4471	三洋化	900	904	890	891	55
4501	三共	2340	2355	2300	2335	717
4502	武田	6660	6720	6610	6660	1017
4503	アステラス薬	5180	5200	5090	5200	497
4505	第一製薬	2600	2655	2590	2620	362
4506	大日薬	1401	1415	1400	1408	172
4507	塩野義	1959	1985	1948	1949	260
4508	田辺薬	813	820	806	810	199
4509	三菱ウェルファーマ	810	815	809	809	204
4511	藤沢薬品	4150	4150	3980	4080	407
4512	わかもと	435	435	433	433	5
4514	帝臓器	742	743	741	741	7
4515	萬有製薬	2350	2395	2310	2365	637
4516	日新薬	1065	1068	1049	1060	61
4517	ビオフェル	940	940	911	911	2
4518	富山化	510	510	500	509	104
4519	中外薬	1889	1900	1872	1900	404
4520	和光堂	0	0	0	0	0
4521	科研薬	704	705	700	702	78
4523	エーザイ	3340	3350	3250	3310	360
4524	仁丹	1750	1780	1750	1780	2
4526	理ビタ	1453	1464	1453	1460	11
4527	ロート	1300	1351	1287	1330	203
4528	小野薬	4190	4290	4190	4230	52
4529	日研化	373	385	373	385	34
4530	久光薬	1710	1715	1633	1650	55
4531	有機薬	373	375	362	375	6
4534	持田薬	697	706	690	690	34
4535	大正薬	3290	3330	3250	3310	299
4536	参天薬	2140	2140	2100	2125	103
4537	エスエス	1079	1090	1070	1080	49
4538	扶桑薬	595	600	591	600	26
4539	ケミファ	255	255	247	247	13
4540	ツムラ	370	375	365	365	12
4541	日医工	158	158	152	152	4
4542	三笠薬	420	420	420	420	1
4543	テルモ	3060	3120	3030	3040	316.3
4544	みらかＨＤ	805	835	800	825	419
4545	国際試薬	391	398	369	389	179
4546	北陸製薬	1394	1400	1350	1352	76
4547	キッセイ	2010	2020	1976	1980	44
4548	生化学	1130	1130	1120	1120	2
4549	栄研化	1770	1770	1680	1680	8
4550	日水薬	650	650	650	650	1
4551	鳥居薬	2740	2795	2740	2780	4.4
4552	日本ケミカル	820	820	800	820	21
4553	東和薬品	730	735	730	735	48
4554	富士製薬	370	370	360	360	8
4555	沢井製薬	1150	1150	1150	1150	3
4556	カイノス	1100	1100	1070	1080	8
4557	医学生物	1800	1900	1650	1750	77
4558	中京医薬	0	0	0	0	0
4559	ゼリア新薬	1192	1197	1192	1195	5
4560	キョーリン薬	4200	4200	4150	4150	34
4561	デンカ生研	0	0	0	0	0
4611	大日塗	180	180	176	176	28
4612	日本ペ	339	339	330	330	138
4613	関西ペ	289	308	289	301	183
4614	トウペ	158	158	158	158	1
4615	神東塗	130	130	129	129	21
4616	川上塗	0	0	0	0	0
4617	中国塗	214	215	213	213	15
4619	日特塗	259	259	252	252	3
4620	藤倉化	380	380	370	370	4
4621	ロック	800	800	800	800	6
4622	ユニペイン	150	150	150	150	2
4623	アサヒペン	283	283	283	283	6
4624	イサム	0	0	0	0	0
4625	アトミクス	365	365	350	365	9
4626	太陽インキ	6000	6000	5800	6000	0.6
4627	ナトコ	850	850	850	850	5
4628	エスケー化研	0	0	0	0	0
4629	大伸化学	370	370	370	370	3
4631	インキ	385	394	384	394	437
4633	サカタＩＮＸ	282	282	270	270	17
4634	洋インキ	200	200	195	195	62
4635	東インキ	242	242	242	242	1
4636	Ｔ＆Ｋ	2840	2860	2800	2840	3.4
4640	アンドール	431	431	430	430	3
4641	アルプス技	2010	2010	1980	1980	7
4642	オリジナル設	1019	1019	1019	1019	1.5
4643	コナミスポ	7200	7200	7110	7140	6.7
4644	イマジニア	1610	1610	1570	1600	8.1
4645	市進	0	0	0	0	0
4646	ジャスフォート	870	871	870	871	1.4
4649	大成	0	0	0	0	0
4650	スガイエンタ	0	0	0	0	0
4651	サニックス	6730	6890	6720	6890	22.3
4652	ウッドランド	1940	1940	1900	1940	9.8
4653	ダイオーズ	0	0	0	0	0
4654	ニチゾウテク	325	325	325	325	3
4655	ＮＯＶＡ	535	570	535	560	7
4656	サン・ライフ	3200	3200	3200	3200	0.2
4657	環境管理	0	0	0	0	0
4658	日本空調	0	0	0	0	0
4659	エイジス	890	901	890	900	4
4660	ニッポン放送	5710	5800	5710	5800	6
4661	ＯＬＣ	9000	9060	8990	8990	67.4
4662	フォーカス	3300	3330	3250	3330	14
4663	ＡＴＬ	680000	760000	660000	660000	0.016
4664	ＲＳＣ	0	0	0	0	0
4666	パーク２４	13620	13700	13400	13600	5.5
4667	アイサンテク	250	255	250	250	3
4668	明光ネット	397	397	389	389	3
4669	ニッパンＲ	0	0	0	0	0
4670	セタ	0	0	0	0	0
4671	ファルコバ	2200	2200	2150	2170	6
4672	ベルックス	0	0	0	0	0
4673	川崎地質	0	0	0	0	0
4674	クレスコ	7990	7990	7650	7800	6.1
4675	エヌエス環境	0	0	0	0	0
4676	フジテレビ	1460000	1460000	1440000	1450000	0.813
4678	秀英	1240	1240	1220	1220	0.6
4679	田谷	2710	2800	2710	2800	1.2
4680	ラウンドワン	175000	180000	175000	177000	0.129
4681	リゾートトラ	2480	2480	2450	2450	1.4
4682	電通テック	11000	11100	10600	10600	1.2
4683	堀内カラー	520	540	520	539	6
4684	オービック	40050	40100	38600	39300	14.6
4685	菱友システム	580	585	575	575	5
4686	ジャスト	5300	5300	5100	5190	6.7
4687	ＴＤＣソフト	3990	3990	3850	3850	1.5
4688	日本ドレーク	10900	10900	10700	10700	1.2
4689	ヤフー	13000000	14750000	13000000	14600000	0.091
4690	日パレット	0	0	0	0	0
4692	アルゴ２１	3770	3770	3700	3710	11.9
4694	ＢＭＬ	3920	4000	3920	3950	23.4
4695	マイスター	540	540	540	540	2
4696	ワタベ	951	951	950	950	3
4697	ゼロ	275000	285000	262000	271000	0.115
4699	ウチダエスコ	335	335	335	335	1
4700	アクセス	6290000	6300000	6200000	6200000	0.005
4701	プレック研	587	590	587	590	2
4702	55ステーション	660	660	660	660	1
4703	住商オート	820	820	805	805	2.1
4704	トレンド	14820	15080	14450	14800	95.5
4705	クリップ	0	0	0	0	0
4706	富士通サポート	13890	13890	13450	13460	25.6
4707	キタック	497	497	497	497	1
4708	もしもしＨＬ	8570	8590	8480	8500	4.2
4709	ＩＤ	1200	1200	1200	1200	1.6
4710	ウィン	0	0	0	0	0
4711	コミュニティ	1167	1169	1167	1167	1.8
4712	アドアーズ	410	410	410	410	2
4713	日信電サ	0	0	0	0	0
4714	リソー教育	200000	200000	198000	198000	0.013
4715	クリエイティブ	0	0	0	0	0
4716	日本オラクル	29100	29100	28090	28700	46
4717	ソデッソジャパン	0	0	0	0	0
4718	早稲アカ	375	375	360	360	5
4719	アルファシス	16300	16360	15800	16000	11.8
4720	城南進研	410	460	410	460	5
4721	フジスタッフ	2240	2250	2220	2240	2.8
4722	フューチャー	1600000	1600000	1500000	1530000	0.025
4723	グッドウィル	245000	245000	228000	229000	0.543
4724	シチエ	940	960	940	960	3.3
4725	ＣＡＣ	5900	5900	5900	5900	0.7
4726	ソフトバンテク	7500	7500	7400	7400	3.5
4727	アジアＳ総研	2660	2680	2660	2680	3.5
4728	トーセ	5250	5350	5150	5150	34.6
4729	コナミスタジオ	400000	400000	384000	400000	0.022
4730	関西メンテ	698	698	698	698	4
4731	ユニバホーム	0	0	0	0	0
4732	ＵＳＳ	2910	2980	2900	2980	39
4733	ＯＢＣ	10700	10800	10400	10800	5.7
4734	ビーイング	660	660	660	660	2
4735	京進	383	383	382	382	3
4736	日本ラッド	1100	1100	1100	1100	1
4737	シダックス	1140	1140	1110	1140	2.9
4738	日立ビジネス	1800	1820	1800	1810	1.9
4739	ＣＴＣ	20300	20960	20010	20810	156
4740	ニューディル	450000	450000	450000	450000	0.068
4741	ＩＲＩ	2850000	2850000	2820000	2840000	0.023
4742	エイトコン	696000	700000	696000	699000	0.009
4743	アイティフォ	4760	4760	4500	4550	3.9
4744	メッツ	690000	690000	665000	665000	0.012
4745	東京個別	0	0	0	0	0
4746	東計電算	1185	1185	1151	1151	5
4747	Ｃフィッシュ	0	0	0	0	0
4748	構造計画	1450	1490	1450	1490	11
4749	アドバックス	300	300	300	300	2
4750	ダイサン	0	0	0	0	0
4751	サイバエージ	731000	731000	700000	710000	0.033
4752	昭和システム	481	501	481	501	2
4753	ライブドア	1950000	2100000	1920000	2000000	0.015
4754	トスネット	385	395	385	395	3
4755	楽天	2890000	2910000	2850000	2900000	0.181
4756	ＣＣＣ	1400	1400	1350	1350	5
4757	インテリ	2100000	2130000	2090000	2130000	0.017
4758	シーアイエス	0	0	0	0	0
4759	ライブＭ	2100000	2100000	2100000	2100000	0.001
4760	ＡＬＰＨＡ	480	490	480	490	7
4761	さくらＫＣＳ	970	970	970	970	10
4762	エクスネット	2900000	2900000	2900000	2900000	0.004
4763	クリークリバ	1900000	1900000	1900000	1900000	0.003
4764	Ｄデザイン	1750000	1800000	1750000	1750000	0.015
4765	モーニングＳ	3440000	3440000	3300000	3300000	0.017
4766	ピーエイ	980	980	969	969	6
4767	ＴＯＷ	1100	1100	1100	1100	5
4768	大塚商会	6100	6100	5910	6000	18.4
4769	インフォクリ	575	575	575	575	3
4770	エルミック	1290	1290	1290	1290	1
4771	Ｆ＆Ｍ	3090000	3100000	3050000	3100000	0.005
4772	デジタルアド	6300	7200	6300	7100	107
4773	Ａ＆Ｉ	1879	1879	1810	1811	13
4774	NECソフト	16200	16650	16000	16010	42.2
4775	総合メディカ	1730	1880	1730	1840	4.3
4776	ＣＹＢＯＺＵ	2280000	2320000	2130000	2130000	0.014
4777	ガーラ	1550000	1590000	1510000	1550000	0.014
4778	ヒューマネジ	1800000	1800000	1800000	1800000	0.001
4780	コナミ東京	1990	2000	1940	1970	13
4781	日本ハウズ	460	475	435	445	36
4782	オリコンサル	330	330	320	320	4
4783	日ダイナミク	680	698	680	680	6
4784	まぐクリック	2460000	2500000	2210000	2340000	0.02
4785	Ｓサイエンス	782	800	781	800	13
4786	ディジット	1240000	1440000	1170000	1430000	0.482
4787	ＮＣＧ	970000	1070000	950000	1070000	0.281
4788	サイバＣＯＭ	995000	995000	950000	995000	0.835
4789	エスイーラボ	925	925	910	925	10
4790	グレース	458000	470000	453000	460000	0.006
4791	ドリーム・トレイン	1780000	1830000	1590000	1810000	0.027
4901	富士写	3780	3800	3730	3780	654
4902	コニカＨＤ	800	800	785	795	387
4911	資生堂	1339	1365	1331	1359	1422
4912	ライオン	401	402	389	389	107
4913	サンスター	340	340	340	340	6
4914	高砂香	433	440	426	431	42
4915	エイボンＪ	216	216	216	216	1
4916	ノエビア	1080	1080	1080	1080	2
4917	マンダム	1250	1280	1240	1250	42.8
4918	アイビー	430	430	430	430	1
4919	ミルボン	6600	6800	6600	6800	4.1
4920	日本色材	450	450	450	450	1
4921	ファンケル	8950	9070	8800	8800	19
4922	コーセー	3050	3170	3050	3160	31.9
4951	エステー化	640	658	640	642	13
4953	タイホー工業	410	410	410	410	1
4954	マークテック	0	0	0	0	0
4955	アグロカネシ	830	830	810	810	2
4956	コニシ	1021	1035	1011	1011	8.5
4957	ヤスハラケミ	0	0	0	0	0
4958	長谷川香料	1711	1720	1711	1711	6.2
4959	シーシーアイ	590	590	590	590	2
4960	ケミプロ	0	0	0	0	0
4961	日油技研	665	665	660	660	3
4963	星光ＰＭＣ	0	0	0	0	0
4964	星光化学工業	380	380	380	380	0.1
4965	曽田香料	0	0	0	0	0
4966	上村工	0	0	0	0	0
4967	小林製薬	7290	7400	7000	7280	8.4
4968	荒川化工	851	851	851	851	1
4970	東洋合成	1330	1350	1300	1310	10
4987	寺岡製	780	780	780	780	1
4989	イハラケミ	215	215	212	215	6
4990	昭和化	0	0	0	0	0
4992	北興化	321	327	321	326	5
4996	クミアイ化	189	189	189	189	7
4997	日農薬	256	260	253	258	39
4998	フマキラ	180	180	179	179	7
4999	セメダイン	0	0	0	0	0
5001	新日本石油	583	597	577	597	706
5002	昭和シェル	535	545	531	543	276
5006	興亜石油	290	291	289	290	73
5007	コスモ石	206	210	204	209	655
5008	東亜石	117	117	115	115	19
5009	富士興	75	77	75	77	13
5010	日精蝋	75	81	75	81	7
5011	ニチレキ	485	485	484	484	15
5012	東燃ゼネ石	562	570	561	570	230
5013	ユシロ	557	557	557	557	6
5014	ジャパンエナジー	123	125	121	124	1682
5015	ＢＰカスト	640	640	630	630	5.9
5101	浜ゴム	247	254	247	252	325
5102	大機エンジ	0	0	0	0	0
5103	昭ゴム	162	169	160	161	174
5104	日東化工	0	0	0	0	0
5105	洋ゴム	150	151	147	148	401
5106	オーツタイヤ	193	193	185	186	9
5108	ブリヂストン	1349	1352	1297	1309	1934
5110	住友ゴ	618	641	618	635	134
5121	藤ゴム	203	209	203	209	7
5122	オカモト	262	265	261	261	33
5123	ミサワ東洋	0	0	0	0	0
5142	アキレス	161	163	158	158	54
5143	世界長	117	117	110	110	28
5161	西川ゴム	0	0	0	0	0
5162	朝日ラバー	1450	1530	1450	1530	44
5184	ニチリン	0	0	0	0	0
5185	フコク	570	575	570	575	1.5
5186	ニッタ	1350	1370	1349	1349	36.4
5187	クリエート	680	680	680	680	1
5188	帝都ゴム	126	126	126	126	1
5189	桜ゴム	0	0	0	0	0
5191	東海ゴ	1120	1120	1085	1085	13
5192	三星ベ	273	274	271	273	16
5193	平成ポリマー	0	0	0	0	0
5194	相模ゴ	550	550	550	550	3
5195	バンドー	214	215	210	210	98
5196	鬼ゴム	90	90	90	90	7
5199	不二ラテ	165	165	165	165	1
5201	旭硝子	1075	1096	1070	1089	2721
5202	板硝子	1669	1727	1669	1727	1538
5204	石塚硝	220	220	220	220	18
5205	日本無機	421	421	409	409	13
5208	有沢製	3390	3390	3300	3300	6.5
5210	日山村硝	179	179	172	173	103
5212	不二硝	0	0	0	0	0
5213	芝セラミ	686	690	676	678	237
5214	日電硝	2445	2450	2410	2410	212
5215	旭テクノグラス	1000	1000	990	1000	7
5216	倉元	1950	1980	1920	1950	15.2
5217	テクノクオツ	2040	2040	2000	2000	6
5232	住友大阪	466	473	455	460	556
5233	太平洋セメ	173	175	170	170	563
5234	デイ・シイ	163	163	163	163	1
5237	ノザワ	82	102	82	95	18
5261	ミサワリゾ	275	275	268	268	15
5262	日ヒューム	253	264	251	251	11
5266	テイヒュー	135	135	135	135	1
5267	ハネックス	115	115	115	115	6
5268	旭コン	301	301	301	301	2
5269	日コン	119	119	110	110	22
5271	トヨアサノ	0	0	0	0	0
5272	浅野スレ	126	126	118	118	3
5273	三谷セキ	270	270	270	270	2
5274	ゼニパイプ	143	143	138	138	5
5276	石建工	385	386	382	382	12
5277	スパンクリト	340	340	340	340	1
5278	エバタ	0	0	0	0	0
5279	日本興業	0	0	0	0	0
5280	ヨシコン	0	0	0	0	0
5281	旭ダンケ	0	0	0	0	0
5282	ジオスター	0	0	0	0	0
5283	高見沢	0	0	0	0	0
5284	ヤマウ	0	0	0	0	0
5285	ヤマックス	410	410	405	405	7
5286	武井工業	255	255	255	255	2
5287	イトヨーギョ	930	930	930	930	1
5301	東海カ	256	258	252	252	213
5302	カーボン	104	106	104	105	46
5304	エスイ−シ−	254	254	250	250	2
5331	ノリタケ	492	492	476	479	63
5332	ＴＯＴＯ	855	873	845	870	1137
5333	ガイシ	1500	1532	1500	1524	343
5334	特殊陶	1870	1870	1822	1834	1159
5336	INAX	542	550	531	531	313
5337	ダントー	374	374	372	372	7
5338	大トー	0	0	0	0	0
5341	アサヒ陶	0	0	0	0	0
5342	ジャニス	0	0	0	0	0
5343	ニッコー	450	450	441	441	2
5344	ＭＡＲＵＷＡ	4040	4050	3920	3960	4.1
5351	白煉瓦	222	222	217	218	35
5352	黒崎	175	177	172	173	38
5355	ルツボ	140	140	135	135	5
5356	美濃窯	0	0	0	0	0
5357	ヨータイ	198	200	190	200	3
5358	イソライト	186	186	186	186	1
5361	東海熱	651	660	651	660	3
5362	九州耐	305	305	305	305	1
5363	ＴＹＫ	204	204	199	204	8
5367	ニッカトー	859	859	850	850	5
5382	中央商事	290	290	290	290	1
5383	三共理化	588	588	588	588	4
5384	フジミインコ	4730	4730	4660	4660	10.5
5386	鶴弥	622	622	622	622	1
5387	チヨダウーテ	960	960	960	960	3
5388	クニミネ	305	305	300	300	2
5389	日レヂボン	290	290	290	290	2
5390	宇部マテリア	141	142	141	142	5
5391	Ａ＆ＡＭ	125	127	123	123	13
5393	ニチアス	367	370	363	370	405
5395	コランダム	0	0	0	0	0
5397	ＭＩＥテクノ	116	116	115	115	3
5398	日研紙	0	0	0	0	0
5401	新日鉄	189	191	187	187	12018
5403	川崎製鉄	122	124	121	121	5485
5404	日本鋼管	66	67	65	66	1564
5405	住金	64	65	63	65	1855
5406	神戸鋼	66	68	66	67	1469
5407	日新鋼	86	87	85	85	1570
5408	中山鋼	139	139	134	134	15
5410	合同鉄	106	107	104	104	119
5423	東京製鉄	450	457	450	451	81.1
5444	大和工	372	373	362	369	157
5445	東京鉄	79	79	75	75	6
5446	北越メ	135	135	135	135	1
5448	東京鋼鉄	0	0	0	0	0
5449	大阪製鉄	468	475	466	466	4.3
5451	淀川鋼	266	270	266	270	66
5453	洋鋼鈑	310	311	302	302	87
5454	日鉄鋼板	197	198	196	196	34
5457	住友鋼管	347	350	330	349	13
5458	高砂鉄	111	111	111	111	1
5461	中部鋼	164	164	164	164	2
5462	日鉄鋼管	130	130	130	130	5
5463	丸一管	1580	1594	1557	1573	93
5464	モリ工	0	0	0	0	0
5471	大同特鋼	274	278	272	277	170
5476	高周波	94	98	94	95	99
5479	日金工	82	82	81	81	13
5480	冶金工	68	68	66	66	192
5481	山陽鋼	167	169	167	168	30
5482	愛知鋼	323	324	320	320	43
5484	東北鋼	0	0	0	0	0
5486	日立金	860	880	860	873	94
5491	日金属	100	100	98	98	75
5541	大平金	229	232	227	227	178
5542	報国鉄	531	531	531	531	0.6
5562	日本重化学	134	134	131	131	147
5563	日本電工	164	164	159	159	136
5566	中央電	182	185	180	185	13
5602	栗本鉄	246	246	244	244	58
5603	虹技	101	110	101	102	23
5605	自動鋳	63	69	63	69	17
5606	旭テック	160	161	160	161	5
5607	中可鍛	310	310	310	310	1
5608	川口金	226	226	226	226	1
5609	日鋳造	90	90	85	85	21
5610	大和重	140	140	130	130	3
5612	鋳鉄管	210	215	210	215	3
5613	日本カタン	0	0	0	0	0
5631	日製鋼	109	110	106	109	95
5632	菱製鋼	90	90	87	90	68
5633	関東特殊製鋼	79	81	78	81	23
5641	ＴＤＦ	395	403	375	375	26
5642	日本鍛工	49	50	49	50	3
5644	メタルアート	118	118	115	115	3
5645	イチタン	0	0	0	0	0
5657	鈴木金	145	145	145	145	2
5658	日亜鋼	355	355	355	355	4
5659	日精線	212	219	212	218	12
5660	神鋼線	74	74	74	74	8
5691	東京シヤリング	106	106	106	106	1
5694	大和綱帯	0	0	0	0	0
5695	パウダテック	345	345	345	345	3
5696	川鉄鋼板	109	109	109	109	1
5697	サンユウ	0	0	0	0	0
5701	日軽金	98	98	96	96	281
5702	大紀ア	0	0	0	0	0
5706	三井金	915	950	910	950	2383
5707	東邦鉛	212	214	210	211	146
5711	三菱マ	337	339	331	335	2553
5713	住友鉱	557	558	545	552	1015
5714	同和鉱	346	352	342	344	1584
5715	古河機金	270	273	265	269	1299
5716	日鉱金属	575	578	570	577	231
5721	Ｓサイエンス	740	743	721	742	417
5727	邦チタ	474	480	469	470	12
5728	アライドマテリアル	970	970	970	970	2
5729	日精鉱	370	370	345	358	49
5734	昭和アルミ	145	148	142	143	31
5738	住軽金	85	86	81	82	65
5739	日製箔	180	180	180	180	7
5740	九州不二サッシ	0	0	0	0	0
5753	日伸銅	73	73	70	70	4
5756	東海アルミ箔	55	55	54	54	29
5757	サンエツ	0	0	0	0	0
5771	菱伸銅	330	331	325	326	43
5781	東邦金	180	180	180	180	1
5801	古河電	2800	2830	2770	2795	2102
5802	住友電	1786	1814	1786	1804	1273
5803	フジクラ	876	886	857	886	1502
5804	菱線工	360	364	346	350	323
5805	昭電線	253	256	248	250	308
5807	東特線	350	350	348	350	24
5808	理研線	375	375	351	355	9
5809	タツタ	181	184	179	179	48
5810	第一電工	108	110	108	110	116
5811	トヨ電線	0	0	0	0	0
5812	日立線	1271	1287	1235	1280	458
5813	花島電線	200	200	200	200	2
5815	沖電線	292	292	282	282	13
5816	オーナンバ	201	201	201	201	4
5817	日電線	0	0	0	0	0
5818	東日京三電線	0	0	0	0	0
5819	カナレ電気	2050	2050	2040	2040	0.4
5820	三ッ星	0	0	0	0	0
5851	リョービ	184	185	180	185	109
5852	アーレスティ	0	0	0	0	0
5853	京都ダイカスト	141	141	141	141	3
5854	東京理化工	97	102	97	100	12
5855	アサヒプリテ	2000000	2000000	2000000	2000000	0.009
5900	ダイケン	420	420	420	420	2
5901	洋カン	1898	1908	1860	1879	159
5902	北カン	286	288	274	280	75
5903	シンポ	590	600	590	600	4
5904	アルコアシステム	0	0	0	0	0
5905	日カン	0	0	0	0	0
5906	エムケー精工	0	0	0	0	0
5907	ＪＦＥコンテ	0	0	0	0	0
5908	日鉄ドラム	0	0	0	0	0
5909	コロナ	1100	1100	1060	1100	3.2
5910	立山アルミ	0	0	0	0	0
5911	横河ブ	430	444	430	435	22
5912	日本橋	132	136	125	136	25
5913	松尾橋	220	225	218	218	9
5914	宮地鐵工所	204	204	196	196	6
5915	駒井鉄	271	275	270	270	81
5916	ハルテック	227	228	226	226	11
5917	サクラダ	107	107	105	105	4
5918	滝上工	316	316	275	292	404
5919	日鉄塔	313	313	310	310	3
5921	川岸工	0	0	0	0	0
5922	那須鉄	0	0	0	0	0
5923	高田機	436	450	436	450	24
5925	酒井鉄工所	125	125	125	125	1
5926	安治川鉄工	0	0	0	0	0
5927	ホリー	0	0	0	0	0
5928	アルメタクス	202	202	202	202	1
5929	三和シャタ	305	307	301	301	253
5930	文化シヤタ	235	236	226	226	35
5931	川田工	203	203	201	201	4
5932	三協アルミ	84	86	83	83	43
5933	アルインコ	220	221	211	211	13
5934	日本ア	55	59	55	59	15
5935	元旦	0	0	0	0	0
5936	洋シヤタ	84	84	79	79	97
5938	住生活Ｇ	1416	1435	1416	1427	257
5939	大谷工業	160	160	160	160	1
5940	不二サッシ	120	120	104	112	20.6
5941	中西製	0	0	0	0	0
5942	フイルコン	0	0	0	0	0
5943	ノーリツ	1145	1145	1138	1141	13
5944	日立粉末	1167	1199	1159	1199	10
5945	天竜製鋸	0	0	0	0	0
5946	長府製	1348	1360	1348	1348	43.2
5947	リンナイ	2290	2370	2280	2330	37.6
5949	ユニプレス	177	177	174	177	12
5950	パワーファス	0	0	0	0	0
5951	ダイニチ工業	269	274	269	269	5.6
5952	アマテイ	102	102	99	99	2
5954	トープラ	520	527	476	489	436
5955	ヤマシナ	137	140	130	139	812
5956	トーソー	0	0	0	0	0
5957	日東精	220	220	215	215	8
5958	三洋工	550	567	545	567	266
5959	岡部	346	346	340	340	18
5961	トーカロ	870	870	801	870	3.8
5962	浅香工	0	0	0	0	0
5963	日立ツール	696	696	651	695	7
5964	洋刃物	150	159	140	140	12
5965	フジマック	0	0	0	0	0
5966	ＫＴＣ	303	303	303	303	1
5967	前田金	0	0	0	0	0
5969	ロブテックス	121	121	121	121	3
5970	菊池プレス	587	587	580	580	4
5971	共和工業	0	0	0	0	0
5972	日本建鐵	257	260	253	253	7
5973	トーアミ	0	0	0	0	0
5974	中国工	165	166	162	162	16
5975	東プレ	341	346	340	340	61
5976	ネツレン	299	299	291	291	42
5977	コマツ電子	1130	1130	1100	1119	23.4
5979	カネソウ	460	460	460	460	1
5980	田中亜鉛	212	215	212	215	2
5981	東京綱	128	130	128	128	41
5982	マルゼン	0	0	0	0	0
5983	イワブチ	0	0	0	0	0
5984	兼房	0	0	0	0	0
5985	サンコール	405	405	400	400	9
5986	モリテック	230	230	230	230	4
5987	オーネックス	0	0	0	0	0
5988	パイオラクス	630	630	625	625	2
5989	ヒラタ	400	400	400	400	2
5990	スーパツール	156	156	156	156	2
5991	ニッパツ	466	480	465	469	321
5992	中央発條	386	388	386	388	8
5993	知多鋼	0	0	0	0	0
5994	ファインＳ	310	310	310	310	3
5995	科学冶金	469	469	469	469	1
5996	新立川	730	730	700	700	1.1
5997	協立エアテク	480	480	470	470	0.7
5998	アドバネクス	320	320	306	307	95
5999	イハラサイエ	330	339	330	339	15
6005	三浦工	1406	1406	1380	1381	7.3
6011	新潟鉄工所	75	75	73	73	362
6013	タクマ	780	785	779	782	44
6016	神発動	0	0	0	0	0
6018	阪神燃	100	100	100	100	6
6020	神鋼造機	83	83	83	83	1
6021	ロビン	202	202	202	202	2
6022	赤阪鉄	91	94	91	94	2
6023	ダイハツデ	155	155	155	155	1
6041	ボッシュ	141	142	131	135	156
6042	ニッキ	0	0	0	0	0
6101	ツガミ	418	421	418	419	115
6102	池貝	140	143	140	143	32
6103	オークマ	460	465	453	460	125
6104	東芝機	555	562	545	561	346
6106	日立精機	194	194	190	194	68
6107	アマダマシ	294	295	280	280	68
6111	旭精機	200	200	200	200	2
6112	小島鉄	0	0	0	0	0
6113	アマダ	840	854	830	834	129
6114	住倉工業	188	195	185	186	26
6118	アイダ	520	534	520	529	136
6119	ゼィープラス	0	0	0	0	0
6121	滝澤鉄	90	90	90	90	4
6125	岡本工	141	144	137	144	24
6130	日平トヤマ	318	319	306	312	79
6131	浜井産	142	143	142	143	2
6134	富機製	4240	4250	4140	4140	68.9
6135	牧野フ	860	895	860	870	84
6136	ＯＳＧ	618	622	618	620	20
6137	小池工	173	173	166	166	15
6138	ダイジェト	200	200	200	200	2
6139	東芝タンガロイ	697	700	697	698	11
6140	旭ダイヤ	647	647	625	626	22
6141	森精機	1362	1376	1360	1360	40
6142	富士精	232	232	231	231	3
6143	ソディック	725	740	725	740	24
6144	西部電機	235	235	235	235	2
6145	日特エンジ	1900	1910	1800	1800	18
6146	ディスコ	14590	14700	14400	14550	54.8
6147	ヤマザキ	0	0	0	0	0
6148	UHT	2730	2730	2550	2600	14.4
6149	小田原エンジ	615	615	615	615	2
6150	タケダ機械	109	115	101	115	4
6151	日東工器	2860	2940	2840	2840	9.3
6201	豊田織	2130	2200	2120	2200	556
6203	豊和工	140	140	137	140	63
6204	キリウ	190	190	190	190	1
6205	ＯＫＫ	163	165	163	163	24
6206	豊田工	885	885	867	867	43
6208	石川製	110	114	110	111	22
6210	東洋機械	443	443	443	443	1
6211	倉敷機	0	0	0	0	0
6212	帝人製機	271	271	262	262	62
6213	ＯＭ製	155	155	155	155	1
6214	大隈豊和機械	219	219	219	219	26
6216	寿工業	120	120	120	120	1
6217	津田駒	0	0	0	0	0
6218	エンシュウ	195	196	191	191	4
6221	大東製機	280	280	280	280	1
6222	島精機	2200	2215	2130	2210	8.7
6242	スピンドル	235	235	229	229	6
6245	ヒラノテク	0	0	0	0	0
6246	井上金	200	200	200	200	1
6247	日阪製	500	502	500	502	5
6271	ニッセイ	831	832	831	832	2
6272	レオン	400	400	399	399	3
6273	ＳＭＣ	16330	16500	16300	16450	140.7
6274	新川	4580	4580	4500	4510	42.1
6275	イセキ開発工	94	94	94	94	3
6276	ナビタス	735	740	735	740	2
6277	ホソミクロン	702	702	700	700	4
6278	ユニオンツル	9400	9600	9350	9540	15.9
6279	瑞光	1000	1020	1000	1020	4.2
6280	名機製	700	710	688	700	134
6281	前田製作	525	620	525	600	10
6282	オイレス	1967	1968	1920	1920	16.6
6283	オリイメック	360	360	360	360	2
6284	ＡＳＢ機械	380	384	380	384	3
6286	静甲	610	610	600	600	2
6287	サトー	2780	2850	2780	2825	5.6
6288	ハマダ印刷機	0	0	0	0	0
6289	技研製	0	0	0	0	0
6290	ＳＥＳ	1410	1410	1400	1400	10
6291	エアーテック	0	0	0	0	0
6292	カワタ	744	745	744	745	2
6293	日精樹脂	1377	1394	1360	1389	53
6294	オカアイヨン	195	195	195	195	1
6295	富士変速	230	236	230	236	0.4
6296	ロキテクノ	1560	1560	1480	1500	8
6297	鉱研工業	339	339	333	333	0.2
6298	ワイエイシイ	1610	1610	1580	1580	13
6299	神鋼環境Ｓ	320	330	280	280	15
6300	アピクヤマダ	1040	1040	1020	1021	11
6301	コマツ	618	625	608	620	670
6302	住友機	251	253	248	252	463
6303	ササクラ	0	0	0	0	0
6304	マキ製作所	0	0	0	0	0
6305	日立建機	476	476	455	455	101
6306	日工	264	264	259	259	5
6307	サンセイ	81	81	80	80	6
6309	巴工業	0	0	0	0	0
6310	井関農	87	88	85	86	172
6311	セイレイ工業	239	244	239	244	4
6312	フロイント	0	0	0	0	0
6313	共立	153	154	145	150	44
6314	石井工研	1140	1140	1130	1130	0.2
6315	ＴＯＷＡ	3340	3390	3330	3330	34.7
6316	丸山製	151	152	145	147	46
6317	北川鉄	138	144	138	142	26
6319	シンニッタン	0	0	0	0	0
6320	新ダイワ	0	0	0	0	0
6321	石搬機	370	370	367	369	18
6322	タクミナ	0	0	0	0	0
6323	ローツェ	2280	2280	2100	2100	3
6324	ハーモニック	2690000	2700000	2630000	2700000	0.007
6325	タカキタ	0	0	0	0	0
6326	クボタ	358	363	354	356	386
6327	北川精機	725	740	695	705	27
6328	荏原実業	1530	1540	1530	1530	16
6329	ＨＥＣ	0	0	0	0	0
6330	東洋エンジ	98	98	83	94	190
6331	化工機	222	222	220	222	43
6332	月島機	643	650	640	643	23
6333	帝国電	620	620	620	620	3
6334	明治機	156	157	155	155	186
6335	東京機	395	409	395	408	29
6336	石井表記	3210	3210	3000	3000	7.4
6337	テセック	0	0	0	0	0
6338	タカトリ	1060	1060	1060	1060	2
6339	新東工	288	288	285	285	24
6340	渋谷工	822	830	822	830	2
6341	日立造船富岡	0	0	0	0	0
6342	太平製	93	93	93	93	2
6343	フリージア	47	48	41	48	47
6345	アイチコーポ	183	191	182	191	18.9
6346	菊川鉄	0	0	0	0	0
6347	プラコー	102	102	101	101	13
6348	日本マリンテクノ	0	0	0	0	0
6349	小森	1315	1334	1315	1320	109
6350	新日本造機	141	141	140	140	2
6351	鶴見製	510	512	510	512	3
6352	トヨコケン	110	112	110	112	7
6354	日立機電	408	408	408	408	2
6355	住友精	375	375	375	375	5
6356	日ギア	205	205	205	205	2
6357	三精輸	339	339	330	330	6
6358	酒井重	238	238	230	231	15
6359	粟村製作所	137	187	137	187	13
6360	東自機	0	0	0	0	0
6361	荏原	1600	1601	1594	1600	352
6362	石井鉄	209	209	208	208	4
6363	酉島	530	530	514	514	5
6364	北越工	146	146	141	141	3
6365	電業社	4750	4750	4750	4750	0.2
6366	千代建	89	89	86	89	101
6367	ダイキン	1982	2015	1978	2000	222
6368	オルガノ	460	472	460	471	24
6369	トヨカネツ	112	112	109	109	37
6370	栗田工	2010	2055	2010	2055	174
6371	椿本チ	396	396	384	384	93
6372	セイサ	0	0	0	0	0
6373	大同工	265	265	255	255	11
6374	ＴＣＭ	334	335	328	330	82
6375	コンベヤ	96	96	93	95	70
6376	日機装	609	610	600	600	45
6377	甲陽建設	239	245	239	245	25
6378	木村化	224	226	224	226	8
6379	新興プラン	107	114	107	114	11
6380	オリチェン	0	0	0	0	0
6381	アネスト岩田	170	170	167	168	28
6382	トリニ工	248	248	248	248	6
6383	ダイフク	1074	1099	1074	1080	52
6386	扶桑レクセ	0	0	0	0	0
6388	ミサワバン	349	350	345	350	12
6389	内田油圧	58	58	52	53	7
6390	加藤製	155	155	151	151	12
6391	加地テック	0	0	0	0	0
6392	ヤマダコーポ	0	0	0	0	0
6393	油研工	135	135	131	131	9
6394	大江工業	130	130	130	130	3
6395	タダノ	200	200	192	199	66
6396	宇野鉄	168	168	151	151	2
6397	郷鉄工	0	0	0	0	0
6398	日本電産シンポ	0	0	0	0	0
6403	水道機	0	0	0	0	0
6406	フジテック	816	840	816	827	46
6407	シーケーディ	1019	1020	1010	1010	52
6408	クラッチ	0	0	0	0	0
6409	キトー	300	300	300	300	1
6411	中野冷	422	422	422	422	1
6412	平和	2125	2160	2110	2120	36.7
6413	理想科学	2220	2240	2220	2220	1
6414	川重冷熱	495	498	495	498	3
6415	ニスカ	932	932	930	930	3
6416	桂川電機	290	290	290	290	1
6417	ＳＡＮＫＹＯ	4100	4100	4010	4030	57.5
6418	日金銭	1571	1571	1570	1570	3
6419	マース	2880	2910	2880	2900	5.7
6420	福島工業	0	0	0	0	0
6421	キヤノンＦ	1150	1150	1140	1140	14
6422	キヤノン化成	1210	1230	1190	1210	63
6423	アビリット	5120	5170	5120	5130	30.1
6424	高見サイ	480	480	465	465	3
6425	アルゼ	6310	6400	6300	6350	9.5
6426	サミー	2450	2600	2430	2500	24.8
6427	東北リコー	0	0	0	0	0
6431	キャノンＮＴＣ	371	371	371	371	6
6436	アマノ	1011	1040	1011	1033	60
6437	三条機	135	135	135	135	1
6439	中日鋳	0	0	0	0	0
6440	ＪＵＫＩ	454	462	446	460	243
6442	コピア	415	415	415	415	1
6443	東洋製	130	130	126	126	3
6444	サンデン	590	590	570	571	143
6445	蛇の目	96	96	95	95	20
6448	ブラザー	241	241	235	235	84
6453	シルバ精	180	181	175	176	133
6454	マックス	1100	1127	1100	1118	8
6455	モリタ	301	302	300	300	17
6457	グローリー	1990	1990	1882	1900	28
6458	新晃工	190	190	190	190	21
6459	大和冷	316	316	313	313	45
6461	日ピス	100	100	99	99	43
6462	リケン	224	224	216	221	25
6463	ＴＰＲ	295	295	290	290	4
6466	トウアバルブ	112000	112000	105000	108000	0.02
6467	ニチダイ	575	575	575	575	1
6468	駿河精機	6590	6600	6590	6600	7
6469	放電精密	939	940	920	930	10
6470	大豊工業	970	970	950	950	0.8
6471	日精工	787	800	787	796	420
6472	ＮＴＮ	397	404	391	403	446
6473	光洋精	816	830	814	827	364
6474	不二越	177	179	175	177	106
6475	天辻	0	0	0	0	0
6476	富士テクニカ	0	0	0	0	0
6477	ツバキ・ナカ	1533	1545	1509	1509	6
6478	ダイベア	222	222	222	222	2
6479	ミネベア	1270	1283	1267	1278	3913
6480	トムソン	1501	1515	1496	1500	133
6481	ＴＨＫ	4510	4570	4470	4470	144
6482	ユーシン精機	7640	7800	7500	7500	1.3
6483	川重防災	410	410	410	410	1
6484	ＫＶＫ	0	0	0	0	0
6485	前沢給装	673	673	670	670	5
6486	イーグル工	318	328	318	328	3
6487	積水工機	0	0	0	0	0
6488	ヨシタケ	275	275	270	270	2
6489	前沢工業	855	855	821	822	17.8
6490	ピラー	892	892	889	889	6
6492	岡野バ	0	0	0	0	0
6493	日鍛バ	210	215	210	215	5
6494	ファネス	700	710	647	685	483
6495	宮入バ	81	81	81	81	1
6496	中北製	198	201	198	201	3
6497	ハマイ	625	649	625	644	6
6498	キッツ	187	190	187	187	25
6499	大隈エンジニア	198	198	198	198	1
6501	日立	1245	1265	1222	1224	4002
6502	東芝	913	923	881	895	20713
6503	三菱電	876	886	871	882	4562
6504	富士電機ＨＤ	370	375	367	369	310
6505	東洋電	135	135	132	132	33
6506	安川電	1139	1150	1124	1150	895
6507	神鋼電	211	211	208	208	117
6508	明電舎	218	218	206	211	624
6513	オリジン	817	840	817	830	41
6516	山洋電	650	651	632	633	253
6517	デンヨー	700	700	690	690	4
6518	三相電機	0	0	0	0	0
6519	エネサーブ	4600	4600	4450	4450	13
6581	日立工	335	339	335	336	20
6584	三桜工	556	558	550	550	15
6585	サーボ	265	266	261	261	14
6586	マキタ	835	850	835	850	78
6587	松下精工	441	443	441	441	21
6588	東芝テック	460	473	459	468	290
6590	芝浦	985	1000	985	993	67
6591	西芝電	179	179	171	179	17
6592	マブチ	13390	13860	13150	13270	45.3
6593	ローヤル電	440	460	440	440	5
6594	日電産	8800	8850	8450	8620	59.5
6621	高岳	171	171	169	170	31
6622	ダイヘン	205	207	205	205	41
6623	愛電機	230	250	230	250	11
6624	田淵電	217	217	215	217	3
6641	日新電	317	320	292	309	93
6643	戸上電	149	149	148	148	2
6644	大崎電	779	779	758	760	36
6645	オムロン	2800	2820	2765	2805	441
6646	エナジーサポ	367	367	367	367	1
6647	森尾電	149	149	149	149	9
6648	かわでん	77	82	75	79	217
6650	春日電	148	148	145	147	19
6651	日東工	905	910	890	890	28
6652	和泉電	1331	1331	1300	1300	10
6654	不二電機	0	0	0	0	0
6655	東洋電機	0	0	0	0	0
6701	ＮＥＣ	2510	2570	2470	2470	4889
6702	富士通	2705	2710	2670	2685	4485
6703	沖電気	719	730	712	713	469
6704	岩崎通	260	260	251	252	46
6705	ＮＥＣインフ	615	618	599	600	53
6706	電気興	849	849	827	827	106
6707	サンケン	824	824	815	820	290
6708	東洋通	1266	1266	1241	1241	66
6709	明星電	148	148	148	148	1
6710	大興電機製作	255	260	250	250	48
6711	高見澤電機	0	0	0	0	0
6712	田村電機製作	284	289	280	281	10
6714	神田通信工業	231	231	213	213	6
6715	ナカヨ通	277	277	276	276	2
6716	中央無	0	0	0	0	0
6717	富士通アクセ	1790	1800	1769	1769	14.7
6718	アイホン	1320	1330	1300	1300	17
6741	信号	465	465	445	445	30
6742	京三	245	245	240	240	11
6743	大同信	0	0	0	0	0
6744	能美防災	420	420	408	413	5
6745	ホーチキ	284	287	284	286	6
6747	小糸工	309	309	309	309	22
6748	星和電	0	0	0	0	0
6749	マスプロ	1210	1210	1180	1180	3.9
6751	日無線	1100	1104	1076	1077	134
6752	松下	2845	2845	2790	2820	3370
6753	シャープ	1817	1819	1763	1774	2097
6754	アンリツ	3000	3020	2930	2970	390
6755	富士通ゼ	695	695	682	682	67
6756	日立国際	1083	1089	1070	1070	127
6758	ソニー	11850	11950	11630	11800	1215.2
6759	ＮＥＣトーキ	1076	1087	1068	1068	34
6761	アイワ	1489	1489	1390	1409	99
6762	ＴＤＫ	14570	14650	14320	14320	514.5
6763	帝通工	410	410	400	400	41
6764	三洋電	921	940	921	939	1232
6765	ケンウッド	400	401	396	397	183
6766	宮越商	37	37	36	36	48
6767	ミツミ	4300	4330	4190	4280	297
6768	タムラ	493	505	490	491	42
6770	アルプス	2470	2475	2375	2380	3749
6771	池上通	306	309	302	305	24
6772	コスモス	0	0	0	0	0
6773	パイオニア	4440	4490	4270	4300	625
6775	東和メクス	118	118	116	118	34
6776	天昇電	0	0	0	0	0
6779	日電波	4550	4600	4390	4470	87.9
6781	松下通信工業	15130	15270	15080	15080	253.4
6782	九州松下電器	1130	1150	1126	1126	76
6783	松下寿電子	2095	2095	2045	2050	87
6790	野田スクリン	5810000	5900000	5500000	5600000	0.03
6791	コロムビア	217	217	207	210	23
6792	ビクター	910	910	890	898	69
6793	山水電	12	13	12	12	281
6794	フォスター	705	705	700	703	27
6796	クラリオン	420	420	402	404	231
6797	名古屋電機	1820	1830	1800	1800	13
6798	ＳＭＫ	838	847	790	796	276
6799	日本マランツ	208	208	208	208	4
6800	ヨコオ	2430	2430	2320	2355	15.2
6801	東光	686	686	670	670	88
6802	赤井電機	13	13	12	12	1395
6803	ティアック	371	371	367	370	25
6804	ホシデン	3820	3820	3730	3780	154
6806	ヒロセ電	14930	15150	14670	14700	30
6807	航空電子	770	785	765	765	72
6808	シントム	65	67	63	64	1378
6809	ＴＯＡ	375	375	363	363	23
6810	マクセル	2400	2400	2335	2345	169
6811	クオンツ	513	513	471	495	47
6812	ジャルコ	0	0	0	0	0
6813	ナカミチ	95	95	90	93	79
6814	古野電	0	0	0	0	0
6815	ユニデン	628	632	625	625	123
6816	アルパイン	1430	1430	1401	1421	57
6817	スミダコーポ	5430	5450	5400	5400	4.3
6818	島田理	1400	1480	1400	1407	12
6819	オメガ・プロ	720	725	707	711	104
6820	アイコム	1960	1980	1940	1962	9.6
6821	バーテクスＳ	0	0	0	0	0
6822	大井電気	345	345	342	342	10
6823	リオン	780	780	780	780	2
6824	新コスモス	0	0	0	0	0
6825	パトライト	2050	2070	2050	2070	4
6826	本多通信	4550	4700	4500	4700	2.2
6827	東北パイオ	4800	4800	4800	4800	17
6828	シメオ精密	6200	6350	6200	6250	24
6829	ソーテック	1740000	1800000	1630000	1720000	0.13
6830	ＹＯＺＡＮ	5430000	5430000	5420000	5430000	0.236
6832	アオイ電子	5200	5270	5150	5270	44
6833	日電産リード	2340	2340	2330	2330	7
6834	精工技研	50000	50900	49500	50700	12.8
6835	アライドＨＤ	9050	9100	8600	9000	11
6836	ぷらっと	6400000	6400000	6400000	6400000	0.001
6837	京写	1110	1110	1080	1090	7
6838	多摩川電	1790	1790	1790	1790	1
6839	船井電	12400	12400	11600	11880	54.6
6840	アドテック	2170	2250	2160	2180	36
6841	横河電	1070	1085	1043	1045	294
6842	ユニパルス	2600	2620	2600	2620	6
6843	東光精機	210	210	210	210	3
6844	新電元	721	734	721	728	66
6845	山武	1270	1271	1265	1268	58
6846	中央製	0	0	0	0	0
6847	安藤電気	1770	1830	1770	1800	10
6848	東亜ＤＫＫ	410	410	410	410	1
6849	日本光電	305	308	301	301	18
6850	チノー	242	242	238	238	19
6851	大倉電気	211	212	210	210	27
6852	テクノセブン	150	150	150	150	2
6853	共和電	270	270	265	269	13
6855	電子材料	1840	1850	1830	1830	19
6856	堀場製	1099	1099	1070	1070	20
6857	アドバンテスト	17870	18000	17450	17720	224.3
6858	小野測器	239	239	235	238	4
6859	エスペック	1232	1236	1230	1230	31
6860	サンクス	1471	1471	1450	1460	14
6861	キーエンス	34300	34700	33800	34700	90.7
6862	ミナトエレ	186	186	186	186	2
6863	ニレコ	592	592	592	592	1
6864	ＮＦ回路	0	0	0	0	0
6866	ＨＩＯＫＩ	0	0	0	0	0
6867	リーダー電子	0	0	0	0	0
6868	東カソード	1290	1330	1290	1320	0.7
6869	シスメックス	3140	3190	3100	3190	3.5
6870	フェンオール	480	480	477	477	2
6871	日本マイクロ	2150	2150	2010	2150	6.3
6872	日本コーリン	6740	6740	6400	6500	11.7
6873	日立電子Ｅ	851	851	850	850	4
6874	協立電機	2720	2840	2620	2840	3.4
6875	メガチップス	4560	4560	4350	4390	12.1
6876	光波	2880	2880	2760	2780	2.5
6877	ＯＢＡＲＡ	0	0	0	0	0
6878	長野日無	0	0	0	0	0
6879	フォトロン	400	400	400	400	1
6880	シンワ	1000	1000	1000	1000	1.3
6881	キョウデン	2920	2920	2800	2830	43
6882	三社電機	963	980	950	980	10
6883	電産コ電	1400	1400	1400	1400	1
6884	デジタル	3700	3800	3700	3700	4
6885	ミヤチテクノ	3700	4000	3700	3700	72.1
6886	グラフィック	0	0	0	0	0
6887	日本ＬＳＩカード	345000	345000	345000	345000	0.001
6888	アクモス	396000	400000	396000	400000	0.005
6889	オーデリック	470	490	470	490	3
6890	フェローテク	1850	1910	1850	1880	25
6891	イーター電機	0	0	0	0	0
6892	シチズン電子	9770	9770	9500	9600	1.8
6893	タイテック	820	820	805	805	8
6894	パルステック	1850	1850	1850	1850	1
6895	ダイヤ電機	689	689	689	689	2
6896	北川工業	1060	1060	1060	1060	0.3
6897	ツインバード	209	228	209	228	6
6898	トミタ電機	0	0	0	0	0
6899	ＡＳＴＩ	0	0	0	0	0
6900	東京電波	5600	5650	5410	5480	25
6901	沢藤電	254	254	241	241	9
6902	デンソー	2580	2620	2550	2585	485
6904	原田工業	340	340	330	330	3
6905	コーセル	4000	4000	3940	3970	12.8
6906	キヤ･コンポ	312	312	312	312	4
6907	ジオマテック	2370	2390	2310	2310	12.4
6908	イリソ電子	590	590	570	570	3
6909	北部通信工業	395	395	380	380	4
6910	日立メディコ	1213	1213	1180	1180	23
6911	新日無	1370	1400	1370	1390	9
6912	菊水電子	460	460	460	460	2
6913	メルコ	4000	4000	3830	3850	32.1
6914	オプテックス	1100	1100	1100	1100	7
6915	千代田インテ	1520	1550	1520	1550	12
6916	アイオデータ	2320	2330	2240	2260	45.3
6917	デンセラムダ	2645	2645	2500	2530	32.9
6918	アバール	1060	1060	1000	1050	24
6919	ケル	735	735	720	725	4
6920	レーザーテク	0	0	0	0	0
6921	東光電	296	296	296	296	3
6922	昭和情報	445	445	445	445	1
6923	スタンレー	1264	1280	1264	1276	308
6924	岩崎電	263	263	252	252	20
6925	ウシオ電	2450	2460	2410	2410	149
6926	岡谷電	350	350	336	345	38
6928	エノモト	1300	1300	1300	1300	3
6929	日セラ	2435	2435	2350	2415	51
6930	日本アンテナ	1090	1090	1090	1090	2
6931	日本電池	450	450	432	432	36
6932	ユアサコーポ	394	394	394	394	3
6933	ＹＵＡＳＡ	281	285	275	275	172
6934	新神戸	691	691	681	681	7
6935	日デジタル	1815	1820	1775	1775	23.4
6936	東洋高砂乾	139	139	131	131	4
6937	古河池	305	305	275	275	15
6938	双信電機	1000	1030	1000	1010	30
6939	ＵＭＣＪ	1340000	1340000	1300000	1330000	0.251
6940	多摩電気	290	290	290	290	3
6941	山一電機	2690	2690	2690	2690	0.4
6942	ソフィア	250	255	250	255	3
6943	開閉器	740	740	730	730	6
6944	アイレックス	0	0	0	0	0
6945	ＦＴＥＣ	585	590	585	585	12
6946	日本アビオ	300	300	300	300	11
6947	図研	2560	2560	2470	2480	30.5
6948	住友電装	0	0	0	0	0
6949	キンセキ	1280	1280	1251	1255	138
6950	ＹＥデータ	445	455	445	455	3
6951	日電子	800	806	797	800	111
6952	カシオ	1240	1249	1220	1225	360
6954	ファナック	12170	12480	12170	12340	663.9
6955	ＦＤＫ	1050	1052	1050	1050	58
6956	神明電	0	0	0	0	0
6957	芝浦電子	305	305	305	305	7.3
6958	日本ＣＭＫ	2250	2250	2140	2140	238
6960	フクダ電	1900	1900	1900	1900	3
6961	エンプラス	5850	5850	5600	5610	22.3
6962	大真空	761	778	720	730	254
6963	ローム	30600	30950	30250	30250	129.6
6964	サンコー	1951	1981	1951	1981	5
6965	ホトニクス	6880	6900	6800	6830	14.4
6966	三井ハイテク	1850	1880	1843	1843	49.9
6967	新光電工	4650	4650	4350	4400	200.1
6968	グラフテック	165	174	165	174	6
6969	松尾電	580	580	561	561	22
6970	日本コンラックス	625	625	616	617	49
6971	京セラ	17280	17390	16950	17090	398.8
6972	エルナー	530	534	516	520	15
6973	協栄産	330	330	325	325	26
6974	日本インター	373	375	370	370	11
6975	ＮＥＯＭＡＸ	1219	1238	1219	1238	23
6976	太陽電	5600	5600	5440	5460	410
6977	抵抗器	250	250	250	250	2
6980	日立ＡＩＣ	1419	1419	1375	1375	13
6981	村田製	16400	16400	16010	16010	221.3
6982	リード	98	98	98	98	3
6984	朝日ナショナ	0	0	0	0	0
6985	ユーシン	380	380	380	380	1
6986	双葉電	4260	4280	4210	4240	15.3
6988	日東電	4050	4180	4040	4120	141
6989	北電工	208	210	208	210	38
6991	松電工	1260	1260	1245	1250	637
6992	国産電	220	220	219	219	3
6993	森電機	135	135	118	120	27
6994	指月電	241	241	234	235	19
6995	東海理	936	946	936	937	20
6996	ニチコン	2590	2590	2530	2545	57.5
6997	日ケミコン	782	784	749	767	405
6998	タングス	0	0	0	0	0
6999	ＫＯＡ	2970	3020	2970	2980	66.8
7003	三井造	99	102	99	101	934
7004	日立造	93	94	91	92	659
7007	佐世保	75	75	74	74	133
7011	三菱重	411	415	403	411	2674
7012	川重	127	129	126	126	930
7013	石川島	185	190	180	190	1774
7014	名村造	123	123	121	123	25
7018	内海造	0	0	0	0	0
7020	サノヤス	178	178	178	178	1
7021	ニッチツ	0	0	0	0	0
7052	信貴造船所	0	0	0	0	0
7102	日車両	192	193	189	193	113
7104	富士車輌	130	145	130	143	14
7105	ニチユ	210	215	208	208	5
7122	近畿車	141	143	141	143	7
7123	東急車輌製造	80	80	78	78	46
7124	輸送機工業	0	0	0	0	0
7142	ナブコ	165	166	165	166	21
7201	日産自	554	569	550	565	4697
7202	いすゞ	218	224	218	223	743
7203	トヨタ	4150	4190	4140	4140	2844.8
7204	小松ゼノア	235	246	235	245	12
7205	日野自	420	443	420	441	141
7210	日産ディ	104	105	104	104	45
7211	三菱自	325	330	321	326	860
7212	エフテック	0	0	0	0	0
7219	ＨＫＳ	610	610	600	600	2
7220	武蔵精密	1230	1230	1220	1220	7
7221	トヨ車	1078	1100	1078	1100	12
7222	産車体	165	165	144	150	86
7223	関東自	590	598	590	598	4
7224	新明和	173	181	173	173	131
7225	小松フォーク	160	160	156	156	14
7226	極東開発	505	510	501	501	5.4
7227	アスカ	0	0	0	0	0
7228	デイトナ	500	510	500	510	4
7229	ユタカ技研	0	0	0	0	0
7230	日信工業	1741	1741	1741	1741	2
7231	トピー	185	185	182	185	146
7232	トキコ	207	207	200	205	85
7233	自部品	90	90	90	90	14
7234	橋本フォーミング	64	64	63	63	4
7235	東ラヂ	115	130	115	125	4
7236	ティラド	455	463	450	453	146
7237	ボッシュブレーキ	155	155	155	155	2
7238	ブレーキ	215	217	210	210	19
7239	タチエス	466	491	466	491	2
7240	ＮＯＫ	820	820	800	815	146
7241	フタバ	1312	1312	1312	1312	2
7242	カヤバ	201	206	201	201	36
7243	シロキ	216	218	213	218	7
7244	市光工	204	207	200	205	18
7245	大同メ	690	690	655	679	10
7246	プレス工	78	79	78	78	44
7247	ミクニ	154	154	150	150	6
7248	カルソニック	253	253	240	240	45
7249	尾張精	0	0	0	0	0
7250	太平洋工	279	279	268	268	7
7251	ケーヒン	851	855	841	841	76
7252	富士機	217	217	217	217	1
7253	日本ガスケット	0	0	0	0	0
7254	フジユニ	0	0	0	0	0
7255	桜井製	0	0	0	0	0
7256	河西工	246	246	241	246	7
7257	自転車電機工	438	450	430	440	22
7258	栃木富士産業	238	238	238	238	5
7259	アイシン	1665	1690	1655	1668	283
7260	富士機工	218	218	216	216	4
7261	マツダ	205	207	202	202	2845
7262	ダイハツ	866	878	860	873	538
7263	愛知機	211	221	211	220	13
7264	ＭＵＲＯ	0	0	0	0	0
7265	エイケン工業	0	0	0	0	0
7266	今仙電機	0	0	0	0	0
7267	ホンダ	4000	4070	3970	4000	1018
7268	タツミ	0	0	0	0	0
7269	スズキ	1104	1186	1093	1164	770
7270	富士重	676	689	674	684	1231
7271	安永	0	0	0	0	0
7272	ヤマハ発	834	839	832	836	204
7273	イクヨ	176	176	176	176	2
7274	ショーワ	620	620	619	620	27
7275	ユニシア	179	180	171	172	13
7276	小糸製	534	540	526	526	82
7277	ＴＢＫ	122	130	122	124	6
7278	エクセディ	749	760	748	760	5.1
7279	ケーブル	1060	1070	1060	1070	6
7280	ミツバ	450	450	450	450	6
7282	豊田合	7010	7010	6720	6850	147
7283	愛三工	750	800	750	800	4
7284	盟和産	233	233	233	233	3
7285	池田物産	72	73	72	73	32
7286	イズミ工業	0	0	0	0	0
7287	日精機	715	720	700	700	18
7288	テクノエイト	240	240	230	230	2
7289	マーレ テネックス	205	205	205	205	3
7290	日発精密工業	0	0	0	0	0
7291	日本プラスト	290	290	290	290	2
7292	村上開明	650	650	650	650	2
7293	大井製作所	0	0	0	0	0
7294	ヨロズ	440	440	425	425	3.3
7295	アイエス製機	400	404	400	404	3
7296	ＦＣＣ	1040	1040	1040	1040	6
7297	カーメイト	610	640	610	640	1.6
7298	八千代工	375	375	375	375	1
7299	フジオーゼ	0	0	0	0	0
7301	宮田	123	123	123	123	5
7305	新家工	113	113	110	111	5
7306	丸石自転車	289	289	280	280	3
7308	ツノダ	76	76	76	76	1
7309	シマノ	2140	2140	2075	2100	98.6
7399	ナンシン	0	0	0	0	0
7404	昭和飛	0	0	0	0	0
7407	日本飛行機	280	280	276	276	27
7408	ジャムコ	450	462	450	462	5
7410	横浜鋼業	109	109	109	109	4
7411	成和産業	700	700	700	700	5
7412	アトム	1580	1580	1580	1580	2.5
7413	創健社	230	230	230	230	1
7414	小野建	0	0	0	0	0
7415	新星堂	319	319	309	319	7
7416	はるやま	0	0	0	0	0
7418	ヤマキ	0	0	0	0	0
7419	ノジマ	1400	1410	1400	1410	7.4
7420	佐鳥電機	1370	1370	1320	1340	29
7421	カッパクリエ	0	0	0	0	0
7422	東邦レマック	0	0	0	0	0
7423	フォンテーヌ	1249	1250	1240	1250	2.2
7424	ニコニコ堂	0	0	0	0	0
7425	初穂商事	305	305	300	303	3
7426	山大	141	141	113	113	4
7427	エコーＴＤ	1640	1640	1550	1600	1.3
7428	江戸沢	789	789	789	789	1
7429	セイジョー	1410	1410	1380	1398	4.7
7430	サンワドー	0	0	0	0	0
7432	ダルトン	349	349	349	349	1
7433	伯東	2990	3000	2965	2975	34.2
7434	オータケ	1520	1520	1520	1520	1
7435	ナ・デックス	0	0	0	0	0
7437	シーアンドエス	3300	3300	3220	3240	12
7438	コンドー	510	510	510	510	1.5
7439	サンミック千代田	0	0	0	0	0
7440	クラフト	830	830	830	830	1
7442	中山福	0	0	0	0	0
7443	横浜魚類	0	0	0	0	0
7444	ハリマ共和	0	0	0	0	0
7445	ライトオン	5400	5500	5400	5430	8.9
7446	東北化学	420	420	420	420	1
7447	ナガイレーベ	2100	2240	2100	2180	5.6
7448	ジンズメイト	1300	1300	1282	1284	3.2
7449	太洋興業	168	168	168	168	1
7450	サンデー	835	835	835	835	1
7451	菱食	5230	5280	5080	5130	5.8
7452	マツヤ	890	900	890	900	3
7453	良品計画	8980	8980	8700	8700	18.8
7454	ホットスパー	150	150	150	150	2
7455	三城	5900	6100	5880	6100	23.5
7456	松田産業	1940	2070	1940	2070	8.5
7457	セキテクノ	580	580	580	580	1
7458	第一興商	1530	1550	1530	1530	7.1
7459	メディセオＨＤ	915	917	910	911	79.1
7460	ヤギ	490	490	490	490	3
7461	キムラ	0	0	0	0	0
7462	ダイヤ通商	445	445	445	445	2
7463	アドヴァン	1650	1790	1650	1779	232.7
7464	セフテック	0	0	0	0	0
7465	ＭＶ北海道	0	0	0	0	0
7466	ＳＰＫ	1030	1030	1030	1030	0.1
7467	萩原電気	772	772	772	772	2
7468	アムスク	0	0	0	0	0
7470	サロモンメイド	599	599	590	595	8
7471	ふじ	435	440	435	435	9
7472	鳥羽洋行	1060	1060	1060	1060	5
7473	静岡スバル	0	0	0	0	0
7474	パオ	486	486	486	486	1
7475	アルビス	465	465	465	465	7
7476	アズワン	1670	1750	1670	1710	14.2
7477	ムラキ	168	168	168	168	2
7478	ブルーグラス	0	0	0	0	0
7479	サンマルク	3350	3350	3310	3350	14.9
7480	スズデン	550	550	550	550	1
7481	尾家産	0	0	0	0	0
7482	シモジマ	0	0	0	0	0
7483	ドウシシャ	2340	2340	2300	2300	4.3
7485	岡谷鋼機	939	939	939	939	5
7486	サンリン	0	0	0	0	0
7487	小津産業	1000	1040	1000	1040	15.8
7488	ヤガミ	0	0	0	0	0
7490	日新商	0	0	0	0	0
7491	ＯＡシステム	860	860	840	840	2
7492	タイカン	0	0	0	0	0
7494	コナカ	775	775	750	758	8.4
7495	レオ	250	250	250	250	8
7496	八千代ムセン	1061	1061	1061	1061	2
7497	マインマート	713	713	690	690	2.5
7498	ジャパン	0	0	0	0	0
7500	西川計測	385	385	385	385	2
7501	ティムコ	781	782	781	782	0.4
7502	プラザクリエ	0	0	0	0	0
7503	ＩＭＩ	0	0	0	0	0
7504	高速	0	0	0	0	0
7505	扶桑電通	740	740	740	740	2
7506	ハウスローゼ	827	827	827	827	1.2
7507	浜 勝	1050	1050	1050	1050	0.5
7508	オートセブ	679	679	679	679	1
7509	アイエー	0	0	0	0	0
7510	竹菱電機	0	0	0	0	0
7511	ジプロ	0	0	0	0	0
7512	ポスフール	1190	1190	1150	1150	4.3
7513	コジマ	2770	2785	2750	2780	43.9
7514	ヒマラヤ	0	0	0	0	0
7515	マルヨシ	0	0	0	0	0
7516	コーナン	1200	1201	1190	1190	5.9
7517	黒田電気	3680	3700	3560	3560	10.4
7518	ネットワン	2920000	3020000	2920000	2950000	0.216
7519	五洋インテ	0	0	0	0	0
7520	エコス	700	700	692	692	6.4
7521	ムサシ	950	950	950	950	2
7522	ワタミ	5930	5980	5880	5910	12.4
7523	アールビバン	1450	1450	1310	1320	7.8
7524	マルシェ	1214	1219	1214	1219	1.5
7527	システムソフ	0	0	0	0	0
7528	安藤薬業公司	315	315	305	305	4
7529	はるやま	0	0	0	0	0
7530	ナブコドア	650	650	650	650	2
7531	清和鋼業	250	255	250	255	3
7532	ドンキホーテ	11800	11960	11520	11810	2.1
7535	グッドマン	2420	2450	2400	2440	1.6
7536	船橋薬品	710	710	710	710	0.3
7537	丸文	1804	1804	1800	1800	10
7538	大水	433	433	433	433	1
7539	アベルコ	310	330	295	300	21
7540	エルエスフェンス	0	0	0	0	0
7541	メガネトップ	2590	2590	2520	2520	3.1
7542	ビスケーＨＤ	0	0	0	0	0
7543	ミスタージョン	0	0	0	0	0
7544	スリーエフ	1150	1150	1150	1150	1.3
7545	西松屋チェ	1450	1480	1423	1425	2.9
7547	オートハローズ	0	0	0	0	0
7548	サンクスＪＰ	1040	1050	1040	1050	6
7549	エス・エス・ブイ	675	675	675	675	9
7550	ゼンショー	1650	1700	1650	1700	1.2
7551	ウェッズ	0	0	0	0	0
7552	ハピネット	2300	2315	2300	2305	31.2
7553	サザビー	4600	4600	4550	4550	10.8
7554	幸楽苑	1080	1080	1080	1080	1
7555	大田花き	0	0	0	0	0
7556	住商エレク	1580	1580	1530	1550	2.4
7557	サンクス	2850	2900	2800	2800	6.2
7558	トーメンエレ	4960	5100	4920	4920	8.6
7559	ジーエフシー	0	0	0	0	0
7560	ユニマット	1050	1050	1020	1021	3.9
7561	ハークスレイ	2150	2150	1900	1900	3
7562	安楽亭	879	879	850	850	4
7563	ニッパン	191	191	191	191	1
7564	ワークマン	0	0	0	0	0
7565	万世電機	0	0	0	0	0
7566	ジャパンケア	1430	1500	1430	1500	6
7567	栄電子	1070	1070	1070	1070	2
7568	クレックス	410	420	400	420	14
7569	モンテカルロ	245	245	245	245	1
7570	橋本総業	0	0	0	0	0
7571	ヤマノＨＣ	0	0	0	0	0
7573	ツルハ	2500	2520	2450	2500	10.2
7574	共信テクノ	1360	1360	1360	1360	1
7575	日本ライフＬ	1000	1010	1000	1000	0.7
7576	ベターライフ	0	0	0	0	0
7577	パスポート	210	230	210	230	6
7578	ニチリョク	715	715	715	715	1
7579	オリジン東	3000	3010	3000	3000	4
7580	フーズネット	1150	1180	1150	1180	2
7581	サイゼリヤ	6250	6250	6230	6250	20.7
7582	富デバイス	2560	2560	2505	2505	5
7583	通商	0	0	0	0	0
7584	丸紅インフォ	601	631	601	630	3
7585	かんなん	0	0	0	0	0
7586	寺島薬局	1420	1450	1400	1420	1.5
7587	ＰＡＬＴＥＫ	3870	3900	3870	3870	18
7588	シートゥーネット	9010	9010	8900	8950	3.5
7589	デジキューブ	1350000	1350000	1350000	1350000	0.001
7590	タカショー	580	580	570	570	3
7591	エクセル	1520	1520	1500	1510	5
7592	アイ・ユー・ケイ	540	540	540	540	1
7593	ＶＴＨＤ	0	0	0	0	0
7594	マルカキカイ	394	394	394	394	2
7595	アルゴグラフ	2300	2300	2300	2300	0.1
7596	魚力	3700	3800	3550	3690	4.5
7597	東京貴宝	580	580	580	580	1
7598	ナイスクラ	280	290	280	280	32
7599	ガリバー	3350	3350	3260	3300	1.6
7600	日本ＭＤＭ	3550	3580	3520	3560	24
7601	ポプラ	1400	1400	1325	1325	0.3
7602	ジャック	3450	3450	3400	3410	3.4
7603	マックハウス	490	490	490	490	1
7604	梅の花	1390000	1390000	1330000	1390000	0.006
7605	フジコーポ	200	200	190	195	15
7606	Ｕアローズ	1930	1930	1830	1850	6.1
7607	進和	0	0	0	0	0
7608	ＳＫジャパン	0	0	0	0	0
7609	ダイトエレク	3600	3660	3440	3440	12
7610	テイツー	690000	700000	680000	700000	0.007
7611	ハイデ日高	1430	1430	1390	1400	25
7612	コモンウェル	581	585	581	585	3
7613	シークス	2245	2245	2000	2100	1.3
7614	オーエムツー	0	0	0	0	0
7615	京都友禅	610000	615000	610000	615000	0.023
7616	コロワイド	2600	2600	2600	2600	1.5
7617	オオゼキ	0	0	0	0	0
7618	ＰＣＤＥＰＯ	900000	900000	870000	870000	0.02
7619	田中商事	305	305	305	305	1
7620	ヤマト硝子	455	455	455	455	2
7621	うかい	0	0	0	0	0
7622	焼肉サカイ	1430	1430	1380	1400	9.7
7623	サンオータス	427	427	427	427	1
7624	内藤	0	0	0	0	0
7625	ダイニング	3340	3340	3250	3310	6.3
7626	ドッドウエル	1410	1420	1410	1420	4
7627	なか卯	1190	1190	1170	1170	5
7628	オーハシテク	0	0	0	0	0
7629	ムラチク	1000	1000	1000	1000	2
7630	壱番屋	1360	1370	1360	1370	33
7631	マクニカ	16660	16660	16000	16190	10
7632	住商メタレックス	480	490	480	490	15
7633	明響社	700	705	695	700	6
7634	星医療	1450	1450	1450	1450	1
7635	杉田エース	590	590	590	590	3
7636	ハンズマン	0	0	0	0	0
7637	白 銅	1390	1400	1370	1400	11
7638	シーマ	0	0	0	0	0
7639	贔屓屋	875	875	865	875	11
7640	トップカル	1450	1460	1450	1460	10
7641	フォーユー	800000	810000	800000	810000	0.003
7642	ビジョン	0	0	0	0	0
7643	ダイイチ	460	475	460	460	15
7644	常盤薬品	630	650	630	650	5
7645	日本トイザ	16500	17500	16000	17300	24
7646	ＰＬＡＮＴ	2650	2700	2600	2630	29
7647	音通	170	170	165	165	2
7648	トーカン	0	0	0	0	0
7649	スギ薬局	4700	4700	4700	4700	3
7701	島津	438	449	436	449	132
7702	ＪＭＳ	431	431	431	431	2
7703	川澄化	1050	1050	1050	1050	1
7704	アロカ	1309	1309	1260	1261	5
7705	ジーエル	1900	1900	1870	1880	6
7706	セントラユニ	0	0	0	0	0
7711	助川電気	230	230	230	230	1
7713	シグマ光機	2290	2360	2290	2310	14
7714	モリテックス	13000	13000	12600	12700	11.3
7715	長野計器	2000	2000	2000	2000	4
7716	ナカニシ	1910	1970	1910	1950	6
7718	スター精	1275	1287	1275	1280	16
7719	東衡機	80	82	80	82	11
7720	ソキア	197	197	192	192	58
7721	トキメック	160	162	158	160	67
7723	愛時計	291	291	290	290	4
7724	金門	168	168	160	160	9
7726	黒田精	290	290	290	290	2
7727	オーバル	0	0	0	0	0
7728	電産トーソク	940	940	940	940	1
7729	東京精	12000	12070	11760	11830	128.5
7731	ニコン	2405	2405	2270	2295	950
7732	トプコン	379	379	371	371	8
7733	オリンパス	1610	1638	1604	1617	639
7734	理計器	388	400	388	400	5
7735	スクリン	801	808	791	798	242
7736	ユニオンＨＤ	94	94	94	94	1
7737	キャビン工業	0	0	0	0	0
7738	チノン	396	396	390	390	2
7739	キヤノン電	1150	1150	1149	1149	3
7740	タムロン	1100	1120	1090	1090	8
7741	ＨＯＹＡ	9350	9350	8980	9090	89.2
7743	シード	0	0	0	0	0
7744	ノーリツ鋼機	2940	2980	2940	2950	5.6
7750	ペンタックス	300	309	296	309	37
7751	キヤノン	4900	4940	4770	4860	2865
7752	リコー	1902	1945	1902	1926	1439
7753	ミノルタ	560	574	560	567	227
7756	電産コパル	1530	1552	1530	1550	38
7757	三協精	991	999	982	983	74
7758	セコニック	369	369	354	354	6
7762	シチズン	1138	1148	1130	1135	249
7764	オリエント時計	200	200	186	186	3
7765	リコーエレメ	0	0	0	0	0
7768	ジェコー	360	360	351	351	3
7769	リズム	201	206	201	202	93
7770	ミヨタ	2500	2650	2500	2650	4
7771	日本精密	390	400	390	400	3
7855	カーディナル	0	0	0	0	0
7856	萩原工業	800	830	800	830	2
7857	セキ	0	0	0	0	0
7858	小野産業	1000	1000	1000	1000	3
7859	アルメディオ	1200	1200	1120	1160	17
7860	エイベックス	11190	11190	11000	11000	6.2
7861	東京リスマ	1090	1100	1080	1090	8.3
7862	トッパンフォ	2180	2220	2135	2150	96.6
7864	フジシール	4380	4390	4300	4300	3.4
7865	ピープル	1050	1050	1050	1050	1
7866	アトラス	1400	1400	1340	1350	6.6
7867	トミー	3050	3070	2985	3070	9.5
7868	広済堂	1258	1258	1179	1185	11.1
7869	日本フォーム	480	480	450	450	5
7870	福島印刷	0	0	0	0	0
7871	フクビ	0	0	0	0	0
7872	エステール	0	0	0	0	0
7873	アーク	4990	5000	4990	5000	2
7874	スルガ	4200	4200	4100	4100	3.1
7875	竹田印刷	700	700	700	700	2
7876	三陽PAX	0	0	0	0	0
7877	永大化工	865	865	860	860	5
7878	光彩工芸	0	0	0	0	0
7879	ノダ	451	451	451	451	0.1
7880	南部化成	0	0	0	0	0
7881	ニッソー	0	0	0	0	0
7882	アロン化成	420	420	405	405	7
7883	サンメッセ	0	0	0	0	0
7884	本間ゴルフ	390	395	390	395	0.8
7885	タカノ	1350	1380	1350	1350	1.1
7886	ヤマト・イン	0	0	0	0	0
7887	南プラ	409	409	409	409	1
7888	三光合成	0	0	0	0	0
7889	桑山	600	600	600	600	1.9
7890	アテナ工業	0	0	0	0	0
7891	日本ユピカ	0	0	0	0	0
7892	宇部日東化成	345	345	331	331	2
7893	亜細亜	1470	1479	1460	1475	13
7895	中央化学	1410	1500	1410	1500	2.9
7896	セブン工業	320	320	320	320	2
7897	ホクシン	153	153	150	151	7.2
7898	ウッドワン	813	822	803	822	5
7899	オザキ軽化	400	400	390	400	21
7900	大出産業	690	690	690	690	75
7901	マツモト	0	0	0	0	0
7902	ソノコム	0	0	0	0	0
7903	名木材	0	0	0	0	0
7904	天竜木	46	46	45	45	7
7905	大建工	347	350	345	345	48
7906	ヨネックス	0	0	0	0	0
7907	日防腐	0	0	0	0	0
7908	きもと	0	0	0	0	0
7909	シーアイ化	382	382	366	366	11
7910	段谷産業	88	88	86	86	22
7911	凸版	1013	1035	1013	1025	857
7912	大日印	1639	1643	1634	1638	512
7913	図書印	226	226	220	220	10
7914	共同印	355	355	346	347	46
7915	日写印	620	620	610	610	11
7916	光村印	353	370	353	370	4
7917	藤森工業	0	0	0	0	0
7918	ヴィアＨＤ	0	0	0	0	0
7919	野崎紙	0	0	0	0	0
7920	三浦印	0	0	0	0	0
7921	宝印刷	1300	1300	1290	1300	6
7922	三光産業	0	0	0	0	0
7923	トーイン	0	0	0	0	0
7925	前沢化成	1170	1185	1170	1184	1
7926	ベルテクノ	0	0	0	0	0
7927	ムトー精工	1300	1300	1220	1300	4
7928	旭化学	530	530	530	530	5
7929	新輝合成	0	0	0	0	0
7931	未来工業	1230	1230	1220	1230	16.1
7932	ニッピ	290	290	290	290	2
7933	ファイリング	0	0	0	0	0
7934	メルクス	0	0	0	0	0
7935	コンビ	710	710	700	700	4
7936	アシックス	115	116	111	112	144
7937	ツツミ	2100	2130	2050	2050	6.9
7938	リーガル	140	140	140	140	1
7939	研創	0	0	0	0	0
7940	ウェーブＨＤ	251	251	251	251	6
7942	ＪＳＰ	650	654	624	624	15
7943	ニチハ	749	750	745	748	4.8
7944	ローランド	1940	2030	1840	1980	156.3
7945	コマニー	608	608	607	607	6
7946	光陽社	298	298	298	298	1
7947	エフピコ	4100	4190	4100	4190	5.8
7948	ＡＷ・エモト	0	0	0	0	0
7949	小松ウオール	849	850	849	850	2
7950	日デコラ	550	550	550	550	2
7951	ヤマハ	919	938	919	931	323
7952	河合楽	159	159	157	157	3
7953	菊水化	0	0	0	0	0
7954	ジャレコ	1650	1700	1630	1670	78
7955	クリナップ	495	495	463	463	9
7956	ピジョン	1010	1030	1000	1001	7.3
7957	フジコピアン	189	189	160	160	5
7958	天馬	1250	1252	1250	1250	31
7959	オリバー	0	0	0	0	0
7960	パラマウント	5160	5200	5120	5120	27.2
7961	兼松日産農	174	174	173	173	3
7962	キングジム	640	650	620	620	14
7963	興研	490	490	490	490	2
7964	セガ	1080	1095	1020	1030	410.5
7965	象印	500	500	499	499	7
7966	リンテック	1006	1030	1006	1030	53
7967	バンダイ	3250	3250	3200	3230	52.7
7968	田崎真珠	453	453	450	450	15
7969	タカラ	485	485	475	476	14
7970	信越ポリ	745	752	739	745	33
7971	東リ	202	206	202	202	13
7972	イトーキ	400	400	390	400	37
7973	ホウトク	117	117	117	117	2
7974	任天堂	19380	19430	18900	19000	92.2
7975	リヒトラブ	0	0	0	0	0
7976	菱鉛筆	875	875	835	835	10
7977	フランスベッド	397	410	390	393	26
7979	松風	712	712	712	712	1
7980	重松製	0	0	0	0	0
7981	タカラスタ	404	407	401	401	40
7983	ミロク	170	170	170	170	1
7984	コクヨ	1760	1760	1720	1737	59
7985	ネポン	227	227	227	227	1
7986	キング工	132	132	132	132	4
7987	ナカバヤシ	330	330	326	326	9
7988	ニフコ	1202	1222	1199	1206	88
7989	ブラインド	700	710	700	710	3.2
7990	ダイワ精	141	143	140	140	20
7991	マミヤＯＰ	275	275	264	264	11
7992	セーラー	767	767	740	741	62
7993	サンウエブ	200	206	200	206	9
7994	岡村製	403	414	394	399	202
7995	バルカー	173	175	170	174	18
7996	パイロット	450	450	440	440	20
7997	くろ工	215	230	215	230	53
7998	高島屋工作	304	305	304	305	3
7999	武藤工	306	306	300	302	8
8000	カイゲン	0	0	0	0	0
8001	伊藤忠	482	491	482	488	1194
8002	丸紅	286	287	280	283	1120
8003	トーメン	110	132	110	117	2974
8004	ニチメン	88	89	87	87	434
8005	ムトウ	701	701	701	701	3
8006	ユアサフナ	168	168	165	165	11
8007	高島	131	133	129	129	14
8008	アスティ	850	850	850	850	2
8010	新興産業	119	119	119	119	1
8011	三陽商	283	289	283	285	11
8012	長瀬産	570	580	561	567	50
8013	ナイガイ	83	85	83	85	55
8014	蝶理	122	122	112	113	25
8015	豊田通商	403	403	392	393	51
8016	オンワード	1009	1020	1009	1009	205
8017	阪急共栄物産	145	145	145	145	1
8018	三共興	280	284	275	275	22
8019	市田	67	67	63	63	41
8020	兼松	93	93	90	90	109
8021	レナウン	98	100	98	98	340
8022	ミズノ	309	310	301	304	102
8023	大興電子	440	440	421	421	3
8024	シルバーＯＸ	466	468	465	468	4
8025	ツカモトＣ	150	152	150	150	12
8027	ルシアン	104	104	102	102	9
8028	ファミリーＭ	2800	2830	2800	2820	299.6
8029	ルック	259	259	256	258	39
8030	中央魚	185	185	185	185	5
8031	三井物	690	698	687	696	1590
8032	紙パ商	350	355	350	351	45
8033	ジーネット	131	131	131	131	1
8035	東エレク	11040	11080	10570	10690	841.4
8036	日立ハイテク	1506	1506	1430	1430	7
8037	カメイ	525	525	525	525	3
8038	東都水	352	352	342	351	19
8039	築地魚	0	0	0	0	0
8040	東ソワール	210	210	205	205	2
8041	魚市場	0	0	0	0	0
8042	マタイ	214	214	209	209	4
8043	スターゼン	198	198	196	196	40
8044	大都魚	142	142	142	142	13
8045	浜丸魚	0	0	0	0	0
8046	丸藤パ	0	0	0	0	0
8047	デジ・ネット	845	845	845	845	5
8048	シャディ	2225	2260	2225	2250	3.3
8050	セイコー	529	529	508	508	44
8051	山善	228	228	219	219	120
8052	椿本興	182	187	181	181	10
8053	住友商	900	917	889	902	1914
8056	ユニシス	2295	2300	2190	2210	126.3
8057	内田洋	598	600	588	588	21
8058	三菱商	855	878	855	873	1553
8059	第一実	225	225	223	224	8
8060	キヤノン販	1798	1798	1727	1727	42
8061	西華産	168	170	165	165	34
8063	日商岩井	107	109	106	106	588
8064	金商	130	131	121	131	10
8065	佐藤商	390	390	385	385	3
8066	三谷商	465	465	465	465	6
8067	トミヤアパ	340	340	340	340	3
8068	菱洋エレク	1769	1770	1700	1706	48
8070	東京産	305	306	305	305	11
8071	東海物産	345	350	345	350	2
8072	出版貿	280	280	280	280	1
8073	Ｔ・ＺＯＮＥ	301	301	300	300	6
8074	ユアサ商	139	139	125	131	21
8075	神鋼商	165	165	163	163	6
8076	カノークス	0	0	0	0	0
8077	小林産	187	187	187	187	9
8078	阪和興	104	105	102	103	45
8079	正栄食	470	470	470	470	5
8080	ジョイス	0	0	0	0	0
8081	カナデン	479	479	477	477	8
8083	サンテレ	288	288	283	283	7
8084	菱電商	375	375	364	369	68
8085	ナラサキ産業	135	140	122	138	41
8086	ニプロ	906	906	900	905	23
8087	フルサト	0	0	0	0	0
8088	岩谷産	222	222	220	221	185
8089	ナイス	256	259	249	249	122
8090	昭光通商	142	150	142	144	49
8091	ニチモウ	134	134	131	131	4
8092	富士通シス	2640	2640	2550	2560	22.4
8093	極東貿易	617	617	610	612	15
8095	イワキ	220	220	216	216	5
8096	兼松エレク	488	488	485	485	6
8097	三愛石	284	288	284	286	5
8098	稲畑産	653	670	638	638	41
8100	藤井	0	0	0	0	0
8101	ＧＳＩクレ	123	123	119	123	9
8103	明和産	100	100	98	98	5
8105	丸正	0	0	0	0	0
8107	キムラタン	65	65	58	58	40
8109	山洋工	0	0	0	0	0
8110	川鉄商事	125	126	123	126	9
8111	ゴルドウイン	140	140	139	139	6
8112	東スタイル	930	939	930	933	155
8113	ユニチャーム	5560	5560	5460	5550	45.5
8114	デサント	230	240	230	231	17
8115	ムーンバット	105	105	104	104	5
8116	ダーバン	239	240	224	228	87
8117	中央自	233	233	233	233	3
8118	キング	152	152	151	152	8
8119	三栄コ	445	445	437	437	8
8120	大木	240	240	240	240	1
8123	川辺	0	0	0	0	0
8125	ワキタ	270	270	266	269	21
8126	三光純薬	411	411	400	400	15
8127	ヤマトインタ	123	123	122	122	25
8128	エフワン	48	48	48	48	3
8129	東邦薬	0	0	0	0	0
8130	サンゲツ	1621	1621	1581	1581	41
8131	ミツウロコ	615	615	613	613	7
8132	シナネン	408	408	388	397	21
8133	伊藤忠エネ	388	388	372	375	49
8134	ＴＯＫＡＩ	947	949	917	918	66
8135	ゼット	0	0	0	0	0
8136	サンリオ	2330	2330	2260	2260	67.3
8137	サンワテク	700	720	670	720	15
8138	三京化	0	0	0	0	0
8139	ナガホリ	0	0	0	0	0
8140	リョーサン	2170	2170	2155	2155	43
8141	新光商	900	900	890	890	7
8142	トーホー	860	860	860	860	1
8143	ラピーヌ	85	86	85	86	12
8144	電響社	440	440	440	440	13
8145	中部水産	300	300	299	300	71
8146	小杉産	118	118	118	118	5
8147	トミタ	0	0	0	0	0
8148	上原成	302	302	300	300	11
8150	三信電	765	765	743	743	11
8151	東陽テク	3270	3270	3100	3100	54
8152	ソマール	0	0	0	0	0
8153	モスフード	1130	1150	1130	1150	34
8154	加賀電子	1465	1472	1460	1472	27
8155	三益半導	1645	1665	1640	1644	9.5
8156	ガステック	417	435	417	435	8
8157	都築電	523	523	518	523	19
8158	ソーダニッカ	194	194	194	194	1
8159	立花エレ	0	0	0	0	0
8160	木曽路	1138	1178	1131	1140	5.5
8161	エイデン	770	770	760	760	11
8163	サトＲＳ	718	718	680	690	10
8164	キャビン	113	113	110	110	65
8165	千趣会	704	704	699	700	55
8166	タカキュー	124	125	120	122	30.5
8167	丸久	190	190	190	190	3
8168	ケーヨー	632	642	605	605	27.3
8169	宝船	170	173	170	170	4
8170	アデランス	4250	4250	4140	4150	11
8171	ＭＶ中部	0	0	0	0	0
8172	第一家庭電器	52	52	50	50	90
8173	上新電	295	300	295	300	34
8174	日ガス	684	684	668	668	7
8175	ベスト電	694	694	685	685	11
8176	西洋フードシス	389	395	386	386	15
8178	マルエツ	342	342	330	340	28
8179	ロイヤルＨＤ	1080	1080	1067	1075	35
8180	すかいらく	3730	3800	3670	3770	73
8181	東天紅	379	379	360	363	29
8182	いなげや	744	744	740	740	4
8183	セブン−イレブン	6150	6260	6090	6160	614
8184	島忠	1685	1706	1685	1700	75.6
8185	チヨダ	550	550	530	550	3.9
8186	大塚家具	10300	10300	9600	9600	33.9
8188	ヨークベニ	2645	2740	2645	2650	23.3
8189	マツヤデンキ	303	305	301	301	25
8190	ヤマナカ	1700	1700	1700	1700	0.4
8191	光製作	0	0	0	0	0
8192	中川無線	82	90	82	90	13
8193	鈴丹	129	129	125	128	15
8194	ライフコーポ	654	654	654	654	1
8195	デニーズジャパン	1920	2010	1920	2005	7
8196	カスミ	450	450	439	439	13
8197	東急ストア	328	331	320	321	9
8199	デオデオ	836	843	834	842	61.5
8200	リンガハット	1166	1180	1110	1149	2.7
8201	さが美	375	375	367	367	36
8202	ラオックス	513	528	513	528	9
8203	ＭｒＭａｘ	360	378	350	361	13.6
8204	ジョナサン	1480	1480	1480	1480	6
8205	シャクリー	0	0	0	0	0
8206	アポロイン	98	98	98	98	3
8207	テンアライド	401	417	400	405	12.3
8208	エンチョー	0	0	0	0	0
8209	フレンドリ	0	0	0	0	0
8210	フットワーク	219	219	219	219	1
8211	相鉄ローゼ	500	500	500	500	3
8212	オーク	151	151	140	140	5
8213	トステムビバ	351	351	347	347	4
8214	アオキインタ	378	380	360	360	16.9
8215	銀座山形屋	215	215	215	215	3
8216	フォルクス	548	548	548	548	1
8217	オークワ	870	870	870	870	1
8218	コメリ	2860	2955	2860	2900	13.6
8219	青山商	1065	1070	1041	1054	217.2
8225	タカチホ	127	127	127	127	1
8226	理経	418	418	418	418	2
8227	しまむら	7700	7700	7500	7550	19.3
8228	マルイチ	1000	1000	1000	1000	2
8229	ＣＦＳコーポ	926	926	894	894	8
8230	はせがわ	591	591	591	591	2
8231	三越	396	398	392	393	394
8232	東急百貨店	82	83	82	83	143
8233	高島屋	765	770	748	748	541
8234	大丸	300	308	299	300	196
8235	松坂屋	227	237	227	237	42
8236	丸善	364	366	360	365	2121
8237	松屋	383	383	382	382	8
8238	伊勢丹	933	933	902	902	109
8239	横浜松坂屋	80	81	80	81	6
8240	サッポロライオン	640	640	640	640	1
8241	阪神百貨店	422	440	422	440	2
8242	阪急百	480	481	462	467	124
8243	そごう	2	4	2	2	7950
8244	近鉄百貨店	120	120	120	120	2
8245	丸栄	260	260	255	255	7
8247	大和	0	0	0	0	0
8248	ニッセン	375	375	370	373	4.9
8249	東洋物	0	0	0	0	0
8250	小松ストアー	0	0	0	0	0
8251	パルコ	338	338	338	338	8
8252	丸井	1577	1620	1567	1618	487
8253	クレセゾン	2310	2325	2270	2320	535.3
8254	さいか屋	435	435	435	435	1
8255	原信	910	910	910	910	0.1
8256	プロルート	251	251	251	251	5.5
8257	山陽百	3000	3000	3000	3000	0.1
8258	ＯＭＣカード	389	390	383	383	79
8259	十字屋	53	53	51	51	30
8260	井筒屋	180	180	171	171	389
8261	ｼ鉄百貨店	220	220	220	220	1
8263	ダイエー	297	297	291	292	229
8264	イトーヨーカ堂	5300	5460	5300	5420	639
8265	壽屋	132	132	131	131	4
8266	イズミヤ	690	700	687	687	15
8267	イオン	1935	1944	1929	1944	160
8268	西友	407	409	391	392	261
8269	マイカル	304	305	301	302	320
8270	ユニー	1150	1190	1150	1159	97
8273	イズミ	1200	1209	1190	1190	40
8274	東武ストア	159	159	155	155	20
8275	フォーバル	1580	1600	1560	1580	6.5
8276	平和堂	716	716	714	714	2
8278	フジ	1949	1950	1920	1940	2.3
8279	ヤオコー	1220	1220	1210	1210	1.7
8280	富士冷機	408	408	401	401	5
8281	ゼビオ	2400	2425	2300	2300	17.4
8282	ギガスケーズ	2550	2550	2500	2540	16.2
8283	パルタック	483	483	483	483	1
8285	三谷産業	0	0	0	0	0
8287	ＭＶ西日本	0	0	0	0	0
8289	オリンピック	1955	1955	1955	1955	0.7
8290	デンコードー	739	739	739	739	1
8291	東日カーライフ	191	192	191	192	4
8293	愛トヨ	0	0	0	0	0
8295	キャノンシステム	791	800	790	800	13
8298	ファミリー	250	250	250	250	5
8299	大栄太源	550	550	550	550	4
8301	日銀	0	0	0	0	0
8314	さくら銀行	800	803	796	803	4715
8315	東京三菱銀	1261	1278	1220	1278	4641
8318	三井住友銀行	1352	1365	1337	1365	2787
8319	大和銀行	246	250	243	247	436
8320	三和銀行	1025	1027	1015	1020	1683
8321	東海銀行	548	548	539	547	1382
8322	あさひ銀行	470	474	463	470	3199
8324	第四銀	386	391	385	385	36
8325	北越銀	298	310	298	310	27
8326	福岡銀	610	627	610	625	459
8327	西日本シティ銀	443	447	440	445	57
8331	千葉銀	441	441	437	439	363
8332	横浜銀	487	493	486	486	505
8333	常陽銀	398	400	392	396	167
8334	群馬銀	585	585	572	573	49
8335	足利銀行	209	209	202	202	96
8336	武蔵銀	4260	4300	4260	4300	1.6
8337	千葉興	1398	1398	1322	1330	6.2
8338	関東つくば銀	1420	1420	1390	1390	3.5
8339	都民銀	3430	3430	3360	3380	10.3
8341	七十七	890	890	866	867	65
8342	青森銀	483	483	481	481	10
8343	秋田銀	441	455	441	450	24
8344	山形銀	575	575	575	575	7
8345	岩手銀	3870	3900	3840	3850	4
8346	東邦銀	377	404	377	393	125
8349	東北銀	0	0	0	0	0
8350	みちのく銀	689	689	688	688	11
8353	北海道銀行	131	131	128	128	99
8355	静岡銀	900	918	898	898	166
8356	十六銀	450	460	445	458	50
8357	北陸銀行	244	244	236	236	119
8358	スルガ銀	1550	1586	1538	1538	255
8359	八十二	639	640	611	619	96
8360	山梨銀	377	389	377	385	43
8361	大垣共立	620	625	614	614	9
8362	福井銀	305	307	296	296	60
8363	北国銀	455	460	453	453	18
8364	清水銀	4150	4330	4150	4330	0.7
8365	富山銀	0	0	0	0	0
8366	滋賀銀	500	500	485	485	40
8367	南都銀	469	473	469	470	29
8368	百五銀	443	443	431	433	15
8369	京都銀	527	539	527	537	25
8370	紀陽銀	287	288	283	283	23
8371	近畿大阪銀	0	0	0	0	0
8372	泉州銀	342	343	333	333	9
8374	三重銀	516	517	515	515	18
8375	池田銀	5500	5500	5460	5460	1.3
8379	広島銀	379	385	376	384	638
8380	山口銀	680	685	671	680	107
8381	山陰合銀	536	551	536	539	23
8382	中国銀	770	800	770	792	100
8383	鳥取銀	361	370	361	361	9
8385	伊予銀	668	668	662	662	13
8386	百十四	650	650	641	645	32
8387	四国銀	619	619	608	610	32
8388	阿波銀	504	510	504	504	19
8390	鹿児銀	402	410	402	405	25
8391	親和銀行	350	351	350	350	13
8392	大分銀	517	517	505	505	16
8393	宮崎銀	374	374	370	370	31
8394	肥後銀	435	436	432	432	79
8395	佐賀銀	380	380	372	372	12
8396	十八銀	382	395	381	395	78
8397	沖縄銀	2360	2360	2310	2310	2.6
8399	琉球銀	1559	1559	1525	1525	3.4
8402	三菱信託	866	888	863	888	718
8403	住友信	728	729	723	725	1678
8404	みずほ信託銀	128	129	126	129	644
8405	日本信託	174	175	171	173	419
8407	東洋信託	378	380	374	379	1090
8408	中央三井信	380	381	375	380	284
8489	アプレック	300	300	300	300	3
8493	インター	1160	1161	1151	1151	0.9
8507	学研クレジット	0	0	0	0	0
8508	イッコー	670	680	670	680	3
8511	日証金	509	509	495	495	164
8512	大証金	258	260	258	258	4
8513	中証金	176	176	176	176	1
8515	アイフル	9260	9640	9260	9500	22.55
8518	アジア投資	563	565	546	560	531
8519	ポケットＣ	2400	2400	2250	2250	24.1
8520	殖産銀行	410	410	405	405	18
8521	長野銀	479	490	474	489	18
8522	名古屋銀	620	620	593	593	16
8524	北洋銀行	700	730	700	730	66
8527	愛知銀	7360	7540	7360	7540	1.4
8528	岐阜銀	203	203	203	203	4
8529	第三銀	460	470	459	459	108
8530	中京銀	435	435	435	435	2
8533	広島総合銀行	450	459	446	451	10
8536	東日銀	615	615	605	605	11
8537	大光銀	0	0	0	0	0
8539	福岡シティ銀	462	470	460	467	22
8541	愛媛銀	470	470	465	470	14
8542	トマト銀	373	373	373	373	1
8543	みなと銀	276	278	270	270	66
8544	京葉銀	318	321	315	317	94
8545	関西アーバン	133	138	133	138	19
8548	九州銀行	320	320	317	317	9
8549	せとうち銀行	393	400	393	400	10
8550	栃木銀	661	661	643	643	3
8551	北日銀	5750	5750	5700	5750	0.8
8552	びわこ銀	270	278	270	278	3
8556	香川銀	567	567	566	566	4
8558	東和銀	434	434	430	430	9
8561	徳島銀	706	706	702	706	29
8562	福島銀	318	329	318	320	19
8563	大東銀	330	330	318	330	17
8564	武富士	11520	11700	11360	11700	104.7
8565	三洋クレ	4000	4000	3820	3820	19.8
8566	リコーリース	2190	2190	2120	2140	71.7
8567	クレディア	1999	1999	1959	1959	1.4
8568	シンキ	2250	2320	2250	2310	20.8
8569	ユニココーポ	0	0	0	0	0
8570	イオンクレ	6020	6180	6020	6140	10.1
8571	ニッシン	4500	4600	4500	4520	1.4
8572	アコム	9170	9280	9100	9250	119.3
8573	三洋信販	2915	2915	2850	2850	45.8
8574	プロミス	8060	8250	8060	8180	69.9
8577	ロプロ	850	860	829	850	140.4
8579	東京リース	0	0	0	0	0
8580	ファーストクレジット	262	271	258	270	117
8583	日信販	229	233	220	224	476
8584	ジャックス	376	385	376	381	157
8585	オリコ	236	236	236	236	683
8586	日立キャピ	2800	2920	2765	2865	120.3
8588	セントラル	312	312	305	308	27
8589	アプラス	117	119	117	119	25
8591	オリックス	12870	13020	12760	12930	166.5
8592	住商リース	1406	1406	1351	1395	46
8593	ダイヤリース	1464	1464	1394	1399	9
8595	ジャフコ	15200	15300	14800	15000	115.8
8597	ＳＦＣＧ	15700	16000	15400	15620	16.45
8599	ＵＦＪセント	0	0	0	0	0
8601	大和証Ｇ	1240	1253	1240	1251	1613
8603	日興コーデ	1010	1011	993	1000	2239
8604	野村ＨＤ	2240	2290	2230	2280	2042
8606	新光	401	410	398	406	1179
8607	みずほイン証	194	194	191	194	187
8609	岡三ＨＤ	700	700	688	695	77
8610	さくらフレンド	255	257	250	252	46
8611	コスモ証	212	220	212	212	104
8613	丸三	604	606	597	597	27
8614	東洋	283	284	280	284	22
8615	三菱証	1201	1214	1196	1196	369
8616	東海東京	282	290	281	285	70
8617	光世	230	239	230	230	46
8621	ＵＦＪつばさ証券	460	464	460	461	61
8622	水戸	313	313	301	310	26
8623	ＳＭＢＣ証	274	275	265	275	15.5
8624	いちよし証	617	617	600	604	20
8625	高木	330	335	325	330	26
8626	マネックス	70000	70000	69000	70000	1.09
8627	イー・トレード	800000	800000	750000	752000	0.187
8691	証券代	0	0	0	0	0
8692	だいこう	0	0	0	0	0
8742	小林洋行	1300	1337	1300	1309	4.1
8743	ひまわり証	214	214	214	214	1
8744	日本ユニコム	0	0	0	0	0
8745	グローバリー	1400	1400	1400	1400	1
8746	第一商品	280	280	280	280	3
8747	豊商事	425	425	425	425	2
8748	岡藤商事	0	0	0	0	0
8749	エース交易	261	277	261	277	3
8751	東京海上火災	1090	1103	1070	1070	1278
8752	三井住友海上	514	514	496	498	853
8753	住友海上火災	657	667	653	654	935
8754	日本興亜	450	450	435	438	197
8755	損害保険Ｊ	574	586	574	580	670
8756	日産火災海上	324	325	323	323	41
8757	日新火	241	248	241	242	36
8758	千代田火災	320	320	310	310	364
8759	ニッセイ同和	263	270	260	260	105
8760	日動火災海上	606	615	606	614	189
8761	あいおい損保	337	340	319	321	608
8762	興亜火災	430	430	416	420	147
8763	富士火	205	209	205	206	57
8764	太陽火災	0	0	0	0	0
8765	大成火災海上	228	228	228	228	2
8801	三井不	1168	1215	1160	1200	2193
8802	菱地所	995	1028	995	1014	2987
8803	平和不	275	285	275	285	112.5
8804	東建物	201	210	201	204	282
8805	中央地	105	107	105	107	5
8806	ダイビル	807	835	807	820	34
8809	サンケビル	363	365	340	345	33
8810	港振興	0	0	0	0	0
8815	東急不	115	120	115	116	279
8817	阪急不動産	346	346	330	340	101
8818	京阪神不	319	319	319	319	3
8821	立飛企	0	0	0	0	0
8829	大和団地	222	227	222	227	37
8830	住友不	530	556	530	554	6617
8832	小田急不	215	215	214	214	7
8833	東宝不	370	370	370	370	3
8834	藤和不	51	52	50	51	93
8835	太平発	123	128	123	123	14
8836	ヒューネット	910	960	880	929	1182
8838	有楽地	190	192	185	190	54
8839	ニチモ	86	88	86	87	9
8840	大京	214	216	213	213	86
8841	テーオーシー	750	755	749	751	100
8842	楽天地	358	358	354	354	4
8844	リクコスモス	410	413	409	409	13
8845	セザール	225	230	225	230	16
8846	積和不動産	410	415	409	415	9
8848	レオパレス	335	335	331	332	36
8850	スターツ	0	0	0	0	0
8851	アバンライフ	151	151	145	145	6
8852	積和不動関西	341	341	336	336	2
8853	ダイヤシティ	340	340	340	340	2
8854	日住	238	238	237	237	7
8855	全日空ビル	134	134	134	134	1
8857	三井不動販売	590	590	589	590	7
8858	ダイア建	223	223	216	220	20
8860	フジ住	500	503	491	491	12
8863	積和不動中部	480	480	480	480	7
8864	空港施設	399	399	399	399	11
8865	神鋼興産	0	0	0	0	0
8866	コマーシャル	371	440	345	380	123
8867	横浜地下街	0	0	0	0	0
8868	ＵＲＢＡＮ	2040	2080	2000	2040	23.6
8869	明和地所	2500	2570	2500	2530	14.1
8870	住不販売	4100	4200	4100	4200	29.2
8871	ゴールドクレ	10690	11480	10610	11480	9.7
8872	エイブル	1610	1630	1610	1630	3
8873	積和不動中国	0	0	0	0	0
8874	ジョイント	3560	3560	3550	3550	2
8875	東栄住宅	1610	1620	1600	1600	5.2
8876	リロＨＤ	6300	6300	6250	6300	12
8877	エスリード	1280	1340	1280	1340	23.4
8878	日綜地所	1440	1450	1430	1440	7
8879	東急リバブル	645	665	645	660	5.5
8880	飯田産業	1280	1300	1280	1300	13.5
8881	日神不動産	1400	1400	1380	1380	3.6
8882	ゼファー	2900000	2940000	2850000	2940000	0.01
9001	東武	328	329	320	327	315
9002	西武鉄道	1547	1547	1492	1500	40
9003	相鉄	305	305	296	297	71
9004	箱根登山鉄道	290	290	289	289	2
9005	東急	538	550	532	549	1065
9006	京急	424	424	414	414	273
9007	小田急	403	408	400	407	182
9008	京王	430	436	422	436	241
9009	京成	266	272	266	269	295
9010	富士急	430	430	412	415	14
9012	秩父鉄	0	0	0	0	0
9013	伊豆箱根鉄道	0	0	0	0	0
9014	新京成	275	275	275	275	1
9017	新潟交	281	281	281	281	9
9019	伊豆急行	2250	2250	2250	2250	0.8
9020	ＪＲ東日本	618000	618000	610000	611000	3.66
9021	ＪＲ西日本	493000	493000	485000	490000	1.853
9022	ＪＲ東海	643000	650000	627000	636000	0.498
9031	西鉄	295	295	286	286	53
9033	広電鉄	0	0	0	0	0
9036	東部ネット	545	545	530	530	3
9037	ハマキョウ	1300	1300	1300	1300	1
9038	東海西濃	0	0	0	0	0
9039	サカイ引越	2300	2320	2280	2320	2.2
9040	大宝運輸	0	0	0	0	0
9041	近鉄	483	485	467	469	483
9042	阪急ＨＤ	356	368	356	368	291
9043	阪神	307	309	300	300	98
9044	南海電	375	375	360	360	123
9045	京阪電	346	355	346	350	46
9046	神電鉄	431	431	425	425	25
9047	名糖運輸	1027	1098	1027	1090	5.4
9048	名鉄	310	314	305	307	114
9049	京福電	155	155	155	155	1
9050	三重交	350	350	350	350	1
9051	センコン物流	750	750	750	750	1
9052	山陽電	285	285	280	280	9
9053	中央運輸	0	0	0	0	0
9054	大和物流	0	0	0	0	0
9055	アルプス物流	0	0	0	0	0
9056	ヒューテック	0	0	0	0	0
9057	遠州トラック	0	0	0	0	0
9058	トランコム	445	445	430	435	11
9059	カンダ	0	0	0	0	0
9060	日ロジテム	365	365	365	365	1
9061	富士物流	198	198	198	198	2
9062	日通	577	577	562	564	952
9063	岡県運送	0	0	0	0	0
9064	ヤマト運	2355	2360	2295	2320	701
9065	山九	99	99	97	99	302
9066	日新	194	194	185	186	20
9067	丸運	221	221	221	221	2
9068	丸全運	200	208	200	205	17
9069	センコー	211	211	210	210	4
9070	トナミ	205	210	205	210	19
9072	日梱包	703	703	700	700	18
9073	京極運	395	395	395	395	0.6
9074	日石輸	205	206	196	196	16
9075	福山運	597	600	586	586	171
9076	西濃運	533	545	530	532	87
9077	名鉄運	300	300	300	300	2
9078	エスライン	0	0	0	0	0
9079	東急ロジ	380	380	380	380	1
9080	関東西濃	0	0	0	0	0
9081	神奈交	490	490	490	490	10
9082	大和自	0	0	0	0	0
9083	神姫バ	0	0	0	0	0
9086	日立物流	567	571	567	569	36
9087	タカセ	233	233	233	233	3
9088	濃飛西濃	0	0	0	0	0
9089	ロジパル	0	0	0	0	0
9101	郵船	530	533	529	529	3191
9104	商船三井	239	243	239	242	3703
9107	川崎汽	209	213	209	211	1773
9110	新和海	68	69	67	67	29
9113	乾汽船	68	68	68	68	5
9114	日之出汽船	46	46	46	46	5
9115	明治海	185	185	168	168	4
9119	飯野海	153	153	151	151	110
9123	太平海	54	54	53	53	30
9127	玉井船	39	39	39	39	1
9130	共栄タ	120	120	113	118	10
9132	第一汽	52	52	51	51	80
9133	東栄リーファ	0	0	0	0	0
9151	東京船舶	84	85	82	82	4
9152	関西汽	51	52	51	51	58
9171	栗林船	215	215	210	210	7
9173	東海汽	0	0	0	0	0
9174	ワンダーＴ	368	368	360	360	12
9176	佐渡汽	0	0	0	0	0
9178	日鉄物流	0	0	0	0	0
9179	川崎近海	181	181	181	181	3
9180	新和内航	219	219	219	219	1
9193	東京汽	0	0	0	0	0
9201	日本航空	415	418	414	415	1521
9202	ＡＮＡ	347	347	335	338	4916
9203	日本エアシス	3800	3800	3750	3750	1.4
9204	スカイマーク	199000	199000	195000	196000	0.013
9231	国際航	607	607	605	605	8
9232	パスコ	500	503	490	500	28
9233	アジア航	0	0	0	0	0
9301	三菱倉	862	894	862	889	112
9302	三井倉	210	211	207	208	241
9303	住友倉	290	290	286	288	112
9304	渋沢倉	258	258	252	252	12
9305	ヤマタネ	121	121	120	120	7
9306	東陽倉	205	205	205	205	3
9307	杉村倉	0	0	0	0	0
9308	イヌイ建	384	402	379	402	4
9309	京神倉庫	0	0	0	0	0
9310	トランシティ	199	205	198	198	26
9311	アサガミ	0	0	0	0	0
9312	ケイヒン	147	147	145	145	13
9313	丸八倉	0	0	0	0	0
9314	品川倉	0	0	0	0	0
9317	オーナミ	0	0	0	0	0
9318	Ｊブリッジ	0	0	0	0	0
9319	中央倉	540	550	540	550	3
9320	三和倉	140	140	140	140	2
9321	アイロジステ	163	163	163	163	9
9322	川西倉	626	626	625	625	3
9323	ロジステック	500	500	500	500	1
9324	安田倉	349	351	345	351	8
9351	洋埠頭	146	146	142	142	45
9353	桜島埠	0	0	0	0	0
9355	リンコー	140	140	140	140	3
9357	名港海	0	0	0	0	0
9358	宇徳運	149	149	149	149	2
9359	伊勢湾	260	260	260	260	1
9360	鈴与シンワ	0	0	0	0	0
9361	伏木運	0	0	0	0	0
9362	兵機海	0	0	0	0	0
9363	大運	57	57	57	57	4
9364	上組	488	501	488	501	178
9365	トレーディア	0	0	0	0	0
9366	サンリツ	738	738	730	730	0.7
9367	大東港運	0	0	0	0	0
9368	キムラユニテ	500	500	485	485	8
9369	キユソ流通	1220	1220	1190	1190	14
9370	郵船航空	2260	2280	2240	2260	6.2
9373	ニッコウトラ	1739	1739	1601	1640	17
9375	近鉄エクス	1200	1200	1095	1095	5
9401	ＴＢＳ	4230	4390	4230	4300	342
9402	ＣＢＣ	0	0	0	0	0
9404	日テレ	64200	64900	63500	64000	32.76
9405	朝日放	10200	10300	9900	10000	2.11
9408	新潟放	800	800	800	800	0.1
9432	ＮＴＴ	1200000	1200000	1120000	1130000	22.706
9433	ＫＤＤＩ	714000	719000	697000	713000	12.525
9434	ボーダフォン	3530000	3580000	3460000	3580000	0.651
9435	光通信	4560	4600	4500	4500	41.1
9436	沖縄セルラー	379000	380000	369000	370000	0.073
9437	ＮＴＴドコモ	3110000	3150000	3060000	3070000	10.472
9438	ＭＴＩ	609000	610000	595000	605000	0.052
9439	ビーアイジー	730000	730000	730000	730000	0.008
9441	ベルパーク	1840000	1840000	1840000	1840000	0.001
9442	ＪＳＡＴ	1190000	1210000	1170000	1180000	0.325
9443	インテックコミュ	1030	1050	933	964	157
9449	ＧＭＯインター	2720	2800	2650	2770	51
9470	学研	191	195	191	195	36
9471	文渓堂	0	0	0	0	0
9472	エスコム	348	359	336	350	101
9473	アスキー	930	965	930	960	18
9474	ゼンリン	2780	2780	2700	2720	2.3
9475	昭文社	2275	2275	2180	2180	35.3
9476	中央経済	360	360	360	360	2
9477	角川ＨＤ	4600	4750	4550	4690	52
9478	翔泳社	2250000	2300000	2250000	2300000	0.029
9501	東電	2480	2485	2470	2480	1324.1
9502	中部電	1755	1776	1743	1755	264.6
9503	関西電	1790	1790	1740	1768	370.2
9504	中国電	1633	1663	1630	1660	89
9505	北陸電	1535	1549	1522	1549	47.4
9506	東北電	1550	1580	1545	1580	127.9
9507	四国電	1585	1585	1550	1585	75.7
9508	九州電	1650	1670	1630	1658	95.5
9509	北海電	1495	1520	1486	1515	98.3
9511	沖縄電	1900	1900	1900	1900	4.9
9531	東ガス	274	281	274	280	1067
9532	大ガス	280	284	279	282	975
9533	邦ガス	210	214	206	209	149
9534	北ガス	203	203	202	202	6
9535	広ガス	239	239	238	238	8
9536	西部ガス	160	161	160	160	87
9537	北陸ガ	0	0	0	0	0
9539	葉ガス	288	288	288	288	1
9540	中ガス	205	205	205	205	1
9541	大多喜ガス	343	343	343	343	1
9542	新日ガス	0	0	0	0	0
9600	アイネット	741	750	741	750	4
9601	松竹	485	495	480	481	10
9602	東宝	17360	17810	17360	17610	18.1
9603	ＨＩＳ	2590	2590	2490	2520	57.9
9604	際放映	0	0	0	0	0
9605	東映	735	750	732	735	258
9607	葵プロ	1470	1490	1470	1470	2
9608	福山コンサル	0	0	0	0	0
9609	ベンチャーリ	7500	7500	7390	7400	10.2
9610	ウィルソン	3050	3050	3040	3050	1.8
9611	Ｄワンダー	0	0	0	0	0
9612	ラックランド	2480	2500	2480	2500	0.6
9613	ＮＴＴデータ	1060000	1090000	1050000	1060000	6.778
9614	ベルシス24	51700	53000	51700	52900	3.1
9615	東京美装	510	510	510	510	4
9616	共立メンテ	2650	2650	2560	2600	1.5
9618	エームサービス	0	0	0	0	0
9619	イチネン	852	852	852	852	0.5
9620	スクウェア	4530	4550	4450	4490	86.4
9621	建設技研	605	620	605	620	3.1
9622	スペース	474	475	474	475	2.7
9623	キヤノンソフ	670	670	670	670	2
9624	長大	440	440	419	439	5.5
9625	セレスポ	225	270	225	270	2
9626	日本技開	0	0	0	0	0
9627	アインファマ	0	0	0	0	0
9628	燦ＨＤ	4430	4480	4400	4480	1.9
9629	ＰＣＡ	3460	3460	3450	3450	3
9630	アップ	360	360	360	360	3
9631	東急レク	595	597	595	597	2
9632	スバル	341	341	341	341	1
9633	テアトル	180	183	180	180	35
9634	修学社	591	592	590	590	14
9635	武蔵野	0	0	0	0	0
9636	きんえい	0	0	0	0	0
9637	オーエス	785	785	785	785	1
9638	情報技術	721	740	721	740	2
9639	三協フロンテ	310	310	300	300	7
9640	セゾン情報	787	787	787	787	3
9641	サコス	118	118	118	118	0.8
9642	コマスタ	0	0	0	0	0
9643	中日興	16000	16000	15500	15500	0.2
9644	タナベ経営	331	331	330	330	5.9
9645	ダイヤモンドコン	1205	1220	1205	1220	9
9646	タイトー	98900	98900	98000	98400	0.067
9647	協和コンサル	235	235	230	230	5
9648	ウエスコ	290	290	280	280	28.3
9649	明電エンジニア	640	645	633	645	3.6
9650	テクモ	1550	1550	1530	1540	10.9
9651	日本プロセス	730	730	730	730	4
9652	日本医療	2060	2140	2060	2110	6
9653	ＳＢＩパートナ	1000	1000	1000	1000	2
9654	コーエー	4310	4400	4300	4320	14.5
9656	三井ランド	540	540	530	530	3.1
9657	コムテック	0	0	0	0	0
9658	ビジ太田昭	560	560	560	560	5
9660	ＣＲＣソリュ	0	0	0	0	0
9661	歌舞伎	0	0	0	0	0
9663	ナガワ	0	0	0	0	0
9664	御園座	1090	1090	1090	1090	1
9665	吉本興	1060	1081	1060	1080	8
9667	ホリプロ	707	707	700	700	14
9668	相鉄企業	0	0	0	0	0
9669	オークネット	4700	4700	4400	4450	34.9
9671	よみランド	407	408	402	407	30
9672	東競馬	114	116	114	114	52
9673	甲子園土地	0	0	0	0	0
9674	花月園	0	0	0	0	0
9675	常磐興	150	150	145	149	11
9676	松戸公産	0	0	0	0	0
9677	日本ジャンボ	0	0	0	0	0
9678	カナモト	660	664	660	660	45
9679	ホウライ	0	0	0	0	0
9680	共成レンテム	0	0	0	0	0
9681	東京ドーム	500	504	495	501	98
9682	ＤＴＳ	8380	8380	8100	8110	44.2
9684	スク・エニ	4880	4890	4800	4820	31.6
9685	共同コンＨＤ	347	347	347	347	1
9686	東洋テック	432	432	432	432	1
9687	ＫＳＫ	560	560	560	560	3
9689	グリンハウス	0	0	0	0	0
9691	両毛システム	1980	1980	1980	1980	1
9692	シーイーシー	1960	1960	1890	1940	79.3
9694	日立ソフト	13780	13780	13510	13670	59.5
9695	鴨川グランド	0	0	0	0	0
9696	ウィザス	360	360	355	360	16
9697	カプコン	4390	4400	4180	4240	500.7
9698	クレオ	1020	1020	1020	1020	1
9699	西尾レント	713	720	713	720	3.8
9700	エスアールエル	1265	1295	1260	1290	49
9701	会舘	0	0	0	0	0
9702	アイエスビー	1610	1610	1600	1600	3
9703	ジェネラスコーポ	88	88	87	88	30
9704	東海観	85	87	84	85	369
9706	日本空港ビル	818	831	818	824	32
9707	メデカＪ	891	920	891	920	13
9708	帝ホテル	1570	1570	1570	1570	2
9709	日コンピュタ	685	685	678	678	3
9711	日コンシス	0	0	0	0	0
9712	ファイ	550	550	510	512	79
9713	ロイヤルホ	236	239	235	235	14
9714	ＳＲＡ	1750	1750	1750	1750	2.2
9715	トランスコス	13000	13190	12850	13010	60.7
9716	乃村工芸社	351	351	351	351	2
9717	ジャステック	3350	3350	3350	3350	1.6
9718	国際観光会館	252	252	252	252	1
9719	住商情報	8120	8120	7780	7780	30.6
9720	グランド	0	0	0	0	0
9722	藤田観	514	514	509	510	10
9724	新阪急ホテル	161	174	161	174	15
9725	東急ホテル	160	160	158	158	4
9726	近ツーリスト	308	308	300	301	36
9727	東急観光	118	123	118	123	4
9728	日本管財	1599	1600	1591	1591	12.8
9729	トーカイ	0	0	0	0	0
9730	ワオコーポ	0	0	0	0	0
9731	白洋舎	340	340	335	335	8
9732	東映ラボ	217	217	217	217	4
9733	ナガセ	0	0	0	0	0
9734	精養軒	0	0	0	0	0
9735	セコム	8290	8540	8250	8310	750.5
9736	白青舎	161	161	161	161	7
9737	ＣＳＫ	2810	2840	2775	2785	165.7
9738	インテック	2185	2205	2150	2150	30
9739	ＮＳＷ	8690	8780	8600	8600	3.7
9740	ＣＳＰ	620	620	600	600	45
9741	日立情報	4840	4840	4500	4500	47
9742	アイネス	1727	1730	1701	1701	65.4
9743	丹青社	569	569	552	552	9
9744	メイテック	4800	4900	4680	4680	59.8
9746	ＴＫＣ	2330	2330	2270	2290	17.1
9747	アサツーＤＫ	3500	3550	3460	3460	64.2
9748	ＮＪＫ	660	660	660	660	1
9749	富士ソフト	8590	8800	8370	8400	154.1
9750	ソラン	2200	2270	2170	2265	8
9751	ＴＩＳ	7080	7100	7030	7030	123
9752	ナムコ	3140	3180	3020	3050	135.9
9753	ＩＸナレッジ	670	670	670	670	4
9755	応用地質	1280	1285	1250	1250	6.5
9756	ＡＳＫ	794	820	794	820	7
9757	船井研	710	710	710	710	3
9758	ジシステム	524	530	524	530	12
9759	日システムデ	12700	12700	12400	12400	57.4
9760	進学会	0	0	0	0	0
9761	東海リース	195	195	190	195	3
9762	大和リース	330	332	323	323	193
9763	丸紅リ	105	105	103	105	9
9764	技研興	202	202	202	202	1
9765	オオバ	0	0	0	0	0
9766	コナミ	9700	9700	9500	9500	321
9767	日建工学	252	252	252	252	1
9768	国土環境	0	0	0	0	0
9769	学究社	310	310	310	310	1
9776	札臨	345	345	345	345	10
9777	日電計算	2200	2230	2150	2150	5.7
9778	昴	550	550	550	550	4
9779	メフォス	860	860	850	850	5
9780	ビステム	0	0	0	0	0
9781	石川島汎サ	460	460	460	460	3
9782	ＤＭＳ	640	640	639	640	4
9783	ベネッセ	6550	6550	6410	6490	29.7
9784	日工検	0	0	0	0	0
9785	大新東	0	0	0	0	0
9786	キャッツ	1861	1920	1861	1920	14
9787	Ｊメンテ	950	952	950	951	6
9788	ナック	749	749	730	730	4
9789	栄光	410	410	407	407	2
9790	福井コン	600	600	600	600	1
9791	ビケンテクノ	698	698	698	698	1
9792	ニチイ学館	4180	4200	4080	4100	40.3
9793	ダイセキ	1970	1994	1956	1956	8.4
9794	カラカミ観光	0	0	0	0	0
9795	ステップ	750	750	740	745	3
9796	ダイテック	1490	1490	1420	1420	0.3
9797	大日本コン	238	238	238	238	0.1
9798	シダックス	1840	1970	1840	1960	1.3
9799	旭情報	1140	1140	1110	1110	3
9810	日鉄商	91	91	91	91	2
9811	アスティス	545	545	530	530	2
9812	テーオー	0	0	0	0	0
9813	トッキ	2080	2080	2080	2080	1
9814	アシックス商	0	0	0	0	0
9815	カテナ	1420	1420	1365	1400	58
9816	バーテックス	382	382	360	370	9
9817	ゴトー	0	0	0	0	0
9818	大丸エナ	0	0	0	0	0
9820	エムティＧ	205	205	205	205	2
9821	日アムウ	510	580	510	550	9.2
9822	なが多	87	89	81	81	1451
9823	マミーマート	0	0	0	0	0
9824	泉州電	0	0	0	0	0
9825	アズウェル	401	402	401	401	4.1
9826	ＪＥＵＧＩＡ	170	170	170	170	2
9827	リリカラ	163	163	160	160	7
9828	元気寿司	1110	1110	1100	1100	2
9829	ながの東急	365	365	355	355	2
9830	トラスコ中山	1507	1514	1463	1463	1.7
9831	ヤマダ電	10990	11050	10700	10700	121.2
9832	オートバクス	3200	3200	3170	3200	45.5
9833	エルクコーポ	675	675	675	675	1
9834	リオチェン	440	440	439	439	1.1
9835	ジュンテン	0	0	0	0	0
9836	リーバイス	471	471	471	471	1
9837	モリト	540	540	520	520	14
9838	トラベラー	745	745	745	745	1
9839	ゲッツブラザーズ	590	590	565	565	3.5
9840	ホーマック	2375	2380	2330	2330	7.1
9841	ＢＭＢ	378	378	360	360	75
9842	アークランド	1140	1150	1140	1150	5
9844	ユーエスシー	1570	1640	1550	1550	12
9845	パーカー	228	228	228	228	1
9846	天満屋ス	0	0	0	0	0
9847	ソリスト	530	550	515	515	20
9848	トヨタカローラ岐阜	0	0	0	0	0
9849	河内屋紙	0	0	0	0	0
9850	グルメ杵屋	834	834	820	820	6
9852	中央物産	0	0	0	0	0
9853	銀座ルノア	0	0	0	0	0
9854	愛眼	1003	1003	1000	1003	1.8
9855	くろがねや	395	395	395	395	1
9856	ケーユー	820	820	820	820	1.5
9857	英和	0	0	0	0	0
9858	明光商会	1750	1750	1680	1680	3.5
9859	ユーストア	829	829	826	826	4
9860	岐阜日野	0	0	0	0	0
9861	吉野家ディー	180000	181000	180000	181000	0.086
9862	メモレックス・テレ	230	230	230	230	5
9863	靴のマルトミ	103	105	103	105	4.3
9864	ナカイ	0	0	0	0	0
9865	日商エレク	3010	3060	3010	3020	23
9867	ソレキア	460	475	455	465	15
9868	トリイ	0	0	0	0	0
9869	加藤産	610	610	610	610	1
9870	ハナテン	0	0	0	0	0
9871	イトーキ	265	265	265	265	1
9872	北恵	194	194	194	194	2
9873	ケンタッキー	1340	1341	1340	1341	4
9875	マツモトキヨ	8820	8820	8710	8770	31
9876	コックス	435	440	435	435	5
9877	マルフル	0	0	0	0	0
9878	セキド	0	0	0	0	0
9879	フタタ	0	0	0	0	0
9880	イノテック	3410	3450	3390	3450	13.2
9882	イエロハット	1027	1029	964	964	28.9
9883	富士エレ	1950	1980	1860	1860	28
9884	都築電産	0	0	0	0	0
9885	シャルレ	669	669	669	669	1
9887	松屋フーズ	1996	2000	1990	2000	18.4
9888	ＵＥＸ	0	0	0	0	0
9889	ＪＢＣＣ	3140	3140	2995	3100	15.8
9890	マキヤ	0	0	0	0	0
9892	卑弥呼	1270	1270	1260	1260	26
9893	ホームワイド	395	396	395	395	13
9894	アトル	620	620	620	620	4
9895	コンセック	217	217	217	217	2
9896	Ｊ建材	0	0	0	0	0
9897	ユニダックス	0	0	0	0	0
9898	サハダイヤ	256	256	250	250	65
9899	サンデサン	767	767	767	767	1
9900	サガミ	850	850	850	850	2
9901	宮	790	790	790	790	3
9902	日伝	1550	1550	1550	1550	1
9903	カンセキ	0	0	0	0	0
9904	ベリテ	215	215	211	212	27
9905	コージツ	0	0	0	0	0
9906	藤井産業	0	0	0	0	0
9907	大電社	0	0	0	0	0
9908	日本電計	0	0	0	0	0
9909	愛光電気	217	217	217	217	4
9911	真電	376	376	376	376	1
9912	ダイワボ情	1875	1886	1875	1885	10
9913	日邦産業	305	305	305	305	2
9914	植松商会	270	270	270	270	2
9915	アサヒビールＳ	0	0	0	0	0
9916	バイタルＮ	709	720	698	702	2.7
9917	マツモト電器	390	390	390	390	1
9918	ダイワラクダ	0	0	0	0	0
9919	関西スーパ	0	0	0	0	0
9920	シービーエム	0	0	0	0	0
9921	ギガス	0	0	0	0	0
9922	日立機材	0	0	0	0	0
9923	ダイトーエム	425	425	420	420	3
9924	ドミー	0	0	0	0	0
9925	北の家族	950	1010	950	1010	10
9926	ダイカ	305	305	305	305	4
9927	ワットマン	0	0	0	0	0
9928	ミロク情報	1070	1070	1033	1037	8
9929	平和紙業	0	0	0	0	0
9930	北沢産	279	279	279	279	2
9931	家族亭	649	670	649	670	14
9932	杉本商	0	0	0	0	0
9934	因幡電産	1286	1326	1286	1326	0.4
9935	あずみ	0	0	0	0	0
9936	王将フード	1060	1060	1051	1051	6
9937	セシール	1150	1160	1145	1150	7
9938	住金物産	87	87	87	87	2
9939	すみや	0	0	0	0	0
9941	太洋物産	0	0	0	0	0
9943	ココス	650	650	650	650	2
9944	インパクト	1332	1400	1330	1348	3.9
9945	プレナス	3700	3700	3700	3700	1.2
9946	ミニストップ	2050	2065	2030	2040	19.2
9947	シムリー	840	840	831	831	1.2
9948	アークス	1000	1000	1000	1000	1
9949	タイヨー	2145	2155	2145	2155	9
9950	ハチバン	0	0	0	0	0
9951	カーマ	560	566	549	566	6
9952	ドトール	7810	7810	7600	7700	3.3
9953	ダイキ	1307	1308	1297	1297	1.4
9954	東京小僧寿し	610	610	605	605	11
9955	ヨンキュウ	2180	2180	2100	2100	3.6
9956	バロー	0	0	0	0	0
9957	バイテック	1960	1980	1900	1900	7.7
9958	サリ	195	195	180	180	7
9959	アシード	880	900	860	860	3.3
9960	東テク	470	470	470	470	2
9961	エムオーテック	138	138	138	138	2
9962	駿河製機	8700	8700	8650	8650	28.4
9963	江守商事	0	0	0	0	0
9964	アイ・テック	0	0	0	0	0
9965	福原	0	0	0	0	0
9966	藤久	2130	2130	2070	2100	2.3
9967	堺商事	0	0	0	0	0
9968	イチヤ	699	699	650	650	19
9969	ショクブン	814	815	800	800	8
9970	東洋オフィス	0	0	0	0	0
9971	カウボーイ	550	550	515	530	18
9972	アルテック	1120	1135	1099	1100	4.9
9973	小僧本部	1200	1200	1200	1200	2
9974	ベルク	1070	1070	1070	1070	0.2
9975	マルヤ	2900	2900	2900	2900	0.5
9976	セキチュー	505	505	505	505	1
9977	アオキスーパ	0	0	0	0	0
9978	文教堂	1060	1100	1060	1070	5
9979	大庄	954	985	954	958	8
9980	マルコ	779	790	770	775	3
9981	ニック産業	0	0	0	0	0
9982	タキヒヨー	0	0	0	0	0
9983	ファストリ	20630	21390	20330	21000	88
9984	ソフトバンク	11080	11250	10720	11080	708.9
9985	榮太郎	750	755	750	755	4
9986	蔵王産業	401	401	401	401	2
9987	スズケン	4700	4710	4630	4650	64.8
9988	神港魚類	0	0	0	0	0
9989	サンドラッグ	7250	7250	6700	7030	3.8
9990	東京デリカ	411	412	411	412	5
9991	ジェコス	315	329	315	329	9
9992	理研グリン	0	0	0	0	0
9993	ヤマザワ	1190	1190	1190	1190	2
9994	やまや	610	610	610	610	0.5
9995	イーストン	0	0	0	0	0
9996	サトー商会	554	555	554	555	3
9997	ベルーナ	4000	4000	3950	4000	18.4
