20000303
1001	日経２２５	20023	20035	19859	19928	71.735
1002	ＴＯＰＩＸ	1716	1716	1686	1686	71.735
1301	極洋	133	137	133	136	160
1319	日経300F	309	309	305	308	210
1331	ニチロ	165	168	160	160	191
1332	日水	182	185	169	179	996
1333	マルハ	127	130	125	127	560
1351	宝幸水産	88	92	87	89	231
1352	ホウスイ	98	98	90	91	17
1376	カネコ種	1100	1100	1060	1060	9
1377	サカタタネ	2430	2440	2350	2350	45.1
1378	雪国まいたけ	997	998	940	941	9
1379	ホクト	5150	5250	5000	5000	31.2
1380	秋川牧園	0	0	0	0	0
1491	中外鉱	177	180	171	171	3363
1501	三井鉱山	98	107	98	103	764
1503	住友炭	83	88	83	88	140
1515	日鉄鉱	215	225	215	220	88
1518	三井松島	170	178	165	165	87
1601	帝石	310	319	308	312	367
1603	アラビア石油	562	572	511	517	624.6
1661	ガス開	376	382	376	377	73
1701	昭和鉱	269	310	265	305	307
1702	共立マテリア	285	295	285	295	11
1738	ＮＩＴＴＯＨ	411	419	410	419	10
1739	ＳＥＥＤ	440000	440000	435000	435000	0.003
1740	極東工業	450	450	450	450	2
1741	ミサワサンイ	0	0	0	0	0
1742	セコムテクノ	2800	2800	2710	2800	19
1743	コーアツ工業	530	530	520	520	23
1744	キョーエイ	700	700	700	700	6
1745	ミサワホーム東海	0	0	0	0	0
1746	7	475	475	475	475	2
1748	ミサワ北日	300	330	300	330	2
1749	大和通信	335	335	335	335	1
1750	カナック	380	450	380	450	3
1751	日立プラサ	0	0	0	0	0
1752	富士通シス	1711	1750	1699	1699	21
1753	土屋ツバイ	140000	145000	140000	145000	0.002
1754	東新住建	910	910	910	910	1
1755	JFE工建	0	0	0	0	0
1756	和興エンジ	0	0	0	0	0
1757	千年の杜	400	410	400	410	5
1758	太洋基礎	0	0	0	0	0
1759	ジオトップ	280	280	280	280	3
1762	高松建設	1800	1800	1701	1750	5
1763	北陸ミサワ	0	0	0	0	0
1764	工藤建設	255	255	255	255	1
1765	イビデンテック	0	0	0	0	0
1766	東建コーポ	1400	1450	1400	1430	13
1767	沖ウィン	610	610	595	595	5
1768	ソネック	0	0	0	0	0
1769	ピコイ	60	60	50	55	57
1770	藤田エンジ	0	0	0	0	0
1772	東北エンタープライズ	425	425	400	411	8
1774	機動建	231	231	231	231	3
1775	富士電Ｅ＆Ｃ	235	235	225	225	20
1776	三井住建道路	114	119	114	119	6
1777	川崎設備	330	330	330	330	1
1778	古河総設	0	0	0	0	0
1779	松本建工	0	0	0	0	0
1780	ヤマウラ	385	385	380	380	1
1781	国土総合	370	370	370	370	1
1782	常磐開発	230	230	230	230	2
1783	南野建設	105	105	100	101	5
1784	サワコー	540	549	538	540	12.1
1785	ナナボシ	412	415	412	415	5
1786	オリ建	457	457	451	452	16.2
1787	ナカボテック	322	322	322	322	3
1788	三東工業	207	207	207	207	1
1789	山加電業	410	410	410	410	25.4
1790	平和奥田	0	0	0	0	0
1791	三井木材	125	126	124	125	75
1792	みらい建設Ｇ	181	185	180	180	18
1793	大本組	550	550	550	550	5
1795	マサル	0	0	0	0	0
1796	トヨタウッド	310	315	305	315	3.7
1797	藤木工務店	0	0	0	0	0
1798	守谷商会	0	0	0	0	0
1799	第一建設	242	242	242	242	1
1800	利塚地下技術	300	300	300	300	1
1801	大成建	161	163	159	160	1213
1802	大林組	309	312	305	308	3491
1803	清水建	263	266	258	266	1744
1804	佐藤工業	56	56	54	55	557
1805	飛島建	55	56	53	56	162
1806	ACリアル	51	52	50	52	496
1807	渡辺組	202	202	202	202	4
1808	長谷工	46	46	43	43	4383
1809	富士工	86	88	81	82	47
1810	松井建	297	300	296	296	5
1811	銭高組	317	320	310	320	6
1812	鹿島	260	268	260	268	722
1813	不動建	149	149	146	146	32
1814	大末建	80	80	75	76	141
1815	鉄建	112	113	110	113	249
1816	安藤建	196	196	188	188	33
1817	勝村建	129	129	127	127	38
1818	日産建設	86	90	83	90	30
1819	太平工	171	174	168	174	25
1820	西松建	340	342	336	341	331
1821	三井住友建	74	75	73	73	70
1822	大豊建	159	160	159	159	25
1823	住友建設	92	92	91	91	67
1824	前田建	279	285	275	276	215
1825	環境建設	102	105	102	104	70
1826	佐田建	164	165	164	164	26
1827	ナカノフドー建	98	98	95	96	72
1828	田辺工業	0	0	0	0	0
1829	大和建設	85	100	85	100	4
1830	共栄冷機工業	0	0	0	0	0
1831	積水ハ北陸	491	491	490	490	4
1833	奥村組	300	305	300	302	241
1834	小田急建	222	222	216	216	3.5
1835	東鉄工	210	220	199	200	25
1836	大日本土木	137	145	137	141	5
1837	間組	64	65	62	65	497
1838	古久根建設	98	100	98	99	8
1839	真柄建	162	163	161	161	8
1840	土屋ホーム	260	260	250	260	13.5
1841	サンユ	0	0	0	0	0
1842	昭和テクノ	530	530	520	530	6
1844	大盛工業	199	199	192	192	19
1845	森本組	130	133	130	133	2
1846	鈴縫工	142	142	142	142	1
1847	イチケン	111	118	111	118	22
1848	富士ＰＳ	540	540	540	540	2
1850	南海辰村建	78	80	78	78	14
1851	大木建設	186	188	186	188	19
1852	浅沼組	150	150	146	146	16
1853	森組	0	0	0	0	0
1854	新井組	151	158	151	158	17.1
1855	東急建設	70	71	67	67	165
1856	ジェイオー建設	0	0	0	0	0
1857	松村組	121	121	116	120	33
1858	井上工	57	57	57	57	4
1860	戸田建	347	347	333	334	541
1861	熊谷組	56	57	55	57	801
1862	横河工事	310	310	310	310	18.5
1863	テトラ	213	215	213	215	6
1865	青木あすなろ建	137	137	137	137	1
1866	北野建	314	314	300	300	69
1867	植木組	179	179	170	170	3
1868	三井ホーム	380	385	380	382	19
1869	名工建	500	500	500	500	6
1870	矢作建	351	351	351	351	2
1871	ピーエス三菱	410	410	406	408	20.6
1872	アゼル	330	330	309	309	77
1873	東ハウス	467	470	467	470	10
1874	佐藤秀	0	0	0	0	0
1875	青木マリン	0	0	0	0	0
1877	川田建設	0	0	0	0	0
1878	大東建	1660	1664	1620	1620	246.4
1879	新日本建	204	209	204	209	4
1880	スルガコーポ	1300	1350	1300	1349	7
1881	ＮＩＰＰＯ	461	461	456	457	83
1882	東亜道	235	238	230	234	71
1883	前田道	440	443	436	437	405
1884	日道路	149	150	146	150	156
1885	東亜建	122	128	122	128	237
1886	青木建設	43	45	43	45	606
1888	若築建	145	150	145	145	85
1889	佐伯建	126	130	123	124	22
1890	東洋建	82	84	81	82	241
1892	徳倉建	0	0	0	0	0
1893	五洋建	133	133	126	130	171
1895	大成ロテック	171	172	167	170	38
1896	大林道	405	425	401	423	270
1897	金下建	515	515	515	515	7
1898	世紀東急	82	83	82	82	10
1899	福田組	259	264	250	250	18
1900	白石	162	169	161	168	8
1902	山崎建設	0	0	0	0	0
1904	大成温調	390	390	385	385	14
1905	テノックス	251	265	251	265	2
1906	細田工務	0	0	0	0	0
1907	東北ミサワ	0	0	0	0	0
1908	三平建設	0	0	0	0	0
1909	日本ドライ	333	340	332	333	28.5
1910	フドウ建研	230	230	210	210	9
1911	住友林	620	630	620	630	26
1912	ミサワセラミ	390	390	390	390	1
1913	旭ホームズ	87	87	87	87	1
1914	日基技	560	560	545	545	41.3
1915	東京ミサワホーム	0	0	0	0	0
1916	日成ビルド	175	175	170	170	38
1917	ニッセキハウス	119	120	116	116	187
1919	エスバイエル	261	262	260	260	99
1920	殖産住宅相互	107	109	101	104	322
1921	巴	175	180	175	180	5
1922	大成ユーレック	82	84	81	83	29
1923	ミサワホーム	344	344	342	342	52
1924	パナホーム	560	560	545	545	121
1925	大和ハウス	766	766	740	741	1126
1926	ライト	480	480	468	472	44.2
1927	中 部	342	342	342	342	0.2
1928	積ハウス	815	829	806	815	1501
1929	日特建	181	185	175	185	61
1930	北陸電工	245	245	245	245	1
1931	日本電通	0	0	0	0	0
1932	コミュチュア	570	570	550	560	14
1933	西シス建	0	0	0	0	0
1934	ユアテック	312	315	307	310	88
1935	ＴＴＫ	328	335	328	335	48
1936	シーキューブ	300	300	295	300	29.9
1937	西部電工	320	320	318	318	5
1938	千歳電	225	227	225	227	4
1939	四電工	309	309	303	304	58
1940	つうけん	240	240	235	240	3
1941	中電工	1436	1436	1429	1429	19
1942	関電工	405	405	398	399	308
1943	大明	1005	1005	970	984	56
1944	きんでん	669	687	669	678	265
1945	東京エネシス	366	366	365	365	7
1946	トーエネク	398	398	392	392	18
1947	日本コムシス	1721	1733	1625	1625	312
1948	弘電社	285	290	285	290	5
1949	住友電設	544	550	535	550	7.2
1950	電設工	287	287	280	281	169
1951	協エクシオ	720	734	718	733	126
1952	新日空調	395	405	395	395	4
1953	国際電設	180	180	180	180	1
1954	日工営	173	176	172	174	70
1955	東電通	456	456	440	447	82
1956	日電設	453	453	445	445	18
1957	保安工	228	228	228	228	3
1958	三和エレック	283	299	283	289	7
1959	九電工	307	307	298	306	80
1960	サンテック	310	311	308	308	46
1961	三機工	448	448	435	435	79
1962	エルゴテック	180	185	180	185	2
1963	日揮	278	284	271	271	463
1964	中外炉	260	270	255	255	24
1965	テクノ菱和	460	480	460	480	14.5
1966	高田工	0	0	0	0	0
1967	ヤマト	341	357	341	357	31
1968	太平電	255	260	255	255	20
1969	高砂熱	523	526	520	520	53
1970	日立プラ	238	242	238	240	30
1971	ビルト工	79	79	79	79	1
1972	三晃金	110	110	100	100	19
1973	ＮＥＣシス建	1700	1712	1666	1673	61.5
1974	宮地建設工業	434	434	434	434	3
1975	朝日工	205	207	200	201	9
1976	明星工	170	180	152	175	74
1977	ジェイコス	450	450	450	450	1
1978	アタカ	310	310	305	310	15
1979	大気社	700	700	687	695	53
1980	ダイダン	403	420	403	415	23
1981	協和日成	0	0	0	0	0
1982	日比谷設	535	535	529	529	14
1983	東芝プラ	215	216	208	208	45
1984	三信建	0	0	0	0	0
1985	大和電設	0	0	0	0	0
1986	日商インター	2140	2150	1980	1980	44
1987	ソルコム	0	0	0	0	0
1988	シボンド建	1370	1390	1310	1310	96.4
1989	北陸電話	0	0	0	0	0
1990	東邦建	0	0	0	0	0
1991	都築通技	0	0	0	0	0
1992	神田通機	0	0	0	0	0
1993	ニッタン	0	0	0	0	0
1994	高橋ウォール	0	0	0	0	0
1995	鈴木工務店	199	200	185	185	9
1996	三菱建設	170	170	170	170	1
1997	暁飯島工業	145	145	145	145	6
1998	日本土建	0	0	0	0	0
2001	日本粉	245	254	245	251	376
2002	日清粉	776	795	775	789	333
2003	日東粉	198	200	192	192	8
2004	昭和産	168	172	168	171	161
2006	東福粉	84	86	83	86	8
2007	富士粉	140	140	140	140	2
2008	増田粉	0	0	0	0	0
2009	鳥越粉	397	398	390	392	55
2051	農産工	199	199	191	193	109
2052	協同飼	124	124	118	118	79
2053	中部飼	0	0	0	0	0
2055	日和産	250	250	250	250	1
2056	日配飼	120	124	115	115	142
2057	雪印種	669	670	668	668	6
2102	台糖	250	252	245	245	30
2107	東洋糖	159	159	150	157	43
2108	甜菜糖	161	165	158	165	190
2109	三井糖	175	175	173	173	42
2111	フジ製糖	200	210	200	210	11
2112	塩水糖	389	389	380	385	12
2113	新光糖	200	200	200	200	4
2114	フジ日本精糖	260	270	260	270	2
2116	日新糖	131	131	126	126	10
2201	森永	208	212	208	210	324
2202	明菓	750	754	731	747	806
2204	中村屋	274	274	270	270	14
2205	駿河屋	72	72	72	72	2
2206	グリコ	495	503	495	497	132
2207	名糖産	1010	1030	1010	1030	9
2208	ブルボン	940	945	930	945	8
2209	井村屋	405	405	405	405	6
2211	不二家	290	292	262	265	244
2212	山パン	952	955	943	955	155
2213	ナガサキヤ	71	71	71	71	2
2215	一パン	270	270	252	252	62
2216	カンロ	261	261	261	261	2
2217	モロゾフ	196	200	196	200	5
2219	タカラブネ	102	105	102	105	23
2220	亀田製菓	696	696	696	696	3
2221	岩塚製菓	0	0	0	0	0
2222	寿製菓	480	480	480	480	3
2224	コモ	2070	2070	2020	2020	8
2261	明乳	740	740	708	710	2091
2262	雪印	460	464	457	463	314
2264	森永乳	298	298	290	296	162
2266	六甲バタ	271	271	270	270	5
2267	ヤクルト	1050	1050	953	1001	926
2268	サーティワン	0	0	0	0	0
2281	プリマ	125	125	121	122	316
2282	日ハム	999	1013	991	1012	320
2284	伊藤ハ	440	444	430	432	120
2286	林兼	134	135	130	130	62
2287	雪印食品	267	267	250	250	6
2288	丸大食	175	178	172	172	88
2289	相模ハム	0	0	0	0	0
2290	米久	1100	1100	1090	1090	30
2291	福留ハ	0	0	0	0	0
2292	ＳＦＯＯＤＳ	763	763	735	736	12
2293	滝沢ハム	0	0	0	0	0
2294	柿安本店	999	1000	989	989	5
2501	サッポロＨＤ	338	344	337	340	436
2502	アサヒ	1010	1024	1002	1008	1854
2503	キリン	1281	1292	1272	1274	745
2531	宝ＨＤ	3140	3150	2840	2850	7277
2533	オエノンＨＤ	272	272	257	257	38
2536	メルシャン	278	280	273	280	216
2538	マルキン忠勇	170	170	158	160	13
2540	養命酒	680	700	680	680	10
2541	ニッカ	275	285	275	285	14
2571	中京コカ	1010	1010	988	990	19
2572	三国コカ	1350	1360	1335	1335	80
2573	北海コカ	1250	1250	1250	1250	16
2575	三笠コカ	900	900	900	900	1.5
2576	近畿コカ	1200	1200	1186	1186	28
2577	富士コカ	1159	1160	1140	1150	17
2578	四国コカ	1170	1170	1150	1150	9.7
2579	コカウエスト	2620	2660	2605	2655	71.3
2591	カルピス	545	545	536	536	28
2592	ポッカ	548	548	540	545	9
2593	伊藤園	10270	10500	10210	10300	125.5
2594	キーコーヒー	1300	1300	1290	1295	10
2595	キリンビバ	1720	1770	1700	1758	78
2596	キューサイ	5500	5750	5500	5650	37.1
2597	ユニカフェ	3200	3200	3050	3080	3.7
2598	アサヒ飲料	935	940	911	920	121.5
2601	ホーネンコーポ	180	195	176	190	496
2602	日清オイリオ	286	297	285	286	391
2604	吉原製油	244	250	241	250	45
2605	熊沢製油	240	240	240	240	1
2607	不二油	710	720	703	719	91
2608	ボーソー	171	171	168	168	6
2611	摂津油	0	0	0	0	0
2612	かどや製油	780	780	775	780	4
2801	キッコマン	713	716	701	710	404
2802	味の素	1250	1270	1217	1217	776
2803	丸金醤油	289	296	270	270	18
2804	ブルドック	620	620	620	620	3
2805	エスビー	0	0	0	0	0
2806	ユタカフーズ	0	0	0	0	0
2808	サンビシ	300	300	300	300	3
2809	キユーピー	800	800	785	793	107
2810	ハウス食品	1500	1529	1500	1518	49
2811	カゴメ	895	895	885	885	41
2812	焼津水化	1750	1750	1670	1708	20
2813	和弘食品	142	143	140	140	6
2814	佐藤食品	1000	1000	1000	1000	2
2815	アリアケ	5600	5800	5600	5800	11.6
2816	ダイショー	890	890	890	890	5
2817	ギャバン	650	650	650	650	3
2830	アヲハタ	0	0	0	0	0
2831	はごろも	1480	1500	1480	1500	37
2871	ニチレイ	275	284	271	281	493
2872	セイヒョー	0	0	0	0	0
2873	加ト吉	2160	2175	2140	2140	32
2874	ヨコレイ	500	500	487	487	216
2875	東洋水	679	685	675	677	85
2876	ＪＣコムサ	399	399	399	399	1
2877	日東ベスト	0	0	0	0	0
2878	赤城水産	0	0	0	0	0
2879	ニチロサンフズ	480	500	480	483	15
2891	酵母工	795	795	765	765	53
2892	日食品	318	325	316	316	7
2893	ローマイヤ	159	160	150	150	5
2894	石井食	280	280	280	280	2
2897	日清食	2220	2320	2220	2300	180.5
2898	ソントン	0	0	0	0	0
2899	永谷園	890	910	885	910	8
2900	明星食	239	239	230	230	18
2901	石垣食	390	390	390	390	2
2902	太陽化	415	426	415	425	10
2903	シノブフズ	162	162	161	161	3
2904	一正蒲鉾	629	629	629	629	5
2905	オーケー食	120	120	116	116	9
2906	ホッコク	0	0	0	0	0
2907	あじかん	780	780	780	780	2
2908	フジッコ	1652	1670	1652	1670	10
2909	トオカツフズ	300	310	300	310	8
2910	Ｒフィールド	4400	4440	4360	4370	9.6
2911	旭松食品	0	0	0	0	0
2912	鐘崎	0	0	0	0	0
2913	フジフーズ	290	290	290	290	4
2914	ＪＴ	790000	791000	770000	770000	1.617
2915	ケンコーマヨ	520	520	520	520	1
2916	仙波糖化	350	350	350	350	1
2917	大森屋	730	730	720	720	4
2918	わらべ日洋	1116	1116	1116	1116	1
2920	ケイビー	1460	1490	1460	1490	5
2921	フクシマフズ	0	0	0	0	0
2922	なとり	780	800	780	800	5
3001	片倉	440	451	440	450	12
3002	グンゼ	250	258	248	258	965
3003	昭栄	900	910	900	910	11
3004	神栄	129	132	124	124	23
3007	神戸生絲	55	57	55	57	9
3009	川島織	103	106	103	105	59
3010	上毛	1110	1110	1010	1050	41
3011	バナーズ	0	0	0	0	0
3101	東洋紡	149	155	147	148	1385
3102	カネボウ	162	162	158	160	788
3103	ユニチカ	68	70	68	70	225
3104	富士紡Ｈ	80	83	78	83	164
3105	日清紡	463	501	461	498	2399
3106	クラボウ	133	133	129	130	329
3107	ダイワボウ	105	106	102	106	15
3109	シキボウ	74	74	72	72	57
3110	日東紡	130	135	129	135	435
3111	オーミケン	65	67	65	67	13
3113	ＢＳＬ	70	73	70	71	28
3114	同興紡	79	80	79	80	19
3115	テザック	57	57	55	57	45
3116	トヨタ紡織	691	700	691	695	36
3117	興和紡	0	0	0	0	0
3121	アセットイン	53	53	53	53	6
3123	サイボー	0	0	0	0	0
3125	内外綿	64	64	63	63	7
3128	テラボウ	0	0	0	0	0
3129	ファブリカＴ	0	0	0	0	0
3201	日毛	376	378	370	378	38
3202	大東紡	93	93	91	93	40
3203	東亜紡織	90	91	90	91	3
3205	ダイドー	200	200	200	200	17
3206	南海毛糸紡績	100	100	100	100	3
3207	中央毛	123	125	121	121	18
3209	カネヨウ	131	131	128	128	7
3211	太陽毛絲紡	130	170	130	130	5
3216	御幸ＨＤ	405	405	405	405	4
3302	帝繊維	175	175	175	175	2
3304	トスコ	80	82	80	80	29
3306	日本麻	60	60	59	59	15
3401	帝人	424	427	418	423	1598
3402	東レ	337	345	336	340	4360
3403	東邦テナ	148	156	147	150	135
3404	三菱レ	228	239	226	238	2015
3405	クラレ	884	884	876	880	1233
3407	旭化成	658	660	653	658	890
3408	サカイオーベ	80	80	77	78	16
3409	北日紡	0	0	0	0	0
3411	オートリ	176	177	176	176	6
3420	ケーエフシー	0	0	0	0	0
3421	稲葉製作	1190	1190	1180	1190	10.1
3422	丸順	430	430	430	430	2
3423	エスイー	650	660	645	660	13
3501	住江織	108	108	108	108	4
3503	東和織	0	0	0	0	0
3512	フエルト	259	259	252	252	4
3513	イチカワ	155	155	148	148	8
3514	バイリーン	200	200	186	193	22
3515	フジコー	380	380	380	380	6
3521	エコナック	120	126	116	125	294
3524	日東網	96	99	96	98	9
3526	芦森工	230	236	230	231	224
3528	グローベルス	101	103	101	101	28
3529	アツギ	103	129	102	124	2841
3532	堀田産	0	0	0	0	0
3533	ダイオ化成	610	610	610	610	3
3534	ＮＢＣ	850	850	840	840	4
3551	ダイニック	171	172	170	172	19
3552	洋クロス	0	0	0	0	0
3553	共和レ	420	420	405	405	3
3569	セーレン	280	280	271	271	6
3570	オリカキャピ	120	120	113	115	31
3571	ソトー	463	463	460	460	5
3572	大同マルタ	60	60	60	60	1
3576	カンボウ	0	0	0	0	0
3577	東海染	130	130	125	129	54
3578	倉庫精	0	0	0	0	0
3580	小松精	325	330	325	330	7
3581	岐セン	0	0	0	0	0
3583	オーベクス	0	0	0	0	0
3584	福助	153	160	153	157	17
3585	トムスエンタ	898	919	836	860	240
3587	ＩＢダイワ	250	280	250	260	27
3588	丸山工	0	0	0	0	0
3591	ワコール	824	840	819	829	124
3592	ＣＨＯＹＡ	244	244	244	244	2
3593	ホギメデ	7000	7090	6900	7000	34.1
3594	モリシタ	0	0	0	0	0
3595	ヤギコーポ	325	325	324	325	4
3596	ワールド	10900	11000	10600	11000	58.6
3597	自重堂	740	780	720	760	13
3598	山喜	0	0	0	0	0
3599	コーコス	699	699	699	699	2
3600	フジックス	409	410	409	410	3
3601	ニチメンイン	1653	1700	1653	1700	15.3
3602	イタリヤード	249	260	249	260	3
3603	チャッコット	650	650	650	650	1
3706	東海パ	364	364	334	349	6
3861	王子紙	517	554	517	536	1712
3863	日本製紙	566	617	565	590	3564
3864	三菱紙	119	124	118	123	664
3865	北越紙	600	629	600	620	535
3868	高崎三興	79	82	79	81	91
3869	日本板紙	210	217	207	217	15
3870	日本加工製紙	72	73	69	70	36
3871	大昭和紙	477	481	475	475	52
3872	三島紙	180	180	180	180	5
3877	中越パ	143	146	143	143	108
3878	巴川紙	456	457	451	452	31
3880	大王紙	615	645	615	640	21
3881	特種紙	373	385	373	373	78
3882	紀州紙	0	0	0	0	0
3886	チューエツ	91	92	91	92	4
3887	中央板紙	75	75	75	75	14
3889	大平製紙	0	0	0	0	0
3890	ゼネＫＫ	651	655	650	650	14
3891	高度紙	1610	1610	1570	1590	13
3941	レンゴー	610	615	585	587	1069
3944	古林紙	0	0	0	0	0
3945	スパバッグ	0	0	0	0	0
3946	トーモク	172	176	171	171	81
3947	ダイナパック	408	413	408	413	4
3948	光ビジネス	0	0	0	0	0
3949	日本ハイパック	289	290	284	284	23
3950	ザ・パック	840	840	840	840	14
3951	朝日印刷	0	0	0	0	0
3952	中央紙器	0	0	0	0	0
3953	大村紙業	0	0	0	0	0
3954	昭和パックス	550	550	548	548	6
3971	東セロ	240	240	240	240	1
4003	コープケミ	90	90	86	86	30
4004	昭電工	135	135	131	132	868
4005	住友化学	397	398	385	397	4696
4006	チッソ 	29	30	28	28	260
4007	日化成	134	140	134	138	37
4008	住友精化	257	259	252	252	39
4010	三菱化学	387	395	364	367	4037
4021	日産化	588	592	586	591	367
4022	ラサ工	330	343	324	333	899
4023	呉羽化	290	295	284	290	873
4025	多木化	300	305	300	305	13
4026	神島化	336	336	335	335	4
4027	テイカ	254	262	249	262	30
4028	石原産	155	156	151	152	963
4031	チッカリン	399	399	391	399	46
4032	日東バイオン	250	255	240	240	14
4033	日東エフシー	400	400	400	400	1
4041	日曹達	278	294	276	287	807
4042	東ソー	495	509	495	499	1810
4043	トクヤマ	420	426	403	405	514
4044	セ硝子	202	209	200	206	388
4045	東合成	201	203	181	193	1662
4046	ダイソー	190	208	190	208	178
4047	関電化	300	303	295	298	77
4050	鶴見曹達	324	324	311	311	3
4061	電化	311	326	303	309	1793
4062	イビデン	1391	1400	1390	1395	118
4063	信越化	6000	6100	5860	6100	682
4064	カーバイド	124	127	123	127	163
4065	紀文フ	400	400	398	398	4
4077	富士チタン工業	570	570	550	560	43
4078	堺化学	800	800	735	765	372
4079	ハクスイテック	0	0	0	0	0
4080	田中化研	6520	6530	6020	6020	43
4086	日本エア・リキード	285	292	282	292	19
4088	エアウォータ	265	265	257	257	84
4089	大阪酸素工業	167	167	167	167	13
4091	大陽日酸	250	252	248	248	387
4092	日本化	262	285	262	285	490
4093	アセチレン	80	84	80	84	6
4094	日化産	340	340	309	321	69
4095	パーカライ	318	318	311	315	19
4096	昭炭酸	311	315	311	311	15
4097	高圧ガス	276	286	275	279	12
4098	チタン	151	155	151	154	7
4099	四国化	300	314	300	314	22
4100	戸田工	401	403	400	400	94
4101	日興酸素	0	0	0	0	0
4102	丸尾カル	212	212	210	210	3
4103	大陽東洋酸素	172	175	170	170	30
4104	タテホ	195	200	190	195	19
4105	メルテックス	800	810	780	780	12
4106	ケムキャット	1200	1200	1200	1200	3
4107	伊勢化	356	363	356	361	19
4108	共同酸素	150	150	149	150	4
4109	ステラケミ	8000	8000	7800	8000	29
4112	保土谷	174	174	161	165	43
4113	田岡化	0	0	0	0	0
4114	日触媒	434	450	432	435	224
4115	本州化	653	660	651	658	5
4116	大日精	351	358	351	351	14
4117	川崎化	141	141	141	141	12
4118	カネカ	1178	1190	1160	1190	452
4119	ピグメント	210	210	202	202	9
4120	スガイ	330	330	330	330	16
4123	山化成	1050	1050	1000	1000	18
4151	協発酵	1549	1550	1456	1495	5371
4182	菱ガス化	193	195	185	187	1603
4183	三井化学	740	755	727	728	1369
4185	ＪＳＲ	910	910	880	900	469
4186	東応化	2350	2350	2250	2310	201.6
4187	大有機	711	711	705	708	42
4201	日合成	169	175	169	175	229
4202	ダイセル	375	394	374	383	1606
4203	住友ベ	1159	1180	1140	1140	272
4204	積水化	350	353	342	343	663
4205	ゼオン	649	668	638	638	831
4206	アイカ	855	875	805	807	1096
4208	宇部興	196	208	186	188	4782
4209	フドー	0	0	0	0	0
4210	東洋化学	436	440	435	439	43
4212	積水樹	353	360	348	348	54
4213	菱樹脂	152	164	144	157	541
4214	高分子	307	307	304	304	96
4215	タキロン	393	410	393	409	351
4216	旭有機	275	277	270	270	120
4217	日立化	2250	2250	2200	2200	131
4218	ニチバン	388	406	388	396	21
4219	プラス・テク	0	0	0	0	0
4220	リケンテクノ	333	337	325	325	44
4221	大倉工	375	395	375	395	121
4222	児玉化	85	100	85	100	15
4224	ロンシール	80	81	80	81	3
4225	筒中	273	279	273	275	17
4226	テスコ	330	330	330	330	1
4227	郡是高分子	260	260	250	258	4
4228	積化成	181	181	172	176	34
4229	群栄化	150	150	145	146	36
4231	タイガポリ	552	570	552	570	12
4232	東芝ケミカル	370	376	360	375	135
4233	ワコー	860	900	860	890	25
4271	カーリット	680	750	680	750	11
4272	日化薬	553	590	550	573	2597
4274	細火工	0	0	0	0	0
4361	川口化	0	0	0	0	0
4362	日精化	387	400	386	387	13
4363	新日鐵化学	135	138	132	134	77
4364	マナック	0	0	0	0	0
4365	松本油脂	0	0	0	0	0
4366	ダイトーケミ	1010	1010	980	980	7
4367	広栄化学	0	0	0	0	0
4401	旭電化	756	785	750	776	1177
4403	日油脂	250	260	248	258	689
4404	ミヨシ	250	250	241	242	53
4406	日理化	710	720	701	719	128
4409	東邦化	0	0	0	0	0
4410	ハリマ化成	385	399	385	399	7
4452	花王	2745	2775	2715	2720	689
4461	一工薬	393	400	375	389	78
4462	石原薬品	910	910	910	910	1
4463	日華化学	252	260	251	260	5
4471	三洋化	950	950	921	921	113
4501	三共	2350	2400	2340	2370	1074
4502	武田	6130	6140	6060	6070	709
4503	アステラス薬	5060	5190	5060	5190	523
4505	第一製薬	1512	1525	1490	1500	304
4506	大日薬	840	844	825	840	468
4507	塩野義	1552	1580	1551	1577	653
4508	田辺薬	669	669	651	651	257
4509	三菱ウェルファーマ	1640	1725	1635	1670	1631
4511	藤沢薬品	3520	3570	3500	3520	735
4512	わかもと	546	560	545	559	47
4514	帝臓器	888	890	871	871	37
4515	萬有製薬	1870	1881	1861	1867	263
4516	日新薬	620	625	615	624	17
4517	ビオフェル	950	950	925	925	2
4518	富山化	470	478	450	456	329
4519	中外薬	1875	1875	1800	1800	1615
4520	和光堂	3700	3700	3700	3700	0.1
4521	科研薬	681	681	661	662	105
4523	エーザイ	2470	2500	2425	2425	313
4524	仁丹	963	970	910	911	32
4526	理ビタ	1420	1450	1350	1350	233
4527	ロート	745	745	721	743	40
4528	小野薬	3120	3180	3070	3150	130
4529	日研化	461	475	456	460	101
4530	久光薬	1350	1355	1341	1346	29
4531	有機薬	500	500	470	480	18
4534	持田薬	605	615	600	600	206
4535	大正薬	2955	3080	2950	2975	402
4536	参天薬	1900	1920	1896	1919	283
4537	エスエス	1295	1304	1250	1280	146
4538	扶桑薬	680	690	646	650	626
4539	ケミファ	311	312	305	307	75
4540	ツムラ	383	400	382	392	34
4541	日医工	201	205	190	200	26
4542	三笠薬	430	430	421	430	7
4543	テルモ	2750	2800	2750	2750	278
4544	みらかＨＤ	619	628	602	628	62
4545	国際試薬	400	405	385	400	51
4546	北陸製薬	978	999	967	967	58
4547	キッセイ	1800	1800	1780	1782	39
4548	生化学	2130	2160	1990	2030	139
4549	栄研化	1500	1511	1430	1490	318
4550	日水薬	775	780	760	760	32
4551	鳥居薬	2520	2565	2500	2500	28.7
4552	日本ケミカル	935	950	915	935	13
4553	東和薬品	1200	1210	1200	1200	15
4554	富士製薬	400	440	400	440	23
4555	沢井製薬	1530	1530	1500	1510	6
4556	カイノス	1030	1030	830	830	116
4557	医学生物	13800	13800	12000	12300	148
4558	中京医薬	2200	2300	2090	2200	11.5
4559	ゼリア新薬	1229	1230	1180	1216	76
4560	キョーリン薬	4520	4810	4520	4810	118
4561	デンカ生研	3530	3530	3110	3120	47
4611	大日塗	164	175	164	169	78
4612	日本ペ	270	290	264	286	953
4613	関西ペ	236	244	236	243	191
4614	トウペ	135	135	135	135	1
4615	神東塗	105	105	100	100	5
4616	川上塗	100	100	85	85	4
4617	中国塗	215	225	214	216	68
4619	日特塗	230	239	230	231	11
4620	藤倉化	525	525	502	502	31
4621	ロック	0	0	0	0	0
4622	ユニペイン	0	0	0	0	0
4623	アサヒペン	295	300	295	297	19
4624	イサム	0	0	0	0	0
4625	アトミクス	0	0	0	0	0
4626	太陽インキ	10200	10700	10100	10600	13.3
4627	ナトコ	1640	1640	1480	1500	17
4628	エスケー化研	1820	1820	1820	1820	9
4629	大伸化学	450	450	445	445	3
4631	インキ	394	395	380	395	630
4633	サカタＩＮＸ	260	265	260	262	23
4634	洋インキ	192	195	188	195	357
4635	東インキ	260	260	256	256	2
4636	Ｔ＆Ｋ	3650	3700	3590	3600	3.3
4640	アンドール	860	860	860	860	26
4641	アルプス技	1260	1260	1260	1260	12
4642	オリジナル設	1340	1340	1340	1340	3
4643	コナミスポ	8510	8810	8510	8750	22
4644	イマジニア	3690	3740	3500	3590	49.4
4645	市進	248	248	248	248	2
4646	ジャスフォート	0	0	0	0	0
4649	大成	0	0	0	0	0
4650	スガイエンタ	692	692	692	692	0.1
4651	サニックス	10510	10710	10180	10210	87.3
4652	ウッドランド	7010	7010	6940	6940	3
4653	ダイオーズ	0	0	0	0	0
4654	ニチゾウテク	330	330	301	301	3
4655	ＮＯＶＡ	1180	1200	1150	1160	32
4656	サン・ライフ	3250	3250	3240	3240	0.8
4657	環境管理	1380	1380	1380	1380	2
4658	日本空調	0	0	0	0	0
4659	エイジス	1750	1850	1750	1850	21
4660	ニッポン放送	12000	12070	10400	11000	141
4661	ＯＬＣ	11800	12080	11800	11950	266.6
4662	フォーカス	5820	6500	5400	5900	190
4663	ＡＴＬ	1950000	2050000	1880000	1900000	0.051
4664	ＲＳＣ	0	0	0	0	0
4666	パーク２４	9900	9900	9300	9400	18.2
4667	アイサンテク	543	543	450	450	17
4668	明光ネット	521	521	520	520	18
4669	ニッパンＲ	325	325	325	325	2
4670	セタ	875	875	875	875	1
4671	ファルコバ	5540	6110	5370	5430	323
4672	ベルックス	0	0	0	0	0
4673	川崎地質	0	0	0	0	0
4674	クレスコ	14500	15200	14500	15200	6.3
4675	エヌエス環境	600	600	600	600	1
4676	フジテレビ	2430000	2470000	2330000	2340000	2.465
4677	デザイ	760	760	720	720	7
4678	秀英	1310	1340	1310	1340	2
4679	田谷	0	0	0	0	0
4680	ラウンドワン	860000	860000	810000	813000	0.282
4681	リゾートトラ	3010	3010	2930	3000	48.5
4682	電通テック	17000	17000	14900	15400	14.5
4683	堀内カラー	660	673	660	673	11
4684	オービック	81000	81500	80900	80900	33.3
4685	菱友システム	760	760	760	760	2
4686	ジャスト	10100	10900	9950	10900	165.8
4687	ＴＤＣソフト	5190	5190	5000	5000	4.2
4688	日本ドレーク	39100	39100	35000	36500	1.6
4689	ヤフー	149950000	150000000	147000000	147000000	0.005
4690	日パレット	0	0	0	0	0
4692	アルゴ２１	5810	5810	5640	5700	23.5
4694	ＢＭＬ	5750	5800	5700	5800	13
4695	マイスター	0	0	0	0	0
4696	ワタベ	1369	1438	1369	1438	12
4697	ゼロ	6250000	6250000	5550000	5650000	0.045
4699	ウチダエスコ	0	0	0	0	0
4700	アクセス	19000000	19000000	17300000	18000000	0.048
4701	プレック研	900	900	900	900	3
4702	55ステーション	0	0	0	0	0
4703	住商オート	1090	1090	1060	1080	10
4704	トレンド	25000	25000	23600	24000	297.5
4705	クリップ	290	290	280	280	4
4706	富士通サポート	55500	55800	55500	55500	127.2
4707	キタック	0	0	0	0	0
4708	もしもしＨＬ	19700	20000	18600	19400	11.1
4709	ＩＤ	1760	1800	1750	1790	11
4710	ウィン	380	380	360	360	5
4711	コミュニティ	1530	1530	1400	1460	12.9
4712	アドアーズ	525	525	505	511	9
4713	日信電サ	1540	1540	1520	1520	2
4714	リソー教育	264000	266000	261000	266000	0.045
4715	クリエイティブ	425	425	415	415	4
4716	日本オラクル	78000	82000	78000	81000	63.9
4717	ソデッソジャパン	4500	4550	4350	4370	17
4718	早稲アカ	435	450	435	440	25
4719	アルファシス	26800	26900	24800	26300	17.9
4720	城南進研	765	770	765	765	6
4721	フジスタッフ	8250	8250	8000	8100	14
4722	フューチャー	41100000	41100000	41100000	41100000	0.02
4723	グッドウィル	6300000	6310000	5850000	6030000	0.257
4724	シチエ	1100	1100	1050	1090	12
4725	ＣＡＣ	5650	5650	5500	5500	20
4726	ソフトバンテク	179000	179000	160000	160000	8
4727	アジアＳ総研	7500	7500	7000	7350	11.6
4728	トーセ	11100	11600	11000	11300	16.5
4729	コナミスタジオ	7810000	7820000	7580000	7660000	0.017
4730	関西メンテ	880	880	851	870	11
4731	ユニバホーム	0	0	0	0	0
4732	ＵＳＳ	4670	4700	4500	4600	54
4733	ＯＢＣ	72000	72000	67000	67000	17.5
4734	ビーイング	3900	3950	3850	3850	15
4735	京進	550	550	550	550	8
4736	日本ラッド	3100	3100	2800	2800	6
4737	シダックス	1810	1810	1770	1770	8
4738	日立ビジネス	3200	3200	3000	3050	62
4739	ＣＴＣ	107000	108000	100000	103000	142.1
4740	ニューディル	7890000	7890000	7000000	7150000	0.014
4741	ＩＲＩ	0	0	0	0	0
4743	アイティフォ	10800	10800	9700	10800	47
4744	メッツ	11610000	11610000	9710000	10500000	0.053
4901	富士写	4700	4740	4650	4650	1037
4902	コニカＨＤ	480	501	475	494	506
4911	資生堂	1324	1351	1312	1312	935
4912	ライオン	370	374	360	365	378
4913	サンスター	360	360	360	360	6
4914	高砂香	425	437	425	433	76
4915	エイボンＪ	232	233	232	233	4
4916	ノエビア	1090	1100	1090	1100	4
4917	マンダム	1870	1870	1790	1790	124
4918	アイビー	500	500	500	500	1
4919	ミルボン	6600	6600	6600	6600	2
4920	日本色材	500	500	500	500	4
4921	ファンケル	26000	26000	25100	25160	19.7
4922	コーセー	2940	2940	2870	2880	117
4951	エステー化	577	580	560	560	26
4953	タイホー工業	449	449	449	449	2
4954	マークテック	425	432	425	432	3
4955	アグロカネシ	720	720	720	720	19
4956	コニシ	1035	1057	1030	1054	7.3
4957	ヤスハラケミ	909	909	859	859	3
4958	長谷川香料	1830	1890	1800	1800	5.2
4959	シーシーアイ	0	0	0	0	0
4960	ケミプロ	500	500	500	500	7
4961	日油技研	0	0	0	0	0
4963	星光ＰＭＣ	570	573	562	573	7
4964	星光化学工業	0	0	0	0	0
4965	曽田香料	0	0	0	0	0
4966	上村工	1700	1760	1700	1760	12
4967	小林製薬	11060	11600	11050	11600	20
4968	荒川化工	1100	1100	1070	1090	17
4987	寺岡製	698	698	682	682	4
4989	イハラケミ	212	218	210	210	42
4990	昭和化	320	320	320	320	1
4992	北興化	398	398	370	371	78
4996	クミアイ化	190	191	182	182	71
4997	日農薬	205	210	204	206	38
4998	フマキラ	218	218	211	214	10
4999	セメダイン	260	265	260	265	4
5001	新日本石油	394	410	388	390	1148
5002	昭和シェル	369	389	366	380	333
5005	東  燃	552	559	550	557	421
5006	興亜石油	298	298	297	297	65
5007	コスモ石	122	124	120	121	1323
5008	東亜石	111	112	108	111	160
5009	富士興	66	68	66	67	96
5010	日精蝋	86	86	85	85	3
5011	ニチレキ	471	471	460	465	20
5012	東燃ゼネ石	199	200	196	196	315
5013	ユシロ	530	545	501	512	146
5014	ジャパンエナジー	88	90	88	88	2819
5015	ＢＰカスト	1020	1020	980	980	2
5101	浜ゴム	310	317	305	311	1662
5102	大機エンジ	250	250	250	250	3
5103	昭ゴム	71	71	71	71	1
5104	日東化工	90	90	85	85	18
5105	洋ゴム	128	137	127	137	441
5106	オーツタイヤ	157	160	157	157	50
5108	ブリヂストン	2230	2235	2170	2205	2231
5110	住友ゴ	468	469	458	459	258
5121	藤ゴム	213	219	210	219	30
5122	オカモト	230	231	227	228	58
5123	ミサワ東洋	0	0	0	0	0
5142	アキレス	166	186	166	181	148
5143	世界長	135	148	133	139	272
5161	西川ゴム	0	0	0	0	0
5162	朝日ラバー	2300	2400	2220	2220	54
5184	ニチリン	305	305	305	305	1
5185	フコク	660	660	660	660	3
5186	ニッタ	799	799	770	799	7.6
5187	クリエート	860	865	850	865	9
5188	帝都ゴム	102	102	102	102	1
5189	桜ゴム	0	0	0	0	0
5191	東海ゴ	764	764	760	762	32
5192	三星ベ	242	249	242	243	45
5193	平成ポリマー	0	0	0	0	0
5194	相模ゴ	705	715	690	699	30
5195	バンドー	212	220	211	215	144
5196	鬼ゴム	78	78	74	74	7
5199	不二ラテ	0	0	0	0	0
5201	旭硝子	712	745	712	731	1444
5202	板硝子	1115	1115	1068	1090	1917
5204	石塚硝	167	167	167	167	2
5205	日本無機	345	347	339	339	35
5208	有沢製	2135	2150	2100	2150	41
5210	日山村硝	184	185	173	175	177
5212	不二硝	0	0	0	0	0
5213	芝セラミ	560	560	531	540	1732
5214	日電硝	1276	1276	1223	1241	163
5215	旭テクノグラス	810	840	791	830	538
5216	倉元	1880	1900	1760	1800	15.8
5217	テクノクオツ	2960	2960	2800	2830	13
5232	住友大阪	407	432	402	425	11048
5233	太平洋セメ	186	186	178	178	1642
5234	デイ・シイ	145	145	142	144	5
5237	ノザワ	0	0	0	0	0
5261	ミサワリゾ	237	237	220	236	16
5262	日ヒューム	215	223	215	223	9
5266	テイヒュー	0	0	0	0	0
5267	ハネックス	105	105	105	105	7
5268	旭コン	315	315	315	315	7
5269	日コン	105	105	102	105	9
5271	トヨアサノ	0	0	0	0	0
5272	浅野スレ	71	75	71	75	3
5273	三谷セキ	0	0	0	0	0
5274	ゼニパイプ	170	170	170	170	2
5276	石建工	437	460	431	459	12
5277	スパンクリト	310	310	295	305	6
5278	エバタ	145	145	145	145	2
5279	日本興業	210	243	210	243	4
5280	ヨシコン	0	0	0	0	0
5281	旭ダンケ	300	300	300	300	2
5282	ジオスター	0	0	0	0	0
5283	高見沢	0	0	0	0	0
5284	ヤマウ	0	0	0	0	0
5285	ヤマックス	0	0	0	0	0
5286	武井工業	315	315	315	315	1
5287	イトヨーギョ	1210	1210	1210	1210	1
5301	東海カ	176	184	176	182	360
5302	カーボン	108	114	108	114	211
5304	エスイ−シ−	220	220	220	220	6
5331	ノリタケ	359	390	357	390	389
5332	ＴＯＴＯ	528	540	526	537	455
5333	ガイシ	879	890	861	881	1018
5334	特殊陶	1144	1160	1099	1125	328
5336	INAX	558	558	530	531	566
5337	ダントー	330	340	330	339	13
5338	大トー	255	255	253	255	5
5341	アサヒ陶	128	128	128	128	1
5342	ジャニス	65	65	60	60	4
5343	ニッコー	370	372	361	372	17
5344	ＭＡＲＵＷＡ	2590	2760	2580	2755	61.7
5351	白煉瓦	251	270	251	270	145
5352	黒崎	165	165	163	163	22
5355	ルツボ	0	0	0	0	0
5356	美濃窯	198	198	198	198	1
5357	ヨータイ	173	173	173	173	3
5358	イソライト	189	195	185	185	11
5359	ハリマセ	99	100	97	98	35
5361	東海熱	325	330	320	325	9
5362	九州耐	209	209	191	191	3
5363	ＴＹＫ	177	180	172	180	10
5367	ニッカトー	849	850	810	830	25
5382	中央商事	0	0	0	0	0
5383	三共理化	0	0	0	0	0
5384	フジミインコ	4200	4300	4150	4300	5
5386	鶴弥	699	740	698	740	15
5387	チヨダウーテ	790	790	720	720	10
5388	クニミネ	300	300	300	300	8
5389	日レヂボン	253	253	253	253	1
5390	宇部マテリア	157	158	157	158	14
5391	Ａ＆ＡＭ	101	103	101	103	9
5393	ニチアス	157	157	153	153	52
5395	コランダム	140	140	140	140	1
5397	ＭＩＥテクノ	0	0	0	0	0
5398	日研紙	0	0	0	0	0
5401	新日鉄	225	228	221	223	14898
5403	川崎製鉄	151	153	151	151	8804
5404	日本鋼管	60	62	60	60	4368
5405	住金	61	62	60	62	17290
5406	神戸鋼	63	63	61	61	2065
5407	日新鋼	101	103	100	101	1397
5408	中山鋼	130	130	123	127	132
5410	合同鉄	92	94	90	91	279
5423	東京製鉄	264	270	253	255	297.6
5443	東洋製鋼	55	55	51	52	14
5444	大和工	400	404	385	385	75
5445	東京鉄	80	80	75	79	29
5446	北越メ	0	0	0	0	0
5448	東京鋼鉄	0	0	0	0	0
5449	大阪製鉄	461	462	455	460	7.8
5451	淀川鋼	296	308	290	308	361
5453	洋鋼鈑	441	444	423	423	178
5454	日鉄鋼板	197	205	197	198	17
5457	住友鋼管	312	317	300	317	99
5458	高砂鉄	119	119	112	112	6
5461	中部鋼	126	126	125	125	35
5462	日鉄鋼管	107	107	107	107	1
5463	丸一管	1122	1140	1122	1131	63
5464	モリ工	235	236	234	234	52
5471	大同特鋼	179	183	173	175	2184
5476	高周波	69	70	68	70	69
5479	日金工	93	100	92	100	202
5480	冶金工	86	94	84	92	274
5481	山陽鋼	149	152	141	144	393
5482	愛知鋼	263	264	255	255	140
5484	東北鋼	0	0	0	0	0
5486	日立金	575	576	564	571	474
5491	日金属	111	111	105	106	24
5541	大平金	312	317	290	303	3313
5542	報国鉄	0	0	0	0	0
5562	日本重化学	150	156	143	151	1812
5563	日本電工	174	175	171	173	768
5566	中央電	163	165	160	163	49
5602	栗本鉄	270	270	255	269	9
5603	虹技	148	148	145	146	42
5605	自動鋳	74	75	74	75	4
5606	旭テック	142	143	140	143	27
5607	中可鍛	0	0	0	0	0
5608	川口金	238	238	235	235	16
5609	日鋳造	91	91	91	91	7
5610	大和重	0	0	0	0	0
5612	鋳鉄管	210	210	202	209	15
5613	日本カタン	0	0	0	0	0
5631	日製鋼	94	94	90	94	736
5632	菱製鋼	75	76	71	75	154
5633	関東特殊製鋼	75	75	72	72	14
5641	ＴＤＦ	150	170	150	170	11
5642	日本鍛工	51	51	51	51	1
5644	メタルアート	0	0	0	0	0
5645	イチタン	0	0	0	0	0
5657	鈴木金	136	137	136	137	3
5658	日亜鋼	400	405	400	405	41
5659	日精線	197	198	197	197	10
5660	神鋼線	80	80	77	77	13
5691	東京シヤリング	80	80	80	80	6
5694	大和綱帯	0	0	0	0	0
5695	パウダテック	430	430	400	400	7
5696	川鉄鋼板	111	111	111	111	1
5697	サンユウ	350	350	350	350	1
5701	日軽金	76	78	75	78	1016
5702	大紀ア	152	160	152	152	26
5706	三井金	565	565	547	554	1324
5707	東邦鉛	253	257	250	257	938
5711	三菱マ	409	416	391	399	17656
5713	住友鉱	315	329	305	329	9770
5714	同和鉱	241	241	222	230	3504
5715	古河機金	204	204	188	192	5024
5716	日鉱金属	765	785	760	772	259
5721	Ｓサイエンス	597	613	555	595	1428
5727	邦チタ	488	489	470	470	27
5728	アライドマテリアル	1021	1032	1021	1021	12
5729	日精鉱	193	193	185	185	5
5734	昭和アルミ	140	143	139	140	36
5738	住軽金	70	71	70	70	143
5739	日製箔	0	0	0	0	0
5740	九州不二サッシ	0	0	0	0	0
5753	日伸銅	72	72	66	66	13
5756	東海アルミ箔	53	53	53	53	4
5757	サンエツ	640	640	640	640	1
5771	菱伸銅	217	220	206	206	261
5781	東邦金	150	151	150	151	7
5801	古河電	1720	1740	1691	1715	1958
5802	住友電	1495	1509	1467	1467	1959
5803	フジクラ	469	506	465	493	4430
5804	菱線工	188	195	180	183	2160
5805	昭電線	174	180	168	173	926
5807	東特線	388	394	360	365	400
5808	理研線	225	232	210	232	9
5809	タツタ	190	191	185	190	212
5810	第一電工	82	82	78	82	123
5811	トヨ電線	310	330	310	330	5
5812	日立線	929	929	900	900	598
5813	花島電線	0	0	0	0	0
5814	京三電線	160	165	160	160	14.5
5815	沖電線	260	267	250	252	167
5816	オーナンバ	185	185	185	185	2
5817	日電線	0	0	0	0	0
5818	東日京三電線	305	305	305	305	5
5819	カナレ電気	1510	1700	1510	1650	9
5820	三ッ星	0	0	0	0	0
5851	リョービ	120	120	113	114	93
5852	アーレスティ	258	258	255	255	5
5853	京都ダイカスト	156	156	156	156	1
5854	東京理化工	100	105	100	105	11
5855	アサヒプリテ	3800000	3800000	3510000	3550000	0.014
5900	ダイケン	445	445	435	435	3
5901	洋カン	1471	1550	1471	1550	289
5902	北カン	195	200	195	198	31
5903	シンポ	735	735	695	695	35
5904	アルコアシステム	480	480	471	471	5
5905	日カン	0	0	0	0	0
5906	エムケー精工	0	0	0	0	0
5907	ＪＦＥコンテ	137	137	132	133	11
5908	日鉄ドラム	0	0	0	0	0
5909	コロナ	1200	1200	1200	1200	1
5910	立山アルミ	240	240	240	240	1
5911	横河ブ	283	290	279	279	126
5912	日本橋	116	117	113	113	9
5913	松尾橋	196	198	196	198	7
5914	宮地鐵工所	200	201	196	200	35
5915	駒井鉄	320	324	317	324	61
5916	ハルテック	205	205	191	191	12
5917	サクラダ	73	80	73	80	6
5918	滝上工	356	356	356	356	5
5919	日鉄塔	270	270	268	268	4
5920	鈴木シャ	175	175	175	175	1
5921	川岸工	260	260	237	237	22
5922	那須鉄	0	0	0	0	0
5923	高田機	422	425	416	420	40
5924	新日軽	70	72	70	72	33
5925	酒井鉄工所	119	119	119	119	1
5926	安治川鉄工	93	105	93	105	20
5927	ホリー	115	117	113	115	58
5928	アルメタクス	252	252	250	250	4
5929	三和シャタ	301	310	298	301	454
5930	文化シヤタ	195	202	195	200	62
5931	川田工	192	200	190	199	53
5932	三協アルミ	90	92	88	90	117
5933	アルインコ	180	193	178	193	37
5934	日本ア	60	60	60	60	4
5935	元旦	810	810	810	810	1
5936	洋シヤタ	110	115	110	110	47
5937	洋エクス	701	702	680	683	35
5938	住生活Ｇ	1490	1500	1444	1459	197
5939	大谷工業	0	0	0	0	0
5940	不二サッシ	143	143	140	142	17.2
5941	中西製	0	0	0	0	0
5942	フイルコン	300	300	300	300	2
5943	ノーリツ	1136	1160	1100	1160	41
5944	日立粉末	709	710	681	706	32
5945	天竜製鋸	0	0	0	0	0
5946	長府製	1499	1499	1469	1475	12.1
5947	リンナイ	1810	1852	1800	1845	36.5
5949	ユニプレス	300	300	275	277	21
5950	パワーファス	0	0	0	0	0
5951	ダイニチ工業	271	274	270	270	11.7
5952	アマテイ	80	80	80	80	2
5954	トープラ	118	130	118	130	4
5955	ヤマシナ	325	355	320	326	1711
5956	トーソー	302	302	301	301	11
5957	日東精	151	151	145	145	9
5958	三洋工	143	143	140	140	5
5959	岡部	252	252	248	248	17
5961	トーカロ	0	0	0	0	0
5962	浅香工	180	180	180	180	1
5963	日立ツール	390	390	370	370	15.5
5964	洋刃物	0	0	0	0	0
5965	フジマック	0	0	0	0	0
5966	ＫＴＣ	295	295	295	295	3
5967	前田金	111	111	110	111	12
5969	ロブテックス	0	0	0	0	0
5970	菊池プレス	0	0	0	0	0
5971	共和工業	196	196	196	196	2
5972	日本建鐵	300	300	290	297	19
5973	トーアミ	500	500	500	500	2
5974	中国工	170	170	159	160	34
5975	東プレ	339	339	325	337	18
5976	ネツレン	240	245	235	245	68
5977	コマツ電子	1371	1410	1350	1350	58.6
5979	カネソウ	390	390	390	390	3
5980	田中亜鉛	310	310	310	310	5
5981	東京綱	121	127	121	127	219
5982	マルゼン	345	349	345	345	4
5983	イワブチ	430	430	430	430	1
5984	兼房	540	540	539	539	1.5
5985	サンコール	529	545	510	527	674
5986	モリテック	231	235	230	235	20
5987	オーネックス	0	0	0	0	0
5988	パイオラクス	820	820	795	795	8
5989	ヒラタ	400	400	390	390	17
5990	スーパツール	120	121	120	121	8
5991	ニッパツ	340	342	336	336	357
5992	中央発條	330	330	324	324	15
5993	知多鋼	0	0	0	0	0
5994	ファインＳ	275	275	275	275	1
5995	科学冶金	465	465	455	455	5
5996	新立川	0	0	0	0	0
5997	協立エアテク	682	687	682	687	0.8
5998	アドバネクス	220	220	210	210	16
5999	イハラサイエ	198	198	198	198	1
6005	三浦工	1222	1222	1207	1207	78.1
6011	新潟鉄工所	89	90	85	88	762
6013	タクマ	869	900	863	875	974
6016	神発動	112	112	109	110	21
6018	阪神燃	0	0	0	0	0
6020	神鋼造機	0	0	0	0	0
6021	ロビン	220	220	205	205	8
6022	赤阪鉄	105	105	105	105	3
6023	ダイハツデ	160	160	150	150	9
6041	ボッシュ	146	146	136	136	408
6042	ニッキ	0	0	0	0	0
6101	ツガミ	600	618	590	597	3938
6102	池貝	165	170	165	168	144
6103	オークマ	311	325	309	318	459
6104	東芝機	154	159	152	152	200
6106	日立精機	147	147	140	140	49
6107	アマダマシ	190	193	188	188	83
6108	アマダワシノ	90	92	89	89	104
6111	旭精機	244	244	221	221	16
6112	小島鉄	170	170	170	170	1
6113	アマダ	750	751	738	744	672
6114	住倉工業	188	198	180	183	112
6118	アイダ	391	400	390	400	39
6119	ゼィープラス	270	270	270	270	14
6121	滝澤鉄	93	93	93	93	10
6122	若山精密	276	280	275	275	12
6125	岡本工	111	112	109	109	14
6126	大ダイヤ	182	182	182	182	2
6130	日平トヤマ	211	211	206	209	20
6131	浜井産	142	145	140	141	47
6134	富機製	7590	7600	7410	7520	39.8
6135	牧野フ	821	821	802	802	167
6136	ＯＳＧ	419	422	410	420	59
6137	小池工	138	138	135	135	11
6138	ダイジェト	115	115	110	112	27
6139	東芝タンガロイ	224	224	220	220	102
6140	旭ダイヤ	580	590	554	556	328
6141	森精機	1350	1366	1350	1351	162
6142	富士精	229	250	229	250	11
6143	ソディック	685	690	671	682	117
6144	西部電機	0	0	0	0	0
6145	日特エンジ	2510	2510	2250	2300	166
6146	ディスコ	25900	25900	24890	25000	24.1
6147	ヤマザキ	1100	1100	1100	1100	2
6148	UHT	2000	2000	1960	1980	4
6149	小田原エンジ	688	688	685	685	5
6150	タケダ機械	134	134	134	134	2
6151	日東工器	2480	2480	2395	2415	30.3
6201	豊田織	1950	1960	1936	1936	178
6203	豊和工	129	129	122	124	95
6204	キリウ	208	208	193	193	15
6205	ＯＫＫ	105	105	98	98	48
6206	豊田工	815	820	800	801	251
6208	石川製	127	127	116	118	122
6210	東洋機械	700	745	700	729	80
6211	倉敷機	0	0	0	0	0
6212	帝人製機	185	185	175	180	16
6213	ＯＭ製	135	135	134	134	2
6214	大隈豊和機械	195	197	192	192	64
6216	寿工業	0	0	0	0	0
6217	津田駒	125	125	120	120	4
6218	エンシュウ	124	140	121	140	39
6221	大東製機	300	300	295	295	4
6222	島精機	1937	1950	1930	1933	16
6242	スピンドル	172	174	169	173	30
6245	ヒラノテク	300	300	300	300	10
6246	井上金	151	155	151	155	41
6247	日阪製	444	445	440	440	28
6271	ニッセイ	780	780	780	780	2
6272	レオン	365	366	358	358	41
6273	ＳＭＣ	20250	20250	19970	20000	92.2
6274	新川	4700	4840	4560	4820	721.6
6275	イセキ開発工	180	195	158	173	173
6276	ナビタス	1240	1330	1210	1220	149
6277	ホソミクロン	610	610	598	599	9
6278	ユニオンツル	16000	16200	15700	16090	30.5
6279	瑞光	1519	1520	1500	1500	3.3
6280	名機製	2100	2220	2100	2180	113
6281	前田製作	398	400	398	400	3
6282	オイレス	1620	1625	1601	1619	10.5
6283	オリイメック	340	360	330	350	27
6284	ＡＳＢ機械	550	550	532	532	6
6286	静甲	0	0	0	0	0
6287	サトー	3860	3860	3650	3650	93.8
6288	ハマダ印刷機	180	180	180	180	1
6289	技研製	340	340	316	316	30
6290	ＳＥＳ	2060	2130	2060	2090	188
6291	エアーテック	655	680	655	680	2
6292	カワタ	1160	1200	1150	1200	16
6293	日精樹脂	1049	1100	1049	1070	7
6294	オカアイヨン	143	150	143	150	2
6295	富士変速	289	294	289	294	3.1
6296	ロキテクノ	1130	1150	1080	1080	33
6297	鉱研工業	305	306	300	300	4.3
6298	ワイエイシイ	3000	3000	2820	2900	40
6299	神鋼環境Ｓ	315	315	315	315	1
6300	アピクヤマダ	945	990	945	989	61
6301	コマツ	476	485	475	475	1351
6302	住友機	228	258	228	246	3180
6303	ササクラ	421	421	421	421	2
6304	マキ製作所	700	700	700	700	3
6305	日立建機	400	415	396	396	169
6306	日工	231	231	221	222	20
6307	サンセイ	105	105	105	105	2
6309	巴工業	0	0	0	0	0
6310	井関農	88	92	87	92	233
6311	セイレイ工業	321	365	320	365	13
6312	フロイント	721	721	721	721	1
6313	共立	134	134	125	134	40
6314	石井工研	1040	1050	1010	1010	9.2
6315	ＴＯＷＡ	4270	4330	4120	4300	53.8
6316	丸山製	151	151	148	149	22
6317	北川鉄	130	130	125	130	73
6319	シンニッタン	200	215	200	205	7
6320	新ダイワ	0	0	0	0	0
6321	石搬機	415	420	400	415	17
6322	タクミナ	0	0	0	0	0
6323	ローツェ	2700	2700	2400	2450	31
6324	ハーモニック	3550000	3550000	3400000	3550000	0.265
6325	タカキタ	0	0	0	0	0
6326	クボタ	303	312	302	305	4246
6327	北川精機	330	330	330	330	5
6328	荏原実業	1680	1720	1660	1710	38
6329	ＨＥＣ	541	541	531	531	36
6330	東洋エンジ	100	109	100	105	559
6331	化工機	239	246	227	227	290
6332	月島機	703	740	703	725	289
6333	帝国電	0	0	0	0	0
6334	明治機	199	200	197	197	14
6335	東京機	380	392	380	385	112
6336	石井表記	3940	3950	3890	3890	10
6339	新東工	235	240	234	234	21
6340	渋谷工	980	980	950	950	8
6341	日立造船富岡	141	141	141	141	1
6342	太平製	0	0	0	0	0
6343	フリージア	100	100	96	100	216
6345	アイチコーポ	157	157	153	155	73.4
6346	菊川鉄	195	195	195	195	6
6347	プラコー	130	130	128	130	10
6348	日本マリンテクノ	0	0	0	0	0
6349	小森	1335	1359	1331	1340	268
6350	新日本造機	0	0	0	0	0
6351	鶴見製	495	505	495	499	24
6352	トヨコケン	142	142	142	142	1
6354	日立機電	324	325	320	320	6
6355	住友精	325	330	318	318	35
6356	日ギア	221	221	221	221	1
6357	三精輸	300	300	292	295	69
6358	酒井重	216	216	210	210	21
6359	粟村製作所	0	0	0	0	0
6360	東自機	352	352	340	340	9
6361	荏原	1540	1560	1513	1545	1399
6362	石井鉄	187	202	187	202	4
6363	酉島	438	438	430	431	13
6364	北越工	210	210	190	190	5
6365	電業社	4910	4910	4820	4900	0.4
6366	千代建	153	155	152	155	334
6367	ダイキン	1649	1670	1628	1660	529
6368	オルガノ	385	390	381	382	77
6369	トヨカネツ	101	103	98	98	174
6370	栗田工	2125	2135	1999	1999	88
6371	椿本チ	447	447	420	429	406
6372	セイサ	99	99	99	99	3
6373	大同工	171	178	171	173	4
6374	ＴＣＭ	156	158	149	155	85
6375	コンベヤ	125	144	119	144	3335
6376	日機装	522	522	510	510	37
6377	甲陽建設	379	379	330	354	114
6378	木村化	132	132	131	131	6
6379	新興プラン	110	110	106	106	6
6380	オリチェン	100	100	100	100	20
6381	アネスト岩田	125	125	120	122	80
6382	トリニ工	235	235	235	235	3
6383	ダイフク	909	909	875	885	620
6386	扶桑レクセ	1295	1295	1260	1260	10
6388	ミサワバン	220	232	215	228	210
6389	内田油圧	74	74	74	74	7
6390	加藤製	148	150	148	149	30
6391	加地テック	183	187	183	187	5
6392	ヤマダコーポ	175	175	175	175	2
6393	油研工	120	120	115	118	32
6394	大江工業	160	160	137	137	3
6395	タダノ	198	200	188	190	63
6396	宇野鉄	154	154	154	154	3
6397	郷鉄工	140	140	140	140	8
6398	日本電産シンポ	1030	1030	1030	1030	1
6403	水道機	311	311	311	311	2
6406	フジテック	960	970	958	960	117
6407	シーケーディ	510	515	501	505	120
6408	クラッチ	1030	1050	1030	1030	6
6409	キトー	370	375	370	375	2
6411	中野冷	0	0	0	0	0
6412	平和	2280	2300	2110	2145	270.7
6413	理想科学	3100	3100	2990	2990	19.5
6414	川重冷熱	395	395	395	395	1
6415	ニスカ	800	800	800	800	1
6416	桂川電機	354	355	330	355	9
6417	ＳＡＮＫＹＯ	7130	7280	7020	7040	167.6
6418	日金銭	1990	1991	1990	1990	24
6419	マース	3190	3350	3060	3080	42.5
6420	福島工業	650	650	600	600	2
6421	キヤノンＦ	690	699	685	685	21
6422	キヤノン化成	1030	1040	1010	1010	16
6423	アビリット	7900	7950	7360	7490	172
6424	高見サイ	510	510	500	500	6
6425	アルゼ	7110	7210	7050	7110	32
6426	サミー	5150	5250	4810	4860	89
6431	キャノンＮＴＣ	304	304	286	299	30
6436	アマノ	688	690	686	686	154
6437	三条機	150	150	140	150	9
6439	中日鋳	122	123	122	122	11
6440	ＪＵＫＩ	156	158	151	151	191
6442	コピア	266	267	265	267	12
6443	東洋製	132	137	132	134	8
6444	サンデン	573	574	550	554	436
6445	蛇の目	92	93	88	91	97
6448	ブラザー	250	254	245	245	196
6453	シルバ精	190	190	185	190	392
6454	マックス	990	995	940	990	169
6455	モリタ	294	294	283	283	29
6457	グローリー	1570	1570	1540	1540	32
6458	新晃工	140	140	140	140	4
6459	大和冷	303	305	302	302	8
6461	日ピス	133	136	131	136	150
6462	リケン	215	225	215	215	79
6463	ＴＰＲ	256	256	247	253	5
6467	ニチダイ	550	780	550	690	1105
6468	駿河精機	1650	1700	1620	1620	13
6469	放電精密	846	847	840	840	9
6470	大豊工業	1130	1130	1130	1130	4
6471	日精工	742	758	705	718	995
6472	ＮＴＮ	257	257	253	255	911
6473	光洋精	826	874	826	871	291
6474	不二越	160	164	158	160	406
6475	天辻	990	990	985	990	21
6476	富士テクニカ	552	552	551	551	4
6477	ツバキ・ナカ	1040	1040	1020	1020	83.5
6478	ダイベア	200	230	200	230	14
6479	ミネベア	1444	1530	1431	1517	10143
6480	トムソン	1049	1056	1023	1025	55
6481	ＴＨＫ	5000	5040	4860	4910	310.5
6482	ユーシン精機	10020	10100	9690	9800	22.1
6483	川重防災	551	551	551	551	1
6484	ＫＶＫ	271	271	271	271	1
6485	前沢給装	615	615	610	615	23
6486	イーグル工	305	305	300	300	10
6487	積水工機	0	0	0	0	0
6488	ヨシタケ	0	0	0	0	0
6489	前沢工業	985	1000	984	998	28
6490	ピラー	880	880	855	880	51
6491	東亜バル	142	150	141	141	9
6492	岡野バ	0	0	0	0	0
6493	日鍛バ	183	184	183	184	8
6494	ファネス	500	520	477	485	44
6495	宮入バ	105	110	105	105	33
6496	中北製	177	177	176	176	2
6497	ハマイ	490	490	490	490	1
6498	キッツ	165	165	155	155	154
6499	大隈エンジニア	0	0	0	0	0
6501	日立	1399	1415	1365	1385	10032
6502	東芝	942	945	932	938	6881
6503	三菱電	950	960	930	945	3251
6504	富士電機ＨＤ	430	433	425	427	685
6505	東洋電	157	158	155	156	46
6506	安川電	1390	1400	1351	1351	1862
6507	神鋼電	168	168	158	158	408
6508	明電舎	162	175	162	175	248
6513	オリジン	1290	1291	1270	1270	110
6516	山洋電	370	380	368	368	56
6517	デンヨー	740	744	730	740	30
6518	三相電機	490	490	490	490	2
6581	日立工	255	258	249	249	412
6583	松下冷機	568	585	568	570	155
6584	三桜工	600	615	589	595	35
6585	サーボ	300	301	298	300	17
6586	マキタ	1015	1015	980	980	90
6587	松下精工	410	411	404	408	31
6588	東芝テック	552	558	520	530	1111
6590	芝浦	1420	1420	1381	1395	506
6591	西芝電	160	160	150	160	10
6592	マブチ	12830	13000	12330	12390	111.7
6593	ローヤル電	0	0	0	0	0
6594	日電産	17000	18400	16970	18400	415.5
6621	高岳	165	169	163	166	126
6622	ダイヘン	263	263	246	255	540
6623	愛電機	200	200	200	200	1
6624	田淵電	311	311	300	300	15
6641	日新電	283	294	271	279	293
6643	戸上電	147	148	147	148	4
6644	大崎電	513	513	495	500	60
6645	オムロン	3080	3230	3040	3160	508
6646	エナジーサポ	328	328	328	328	2
6647	森尾電	175	175	172	172	8
6648	かわでん	81	85	80	82	62
6650	春日電	175	180	170	170	20
6651	日東工	590	591	580	580	17
6652	和泉電	1339	1339	1312	1320	68
6654	不二電機	800	800	780	780	4
6655	東洋電機	0	0	0	0	0
6701	ＮＥＣ	2665	2705	2640	2690	10146
6702	富士通	3780	3810	3730	3760	5119
6703	沖電気	785	785	741	755	3386
6704	岩崎通	272	273	251	251	285
6705	ＮＥＣインフ	658	658	610	625	344
6706	電気興	1019	1019	940	950	243
6707	サンケン	690	690	661	665	307
6708	東洋通	1910	1920	1862	1865	463
6709	明星電	152	152	150	150	6
6710	大興電機製作	181	190	181	190	35
6711	高見澤電機	193	195	185	185	6
6712	田村電機製作	367	367	350	361	100
6714	神田通信工業	275	280	275	275	5
6715	ナカヨ通	380	380	366	378	67
6716	中央無	610	610	610	610	14
6717	富士通アクセ	3120	3200	3120	3160	33.6
6718	アイホン	1551	1551	1501	1551	78
6741	信号	504	505	495	497	89
6742	京三	250	255	245	247	116
6743	大同信	203	205	203	205	7
6744	能美防災	346	348	345	345	46
6745	ホーチキ	295	295	287	288	16
6747	小糸工	370	370	370	370	5
6748	星和電	0	0	0	0	0
6749	マスプロ	1180	1202	1180	1190	18.2
6751	日無線	1232	1233	1181	1181	341
6752	松下	3130	3170	3080	3100	3026
6753	シャープ	2205	2240	2175	2220	2497
6754	アンリツ	1123	1130	1080	1105	581
6755	富士通ゼ	737	745	695	695	184
6756	日立国際	1480	1509	1470	1505	389
6758	ソニー	31400	31900	30850	31000	2062.5
6759	ＮＥＣトーキ	699	699	670	670	96
6761	アイワ	1500	1649	1500	1619	504
6762	ＴＤＫ	10460	10750	10300	10300	435
6763	帝通工	386	394	382	394	88
6764	三洋電	522	532	490	505	19604
6765	ケンウッド	460	460	438	439	288
6766	宮越商	60	60	60	60	11
6767	ミツミ	4000	4450	4000	4430	729
6768	タムラ	570	573	536	536	496
6770	アルプス	1110	1120	1050	1056	998
6771	池上通	450	450	425	432	214
6772	コスモス	145	145	141	141	7
6773	パイオニア	3300	3360	3260	3300	759
6775	東和メクス	140	142	134	142	57
6776	天昇電	170	170	170	170	3
6779	日電波	4000	4130	3980	4040	316
6780	日立電子	620	620	605	612	59
6781	松下通信工業	18800	18800	18340	18600	292
6782	九州松下電器	1251	1300	1239	1281	173
6783	松下寿電子	2110	2175	2050	2050	159
6791	コロムビア	208	211	207	211	77
6792	ビクター	659	665	650	659	294
6793	山水電	26	26	25	25	403
6794	フォスター	695	703	679	679	67
6796	クラリオン	745	745	712	715	909
6798	ＳＭＫ	1165	1165	1100	1111	355
6799	日本マランツ	240	263	240	260	33
6800	ヨコオ	3500	3650	3420	3490	256
6801	東光	890	890	831	840	563
6802	赤井電機	43	43	42	42	500
6803	ティアック	410	421	397	398	324
6804	ホシデン	5690	5880	5500	5880	110
6805	八木アン	720	730	719	730	22
6806	ヒロセ電	13090	13450	13010	13070	139.4
6807	航空電子	600	605	581	585	406
6808	シントム	55	56	54	56	588
6809	ＴＯＡ	357	360	350	350	11
6810	マクセル	2700	2760	2700	2740	137
6811	クオンツ	665	765	665	765	355
6812	ジャルコ	524	529	524	525	24
6813	ナカミチ	108	108	102	102	16
6814	古野電	435	435	435	435	1
6815	ユニデン	940	940	918	928	201
6816	アルパイン	1531	1572	1531	1550	63
6817	スミダコーポ	5380	5550	5310	5400	102.6
6818	島田理	1480	1500	1400	1450	47.3
6819	オメガ・プロ	2710	2740	2630	2660	213
6820	アイコム	2300	2300	2160	2200	31
6821	バーテクスＳ	1200	1200	1200	1200	3
6822	大井電気	450	450	430	442	18
6823	リオン	1200	1200	1200	1200	1
6824	新コスモス	410	410	410	410	12
6826	本多通信	5660	5780	5660	5750	48
6837	京写	3200	3350	3120	3150	26
6838	多摩川電	2500	2500	2500	2500	1
6839	船井電	70000	72100	69400	72000	35
6840	アドテック	1040	1090	1040	1090	13
6841	横河電	1079	1088	1025	1050	989
6842	ユニパルス	1140	1150	1120	1120	24
6843	東光精機	0	0	0	0	0
6844	新電元	590	590	560	560	126
6845	山武	847	858	831	835	157
6846	中央製	0	0	0	0	0
6847	安藤電気	2000	2040	1940	1950	109
6848	東亜ＤＫＫ	240	248	240	248	9
6849	日本光電	345	345	335	340	30
6850	チノー	244	244	237	237	39
6851	大倉電気	217	226	215	226	29
6852	テクノセブン	239	240	220	220	40
6853	共和電	0	0	0	0	0
6855	電子材料	2450	2480	2450	2480	3
6856	堀場製	820	821	800	800	62
6857	アドバンテスト	20240	20410	20000	20060	164.2
6858	小野測器	230	235	225	225	9
6859	エスペック	787	790	721	751	17
6860	サンクス	788	788	780	780	2
6861	キーエンス	38900	39250	38900	39000	60.5
6862	ミナトエレ	290	290	280	280	3
6863	ニレコ	0	0	0	0	0
6864	ＮＦ回路	463	520	462	520	15
6866	ＨＩＯＫＩ	740	740	715	715	3
6867	リーダー電子	0	0	0	0	0
6868	東カソード	1100	1140	1100	1100	2.8
6869	シスメックス	3160	3200	3020	3090	42.9
6870	フェンオール	700	730	660	730	32
6871	日本マイクロ	2110	2120	2000	2090	17.6
6872	日本コーリン	14500	14700	14000	14200	47
6873	日立電子Ｅ	957	1000	955	999	16
6874	協立電機	5550	5600	5500	5590	4.7
6875	メガチップス	7810	7900	7200	7600	111
6876	光波	7800	7800	7500	7800	25
6877	ＯＢＡＲＡ	0	0	0	0	0
6878	長野日無	685	695	685	690	8
6879	フォトロン	510	590	510	590	5
6880	シンワ	1360	1360	1320	1320	0.8
6881	キョウデン	4000	4330	3990	4170	275
6882	三社電機	739	749	731	735	13
6883	電産コ電	1370	1410	1350	1400	10
6884	デジタル	3060	3300	3060	3300	16
6885	ミヤチテクノ	1070	1070	1050	1060	3.2
6886	グラフィック	730	730	730	730	1
6887	日本ＬＳＩカード	679000	679000	650000	670000	0.022
6888	アクモス	1050000	1070000	980000	1000000	0.107
6889	オーデリック	670	679	670	679	5
6890	フェローテク	1790	1830	1760	1770	39
6891	イーター電機	1440	1440	1300	1320	79
6892	シチズン電子	22100	22100	20400	22000	9.9
6893	タイテック	1010	1120	1000	1080	188
6894	パルステック	1730	1850	1720	1810	35
6895	ダイヤ電機	0	0	0	0	0
6896	北川工業	1490	1550	1470	1500	27.9
6897	ツインバード	340	350	340	340	7
6898	トミタ電機	350	350	350	350	4
6899	ＡＳＴＩ	0	0	0	0	0
6900	東京電波	7900	8200	7500	7700	132
6901	沢藤電	311	311	300	304	10
6902	デンソー	2000	2000	1991	1991	1317
6904	原田工業	450	465	450	465	3
6905	コーセル	3400	3410	3250	3340	20.9
6906	キヤ･コンポ	340	345	340	345	6
6907	ジオマテック	1700	1700	1600	1650	18.3
6908	イリソ電子	450	470	450	470	7
6909	北部通信工業	0	0	0	0	0
6910	日立メディコ	1115	1115	1086	1086	19
6911	新日無	1210	1240	1170	1230	152
6912	菊水電子	510	519	500	519	37
6913	メルコ	2850	2940	2750	2805	103.3
6914	オプテックス	1100	1100	1070	1070	6
6915	千代田インテ	1300	1350	1300	1320	28
6916	アイオデータ	3890	3900	3660	3690	68.7
6917	デンセラムダ	3200	3200	3140	3150	22.9
6918	アバール	1500	1500	1350	1400	26
6919	ケル	911	911	900	900	12
6920	レーザーテク	3100	3100	3100	3100	1
6921	東光電	348	359	348	359	20
6922	昭和情報	555	560	550	560	5
6923	スタンレー	812	812	771	778	885
6924	岩崎電	216	216	206	210	73
6925	ウシオ電	2495	2500	2450	2450	318
6926	岡谷電	279	280	260	260	12
6928	エノモト	1260	1270	1180	1250	38
6929	日セラ	1305	1305	1240	1240	27
6930	日本アンテナ	1420	1420	1400	1400	20
6931	日本電池	426	437	405	437	487
6932	ユアサコーポ	237	237	236	236	12
6933	ＹＵＡＳＡ	258	265	257	265	518
6934	新神戸	750	750	710	712	224
6935	日デジタル	1932	1980	1911	1980	221.7
6936	東洋高砂乾	163	163	158	158	7
6937	古河池	350	361	336	355	44
6938	双信電機	735	775	735	755	42
6939	ＵＭＣＪ	1400000	1400000	1300000	1320000	0.22
6940	多摩電気	300	300	297	300	6
6941	山一電機	3170	3170	2980	3100	58
6942	ソフィア	350	350	340	340	5
6943	開閉器	0	0	0	0	0
6944	アイレックス	0	0	0	0	0
6945	ＦＴＥＣ	699	700	690	690	8
6946	日本アビオ	305	308	305	308	2
6947	図研	2800	2830	2760	2790	48.9
6948	住友電装	840	840	840	840	2
6949	キンセキ	1090	1090	1014	1023	126
6950	ＹＥデータ	745	750	710	720	58
6951	日電子	580	580	575	575	26
6952	カシオ	1135	1167	1110	1121	723
6953	日ＮＣＲ	528	529	517	520	12
6954	ファナック	10760	10770	10360	10500	205.8
6955	ＦＤＫ	1000	1020	960	971	139
6956	神明電	1280	1320	1280	1300	9
6957	芝浦電子	310	355	310	355	37.9
6958	日本ＣＭＫ	1090	1090	1080	1080	40
6959	アマダメ	646	646	625	625	29
6960	フクダ電	1840	1850	1840	1850	6
6961	エンプラス	5250	5400	5100	5380	104.1
6962	大真空	476	484	465	470	28
6963	ローム	37900	37900	36200	37000	234.2
6964	サンコー	2500	2525	2400	2405	36
6965	ホトニクス	8300	8390	7880	8000	103.3
6966	三井ハイテク	2000	2010	1910	1910	107
6967	新光電工	5470	5500	5100	5110	42.2
6968	グラフテック	215	215	201	202	28
6969	松尾電	937	950	874	885	185
6970	日本コンラックス	585	585	571	580	28
6971	京セラ	19270	19270	18700	19090	588.8
6972	エルナー	415	480	400	435	553
6973	協栄産	352	353	350	350	30
6974	日本インター	340	382	340	382	270
6975	ＮＥＯＭＡＸ	1150	1150	1069	1100	63
6976	太陽電	6120	6140	5950	6010	652
6977	抵抗器	215	215	210	210	7
6979	松尾電機	4090	4090	3850	3900	4
6980	日立ＡＩＣ	1419	1420	1320	1350	107
6981	村田製	22500	22500	21600	22270	498
6982	リード	111	111	111	111	2
6984	朝日ナショナ	0	0	0	0	0
6985	ユーシン	570	572	551	551	42
6986	双葉電	4500	4550	4500	4500	123
6988	日東電	4320	4320	4050	4160	163
6989	北電工	230	235	229	229	73
6991	松電工	925	928	913	913	813
6992	国産電	230	230	208	208	18
6993	森電機	189	197	183	189	139
6994	指月電	276	282	275	282	15
6995	東海理	1083	1083	1050	1050	7
6996	ニチコン	3370	3550	3320	3410	637
6997	日ケミコン	481	486	460	476	694
6998	タングス	294	297	292	297	20
6999	ＫＯＡ	3000	3000	2880	2920	85
7003	三井造	57	59	57	58	1388
7004	日立造	66	67	65	67	1984
7007	佐世保	67	70	67	69	61
7011	三菱重	272	280	272	278	8331
7012	川重	111	115	111	114	1142
7013	石川島	110	115	109	111	1162
7014	名村造	130	130	124	126	25
7018	内海造	101	101	101	101	1
7020	サノヤス	223	223	214	214	10
7021	ニッチツ	143	143	143	143	4
7052	信貴造船所	0	0	0	0	0
7102	日車両	184	195	180	188	217
7104	富士車輌	90	90	87	89	8
7105	ニチユ	162	164	161	164	9
7122	近畿車	133	135	131	131	73
7123	東急車輌製造	85	88	83	83	66
7124	輸送機工業	290	290	290	290	5
7142	ナブコ	186	186	169	170	59
7201	日産自	430	438	425	430	3122
7202	いすゞ	265	270	254	254	568
7203	トヨタ	4350	4490	4350	4350	3485
7204	小松ゼノア	251	251	241	247	36
7205	日野自	269	276	264	269	227
7207	日野車体	80	81	80	81	12
7210	日産ディ	92	93	91	92	72
7211	三菱自	341	343	332	332	573
7212	エフテック	0	0	0	0	0
7219	ＨＫＳ	775	775	765	775	10
7220	武蔵精密	1150	1150	1150	1150	39
7221	トヨ車	749	750	740	740	13
7222	産車体	125	125	115	116	59
7223	関東自	659	660	650	650	12
7224	新明和	152	154	149	149	416
7225	小松フォーク	143	143	136	137	154
7226	極東開発	500	500	485	485	13.2
7227	アスカ	730	730	730	730	1
7228	デイトナ	420	470	420	450	10
7229	ユタカ技研	560	560	560	560	2
7230	日信工業	1380	1380	1334	1334	6
7231	トピー	137	143	136	143	270
7232	トキコ	135	136	132	135	68
7233	自部品	91	92	91	92	4
7234	橋本フォーミング	65	65	65	65	1
7235	東ラヂ	130	130	130	130	1
7236	ティラド	215	230	215	230	100
7237	ボッシュブレーキ	188	188	188	188	22
7238	ブレーキ	176	179	175	178	21
7239	タチエス	402	402	380	400	11
7240	ＮＯＫ	365	365	361	361	40
7241	フタバ	926	926	922	922	120
7242	カヤバ	164	167	162	162	44
7243	シロキ	226	235	226	235	54
7244	市光工	194	195	186	187	50
7245	大同メ	281	281	280	280	7
7246	プレス工	66	68	65	68	57
7247	ミクニ	122	145	122	128	9
7248	カルソニック	215	217	209	209	253
7249	尾張精	185	185	185	185	1
7250	太平洋工	285	290	285	289	13
7251	ケーヒン	1000	1000	985	985	61
7252	富士機	200	201	200	200	4
7253	日本ガスケット	0	0	0	0	0
7254	フジユニ	163	163	161	161	5
7255	桜井製	850	850	850	850	1
7256	河西工	196	210	196	209	35
7257	自転車電機工	202	202	192	195	8
7258	栃木富士産業	188	190	180	180	13
7259	アイシン	1475	1483	1455	1460	105
7260	富士機工	162	165	160	160	11
7261	マツダ	310	314	306	312	1593
7262	ダイハツ	510	520	508	515	226
7263	愛知機	135	138	131	131	66
7264	ＭＵＲＯ	0	0	0	0	0
7265	エイケン工業	0	0	0	0	0
7266	今仙電機	359	360	359	360	5
7267	ホンダ	3640	3700	3600	3620	937
7268	タツミ	0	0	0	0	0
7269	スズキ	1685	1710	1651	1679	689
7270	富士重	755	758	747	755	1162
7271	安永	388	388	388	388	1
7272	ヤマハ発	810	839	805	825	575
7273	イクヨ	165	165	165	165	1
7274	ショーワ	385	389	372	373	84
7275	ユニシア	103	105	102	103	83
7276	小糸製	530	546	529	530	231
7277	ＴＢＫ	107	107	98	98	12
7278	エクセディ	785	830	785	830	16.4
7279	ケーブル	1060	1060	1000	1030	21
7280	ミツバ	490	493	490	493	10
7281	カンセイ	210	211	205	207	42
7282	豊田合	7640	7640	7300	7300	302
7283	愛三工	430	465	430	465	47
7284	盟和産	240	244	232	232	22
7285	池田物産	94	94	93	94	16
7286	イズミ工業	135	135	122	122	3
7287	日精機	1690	1730	1670	1700	157
7288	テクノエイト	242	242	220	235	12
7289	マーレ テネックス	269	269	230	235	8
7290	日発精密工業	0	0	0	0	0
7291	日本プラスト	0	0	0	0	0
7292	村上開明	544	544	544	544	2
7293	大井製作所	251	251	250	250	7
7294	ヨロズ	285	285	270	285	8.9
7295	アイエス製機	0	0	0	0	0
7296	ＦＣＣ	1230	1250	1220	1250	15
7297	カーメイト	1010	1030	1010	1010	2.7
7298	八千代工	520	520	520	520	1
7299	フジオーゼ	182	182	182	182	1
7301	宮田	169	169	152	155	10
7305	新家工	0	0	0	0	0
7306	丸石自転車	820	820	785	800	228
7308	ツノダ	0	0	0	0	0
7309	シマノ	2120	2120	2060	2060	46.3
7399	ナンシン	305	305	290	290	9
7404	昭和飛	331	340	315	340	11
7407	日本飛行機	204	207	204	205	49
7408	ジャムコ	482	492	482	490	4
7410	横浜鋼業	132	132	132	132	1
7411	成和産業	0	0	0	0	0
7412	アトム	1600	1610	1600	1610	6
7413	創健社	238	238	238	238	1
7414	小野建	840	840	840	840	1
7415	新星堂	301	301	301	301	5
7416	はるやま	600	639	592	639	4.5
7418	ヤマキ	0	0	0	0	0
7419	ノジマ	1410	1430	1350	1350	2.8
7420	佐鳥電機	949	950	940	950	8
7421	カッパクリエ	1730	1790	1730	1790	12
7422	東邦レマック	0	0	0	0	0
7423	フォンテーヌ	1010	1010	1000	1000	2.7
7424	ニコニコ堂	200	200	200	200	2
7425	初穂商事	285	290	285	290	2
7426	山大	199	199	195	199	7
7427	エコーＴＤ	1500	1600	1500	1600	4
7428	江戸沢	794	794	770	770	5
7429	セイジョー	1740	1800	1710	1720	2.5
7430	サンワドー	499	499	499	499	0.3
7431	ニューフ	230	230	230	230	1
7432	ダルトン	450	460	450	460	5
7433	伯東	4100	4150	3800	3910	141.6
7434	オータケ	0	0	0	0	0
7435	ナ・デックス	526	526	525	526	4
7437	シーアンドエス	4170	4250	4020	4020	78.7
7438	コンドー	510	510	500	500	8.5
7439	サンミック千代田	0	0	0	0	0
7440	クラフト	1050	1080	1050	1080	5
7442	中山福	321	335	320	335	42
7443	横浜魚類	0	0	0	0	0
7444	ハリマ共和	0	0	0	0	0
7445	ライトオン	11650	11690	11500	11500	25.7
7446	東北化学	480	480	480	480	2
7447	ナガイレーベ	2820	2850	2780	2810	6
7448	ジンズメイト	2610	2650	2590	2645	15.1
7449	太洋興業	210	210	201	201	2
7450	サンデー	740	740	740	740	1
7451	菱食	5300	5300	5010	5010	8
7452	マツヤ	0	0	0	0	0
7453	良品計画	17400	17800	17100	17200	59.6
7454	ホットスパー	0	0	0	0	0
7455	三城	8550	8800	8550	8690	28.2
7456	松田産業	2505	2505	2400	2400	5.5
7457	セキテクノ	575	575	550	550	7
7458	第一興商	3840	3840	3540	3600	38.8
7459	メディセオＨＤ	765	769	764	765	64
7460	ヤギ	467	467	467	467	2
7461	キムラ	0	0	0	0	0
7462	ダイヤ通商	0	0	0	0	0
7463	アドヴァン	4490	4490	4350	4400	28.2
7464	セフテック	340	340	340	340	1
7465	ＭＶ北海道	1770	1770	1770	1770	1
7466	ＳＰＫ	1210	1210	1210	1210	0.3
7467	萩原電気	0	0	0	0	0
7468	アムスク	1300	1310	1300	1310	11
7470	サロモンメイド	750	750	620	620	123
7471	ふじ	665	665	665	665	2
7472	鳥羽洋行	0	0	0	0	0
7473	静岡スバル	340	340	340	340	3
7474	パオ	620	620	620	620	2
7475	アルビス	450	450	450	450	1
7476	アズワン	1779	1779	1750	1770	13
7477	ムラキ	171	173	171	173	2
7478	ブルーグラス	600	600	600	600	1
7479	サンマルク	3250	3250	3150	3150	4.9
7480	スズデン	0	0	0	0	0
7481	尾家産	694	694	675	675	4
7482	シモジマ	1320	1320	1280	1300	21
7483	ドウシシャ	2060	2060	2000	2030	5
7485	岡谷鋼機	0	0	0	0	0
7486	サンリン	0	0	0	0	0
7487	小津産業	830	850	830	850	3.5
7488	ヤガミ	649	649	649	649	2
7490	日新商	320	320	310	310	3
7491	ＯＡシステム	1230	1260	1220	1220	15
7492	タイカン	500	500	499	500	10
7494	コナカ	711	739	711	739	38.6
7495	レオ	230	230	230	230	2
7496	八千代ムセン	1270	1270	1270	1270	1
7497	マインマート	670	685	640	650	31.8
7498	ジャパン	1961	1980	1960	1965	7.5
7500	西川計測	500	500	490	490	3
7501	ティムコ	1240	1240	1230	1230	2
7502	プラザクリエ	10600	10600	10400	10500	4.7
7503	ＩＭＩ	0	0	0	0	0
7504	高速	800	800	791	791	2
7505	扶桑電通	1130	1140	1130	1130	4
7506	ハウスローゼ	895	900	890	900	4.4
7507	浜 勝	950	950	950	950	2
7508	オートセブ	810	810	810	810	1
7509	アイエー	829	829	820	820	3
7510	竹菱電機	1110	1110	1110	1110	1
7511	ジプロ	0	0	0	0	0
7512	ポスフール	1150	1159	1150	1155	3.6
7513	コジマ	3100	3100	2940	3000	91
7514	ヒマラヤ	739	740	721	721	6
7515	マルヨシ	0	0	0	0	0
7516	コーナン	1370	1425	1330	1350	22.3
7517	黒田電気	4200	4300	4060	4300	50.7
7518	ネットワン	3900000	3900000	3650000	3750000	0.611
7519	五洋インテ	0	0	0	0	0
7520	エコス	1200	1200	1160	1200	14.8
7521	ムサシ	1200	1200	1150	1200	5
7522	ワタミ	8800	8800	8700	8700	21.5
7523	アールビバン	5800	5800	5500	5550	12.8
7524	マルシェ	1300	1300	1280	1280	11.5
7527	システムソフ	720	720	720	720	3
7528	安藤薬業公司	520	525	520	525	4
7529	はるやま	195	195	195	195	1
7530	ナブコドア	610	610	610	610	1
7531	清和鋼業	0	0	0	0	0
7532	ドンキホーテ	18010	18280	18000	18210	48.5
7535	グッドマン	4040	4040	3970	4000	10.8
7536	船橋薬品	999	999	950	960	1.4
7537	丸文	1530	1530	1470	1530	17
7538	大水	475	475	475	475	9
7539	アベルコ	520	520	520	520	1
7540	エルエスフェンス	240	240	240	240	2
7541	メガネトップ	3070	3160	3050	3130	15.9
7542	ビスケーＨＤ	0	0	0	0	0
7543	ミスタージョン	470	490	470	490	12
7544	スリーエフ	1870	1870	1870	1870	2
7545	西松屋チェ	1821	1850	1770	1800	26
7547	オートハローズ	0	0	0	0	0
7548	サンクスＪＰ	1450	1450	1450	1450	7
7549	エス・エス・ブイ	0	0	0	0	0
7550	ゼンショー	1952	1970	1900	1900	40
7551	ウェッズ	590	590	590	590	0.7
7552	ハピネット	6500	6800	6450	6500	37.1
7553	サザビー	6900	6900	6800	6800	16
7554	幸楽苑	1220	1220	1220	1220	1
7555	大田花き	480	480	480	480	1
7556	住商エレク	2300	2350	2250	2350	14
7557	サンクス	5750	5900	5680	5680	10.4
7558	トーメンエレ	6660	6660	6420	6420	7
7559	ジーエフシー	780	780	780	780	1
7560	ユニマット	2700	2720	2650	2670	5.8
7561	ハークスレイ	3150	3150	3080	3080	2
7562	安楽亭	1470	1500	1470	1500	16
7563	ニッパン	240	245	240	245	7
7564	ワークマン	1430	1430	1430	1430	2
7565	万世電機	0	0	0	0	0
7566	ジャパンケア	2550	2550	2450	2500	12
7567	栄電子	551	551	540	540	8
7569	モンテカルロ	270	270	270	270	1
7570	橋本総業	0	0	0	0	0
7571	ヤマノＨＣ	1020	1150	1010	1100	262
7573	ツルハ	15800	15800	15500	15800	7.6
7574	共信テクノ	2250	2250	2250	2250	1
7575	日本ライフＬ	1700	1750	1700	1710	10.7
7576	ベターライフ	0	0	0	0	0
7577	パスポート	0	0	0	0	0
7578	ニチリョク	780	780	770	770	10
7579	オリジン東	2490	2530	2430	2530	116
7580	フーズネット	0	0	0	0	0
7581	サイゼリヤ	6600	6790	6600	6650	27.4
7582	富デバイス	3150	3180	3010	3010	34
7583	通商	330	330	330	330	1
7584	丸紅インフォ	589	600	580	600	9
7585	かんなん	1110	1110	1110	1110	2
7586	寺島薬局	2440	2440	2400	2400	3
7587	ＰＡＬＴＥＫ	2950	2950	2900	2900	6
7588	シートゥーネット	20300	21000	20200	20800	5.5
7589	デジキューブ	3960000	3960000	3800000	3860000	0.026
7590	タカショー	700	700	660	660	4
7591	エクセル	1780	1780	1680	1730	14
7592	アイ・ユー・ケイ	1250	1250	1250	1250	2
7593	ＶＴＨＤ	1670	1670	1670	1670	3
7594	マルカキカイ	0	0	0	0	0
7595	アルゴグラフ	4000	4000	3700	3710	3.7
7596	魚力	6260	6260	6200	6200	9
7597	東京貴宝	570	570	570	570	2
7598	ナイスクラ	600	600	570	570	8
7599	ガリバー	5800	6000	5700	6000	11
7600	日本ＭＤＭ	4410	4440	4370	4440	85.5
7601	ポプラ	1950	1950	1950	1950	2
7602	ジャック	26900	26900	24800	25500	12.8
7603	マックハウス	0	0	0	0	0
7604	梅の花	2130000	2130000	2110000	2110000	0.004
7605	フジコーポ	470	480	470	480	5
7606	Ｕアローズ	8600	8600	8200	8200	2
7607	進和	910	910	910	910	1
7608	ＳＫジャパン	690	690	690	690	1
7609	ダイトエレク	3210	3210	3090	3100	35
7610	テイツー	2320000	2400000	2320000	2390000	0.011
7611	ハイデ日高	875	875	875	875	1
7612	コモンウェル	0	0	0	0	0
7613	シークス	1990	2010	1990	2000	16
7614	オーエムツー	7210	7210	6800	7000	4.5
7615	京都友禅	822000	850000	822000	825000	0.042
7616	コロワイド	3000	3000	2950	2950	5
7617	オオゼキ	5500	5600	5500	5550	20
7618	ＰＣＤＥＰＯ	5000000	5000000	4850000	4850000	0.011
7619	田中商事	398	398	398	398	3
7620	ヤマト硝子	510	510	495	510	9
7621	うかい	1240	1240	1240	1240	5
7622	焼肉サカイ	3000	3000	2920	2950	11
7623	サンオータス	700	700	700	700	2
7624	内藤	700	700	700	700	4
7625	ダイニング	7390	7410	7200	7260	31
7626	ドッドウエル	6100	6100	5700	5700	16
7627	なか卯	1500	1600	1500	1600	30
7628	オーハシテク	700	720	680	700	17
7629	ムラチク	1210	1210	1120	1120	2
7630	壱番屋	1570	1610	1490	1600	72
7631	マクニカ	23700	23700	22600	22900	86
7632	住商メタレックス	510	510	510	510	10
7633	明響社	2600	3000	2500	2950	137
7634	星医療	1850	1850	1850	1850	7
7635	杉田エース	600	600	600	600	3
7636	ハンズマン	1000	1030	1000	1030	58
7701	島津	530	548	518	527	7185
7702	ＪＭＳ	416	416	405	405	10
7703	川澄化	1200	1200	1180	1180	36
7704	アロカ	1490	1500	1450	1470	19
7705	ジーエル	2050	2050	1950	1950	6
7706	セントラユニ	680	680	630	630	8
7711	助川電気	235	235	235	235	3
7713	シグマ光機	561	564	560	564	4
7714	モリテックス	9100	9600	9050	9330	196
7715	長野計器	1870	1900	1850	1890	24
7718	スター精	1840	1840	1785	1785	10
7719	東衡機	115	120	110	120	13
7720	ソキア	135	135	130	132	29
7721	トキメック	126	128	126	126	62
7723	愛時計	270	270	265	265	13
7724	金門	130	131	128	131	26
7726	黒田精	357	360	357	360	11
7727	オーバル	163	163	163	163	1
7728	電産トーソク	1139	1190	1100	1130	41
7729	東京精	13400	13420	12720	12950	161.8
7731	ニコン	4000	4070	3970	4070	555
7732	トプコン	464	464	441	445	32
7733	オリンパス	1525	1547	1470	1470	323
7734	理計器	360	360	358	359	5
7735	スクリン	680	685	655	659	652
7736	ユニオンＨＤ	135	145	135	140	20
7737	キャビン工業	0	0	0	0	0
7738	チノン	310	315	310	310	24
7739	キヤノン電	945	945	931	931	7
7740	タムロン	786	786	761	761	17
7741	ＨＯＹＡ	8860	9000	8570	8770	79
7742	ノリタ光	630	630	600	600	18
7743	シード	540	540	520	530	20
7744	ノーリツ鋼機	3630	3700	3550	3570	28
7750	ペンタックス	218	238	213	235	352
7751	キヤノン	4300	4310	4160	4210	1649
7752	リコー	2235	2525	2200	2340	12012
7753	ミノルタ	435	439	414	414	404
7756	電産コパル	1990	2000	1890	1890	337
7757	三協精	1310	1349	1243	1258	949
7758	セコニック	448	448	430	430	9
7762	シチズン	805	828	800	825	515
7764	オリエント時計	154	154	152	152	6
7765	リコーエレメ	919	940	900	936	24
7768	ジェコー	377	377	377	377	1
7769	リズム	255	256	250	250	206
7770	ミヨタ	2440	2440	2400	2400	13
7771	日本精密	270	270	270	270	1
7857	セキ	1690	1750	1650	1750	35
7858	小野産業	2150	2150	1950	1950	16
7859	アルメディオ	2050	2080	1980	2000	161
7860	エイベックス	24700	24800	23610	23610	30.8
7861	東京リスマ	1050	1160	1050	1080	18
7862	トッパンフォ	2135	2150	2110	2125	114.9
7864	フジシール	6400	6500	6320	6500	20
7865	ピープル	1400	1400	1390	1390	4
7866	アトラス	3350	3350	2810	2890	122.9
7867	トミー	7200	7350	7100	7210	31.8
7868	広済堂	1169	1169	1100	1104	7.8
7869	日本フォーム	0	0	0	0	0
7870	福島印刷	0	0	0	0	0
7871	フクビ	0	0	0	0	0
7872	エステール	0	0	0	0	0
7873	アーク	4200	4400	4150	4400	42
7874	スルガ	7200	7200	7090	7100	6
7875	竹田印刷	0	0	0	0	0
7876	三陽PAX	600	600	600	600	1
7877	永大化工	860	870	860	870	7
7878	光彩工芸	0	0	0	0	0
7879	ノダ	455	474	455	474	0.8
7880	南部化成	0	0	0	0	0
7881	ニッソー	100	105	100	105	5
7882	アロン化成	415	420	405	419	23
7883	サンメッセ	0	0	0	0	0
7884	本間ゴルフ	330	335	325	335	29.3
7885	タカノ	1250	1250	1170	1220	12.7
7886	ヤマト・イン	0	0	0	0	0
7887	南プラ	462	462	462	462	1
7888	三光合成	366	366	361	361	2
7889	桑山	535	535	530	530	2
7890	アテナ工業	1000	1060	990	1060	5
7891	日本ユピカ	310	310	310	310	2
7892	宇部日東化成	389	395	381	381	28
7893	亜細亜	1800	1810	1800	1800	93
7895	中央化学	1340	1340	1270	1270	6
7896	セブン工業	411	420	410	420	4
7897	ホクシン	160	160	149	149	9.3
7898	ウッドワン	536	545	531	531	131
7899	オザキ軽化	465	470	465	470	4
7900	大出産業	0	0	0	0	0
7901	マツモト	0	0	0	0	0
7902	ソノコム	980	980	980	980	3
7903	名木材	0	0	0	0	0
7904	天竜木	50	50	50	50	4
7905	大建工	301	304	299	300	84
7906	ヨネックス	373	378	373	378	6
7907	日防腐	0	0	0	0	0
7908	きもと	0	0	0	0	0
7909	シーアイ化	405	405	390	390	53
7910	段谷産業	115	116	115	115	145
7911	凸版	1120	1132	1087	1099	726
7912	大日印	1660	1675	1658	1663	1022
7913	図書印	216	216	213	213	42
7914	共同印	383	383	370	370	34
7915	日写印	591	600	582	582	36
7916	光村印	266	266	256	256	4
7917	藤森工業	720	720	704	705	5
7918	ヴィアＨＤ	422	425	370	370	6
7919	野崎紙	300	300	300	300	6
7920	三浦印	330	330	315	320	14
7921	宝印刷	2230	2230	2000	2000	31
7922	三光産業	0	0	0	0	0
7923	トーイン	309	309	309	309	2
7925	前沢化成	1281	1298	1281	1295	14.8
7926	ベルテクノ	296	296	296	296	1
7927	ムトー精工	1990	2010	1980	1990	17
7928	旭化学	0	0	0	0	0
7929	新輝合成	0	0	0	0	0
7931	未来工業	1390	1400	1310	1330	28
7932	ニッピ	0	0	0	0	0
7933	ファイリング	0	0	0	0	0
7934	メルクス	80	80	73	73	2
7935	コンビ	1260	1330	1250	1310	22
7936	アシックス	106	115	106	113	98
7937	ツツミ	3000	3000	2980	3000	4.5
7938	リーガル	199	199	183	199	11
7939	研創	0	0	0	0	0
7940	ウェーブＨＤ	273	273	273	273	3
7942	ＪＳＰ	0	0	0	0	0
7943	ニチハ	801	820	787	800	25.5
7944	ローランド	2050	2090	2030	2030	23.6
7945	コマニー	460	460	459	459	3
7946	光陽社	0	0	0	0	0
7947	エフピコ	4300	4400	4250	4250	35.3
7948	ＡＷ・エモト	180	180	180	180	1
7949	小松ウオール	907	930	906	920	8
7950	日デコラ	519	519	519	519	1
7951	ヤマハ	750	784	748	766	321
7952	河合楽	155	161	155	156	77
7953	菊水化	0	0	0	0	0
7954	ジャレコ	605	605	515	515	36
7955	クリナップ	471	472	450	450	18
7956	ピジョン	1384	1425	1345	1385	116.4
7957	フジコピアン	193	193	193	193	9
7958	天馬	1159	1159	1133	1133	36
7959	オリバー	0	0	0	0	0
7960	パラマウント	10900	10900	10030	10060	37.8
7961	兼松日産農	183	185	178	185	14
7962	キングジム	721	721	721	721	6
7963	興研	0	0	0	0	0
7964	セガ	3040	3070	2685	2880	1910.4
7965	象印	524	524	524	524	3
7966	リンテック	949	955	941	941	72
7967	バンダイ	4250	4300	4200	4200	227
7968	田崎真珠	416	421	416	416	5
7969	タカラ	405	428	400	415	41
7970	信越ポリ	643	650	627	634	120
7971	東リ	191	198	191	196	27
7972	イトーキ	453	454	440	440	56
7973	ホウトク	0	0	0	0	0
7974	任天堂	23100	23100	22500	22500	147.5
7975	リヒトラブ	216	225	216	225	2
7976	菱鉛筆	745	745	725	725	6
7977	フランスベッド	501	515	500	505	42
7979	松風	890	900	890	899	4
7980	重松製	250	250	250	250	5
7981	タカラスタ	410	416	410	413	124
7983	ミロク	165	165	165	165	1
7984	コクヨ	1204	1204	1180	1180	253
7985	ネポン	320	320	320	320	1
7986	キング工	173	212	165	212	96
7987	ナカバヤシ	304	305	295	295	52
7988	ニフコ	1075	1083	1075	1075	53
7989	ブラインド	930	930	930	930	0.2
7990	ダイワ精	145	158	145	156	125
7991	マミヤＯＰ	540	550	510	515	354
7992	セーラー	2150	2260	2110	2230	2693
7993	サンウエブ	170	171	169	170	20
7994	岡村製	292	294	285	285	33
7995	バルカー	157	160	153	160	192
7996	パイロット	376	379	370	376	19
7997	くろ工	421	500	421	500	3
7998	高島屋工作	278	278	278	278	3
7999	武藤工	450	451	420	430	92
8000	カイゲン	0	0	0	0	0
8001	伊藤忠	615	616	585	585	6547
8002	丸紅	450	450	436	437	2796
8003	トーメン	59	61	57	57	1913
8004	ニチメン	102	105	100	103	617
8005	ムトウ	619	619	605	610	51
8006	ユアサフナ	177	181	177	180	11
8007	高島	112	113	110	110	46
8008	アスティ	780	780	780	780	2
8010	新興産業	108	110	108	110	10
8011	三陽商	285	285	281	281	30
8012	長瀬産	386	414	385	414	210
8013	ナイガイ	89	89	86	86	14
8014	蝶理	108	110	108	108	41
8015	豊田通商	315	316	308	309	264
8016	オンワード	1018	1018	995	1000	526
8017	阪急共栄物産	145	146	144	146	6
8018	三共興	274	274	271	271	14
8019	市田	65	65	62	62	135
8020	兼松	63	63	61	61	287
8021	レナウン	150	155	143	144	1406
8022	ミズノ	264	264	253	258	133
8023	大興電子	690	690	685	685	4
8024	シルバーＯＸ	500	500	490	490	40
8025	ツカモトＣ	156	156	155	155	7
8027	ルシアン	76	79	76	79	3
8028	ファミリーＭ	4950	5000	4890	4940	273.2
8029	ルック	188	188	180	180	20
8030	中央魚	0	0	0	0	0
8031	三井物	754	773	743	752	9188
8032	紙パ商	325	333	325	328	13
8033	ジーネット	70	70	55	55	12
8035	東エレク	17110	17150	16320	16450	266
8036	日立ハイテク	1329	1329	1260	1261	18
8037	カメイ	492	496	492	496	28
8038	東都水	405	409	402	407	83
8039	築地魚	170	170	165	165	8
8040	東ソワール	189	190	189	189	25
8041	魚市場	350	350	350	350	2
8042	マタイ	221	222	217	217	6
8043	スターゼン	194	200	194	200	36
8044	大都魚	152	152	152	152	1
8045	浜丸魚	489	489	489	489	1
8046	丸藤パ	162	165	162	164	6
8047	デジ・ネット	4550	4550	4550	4550	1
8048	シャディ	2400	2450	2315	2440	24.5
8049	ＥＩＥ	526	530	520	520	46
8050	セイコー	531	540	528	528	164
8051	山善	128	130	125	125	69
8052	椿本興	155	155	154	154	32
8053	住友商	1347	1370	1302	1349	4289
8056	ユニシス	2980	2990	2870	2900	203
8057	内田洋	502	510	494	494	236
8058	三菱商	816	840	785	834	4175
8059	第一実	160	163	160	161	24
8060	キヤノン販	1455	1455	1423	1435	143
8061	西華産	161	170	160	170	194
8063	日商岩井	85	85	83	84	2590
8064	金商	79	79	76	77	15
8065	佐藤商	363	363	363	363	1
8066	三谷商	461	461	461	461	1
8067	トミヤアパ	369	371	360	371	18
8068	菱洋エレク	1500	1540	1486	1500	275
8069	加  商	391	391	391	391	1
8070	東京産	310	310	301	304	14.5
8071	東海物産	390	390	390	390	2
8072	出版貿	230	238	230	238	2
8073	Ｔ・ＺＯＮＥ	706	730	701	705	29
8074	ユアサ商	121	128	120	128	84
8075	神鋼商	148	155	141	153	41
8076	カノークス	0	0	0	0	0
8077	小林産	177	177	177	177	7
8078	阪和興	100	100	98	98	174
8079	正栄食	440	440	440	440	1
8080	ジョイス	0	0	0	0	0
8081	カナデン	498	498	471	485	29
8083	サンテレ	317	330	315	323	15
8084	菱電商	355	355	350	350	45
8085	ナラサキ産業	171	179	171	173	54
8086	ニプロ	910	920	900	919	21
8087	フルサト	504	504	504	504	4
8088	岩谷産	188	190	185	190	191
8089	ナイス	156	158	155	157	104
8090	昭光通商	126	127	121	122	97
8091	ニチモウ	146	150	146	148	16
8092	富士通シス	4150	4200	4080	4150	93.7
8093	極東貿易	1194	1240	1180	1180	1279
8095	イワキ	245	245	242	242	5
8096	兼松エレク	476	485	476	480	21
8097	三愛石	283	285	280	280	33
8098	稲畑産	569	579	540	568	497
8100	藤井	80	80	70	80	3
8101	ＧＳＩクレ	96	96	95	96	29
8103	明和産	106	106	102	102	9
8105	丸正	218	288	215	288	169
8107	キムラタン	70	70	66	70	8
8109	山洋工	0	0	0	0	0
8110	川鉄商事	115	115	110	110	27
8111	ゴルドウイン	121	125	121	121	29
8112	東スタイル	841	845	830	835	302
8113	ユニチャーム	7600	7600	7210	7400	150.8
8114	デサント	192	199	186	199	11
8115	ムーンバット	114	120	112	120	7
8116	ダーバン	338	338	321	321	538
8117	中央自	292	292	282	288	17
8118	キング	144	144	139	139	2
8119	三栄コ	720	720	695	695	19
8120	大木	330	330	330	330	3
8123	川辺	0	0	0	0	0
8125	ワキタ	305	305	300	300	83
8126	三光純薬	318	318	300	300	17
8127	ヤマトインタ	135	135	135	135	2
8128	エフワン	72	72	72	72	4
8129	東邦薬	375	385	375	385	6
8130	サンゲツ	1580	1580	1550	1563	28
8131	ミツウロコ	523	523	515	515	6
8132	シナネン	386	388	380	383	49
8133	伊藤忠エネ	311	316	300	303	59
8134	ＴＯＫＡＩ	865	865	841	845	44
8135	ゼット	140	140	140	140	1
8136	サンリオ	4400	4400	4250	4260	140
8137	サンワテク	750	750	740	740	2
8138	三京化	300	310	300	301	19
8139	ナガホリ	245	245	217	220	16
8140	リョーサン	1940	1940	1849	1890	138
8141	新光商	871	871	850	858	19
8142	トーホー	760	780	760	780	5
8143	ラピーヌ	94	94	84	84	15
8144	電響社	375	375	375	375	5
8145	中部水産	400	405	400	405	5
8146	小杉産	142	142	142	142	3
8147	トミタ	0	0	0	0	0
8148	上原成	279	280	279	280	4
8150	三信電	700	705	680	694	60
8151	東陽テク	2710	2735	2600	2650	99
8152	ソマール	231	231	229	229	7
8153	モスフード	1050	1050	1031	1036	21
8154	加賀電子	1370	1405	1355	1400	94
8155	三益半導	2150	2150	2105	2110	39.3
8156	ガステック	510	512	510	512	4
8157	都築電	613	620	613	620	10
8158	ソーダニッカ	180	180	180	180	1
8159	立花エレ	602	602	602	602	2
8160	木曽路	1099	1099	1081	1081	3
8161	エイデン	950	950	921	928	46
8163	サトＲＳ	677	680	676	678	8
8164	キャビン	116	117	111	111	96
8165	千趣会	1495	1500	1450	1450	38
8166	タカキュー	320	320	303	306	544.5
8167	丸久	0	0	0	0	0
8168	ケーヨー	352	365	352	359	15.4
8169	宝船	270	270	260	260	6
8170	アデランス	2900	2900	2800	2800	92.2
8171	ＭＶ中部	0	0	0	0	0
8172	第一家庭電器	65	65	62	63	139
8173	上新電	270	270	270	270	6
8174	日ガス	540	549	540	549	13
8175	ベスト電	750	750	731	732	43
8176	西洋フードシス	392	392	383	383	38
8178	マルエツ	303	309	300	300	35
8179	ロイヤルＨＤ	860	861	831	834	157
8180	すかいらく	2540	2540	2510	2535	77
8181	東天紅	1180	1388	1110	1368	164
8182	いなげや	794	794	794	794	1
8183	セブン−イレブン	12300	12380	12000	12210	502
8184	島忠	1080	1080	1029	1046	187.9
8185	チヨダ	530	530	530	530	4.7
8186	大塚家具	30000	30000	29000	29000	5.5
8188	ヨークベニ	1900	1900	1880	1895	114.9
8189	マツヤデンキ	265	275	265	275	12
8190	ヤマナカ	1870	1870	1870	1870	0.1
8191	光製作	500	500	500	500	5
8192	中川無線	87	87	85	86	38
8193	鈴丹	132	132	120	123	44
8194	ライフコーポ	570	580	570	577	6
8195	デニーズジャパン	1965	1965	1851	1900	15
8196	カスミ	433	433	415	425	15
8197	東急ストア	277	278	277	277	10
8199	デオデオ	920	949	920	921	82
8200	リンガハット	1050	1050	1030	1030	5.5
8201	さが美	224	225	224	225	9
8202	ラオックス	540	550	520	520	55
8203	ＭｒＭａｘ	330	334	325	330	13.5
8204	ジョナサン	1250	1250	1250	1250	3
8205	シャクリー	850	850	850	850	5
8206	アポロイン	125	125	125	125	2
8207	テンアライド	410	410	406	410	5.1
8208	エンチョー	0	0	0	0	0
8209	フレンドリ	460	460	460	460	4
8210	フットワーク	255	255	225	225	18
8211	相鉄ローゼ	551	551	550	550	6
8212	オーク	182	182	180	180	10
8213	トステムビバ	335	335	305	309	7
8214	アオキインタ	345	355	335	352	9.8
8215	銀座山形屋	280	280	280	280	2
8216	フォルクス	510	510	510	510	1
8217	オークワ	928	930	928	930	51
8218	コメリ	3440	3440	3360	3370	35
8219	青山商	1500	1530	1490	1490	151.2
8225	タカチホ	202	219	202	219	2
8226	理経	690	700	651	651	58
8227	しまむら	12500	12500	12300	12300	21.1
8228	マルイチ	1040	1100	1040	1100	2
8229	ＣＦＳコーポ	805	815	805	815	1
8230	はせがわ	250	250	240	240	24
8231	三越	338	345	333	339	1248
8232	東急百貨店	84	84	81	82	285
8233	高島屋	710	721	710	712	461
8234	大丸	345	346	335	335	226
8235	松坂屋	245	249	243	248	87
8236	丸善	215	228	211	228	150
8237	松屋	366	368	363	363	9
8238	伊勢丹	818	845	815	826	547
8239	横浜松坂屋	82	82	80	80	4
8240	サッポロライオン	610	610	600	600	2
8241	阪神百貨店	481	481	480	480	4
8242	阪急百	430	453	425	425	131
8243	そごう	71	74	71	71	1174
8244	近鉄百貨店	140	140	140	140	2
8245	丸栄	192	192	191	192	9
8247	大和	0	0	0	0	0
8248	ニッセン	529	535	520	532	44.5
8249	東洋物	0	0	0	0	0
8250	小松ストアー	550	550	550	550	5
8251	パルコ	291	295	291	292	18
8252	丸井	1450	1460	1442	1455	579
8253	クレセゾン	1865	1869	1831	1831	271.9
8254	さいか屋	0	0	0	0	0
8255	原信	949	950	949	950	9
8256	プロルート	241	242	230	230	23
8257	山陽百	0	0	0	0	0
8258	ＯＭＣカード	395	395	381	390	208
8259	十字屋	66	67	65	65	122
8260	井筒屋	198	198	196	196	205
8261	ｼ鉄百貨店	0	0	0	0	0
8262	長崎屋	4	5	4	4	1471
8263	ダイエー	380	393	370	372	983
8264	イトーヨーカ堂	7360	7380	7010	7300	574
8265	壽屋	135	145	132	140	118
8266	イズミヤ	660	664	660	660	41
8267	イオン	1490	1535	1481	1508	321
8268	西友	226	229	221	221	626
8269	マイカル	408	408	390	391	626
8270	ユニー	820	820	803	806	199
8273	イズミ	530	530	513	515	86
8274	東武ストア	170	175	170	175	4
8275	フォーバル	3800	3800	3700	3700	17
8276	平和堂	636	641	630	631	23
8278	フジ	1940	1983	1940	1983	1.3
8279	ヤオコー	1456	1456	1416	1455	0.5
8280	富士冷機	440	443	433	433	55
8281	ゼビオ	1990	1999	1940	1940	15
8282	ギガスケーズ	2120	2190	2050	2100	48.6
8283	パルタック	430	465	425	455	76
8285	三谷産業	0	0	0	0	0
8286	藍  屋	1490	1540	1490	1540	3
8287	ＭＶ西日本	0	0	0	0	0
8289	オリンピック	2150	2210	2150	2210	3.9
8290	デンコードー	726	727	700	720	12
8291	東日カーライフ	180	180	179	179	2
8292	東いすず	0	0	0	0	0
8293	愛トヨ	881	881	881	881	3
8295	キャノンシステム	610	620	590	620	30
8298	ファミリー	280	280	280	280	1
8299	大栄太源	0	0	0	0	0
8301	日銀	82000	82000	82000	82000	0.1
8302	興業銀行	822	831	818	822	1814
8311	第一勧銀	811	830	811	815	1896
8314	さくら銀行	654	663	640	640	7793
8315	東京三菱銀	1341	1350	1314	1316	3222
8317	富士銀行	840	850	836	837	3232
8318	三井住友銀行	1284	1287	1279	1279	1958
8319	大和銀行	271	277	270	272	1070
8320	三和銀行	963	971	953	955	2341
8321	東海銀行	519	524	512	515	2360
8322	あさひ銀行	485	485	475	476	2707
8324	第四銀	404	405	373	399	194
8325	北越銀	275	275	268	272	53
8326	福岡銀	634	634	612	624	262
8327	西日本シティ銀	363	364	355	355	438
8331	千葉銀	475	484	470	470	537
8332	横浜銀	368	380	368	378	1122
8333	常陽銀	403	405	390	405	243
8334	群馬銀	591	600	590	590	183
8335	足利銀行	205	205	201	202	280
8336	武蔵銀	4550	4600	4500	4550	3.2
8337	千葉興	1098	1100	1080	1080	10.4
8338	関東つくば銀	1451	1465	1451	1460	0.5
8339	都民銀	3450	3490	3350	3350	4.5
8341	七十七	801	810	799	809	304
8342	青森銀	425	430	421	430	57
8343	秋田銀	432	432	425	425	96
8344	山形銀	527	528	525	525	94
8345	岩手銀	3510	3700	3510	3610	3.8
8346	東邦銀	396	396	382	387	82
8349	東北銀	229	229	220	220	22
8350	みちのく銀	598	600	595	599	77
8353	北海道銀行	155	156	152	152	271
8355	静岡銀	890	892	880	880	299
8356	十六銀	465	465	458	458	50
8357	北陸銀行	238	239	235	237	179
8358	スルガ銀	1776	1800	1764	1795	256
8359	八十二	580	582	565	565	393
8360	山梨銀	395	400	390	391	61
8361	大垣共立	520	520	511	513	92
8362	福井銀	295	296	290	294	34
8363	北国銀	405	405	397	400	121
8364	清水銀	3820	3860	3810	3810	0.5
8365	富山銀	468	468	468	468	1
8366	滋賀銀	518	519	508	515	201
8367	南都銀	550	600	550	586	24
8368	百五銀	451	455	441	441	86
8369	京都銀	525	526	520	526	99
8370	紀陽銀	238	241	235	240	119
8371	近畿大阪銀	0	0	0	0	0
8372	泉州銀	380	380	380	380	11
8374	三重銀	500	500	499	500	44
8375	池田銀	5400	5400	5360	5370	2.6
8379	広島銀	403	409	400	405	293
8380	山口銀	775	775	750	750	74
8381	山陰合銀	573	589	569	575	138
8382	中国銀	845	854	845	850	79
8383	鳥取銀	384	384	370	380	38
8385	伊予銀	633	638	633	633	52
8386	百十四	616	619	608	612	38
8387	四国銀	599	599	592	592	42
8388	阿波銀	509	514	506	514	60
8390	鹿児銀	438	438	432	434	39
8391	親和銀行	330	330	320	322	36
8392	大分銀	503	503	493	493	105
8393	宮崎銀	349	349	343	343	76
8394	肥後銀	401	410	399	405	76
8395	佐賀銀	348	348	338	339	37
8396	十八銀	344	345	340	345	60
8397	沖縄銀	2715	2715	2615	2615	2.1
8399	琉球銀	1360	1360	1320	1335	3.5
8401	三井信託	170	172	169	169	2081
8402	三菱信託	740	745	730	730	1068
8403	住友信	588	606	588	596	2718
8404	みずほ信託銀	140	140	138	138	856
8405	日本信託	151	155	151	154	166
8407	東洋信託	310	312	306	306	589
8408	中央三井信	570	574	565	566	155
8489	アプレック	703	703	703	703	1
8493	インター	2300	2305	2300	2300	7.9
8507	学研クレジット	700	701	700	700	7
8508	イッコー	830	840	810	840	24
8511	日証金	700	707	688	705	445
8512	大証金	393	395	381	381	42
8513	中証金	0	0	0	0	0
8515	アイフル	18110	18700	17110	17110	109.85
8518	アジア投資	1050	1070	985	995	990
8519	ポケットＣ	3250	3300	3100	3100	19.8
8520	殖産銀行	394	394	394	394	1
8521	長野銀	448	448	438	448	17
8522	名古屋銀	589	595	571	571	35
8523	近畿銀行	283	283	283	283	1
8524	北洋銀行	497	500	489	499	14
8527	愛知銀	7010	7200	7010	7200	1.5
8528	岐阜銀	223	223	223	223	16
8529	第三銀	464	464	450	451	57
8530	中京銀	407	407	404	404	15
8533	広島総合銀行	415	415	410	414	62
8536	東日銀	640	640	638	639	34
8537	大光銀	253	253	253	253	15
8539	福岡シティ銀	480	480	470	475	20
8541	愛媛銀	429	429	425	425	29
8542	トマト銀	500	500	500	500	1
8543	みなと銀	190	200	190	197	134
8544	京葉銀	310	315	309	309	90
8545	関西アーバン	169	220	169	220	435
8548	九州銀行	304	304	304	304	6
8549	せとうち銀行	397	397	397	397	2
8550	栃木銀	660	668	651	668	9
8551	北日銀	5000	5000	4990	4990	2.1
8552	びわこ銀	327	327	315	327	19
8556	香川銀	570	576	570	576	8
8558	東和銀	439	439	434	438	20
8561	徳島銀	790	790	788	790	52
8562	福島銀	335	335	330	335	10
8563	大東銀	335	337	320	336	15
8564	武富士	14390	14500	14110	14110	123.5
8565	三洋クレ	4260	4260	4200	4200	10
8566	リコーリース	2915	3160	2880	3160	82
8567	クレディア	2315	2315	2255	2295	18.1
8568	シンキ	2700	2750	2550	2600	52.5
8569	ユニココーポ	0	0	0	0	0
8570	イオンクレ	6080	6080	5400	5580	98.1
8571	ニッシン	5800	6000	5700	6000	34.7
8572	アコム	11630	11900	11630	11730	74.4
8573	三洋信販	3560	3580	3540	3580	71.5
8574	プロミス	8110	8120	8100	8100	296.6
8577	ロプロ	1980	2060	1980	2010	99.1
8579	東京リース	580	580	580	580	9
8580	ファーストクレジット	362	437	362	437	3624
8582	日貿信	65	65	63	65	156
8583	日信販	242	247	240	247	413
8584	ジャックス	380	385	380	380	49
8585	オリコ	414	420	404	410	497
8586	日立キャピ	1720	1770	1699	1722	135.8
8587	ライフ	304	305	295	305	57
8588	セントラル	303	305	298	305	107
8589	アプラス	139	139	136	138	69
8591	オリックス	17680	18000	17600	17650	187.2
8592	住商リース	1247	1247	1195	1195	17
8593	ダイヤリース	1621	1621	1600	1610	23
8595	ジャフコ	30500	30500	29200	29600	225
8597	ＳＦＣＧ	22000	23000	20780	20780	54.31
8599	ＵＦＪセント	0	0	0	0	0
8601	大和証Ｇ	1875	1879	1822	1830	3707
8603	日興コーデ	1498	1499	1470	1474	4913
8604	野村ＨＤ	3350	3370	3200	3220	6716
8606	新光	595	595	561	578	5248
8607	みずほイン証	290	290	270	275	3593
8608	和光証券	600	607	565	585	2478
8609	岡三ＨＤ	949	949	900	925	860
8610	さくらフレンド	334	334	315	318	1381
8611	コスモ証	348	350	330	330	674
8612	第一証券	208	210	194	195	2437
8613	丸三	839	839	799	810	259
8614	東洋	420	438	409	434	871
8615	三菱証	1860	1870	1830	1834	626
8616	東海東京	463	465	441	448	636
8617	光世	398	399	368	372	850
8618	太平洋証	270	270	248	248	1076
8620	東海丸万	765	770	750	753	182
8621	ＵＦＪつばさ証券	722	722	683	708	396
8622	水戸	420	421	395	405	450
8623	ＳＭＢＣ証	395	395	367	378	317
8624	いちよし証	1050	1050	1050	1050	1194
8625	高木	470	470	440	464	163
8691	証券代	1030	1030	1000	1000	3
8692	だいこう	455	455	450	455	7
8742	小林洋行	1690	1710	1690	1710	2
8743	ひまわり証	255	260	255	260	13
8744	日本ユニコム	1000	1000	1000	1000	10
8745	グローバリー	1330	1350	1300	1330	17
8746	第一商品	321	330	321	330	3
8747	豊商事	503	503	503	503	3
8748	岡藤商事	0	0	0	0	0
8749	エース交易	360	365	357	360	24
8751	東京海上火災	1055	1160	1047	1123	3762
8752	三井住友海上	457	477	456	473	1314
8753	住友海上火災	471	514	471	500	1298
8754	日本興亜	250	253	247	247	1004
8755	損害保険Ｊ	450	465	449	459	3221
8756	日産火災海上	281	281	274	276	178
8757	日新火	262	265	261	262	38
8758	千代田火災	299	299	291	292	179
8759	ニッセイ同和	265	270	258	268	398
8760	日動火災海上	452	462	447	453	148
8761	あいおい損保	335	345	324	345	568
8762	興亜火災	251	255	247	255	331
8763	富士火	214	216	213	215	84
8764	太陽火災	0	0	0	0	0
8765	大成火災海上	210	212	208	212	25
8801	三井不	884	920	876	901	1796
8802	菱地所	966	979	966	971	1319
8803	平和不	225	230	225	230	239.5
8804	東建物	180	182	176	176	169
8805	中央地	121	121	117	117	28
8806	ダイビル	607	621	607	621	23
8809	サンケビル	335	341	330	330	16
8810	港振興	0	0	0	0	0
8815	東急不	95	96	95	95	327
8817	阪急不動産	360	360	350	350	33
8818	京阪神不	280	285	278	281	33
8821	立飛企	2550	2550	2550	2550	1
8826	エルカク	2	2	1	1	368
8829	大和団地	200	200	197	197	61
8830	住友不	327	343	325	340	830
8832	小田急不	165	168	165	168	5
8833	東宝不	378	383	378	382	10
8834	藤和不	61	62	60	61	93
8835	太平発	105	107	103	106	39
8836	ヒューネット	926	926	925	926	3122
8838	有楽地	98	100	98	99	22
8839	ニチモ	75	75	73	74	71
8840	大京	215	225	210	223	362
8841	テーオーシー	601	601	591	591	82
8842	楽天地	339	339	335	335	7
8844	リクコスモス	560	560	540	550	37
8845	セザール	207	212	206	209	43
8846	積和不動産	470	470	450	455	7
8848	レオパレス	430	430	418	418	39
8850	スターツ	500	500	500	500	1
8851	アバンライフ	161	161	161	161	5
8852	積和不動関西	342	342	340	341	38
8853	ダイヤシティ	0	0	0	0	0
8854	日住	269	270	268	270	11
8855	全日空ビル	125	125	111	111	6
8857	三井不動販売	458	458	436	436	26
8858	ダイア建	220	220	215	219	30
8860	フジ住	413	415	408	415	57
8863	積和不動中部	640	640	640	640	1
8864	空港施設	500	505	500	503	41
8865	神鋼興産	260	260	260	260	1
8866	コマーシャル	363	443	363	443	33
8867	横浜地下街	0	0	0	0	0
8868	ＵＲＢＡＮ	10600	10800	9750	10800	145
8869	明和地所	2445	2490	2415	2490	11.1
8870	住不販売	2710	2725	2700	2710	17.3
8871	ゴールドクレ	9800	9800	9700	9700	9.5
8872	エイブル	6660	6660	6600	6600	3
8873	積和不動中国	670	670	670	670	1
8874	ジョイント	3110	3350	3110	3200	26
8875	東栄住宅	2000	2000	1950	1950	8
8876	リロＨＤ	10000	10000	9600	9600	5
8877	エスリード	2800	2890	2800	2800	4
8878	日綜地所	1690	1710	1610	1610	10
8879	東急リバブル	572	572	541	541	49
8880	飯田産業	1980	2000	1950	1950	6
9001	東武	300	302	299	300	2727
9002	西武鉄道	1400	1414	1390	1390	49
9003	相鉄	280	282	277	277	229
9004	箱根登山鉄道	280	290	280	281	6
9005	東急	311	325	311	320	6213
9006	京急	376	379	374	375	647
9007	小田急	319	320	313	313	1056
9008	京王	376	385	372	379	377
9009	京成	249	260	248	256	318
9010	富士急	315	318	310	311	26
9012	秩父鉄	0	0	0	0	0
9013	伊豆箱根鉄道	12900	12900	12900	12900	0.2
9014	新京成	303	307	300	307	7
9017	新潟交	330	330	330	330	4
9019	伊豆急行	2750	2750	2700	2700	1.5
9020	ＪＲ東日本	493000	499000	489000	489000	2.773
9021	ＪＲ西日本	341000	346000	335000	340000	0.738
9022	ＪＲ東海	692000	700000	690000	691000	0.828
9031	西鉄	252	252	245	247	285
9033	広電鉄	1330	1330	1330	1330	4
9036	東部ネット	600	600	575	586	14
9037	ハマキョウ	1700	1700	1700	1700	2
9038	東海西濃	345	345	345	345	1
9039	サカイ引越	2800	2800	2600	2600	2.6
9040	大宝運輸	0	0	0	0	0
9041	近鉄	415	419	414	414	442
9042	阪急ＨＤ	350	350	342	342	1236
9043	阪神	292	297	292	292	375
9044	南海電	435	445	431	431	79
9045	京阪電	356	357	355	355	68
9046	神電鉄	430	432	429	430	23
9047	名糖運輸	1597	1597	1521	1521	2
9048	名鉄	300	302	299	299	270
9049	京福電	0	0	0	0	0
9050	三重交	340	340	335	335	12
9051	センコン物流	0	0	0	0	0
9052	山陽電	285	290	285	285	20
9053	中央運輸	0	0	0	0	0
9054	大和物流	0	0	0	0	0
9055	アルプス物流	490	490	474	475	10
9056	ヒューテック	1250	1250	1250	1250	2
9057	遠州トラック	850	850	850	850	2
9058	トランコム	1220	1260	1220	1230	52
9059	カンダ	0	0	0	0	0
9060	日ロジテム	300	300	290	290	6
9061	富士物流	169	169	160	160	17
9062	日通	698	708	695	699	2323
9063	岡県運送	160	160	160	160	3
9064	ヤマト運	2840	2850	2730	2775	804
9065	山九	118	120	115	120	273
9066	日新	160	161	158	160	25
9067	丸運	240	240	227	229	6
9068	丸全運	185	185	175	177	52
9069	センコー	232	245	225	240	59
9070	トナミ	205	209	204	205	81
9072	日梱包	560	560	545	545	16
9073	京極運	370	370	370	370	40
9074	日石輸	164	164	163	163	20
9075	福山運	720	721	710	710	125
9076	西濃運	549	549	540	542	288
9077	名鉄運	0	0	0	0	0
9078	エスライン	0	0	0	0	0
9079	東急ロジ	400	400	400	400	2
9080	関東西濃	0	0	0	0	0
9081	神奈交	430	430	406	406	7
9082	大和自	0	0	0	0	0
9083	神姫バ	500	515	500	515	2
9086	日立物流	541	560	541	545	67
9087	タカセ	260	260	260	260	5
9088	濃飛西濃	0	0	0	0	0
9089	ロジパル	0	0	0	0	0
9101	郵船	375	379	369	372	1161
9104	商船三井	171	175	171	174	3592
9107	川崎汽	149	152	148	149	1085
9110	新和海	58	58	57	57	24
9113	乾汽船	69	70	69	70	13
9114	日之出汽船	47	47	45	45	15
9115	明治海	160	160	155	155	7
9119	飯野海	150	152	145	145	235
9123	太平海	50	50	48	50	19
9127	玉井船	45	45	41	41	4
9130	共栄タ	103	103	101	101	5
9132	第一汽	50	51	48	48	106
9133	東栄リーファ	0	0	0	0	0
9151	東京船舶	81	90	81	90	13
9152	関西汽	55	57	55	55	63
9171	栗林船	289	289	289	289	1
9173	東海汽	0	0	0	0	0
9174	ワンダーＴ	210	210	210	210	5
9176	佐渡汽	0	0	0	0	0
9178	日鉄物流	0	0	0	0	0
9179	川崎近海	195	195	195	195	3
9180	新和内航	0	0	0	0	0
9193	東京汽	0	0	0	0	0
9201	日本航空	263	265	259	260	2234
9202	ＡＮＡ	245	246	242	242	899
9203	日本エアシス	3850	3850	3830	3830	0.6
9231	国際航	649	649	620	620	27
9232	パスコ	585	595	577	577	42
9233	アジア航	330	330	325	325	5
9301	三菱倉	741	741	725	738	278
9302	三井倉	228	238	226	238	256
9303	住友倉	270	273	268	268	363
9304	渋沢倉	265	278	255	278	189
9305	ヤマタネ	113	113	105	107	29
9306	東陽倉	0	0	0	0	0
9307	杉村倉	0	0	0	0	0
9308	イヌイ建	389	389	389	389	1
9309	京神倉庫	0	0	0	0	0
9310	トランシティ	192	192	187	188	14
9311	アサガミ	0	0	0	0	0
9312	ケイヒン	144	146	141	142	74
9313	丸八倉	151	151	150	150	5
9314	品川倉	143	143	143	143	1
9317	オーナミ	0	0	0	0	0
9318	Ｊブリッジ	290	300	290	295	23
9319	中央倉	563	563	563	563	3
9320	三和倉	153	153	153	153	1
9321	アイロジステ	152	152	140	140	13
9322	川西倉	0	0	0	0	0
9323	ロジステック	0	0	0	0	0
9324	安田倉	362	362	356	360	17
9351	洋埠頭	136	137	132	136	14
9353	桜島埠	0	0	0	0	0
9355	リンコー	150	150	150	150	3
9357	名港海	341	346	341	341	14
9358	宇徳運	115	117	115	117	2
9359	伊勢湾	0	0	0	0	0
9360	鈴与シンワ	0	0	0	0	0
9361	伏木運	275	275	270	270	4
9362	兵機海	105	105	105	105	1
9363	大運	65	65	60	65	13
9364	上組	470	474	451	469	241
9365	トレーディア	98	102	98	102	8
9366	サンリツ	780	810	780	810	17.9
9367	大東港運	0	0	0	0	0
9368	キムラユニテ	0	0	0	0	0
9369	キユソ流通	1910	1949	1910	1940	17
9370	郵船航空	2820	2820	2760	2760	13
9373	ニッコウトラ	2350	2350	2320	2320	8
9401	ＴＢＳ	5110	5210	4950	5160	316
9402	ＣＢＣ	981	981	980	980	4
9404	日テレ	149000	149000	141000	142000	17.07
9405	朝日放	11850	11850	11500	11500	1.8
9408	新潟放	825	825	750	750	3.2
9431	ＫＤＤ	10150	10300	9980	10100	131.2
9432	ＮＴＴ	1510000	1510000	1480000	1490000	11.055
9433	ＫＤＤＩ	1040000	1050000	996000	1000000	13.06
9434	ボーダフォン	5050000	5120000	4800000	5000000	0.727
9435	光通信	191000	193000	173000	178000	139.2
9436	沖縄セルラー	1010000	1010000	810000	850000	0.382
9437	ＮＴＴドコモ	4310000	4320000	4160000	4170000	10.566
9438	ＭＴＩ	6050000	6080000	5300000	5590000	0.299
9439	ビーアイジー	17000000	17000000	15150000	15150000	0.008
9449	ＧＭＯインター	75500	75500	67000	67000	3
9470	学研	280	285	270	285	280
9471	文渓堂	0	0	0	0	0
9472	エスコム	600	698	595	680	682
9473	アスキー	4200	4250	3800	3900	88
9474	ゼンリン	3300	3530	3230	3430	18.3
9475	昭文社	7900	7900	7700	7880	32
9476	中央経済	0	0	0	0	0
9477	角川ＨＤ	38100	40000	38050	40000	14.5
9478	翔泳社	19800000	19800000	17800000	17800000	0.018
9501	東電	2375	2410	2375	2385	1411.3
9502	中部電	1521	1550	1521	1521	255.7
9503	関西電	1570	1580	1550	1550	1170.2
9504	中国電	1320	1343	1320	1321	139.9
9505	北陸電	1365	1368	1350	1350	75.4
9506	東北電	1320	1330	1312	1312	184.3
9507	四国電	1331	1349	1330	1330	95
9508	九州電	1300	1300	1285	1285	701.3
9509	北海電	1303	1310	1300	1305	116.2
9511	沖縄電	1950	2000	1950	1970	1.8
9531	東ガス	209	212	208	210	6496
9532	大ガス	206	212	205	209	3417
9533	邦ガス	160	164	160	160	342
9534	北ガス	166	166	165	165	33
9535	広ガス	316	316	315	315	17
9536	西部ガス	146	148	144	146	152
9537	北陸ガ	328	328	299	299	4
9539	葉ガス	240	245	240	245	52
9540	中ガス	221	221	221	221	2
9541	大多喜ガス	355	355	340	340	2
9542	新日ガス	0	0	0	0	0
9600	アイネット	1581	1600	1460	1460	22
9601	松竹	576	576	561	562	100
9602	東宝	21220	21500	21030	21500	21.8
9603	ＨＩＳ	8150	8150	7900	7930	44.3
9604	際放映	331	331	330	330	5
9605	東映	920	999	920	985	726
9607	葵プロ	2420	2450	2350	2350	12
9608	福山コンサル	300	300	300	300	1
9609	ベンチャーリ	10600	10600	10000	10300	28.4
9610	ウィルソン	8000	8000	7900	8000	8.8
9611	Ｄワンダー	1360	1400	1360	1390	5
9612	ラックランド	2100	2100	2100	2100	5.6
9613	ＮＴＴデータ	1950000	1960000	1910000	1930000	6.089
9614	ベルシス24	95000	95000	93000	93000	11.55
9615	東京美装	0	0	0	0	0
9616	共立メンテ	3360	3400	3350	3400	3.6
9618	エームサービス	1280	1280	1270	1271	3
9619	イチネン	0	0	0	0	0
9620	スクウェア	19000	19200	18500	19000	75.1
9621	建設技研	672	672	661	663	4.7
9622	スペース	452	455	450	451	10.8
9623	キヤノンソフ	800	800	781	781	3
9624	長大	640	640	600	600	6
9625	セレスポ	220	235	220	235	8
9626	日本技開	231	232	231	232	2
9627	アインファマ	2000	2100	1980	2040	37
9628	燦ＨＤ	4000	4000	3700	3700	16.2
9629	ＰＣＡ	5600	5600	5300	5300	14
9630	アップ	465	465	460	460	7
9631	東急レク	589	590	571	571	7
9632	スバル	334	334	334	334	2
9633	テアトル	180	184	180	181	17
9634	修学社	416	421	412	412	13
9635	武蔵野	572	572	572	572	2
9636	きんえい	320	320	320	320	6
9637	オーエス	0	0	0	0	0
9638	情報技術	1400	1400	1350	1350	7
9639	三協フロンテ	380	380	370	370	9
9640	セゾン情報	981	1020	981	1020	3
9641	サコス	184	184	171	171	18.7
9642	コマスタ	9600	9600	9600	9600	0.5
9643	中日興	18890	18890	18600	18600	0.2
9644	タナベ経営	389	390	381	390	18.2
9645	ダイヤモンドコン	2430	2430	2350	2385	20
9646	タイトー	160000	160000	151000	152000	0.531
9647	協和コンサル	231	249	231	245	9
9648	ウエスコ	370	370	350	350	13.7
9649	明電エンジニア	631	643	629	629	22.4
9650	テクモ	3280	3280	3050	3140	37.9
9651	日本プロセス	0	0	0	0	0
9652	日本医療	3400	3400	3220	3290	27
9653	ＳＢＩパートナ	2980	2980	2550	2550	96
9654	コーエー	5300	5490	5000	5000	108.1
9656	三井ランド	530	535	530	530	11
9657	コムテック	0	0	0	0	0
9658	ビジ太田昭	1100	1130	1100	1130	41
9660	ＣＲＣソリュ	3060	3100	2960	3000	66
9661	歌舞伎	3930	3930	3930	3930	2
9662	アイフル	596	596	595	595	3
9663	ナガワ	760	780	675	705	53
9664	御園座	1136	1136	1136	1136	1
9665	吉本興	1450	1450	1380	1381	118
9667	ホリプロ	1208	1208	1100	1100	14
9668	相鉄企業	410	410	410	410	7
9669	オークネット	5900	5900	5280	5650	46.9
9671	よみランド	297	297	289	293	21
9672	東競馬	134	134	132	133	129
9673	甲子園土地	0	0	0	0	0
9674	花月園	220	221	201	201	6
9675	常磐興	140	140	138	139	26
9676	松戸公産	535	535	535	535	4
9677	日本ジャンボ	700	733	696	733	30.5
9678	カナモト	849	900	831	840	955
9679	ホウライ	440	440	440	440	1
9680	共成レンテム	720	720	720	720	1
9681	東京ドーム	482	485	480	483	343
9682	ＤＴＳ	10760	10760	10100	10300	49.4
9684	スク・エニ	10100	10100	9900	9910	75.4
9685	共同コンＨＤ	457	457	455	455	4
9686	東洋テック	542	542	542	542	1
9687	ＫＳＫ	930	948	920	920	10
9689	グリンハウス	1650	1650	1620	1620	5
9691	両毛システム	0	0	0	0	0
9692	シーイーシー	2250	2280	2170	2200	54
9694	日立ソフト	15900	16000	15520	15520	132.6
9695	鴨川グランド	0	0	0	0	0
9696	ウィザス	500	500	500	500	3
9697	カプコン	8200	8200	7600	7620	267.1
9698	クレオ	1610	1610	1510	1520	30
9699	西尾レント	621	625	620	621	12.9
9700	エスアールエル	1699	1699	1581	1586	40
9701	会舘	295	295	295	295	1
9702	アイエスビー	2720	2900	2720	2800	21
9703	ジェネラスコーポ	95	95	92	94	21
9704	東海観	78	80	78	80	336
9706	日本空港ビル	844	861	844	860	91
9707	メデカＪ	1910	1920	1800	1830	60
9708	帝ホテル	0	0	0	0	0
9709	日コンピュタ	800	849	800	849	3
9710	第一ホテ	244	245	227	244	89
9711	日コンシス	680	680	680	680	3
9712	ファイ	947	947	855	870	77
9713	ロイヤルホ	220	225	220	225	5
9714	ＳＲＡ	2250	2260	2240	2250	8
9715	トランスコス	43800	44100	43800	43800	77.4
9716	乃村工芸社	354	354	345	350	16
9717	ジャステック	3400	3490	3400	3490	4
9718	国際観光会館	0	0	0	0	0
9719	住商情報	7400	7540	7400	7450	45
9720	グランド	500	500	500	500	3
9722	藤田観	486	496	485	485	56
9724	新阪急ホテル	216	230	215	230	3
9725	東急ホテル	191	196	190	196	98
9726	近ツーリスト	272	275	271	273	23
9727	東急観光	120	128	115	128	12
9728	日本管財	2655	2655	2620	2620	13
9729	トーカイ	720	720	720	720	3
9730	ワオコーポ	400	400	400	400	4
9731	白洋舎	285	285	280	285	10
9732	東映ラボ	270	270	263	263	3
9733	ナガセ	2750	2810	2750	2800	5
9734	精養軒	0	0	0	0	0
9735	セコム	9210	9300	9130	9200	320
9736	白青舎	185	185	180	180	7
9737	ＣＳＫ	8700	9200	8190	8260	1155.8
9738	インテック	4410	4460	4060	4120	246
9739	ＮＳＷ	10500	10500	9610	9700	23.1
9740	ＣＳＰ	580	580	580	580	7
9741	日立情報	5900	5900	5820	5890	69
9742	アイネス	2700	2750	2600	2750	64
9743	丹青社	820	820	780	780	29
9744	メイテック	3080	3200	3030	3100	141.9
9746	ＴＫＣ	3110	3210	3100	3100	40.2
9747	アサツーＤＫ	6500	6700	6450	6530	179.2
9748	ＮＪＫ	876	900	850	880	20
9749	富士ソフト	7400	7400	7200	7200	95.2
9750	ソラン	3100	3300	3080	3300	148
9751	ＴＩＳ	8650	8700	8110	8700	117
9752	ナムコ	6360	6630	6280	6390	1092.2
9753	ＩＸナレッジ	1000	1020	980	1000	8
9755	応用地質	1154	1165	1149	1155	14.2
9756	ＡＳＫ	1060	1130	900	980	152
9757	船井研	900	900	890	890	8
9758	ジシステム	1330	1400	1260	1270	79
9759	日システムデ	16700	16800	15600	16280	80.8
9760	進学会	0	0	0	0	0
9761	東海リース	185	190	185	190	13
9762	大和リース	272	280	271	272	286
9763	丸紅リ	187	242	185	238	186
9764	技研興	197	197	197	197	1
9765	オオバ	172	172	172	172	2
9766	コナミ	19600	19600	18600	18600	390
9767	日建工学	248	248	248	248	23
9768	国土環境	1060	1060	1060	1060	2
9769	学究社	502	580	502	580	33
9776	札臨	493	500	493	500	3
9777	日電計算	3100	3160	3100	3120	22.5
9778	昴	0	0	0	0	0
9779	メフォス	1220	1220	1220	1220	1
9780	ビステム	350	350	350	350	3
9781	石川島汎サ	0	0	0	0	0
9782	ＤＭＳ	1200	1320	1190	1250	35
9783	ベネッセ	21700	21810	21200	21210	56.7
9784	日工検	0	0	0	0	0
9785	大新東	350	350	350	350	2
9786	キャッツ	1800	1801	1720	1799	79
9787	Ｊメンテ	1013	1016	1001	1001	6
9788	ナック	1120	1120	1061	1099	25.3
9789	栄光	0	0	0	0	0
9790	福井コン	720	720	666	666	3.5
9791	ビケンテクノ	1000	1000	999	999	4
9792	ニチイ学館	16000	16030	15500	15500	97.9
9793	ダイセキ	2020	2020	1980	2000	25.4
9794	カラカミ観光	0	0	0	0	0
9795	ステップ	830	830	830	830	7
9796	ダイテック	1580	1580	1540	1580	2.9
9797	大日本コン	280	280	270	270	2.2
9798	シダックス	2900	2900	2800	2800	8.3
9799	旭情報	1620	1640	1600	1640	12
9810	日鉄商	107	110	107	110	23
9811	アスティス	0	0	0	0	0
9812	テーオー	0	0	0	0	0
9813	トッキ	3120	3120	3000	3000	24
9814	アシックス商	689	689	689	689	1
9815	カテナ	940	940	909	930	111
9816	バーテックス	900	910	890	890	18
9817	ゴトー	0	0	0	0	0
9818	大丸エナ	0	0	0	0	0
9820	エムティＧ	220	220	206	206	6
9821	日アムウ	820	825	820	820	2.2
9822	なが多	123	123	105	110	1971
9823	マミーマート	1250	1250	1250	1250	0.1
9824	泉州電	535	535	533	533	3
9825	アズウェル	412	430	409	430	17.5
9826	ＪＥＵＧＩＡ	168	168	168	168	3
9827	リリカラ	195	199	172	172	8
9828	元気寿司	1060	1060	1040	1040	8
9829	ながの東急	0	0	0	0	0
9830	トラスコ中山	1260	1260	1200	1260	11
9831	ヤマダ電	9200	9280	9100	9280	28
9832	オートバクス	3060	3100	3000	3000	82.8
9833	エルクコーポ	680	730	680	730	3
9834	リオチェン	499	499	499	499	0.6
9835	ジュンテン	0	0	0	0	0
9836	リーバイス	660	711	660	710	110
9837	モリト	482	482	481	481	4
9838	トラベラー	746	746	740	740	10
9839	ゲッツブラザーズ	550	550	530	530	10
9840	ホーマック	2270	2270	2250	2265	8.5
9841	ＢＭＢ	609	611	570	575	160
9842	アークランド	1190	1190	1060	1090	16
9844	ユーエスシー	1800	1800	1720	1780	9
9845	パーカー	327	370	327	370	36
9846	天満屋ス	0	0	0	0	0
9847	ソリスト	430	430	416	416	7
9848	トヨタカローラ岐阜	0	0	0	0	0
9849	河内屋紙	562	562	562	562	1
9850	グルメ杵屋	690	700	690	690	26
9852	中央物産	0	0	0	0	0
9853	銀座ルノア	0	0	0	0	0
9854	愛眼	1049	1050	1048	1048	9.8
9855	くろがねや	441	447	441	446	9
9856	ケーユー	745	747	730	740	23.1
9857	英和	0	0	0	0	0
9858	明光商会	2300	2300	2230	2230	12.7
9859	ユーストア	808	808	808	808	4
9860	岐阜日野	0	0	0	0	0
9861	吉野家ディー	1720000	1720000	1650000	1680000	0.096
9862	メモレックス・テレ	460	500	460	475	77
9863	靴のマルトミ	151	175	150	150	5.8
9864	ナカイ	326	326	326	326	1
9865	日商エレク	5400	5400	5050	5300	233
9867	ソレキア	900	900	880	890	13
9868	トリイ	0	0	0	0	0
9869	加藤産	690	690	660	660	2
9870	ハナテン	1780	1787	1780	1787	0.2
9871	イトーキ	0	0	0	0	0
9872	北恵	205	205	205	205	1
9873	ケンタッキー	1100	1100	1090	1090	12
9875	マツモトキヨ	8050	8200	7850	8100	22.6
9876	コックス	523	530	520	530	4
9877	マルフル	260	260	260	260	1
9878	セキド	0	0	0	0	0
9879	フタタ	165	165	165	165	1
9880	イノテック	6480	6480	6020	6200	100.6
9882	イエロハット	999	1000	983	984	39.2
9883	富士エレ	2150	2150	2110	2150	18
9884	都築電産	1120	1150	1105	1105	9
9885	シャルレ	691	691	691	691	3
9887	松屋フーズ	3100	3100	2860	2900	23
9888	ＵＥＸ	0	0	0	0	0
9889	ＪＢＣＣ	6740	6740	6250	6500	75
9890	マキヤ	0	0	0	0	0
9892	卑弥呼	935	935	915	915	21
9893	ホームワイド	376	378	375	375	3
9894	アトル	550	550	550	550	1
9895	コンセック	284	285	284	285	5
9896	Ｊ建材	485	485	480	480	10
9897	ユニダックス	705	705	704	705	7
9898	サハダイヤ	400	400	361	398	621
9899	サンデサン	0	0	0	0	0
9900	サガミ	730	730	712	712	29
9901	宮	920	960	920	960	9
9902	日伝	1130	1140	1130	1140	2
9903	カンセキ	111	115	111	115	3
9904	ベリテ	192	196	191	195	26
9905	コージツ	203	220	203	220	4
9906	藤井産業	549	549	549	549	2
9907	大電社	0	0	0	0	0
9908	日本電計	671	671	671	671	2
9909	愛光電気	0	0	0	0	0
9911	真電	600	600	600	600	1
9912	ダイワボ情	1860	1890	1830	1830	47
9913	日邦産業	370	370	370	370	3
9914	植松商会	400	400	370	370	9
9915	アサヒビールＳ	0	0	0	0	0
9916	バイタルＮ	566	604	566	587	3.9
9917	マツモト電器	0	0	0	0	0
9918	ダイワラクダ	382	382	382	382	2
9919	関西スーパ	601	601	601	601	4
9920	シービーエム	1760	1760	1760	1760	10.1
9921	ギガス	482	482	480	480	3
9922	日立機材	590	590	590	590	2
9923	ダイトーエム	520	520	480	495	20
9924	ドミー	0	0	0	0	0
9925	北の家族	0	0	0	0	0
9926	ダイカ	369	369	369	369	6
9927	ワットマン	0	0	0	0	0
9928	ミロク情報	1781	1781	1745	1779	51.5
9929	平和紙業	440	440	440	440	1
9930	北沢産	226	230	226	228	8.5
9931	家族亭	0	0	0	0	0
9932	杉本商	0	0	0	0	0
9934	因幡電産	1180	1190	1150	1150	15.6
9935	あずみ	284	284	284	284	1
9936	王将フード	1450	1450	1420	1430	9
9937	セシール	4000	4100	3900	4080	15.8
9938	住金物産	82	82	78	78	21
9939	すみや	0	0	0	0	0
9940	クラヤ薬	1276	1276	1232	1253	102.9
9941	太洋物産	193	193	193	193	1
9943	ココス	600	600	590	590	5
9944	インパクト	1780	1780	1701	1735	8.6
9945	プレナス	5700	5700	5700	5700	4
9946	ミニストップ	2300	2300	2270	2295	59
9947	シムリー	1270	1280	1231	1245	9.3
9948	アークス	1560	1560	1510	1510	8
9949	タイヨー	2340	2340	2340	2340	1
9950	ハチバン	0	0	0	0	0
9951	カーマ	539	539	530	530	19.8
9952	ドトール	8990	9000	8710	8710	25.5
9953	ダイキ	1311	1324	1311	1323	1.7
9954	東京小僧寿し	585	590	585	590	5
9955	ヨンキュウ	2400	2400	2360	2360	1.6
9956	バロー	1410	1410	1410	1410	1
9957	バイテック	2070	2070	1880	1950	39
9958	サリ	325	325	311	311	5
9959	アシード	900	900	900	900	4
9960	東テク	530	530	530	530	2
9961	エムオーテック	150	150	150	150	5
9962	駿河製機	13000	13100	12800	12890	19.1
9963	江守商事	400	400	400	400	2
9964	アイ・テック	0	0	0	0	0
9965	福原	530	530	530	530	6
9966	藤久	2280	2280	2260	2270	6.3
9967	堺商事	250	250	250	250	1
9968	イチヤ	95	95	95	95	1
9969	ショクブン	995	995	995	995	3
9970	東洋オフィス	710	780	700	730	91
9971	カウボーイ	600	610	600	600	28
9972	アルテック	1541	1541	1450	1509	23.5
9973	小僧本部	1190	1190	1170	1190	5
9974	ベルク	0	0	0	0	0
9975	マルヤ	3210	3210	3210	3210	2
9976	セキチュー	460	460	451	451	7
9977	アオキスーパ	0	0	0	0	0
9978	文教堂	3500	3500	3450	3500	19
9979	大庄	870	870	861	861	21
9980	マルコ	1060	1060	1030	1030	7.2
9981	ニック産業	540	540	540	540	1
9982	タキヒヨー	535	535	535	535	1
9983	ファストリ	32200	32700	31000	31000	208.3
9984	ソフトバンク	144000	148000	134000	139000	1166.6
9985	榮太郎	820	850	820	850	6
9986	蔵王産業	369	369	369	369	1
9987	スズケン	3070	3180	3070	3130	21.2
9988	神港魚類	480	480	480	480	4
9989	サンドラッグ	6000	6220	6000	6200	4.5
9990	東京デリカ	520	520	520	520	6
9991	ジェコス	350	350	345	346	32.5
9992	理研グリン	256	270	255	270	7
9993	ヤマザワ	0	0	0	0	0
9994	やまや	780	780	740	740	4.6
9995	イーストン	920	920	860	880	20
9996	サトー商会	641	641	641	641	1
9997	ベルーナ	3210	3210	3020	3020	74
