20000821
1001	日経２２５	16250	16257	15946	16040	42.219
1002	ＴＯＰＩＸ	1485	1485	1467	1473	42.219
1301	極洋	144	144	142	143	119
1319	日経300F	282	287	282	286	154
1331	ニチロ	169	170	166	167	148
1332	日水	189	191	183	190	776
1333	マルハ	138	140	135	135	1220
1351	宝幸水産	78	79	76	78	67
1352	ホウスイ	92	93	92	93	32
1376	カネコ種	820	820	800	800	7
1377	サカタタネ	2155	2175	2155	2170	38.4
1378	雪国まいたけ	700	700	700	700	3
1379	ホクト	3350	3350	3260	3260	10.3
1380	秋川牧園	0	0	0	0	0
1491	中外鉱	257	259	250	252	1794
1501	三井鉱山	97	98	96	96	172
1503	住友炭	79	80	79	79	213
1515	日鉄鉱	242	245	241	243	9
1518	三井松島	185	188	182	182	136
1601	帝石	369	371	362	366	216
1603	アラビア石油	352	353	339	339	301.9
1661	ガス開	446	449	446	449	34
1701	昭和鉱	309	309	300	305	144
1702	共立マテリア	0	0	0	0	0
1735	伊田テクノス	0	0	0	0	0
1736	オーテック	320	320	315	315	4
1737	三井エンジ	375	375	375	375	1
1738	ＮＩＴＴＯＨ	0	0	0	0	0
1739	ＳＥＥＤ	0	0	0	0	0
1740	極東工業	374	374	366	366	3
1741	ミサワサンイ	750	750	750	750	1
1742	セコムテクノ	2760	2760	2700	2700	8
1743	コーアツ工業	501	501	501	501	1
1744	キョーエイ	530	530	530	530	1
1745	ミサワホーム東海	0	0	0	0	0
1746	光和建設	0	0	0	0	0
1748	ミサワ北日	0	0	0	0	0
1750	カナック	400	400	400	400	1
1751	日立プラサ	0	0	0	0	0
1752	富士通シス	1300	1300	1280	1300	7
1753	土屋ツバイ	0	0	0	0	0
1754	東新住建	800	800	800	800	2
1755	JFE工建	370	380	348	348	29
1756	和興エンジ	245	250	245	250	4
1757	千年の杜	295	295	295	295	10
1758	太洋基礎	500	500	495	495	4
1759	ジオトップ	260	260	260	260	6
1762	高松建設	1301	1301	1301	1301	0.5
1763	北陸ミサワ	0	0	0	0	0
1764	工藤建設	276	276	276	276	2
1765	イビデンテック	0	0	0	0	0
1766	東建コーポ	1390	1400	1360	1360	4
1767	沖ウィン	0	0	0	0	0
1768	ソネック	0	0	0	0	0
1770	藤田エンジ	750	750	740	740	3
1772	東北エンタープライズ	230	230	225	225	3
1774	機動建	214	214	214	214	3
1775	富士電Ｅ＆Ｃ	227	230	227	230	7
1776	三井住建道路	102	102	102	102	3
1777	川崎設備	349	349	349	349	15
1778	古河総設	0	0	0	0	0
1779	松本建工	410	410	410	410	1
1780	ヤマウラ	367	367	367	367	0.5
1781	国土総合	0	0	0	0	0
1782	常磐開発	0	0	0	0	0
1783	南野建設	80	80	80	80	4
1784	サワコー	402	410	400	400	8.4
1785	ナナボシ	0	0	0	0	0
1786	オリ建	405	414	403	409	13.4
1787	ナカボテック	215	215	212	212	3
1788	三東工業	0	0	0	0	0
1789	山加電業	335	335	335	335	3.3
1790	平和奥田	0	0	0	0	0
1791	三井木材	144	150	144	150	1.5
1792	みらい建設Ｇ	0	0	0	0	0
1793	大本組	580	580	580	580	1
1795	マサル	445	445	445	445	1
1796	トヨタウッド	294	294	269	269	5.7
1797	藤木工務店	385	400	385	400	16
1798	守谷商会	0	0	0	0	0
1799	第一建設	0	0	0	0	0
1800	利塚地下技術	0	0	0	0	0
1801	大成建	156	157	155	157	378
1802	大林組	440	454	437	437	863
1803	清水建	313	314	307	310	343
1804	佐藤工業	52	52	50	51	273
1805	飛島建	42	43	41	41	134
1806	ACリアル	41	41	37	37	2778
1807	渡辺組	0	0	0	0	0
1808	長谷工	37	38	36	37	1647
1809	富士工	69	70	67	70	24
1810	松井建	312	312	308	308	9
1811	銭高組	256	256	256	256	10
1812	鹿島	340	341	333	337	916
1813	不動建	146	146	142	142	26
1814	大末建	69	70	68	68	61
1815	鉄建	116	117	115	117	88
1816	安藤建	222	230	222	230	25
1817	勝村建	146	147	137	137	23
1818	日産建設	99	99	93	94	15
1819	太平工	152	152	147	147	25
1820	西松建	384	386	377	380	387
1821	三井住友建	70	72	70	71	26
1822	大豊建	162	162	160	160	17
1823	住友建設	87	87	81	82	189
1824	前田建	399	405	396	403	112
1825	環境建設	95	95	91	93	63
1826	佐田建	143	143	141	141	8
1827	ナカノフドー建	89	89	85	88	103
1828	田辺工業	0	0	0	0	0
1829	大和建設	82	87	80	87	16
1830	共栄冷機工業	370	370	370	370	1
1831	積水ハ北陸	670	690	670	690	36
1833	奥村組	380	383	374	378	145
1834	小田急建	240	240	240	240	0.5
1835	東鉄工	215	220	214	220	12
1836	大日本土木	153	153	153	153	2
1837	間組	49	50	48	50	674
1838	古久根建設	97	98	97	98	6
1839	真柄建	155	158	153	158	10
1840	土屋ホーム	290	300	290	295	8.3
1841	サンユ	0	0	0	0	0
1842	昭和テクノ	860	860	860	860	1
1844	大盛工業	135	135	133	133	8
1845	森本組	108	108	108	108	2
1846	鈴縫工	127	127	127	127	20
1847	イチケン	102	103	102	103	7
1848	富士ＰＳ	474	474	474	474	3
1850	南海辰村建	79	79	79	79	1
1851	大木建設	193	198	193	198	6
1852	浅沼組	158	160	158	158	37
1853	森組	0	0	0	0	0
1854	新井組	118	126	118	125	74
1855	東急建設	71	80	69	80	892
1856	ジェイオー建設	0	0	0	0	0
1857	松村組	107	107	106	106	11
1858	井上工	64	67	63	67	24
1860	戸田建	505	505	490	498	503
1861	熊谷組	38	39	37	37	4676
1862	横河工事	360	360	350	350	1
1863	テトラ	215	215	211	211	5
1865	青木あすなろ建	131	132	131	132	3
1866	北野建	239	241	238	238	19
1867	植木組	184	184	175	175	4
1868	三井ホーム	415	415	410	410	43
1869	名工建	0	0	0	0	0
1870	矢作建	365	375	365	375	7
1871	ピーエス三菱	401	401	393	395	3.1
1872	アゼル	314	314	309	312	56
1873	東ハウス	401	403	401	401	48
1874	佐藤秀	0	0	0	0	0
1875	青木マリン	330	330	330	330	1
1877	川田建設	505	510	505	510	2
1878	大東建	1880	1880	1815	1839	64.6
1879	新日本建	0	0	0	0	0
1880	スルガコーポ	0	0	0	0	0
1881	ＮＩＰＰＯ	478	490	472	472	80
1882	東亜道	217	218	215	217	15
1883	前田道	513	514	506	506	29
1884	日道路	163	165	162	162	79
1885	東亜建	148	148	139	139	1298
1886	青木建設	35	36	33	35	832
1888	若築建	126	126	125	126	18
1889	佐伯建	137	137	136	136	3
1890	東洋建	85	87	85	87	22
1892	徳倉建	0	0	0	0	0
1893	五洋建	145	145	140	140	148
1895	大成ロテック	163	164	160	164	11
1896	大林道	281	281	280	280	13
1897	金下建	502	502	502	502	10
1898	世紀東急	84	84	84	84	1
1899	福田組	281	281	281	281	13
1900	白石	360	415	360	415	56
1902	山崎建設	0	0	0	0	0
1904	大成温調	0	0	0	0	0
1905	テノックス	0	0	0	0	0
1906	細田工務	350	350	350	350	1
1907	東北ミサワ	575	575	541	552	39
1908	三平建設	470000	470000	470000	470000	0.001
1909	日本ドライ	294	299	290	299	51.5
1910	フドウ建研	0	0	0	0	0
1911	住友林	801	813	793	800	240
1912	ミサワセラミ	384	384	380	380	2
1913	旭ホームズ	89	89	89	89	2
1914	日基技	500	502	499	502	19.2
1915	東京ミサワホーム	0	0	0	0	0
1916	日成ビルド	165	165	160	165	11
1917	ニッセキハウス	124	126	120	121	241
1919	エスバイエル	260	260	253	258	139
1920	殖産住宅相互	99	99	97	98	634
1921	巴	170	170	169	170	64
1922	大成ユーレック	125	125	124	124	23
1923	ミサワホーム	340	341	336	340	35
1924	パナホーム	717	717	700	700	60
1925	大和ハウス	720	728	705	710	695
1926	ライト	445	447	439	441	37.9
1927	中 部	360	360	360	360	0.2
1928	積ハウス	1073	1108	1068	1108	1865
1929	日特建	196	196	195	195	12
1930	北陸電工	285	286	285	285	20
1931	日本電通	319	319	319	319	2
1932	コミュチュア	475	475	472	472	3
1933	西シス建	219	219	219	219	1
1934	ユアテック	330	335	330	330	136
1935	ＴＴＫ	251	253	251	253	6
1936	シーキューブ	274	274	265	265	10.5
1937	西部電工	0	0	0	0	0
1938	千歳電	0	0	0	0	0
1939	四電工	375	375	370	375	12
1940	つうけん	235	240	235	235	11
1941	中電工	1330	1330	1330	1330	21
1942	関電工	595	599	591	596	502
1943	大明	1008	1018	1005	1005	46
1944	きんでん	679	682	659	662	281
1945	東京エネシス	380	381	378	380	15
1946	トーエネク	401	405	400	405	7
1947	日本コムシス	2110	2110	2060	2065	157
1948	弘電社	385	408	385	408	51
1949	住友電設	557	567	552	567	10
1950	電設工	420	430	415	430	286
1951	協エクシオ	1199	1211	1199	1201	129
1952	新日空調	375	382	370	379	31.5
1953	国際電設	0	0	0	0	0
1954	日工営	237	239	229	230	186
1955	東電通	440	440	438	440	100
1956	日電設	406	410	405	410	9
1957	保安工	230	230	230	230	1
1958	三和エレック	296	304	296	304	6
1959	九電工	440	447	437	445	702
1960	サンテック	380	380	375	376	224
1961	三機工	650	662	650	662	281
1962	エルゴテック	0	0	0	0	0
1963	日揮	534	534	523	526	681
1964	中外炉	368	375	368	375	9
1965	テクノ菱和	551	560	550	550	9.1
1966	高田工	0	0	0	0	0
1967	ヤマト	330	330	320	320	13
1968	太平電	254	256	251	251	32
1969	高砂熱	865	865	841	841	34
1970	日立プラ	295	295	284	288	26
1971	ビルト工	0	0	0	0	0
1972	三晃金	102	104	100	100	24
1973	ＮＥＣシス建	2225	2240	2205	2230	27.1
1974	宮地建設工業	624	624	620	623	5
1975	朝日工	291	291	286	286	27
1976	明星工	138	138	138	138	5
1977	ジェイコス	400	400	400	400	1
1978	アタカ	251	260	249	249	233
1979	大気社	1135	1148	1135	1144	12
1980	ダイダン	505	505	505	505	2
1981	協和日成	0	0	0	0	0
1982	日比谷設	501	509	501	509	12
1983	東芝プラ	260	260	255	255	4
1984	三信建	0	0	0	0	0
1985	大和電設	290	290	290	290	1
1986	日商インター	1060	1080	1020	1020	10.2
1987	ソルコム	265	265	265	265	11
1988	シボンド建	1353	1363	1330	1359	30.2
1989	北陸電話	290	290	290	290	3
1990	東邦建	0	0	0	0	0
1991	都築通技	0	0	0	0	0
1992	神田通機	440	440	440	440	3
1993	ニッタン	0	0	0	0	0
1994	高橋ウォール	350	350	350	350	1
1995	鈴木工務店	166	166	165	165	4
1996	三菱建設	0	0	0	0	0
1997	暁飯島工業	147	147	147	147	2
1998	日本土建	0	0	0	0	0
2001	日本粉	265	265	256	259	131
2002	日清粉	1085	1088	1051	1055	176
2003	日東粉	207	207	207	207	1
2004	昭和産	186	187	184	186	74
2006	東福粉	0	0	0	0	0
2007	富士粉	0	0	0	0	0
2008	増田粉	205	205	205	205	2
2009	鳥越粉	395	395	388	395	5
2051	農産工	188	188	183	185	75
2052	協同飼	118	118	116	118	66
2053	中部飼	580	580	580	580	1
2055	日和産	0	0	0	0	0
2056	日配飼	131	132	128	128	44
2057	雪印種	550	585	540	560	47
2102	台糖	270	275	267	273	9
2107	東洋糖	146	147	146	147	23
2108	甜菜糖	147	147	145	146	113
2109	三井糖	215	218	215	216	22
2111	フジ製糖	0	0	0	0	0
2112	塩水糖	322	322	322	322	4
2113	新光糖	0	0	0	0	0
2114	フジ日本精糖	0	0	0	0	0
2116	日新糖	131	131	131	131	8
2201	森永	241	244	237	244	131
2202	明菓	638	644	627	628	175
2204	中村屋	282	282	282	282	4
2205	駿河屋	108	108	108	108	5
2206	グリコ	658	660	640	645	217
2207	名糖産	1060	1061	1060	1061	2
2208	ブルボン	800	800	800	800	1
2209	井村屋	450	450	450	450	1
2211	不二家	241	246	241	243	79
2212	山パン	905	906	900	905	178
2213	ナガサキヤ	7	7	7	7	29
2215	一パン	289	290	286	290	21
2216	カンロ	0	0	0	0	0
2217	モロゾフ	206	206	203	203	2
2219	タカラブネ	110	110	105	105	39
2220	亀田製菓	521	521	521	521	2
2221	岩塚製菓	0	0	0	0	0
2222	寿製菓	0	0	0	0	0
2224	コモ	1510	1510	1480	1500	4
2261	明乳	484	492	480	482	178
2262	雪印	429	440	429	440	3387
2264	森永乳	299	300	290	292	174
2266	六甲バタ	415	415	379	385	55
2267	ヤクルト	1165	1165	1100	1118	239
2268	サーティワン	720	720	720	720	1
2281	プリマ	146	148	142	144	99
2282	日ハム	1406	1460	1406	1446	421
2284	伊藤ハ	420	420	416	417	74
2286	林兼	173	173	164	168	188
2287	雪印食品	205	205	205	205	2
2288	丸大食	175	177	173	175	132
2289	相模ハム	0	0	0	0	0
2290	米久	1242	1255	1242	1254	7
2291	福留ハ	171	171	171	171	1
2292	ＳＦＯＯＤＳ	987	987	975	975	2
2293	滝沢ハム	850	850	850	850	3
2294	柿安本店	1140	1140	1140	1140	1
2501	サッポロＨＤ	362	365	359	359	178
2502	アサヒ	998	998	987	991	598
2503	キリン	1172	1187	1170	1187	352
2531	宝ＨＤ	2140	2150	2085	2095	650
2533	オエノンＨＤ	245	250	245	248	18
2536	メルシャン	298	299	290	291	91
2538	マルキン忠勇	169	169	160	160	12
2540	養命酒	670	679	670	679	17
2541	ニッカ	290	290	273	273	23
2571	中京コカ	970	975	970	971	6
2572	三国コカ	1200	1200	1181	1187	218
2573	北海コカ	0	0	0	0	0
2575	三笠コカ	730	745	725	745	10.3
2576	近畿コカ	1291	1291	1265	1270	30
2577	富士コカ	925	925	920	920	20
2578	四国コカ	1100	1100	1080	1080	6.1
2579	コカウエスト	3000	3000	2900	2940	68.2
2591	カルピス	497	497	492	494	9
2592	ポッカ	440	440	432	436	41
2593	伊藤園	7900	7900	7800	7900	31.2
2594	キーコーヒー	1395	1400	1380	1400	8.3
2595	キリンビバ	2815	2870	2815	2865	24
2596	キューサイ	2815	2870	2740	2750	8.5
2597	ユニカフェ	2260	2290	2240	2260	13.6
2598	アサヒ飲料	906	912	901	901	21.5
2599	ジャパンＦ	1000	1000	1000	1000	4
2601	ホーネンコーポ	190	190	184	184	77
2602	日清オイリオ	330	337	325	325	107
2604	吉原製油	306	306	292	301	5
2605	熊沢製油	0	0	0	0	0
2607	不二油	885	885	876	884	73
2608	ボーソー	157	157	156	156	2
2611	摂津油	0	0	0	0	0
2612	かどや製油	798	810	798	810	0.4
2650	橘テクトロン	1000	1010	1000	1000	7
2651	ローソン	5800	5800	5660	5790	100
2652	まんだらけ	460000	475000	452000	475000	0.033
2653	イオン九州	750	750	745	745	9
2654	シンワ	370	370	330	330	9
2655	マックス東北	670	700	670	690	8
2656	ベクター	2840000	2840000	2700000	2700000	0.025
2801	キッコマン	775	778	766	766	127
2802	味の素	1182	1199	1162	1199	823
2804	ブルドック	626	626	626	626	4
2805	エスビー	590	590	590	590	3
2806	ユタカフーズ	890	890	890	890	1
2808	サンビシ	0	0	0	0	0
2809	キユーピー	915	916	903	916	222
2810	ハウス食品	1549	1549	1510	1539	121
2811	カゴメ	1150	1162	1150	1162	6
2812	焼津水化	1541	1580	1520	1550	117.5
2813	和弘食品	135	135	135	135	1
2814	佐藤食品	0	0	0	0	0
2815	アリアケ	7110	7190	7110	7140	6.1
2816	ダイショー	750	750	750	750	4
2817	ギャバン	490	490	490	490	1
2830	アヲハタ	849	849	849	849	1
2831	はごろも	1140	1140	1140	1140	1
2871	ニチレイ	395	398	386	391	595
2872	セイヒョー	0	0	0	0	0
2873	加ト吉	2735	2735	2690	2705	31.8
2874	ヨコレイ	719	719	703	703	10
2875	東洋水	1019	1045	1001	1013	63
2876	ＪＣコムサ	0	0	0	0	0
2877	日東ベスト	0	0	0	0	0
2878	赤城水産	445	445	445	445	13
2879	ニチロサンフズ	0	0	0	0	0
2891	酵母工	479	484	478	484	30
2892	日食品	316	316	316	316	5
2893	ローマイヤ	122	122	120	120	6
2894	石井食	265	278	265	278	4
2897	日清食	2860	2890	2830	2875	124.7
2898	ソントン	1001	1001	1001	1001	2
2899	永谷園	880	880	869	869	21
2900	明星食	240	243	240	240	5
2901	石垣食	0	0	0	0	0
2902	太陽化	505	505	505	505	2
2903	シノブフズ	163	163	163	163	1
2904	一正蒲鉾	595	595	595	595	4
2905	オーケー食	140	140	137	137	2
2906	ホッコク	383	398	383	398	5
2907	あじかん	600	600	600	600	2.5
2908	フジッコ	1679	1681	1661	1680	11
2909	トオカツフズ	290	290	290	290	1
2910	Ｒフィールド	5400	5480	5330	5480	11.1
2911	旭松食品	750	750	750	750	1
2912	鐘崎	0	0	0	0	0
2913	フジフーズ	275	279	275	279	14
2914	ＪＴ	848000	860000	840000	852000	0.82
2915	ケンコーマヨ	0	0	0	0	0
2916	仙波糖化	330	330	330	330	3
2917	大森屋	775	785	775	775	10
2918	わらべ日洋	1110	1110	1095	1095	4
2920	ケイビー	0	0	0	0	0
2921	フクシマフズ	0	0	0	0	0
2922	なとり	1170	1200	1160	1180	26
3001	片倉	501	509	501	509	4
3002	グンゼ	380	380	362	365	937
3003	昭栄	1000	1008	1000	1008	2
3004	神栄	165	165	154	154	10
3007	神戸生絲	51	53	51	52	37
3009	川島織	182	189	175	179	1287
3010	上毛	690	690	660	660	9
3011	バナーズ	101	103	101	103	4
3101	東洋紡	212	213	208	212	685
3102	カネボウ	322	325	317	317	875
3103	ユニチカ	72	72	68	68	2108
3104	富士紡Ｈ	68	68	65	65	42
3105	日清紡	483	487	473	475	274
3106	クラボウ	166	166	160	160	259
3107	ダイワボウ	110	111	108	108	29
3109	シキボウ	81	82	80	81	74
3110	日東紡	138	139	130	131	1613
3111	オーミケン	81	81	80	80	38
3113	ＢＳＬ	69	69	66	67	57
3114	同興紡	105	107	105	107	9
3115	テザック	58	58	57	57	65
3116	トヨタ紡織	786	810	786	810	9
3117	興和紡	0	0	0	0	0
3121	アセットイン	0	0	0	0	0
3123	サイボー	0	0	0	0	0
3125	内外綿	61	61	61	61	2
3128	テラボウ	0	0	0	0	0
3129	ファブリカＴ	123	123	123	123	1
3201	日毛	423	424	422	423	22
3202	大東紡	100	101	98	101	30
3203	東亜紡織	90	90	89	89	5
3205	ダイドー	342	343	335	342	82
3206	南海毛糸紡績	95	95	90	90	5
3207	中央毛	170	170	156	160	36
3209	カネヨウ	111	111	111	111	1
3211	太陽毛絲紡	0	0	0	0	0
3216	御幸ＨＤ	428	430	428	430	3
3302	帝繊維	195	195	195	195	5
3304	トスコ	0	0	0	0	0
3306	日本麻	60	60	60	60	3
3401	帝人	416	418	408	415	1570
3402	東レ	389	395	387	392	1293
3403	東邦テナ	112	112	110	110	35
3404	三菱レ	298	299	291	291	532
3405	クラレ	1001	1010	994	1000	494
3407	旭化成	710	710	692	699	972
3408	サカイオーベ	100	102	100	100	52
3409	北日紡	0	0	0	0	0
3411	オートリ	168	168	168	168	5
3420	ケーエフシー	0	0	0	0	0
3421	稲葉製作	1300	1330	1300	1330	2.2
3422	丸順	0	0	0	0	0
3423	エスイー	0	0	0	0	0
3424	ミヤコ	435	435	420	420	9
3425	本郷	660	660	660	660	1
3501	住江織	120	120	116	118	21
3503	東和織	0	0	0	0	0
3512	フエルト	307	307	307	307	8
3513	イチカワ	240	244	239	239	32
3514	バイリーン	257	257	246	246	58
3515	フジコー	455	455	455	455	1
3521	エコナック	91	92	90	91	39
3524	日東網	93	93	92	92	5
3526	芦森工	219	219	212	212	40
3528	グローベルス	165	165	160	161	13
3529	アツギ	102	102	100	100	124
3532	堀田産	63	63	63	63	1
3533	ダイオ化成	660	690	660	690	10
3534	ＮＢＣ	0	0	0	0	0
3551	ダイニック	178	179	174	177	19
3552	洋クロス	237	237	235	236	8
3553	共和レ	450	450	450	450	1
3569	セーレン	427	430	421	423	19
3570	オリカキャピ	145	146	145	146	2
3571	ソトー	535	535	535	535	8
3572	大同マルタ	0	0	0	0	0
3576	カンボウ	0	0	0	0	0
3577	東海染	134	134	134	134	5
3578	倉庫精	0	0	0	0	0
3580	小松精	321	321	320	320	4
3581	岐セン	135	135	135	135	1
3583	オーベクス	0	0	0	0	0
3584	福助	172	173	172	172	5
3585	トムスエンタ	381	425	380	409	318
3587	ＩＢダイワ	170	172	161	172	272
3588	丸山工	0	0	0	0	0
3591	ワコール	925	925	911	919	46
3592	ＣＨＯＹＡ	210	210	210	210	2
3593	ホギメデ	6900	6980	6890	6910	3.8
3594	モリシタ	785	785	785	785	1
3595	ヤギコーポ	355	355	355	355	3
3596	ワールド	3590	3630	3520	3630	35.4
3597	自重堂	0	0	0	0	0
3598	山喜	0	0	0	0	0
3599	コーコス	400	400	400	400	1
3600	フジックス	0	0	0	0	0
3601	ニチメンイン	1480	1480	1460	1461	4
3602	イタリヤード	195	195	190	190	13
3603	チャッコット	555	555	555	555	2
3706	東海パ	439	441	439	441	3
3861	王子紙	705	710	688	698	806
3863	日本製紙	700	708	685	690	1450
3864	三菱紙	245	248	241	242	349
3865	北越紙	900	904	885	890	215
3868	高崎三興	107	109	105	108	157
3869	日本板紙	249	249	248	248	6
3870	日本加工製紙	81	81	81	81	6
3871	大昭和紙	410	410	400	403	27
3872	三島紙	0	0	0	0	0
3877	中越パ	293	298	293	298	73
3878	巴川紙	520	520	512	512	19
3880	大王紙	1058	1092	1058	1075	20
3881	特種紙	415	416	410	410	70
3882	紀州紙	208	208	207	208	23
3886	チューエツ	99	100	99	100	3
3887	中央板紙	109	109	105	105	5
3889	大平製紙	0	0	0	0	0
3890	ゼネＫＫ	615	650	614	650	19
3891	高度紙	1550	1600	1550	1600	12
3941	レンゴー	584	584	577	580	150
3944	古林紙	0	0	0	0	0
3945	スパバッグ	182	182	181	181	9
3946	トーモク	220	221	213	215	63
3947	ダイナパック	469	469	469	469	1
3948	光ビジネス	620	620	605	605	3
3949	日本ハイパック	240	240	240	240	3
3950	ザ・パック	880	880	880	880	1
3951	朝日印刷	0	0	0	0	0
3952	中央紙器	0	0	0	0	0
3953	大村紙業	0	0	0	0	0
3954	昭和パックス	0	0	0	0	0
3955	イムラ封筒	770	770	770	770	1
3971	東セロ	310	310	305	305	6
4003	コープケミ	105	105	101	101	6
4004	昭電工	160	162	155	158	875
4005	住友化学	530	530	516	519	1434
4007	日化成	162	162	160	162	25
4008	住友精化	268	270	268	270	7
4010	三菱化学	377	377	368	371	1579
4021	日産化	780	780	745	748	396
4022	ラサ工	292	292	283	288	160
4023	呉羽化	293	295	289	290	31
4025	多木化	380	390	380	381	39
4026	神島化	0	0	0	0	0
4027	テイカ	267	270	265	267	35
4028	石原産	169	169	165	166	161
4031	チッカリン	366	366	366	366	8
4032	日東バイオン	201	204	200	200	5
4033	日東エフシー	413	413	413	413	4
4041	日曹達	390	391	375	377	230
4042	東ソー	410	412	398	402	870
4043	トクヤマ	650	650	645	648	229
4044	セ硝子	649	649	625	625	596
4045	東合成	241	244	236	238	312
4046	ダイソー	230	232	228	232	26
4047	関電化	498	504	487	492	29
4050	鶴見曹達	470	470	465	470	5
4061	電化	415	422	415	420	864
4062	イビデン	2240	2245	2220	2245	151
4063	信越化	5030	5060	4950	5000	322
4064	カーバイド	132	133	130	130	57
4065	紀文フ	410	410	410	410	6
4077	富士チタン工業	490	490	490	490	1
4078	堺化学	784	784	768	768	60
4079	ハクスイテック	0	0	0	0	0
4080	田中化研	2160	2160	2120	2140	7
4086	日本エア・リキード	544	550	542	550	106
4088	エアウォータ	376	379	370	371	101
4089	大阪酸素工業	244	245	230	237	19
4091	大陽日酸	371	375	369	370	254
4092	日本化	382	382	370	379	144
4093	アセチレン	87	87	87	87	10
4094	日化産	290	290	288	288	4
4095	パーカライ	370	370	365	365	8
4096	昭炭酸	0	0	0	0	0
4097	高圧ガス	325	333	320	331	15
4098	チタン	200	200	183	183	4
4099	四国化	355	360	355	355	6
4100	戸田工	634	634	620	625	32
4101	日興酸素	0	0	0	0	0
4102	丸尾カル	0	0	0	0	0
4103	大陽東洋酸素	209	209	204	205	98
4104	タテホ	242	245	242	245	3
4105	メルテックス	850	860	850	860	4
4106	ケムキャット	1050	1050	1050	1050	1
4107	伊勢化	408	408	406	406	4
4109	ステラケミ	5500	6200	5500	6030	18
4112	保土谷	190	190	180	180	33
4113	田岡化	350	353	350	353	2
4114	日触媒	610	610	580	599	71
4115	本州化	810	810	800	800	4
4116	大日精	388	388	380	385	4
4117	川崎化	147	147	142	142	9
4118	カネカ	1152	1160	1140	1150	156
4119	ピグメント	330	335	330	331	11
4120	スガイ	310	310	310	310	2
4123	山化成	820	820	820	820	1
4151	協発酵	886	889	880	881	431
4182	菱ガス化	350	356	346	350	299
4183	三井化学	553	555	539	544	3120
4185	ＪＳＲ	754	754	737	739	304
4186	東応化	2250	2265	2180	2215	31.9
4187	大有機	580	580	580	580	8
4201	日合成	155	155	151	151	40
4202	ダイセル	299	302	296	302	287
4203	住友ベ	1391	1392	1333	1356	289
4204	積水化	400	400	391	398	370
4205	ゼオン	565	574	561	564	448
4206	アイカ	834	834	805	810	127
4208	宇部興	282	284	277	281	1195
4209	フドー	110	110	110	110	1
4210	東洋化学	475	477	463	468	42
4212	積水樹	385	385	381	381	13
4213	菱樹脂	225	230	220	222	44
4214	高分子	396	399	394	398	90
4215	タキロン	430	430	421	422	55
4216	旭有機	345	345	329	335	43
4217	日立化	2360	2360	2260	2295	117.5
4218	ニチバン	390	390	378	387	24
4219	プラス・テク	105	105	105	105	1
4220	リケンテクノ	333	333	329	331	12
4221	大倉工	392	392	389	390	12
4222	児玉化	76	77	75	76	8
4224	ロンシール	0	0	0	0	0
4225	筒中	343	349	343	343	4
4226	テスコ	0	0	0	0	0
4227	郡是高分子	0	0	0	0	0
4228	積化成	204	204	201	201	14
4229	群栄化	175	177	175	175	20
4231	タイガポリ	550	550	550	550	2
4232	東芝ケミカル	346	350	345	345	9
4233	ワコー	420	420	420	420	1
4234	サンエー化研	820	820	790	800	7
4271	カーリット	812	812	812	812	30
4272	日化薬	615	615	600	607	272
4274	細火工	0	0	0	0	0
4361	川口化	147	147	147	147	1
4362	日精化	433	433	430	430	2
4363	新日鐵化学	199	199	191	194	52
4364	マナック	0	0	0	0	0
4365	松本油脂	2010	2010	2010	2010	2
4366	ダイトーケミ	0	0	0	0	0
4367	広栄化学	0	0	0	0	0
4401	旭電化	830	844	830	841	410
4403	日油脂	258	258	245	246	282
4404	ミヨシ	255	256	251	255	54
4406	日理化	625	625	610	620	78
4409	東邦化	265	265	215	215	22
4410	ハリマ化成	431	431	426	430	4
4452	花王	2930	2930	2900	2930	563
4461	一工薬	362	362	335	357	17
4462	石原薬品	1100	1100	1100	1100	4
4463	日華化学	0	0	0	0	0
4471	三洋化	941	948	931	933	74
4501	三共	2445	2445	2365	2390	391
4502	武田	6470	6480	6390	6450	803
4503	アステラス薬	5150	5150	5020	5080	325
4505	第一製薬	2610	2610	2505	2565	330
4506	大日薬	1380	1399	1380	1392	294
4507	塩野義	1888	1888	1831	1850	159
4508	田辺薬	781	790	762	773	295
4509	三菱ウェルファーマ	845	852	840	841	476
4511	藤沢薬品	3590	3590	3540	3570	417
4512	わかもと	446	451	445	449	6
4514	帝臓器	790	790	790	790	1
4515	萬有製薬	2250	2270	2170	2200	644
4516	日新薬	920	924	920	924	10
4517	ビオフェル	970	970	960	960	6
4518	富山化	506	514	505	509	271
4519	中外薬	1920	1955	1920	1950	1126
4520	和光堂	3300	3300	3130	3130	0.4
4521	科研薬	712	718	706	706	76
4523	エーザイ	3020	3070	3010	3070	342
4524	仁丹	1739	1755	1675	1675	42
4526	理ビタ	1620	1620	1571	1601	19
4527	ロート	1245	1250	1225	1245	151
4528	小野薬	4500	4500	4450	4500	43
4529	日研化	387	393	387	387	31
4530	久光薬	1650	1662	1636	1644	61
4531	有機薬	389	389	389	389	3
4534	持田薬	724	724	700	713	43
4535	大正薬	3460	3460	3380	3390	409
4536	参天薬	2310	2330	2270	2300	213
4537	エスエス	1000	1005	999	1004	22
4538	扶桑薬	615	620	592	620	74
4539	ケミファ	266	268	261	265	28
4540	ツムラ	390	395	390	395	11
4541	日医工	170	173	170	170	14
4542	三笠薬	431	431	430	430	4
4543	テルモ	2950	2995	2900	2915	227
4544	みらかＨＤ	688	698	685	686	128
4545	国際試薬	362	363	360	360	14
4546	北陸製薬	1361	1414	1361	1400	243
4547	キッセイ	2210	2210	2195	2195	48
4548	生化学	1100	1150	1090	1090	15
4549	栄研化	1646	1646	1586	1645	6
4550	日水薬	650	650	602	602	6
4551	鳥居薬	2850	2895	2805	2805	24.5
4552	日本ケミカル	776	776	775	775	26
4553	東和薬品	754	755	745	749	41
4554	富士製薬	370	395	370	380	6
4555	沢井製薬	1340	1340	1340	1340	1
4556	カイノス	1270	1300	1200	1200	9
4557	医学生物	4450	4450	4350	4350	11
4558	中京医薬	0	0	0	0	0
4559	ゼリア新薬	1200	1200	1200	1200	3
4560	キョーリン薬	3960	4050	3960	4050	23
4561	デンカ生研	2100	2130	2100	2130	2
4611	大日塗	177	180	175	175	16
4612	日本ペ	339	341	334	334	113
4613	関西ペ	280	280	278	280	52
4614	トウペ	162	164	161	161	5
4615	神東塗	128	142	128	142	15
4616	川上塗	120	120	117	118	3
4617	中国塗	233	235	228	235	34
4619	日特塗	263	263	260	260	3
4620	藤倉化	408	410	408	410	25
4621	ロック	0	0	0	0	0
4622	ユニペイン	0	0	0	0	0
4623	アサヒペン	290	293	290	290	5
4624	イサム	425	425	425	425	3
4625	アトミクス	0	0	0	0	0
4626	太陽インキ	5910	6100	5910	6030	3
4627	ナトコ	850	865	850	865	3
4628	エスケー化研	0	0	0	0	0
4629	大伸化学	0	0	0	0	0
4631	インキ	400	400	387	393	341
4633	サカタＩＮＸ	282	283	280	283	25
4634	洋インキ	212	215	210	212	106
4635	東インキ	246	246	246	246	2
4636	Ｔ＆Ｋ	2880	2900	2800	2800	2.2
4640	アンドール	605	605	605	605	118
4641	アルプス技	1790	1790	1710	1710	2
4642	オリジナル設	990	990	990	990	1
4643	コナミスポ	8030	8030	7900	7930	6.3
4644	イマジニア	1890	1890	1850	1850	2
4645	市進	250	250	246	246	4
4646	ジャスフォート	1000	1000	951	951	0.8
4649	大成	501	501	501	501	1
4650	スガイエンタ	0	0	0	0	0
4651	サニックス	7050	7070	6910	7070	21.5
4652	ウッドランド	2580	2580	2480	2480	7
4653	ダイオーズ	745	745	745	745	1
4654	ニチゾウテク	0	0	0	0	0
4655	ＮＯＶＡ	585	600	580	600	17
4656	サン・ライフ	3400	3400	3300	3300	0.3
4657	環境管理	0	0	0	0	0
4658	日本空調	0	0	0	0	0
4659	エイジス	0	0	0	0	0
4660	ニッポン放送	6350	6600	6350	6500	26
4661	ＯＬＣ	9920	10050	9800	9890	90.6
4662	フォーカス	4150	4350	4150	4160	19.3
4663	ＡＴＬ	590000	590000	590000	590000	0.002
4664	ＲＳＣ	0	0	0	0	0
4666	パーク２４	12650	12650	12500	12500	2.4
4667	アイサンテク	335	340	335	340	2
4668	明光ネット	360	360	360	360	1
4669	ニッパンＲ	400	420	400	420	11
4670	セタ	0	0	0	0	0
4671	ファルコバ	2200	2200	2200	2200	1
4672	ベルックス	0	0	0	0	0
4673	川崎地質	0	0	0	0	0
4674	クレスコ	9450	9450	9100	9100	1.1
4675	エヌエス環境	0	0	0	0	0
4676	フジテレビ	1610000	1620000	1560000	1590000	6.307
4677	デザイ	0	0	0	0	0
4678	秀英	1300	1300	1300	1300	0.2
4679	田谷	3190	3240	3180	3200	13.3
4680	ラウンドワン	230000	230000	224000	228000	0.211
4681	リゾートトラ	2600	2600	2540	2540	11
4682	電通テック	11500	11500	11300	11400	1.5
4683	堀内カラー	600	600	600	600	1
4684	オービック	51500	51500	50000	50900	2.4
4685	菱友システム	0	0	0	0	0
4686	ジャスト	4700	4990	4610	4900	24.6
4687	ＴＤＣソフト	3650	3700	3650	3700	6
4688	日本ドレーク	13000	13000	12700	12800	3.7
4689	ヤフー	31900000	33100000	31900000	32900000	0.025
4690	日パレット	0	0	0	0	0
4692	アルゴ２１	4640	4640	4450	4480	50.9
4694	ＢＭＬ	3700	3700	3500	3550	12.8
4695	マイスター	550	550	536	536	5
4696	ワタベ	0	0	0	0	0
4697	ゼロ	465000	466000	415000	415000	0.04
4699	ウチダエスコ	0	0	0	0	0
4700	アクセス	6850000	6860000	6850000	6850000	0.014
4701	プレック研	0	0	0	0	0
4702	55ステーション	0	0	0	0	0
4703	住商オート	910	920	895	900	23.4
4704	トレンド	17310	17340	16910	17080	77
4705	クリップ	0	0	0	0	0
4706	富士通サポート	12850	13300	12700	12700	112.7
4707	キタック	0	0	0	0	0
4708	もしもしＨＬ	9600	9980	9600	9900	4.3
4709	ＩＤ	1140	1140	1140	1140	0.1
4710	ウィン	0	0	0	0	0
4711	コミュニティ	1197	1217	1177	1217	2.2
4712	アドアーズ	435	435	435	435	1
4713	日信電サ	1250	1250	1250	1250	6.2
4714	リソー教育	210000	215000	210000	213000	0.009
4715	クリエイティブ	420	420	420	420	3
4716	日本オラクル	30600	30600	29400	30600	56.1
4717	ソデッソジャパン	2060	2060	2060	2060	10
4718	早稲アカ	400	400	400	400	1
4719	アルファシス	14190	14400	14190	14200	9.4
4720	城南進研	510	510	510	510	1
4721	フジスタッフ	2410	2480	2320	2480	8
4722	フューチャー	1700000	1730000	1700000	1720000	0.046
4723	グッドウィル	390000	395000	367000	367000	0.516
4724	シチエ	1050	1050	1000	1030	3.6
4725	ＣＡＣ	6000	6050	5950	6030	6
4726	ソフトバンテク	8000	8000	7800	7800	1.5
4727	アジアＳ総研	2650	2650	2600	2600	1
4728	トーセ	6500	6500	6080	6270	5.1
4729	コナミスタジオ	565000	565000	540000	553000	0.02
4730	関西メンテ	719	719	719	719	1
4731	ユニバホーム	980000	980000	980000	980000	0.001
4732	ＵＳＳ	3460	3500	3460	3500	21
4733	ＯＢＣ	18500	19000	17500	18800	31.7
4734	ビーイング	1140	1210	930	960	67
4735	京進	407	407	407	407	1
4736	日本ラッド	1500	1500	1490	1490	3
4737	シダックス	1280	1370	1280	1330	10.9
4738	日立ビジネス	1939	1940	1930	1940	5.9
4739	ＣＴＣ	18990	19000	18100	18100	91.4
4740	ニューディル	1070000	1090000	1040000	1050000	0.018
4741	ＩＲＩ	6010000	6500000	6010000	6500000	0.005
4742	エイトコン	0	0	0	0	0
4743	アイティフォ	5350	5550	5350	5450	7.8
4744	メッツ	870000	870000	869000	870000	0.009
4745	東京個別	4200	4350	4200	4300	5
4746	東計電算	1170	1170	1130	1160	7
4747	Ｃフィッシュ	0	0	0	0	0
4748	構造計画	0	0	0	0	0
4749	アドバックス	305	310	300	300	9
4750	ダイサン	350	350	350	350	1
4751	サイバエージ	980000	990000	950000	975000	0.013
4752	昭和システム	495	495	495	495	1
4753	ライブドア	2950000	2950000	2910000	2910000	0.003
4754	トスネット	400	400	400	400	1
4755	楽天	3200000	3250000	3000000	3100000	0.424
4756	ＣＣＣ	2500	2500	2320	2320	5
4757	インテリ	2800000	2900000	2610000	2700000	0.071
4758	シーアイエス	10400000	10400000	9900000	9900000	0.007
4759	ライブＭ	2590000	2700000	2590000	2650000	0.013
4760	ＡＬＰＨＡ	612	635	612	620	21
4761	さくらＫＣＳ	901	901	900	900	3
4762	エクスネット	0	0	0	0	0
4763	クリークリバ	1900000	1900000	1900000	1900000	0.001
4764	Ｄデザイン	1520000	1550000	1500000	1500000	0.011
4765	モーニングＳ	4750000	4750000	4750000	4750000	0.002
4766	ピーエイ	1320	1320	1300	1300	9
4767	ＴＯＷ	0	0	0	0	0
4768	大塚商会	7010	7150	6900	7100	53.3
4769	インフォクリ	750	790	710	745	31
4770	エルミック	1500	1500	1500	1500	1
4771	Ｆ＆Ｍ	2300000	2300000	2300000	2300000	0.006
4772	デジタルアド	2000	2100	2000	2020	12
4773	Ａ＆Ｉ	1800	1890	1800	1890	6
4774	NECソフト	13190	13300	13100	13270	54.1
4775	総合メディカ	1870	1870	1780	1830	14.3
4901	富士写	4000	4030	3940	3960	647
4902	コニカＨＤ	948	948	921	946	421
4911	資生堂	1312	1312	1292	1300	556
4912	ライオン	409	409	401	401	109
4913	サンスター	352	364	352	364	16
4914	高砂香	452	459	451	459	60
4915	エイボンＪ	246	246	246	246	5
4916	ノエビア	0	0	0	0	0
4917	マンダム	1520	1530	1510	1530	35.5
4918	アイビー	0	0	0	0	0
4919	ミルボン	7080	7080	6950	6950	13.4
4920	日本色材	0	0	0	0	0
4921	ファンケル	10750	10750	10300	10320	22.4
4922	コーセー	3210	3210	3050	3050	9.6
4951	エステー化	674	674	660	670	5
4953	タイホー工業	0	0	0	0	0
4954	マークテック	380	380	380	380	4
4955	アグロカネシ	735	735	730	730	5
4956	コニシ	1070	1110	1026	1040	5.2
4957	ヤスハラケミ	0	0	0	0	0
4958	長谷川香料	1890	1920	1890	1920	1.9
4959	シーシーアイ	0	0	0	0	0
4960	ケミプロ	396	396	396	396	7
4961	日油技研	735	755	735	755	5
4963	星光ＰＭＣ	572	572	572	572	2
4964	星光化学工業	348	355	348	355	0.2
4965	曽田香料	0	0	0	0	0
4966	上村工	2200	2200	2150	2150	9
4967	小林製薬	7600	7790	7470	7670	68.7
4968	荒川化工	951	951	935	935	3
4970	東洋合成	1540	1590	1500	1550	21
4987	寺岡製	0	0	0	0	0
4989	イハラケミ	228	228	225	226	15
4990	昭和化	0	0	0	0	0
4992	北興化	351	351	335	335	12
4996	クミアイ化	195	195	193	193	30
4997	日農薬	262	277	261	265	442
4998	フマキラ	194	195	193	195	8
4999	セメダイン	0	0	0	0	0
5001	新日本石油	630	630	610	620	2109
5002	昭和シェル	538	539	522	528	229
5006	興亜石油	296	296	291	294	14
5007	コスモ石	202	206	200	204	1146
5008	東亜石	118	119	116	118	97
5009	富士興	80	80	79	79	70
5010	日精蝋	0	0	0	0	0
5011	ニチレキ	494	500	490	492	37
5012	東燃ゼネ石	525	529	521	526	259
5013	ユシロ	556	560	550	550	14
5014	ジャパンエナジー	114	115	108	113	9461
5015	ＢＰカスト	670	670	670	670	5.6
5101	浜ゴム	260	260	249	249	384
5102	大機エンジ	0	0	0	0	0
5103	昭ゴム	216	223	210	215	370
5104	日東化工	112	112	112	112	2
5105	洋ゴム	152	152	150	150	96
5106	オーツタイヤ	208	210	206	208	73
5108	ブリヂストン	1620	1637	1536	1542	7389
5110	住友ゴ	669	670	663	665	231
5121	藤ゴム	205	214	205	211	8
5122	オカモト	274	274	265	274	47
5123	ミサワ東洋	0	0	0	0	0
5142	アキレス	167	167	163	163	39
5143	世界長	155	155	153	153	12
5161	西川ゴム	0	0	0	0	0
5162	朝日ラバー	1150	1180	1150	1160	8.5
5184	ニチリン	0	0	0	0	0
5185	フコク	660	665	660	665	2.5
5186	ニッタ	1225	1225	1190	1218	15.6
5187	クリエート	781	781	781	781	1
5188	帝都ゴム	0	0	0	0	0
5189	桜ゴム	198	198	198	198	1
5191	東海ゴ	1115	1115	1087	1090	63
5192	三星ベ	279	279	277	279	13
5193	平成ポリマー	108	108	107	107	2
5194	相模ゴ	564	580	563	566	7
5195	バンドー	223	223	219	219	83
5196	鬼ゴム	105	105	101	101	17
5199	不二ラテ	171	171	160	160	13
5201	旭硝子	996	996	976	983	1058
5202	板硝子	1931	1955	1895	1901	1300
5204	石塚硝	0	0	0	0	0
5205	日本無機	428	455	420	455	161
5208	有沢製	3300	3300	3000	3250	12.6
5210	日山村硝	181	183	178	183	118
5212	不二硝	0	0	0	0	0
5213	芝セラミ	750	757	735	740	238
5214	日電硝	2150	2190	2085	2085	390
5215	旭テクノグラス	1350	1350	1270	1270	42
5216	倉元	1980	2000	1950	1960	21.5
5217	テクノクオツ	2350	2350	2350	2350	3
5232	住友大阪	545	545	532	532	588
5233	太平洋セメ	181	185	175	177	1360
5234	デイ・シイ	169	169	164	164	2
5237	ノザワ	0	0	0	0	0
5261	ミサワリゾ	264	268	264	268	21
5262	日ヒューム	235	235	230	230	14
5266	テイヒュー	0	0	0	0	0
5267	ハネックス	116	116	116	116	10
5268	旭コン	316	316	315	315	6
5269	日コン	118	118	115	115	11
5271	トヨアサノ	0	0	0	0	0
5272	浅野スレ	143	143	143	143	1
5273	三谷セキ	270	270	270	270	10
5274	ゼニパイプ	0	0	0	0	0
5276	石建工	399	399	399	399	1
5277	スパンクリト	360	360	350	350	2
5278	エバタ	0	0	0	0	0
5279	日本興業	230	230	221	221	2
5280	ヨシコン	579	579	579	579	2
5281	旭ダンケ	0	0	0	0	0
5282	ジオスター	0	0	0	0	0
5283	高見沢	0	0	0	0	0
5284	ヤマウ	370	370	370	370	1
5285	ヤマックス	521	522	510	510	8
5286	武井工業	290	290	290	290	3
5287	イトヨーギョ	0	0	0	0	0
5301	東海カ	280	284	274	274	271
5302	カーボン	114	116	114	116	80
5304	エスイ−シ−	0	0	0	0	0
5331	ノリタケ	492	494	484	489	80
5332	ＴＯＴＯ	870	870	846	852	623
5333	ガイシ	1580	1590	1518	1547	1102
5334	特殊陶	1870	1898	1868	1869	648
5336	INAX	618	618	596	596	102
5337	ダントー	374	380	373	375	65
5338	大トー	220	220	191	191	4
5341	アサヒ陶	0	0	0	0	0
5342	ジャニス	70	70	70	70	1
5343	ニッコー	369	369	369	369	1
5344	ＭＡＲＵＷＡ	3790	3900	3740	3830	67.7
5351	白煉瓦	215	215	210	214	31
5352	黒崎	169	170	166	169	12
5355	ルツボ	140	140	140	140	3
5356	美濃窯	0	0	0	0	0
5357	ヨータイ	200	212	200	212	5
5358	イソライト	0	0	0	0	0
5361	東海熱	690	710	690	700	46
5362	九州耐	0	0	0	0	0
5363	ＴＹＫ	197	199	197	198	18
5367	ニッカトー	915	915	880	900	9
5382	中央商事	0	0	0	0	0
5383	三共理化	0	0	0	0	0
5384	フジミインコ	4600	4640	4500	4640	14.6
5386	鶴弥	680	681	680	681	2
5387	チヨダウーテ	0	0	0	0	0
5388	クニミネ	0	0	0	0	0
5389	日レヂボン	285	285	285	285	5
5390	宇部マテリア	146	148	146	148	11
5391	Ａ＆ＡＭ	166	166	161	161	3
5393	ニチアス	409	416	400	401	221
5395	コランダム	0	0	0	0	0
5397	ＭＩＥテクノ	0	0	0	0	0
5398	日研紙	0	0	0	0	0
5401	新日鉄	202	203	200	202	7894
5403	川崎製鉄	149	153	147	148	4978
5404	日本鋼管	70	70	69	70	2355
5405	住金	69	69	67	69	4447
5406	神戸鋼	68	69	67	68	581
5407	日新鋼	102	102	100	101	1369
5408	中山鋼	150	151	149	149	35
5410	合同鉄	127	127	124	124	162
5423	東京製鉄	503	503	484	490	552.2
5444	大和工	449	449	441	445	79
5445	東京鉄	81	81	80	80	18
5446	北越メ	0	0	0	0	0
5448	東京鋼鉄	0	0	0	0	0
5449	大阪製鉄	444	445	439	445	7.2
5451	淀川鋼	301	301	292	292	127
5453	洋鋼鈑	342	342	333	339	114
5454	日鉄鋼板	207	214	205	207	28
5457	住友鋼管	373	375	366	372	33
5458	高砂鉄	116	117	116	117	6
5461	中部鋼	0	0	0	0	0
5462	日鉄鋼管	130	130	128	128	3
5463	丸一管	1450	1450	1410	1436	140
5464	モリ工	244	244	240	240	7
5471	大同特鋼	281	282	275	275	1090
5476	高周波	110	110	106	106	230
5479	日金工	84	86	84	86	59
5480	冶金工	74	74	72	72	164
5481	山陽鋼	179	180	170	173	156
5482	愛知鋼	315	320	314	318	61
5484	東北鋼	0	0	0	0	0
5486	日立金	800	803	786	792	260
5491	日金属	110	110	108	110	24
5541	大平金	265	267	261	267	362
5542	報国鉄	0	0	0	0	0
5562	日本重化学	148	150	144	145	707
5563	日本電工	170	174	170	174	33
5566	中央電	0	0	0	0	0
5602	栗本鉄	260	263	260	263	61
5603	虹技	119	119	111	111	2
5605	自動鋳	75	75	75	75	20
5606	旭テック	170	171	165	171	32
5607	中可鍛	310	310	310	310	1
5608	川口金	236	236	231	231	12
5609	日鋳造	99	99	92	92	10
5610	大和重	140	140	140	140	2
5612	鋳鉄管	216	219	210	213	12
5613	日本カタン	300	300	300	300	1
5631	日製鋼	124	124	118	119	180
5632	菱製鋼	96	96	93	95	567
5633	関東特殊製鋼	85	85	80	80	40
5641	ＴＤＦ	384	384	337	350	65
5642	日本鍛工	48	52	48	52	18
5644	メタルアート	111	111	111	111	1
5645	イチタン	0	0	0	0	0
5657	鈴木金	153	153	153	153	4
5658	日亜鋼	385	385	379	379	14
5659	日精線	254	254	240	240	15
5660	神鋼線	76	77	76	77	12
5691	東京シヤリング	87	90	87	90	11
5694	大和綱帯	0	0	0	0	0
5695	パウダテック	0	0	0	0	0
5696	川鉄鋼板	120	120	120	120	1
5697	サンユウ	380	380	380	380	1
5701	日軽金	96	96	94	94	708
5702	大紀ア	180	180	176	176	16
5706	三井金	841	841	790	792	1659
5707	東邦鉛	213	218	205	205	828
5711	三菱マ	353	355	348	349	3471
5713	住友鉱	516	534	512	534	7161
5714	同和鉱	309	309	300	305	692
5715	古河機金	255	258	248	251	648
5716	日鉱金属	577	579	571	577	167
5721	Ｓサイエンス	790	800	776	799	297
5727	邦チタ	470	470	470	470	4
5728	アライドマテリアル	961	980	961	980	2
5729	日精鉱	302	315	300	315	5
5734	昭和アルミ	141	141	136	137	84
5738	住軽金	90	93	90	90	53
5739	日製箔	175	175	175	175	1
5740	九州不二サッシ	210	210	210	210	1
5753	日伸銅	78	78	77	77	6
5756	東海アルミ箔	71	74	70	73	65
5757	サンエツ	615	615	615	615	1
5771	菱伸銅	395	410	385	410	426
5781	東邦金	192	192	188	190	21
5801	古河電	3490	3500	3410	3420	4771
5802	住友電	1830	1838	1801	1823	673
5803	フジクラ	780	783	753	756	694
5804	菱線工	342	342	328	330	659
5805	昭電線	292	292	281	284	617
5807	東特線	351	351	340	340	5
5808	理研線	299	299	284	284	4
5809	タツタ	197	197	187	188	41
5810	第一電工	130	130	126	127	48
5811	トヨ電線	0	0	0	0	0
5812	日立線	1708	1715	1630	1657	1006
5813	花島電線	0	0	0	0	0
5815	沖電線	305	310	305	305	11
5816	オーナンバ	229	229	229	229	1
5817	日電線	0	0	0	0	0
5818	東日京三電線	409	409	400	400	5
5819	カナレ電気	1770	1790	1770	1770	1.2
5820	三ッ星	0	0	0	0	0
5851	リョービ	180	183	177	179	168
5852	アーレスティ	384	384	359	359	5
5853	京都ダイカスト	147	147	147	147	1
5854	東京理化工	106	106	106	106	1
5855	アサヒプリテ	0	0	0	0	0
5900	ダイケン	440	440	435	435	2
5901	洋カン	1770	1799	1744	1751	146
5902	北カン	310	310	296	300	38
5903	シンポ	690	690	670	675	5
5904	アルコアシステム	530	530	530	530	1
5905	日カン	192	192	192	192	5
5906	エムケー精工	0	0	0	0	0
5907	ＪＦＥコンテ	144	144	144	144	3
5908	日鉄ドラム	0	0	0	0	0
5909	コロナ	951	951	951	951	0.4
5910	立山アルミ	260	260	260	260	2
5911	横河ブ	489	490	481	489	62
5912	日本橋	142	145	138	138	5
5913	松尾橋	226	226	225	226	15
5914	宮地鐵工所	191	195	191	195	34
5915	駒井鉄	297	298	297	298	12
5916	ハルテック	237	237	237	237	5
5917	サクラダ	110	110	106	109	8
5918	滝上工	365	365	362	365	9
5919	日鉄塔	355	355	355	355	5
5920	鈴木シャ	182	182	180	180	2
5921	川岸工	280	280	280	280	2
5922	那須鉄	190	190	190	190	2
5923	高田機	463	463	459	460	11
5925	酒井鉄工所	125	126	125	126	2
5926	安治川鉄工	108	110	108	110	2
5927	ホリー	110	111	110	111	4
5928	アルメタクス	222	222	221	221	2
5929	三和シャタ	345	345	335	337	95
5930	文化シヤタ	235	236	234	234	41
5931	川田工	213	213	208	208	32
5932	三協アルミ	91	92	90	91	76
5933	アルインコ	216	218	216	218	12
5934	日本ア	0	0	0	0	0
5935	元旦	0	0	0	0	0
5936	洋シヤタ	93	95	92	93	30
5937	洋エクス	668	668	655	665	30
5938	住生活Ｇ	1435	1445	1426	1436	221
5939	大谷工業	0	0	0	0	0
5940	不二サッシ	124	125	124	124	8.8
5941	中西製	0	0	0	0	0
5942	フイルコン	320	320	320	320	4
5943	ノーリツ	1218	1218	1172	1177	14
5944	日立粉末	1098	1098	1070	1070	10
5945	天竜製鋸	0	0	0	0	0
5946	長府製	1296	1297	1286	1291	20.6
5947	リンナイ	2210	2230	2200	2220	44.5
5949	ユニプレス	0	0	0	0	0
5950	パワーファス	125	126	125	125	8
5951	ダイニチ工業	281	281	280	280	2.2
5952	アマテイ	91	91	91	91	1
5954	トープラ	0	0	0	0	0
5955	ヤマシナ	165	169	160	163	170
5956	トーソー	0	0	0	0	0
5957	日東精	216	216	205	214	42
5958	三洋工	573	580	570	580	36
5959	岡部	308	328	308	325	10
5961	トーカロ	750	750	750	750	1.2
5962	浅香工	225	225	225	225	7
5963	日立ツール	655	678	651	673	115.5
5964	洋刃物	120	120	120	120	2
5965	フジマック	0	0	0	0	0
5966	ＫＴＣ	301	307	301	302	14
5967	前田金	0	0	0	0	0
5969	ロブテックス	145	145	145	145	5
5970	菊池プレス	0	0	0	0	0
5971	共和工業	290	290	285	285	7
5972	日本建鐵	262	265	262	265	4.5
5973	トーアミ	499	499	499	499	2
5974	中国工	168	168	165	168	33
5975	東プレ	329	330	327	327	49
5976	ネツレン	300	300	293	295	58
5977	コマツ電子	1110	1110	1050	1110	42
5979	カネソウ	460	460	460	460	4
5980	田中亜鉛	200	205	200	200	9
5981	東京綱	132	134	131	133	87
5982	マルゼン	0	0	0	0	0
5983	イワブチ	0	0	0	0	0
5984	兼房	500	500	500	500	2
5985	サンコール	373	373	360	361	7
5986	モリテック	264	264	260	260	11
5987	オーネックス	0	0	0	0	0
5988	パイオラクス	689	689	685	685	8
5989	ヒラタ	395	395	395	395	1
5990	スーパツール	0	0	0	0	0
5991	ニッパツ	431	434	414	420	107
5992	中央発條	370	373	368	373	7
5993	知多鋼	0	0	0	0	0
5994	ファインＳ	317	317	317	317	1
5995	科学冶金	0	0	0	0	0
5996	新立川	0	0	0	0	0
5997	協立エアテク	500	500	497	497	1.4
5998	アドバネクス	306	310	295	300	17
5999	イハラサイエ	350	350	350	350	5
6005	三浦工	1341	1390	1340	1390	113
6011	新潟鉄工所	82	84	81	81	1078
6013	タクマ	829	830	806	810	149
6016	神発動	0	0	0	0	0
6018	阪神燃	0	0	0	0	0
6020	神鋼造機	86	86	86	86	1
6021	ロビン	230	230	230	230	1
6022	赤阪鉄	95	95	95	95	4
6023	ダイハツデ	170	170	170	170	11
6041	ボッシュ	147	147	142	144	132
6042	ニッキ	0	0	0	0	0
6101	ツガミ	450	454	443	447	228
6102	池貝	150	150	143	148	47
6103	オークマ	447	448	430	430	177
6104	東芝機	417	425	415	416	939
6106	日立精機	207	209	205	208	74
6107	アマダマシ	311	314	295	303	195
6111	旭精機	0	0	0	0	0
6112	小島鉄	165	170	165	170	6
6113	アマダ	941	950	936	950	742
6114	住倉工業	215	215	200	210	59
6118	アイダ	577	590	545	590	133
6119	ゼィープラス	290	295	290	295	11
6121	滝澤鉄	91	91	90	90	4
6125	岡本工	138	138	135	138	12
6126	大ダイヤ	175	175	172	175	11
6130	日平トヤマ	293	307	288	298	842
6131	浜井産	138	141	138	141	4
6134	富機製	4200	4240	4180	4190	59.5
6135	牧野フ	918	918	903	904	117
6136	ＯＳＧ	694	694	667	694	113
6137	小池工	147	147	147	147	4
6138	ダイジェト	184	200	184	190	54
6139	東芝タンガロイ	758	763	730	737	118
6140	旭ダイヤ	632	632	625	627	18
6141	森精機	1450	1460	1430	1440	119
6142	富士精	0	0	0	0	0
6143	ソディック	850	850	820	830	113
6144	西部電機	0	0	0	0	0
6145	日特エンジ	2380	2380	2320	2350	95
6146	ディスコ	17670	17850	17300	17300	82.3
6147	ヤマザキ	0	0	0	0	0
6148	UHT	2350	2350	2350	2350	1
6149	小田原エンジ	650	650	650	650	0.5
6150	タケダ機械	0	0	0	0	0
6151	日東工器	2800	2810	2795	2810	9.6
6201	豊田織	2480	2480	2440	2440	71
6203	豊和工	156	156	150	153	150
6204	キリウ	178	179	178	179	3
6205	ＯＫＫ	158	159	156	156	22
6206	豊田工	966	971	961	966	137
6208	石川製	122	123	120	121	25
6210	東洋機械	488	488	487	487	3
6211	倉敷機	95	95	95	95	1
6212	帝人製機	270	270	255	255	21
6213	ＯＭ製	156	156	151	151	8
6214	大隈豊和機械	211	214	209	214	7
6216	寿工業	120	120	120	120	1
6217	津田駒	180	180	172	172	13
6218	エンシュウ	209	209	204	205	68
6221	大東製機	285	285	285	285	1
6222	島精機	2410	2450	2400	2450	1.6
6242	スピンドル	250	250	246	246	24
6245	ヒラノテク	299	309	299	300	3
6246	井上金	0	0	0	0	0
6247	日阪製	518	518	510	510	9
6271	ニッセイ	871	871	871	871	1
6272	レオン	399	399	393	393	3
6273	ＳＭＣ	19490	19600	19350	19480	77.4
6274	新川	5090	5150	4840	4850	166.9
6275	イセキ開発工	97	103	97	103	4
6276	ナビタス	710	725	710	725	11
6277	ホソミクロン	740	740	730	740	15
6278	ユニオンツル	9710	9930	9660	9830	54.2
6279	瑞光	1242	1260	1240	1240	4.3
6280	名機製	1110	1120	1110	1120	2
6281	前田製作	0	0	0	0	0
6282	オイレス	1960	1960	1902	1950	6.4
6283	オリイメック	380	380	370	370	7
6284	ＡＳＢ機械	425	425	425	425	1
6286	静甲	630	652	630	652	2
6287	サトー	2650	2750	2650	2695	10.4
6288	ハマダ印刷機	200	200	200	200	1
6289	技研製	312	313	312	313	3
6290	ＳＥＳ	1540	1540	1450	1460	87
6291	エアーテック	951	951	930	935	7
6292	カワタ	810	840	810	817	67
6293	日精樹脂	1370	1400	1310	1310	21
6294	オカアイヨン	0	0	0	0	0
6295	富士変速	0	0	0	0	0
6296	ロキテクノ	1510	1590	1510	1550	63
6297	鉱研工業	310	310	306	306	0.4
6298	ワイエイシイ	1950	1950	1910	1920	5
6299	神鋼環境Ｓ	0	0	0	0	0
6300	アピクヤマダ	1170	1170	1140	1140	9
6301	コマツ	696	698	660	685	1044
6302	住友機	264	271	264	269	3343
6303	ササクラ	0	0	0	0	0
6304	マキ製作所	540	540	540	540	2
6305	日立建機	492	493	485	493	82
6306	日工	260	260	260	260	2
6307	サンセイ	93	93	93	93	40
6309	巴工業	840	840	840	840	6
6310	井関農	90	91	89	91	85
6311	セイレイ工業	252	252	251	252	11
6312	フロイント	0	0	0	0	0
6313	共立	143	144	143	144	14
6314	石井工研	1260	1260	1230	1230	1.3
6315	ＴＯＷＡ	4450	4490	4280	4340	62.6
6316	丸山製	152	153	150	153	15
6317	北川鉄	149	149	147	149	33
6319	シンニッタン	241	241	231	231	33
6320	新ダイワ	277	277	277	277	1
6321	石搬機	366	368	362	362	16
6322	タクミナ	0	0	0	0	0
6323	ローツェ	4500	4600	4500	4550	10
6324	ハーモニック	2690000	2750000	2690000	2750000	0.023
6325	タカキタ	0	0	0	0	0
6326	クボタ	352	354	341	343	749
6327	北川精機	510	519	495	500	9
6328	荏原実業	1520	1520	1520	1520	1
6329	ＨＥＣ	425	425	425	425	7
6330	東洋エンジ	100	101	100	101	97
6331	化工機	221	222	217	222	25
6332	月島機	634	639	630	639	19
6333	帝国電	0	0	0	0	0
6334	明治機	201	204	198	199	135
6335	東京機	415	419	415	419	13
6336	石井表記	2860	2895	2850	2895	2.8
6337	テセック	5100	5100	5100	5100	1
6338	タカトリ	0	0	0	0	0
6339	新東工	304	307	302	307	19
6340	渋谷工	844	844	842	842	2
6341	日立造船富岡	0	0	0	0	0
6342	太平製	90	95	90	95	3
6343	フリージア	68	68	64	64	2
6345	アイチコーポ	201	203	201	202	15.1
6346	菊川鉄	0	0	0	0	0
6347	プラコー	110	110	110	110	2
6348	日本マリンテクノ	0	0	0	0	0
6349	小森	1750	1750	1708	1708	84
6350	新日本造機	140	140	140	140	4
6351	鶴見製	525	525	510	510	7
6352	トヨコケン	117	117	117	117	2
6354	日立機電	415	415	415	415	2
6355	住友精	400	401	395	397	40
6356	日ギア	0	0	0	0	0
6357	三精輸	333	333	330	330	6
6358	酒井重	238	239	236	236	14
6359	粟村製作所	152	152	152	152	4
6360	東自機	300	300	300	300	3
6361	荏原	1484	1504	1483	1498	620
6362	石井鉄	199	199	195	195	4
6363	酉島	540	540	530	540	7
6364	北越工	160	160	158	158	12
6365	電業社	0	0	0	0	0
6366	千代建	96	99	90	90	1023
6367	ダイキン	2120	2160	2095	2140	339
6368	オルガノ	550	550	524	538	105
6369	トヨカネツ	108	109	106	106	104
6370	栗田工	2000	2020	1992	2020	87
6371	椿本チ	454	460	449	450	50
6372	セイサ	0	0	0	0	0
6373	大同工	265	269	265	269	7
6374	ＴＣＭ	365	365	352	355	60
6375	コンベヤ	108	109	105	106	47
6376	日機装	602	610	596	598	29
6377	甲陽建設	244	254	244	250	21
6378	木村化	275	277	261	268	102
6379	新興プラン	105	107	105	107	6
6380	オリチェン	107	108	103	106	4
6381	アネスト岩田	177	177	171	176	6
6382	トリニ工	236	236	236	236	2
6383	ダイフク	1130	1144	1130	1137	83
6386	扶桑レクセ	1440	1440	1420	1439	7
6388	ミサワバン	286	286	271	279	51
6389	内田油圧	70	70	70	70	2
6390	加藤製	158	161	158	161	5
6391	加地テック	165	165	160	160	7
6392	ヤマダコーポ	150	150	150	150	2
6393	油研工	135	135	135	135	23
6394	大江工業	135	135	135	135	1
6395	タダノ	200	200	195	196	31
6396	宇野鉄	0	0	0	0	0
6397	郷鉄工	0	0	0	0	0
6398	日本電産シンポ	940	1020	940	1020	13
6403	水道機	311	311	311	311	1
6406	フジテック	1049	1049	1030	1042	56
6407	シーケーディ	1050	1050	1021	1031	23
6408	クラッチ	860	860	860	860	1
6409	キトー	330	330	310	310	7
6411	中野冷	0	0	0	0	0
6412	平和	2210	2230	2150	2200	20.3
6413	理想科学	2390	2390	2350	2350	4
6414	川重冷熱	0	0	0	0	0
6415	ニスカ	0	0	0	0	0
6416	桂川電機	0	0	0	0	0
6417	ＳＡＮＫＹＯ	4220	4260	4100	4120	44.5
6418	日金銭	1680	1680	1679	1679	2
6419	マース	3250	3250	3200	3200	15.4
6420	福島工業	643	643	643	643	0.5
6421	キヤノンＦ	1170	1170	1150	1155	15
6422	キヤノン化成	1130	1170	1130	1160	35
6423	アビリット	5050	5050	4970	4990	33.5
6424	高見サイ	451	451	451	451	1
6425	アルゼ	7400	7450	7300	7300	24.1
6426	サミー	3900	3970	3900	3950	9.2
6427	東北リコー	1000	1000	970	1000	6
6431	キャノンＮＴＣ	342	342	342	342	2
6436	アマノ	1102	1103	1083	1103	44
6437	三条機	0	0	0	0	0
6439	中日鋳	0	0	0	0	0
6440	ＪＵＫＩ	400	401	388	393	190
6442	コピア	414	420	410	420	8
6443	東洋製	150	150	140	140	10
6444	サンデン	662	669	660	669	161
6445	蛇の目	101	101	100	101	32
6448	ブラザー	245	246	232	232	1987
6453	シルバ精	196	200	195	196	153
6454	マックス	1349	1349	1314	1320	95
6455	モリタ	302	307	302	307	8
6457	グローリー	1911	1941	1855	1885	12
6458	新晃工	225	225	220	225	10
6459	大和冷	375	375	355	362	58
6461	日ピス	110	110	108	109	73
6462	リケン	228	228	222	222	37
6463	ＴＰＲ	300	300	281	283	7
6466	トウアバルブ	105000	106000	105000	106000	0.004
6467	ニチダイ	585	585	585	585	1
6468	駿河精機	5890	5890	5400	5700	80
6469	放電精密	805	805	805	805	3
6470	大豊工業	950	950	930	950	11.4
6471	日精工	830	849	823	824	2090
6472	ＮＴＮ	431	442	425	430	477
6473	光洋精	847	871	831	835	155
6474	不二越	190	193	185	185	197
6475	天辻	1049	1049	1049	1049	2
6476	富士テクニカ	430	430	430	430	1
6477	ツバキ・ナカ	1400	1401	1380	1381	16
6478	ダイベア	0	0	0	0	0
6479	ミネベア	1275	1294	1220	1246	1328
6480	トムソン	1395	1410	1388	1399	124
6481	ＴＨＫ	4970	4970	4900	4940	48.2
6482	ユーシン精機	7800	7840	7730	7840	13
6483	川重防災	0	0	0	0	0
6484	ＫＶＫ	0	0	0	0	0
6485	前沢給装	669	670	669	670	3
6486	イーグル工	336	336	321	331	18
6487	積水工機	0	0	0	0	0
6488	ヨシタケ	285	285	285	285	1
6489	前沢工業	950	964	920	940	23.5
6490	ピラー	920	930	920	930	32
6492	岡野バ	142	142	142	142	2
6493	日鍛バ	203	203	201	203	8
6494	ファネス	320	330	310	310	11
6495	宮入バ	85	86	85	86	12
6496	中北製	196	196	196	196	3
6497	ハマイ	490	490	490	490	1
6498	キッツ	199	200	195	196	141
6499	大隈エンジニア	217	219	212	219	10
6501	日立	1253	1261	1240	1259	6317
6502	東芝	1050	1051	1030	1034	10606
6503	三菱電	920	928	910	911	5734
6504	富士電機ＨＤ	410	420	410	420	705
6505	東洋電	148	148	146	146	41
6506	安川電	1190	1199	1176	1176	212
6507	神鋼電	242	242	233	235	230
6508	明電舎	215	265	215	260	4315
6513	オリジン	920	922	912	920	69
6516	山洋電	460	474	460	461	41
6517	デンヨー	710	710	690	700	17
6518	三相電機	670	670	650	650	5
6581	日立工	380	380	360	363	275
6584	三桜工	571	585	560	560	23
6585	サーボ	300	300	283	283	7
6586	マキタ	900	910	890	899	136
6587	松下精工	449	449	441	449	27
6588	東芝テック	481	482	475	479	163
6590	芝浦	1093	1093	1060	1061	42
6591	西芝電	170	180	170	180	53
6592	マブチ	13700	13740	13410	13500	22.3
6593	ローヤル電	420	420	420	420	1
6594	日電産	9200	9300	9000	9300	22
6621	高岳	171	172	170	172	41
6622	ダイヘン	205	206	203	203	75
6623	愛電機	225	225	225	225	3
6624	田淵電	225	225	225	225	2
6641	日新電	315	315	305	309	79
6643	戸上電	0	0	0	0	0
6644	大崎電	610	621	610	621	7
6645	オムロン	2720	2725	2680	2720	151
6646	エナジーサポ	382	382	382	382	10
6647	森尾電	135	135	135	135	12
6648	かわでん	73	74	70	70	42
6650	春日電	146	147	145	145	7
6651	日東工	795	798	785	786	26
6652	和泉電	1370	1381	1352	1355	17.5
6654	不二電機	670	670	665	670	19
6655	東洋電機	0	0	0	0	0
6701	ＮＥＣ	2995	3040	2980	2995	4113
6702	富士通	3180	3200	3140	3170	3290
6703	沖電気	730	747	728	735	657
6704	岩崎通	280	280	272	277	33
6705	ＮＥＣインフ	538	545	532	544	117
6706	電気興	1071	1074	1056	1068	58
6707	サンケン	821	829	809	812	170
6708	東洋通	1278	1280	1255	1255	155
6709	明星電	148	148	147	148	6
6710	大興電機製作	195	195	195	195	9
6711	高見澤電機	230	230	205	205	6
6712	田村電機製作	285	296	283	296	91
6714	神田通信工業	0	0	0	0	0
6715	ナカヨ通	280	280	278	278	6
6716	中央無	0	0	0	0	0
6717	富士通アクセ	2025	2060	2020	2060	24.8
6718	アイホン	1295	1295	1271	1290	5.6
6741	信号	476	477	465	475	54
6742	京三	244	244	241	241	11
6743	大同信	0	0	0	0	0
6744	能美防災	444	444	430	435	75
6745	ホーチキ	310	310	306	306	51
6747	小糸工	314	314	314	314	4
6748	星和電	505	505	505	505	2
6749	マスプロ	1200	1200	1190	1193	4.3
6751	日無線	1050	1060	1040	1045	97
6752	松下	2885	2915	2870	2895	2126
6753	シャープ	1584	1610	1583	1594	1961
6754	アンリツ	2840	2840	2735	2765	283
6755	富士通ゼ	750	754	730	735	35
6756	日立国際	1146	1164	1137	1137	171
6758	ソニー	10500	10570	10320	10430	925.2
6759	ＮＥＣトーキ	995	1010	986	986	90
6761	アイワ	1623	1648	1600	1627	114.4
6762	ＴＤＫ	14780	14850	14470	14850	461.5
6763	帝通工	369	369	360	360	21
6764	三洋電	910	938	900	938	4385
6765	ケンウッド	445	454	440	440	178
6766	宮越商	48	50	48	48	25
6767	ミツミ	3910	3950	3710	3790	201
6768	タムラ	495	500	493	495	76
6770	アルプス	2320	2325	2220	2255	754
6771	池上通	330	335	326	328	19
6772	コスモス	153	153	153	153	2
6773	パイオニア	3940	3960	3790	3830	381
6775	東和メクス	142	144	139	139	33
6776	天昇電	163	175	163	175	2
6779	日電波	4710	4710	4650	4700	89.6
6780	日立電子	489	510	489	505	69
6781	松下通信工業	12700	12900	12660	12800	240.1
6782	九州松下電器	1193	1193	1180	1190	91
6783	松下寿電子	1850	1865	1805	1825	128
6791	コロムビア	187	187	182	182	24
6792	ビクター	945	945	912	922	83
6793	山水電	16	17	16	16	465
6794	フォスター	795	805	777	777	11
6796	クラリオン	394	399	391	399	605
6798	ＳＭＫ	870	870	857	861	96
6799	日本マランツ	214	214	214	214	3
6800	ヨコオ	2440	2470	2370	2370	101.5
6801	東光	699	700	690	690	106
6802	赤井電機	19	19	18	19	935
6803	ティアック	390	399	385	399	32
6804	ホシデン	3490	3490	3350	3470	139
6805	八木アン	580	600	580	590	13
6806	ヒロセ電	14880	14900	14500	14760	30
6807	航空電子	730	770	727	749	319
6808	シントム	75	77	72	74	621
6809	ＴＯＡ	360	365	360	365	28
6810	マクセル	2715	2790	2600	2615	183
6811	クオンツ	525	597	525	597	276
6812	ジャルコ	505	505	500	500	7
6813	ナカミチ	105	106	102	102	163
6814	古野電	398	398	398	398	2
6815	ユニデン	656	666	650	653	198
6816	アルパイン	1788	1800	1778	1800	36
6817	スミダコーポ	5360	5360	5200	5220	5.6
6818	島田理	1595	1640	1590	1610	27
6819	オメガ・プロ	957	970	956	960	19
6820	アイコム	2070	2135	2070	2100	79.4
6821	バーテクスＳ	1130	1150	1130	1150	5
6822	大井電気	385	385	385	385	1
6823	リオン	820	820	811	811	5
6824	新コスモス	475	475	473	475	10
6825	パトライト	2070	2250	2070	2250	22
6826	本多通信	5550	5550	5400	5400	3.9
6827	東北パイオ	4700	4700	4560	4570	20
6832	アオイ電子	5500	5510	5200	5510	64
6833	日電産リード	2695	2700	2580	2600	46
6834	精工技研	62000	62000	58500	58900	17.4
6835	アライドＨＤ	10000	10000	9500	9700	20.4
6836	ぷらっと	6700000	6800000	6640000	6800000	0.022
6837	京写	1050	1080	1050	1080	7
6838	多摩川電	1900	1900	1900	1900	4
6839	船井電	13800	14200	13700	14000	28
6840	アドテック	2000	2080	2000	2050	21
6841	横河電	1109	1134	1085	1099	298
6842	ユニパルス	2490	2550	2470	2470	19
6843	東光精機	0	0	0	0	0
6844	新電元	710	712	695	700	54
6845	山武	1248	1280	1246	1280	37
6846	中央製	0	0	0	0	0
6847	安藤電気	2150	2150	2110	2110	21
6848	東亜ＤＫＫ	390	390	390	390	2
6849	日本光電	341	341	330	330	15
6850	チノー	259	260	257	259	22
6851	大倉電気	201	201	201	201	19
6852	テクノセブン	172	172	165	165	5
6853	共和電	343	343	339	339	10
6855	電子材料	2040	2050	2000	2000	21
6856	堀場製	1070	1082	1066	1072	38
6857	アドバンテスト	20580	20600	19920	19920	262.4
6858	小野測器	0	0	0	0	0
6859	エスペック	1030	1039	1021	1021	44
6860	サンクス	1366	1380	1360	1370	11
6861	キーエンス	34050	35500	34050	35450	16.6
6862	ミナトエレ	0	0	0	0	0
6863	ニレコ	0	0	0	0	0
6864	ＮＦ回路	0	0	0	0	0
6866	ＨＩＯＫＩ	920	920	920	920	2
6867	リーダー電子	0	0	0	0	0
6868	東カソード	1270	1350	1270	1300	7.3
6869	シスメックス	3250	3260	3210	3230	1.4
6870	フェンオール	630	649	630	649	9
6871	日本マイクロ	2300	2360	2300	2340	4.2
6872	日本コーリン	7600	7800	7600	7740	67.1
6873	日立電子Ｅ	920	920	900	900	6
6874	協立電機	3210	3450	3200	3440	3.8
6875	メガチップス	4750	4800	4700	4700	7.2
6876	光波	2760	2870	2750	2770	15.5
6877	ＯＢＡＲＡ	740	755	740	755	8
6878	長野日無	570	570	568	568	18
6879	フォトロン	0	0	0	0	0
6880	シンワ	1060	1070	1050	1050	1.5
6881	キョウデン	4500	4640	4490	4550	183
6882	三社電機	1060	1060	1000	1020	105
6883	電産コ電	1600	1610	1580	1610	30
6884	デジタル	3790	3790	3690	3690	1.5
6885	ミヤチテクノ	2560	2700	2400	2500	144.3
6886	グラフィック	0	0	0	0	0
6887	日本ＬＳＩカード	370000	370000	370000	370000	0.001
6888	アクモス	445000	450000	445000	450000	0.003
6889	オーデリック	0	0	0	0	0
6890	フェローテク	1790	1790	1700	1730	59
6891	イーター電機	800	810	800	810	4
6892	シチズン電子	11000	11000	10400	10400	7.9
6893	タイテック	800	800	790	795	25
6894	パルステック	1700	1700	1700	1700	1
6895	ダイヤ電機	701	701	700	700	2
6896	北川工業	1161	1161	1161	1161	1.5
6897	ツインバード	0	0	0	0	0
6898	トミタ電機	0	0	0	0	0
6899	ＡＳＴＩ	602	602	602	602	1
6900	東京電波	5190	5410	5190	5300	11
6901	沢藤電	295	295	285	285	8
6902	デンソー	2620	2620	2545	2600	377
6904	原田工業	0	0	0	0	0
6905	コーセル	3900	3900	3760	3770	3.2
6906	キヤ･コンポ	0	0	0	0	0
6907	ジオマテック	2250	2250	2120	2170	24
6908	イリソ電子	565	565	560	560	3
6909	北部通信工業	360	360	360	360	1
6910	日立メディコ	1340	1340	1305	1305	4
6911	新日無	1550	1560	1500	1530	53
6912	菊水電子	490	500	490	490	5
6913	メルコ	5090	5090	4910	5000	52.5
6914	オプテックス	1030	1030	1000	1000	7
6915	千代田インテ	1520	1530	1510	1530	9
6916	アイオデータ	2700	2760	2530	2580	21.7
6917	デンセラムダ	2050	2075	2035	2055	14.6
6918	アバール	930	930	920	920	4
6919	ケル	790	790	790	790	2
6920	レーザーテク	2210	2350	2210	2340	24
6921	東光電	296	297	295	297	7
6922	昭和情報	470	470	450	450	10
6923	スタンレー	1170	1170	1136	1136	96
6924	岩崎電	266	267	260	261	41
6925	ウシオ電	2785	2840	2685	2725	89
6926	岡谷電	267	267	267	267	4
6928	エノモト	1140	1180	1120	1160	49
6929	日セラ	2370	2380	2270	2350	217
6930	日本アンテナ	1160	1160	1160	1160	3
6931	日本電池	450	459	446	459	98
6932	ユアサコーポ	355	370	355	370	3
6933	ＹＵＡＳＡ	290	292	283	283	262
6934	新神戸	693	700	685	685	14
6935	日デジタル	1758	1769	1749	1769	23.8
6936	東洋高砂乾	125	125	125	125	1
6937	古河池	304	304	295	296	22
6938	双信電機	875	930	870	915	27
6939	ＵＭＣＪ	1540000	1550000	1510000	1530000	0.083
6940	多摩電気	290	290	290	290	6
6941	山一電機	3090	3090	2910	3000	9.7
6942	ソフィア	256	265	256	261	6
6943	開閉器	0	0	0	0	0
6944	アイレックス	217	217	211	211	2
6945	ＦＴＥＣ	614	614	610	610	5
6946	日本アビオ	280	290	280	290	2
6947	図研	2700	2740	2650	2685	68.7
6948	住友電装	0	0	0	0	0
6949	キンセキ	1390	1399	1342	1350	148
6950	ＹＥデータ	0	0	0	0	0
6951	日電子	710	717	703	704	34
6952	カシオ	1265	1266	1250	1256	744
6954	ファナック	10990	10990	10650	10880	265
6955	ＦＤＫ	1020	1050	999	1032	237
6956	神明電	1560	1580	1520	1520	10
6957	芝浦電子	311	311	309	309	1.2
6958	日本ＣＭＫ	2050	2080	2050	2050	214
6960	フクダ電	2150	2200	2150	2200	2
6961	エンプラス	6550	6690	6550	6680	44
6962	大真空	826	835	815	815	66
6963	ローム	29250	29250	28770	29000	134.4
6964	サンコー	2050	2060	2050	2050	4
6965	ホトニクス	7390	7390	7210	7250	34.2
6966	三井ハイテク	1950	1980	1933	1950	15.5
6967	新光電工	4770	4880	4710	4720	309.1
6968	グラフテック	190	192	190	192	3
6969	松尾電	572	572	550	550	30
6970	日本コンラックス	645	650	645	646	130
6971	京セラ	16770	17050	16700	16800	293
6972	エルナー	529	532	523	523	36
6973	協栄産	339	339	326	326	4
6974	日本インター	320	320	310	320	13
6975	ＮＥＯＭＡＸ	1400	1400	1380	1387	42
6976	太陽電	5430	5450	5320	5330	239
6977	抵抗器	245	250	240	250	6
6980	日立ＡＩＣ	1309	1330	1250	1270	143
6981	村田製	13590	13650	13410	13580	484.5
6982	リード	0	0	0	0	0
6984	朝日ナショナ	0	0	0	0	0
6985	ユーシン	431	433	430	430	11
6986	双葉電	4240	4300	4200	4250	38.8
6988	日東電	3610	3670	3600	3620	232.6
6989	北電工	223	225	218	220	45
6991	松電工	1308	1308	1294	1303	415
6992	国産電	0	0	0	0	0
6993	森電機	132	132	128	129	34
6994	指月電	249	249	249	249	4
6995	東海理	1028	1028	1000	1018	5
6996	ニチコン	2550	2550	2480	2485	129.6
6997	日ケミコン	815	844	813	820	2455
6998	タングス	308	308	306	306	4
6999	ＫＯＡ	3000	3050	2980	3000	24.9
7003	三井造	94	95	92	93	570
7004	日立造	96	96	95	96	647
7007	佐世保	78	79	77	79	69
7011	三菱重	423	423	402	408	1701
7012	川重	132	133	127	128	2099
7013	石川島	175	177	168	170	2015
7014	名村造	127	128	126	126	123
7018	内海造	0	0	0	0	0
7020	サノヤス	200	200	191	200	7
7021	ニッチツ	165	178	165	173	51
7052	信貴造船所	0	0	0	0	0
7102	日車両	198	200	187	188	793
7104	富士車輌	171	171	163	168	17
7105	ニチユ	210	211	209	210	16
7122	近畿車	143	148	143	144	11
7123	東急車輌製造	82	82	80	80	42
7124	輸送機工業	0	0	0	0	0
7142	ナブコ	161	161	161	161	9
7201	日産自	497	498	485	492	1706
7202	いすゞ	256	263	250	252	250
7203	トヨタ	4530	4540	4430	4450	2791.9
7204	小松ゼノア	252	255	252	253	11
7205	日野自	440	445	418	427	199
7210	日産ディ	105	105	101	102	120
7211	三菱自	472	472	437	438	767
7212	エフテック	0	0	0	0	0
7219	ＨＫＳ	660	665	660	665	3
7220	武蔵精密	1410	1430	1340	1340	10
7221	トヨ車	1062	1062	1055	1060	3
7222	産車体	154	156	154	155	19
7223	関東自	625	625	619	620	20
7224	新明和	195	196	189	193	185
7225	小松フォーク	178	180	178	180	5
7226	極東開発	599	599	581	599	6.7
7227	アスカ	0	0	0	0	0
7228	デイトナ	0	0	0	0	0
7229	ユタカ技研	550	550	550	550	2
7230	日信工業	1850	1900	1850	1880	19
7231	トピー	186	192	185	189	242
7232	トキコ	224	230	223	228	217
7233	自部品	0	0	0	0	0
7234	橋本フォーミング	70	75	70	75	8
7235	東ラヂ	122	122	117	117	3
7236	ティラド	449	452	430	442	1572
7237	ボッシュブレーキ	0	0	0	0	0
7238	ブレーキ	236	236	228	235	11
7239	タチエス	475	475	470	470	18
7240	ＮＯＫ	900	903	885	900	293
7241	フタバ	1401	1427	1400	1400	25
7242	カヤバ	210	213	209	210	97
7243	シロキ	216	220	213	220	24
7244	市光工	203	209	203	209	41
7245	大同メ	851	851	820	820	23
7246	プレス工	83	83	82	82	42
7247	ミクニ	158	158	136	136	11
7248	カルソニック	276	279	273	274	96
7249	尾張精	0	0	0	0	0
7250	太平洋工	286	286	277	277	24
7251	ケーヒン	820	830	815	830	74
7252	富士機	220	220	220	220	1
7253	日本ガスケット	0	0	0	0	0
7254	フジユニ	166	166	166	166	8
7255	桜井製	809	809	809	809	1
7256	河西工	265	265	256	256	12
7257	自転車電機工	290	320	289	320	79
7258	栃木富士産業	221	226	221	224	7
7259	アイシン	1601	1601	1581	1581	160
7260	富士機工	200	200	200	200	8
7261	マツダ	261	262	255	255	860
7262	ダイハツ	829	834	825	834	347
7263	愛知機	229	229	221	224	27
7264	ＭＵＲＯ	0	0	0	0	0
7265	エイケン工業	680	680	675	680	6
7266	今仙電機	380	380	370	370	10
7267	ホンダ	3720	3740	3640	3650	1262
7268	タツミ	0	0	0	0	0
7269	スズキ	1150	1157	1116	1139	453
7270	富士重	740	744	730	736	545
7271	安永	400	420	400	420	8
7272	ヤマハ発	766	771	761	762	249
7273	イクヨ	189	189	189	189	1
7274	ショーワ	610	628	610	622	51
7275	ユニシア	176	176	174	174	13
7276	小糸製	537	538	521	522	84
7277	ＴＢＫ	139	139	138	138	6
7278	エクセディ	750	770	750	770	8.2
7279	ケーブル	1120	1120	1077	1077	30
7280	ミツバ	450	451	445	445	31
7282	豊田合	6580	6580	6440	6490	32
7283	愛三工	741	741	740	740	8
7284	盟和産	245	245	245	245	1
7285	池田物産	118	119	118	118	217
7286	イズミ工業	0	0	0	0	0
7287	日精機	815	829	809	810	30
7288	テクノエイト	255	255	255	255	6
7289	マーレ テネックス	213	218	213	218	4
7290	日発精密工業	0	0	0	0	0
7291	日本プラスト	285	285	285	285	6
7292	村上開明	0	0	0	0	0
7293	大井製作所	0	0	0	0	0
7294	ヨロズ	415	425	415	425	14.5
7295	アイエス製機	0	0	0	0	0
7296	ＦＣＣ	1080	1150	1080	1150	4
7297	カーメイト	0	0	0	0	0
7298	八千代工	0	0	0	0	0
7299	フジオーゼ	0	0	0	0	0
7301	宮田	140	142	140	140	11
7305	新家工	0	0	0	0	0
7306	丸石自転車	345	350	330	345	186
7308	ツノダ	0	0	0	0	0
7309	シマノ	2245	2250	2190	2190	31.7
7399	ナンシン	285	285	285	285	2
7404	昭和飛	0	0	0	0	0
7407	日本飛行機	322	325	318	323	141
7408	ジャムコ	450	450	450	450	3
7410	横浜鋼業	0	0	0	0	0
7411	成和産業	0	0	0	0	0
7412	アトム	1600	1630	1600	1600	6.5
7413	創健社	0	0	0	0	0
7414	小野建	0	0	0	0	0
7415	新星堂	349	349	349	349	1
7416	はるやま	0	0	0	0	0
7418	ヤマキ	0	0	0	0	0
7419	ノジマ	1310	1310	1300	1310	3.6
7420	佐鳥電機	1190	1190	1170	1170	3
7421	カッパクリエ	2960	2960	2960	2960	1
7422	東邦レマック	625	625	625	625	1
7423	フォンテーヌ	1350	1350	1350	1350	3.2
7424	ニコニコ堂	0	0	0	0	0
7425	初穂商事	313	315	313	315	2
7426	山大	0	0	0	0	0
7427	エコーＴＤ	1680	1680	1680	1680	0.4
7428	江戸沢	785	785	780	780	5
7429	セイジョー	1620	1620	1560	1600	7.4
7430	サンワドー	440	441	435	441	4
7432	ダルトン	0	0	0	0	0
7433	伯東	3190	3190	3100	3110	11.4
7434	オータケ	1450	1450	1450	1450	2
7435	ナ・デックス	505	508	503	508	5
7437	シーアンドエス	3910	3910	3830	3840	33.7
7438	コンドー	520	550	520	550	59
7439	サンミック千代田	180	180	178	178	3
7440	クラフト	800	800	800	800	2
7442	中山福	360	360	360	360	10
7443	横浜魚類	0	0	0	0	0
7444	ハリマ共和	0	0	0	0	0
7445	ライトオン	6200	6200	6070	6200	3.7
7446	東北化学	465	465	465	465	2
7447	ナガイレーベ	2350	2400	2320	2320	4.1
7448	ジンズメイト	1530	1545	1530	1540	14.3
7449	太洋興業	0	0	0	0	0
7450	サンデー	0	0	0	0	0
7451	菱食	5100	5100	5010	5040	9.5
7452	マツヤ	0	0	0	0	0
7453	良品計画	12500	12570	12400	12490	106.8
7454	ホットスパー	191	192	191	192	24
7455	三城	5500	5510	5350	5360	51.2
7456	松田産業	1910	1950	1910	1950	5
7457	セキテクノ	0	0	0	0	0
7458	第一興商	1760	1790	1760	1790	7.5
7459	メディセオＨＤ	1022	1023	1010	1019	58.4
7460	ヤギ	0	0	0	0	0
7461	キムラ	0	0	0	0	0
7462	ダイヤ通商	0	0	0	0	0
7463	アドヴァン	1700	1740	1655	1690	22.5
7464	セフテック	0	0	0	0	0
7465	ＭＶ北海道	1640	1640	1640	1640	2
7466	ＳＰＫ	1060	1060	1060	1060	0.1
7467	萩原電気	0	0	0	0	0
7468	アムスク	1560	1580	1560	1580	4
7470	サロモンメイド	615	615	595	600	3
7471	ふじ	0	0	0	0	0
7472	鳥羽洋行	1020	1040	1020	1030	16
7473	静岡スバル	0	0	0	0	0
7474	パオ	0	0	0	0	0
7475	アルビス	440	441	440	440	17
7476	アズワン	1650	1650	1600	1610	6.5
7477	ムラキ	196	196	196	196	7
7478	ブルーグラス	562	562	561	561	11
7479	サンマルク	3750	3800	3750	3800	5.8
7480	スズデン	0	0	0	0	0
7481	尾家産	0	0	0	0	0
7482	シモジマ	1150	1150	1140	1150	9
7483	ドウシシャ	2440	2490	2440	2490	0.5
7485	岡谷鋼機	938	938	938	938	5
7486	サンリン	0	0	0	0	0
7487	小津産業	930	930	923	930	2.9
7488	ヤガミ	800	800	800	800	1
7490	日新商	0	0	0	0	0
7491	ＯＡシステム	0	0	0	0	0
7492	タイカン	400	400	400	400	2
7494	コナカ	750	755	747	750	5
7495	レオ	0	0	0	0	0
7496	八千代ムセン	1187	1200	1187	1200	7
7497	マインマート	1250	1260	1250	1250	63.4
7498	ジャパン	2500	2500	2340	2490	7.5
7500	西川計測	405	415	405	415	4
7501	ティムコ	800	800	799	800	4.9
7502	プラザクリエ	5330	5330	5200	5200	1.1
7503	ＩＭＩ	1600	1600	1600	1600	2
7504	高速	700	700	690	690	4
7505	扶桑電通	845	845	821	821	3
7506	ハウスローゼ	0	0	0	0	0
7507	浜 勝	1150	1150	1150	1150	3
7508	オートセブ	745	745	710	710	3
7509	アイエー	0	0	0	0	0
7510	竹菱電機	0	0	0	0	0
7511	ジプロ	0	0	0	0	0
7512	ポスフール	1330	1330	1300	1309	2.4
7513	コジマ	3180	3180	3080	3120	37.6
7514	ヒマラヤ	805	805	805	805	1
7515	マルヨシ	0	0	0	0	0
7516	コーナン	1300	1300	1270	1298	4.4
7517	黒田電気	3530	3540	3480	3500	9
7518	ネットワン	2950000	2990000	2900000	2950000	0.336
7519	五洋インテ	0	0	0	0	0
7520	エコス	865	868	852	853	3.3
7521	ムサシ	0	0	0	0	0
7522	ワタミ	6580	6590	6400	6450	20
7523	アールビバン	1560	1570	1470	1500	20.2
7524	マルシェ	1220	1220	1210	1210	4
7527	システムソフ	440	515	440	515	39
7528	安藤薬業公司	375	375	370	370	2
7529	はるやま	187	187	187	187	0.1
7530	ナブコドア	636	636	630	630	2
7531	清和鋼業	210	225	210	225	4
7532	ドンキホーテ	12500	12500	11700	12300	34.6
7535	グッドマン	3050	3050	3020	3050	2.9
7536	船橋薬品	0	0	0	0	0
7537	丸文	1680	1680	1640	1677	32
7538	大水	0	0	0	0	0
7539	アベルコ	350	355	345	350	7
7540	エルエスフェンス	208	208	208	208	1
7541	メガネトップ	2900	2900	2750	2750	0.8
7542	ビスケーＨＤ	815	825	815	825	2
7543	ミスタージョン	0	0	0	0	0
7544	スリーエフ	1400	1400	1400	1400	0.1
7545	西松屋チェ	1820	1821	1770	1780	11.8
7547	オートハローズ	0	0	0	0	0
7548	サンクスＪＰ	0	0	0	0	0
7549	エス・エス・ブイ	0	0	0	0	0
7550	ゼンショー	1850	1850	1750	1750	0.8
7551	ウェッズ	490	490	490	490	1
7552	ハピネット	2430	2430	2330	2340	6.7
7553	サザビー	5990	5990	5850	5900	5.1
7554	幸楽苑	1050	1050	1050	1050	2
7555	大田花き	443	443	443	443	1
7556	住商エレク	1750	1810	1700	1710	27.7
7557	サンクス	3440	3450	3430	3440	21.4
7558	トーメンエレ	5500	5700	5460	5570	19.3
7559	ジーエフシー	900	900	900	900	1
7560	ユニマット	1200	1200	1161	1161	12.9
7561	ハークスレイ	2300	2300	2250	2250	2.1
7562	安楽亭	799	800	798	800	6
7563	ニッパン	204	204	204	204	1
7564	ワークマン	1800	1800	1800	1800	0.1
7565	万世電機	502	502	502	502	72
7566	ジャパンケア	1500	1510	1480	1500	8
7567	栄電子	1080	1100	1080	1090	4
7568	クレックス	535	550	530	550	4
7569	モンテカルロ	0	0	0	0	0
7570	橋本総業	0	0	0	0	0
7571	ヤマノＨＣ	860	860	860	860	1
7573	ツルハ	3500	3550	3460	3460	8
7574	共信テクノ	1400	1400	1400	1400	1
7575	日本ライフＬ	1250	1250	1230	1250	1.7
7576	ベターライフ	700	700	700	700	6
7577	パスポート	241	241	241	241	1
7578	ニチリョク	790	790	790	790	4
7579	オリジン東	2790	2830	2740	2800	54.5
7580	フーズネット	0	0	0	0	0
7581	サイゼリヤ	7700	7710	7620	7700	22.2
7582	富デバイス	2600	2605	2590	2590	36
7583	通商	0	0	0	0	0
7584	丸紅インフォ	625	625	625	625	1
7585	かんなん	891	891	891	891	1
7586	寺島薬局	1750	1750	1600	1650	3.7
7587	ＰＡＬＴＥＫ	3650	3800	3630	3800	17.7
7588	シートゥーネット	19000	19000	18000	18000	1.9
7589	デジキューブ	1630000	1630000	1610000	1610000	0.007
7590	タカショー	595	600	580	580	7
7591	エクセル	1750	1780	1750	1760	7
7592	アイ・ユー・ケイ	625	625	625	625	1
7593	ＶＴＨＤ	0	0	0	0	0
7594	マルカキカイ	380	380	380	380	2
7595	アルゴグラフ	2630	2650	2510	2560	5.8
7596	魚力	3600	3620	3590	3600	8.8
7597	東京貴宝	0	0	0	0	0
7598	ナイスクラ	415	420	410	410	5
7599	ガリバー	3610	3780	3440	3550	15.1
7600	日本ＭＤＭ	3460	3550	3450	3500	42.5
7601	ポプラ	1510	1520	1500	1500	7.5
7602	ジャック	3700	3780	3600	3770	26.2
7603	マックハウス	530	530	520	529	5
7604	梅の花	2000000	2000000	2000000	2000000	0.001
7605	フジコーポ	260	260	260	260	1
7606	Ｕアローズ	2930	2930	2920	2920	0.4
7607	進和	1250	1250	1250	1250	1
7608	ＳＫジャパン	570	570	570	570	1
7609	ダイトエレク	4150	4150	3900	3950	19
7610	テイツー	1700000	1730000	1700000	1730000	0.002
7611	ハイデ日高	0	0	0	0	0
7612	コモンウェル	0	0	0	0	0
7613	シークス	2510	2510	2360	2405	8.9
7614	オーエムツー	4200	4200	4200	4200	0.2
7615	京都友禅	717000	717000	700000	705000	0.003
7616	コロワイド	2580	2650	2500	2550	4.5
7617	オオゼキ	5900	5910	5900	5900	0.8
7618	ＰＣＤＥＰＯ	0	0	0	0	0
7619	田中商事	0	0	0	0	0
7620	ヤマト硝子	555	555	530	530	7
7621	うかい	0	0	0	0	0
7622	焼肉サカイ	1910	2000	1890	1900	4
7623	サンオータス	450	450	450	450	1
7624	内藤	0	0	0	0	0
7625	ダイニング	3450	3500	3450	3450	7.5
7626	ドッドウエル	1810	1810	1780	1780	13
7627	なか卯	1280	1280	1260	1260	2
7628	オーハシテク	2000	2000	2000	2000	2
7629	ムラチク	1070	1070	1070	1070	1
7630	壱番屋	1450	1460	1440	1450	6
7631	マクニカ	15500	15550	15200	15510	25.6
7632	住商メタレックス	525	525	505	525	5
7633	明響社	790	790	790	790	2
7634	星医療	0	0	0	0	0
7635	杉田エース	505	505	505	505	2
7636	ハンズマン	860	860	860	860	1
7637	白 銅	1680	1720	1680	1680	3
7638	シーマ	510	510	510	510	2
7639	贔屓屋	920	920	920	920	1
7640	トップカル	0	0	0	0	0
7641	フォーユー	1250000	1250000	1110000	1120000	0.022
7642	ビジョン	1550	1600	1550	1600	5
7643	ダイイチ	445	455	440	440	8
7644	常盤薬品	690	690	690	690	2
7645	日本トイザ	15500	15500	15100	15100	1
7646	ＰＬＡＮＴ	2450	2450	2430	2450	13
7647	音通	180	180	170	177	10
7648	トーカン	1370	1370	1365	1365	7
7649	スギ薬局	0	0	0	0	0
7701	島津	469	471	461	465	309
7702	ＪＭＳ	428	428	428	428	2
7703	川澄化	1000	1005	1000	1000	18
7704	アロカ	1310	1320	1276	1290	132
7705	ジーエル	0	0	0	0	0
7706	セントラユニ	480	480	480	480	5
7711	助川電気	290	290	290	290	1
7713	シグマ光機	2050	2080	2000	2050	65
7714	モリテックス	13700	13700	12800	12900	11.6
7715	長野計器	1930	1940	1910	1940	6
7716	ナカニシ	1700	1700	1680	1680	4
7718	スター精	1430	1438	1430	1438	8
7719	東衡機	100	100	100	100	4
7720	ソキア	378	378	361	361	109
7721	トキメック	156	169	155	169	240
7723	愛時計	295	295	292	292	28
7724	金門	166	170	165	170	22
7726	黒田精	317	317	315	315	5
7727	オーバル	154	154	151	151	5
7728	電産トーソク	940	940	930	930	6
7729	東京精	11470	11480	11110	11300	76.4
7731	ニコン	3250	3300	3150	3170	430
7732	トプコン	396	397	391	392	10
7733	オリンパス	1950	1969	1944	1956	158
7734	理計器	435	435	425	425	4
7735	スクリン	890	900	870	880	296
7736	ユニオンＨＤ	115	120	115	117	20
7737	キャビン工業	211	211	211	211	1
7738	チノン	415	416	415	416	4
7739	キヤノン電	1160	1160	1130	1130	12
7740	タムロン	1340	1340	1270	1270	25
7741	ＨＯＹＡ	9390	9390	9180	9300	87
7743	シード	0	0	0	0	0
7744	ノーリツ鋼機	3170	3170	3030	3050	14.7
7750	ペンタックス	306	310	303	308	141
7751	キヤノン	4710	4730	4670	4700	1731
7752	リコー	2055	2080	2050	2060	676
7753	ミノルタ	635	635	613	630	285
7756	電産コパル	1550	1584	1549	1584	23
7757	三協精	919	919	900	909	55
7758	セコニック	375	375	366	366	11
7762	シチズン	1189	1190	1135	1159	533
7764	オリエント時計	166	166	166	166	3
7765	リコーエレメ	801	810	801	810	2
7768	ジェコー	0	0	0	0	0
7769	リズム	211	214	210	212	74
7770	ミヨタ	2760	2840	2760	2770	8
7771	日本精密	392	395	392	395	2
7856	萩原工業	839	860	839	860	2
7857	セキ	0	0	0	0	0
7858	小野産業	1190	1190	1190	1190	1
7859	アルメディオ	1350	1430	1340	1380	20
7860	エイベックス	10500	10500	10360	10500	27.4
7861	東京リスマ	1220	1340	1210	1230	37.3
7862	トッパンフォ	2175	2200	2165	2200	48.3
7864	フジシール	5700	5790	5700	5790	1.3
7865	ピープル	1150	1150	1150	1150	1.5
7866	アトラス	1380	1390	1350	1390	5
7867	トミー	3700	3700	3660	3690	31.7
7868	広済堂	1233	1233	1182	1201	54
7869	日本フォーム	0	0	0	0	0
7870	福島印刷	0	0	0	0	0
7871	フクビ	645	645	645	645	2
7872	エステール	0	0	0	0	0
7873	アーク	5950	5950	5900	5900	32
7874	スルガ	4990	5000	4950	5000	0.6
7875	竹田印刷	0	0	0	0	0
7876	三陽PAX	0	0	0	0	0
7877	永大化工	965	980	965	970	7
7878	光彩工芸	280	280	280	280	1
7879	ノダ	468	469	468	468	1.5
7880	南部化成	0	0	0	0	0
7881	ニッソー	107	110	107	110	4
7882	アロン化成	415	416	415	416	2
7883	サンメッセ	0	0	0	0	0
7884	本間ゴルフ	320	325	320	325	1.3
7885	タカノ	1480	1500	1450	1450	3.8
7886	ヤマト・イン	0	0	0	0	0
7887	南プラ	0	0	0	0	0
7888	三光合成	335	335	320	320	3
7889	桑山	550	550	550	550	0.2
7890	アテナ工業	805	805	800	800	2.5
7891	日本ユピカ	0	0	0	0	0
7892	宇部日東化成	354	359	350	359	13
7893	亜細亜	1400	1400	1400	1400	1
7895	中央化学	1400	1500	1400	1500	5.9
7896	セブン工業	0	0	0	0	0
7897	ホクシン	170	170	165	169	6.5
7898	ウッドワン	825	827	821	822	22
7899	オザキ軽化	415	415	410	410	2
7900	大出産業	0	0	0	0	0
7901	マツモト	0	0	0	0	0
7902	ソノコム	0	0	0	0	0
7903	名木材	4950	4950	4950	4950	2
7904	天竜木	52	53	52	53	3
7905	大建工	359	359	346	350	92
7906	ヨネックス	401	401	401	401	2
7907	日防腐	0	0	0	0	0
7908	きもと	0	0	0	0	0
7909	シーアイ化	399	399	370	370	51
7910	段谷産業	106	106	102	102	26
7911	凸版	1090	1090	1063	1069	600
7912	大日印	1712	1719	1676	1695	1313
7913	図書印	230	230	226	229	16
7914	共同印	377	377	365	365	28
7915	日写印	684	684	640	655	32
7916	光村印	405	405	399	399	3
7917	藤森工業	750	750	750	750	1
7918	ヴィアＨＤ	350	350	350	350	2
7919	野崎紙	275	275	275	275	4
7920	三浦印	440	440	440	440	7
7921	宝印刷	1550	1550	1535	1535	6
7922	三光産業	990	990	990	990	1
7923	トーイン	0	0	0	0	0
7925	前沢化成	1200	1220	1181	1181	8.1
7926	ベルテクノ	0	0	0	0	0
7927	ムトー精工	1350	1350	1350	1350	2
7928	旭化学	531	531	531	531	3
7929	新輝合成	0	0	0	0	0
7931	未来工業	1351	1351	1350	1350	3.2
7932	ニッピ	0	0	0	0	0
7933	ファイリング	0	0	0	0	0
7934	メルクス	77	80	77	80	7
7935	コンビ	710	710	700	700	10
7936	アシックス	116	119	115	115	540
7937	ツツミ	2200	2200	2150	2170	1.7
7938	リーガル	158	158	157	157	2
7939	研創	370	370	370	370	1
7940	ウェーブＨＤ	251	251	251	251	1
7942	ＪＳＰ	605	610	605	610	17
7943	ニチハ	757	757	745	745	6.2
7944	ローランド	2185	2200	2145	2180	8.6
7945	コマニー	0	0	0	0	0
7946	光陽社	305	305	305	305	1
7947	エフピコ	4150	4150	4100	4100	12.1
7948	ＡＷ・エモト	0	0	0	0	0
7949	小松ウオール	920	920	920	920	3.5
7950	日デコラ	0	0	0	0	0
7951	ヤマハ	1002	1011	977	986	257
7952	河合楽	164	164	163	163	15
7953	菊水化	500	500	500	500	4
7954	ジャレコ	918	918	900	900	312
7955	クリナップ	485	489	474	474	13
7956	ピジョン	1080	1099	1040	1040	18.2
7957	フジコピアン	0	0	0	0	0
7958	天馬	1216	1217	1214	1217	35
7959	オリバー	1080	1080	1080	1080	10
7960	パラマウント	5770	5770	5680	5700	12.9
7961	兼松日産農	196	197	195	196	16
7962	キングジム	0	0	0	0	0
7963	興研	470	470	470	470	1
7964	セガ	1255	1258	1240	1250	271.8
7965	象印	0	0	0	0	0
7966	リンテック	1031	1050	1031	1045	57
7967	バンダイ	3800	3800	3550	3720	40.5
7968	田崎真珠	457	462	456	456	25
7969	タカラ	490	530	490	520	144
7970	信越ポリ	770	778	755	755	28
7971	東リ	216	216	215	215	3
7972	イトーキ	477	481	472	481	16
7973	ホウトク	0	0	0	0	0
7974	任天堂	19920	20070	19840	20070	231.6
7975	リヒトラブ	227	227	227	227	6
7976	菱鉛筆	859	859	850	850	5
7977	フランスベッド	445	445	433	433	22
7979	松風	779	779	779	779	1
7980	重松製	0	0	0	0	0
7981	タカラスタ	425	425	399	399	917
7983	ミロク	0	0	0	0	0
7984	コクヨ	1789	1798	1745	1766	28
7985	ネポン	0	0	0	0	0
7986	キング工	146	147	146	147	2
7987	ナカバヤシ	333	333	326	331	12
7988	ニフコ	1190	1190	1179	1185	54
7989	ブラインド	704	704	704	704	0.2
7990	ダイワ精	146	147	146	147	17
7991	マミヤＯＰ	300	300	300	300	38
7992	セーラー	949	978	941	941	436
7993	サンウエブ	219	219	219	219	1
7994	岡村製	389	390	382	384	38
7995	バルカー	195	197	190	195	75
7996	パイロット	0	0	0	0	0
7997	くろ工	220	220	220	220	8
7998	高島屋工作	0	0	0	0	0
7999	武藤工	317	317	310	313	25
8000	カイゲン	0	0	0	0	0
8001	伊藤忠	473	475	465	468	1214
8002	丸紅	321	323	312	315	904
8003	トーメン	111	113	110	111	234
8004	ニチメン	98	99	96	96	239
8005	ムトウ	760	760	760	760	2
8006	ユアサフナ	170	172	170	170	10
8007	高島	147	147	141	141	18
8008	アスティ	0	0	0	0	0
8010	新興産業	130	130	122	122	4
8011	三陽商	305	305	301	305	44
8012	長瀬産	600	606	595	606	59
8013	ナイガイ	107	107	105	105	5
8014	蝶理	124	128	121	128	30
8015	豊田通商	435	435	425	425	53
8016	オンワード	1218	1220	1203	1210	124
8017	阪急共栄物産	0	0	0	0	0
8018	三共興	274	279	274	277	23
8019	市田	72	73	71	71	39
8020	兼松	93	93	90	92	85
8021	レナウン	119	120	111	112	2612
8022	ミズノ	334	334	325	332	59
8023	大興電子	480	480	480	480	1
8024	シルバーＯＸ	473	473	469	469	5
8025	ツカモトＣ	179	179	175	175	12
8027	ルシアン	123	125	122	122	16
8028	ファミリーＭ	3930	3930	3760	3800	60.7
8029	ルック	260	263	259	261	89
8030	中央魚	195	195	195	195	1
8031	三井物	735	737	718	725	2161
8032	紙パ商	348	348	343	343	7
8033	ジーネット	126	126	125	125	3
8035	東エレク	13290	13350	12850	12900	527.8
8036	日立ハイテク	1451	1460	1440	1440	15
8037	カメイ	512	516	510	511	32
8038	東都水	407	411	395	396	64
8039	築地魚	174	174	174	174	10
8040	東ソワール	208	209	208	209	3
8041	魚市場	320	320	320	320	7
8042	マタイ	214	214	210	211	14
8043	スターゼン	220	222	219	222	22
8044	大都魚	0	0	0	0	0
8045	浜丸魚	450	450	450	450	1
8046	丸藤パ	142	142	139	140	9
8047	デジ・ネット	830	830	820	820	7
8048	シャディ	2420	2440	2350	2420	6.3
8049	ＥＩＥ	370	370	365	365	4
8050	セイコー	570	570	553	564	50
8051	山善	203	205	196	200	73
8052	椿本興	192	192	180	180	17
8053	住友商	968	969	933	947	1399
8056	ユニシス	1949	1949	1875	1938	36.9
8057	内田洋	600	606	600	600	15
8058	三菱商	813	813	788	798	2009
8059	第一実	232	234	229	234	72
8060	キヤノン販	1720	1721	1700	1715	181
8061	西華産	170	170	165	167	56
8063	日商岩井	117	118	112	112	2105
8064	金商	131	137	128	137	41
8065	佐藤商	380	380	380	380	8
8066	三谷商	465	465	465	465	1
8067	トミヤアパ	0	0	0	0	0
8068	菱洋エレク	1965	1985	1963	1970	44
8070	東京産	321	330	321	328	8
8071	東海物産	0	0	0	0	0
8072	出版貿	0	0	0	0	0
8073	Ｔ・ＺＯＮＥ	337	337	310	310	14
8074	ユアサ商	138	138	137	137	172
8075	神鋼商	175	176	171	176	61
8076	カノークス	0	0	0	0	0
8077	小林産	192	192	192	192	3
8078	阪和興	106	106	105	105	102
8079	正栄食	0	0	0	0	0
8080	ジョイス	0	0	0	0	0
8081	カナデン	515	515	505	505	4
8083	サンテレ	297	297	295	295	12
8084	菱電商	386	389	384	389	18
8085	ナラサキ産業	0	0	0	0	0
8086	ニプロ	886	890	885	890	18
8087	フルサト	370	370	370	370	3
8088	岩谷産	211	219	201	201	1349
8089	ナイス	272	272	270	270	225
8090	昭光通商	152	159	151	155	70
8091	ニチモウ	130	132	130	130	5
8092	富士通シス	3000	3040	2970	2970	14
8093	極東貿易	669	679	665	665	48
8095	イワキ	215	215	215	215	4
8096	兼松エレク	501	501	501	501	4
8097	三愛石	298	298	286	291	18
8098	稲畑産	700	700	685	687	33
8100	藤井	73	73	70	70	5
8101	ＧＳＩクレ	132	138	132	136	56
8103	明和産	119	119	114	114	7
8105	丸正	170	181	170	180	13
8107	キムラタン	70	70	69	69	5
8109	山洋工	107	107	107	107	2
8110	川鉄商事	130	132	127	132	44
8111	ゴルドウイン	152	153	151	153	45
8112	東スタイル	1045	1045	1029	1044	78
8113	ユニチャーム	6100	6100	6000	6030	28.4
8114	デサント	229	236	227	234	57
8115	ムーンバット	111	111	111	111	6
8116	ダーバン	261	261	259	261	124
8117	中央自	238	238	238	238	5
8118	キング	161	161	161	161	3
8119	三栄コ	541	541	525	525	15
8120	大木	255	259	255	259	2
8123	川辺	0	0	0	0	0
8125	ワキタ	283	283	283	283	1
8126	三光純薬	480	480	480	480	5
8127	ヤマトインタ	132	132	132	132	5
8128	エフワン	53	59	53	54	17
8129	東邦薬	430	430	430	430	9
8130	サンゲツ	1650	1650	1650	1650	1
8131	ミツウロコ	571	571	571	571	5
8132	シナネン	401	412	401	412	10
8133	伊藤忠エネ	365	380	365	378	7
8134	ＴＯＫＡＩ	1035	1081	1034	1050	423
8135	ゼット	0	0	0	0	0
8136	サンリオ	2500	2500	2470	2490	65.5
8137	サンワテク	650	650	650	650	2
8138	三京化	236	250	231	250	10
8139	ナガホリ	249	249	248	248	5
8140	リョーサン	2215	2220	2180	2180	77
8141	新光商	900	900	890	890	8
8142	トーホー	870	880	870	880	9
8143	ラピーヌ	88	88	88	88	15
8144	電響社	410	410	410	410	1
8145	中部水産	0	0	0	0	0
8146	小杉産	135	139	135	139	5
8147	トミタ	225	225	225	225	1
8148	上原成	285	285	285	285	4
8150	三信電	826	829	801	810	16
8151	東陽テク	3000	3000	2940	2970	46
8152	ソマール	262	262	262	262	1
8153	モスフード	1185	1197	1180	1197	13
8154	加賀電子	1499	1499	1461	1461	36
8155	三益半導	1850	1850	1771	1801	8.4
8156	ガステック	516	516	516	516	3
8157	都築電	560	560	560	560	3
8158	ソーダニッカ	189	189	189	189	1
8159	立花エレ	623	630	623	630	8
8160	木曽路	1250	1250	1230	1230	11
8161	エイデン	865	885	865	875	14
8163	サトＲＳ	705	709	705	709	5
8164	キャビン	140	140	136	137	26
8165	千趣会	959	959	937	937	27
8166	タカキュー	136	137	134	134	43.5
8167	丸久	183	184	183	184	6
8168	ケーヨー	685	690	660	671	181.8
8169	宝船	205	205	205	205	1
8170	アデランス	4300	4330	4260	4300	44.7
8171	ＭＶ中部	0	0	0	0	0
8172	第一家庭電器	60	61	59	60	35
8173	上新電	296	300	296	300	4
8174	日ガス	587	587	587	587	2
8175	ベスト電	768	768	758	768	14
8176	西洋フードシス	400	400	391	393	88
8178	マルエツ	345	345	340	343	40
8179	ロイヤルＨＤ	1044	1044	1036	1037	20
8180	すかいらく	3880	3880	3850	3850	177
8181	東天紅	410	423	410	423	67
8182	いなげや	738	738	738	738	1
8183	セブン−イレブン	7090	7090	6970	7000	406
8184	島忠	2110	2115	2010	2060	14.9
8185	チヨダ	570	570	541	560	24.3
8186	大塚家具	7810	8050	7810	8000	16.6
8188	ヨークベニ	2670	2680	2600	2610	9.3
8189	マツヤデンキ	323	334	320	334	10
8190	ヤマナカ	0	0	0	0	0
8191	光製作	0	0	0	0	0
8192	中川無線	120	120	116	116	15
8193	鈴丹	165	165	161	163	4
8194	ライフコーポ	630	630	630	630	7
8195	デニーズジャパン	2290	2300	2250	2255	18
8196	カスミ	452	455	450	451	11
8197	東急ストア	335	335	333	335	13
8199	デオデオ	889	890	880	881	41.1
8200	リンガハット	1190	1200	1190	1200	15.8
8201	さが美	354	354	350	354	14
8202	ラオックス	598	598	573	578	11
8203	ＭｒＭａｘ	379	382	362	375	32.8
8204	ジョナサン	1490	1490	1480	1480	2
8205	シャクリー	930	930	930	930	1
8206	アポロイン	109	109	109	109	12
8207	テンアライド	420	428	411	428	12
8208	エンチョー	525	525	525	525	2
8209	フレンドリ	515	515	515	515	4
8210	フットワーク	220	220	216	216	6
8211	相鉄ローゼ	536	540	536	540	9
8212	オーク	154	154	153	153	2
8213	トステムビバ	322	322	322	322	4
8214	アオキインタ	390	398	370	375	53.9
8215	銀座山形屋	251	251	251	251	11
8216	フォルクス	587	588	586	588	8
8217	オークワ	890	925	890	925	23
8218	コメリ	3100	3110	3100	3110	14.6
8219	青山商	1544	1550	1533	1540	109.3
8225	タカチホ	133	133	131	131	3
8226	理経	422	425	422	425	10
8227	しまむら	8750	8800	8600	8640	20.8
8228	マルイチ	0	0	0	0	0
8229	ＣＦＳコーポ	980	990	970	990	18
8230	はせがわ	0	0	0	0	0
8231	三越	380	385	370	376	954
8232	東急百貨店	90	91	88	89	117
8233	高島屋	741	741	730	731	272
8234	大丸	330	330	325	329	57
8235	松坂屋	268	268	264	265	57
8236	丸善	397	421	382	415	7681
8237	松屋	429	429	422	424	6
8238	伊勢丹	1000	1000	978	994	209
8239	横浜松坂屋	85	85	83	83	3
8240	サッポロライオン	0	0	0	0	0
8241	阪神百貨店	422	422	422	422	5
8242	阪急百	565	566	557	560	80
8243	そごう	5	6	5	5	3393
8244	近鉄百貨店	0	0	0	0	0
8245	丸栄	275	275	265	275	6
8247	大和	0	0	0	0	0
8248	ニッセン	411	412	395	400	21.6
8249	東洋物	615	615	615	615	1
8250	小松ストアー	0	0	0	0	0
8251	パルコ	374	378	372	375	42
8252	丸井	1706	1714	1672	1683	475
8253	クレセゾン	2500	2540	2500	2510	263.5
8254	さいか屋	0	0	0	0	0
8255	原信	865	865	865	865	1.1
8256	プロルート	268	268	260	260	43.5
8257	山陽百	0	0	0	0	0
8258	ＯＭＣカード	406	411	400	401	33
8259	十字屋	59	63	59	60	19
8260	井筒屋	200	209	199	202	167
8261	ｼ鉄百貨店	280	280	280	280	9
8263	ダイエー	306	308	306	307	474
8264	イトーヨーカ堂	5410	5480	5160	5230	401
8265	壽屋	150	150	150	150	1
8266	イズミヤ	890	890	887	888	59
8267	イオン	2150	2180	2130	2150	385
8268	西友	415	441	414	441	1212
8269	マイカル	328	329	325	326	151
8270	ユニー	1077	1077	1020	1020	125
8273	イズミ	1276	1276	1224	1226	25
8274	東武ストア	182	185	175	185	20
8275	フォーバル	2220	2250	2180	2200	11.5
8276	平和堂	775	775	775	775	3
8278	フジ	1929	1929	1900	1929	4.4
8279	ヤオコー	1300	1300	1288	1300	14.7
8280	富士冷機	417	417	415	417	10
8281	ゼビオ	2355	2380	2355	2370	37.4
8282	ギガスケーズ	2650	2660	2620	2630	17.4
8283	パルタック	510	510	510	510	3
8285	三谷産業	0	0	0	0	0
8287	ＭＶ西日本	1043	1050	1021	1021	5
8289	オリンピック	2155	2155	2150	2155	2.2
8290	デンコードー	749	749	740	740	2
8291	東日カーライフ	199	199	190	191	6
8292	東いすず	0	0	0	0	0
8293	愛トヨ	0	0	0	0	0
8295	キャノンシステム	686	699	686	699	9
8298	ファミリー	260	350	260	305	21
8299	大栄太源	0	0	0	0	0
8301	日銀	0	0	0	0	0
8302	興業銀行	759	768	755	768	2655
8311	第一勧銀	763	771	755	770	3594
8314	さくら銀行	720	735	713	735	6975
8315	東京三菱銀	1265	1294	1260	1275	5137
8317	富士銀行	765	776	759	774	4298
8318	三井住友銀行	1244	1269	1227	1267	4065
8319	大和銀行	250	253	249	253	584
8320	三和銀行	950	955	946	953	2514
8321	東海銀行	507	509	495	500	1383
8322	あさひ銀行	400	400	389	394	1893
8324	第四銀	395	399	392	394	52
8325	北越銀	314	325	314	325	49
8326	福岡銀	655	655	632	641	267
8327	西日本シティ銀	445	445	440	444	50
8331	千葉銀	431	439	427	439	190
8332	横浜銀	469	469	454	459	396
8333	常陽銀	400	402	394	398	330
8334	群馬銀	572	572	570	571	80
8335	足利銀行	205	205	202	205	58
8336	武蔵銀	4150	4200	4150	4200	3.4
8337	千葉興	1250	1250	1189	1245	7.8
8338	関東つくば銀	1430	1430	1405	1427	11.4
8339	都民銀	3450	3450	3350	3400	5.6
8341	七十七	870	875	865	870	80
8342	青森銀	490	495	490	495	7
8343	秋田銀	450	451	435	440	43
8344	山形銀	572	578	572	578	31
8345	岩手銀	4230	4240	4090	4140	1.8
8346	東邦銀	405	410	405	407	51
8349	東北銀	0	0	0	0	0
8350	みちのく銀	680	680	679	680	15
8353	北海道銀行	133	135	133	135	77
8355	静岡銀	974	978	961	970	448
8356	十六銀	474	475	474	475	46
8357	北陸銀行	240	243	240	243	45
8358	スルガ銀	1617	1617	1590	1600	70
8359	八十二	602	605	600	605	102
8360	山梨銀	370	370	360	370	21
8361	大垣共立	568	570	567	568	59
8362	福井銀	293	296	293	295	47
8363	北国銀	458	458	452	453	37
8364	清水銀	4270	4350	4270	4340	1
8365	富山銀	490	490	490	490	5
8366	滋賀銀	488	492	486	486	68
8367	南都銀	492	495	490	493	110
8368	百五銀	442	442	440	440	17
8369	京都銀	513	520	511	520	82
8370	紀陽銀	277	284	277	284	28
8371	近畿大阪銀	198	198	185	185	4
8372	泉州銀	354	354	354	354	2
8374	三重銀	509	511	501	511	62
8375	池田銀	5530	5530	5450	5500	3.7
8379	広島銀	395	400	390	396	370
8380	山口銀	695	698	686	690	51
8381	山陰合銀	580	580	575	580	31
8382	中国銀	921	921	918	918	26
8383	鳥取銀	380	380	380	380	19
8385	伊予銀	649	650	645	649	18
8386	百十四	637	638	633	635	17
8387	四国銀	637	639	627	639	24
8388	阿波銀	498	508	498	508	27
8390	鹿児銀	407	410	405	406	61
8391	親和銀行	340	346	340	340	33
8392	大分銀	469	469	463	464	105
8393	宮崎銀	363	363	361	361	29
8394	肥後銀	425	425	406	411	44
8395	佐賀銀	390	390	380	380	12
8396	十八銀	379	379	371	378	77
8397	沖縄銀	2455	2460	2455	2460	0.4
8399	琉球銀	1565	1566	1540	1560	1.7
8402	三菱信託	770	788	768	785	2025
8403	住友信	733	740	727	740	980
8404	みずほ信託銀	120	121	119	121	776
8405	日本信託	130	130	127	130	113
8407	東洋信託	331	334	324	324	2292
8408	中央三井信	391	392	385	390	715
8489	アプレック	0	0	0	0	0
8493	インター	1700	1700	1620	1640	1.4
8507	学研クレジット	705	710	705	710	8
8508	イッコー	765	765	765	765	20
8511	日証金	560	568	550	550	75
8512	大証金	262	262	251	261	22
8513	中証金	0	0	0	0	0
8515	アイフル	10390	10390	9900	10000	53.15
8518	アジア投資	632	637	620	625	295
8519	ポケットＣ	2875	2915	2785	2795	29
8520	殖産銀行	409	410	409	410	6
8521	長野銀	465	470	465	470	22
8522	名古屋銀	639	639	634	639	39
8524	北洋銀行	645	645	644	644	37
8527	愛知銀	7200	7290	7100	7100	2
8528	岐阜銀	0	0	0	0	0
8529	第三銀	460	465	459	465	61
8530	中京銀	444	445	444	445	19
8533	広島総合銀行	443	443	438	443	14
8536	東日銀	617	619	615	619	67
8537	大光銀	0	0	0	0	0
8539	福岡シティ銀	498	500	494	499	59
8541	愛媛銀	467	467	458	465	11
8542	トマト銀	342	342	342	342	2
8543	みなと銀	250	251	246	250	42
8544	京葉銀	300	302	297	302	153
8545	関西アーバン	159	159	154	154	21
8548	九州銀行	314	314	309	313	35
8549	せとうち銀行	385	385	370	379	9
8550	栃木銀	675	675	655	655	27
8551	北日銀	5500	5690	5490	5690	2
8552	びわこ銀	286	286	286	286	3
8556	香川銀	540	540	539	540	21
8558	東和銀	438	438	434	437	32
8561	徳島銀	720	720	718	719	22
8562	福島銀	328	328	323	323	23
8563	大東銀	329	329	321	329	5
8564	武富士	11600	11680	11330	11600	68.5
8565	三洋クレ	5050	5050	4980	4990	18.1
8566	リコーリース	2690	2690	2590	2590	19
8567	クレディア	2050	2060	2015	2015	4.8
8568	シンキ	2260	2270	2210	2235	150.5
8569	ユニココーポ	1010	1020	1010	1020	4
8570	イオンクレ	6400	6400	6280	6300	47.8
8571	ニッシン	5690	5700	5550	5650	2.1
8572	アコム	8810	8960	8810	8890	67.8
8573	三洋信販	3390	3400	3330	3330	14.8
8574	プロミス	7340	7470	7340	7470	32.3
8577	ロプロ	1576	1585	1550	1550	48.4
8579	東京リース	0	0	0	0	0
8580	ファーストクレジット	297	297	285	290	74
8583	日信販	225	225	222	223	563
8584	ジャックス	370	371	363	363	1451
8585	オリコ	450	455	440	442	197
8586	日立キャピ	2770	2840	2770	2840	121.4
8588	セントラル	310	311	310	311	4
8589	アプラス	120	122	119	122	10
8591	オリックス	13300	13330	13200	13300	88.2
8592	住商リース	1575	1600	1575	1599	9
8593	ダイヤリース	1440	1440	1430	1430	8
8595	ジャフコ	16300	17100	16300	16600	285.9
8597	ＳＦＣＧ	17150	17180	16600	16790	5.63
8599	ＵＦＪセント	0	0	0	0	0
8601	大和証Ｇ	1274	1279	1248	1264	1053
8603	日興コーデ	995	1000	971	980	2178
8604	野村ＨＤ	2340	2345	2315	2320	2978
8606	新光	393	393	386	390	702
8607	みずほイン証	220	222	214	217	146
8609	岡三ＨＤ	740	760	740	760	98
8610	さくらフレンド	276	288	274	286	69
8611	コスモ証	228	228	220	225	201
8613	丸三	659	659	649	653	34
8614	東洋	335	335	331	332	17
8615	三菱証	1300	1305	1267	1300	312
8616	東海東京	321	321	313	314	93
8617	光世	262	262	259	260	47
8620	東海丸万	549	549	541	548	43
8621	ＵＦＪつばさ証券	510	518	510	512	79
8622	水戸	359	359	355	355	7
8623	ＳＭＢＣ証	290	295	290	291	11.5
8624	いちよし証	710	730	710	724	35
8625	高木	325	325	311	325	14
8626	マネックス	75200	80300	75200	80300	4.74
8691	証券代	901	901	901	901	1
8692	だいこう	475	480	475	480	4
8742	小林洋行	0	0	0	0	0
8743	ひまわり証	217	220	216	216	11
8744	日本ユニコム	982	982	982	982	4
8745	グローバリー	0	0	0	0	0
8746	第一商品	0	0	0	0	0
8747	豊商事	0	0	0	0	0
8748	岡藤商事	381	390	381	390	6
8749	エース交易	293	300	293	300	4
8751	東京海上火災	1139	1142	1120	1140	1413
8752	三井住友海上	495	498	482	493	519
8753	住友海上火災	610	610	601	602	1056
8754	日本興亜	402	402	399	402	242
8755	損害保険Ｊ	554	555	533	546	353
8756	日産火災海上	335	338	335	335	61
8757	日新火	240	240	236	236	56
8758	千代田火災	351	352	346	348	166
8759	ニッセイ同和	270	272	266	272	65
8760	日動火災海上	581	585	579	585	135
8761	あいおい損保	374	375	369	372	180
8762	興亜火災	399	399	389	394	72
8763	富士火	214	214	204	205	476
8764	太陽火災	0	0	0	0	0
8765	大成火災海上	224	224	219	219	11
8801	三井不	1023	1049	1023	1047	1328
8802	菱地所	1079	1079	1046	1055	1608
8803	平和不	279	284	270	273	132
8804	東建物	203	204	188	189	2256
8805	中央地	112	114	112	114	14
8806	ダイビル	810	811	800	804	27
8809	サンケビル	395	397	390	391	28
8810	港振興	0	0	0	0	0
8815	東急不	128	129	126	128	101
8817	阪急不動産	363	369	363	363	4
8818	京阪神不	326	326	320	320	42
8821	立飛企	2490	2490	2490	2490	2
8829	大和団地	233	234	231	233	44
8830	住友不	490	498	477	481	544
8832	小田急不	215	215	200	200	3
8833	東宝不	378	380	375	378	26
8834	藤和不	56	57	56	57	69
8835	太平発	126	126	123	125	6
8836	ヒューネット	622	649	600	614	385
8838	有楽地	163	163	158	158	36
8839	ニチモ	89	90	88	90	47
8840	大京	222	230	220	229	246
8841	テーオーシー	810	810	790	800	71
8842	楽天地	357	363	357	357	5
8844	リクコスモス	471	473	466	466	10
8845	セザール	253	254	248	248	45
8846	積和不動産	420	420	420	420	1
8848	レオパレス	340	348	338	345	85
8850	スターツ	750	750	750	750	2
8851	アバンライフ	180	180	180	180	1
8852	積和不動関西	340	340	340	340	24
8853	ダイヤシティ	0	0	0	0	0
8854	日住	250	250	250	250	1
8855	全日空ビル	0	0	0	0	0
8857	三井不動販売	580	580	565	575	5
8858	ダイア建	235	235	229	229	5
8860	フジ住	488	490	488	490	43
8863	積和不動中部	500	500	500	500	1
8864	空港施設	402	405	401	405	42
8865	神鋼興産	0	0	0	0	0
8866	コマーシャル	275	285	261	285	14
8867	横浜地下街	274	274	274	274	2
8868	ＵＲＢＡＮ	1810	1830	1780	1800	21.6
8869	明和地所	2615	2620	2600	2610	26.4
8870	住不販売	3940	3940	3750	3830	64.1
8871	ゴールドクレ	10500	10500	10400	10500	27
8872	エイブル	1590	1590	1590	1590	1
8873	積和不動中国	0	0	0	0	0
8874	ジョイント	3280	3500	3240	3500	26.8
8875	東栄住宅	1460	1470	1450	1450	5.8
8876	リロＨＤ	8600	8600	8500	8500	1.2
8877	エスリード	1205	1220	1205	1220	5.1
8878	日綜地所	1620	1620	1600	1620	4
8879	東急リバブル	650	669	650	650	10
8880	飯田産業	1340	1410	1340	1410	11
8881	日神不動産	1430	1450	1390	1401	4.1
8882	ゼファー	2620000	2700000	2570000	2680000	0.133
9001	東武	315	317	311	314	364
9002	西武鉄道	1669	1669	1587	1621	19
9003	相鉄	295	295	294	295	51
9004	箱根登山鉄道	0	0	0	0	0
9005	東急	579	580	558	560	729
9006	京急	414	415	405	407	378
9007	小田急	400	400	390	393	277
9008	京王	453	457	443	445	301
9009	京成	274	276	269	270	305
9010	富士急	367	369	367	368	19
9012	秩父鉄	0	0	0	0	0
9013	伊豆箱根鉄道	15880	15880	15880	15880	0.1
9014	新京成	0	0	0	0	0
9017	新潟交	0	0	0	0	0
9019	伊豆急行	2150	2150	2150	2150	0.7
9020	ＪＲ東日本	590000	595000	570000	578000	3.742
9021	ＪＲ西日本	466000	466000	450000	459000	1.343
9022	ＪＲ東海	609000	613000	607000	608000	0.408
9031	西鉄	297	298	293	293	82
9033	広電鉄	0	0	0	0	0
9036	東部ネット	575	580	565	580	12
9037	ハマキョウ	1440	1440	1410	1410	2
9038	東海西濃	0	0	0	0	0
9039	サカイ引越	2390	2390	2295	2345	7.5
9040	大宝運輸	0	0	0	0	0
9041	近鉄	481	481	472	476	570
9042	阪急ＨＤ	369	370	362	368	423
9043	阪神	299	300	299	300	43
9044	南海電	426	428	425	425	41
9045	京阪電	347	348	346	348	35
9046	神電鉄	437	437	436	437	18
9047	名糖運輸	1213	1220	1213	1220	1
9048	名鉄	308	308	306	307	149
9049	京福電	0	0	0	0	0
9050	三重交	346	346	346	346	1
9051	センコン物流	0	0	0	0	0
9052	山陽電	285	285	285	285	1
9053	中央運輸	242	242	242	242	1
9054	大和物流	520	520	520	520	3
9055	アルプス物流	0	0	0	0	0
9056	ヒューテック	1270	1270	1270	1270	1
9057	遠州トラック	0	0	0	0	0
9058	トランコム	480	490	480	480	42
9059	カンダ	299	300	299	300	4
9060	日ロジテム	380	380	380	380	2
9061	富士物流	0	0	0	0	0
9062	日通	600	605	590	598	1216
9063	岡県運送	0	0	0	0	0
9064	ヤマト運	2290	2290	2255	2275	426
9065	山九	93	93	90	90	568
9066	日新	198	198	198	198	8
9067	丸運	230	234	230	234	3
9068	丸全運	207	208	207	208	8
9069	センコー	215	215	210	210	74
9070	トナミ	219	219	214	216	16
9072	日梱包	700	700	687	687	42
9073	京極運	0	0	0	0	0
9074	日石輸	191	192	186	188	95
9075	福山運	570	570	545	555	269
9076	西濃運	585	592	577	589	191
9077	名鉄運	0	0	0	0	0
9078	エスライン	260	260	260	260	2
9079	東急ロジ	0	0	0	0	0
9080	関東西濃	0	0	0	0	0
9081	神奈交	461	461	461	461	2
9082	大和自	0	0	0	0	0
9083	神姫バ	500	500	500	500	4
9086	日立物流	591	600	590	599	11
9087	タカセ	226	226	226	226	1
9088	濃飛西濃	0	0	0	0	0
9089	ロジパル	0	0	0	0	0
9101	郵船	488	488	482	485	1960
9104	商船三井	225	228	221	224	1389
9107	川崎汽	203	205	201	203	421
9110	新和海	75	76	75	75	16
9113	乾汽船	77	77	77	77	1
9114	日之出汽船	50	50	50	50	4
9115	明治海	167	173	167	170	7
9119	飯野海	159	159	155	159	65
9123	太平海	53	53	52	53	11
9127	玉井船	41	41	41	41	5
9130	共栄タ	120	120	115	115	31
9132	第一汽	58	58	56	58	45
9133	東栄リーファ	0	0	0	0	0
9151	東京船舶	81	93	81	93	9
9152	関西汽	56	56	54	55	55
9171	栗林船	0	0	0	0	0
9173	東海汽	325	325	325	325	2
9174	ワンダーＴ	405	405	402	402	4
9176	佐渡汽	1000	1000	1000	1000	1.5
9178	日鉄物流	0	0	0	0	0
9179	川崎近海	190	190	190	190	3
9180	新和内航	219	219	219	219	1
9193	東京汽	0	0	0	0	0
9201	日本航空	410	415	407	415	1415
9202	ＡＮＡ	345	349	340	345	2638
9203	日本エアシス	3780	3800	3780	3800	1
9204	スカイマーク	200000	200000	198000	198000	0.042
9231	国際航	605	605	600	600	13
9232	パスコ	540	550	540	550	6
9233	アジア航	0	0	0	0	0
9301	三菱倉	899	900	873	896	212
9302	三井倉	218	218	209	210	784
9303	住友倉	316	316	310	313	96
9304	渋沢倉	274	274	270	270	36
9305	ヤマタネ	135	135	126	127	40
9306	東陽倉	215	215	215	215	1
9307	杉村倉	0	0	0	0	0
9308	イヌイ建	0	0	0	0	0
9309	京神倉庫	0	0	0	0	0
9310	トランシティ	209	209	204	204	35
9311	アサガミ	0	0	0	0	0
9312	ケイヒン	150	150	147	147	11
9313	丸八倉	0	0	0	0	0
9314	品川倉	161	161	161	161	1
9317	オーナミ	121	121	121	121	1
9318	Ｊブリッジ	255	255	255	255	4
9319	中央倉	549	549	540	540	3
9320	三和倉	148	148	148	148	1
9321	アイロジステ	158	158	158	158	2
9322	川西倉	0	0	0	0	0
9323	ロジステック	0	0	0	0	0
9324	安田倉	370	370	370	370	1
9351	洋埠頭	174	174	170	170	58
9353	桜島埠	190	190	190	190	4
9355	リンコー	0	0	0	0	0
9357	名港海	0	0	0	0	0
9358	宇徳運	150	155	149	150	16
9359	伊勢湾	260	260	260	260	2
9360	鈴与シンワ	160	160	160	160	1
9361	伏木運	0	0	0	0	0
9362	兵機海	130	130	130	130	10
9363	大運	60	60	60	60	2
9364	上組	540	540	518	523	99
9365	トレーディア	104	104	104	104	2
9366	サンリツ	740	750	740	750	0.8
9367	大東港運	0	0	0	0	0
9368	キムラユニテ	502	502	502	502	2
9369	キユソ流通	0	0	0	0	0
9370	郵船航空	2450	2450	2420	2450	3
9373	ニッコウトラ	2500	2500	2500	2500	3
9401	ＴＢＳ	3840	3840	3740	3740	953
9402	ＣＢＣ	1300	1300	1280	1300	3.3
9404	日テレ	60000	60800	59800	60400	38.84
9405	朝日放	13000	13600	12900	13000	6.21
9408	新潟放	0	0	0	0	0
9431	ＫＤＤ	8200	8310	8100	8300	133.8
9432	ＮＴＴ	1230000	1230000	1190000	1200000	17.043
9433	ＫＤＤＩ	754000	772000	748000	767000	12.761
9434	ボーダフォン	3180000	3250000	3120000	3200000	0.946
9435	光通信	5300	5300	4710	4710	158.4
9436	沖縄セルラー	441000	475000	441000	475000	0.03
9437	ＮＴＴドコモ	2650000	2660000	2570000	2590000	11.063
9438	ＭＴＩ	830000	830000	750000	780000	0.288
9439	ビーアイジー	999000	999000	923000	926000	0.009
9441	ベルパーク	2170000	2170000	2150000	2150000	0.002
9442	ＪＳＡＴ	1260000	1270000	1230000	1250000	0.963
9449	ＧＭＯインター	4810	4820	4730	4770	33
9470	学研	204	207	200	202	211
9471	文渓堂	0	0	0	0	0
9472	エスコム	497	497	452	461	84
9473	アスキー	945	950	945	945	21
9474	ゼンリン	2885	2925	2795	2800	16.6
9475	昭文社	2620	2660	2610	2630	35.5
9476	中央経済	340	340	340	340	1
9477	角川ＨＤ	9950	10230	9900	10200	28.1
9478	翔泳社	2300000	2310000	2250000	2250000	0.042
9501	東電	2490	2500	2465	2485	1449.6
9502	中部電	1880	1897	1871	1896	169.3
9503	関西電	1860	1860	1833	1860	278.4
9504	中国電	1705	1720	1690	1698	89.8
9505	北陸電	1526	1530	1513	1526	48.1
9506	東北電	1530	1530	1501	1515	146.2
9507	四国電	1550	1550	1510	1537	55.4
9508	九州電	1657	1661	1630	1650	202.2
9509	北海電	1500	1500	1482	1487	79.4
9511	沖縄電	1938	1938	1928	1930	2.5
9531	東ガス	277	281	273	276	2299
9532	大ガス	282	284	272	276	2346
9533	邦ガス	209	209	205	207	93
9534	北ガス	197	199	195	199	9
9535	広ガス	220	220	220	220	1
9536	西部ガス	159	162	159	162	91
9537	北陸ガ	0	0	0	0	0
9539	葉ガス	0	0	0	0	0
9540	中ガス	0	0	0	0	0
9541	大多喜ガス	0	0	0	0	0
9542	新日ガス	400	420	400	420	4
9600	アイネット	885	885	879	879	11
9601	松竹	532	535	532	535	41
9602	東宝	18000	18000	17950	17950	1.8
9603	ＨＩＳ	4250	4290	4200	4290	8.1
9604	際放映	200	200	200	200	1
9605	東映	822	829	815	821	212
9607	葵プロ	1631	1631	1590	1600	60
9608	福山コンサル	0	0	0	0	0
9609	ベンチャーリ	8750	8800	8560	8560	28.6
9610	ウィルソン	3010	3300	3010	3250	8.8
9611	Ｄワンダー	760	760	760	760	1
9612	ラックランド	0	0	0	0	0
9613	ＮＴＴデータ	1070000	1070000	1030000	1050000	3.301
9614	ベルシス24	47000	48000	47000	47950	14.25
9615	東京美装	575	575	560	560	21
9616	共立メンテ	2820	2890	2810	2890	2.7
9618	エームサービス	0	0	0	0	0
9619	イチネン	0	0	0	0	0
9620	スクウェア	5640	5670	5580	5580	35.7
9621	建設技研	600	618	600	618	1.7
9622	スペース	522	522	500	514	15.5
9623	キヤノンソフ	720	720	720	720	1
9624	長大	470	470	470	470	1
9625	セレスポ	230	230	230	230	3
9626	日本技開	0	0	0	0	0
9627	アインファマ	1410	1410	1390	1390	10
9628	燦ＨＤ	4630	4730	4630	4730	3.2
9629	ＰＣＡ	3600	3800	3600	3600	9.5
9630	アップ	370	370	370	370	0.5
9631	東急レク	590	609	590	590	3
9632	スバル	351	351	351	351	2
9633	テアトル	197	197	195	195	7
9634	修学社	520	520	500	500	7
9635	武蔵野	0	0	0	0	0
9636	きんえい	320	320	320	320	2
9637	オーエス	0	0	0	0	0
9638	情報技術	770	770	770	770	1
9639	三協フロンテ	307	307	307	307	2
9640	セゾン情報	739	739	739	739	1
9641	サコス	124	124	124	124	4.1
9642	コマスタ	10000	10000	10000	10000	0.3
9643	中日興	16000	16000	15900	15900	0.2
9644	タナベ経営	390	390	385	390	1
9645	ダイヤモンドコン	1360	1360	1350	1359	4.6
9646	タイトー	99900	99900	98600	99500	0.179
9647	協和コンサル	0	0	0	0	0
9648	ウエスコ	300	300	300	300	7.2
9649	明電エンジニア	670	670	660	660	12.7
9650	テクモ	1490	1490	1455	1465	9.4
9651	日本プロセス	0	0	0	0	0
9652	日本医療	2220	2220	2120	2140	15.5
9653	ＳＢＩパートナ	888	888	868	868	3
9654	コーエー	3910	4090	3870	4060	20
9656	三井ランド	575	610	575	610	2.1
9657	コムテック	0	0	0	0	0
9658	ビジ太田昭	672	672	645	645	8
9660	ＣＲＣソリュ	1630	1630	1610	1610	2
9661	歌舞伎	0	0	0	0	0
9662	アイフル	550	550	550	550	10
9663	ナガワ	760	760	750	750	12
9664	御園座	1140	1140	1140	1140	1
9665	吉本興	1261	1262	1260	1262	15
9667	ホリプロ	770	770	701	701	3
9668	相鉄企業	435	435	435	435	2
9669	オークネット	5180	5250	5180	5250	11.4
9671	よみランド	381	381	374	381	8
9672	東競馬	124	124	118	118	1964
9673	甲子園土地	0	0	0	0	0
9674	花月園	210	210	210	210	3
9675	常磐興	158	158	153	153	16
9676	松戸公産	456	456	456	456	1
9677	日本ジャンボ	730	730	721	725	1.4
9678	カナモト	796	799	777	780	227
9679	ホウライ	0	0	0	0	0
9680	共成レンテム	550	555	550	555	4
9681	東京ドーム	495	498	488	494	112
9682	ＤＴＳ	6980	7190	6980	7100	45.4
9684	スク・エニ	6190	6190	5950	5950	102.8
9685	共同コンＨＤ	0	0	0	0	0
9686	東洋テック	0	0	0	0	0
9687	ＫＳＫ	0	0	0	0	0
9689	グリンハウス	1620	1620	1620	1620	1
9691	両毛システム	0	0	0	0	0
9692	シーイーシー	1652	1670	1625	1630	29.6
9694	日立ソフト	11350	11520	11260	11410	68.2
9695	鴨川グランド	301	301	301	301	1
9696	ウィザス	370	370	360	360	2
9697	カプコン	3940	3980	3880	3880	41.3
9698	クレオ	1120	1120	1120	1120	8
9699	西尾レント	705	706	705	706	2.7
9700	エスアールエル	1180	1180	1165	1165	8
9701	会舘	253	253	253	253	2
9702	アイエスビー	1440	1450	1370	1420	9
9703	ジェネラスコーポ	101	101	100	101	22
9704	東海観	94	94	89	90	231
9706	日本空港ビル	892	892	880	880	22
9707	メデカＪ	851	851	805	810	30
9708	帝ホテル	1500	1500	1500	1500	1
9709	日コンピュタ	750	750	749	749	2
9710	第一ホテ	3	3	2	3	235
9711	日コンシス	0	0	0	0	0
9712	ファイ	580	581	570	570	26
9713	ロイヤルホ	209	209	197	197	15
9714	ＳＲＡ	1920	1920	1900	1900	1.8
9715	トランスコス	13270	13560	13150	13390	68.8
9716	乃村工芸社	362	362	362	362	2
9717	ジャステック	3300	3300	3300	3300	1.1
9718	国際観光会館	0	0	0	0	0
9719	住商情報	7640	7640	7250	7490	20
9720	グランド	0	0	0	0	0
9722	藤田観	595	595	588	588	9
9724	新阪急ホテル	195	195	195	195	1
9725	東急ホテル	163	167	160	163	31
9726	近ツーリスト	330	338	328	330	23
9727	東急観光	135	136	135	135	11
9728	日本管財	1750	1758	1740	1740	9.1
9729	トーカイ	800	800	700	700	10
9730	ワオコーポ	380	380	380	380	1
9731	白洋舎	327	327	322	322	10
9732	東映ラボ	0	0	0	0	0
9733	ナガセ	1340	1340	1330	1330	6
9734	精養軒	0	0	0	0	0
9735	セコム	7470	7470	7200	7330	194
9736	白青舎	0	0	0	0	0
9737	ＣＳＫ	2860	2900	2830	2900	154.7
9738	インテック	2060	2060	2000	2005	56
9739	ＮＳＷ	7540	7600	7380	7400	21.7
9740	ＣＳＰ	600	600	600	600	1
9741	日立情報	3780	3790	3700	3700	45.7
9742	アイネス	1834	1850	1802	1810	59.1
9743	丹青社	647	647	647	647	5
9744	メイテック	4700	4710	4600	4660	42.9
9746	ＴＫＣ	2315	2315	2260	2295	21.3
9747	アサツーＤＫ	4000	4080	3950	3980	91.8
9748	ＮＪＫ	673	675	673	673	7
9749	富士ソフト	7950	8150	7860	7960	161.4
9750	ソラン	2265	2265	2150	2200	162
9751	ＴＩＳ	6000	6100	5920	6100	88
9752	ナムコ	3180	3200	3090	3160	209.2
9753	ＩＸナレッジ	685	699	685	699	5
9755	応用地質	1390	1390	1361	1369	10.7
9756	ＡＳＫ	890	890	890	890	1
9757	船井研	786	786	760	760	2
9758	ジシステム	566	567	551	551	9
9759	日システムデ	9580	9700	9510	9650	17.4
9760	進学会	0	0	0	0	0
9761	東海リース	198	198	195	195	4
9762	大和リース	316	316	315	316	64
9763	丸紅リ	117	117	116	116	8
9764	技研興	200	200	200	200	1
9765	オオバ	178	178	178	178	2
9766	コナミ	8500	8500	8250	8400	176.2
9767	日建工学	252	252	252	252	1
9768	国土環境	710	711	710	710	4
9769	学究社	0	0	0	0	0
9776	札臨	0	0	0	0	0
9777	日電計算	2085	2085	2000	2000	8.4
9778	昴	680	680	660	660	6
9779	メフォス	930	930	930	930	1
9780	ビステム	0	0	0	0	0
9781	石川島汎サ	0	0	0	0	0
9782	ＤＭＳ	740	740	710	710	3
9783	ベネッセ	6200	6290	6170	6200	69.4
9784	日工検	1520	1520	1520	1520	0.5
9785	大新東	253	253	252	252	2
9786	キャッツ	1619	1620	1572	1580	11.5
9787	Ｊメンテ	970	980	961	970	9.5
9788	ナック	785	786	780	780	6.1
9789	栄光	0	0	0	0	0
9790	福井コン	605	605	605	605	2
9791	ビケンテクノ	711	711	701	701	3
9792	ニチイ学館	5100	5150	5050	5080	54.1
9793	ダイセキ	2000	2040	2000	2030	11.7
9794	カラカミ観光	701	701	700	700	3
9795	ステップ	835	835	825	825	3
9796	ダイテック	1430	1430	1430	1430	0.1
9797	大日本コン	0	0	0	0	0
9798	シダックス	0	0	0	0	0
9799	旭情報	1220	1220	1200	1200	2
9810	日鉄商	0	0	0	0	0
9811	アスティス	0	0	0	0	0
9812	テーオー	0	0	0	0	0
9813	トッキ	2440	2440	2160	2250	16
9814	アシックス商	0	0	0	0	0
9815	カテナ	0	0	0	0	0
9816	バーテックス	396	399	395	399	3
9817	ゴトー	1000	1000	1000	1000	9
9818	大丸エナ	0	0	0	0	0
9820	エムティＧ	0	0	0	0	0
9821	日アムウ	900	900	900	900	1.8
9822	なが多	143	145	142	142	781
9823	マミーマート	1200	1390	1200	1390	3.3
9824	泉州電	0	0	0	0	0
9825	アズウェル	405	409	405	408	7.4
9826	ＪＥＵＧＩＡ	166	167	166	166	3
9827	リリカラ	170	172	168	170	33
9828	元気寿司	1149	1149	1149	1149	1
9829	ながの東急	0	0	0	0	0
9830	トラスコ中山	1504	1520	1504	1520	8.6
9831	ヤマダ電	9250	9250	8710	9000	36.8
9832	オートバクス	3300	3300	3200	3210	27.8
9833	エルクコーポ	0	0	0	0	0
9834	リオチェン	0	0	0	0	0
9835	ジュンテン	308	308	305	305	2
9836	リーバイス	0	0	0	0	0
9837	モリト	570	570	570	570	6
9838	トラベラー	0	0	0	0	0
9839	ゲッツブラザーズ	505	505	505	505	4.5
9840	ホーマック	2300	2340	2300	2330	4.7
9841	ＢＭＢ	327	367	325	347	281
9842	アークランド	1310	1310	1280	1280	12
9844	ユーエスシー	1580	1580	1580	1580	1
9845	パーカー	225	225	225	225	1
9846	天満屋ス	0	0	0	0	0
9847	ソリスト	377	392	377	392	2
9848	トヨタカローラ岐阜	0	0	0	0	0
9849	河内屋紙	0	0	0	0	0
9850	グルメ杵屋	835	835	824	834	3
9852	中央物産	0	0	0	0	0
9853	銀座ルノア	0	0	0	0	0
9854	愛眼	960	970	960	970	6.1
9855	くろがねや	400	405	400	403	3
9856	ケーユー	765	770	742	765	5.5
9857	英和	0	0	0	0	0
9858	明光商会	1920	1950	1890	1900	6
9859	ユーストア	0	0	0	0	0
9860	岐阜日野	0	0	0	0	0
9861	吉野家ディー	180000	182000	177000	177000	1.196
9862	メモレックス・テレ	272	272	272	272	2
9863	靴のマルトミ	0	0	0	0	0
9864	ナカイ	0	0	0	0	0
9865	日商エレク	2855	3000	2810	2905	151
9867	ソレキア	530	600	530	585	39
9868	トリイ	381	381	381	381	1
9869	加藤産	626	626	626	626	1
9870	ハナテン	1830	1840	1830	1840	2.1
9871	イトーキ	245	246	240	240	11
9872	北恵	0	0	0	0	0
9873	ケンタッキー	1430	1430	1430	1430	4
9875	マツモトキヨ	9900	9900	9760	9890	5.8
9876	コックス	0	0	0	0	0
9877	マルフル	0	0	0	0	0
9878	セキド	0	0	0	0	0
9879	フタタ	189	190	188	189	13
9880	イノテック	4300	4340	4180	4300	11
9882	イエロハット	1010	1010	999	1000	10.4
9883	富士エレ	2360	2380	2350	2350	15
9884	都築電産	724	724	721	721	3
9885	シャルレ	699	699	685	685	5
9887	松屋フーズ	1900	1900	1875	1884	19.6
9888	ＵＥＸ	0	0	0	0	0
9889	ＪＢＣＣ	3310	3490	3260	3360	206.4
9890	マキヤ	0	0	0	0	0
9892	卑弥呼	1170	1170	1170	1170	1
9893	ホームワイド	401	402	401	402	22
9894	アトル	0	0	0	0	0
9895	コンセック	222	222	221	222	6
9896	Ｊ建材	600	600	600	600	2
9897	ユニダックス	714	724	705	710	54
9898	サハダイヤ	318	339	311	339	374
9899	サンデサン	759	759	759	759	1
9900	サガミ	866	875	866	875	6
9901	宮	880	880	870	870	7
9902	日伝	1400	1460	1400	1460	12
9903	カンセキ	0	0	0	0	0
9904	ベリテ	240	240	240	240	8
9905	コージツ	0	0	0	0	0
9906	藤井産業	0	0	0	0	0
9907	大電社	610	610	610	610	2
9908	日本電計	610	610	610	610	1
9909	愛光電気	0	0	0	0	0
9911	真電	400	400	400	400	1
9912	ダイワボ情	2180	2190	2060	2090	144.5
9913	日邦産業	305	310	305	310	2
9914	植松商会	267	267	267	267	1
9915	アサヒビールＳ	449	449	449	449	1
9916	バイタルＮ	716	720	708	719	3.2
9917	マツモト電器	0	0	0	0	0
9918	ダイワラクダ	380	380	380	380	3
9919	関西スーパ	499	499	499	499	4
9920	シービーエム	0	0	0	0	0
9921	ギガス	0	0	0	0	0
9922	日立機材	544	544	525	525	2
9923	ダイトーエム	460	460	460	460	2
9924	ドミー	0	0	0	0	0
9925	北の家族	1100	1100	1100	1100	5
9926	ダイカ	312	312	310	310	4
9927	ワットマン	0	0	0	0	0
9928	ミロク情報	1170	1200	1150	1200	13.5
9929	平和紙業	0	0	0	0	0
9930	北沢産	300	301	295	295	14.5
9931	家族亭	0	0	0	0	0
9932	杉本商	0	0	0	0	0
9934	因幡電産	1300	1310	1300	1310	3
9935	あずみ	290	291	290	291	2
9936	王将フード	1147	1147	1139	1139	14
9937	セシール	1279	1319	1250	1319	6
9938	住金物産	97	97	96	96	8
9939	すみや	470	470	470	470	3
9941	太洋物産	0	0	0	0	0
9943	ココス	710	715	710	710	13
9944	インパクト	1530	1530	1500	1525	2.3
9945	プレナス	4450	4450	4400	4400	2.5
9946	ミニストップ	2375	2375	2330	2340	7.9
9947	シムリー	1060	1060	1060	1060	13.5
9948	アークス	1070	1080	1050	1070	17
9949	タイヨー	2175	2175	2175	2175	1
9950	ハチバン	530	530	526	526	2
9951	カーマ	556	559	551	558	5.1
9952	ドトール	7900	7900	7750	7750	1.5
9953	ダイキ	1340	1340	1335	1335	8.8
9954	東京小僧寿し	605	605	604	604	4
9955	ヨンキュウ	2220	2240	2210	2240	1.8
9956	バロー	0	0	0	0	0
9957	バイテック	1900	1940	1850	1900	10.8
9958	サリ	0	0	0	0	0
9959	アシード	850	879	850	870	2.8
9960	東テク	0	0	0	0	0
9961	エムオーテック	150	150	150	150	7
9962	駿河製機	10200	10300	9960	10200	38.7
9963	江守商事	450	450	440	440	4
9964	アイ・テック	0	0	0	0	0
9965	福原	475	480	475	475	4
9966	藤久	2400	2410	2360	2360	3.9
9967	堺商事	0	0	0	0	0
9968	イチヤ	220	220	220	220	7
9969	ショクブン	900	910	900	910	4
9970	東洋オフィス	0	0	0	0	0
9971	カウボーイ	0	0	0	0	0
9972	アルテック	1108	1134	1100	1100	10.4
9973	小僧本部	0	0	0	0	0
9974	ベルク	0	0	0	0	0
9975	マルヤ	3000	3050	3000	3000	4.3
9976	セキチュー	599	599	599	599	12
9977	アオキスーパ	0	0	0	0	0
9978	文教堂	1640	1640	1380	1380	35
9979	大庄	1171	1171	1150	1167	30
9980	マルコ	860	861	855	860	8.2
9981	ニック産業	0	0	0	0	0
9982	タキヒヨー	520	520	520	520	4
9983	ファストリ	35300	35700	35200	35700	43
9984	ソフトバンク	10700	11000	10320	10880	1328.2
9985	榮太郎	840	850	840	850	9
9986	蔵王産業	448	448	448	448	1
9987	スズケン	4300	4420	4280	4350	238.5
9988	神港魚類	0	0	0	0	0
9989	サンドラッグ	7750	7990	7750	7900	46.2
9990	東京デリカ	438	438	430	430	5
9991	ジェコス	360	360	340	340	20.1
9992	理研グリン	0	0	0	0	0
9993	ヤマザワ	0	0	0	0	0
9994	やまや	0	0	0	0	0
9995	イーストン	760	760	760	760	1
9996	サトー商会	0	0	0	0	0
9997	ベルーナ	4730	4800	4730	4770	26.2
