20000814
1001	日経２２５	16110	16227	16055	16154	45.009
1002	ＴＯＰＩＸ	1491	1493	1483	1493	45.009
1301	極洋	144	146	143	143	111
1319	日経300F	286	291	286	291	20
1331	ニチロ	169	170	168	169	115
1332	日水	190	192	189	191	876
1333	マルハ	145	147	144	145	88
1351	宝幸水産	77	79	77	78	23
1352	ホウスイ	99	99	99	99	5
1376	カネコ種	0	0	0	0	0
1377	サカタタネ	2150	2180	2145	2150	23
1378	雪国まいたけ	0	0	0	0	0
1379	ホクト	3120	3200	3120	3150	45.7
1380	秋川牧園	0	0	0	0	0
1491	中外鉱	247	260	247	259	6172
1501	三井鉱山	95	96	94	96	118
1503	住友炭	81	81	80	81	46
1515	日鉄鉱	246	248	245	247	9
1518	三井松島	170	170	165	168	39
1601	帝石	375	375	365	372	222
1603	アラビア石油	370	370	365	370	54.5
1661	ガス開	447	458	441	458	17
1701	昭和鉱	262	270	262	265	25
1702	共立マテリア	385	385	385	385	3
1735	伊田テクノス	401	401	400	401	3
1736	オーテック	0	0	0	0	0
1737	三井エンジ	0	0	0	0	0
1738	ＮＩＴＴＯＨ	0	0	0	0	0
1739	ＳＥＥＤ	0	0	0	0	0
1740	極東工業	0	0	0	0	0
1741	ミサワサンイ	750	750	750	750	2
1742	セコムテクノ	2900	2900	2900	2900	4
1743	コーアツ工業	0	0	0	0	0
1744	キョーエイ	0	0	0	0	0
1745	ミサワホーム東海	0	0	0	0	0
1746	光和建設	0	0	0	0	0
1748	ミサワ北日	300	300	300	300	2
1750	カナック	0	0	0	0	0
1751	日立プラサ	0	0	0	0	0
1752	富士通シス	1200	1249	1200	1249	4
1753	土屋ツバイ	174000	174000	174000	174000	0.001
1754	東新住建	795	795	780	790	6
1755	JFE工建	345	345	345	345	2
1756	和興エンジ	0	0	0	0	0
1757	千年の杜	0	0	0	0	0
1758	太洋基礎	510	510	500	500	3
1759	ジオトップ	260	260	260	260	2
1762	高松建設	1300	1300	1261	1300	4.5
1763	北陸ミサワ	521	521	521	521	1
1764	工藤建設	0	0	0	0	0
1765	イビデンテック	331000	332000	331000	331000	0.003
1766	東建コーポ	1400	1510	1400	1450	15
1767	沖ウィン	0	0	0	0	0
1768	ソネック	256	260	256	260	7
1770	藤田エンジ	730	730	730	730	2
1772	東北エンタープライズ	0	0	0	0	0
1774	機動建	205	205	205	205	24
1775	富士電Ｅ＆Ｃ	0	0	0	0	0
1776	三井住建道路	102	102	102	102	3
1777	川崎設備	0	0	0	0	0
1778	古河総設	0	0	0	0	0
1779	松本建工	0	0	0	0	0
1780	ヤマウラ	363	363	363	363	0.5
1781	国土総合	319	319	319	319	4
1782	常磐開発	0	0	0	0	0
1783	南野建設	0	0	0	0	0
1784	サワコー	425	425	415	416	1.7
1785	ナナボシ	0	0	0	0	0
1786	オリ建	425	425	401	401	2.3
1787	ナカボテック	215	215	215	215	2
1788	三東工業	194	194	194	194	1
1789	山加電業	355	355	355	355	3
1790	平和奥田	0	0	0	0	0
1791	三井木材	0	0	0	0	0
1792	みらい建設Ｇ	215	216	215	216	8
1793	大本組	560	560	560	560	1
1795	マサル	0	0	0	0	0
1796	トヨタウッド	278	278	278	278	0.9
1797	藤木工務店	0	0	0	0	0
1798	守谷商会	0	0	0	0	0
1799	第一建設	0	0	0	0	0
1800	利塚地下技術	180	182	180	182	3
1801	大成建	155	157	154	156	447
1802	大林組	450	458	450	456	707
1803	清水建	305	312	305	311	1085
1804	佐藤工業	51	53	51	52	137
1805	飛島建	44	44	42	42	288
1806	ACリアル	42	43	41	43	340
1807	渡辺組	0	0	0	0	0
1808	長谷工	38	39	38	39	873
1809	富士工	68	69	68	69	33
1810	松井建	308	310	301	310	7
1811	銭高組	263	263	263	263	3
1812	鹿島	345	346	335	335	1039
1813	不動建	143	147	143	145	22
1814	大末建	71	72	70	70	48
1815	鉄建	112	115	112	115	142
1816	安藤建	221	223	221	223	8
1817	勝村建	145	145	139	139	12
1818	日産建設	95	96	95	96	10
1819	太平工	147	149	147	149	8
1820	西松建	400	400	388	398	340
1821	三井住友建	72	73	71	72	27
1822	大豊建	160	161	159	160	32
1823	住友建設	85	85	82	83	46
1824	前田建	413	420	405	420	189
1825	環境建設	93	93	92	93	85
1826	佐田建	0	0	0	0	0
1827	ナカノフドー建	88	88	85	85	13
1828	田辺工業	0	0	0	0	0
1829	大和建設	0	0	0	0	0
1830	共栄冷機工業	330	370	330	370	10
1831	積水ハ北陸	640	640	640	640	1
1833	奥村組	381	381	372	375	154
1834	小田急建	243	243	241	241	1.5
1835	東鉄工	229	230	227	230	8
1836	大日本土木	151	154	151	154	2
1837	間組	54	55	51	52	1514
1838	古久根建設	98	99	98	98	11
1839	真柄建	154	159	153	159	7
1840	土屋ホーム	300	300	295	295	1.1
1841	サンユ	0	0	0	0	0
1842	昭和テクノ	920	920	920	920	2
1844	大盛工業	136	139	130	138	28
1845	森本組	108	108	108	108	4
1846	鈴縫工	0	0	0	0	0
1847	イチケン	102	103	102	103	6
1848	富士ＰＳ	0	0	0	0	0
1850	南海辰村建	80	80	80	80	9
1851	大木建設	196	201	195	200	7
1852	浅沼組	151	159	151	155	8
1853	森組	0	0	0	0	0
1854	新井組	126	126	125	126	8.6
1855	東急建設	72	73	70	72	55
1856	ジェイオー建設	0	0	0	0	0
1857	松村組	111	111	111	111	1
1858	井上工	67	67	65	66	80
1860	戸田建	515	529	513	529	119
1861	熊谷組	43	44	42	44	1888
1862	横河工事	0	0	0	0	0
1863	テトラ	215	215	210	210	5
1865	青木あすなろ建	0	0	0	0	0
1866	北野建	240	240	236	238	19
1867	植木組	182	182	182	182	2
1868	三井ホーム	419	425	419	425	16
1869	名工建	0	0	0	0	0
1870	矢作建	362	362	362	362	1
1871	ピーエス三菱	395	395	391	392	1.7
1872	アゼル	315	315	311	311	32
1873	東ハウス	403	403	400	401	19
1874	佐藤秀	0	0	0	0	0
1875	青木マリン	345	345	340	340	2
1877	川田建設	0	0	0	0	0
1878	大東建	1871	1890	1843	1880	93.9
1879	新日本建	225	230	225	230	2
1880	スルガコーポ	0	0	0	0	0
1881	ＮＩＰＰＯ	476	487	473	478	53
1882	東亜道	215	219	206	206	12
1883	前田道	514	514	508	513	72
1884	日道路	165	165	162	164	17
1885	東亜建	139	144	138	143	195
1886	青木建設	35	37	35	37	557
1888	若築建	131	131	125	127	251
1889	佐伯建	138	145	138	145	22
1890	東洋建	85	88	85	88	48
1892	徳倉建	0	0	0	0	0
1893	五洋建	146	147	143	147	113
1895	大成ロテック	160	161	156	161	23
1896	大林道	288	288	280	280	9
1897	金下建	500	501	500	501	4
1898	世紀東急	85	85	84	85	24
1899	福田組	290	290	289	290	6
1900	白石	377	378	358	358	17
1902	山崎建設	290	290	290	290	6
1904	大成温調	350	355	350	355	2
1905	テノックス	240	259	240	259	2
1906	細田工務	350	350	348	348	2
1907	東北ミサワ	509	509	492	492	1.5
1908	三平建設	0	0	0	0	0
1909	日本ドライ	295	295	293	293	16.5
1910	フドウ建研	0	0	0	0	0
1911	住友林	825	829	817	817	15
1912	ミサワセラミ	0	0	0	0	0
1913	旭ホームズ	80	80	80	80	2
1914	日基技	496	500	493	495	13.1
1915	東京ミサワホーム	0	0	0	0	0
1916	日成ビルド	162	165	160	165	10
1917	ニッセキハウス	124	126	123	126	289
1919	エスバイエル	257	259	255	256	42
1920	殖産住宅相互	92	108	90	106	2487
1921	巴	182	182	182	182	13
1922	大成ユーレック	120	122	120	121	9
1923	ミサワホーム	343	348	337	346	50
1924	パナホーム	710	710	690	708	92
1925	大和ハウス	701	706	688	696	1100
1926	ライト	448	448	435	440	30.5
1927	中 部	325	325	325	325	4.1
1928	積ハウス	1016	1036	1015	1036	1024
1929	日特建	201	201	195	195	36
1930	北陸電工	0	0	0	0	0
1931	日本電通	310	310	291	305	10
1932	コミュチュア	500	500	500	500	13
1933	西シス建	0	0	0	0	0
1934	ユアテック	355	359	349	349	12
1935	ＴＴＫ	253	253	253	253	1
1936	シーキューブ	263	275	263	263	11.2
1937	西部電工	320	320	320	320	5
1938	千歳電	0	0	0	0	0
1939	四電工	0	0	0	0	0
1940	つうけん	235	235	230	230	2
1941	中電工	1339	1339	1325	1329	58
1942	関電工	524	528	519	528	194
1943	大明	1040	1043	1030	1040	54
1944	きんでん	640	670	640	665	246
1945	東京エネシス	379	379	376	379	7
1946	トーエネク	396	397	392	392	6
1947	日本コムシス	2085	2085	2050	2060	190
1948	弘電社	331	331	321	321	6
1949	住友電設	570	570	560	570	3.1
1950	電設工	379	393	378	393	256
1951	協エクシオ	1209	1226	1200	1226	187
1952	新日空調	375	375	366	366	1.1
1953	国際電設	0	0	0	0	0
1954	日工営	213	225	213	220	197
1955	東電通	410	415	410	411	13
1956	日電設	400	400	398	398	6
1957	保安工	0	0	0	0	0
1958	三和エレック	320	320	311	311	14
1959	九電工	374	393	374	393	271
1960	サンテック	370	370	370	370	1
1961	三機工	609	614	606	614	212
1962	エルゴテック	143	150	143	150	2
1963	日揮	525	525	513	517	1281
1964	中外炉	363	370	362	362	15
1965	テクノ菱和	530	530	521	521	3.7
1966	高田工	0	0	0	0	0
1967	ヤマト	330	330	329	329	6
1968	太平電	243	246	243	243	32
1969	高砂熱	813	818	809	810	43
1970	日立プラ	295	297	295	297	8
1971	ビルト工	75	75	75	75	1
1972	三晃金	103	103	102	102	5
1973	ＮＥＣシス建	2265	2270	2245	2265	63.3
1974	宮地建設工業	560	565	560	565	5
1975	朝日工	295	295	293	293	29
1976	明星工	137	137	136	137	5
1977	ジェイコス	0	0	0	0	0
1978	アタカ	255	255	250	250	19
1979	大気社	1080	1085	1080	1082	10
1980	ダイダン	491	491	491	491	1
1981	協和日成	0	0	0	0	0
1982	日比谷設	518	518	510	511	3
1983	東芝プラ	258	258	253	256	14
1984	三信建	0	0	0	0	0
1985	大和電設	0	0	0	0	0
1986	日商インター	949	970	930	970	35.2
1987	ソルコム	268	268	268	268	2
1988	シボンド建	1360	1365	1331	1349	19.7
1989	北陸電話	0	0	0	0	0
1990	東邦建	0	0	0	0	0
1991	都築通技	890	890	890	890	0.4
1992	神田通機	0	0	0	0	0
1993	ニッタン	193	193	188	188	8
1994	高橋ウォール	0	0	0	0	0
1995	鈴木工務店	0	0	0	0	0
1996	三菱建設	0	0	0	0	0
1997	暁飯島工業	0	0	0	0	0
1998	日本土建	0	0	0	0	0
2001	日本粉	255	266	255	259	228
2002	日清粉	1095	1105	1072	1072	320
2003	日東粉	206	216	205	205	20
2004	昭和産	184	186	182	186	22
2006	東福粉	0	0	0	0	0
2007	富士粉	0	0	0	0	0
2008	増田粉	200	200	200	200	7
2009	鳥越粉	407	407	387	388	7
2051	農産工	187	190	185	186	114
2052	協同飼	118	118	117	118	43
2053	中部飼	0	0	0	0	0
2055	日和産	227	227	227	227	1
2056	日配飼	133	133	131	132	20
2057	雪印種	550	550	550	550	1
2102	台糖	282	282	265	268	13
2107	東洋糖	147	148	146	147	27
2108	甜菜糖	147	148	146	147	74
2109	三井糖	222	222	215	219	34
2111	フジ製糖	195	195	195	195	2
2112	塩水糖	321	333	321	325	7
2113	新光糖	0	0	0	0	0
2114	フジ日本精糖	0	0	0	0	0
2116	日新糖	133	133	133	133	27
2201	森永	243	245	241	243	151
2202	明菓	658	658	646	655	201
2204	中村屋	295	295	284	284	44
2205	駿河屋	93	97	93	97	5
2206	グリコ	609	630	600	630	157
2207	名糖産	1080	1080	1080	1080	1
2208	ブルボン	820	820	820	820	1
2209	井村屋	0	0	0	0	0
2211	不二家	248	249	243	248	19
2212	山パン	940	940	910	910	195
2213	ナガサキヤ	9	9	9	9	10
2215	一パン	290	290	280	280	17
2216	カンロ	0	0	0	0	0
2217	モロゾフ	209	209	200	200	3
2219	タカラブネ	109	110	108	108	21
2220	亀田製菓	0	0	0	0	0
2221	岩塚製菓	1030	1030	1030	1030	1
2222	寿製菓	484	484	484	484	1
2224	コモ	1530	1530	1530	1530	1
2261	明乳	496	499	490	491	218
2262	雪印	475	475	470	473	493
2264	森永乳	290	296	290	295	115
2266	六甲バタ	341	341	340	341	13
2267	ヤクルト	1200	1200	1151	1152	187
2268	サーティワン	0	0	0	0	0
2281	プリマ	145	145	135	143	187
2282	日ハム	1600	1600	1542	1575	121
2284	伊藤ハ	420	420	415	418	109
2286	林兼	158	160	153	156	248
2287	雪印食品	215	215	215	215	2
2288	丸大食	180	180	177	179	42
2289	相模ハム	0	0	0	0	0
2290	米久	1289	1290	1271	1280	7
2291	福留ハ	0	0	0	0	0
2292	ＳＦＯＯＤＳ	1000	1000	999	1000	7
2293	滝沢ハム	850	850	850	850	1
2294	柿安本店	1130	1130	1120	1120	2
2501	サッポロＨＤ	365	368	363	364	299
2502	アサヒ	1000	1000	987	992	2625
2503	キリン	1200	1229	1200	1229	683
2531	宝ＨＤ	2160	2220	2140	2170	319
2533	オエノンＨＤ	246	253	245	245	6
2536	メルシャン	291	295	288	288	106
2538	マルキン忠勇	171	171	160	160	31
2540	養命酒	668	670	668	668	8
2541	ニッカ	278	288	278	288	6
2571	中京コカ	977	978	967	967	17
2572	三国コカ	1380	1390	1380	1383	58
2573	北海コカ	0	0	0	0	0
2575	三笠コカ	795	795	790	790	2.3
2576	近畿コカ	1344	1350	1339	1350	27
2577	富士コカ	950	950	942	950	8
2578	四国コカ	1148	1160	1148	1160	3.5
2579	コカウエスト	3190	3230	3190	3230	24.7
2591	カルピス	500	500	493	493	20
2592	ポッカ	443	445	443	443	17
2593	伊藤園	8210	8300	8120	8290	42.8
2594	キーコーヒー	1383	1402	1380	1400	2
2595	キリンビバ	2775	2775	2735	2750	33
2596	キューサイ	3050	3110	2815	2840	32.1
2597	ユニカフェ	2220	2390	2200	2250	44.4
2598	アサヒ飲料	905	911	902	910	28.5
2599	ジャパンＦ	1040	1220	1030	1200	219
2601	ホーネンコーポ	188	188	183	183	81
2602	日清オイリオ	328	334	325	325	95
2604	吉原製油	308	309	308	309	3
2605	熊沢製油	0	0	0	0	0
2607	不二油	877	877	858	858	28
2608	ボーソー	152	152	152	152	1
2611	摂津油	0	0	0	0	0
2612	かどや製油	780	780	770	773	2.9
2650	橘テクトロン	902	902	902	902	2
2651	ローソン	5590	5630	5400	5500	120.4
2652	まんだらけ	570000	570000	550000	558000	0.016
2653	イオン九州	769	800	769	800	30
2654	シンワ	390	390	371	371	3
2655	マックス東北	729	730	700	705	42
2656	ベクター	2520000	2920000	2520000	2920000	0.809
2801	キッコマン	776	785	775	779	152
2802	味の素	1200	1200	1165	1178	844
2804	ブルドック	626	626	626	626	1
2805	エスビー	570	580	570	580	3
2806	ユタカフーズ	0	0	0	0	0
2808	サンビシ	0	0	0	0	0
2809	キユーピー	894	910	880	891	99
2810	ハウス食品	1629	1629	1567	1614	45
2811	カゴメ	1144	1144	1120	1133	41
2812	焼津水化	1500	1500	1485	1500	7.5
2813	和弘食品	0	0	0	0	0
2814	佐藤食品	0	0	0	0	0
2815	アリアケ	6990	7200	6990	7040	9.1
2816	ダイショー	750	750	750	750	1
2817	ギャバン	505	505	500	500	2
2830	アヲハタ	848	848	848	848	1
2831	はごろも	1150	1150	1150	1150	1
2871	ニチレイ	387	400	386	390	287
2872	セイヒョー	0	0	0	0	0
2873	加ト吉	2765	2790	2720	2790	53.7
2874	ヨコレイ	726	726	715	722	48
2875	東洋水	1024	1039	1023	1039	49
2876	ＪＣコムサ	0	0	0	0	0
2877	日東ベスト	0	0	0	0	0
2878	赤城水産	0	0	0	0	0
2879	ニチロサンフズ	443	443	443	443	1
2891	酵母工	493	493	488	488	9
2892	日食品	330	330	330	330	1
2893	ローマイヤ	0	0	0	0	0
2894	石井食	270	270	270	270	1
2897	日清食	2910	2920	2845	2920	128.5
2898	ソントン	1001	1001	1001	1001	1
2899	永谷園	900	920	880	880	5
2900	明星食	240	242	240	242	4
2901	石垣食	0	0	0	0	0
2902	太陽化	0	0	0	0	0
2903	シノブフズ	165	169	165	167	8
2904	一正蒲鉾	0	0	0	0	0
2905	オーケー食	136	136	136	136	1
2906	ホッコク	391	391	391	391	3
2907	あじかん	640	640	639	639	1
2908	フジッコ	1685	1709	1685	1709	10
2909	トオカツフズ	300	300	300	300	4
2910	Ｒフィールド	5100	5200	5000	5200	30.6
2911	旭松食品	0	0	0	0	0
2912	鐘崎	0	0	0	0	0
2913	フジフーズ	0	0	0	0	0
2914	ＪＴ	899000	915000	860000	880000	0.841
2915	ケンコーマヨ	470	470	470	470	2
2916	仙波糖化	300	340	300	340	5
2917	大森屋	774	780	770	770	4
2918	わらべ日洋	1080	1080	1080	1080	4
2920	ケイビー	1100	1100	1100	1100	1
2921	フクシマフズ	0	0	0	0	0
2922	なとり	1220	1220	1150	1190	23
3001	片倉	510	510	510	510	1
3002	グンゼ	390	390	380	380	524
3003	昭栄	1024	1024	1000	1000	4
3004	神栄	159	160	158	158	6
3007	神戸生絲	50	50	50	50	15
3009	川島織	146	150	144	145	73
3010	上毛	680	690	670	690	9
3011	バナーズ	100	100	100	100	1
3101	東洋紡	218	223	213	220	4783
3102	カネボウ	296	308	296	304	978
3103	ユニチカ	75	77	74	77	251
3104	富士紡Ｈ	66	67	65	66	153
3105	日清紡	473	480	470	473	671
3106	クラボウ	160	164	160	161	152
3107	ダイワボウ	108	109	108	108	45
3109	シキボウ	85	85	82	82	44
3110	日東紡	145	145	141	142	320
3111	オーミケン	87	90	85	85	8
3113	ＢＳＬ	70	71	70	71	32
3114	同興紡	110	115	110	115	23
3115	テザック	57	57	57	57	34
3116	トヨタ紡織	800	830	760	830	20
3117	興和紡	0	0	0	0	0
3121	アセットイン	0	0	0	0	0
3123	サイボー	0	0	0	0	0
3125	内外綿	65	65	62	62	3
3128	テラボウ	0	0	0	0	0
3129	ファブリカＴ	0	0	0	0	0
3201	日毛	425	429	420	429	46
3202	大東紡	96	98	96	97	13
3203	東亜紡織	90	90	89	89	12
3205	ダイドー	332	350	327	342	169
3206	南海毛糸紡績	96	96	93	93	6
3207	中央毛	0	0	0	0	0
3209	カネヨウ	110	110	110	110	2
3211	太陽毛絲紡	0	0	0	0	0
3216	御幸ＨＤ	415	420	415	420	5
3302	帝繊維	0	0	0	0	0
3304	トスコ	106	107	105	105	12
3306	日本麻	62	62	62	62	4
3401	帝人	430	434	420	425	2622
3402	東レ	380	385	377	381	3148
3403	東邦テナ	110	112	110	112	81
3404	三菱レ	298	303	296	298	784
3405	クラレ	1088	1100	1040	1070	544
3407	旭化成	697	699	666	682	2014
3408	サカイオーベ	99	99	97	97	12
3409	北日紡	0	0	0	0	0
3411	オートリ	169	172	169	169	10
3420	ケーエフシー	0	0	0	0	0
3421	稲葉製作	1250	1250	1250	1250	0.3
3422	丸順	0	0	0	0	0
3423	エスイー	480	480	475	475	3
3424	ミヤコ	0	0	0	0	0
3425	本郷	670	670	665	665	2
3501	住江織	118	121	118	121	4
3503	東和織	0	0	0	0	0
3512	フエルト	310	310	305	306	14
3513	イチカワ	245	247	245	247	24
3514	バイリーン	257	257	251	251	29
3515	フジコー	0	0	0	0	0
3521	エコナック	92	92	91	91	10
3524	日東網	94	96	94	96	11
3526	芦森工	213	216	212	216	31
3528	グローベルス	147	185	146	185	172
3529	アツギ	101	102	100	100	222
3532	堀田産	65	65	65	65	4
3533	ダイオ化成	0	0	0	0	0
3534	ＮＢＣ	0	0	0	0	0
3551	ダイニック	183	183	177	177	6
3552	洋クロス	255	255	250	250	10
3553	共和レ	0	0	0	0	0
3569	セーレン	417	422	415	422	45
3570	オリカキャピ	152	152	152	152	6
3571	ソトー	540	540	540	540	2
3572	大同マルタ	60	60	60	60	1
3576	カンボウ	95	95	95	95	1
3577	東海染	133	133	130	130	9
3578	倉庫精	124	125	124	125	2
3580	小松精	329	330	329	329	10
3581	岐セン	0	0	0	0	0
3583	オーベクス	0	0	0	0	0
3584	福助	167	167	167	167	14
3585	トムスエンタ	300	319	300	312	132
3587	ＩＢダイワ	182	205	180	195	2050
3588	丸山工	0	0	0	0	0
3591	ワコール	940	943	930	940	188
3592	ＣＨＯＹＡ	204	204	204	204	2
3593	ホギメデ	7110	7130	7010	7040	6.9
3594	モリシタ	0	0	0	0	0
3595	ヤギコーポ	0	0	0	0	0
3596	ワールド	3600	3630	3550	3590	167.3
3597	自重堂	0	0	0	0	0
3598	山喜	252	252	252	252	3
3599	コーコス	0	0	0	0	0
3600	フジックス	0	0	0	0	0
3601	ニチメンイン	1490	1519	1490	1492	3.6
3602	イタリヤード	0	0	0	0	0
3603	チャッコット	550	550	515	515	4
3706	東海パ	435	440	431	436	10
3861	王子紙	730	736	711	728	572
3863	日本製紙	756	756	722	740	865
3864	三菱紙	255	256	250	250	290
3865	北越紙	860	870	841	859	144
3868	高崎三興	104	105	102	105	47
3869	日本板紙	249	249	245	245	6
3870	日本加工製紙	78	78	77	77	32
3871	大昭和紙	441	441	430	431	26
3872	三島紙	160	165	160	165	3
3877	中越パ	304	304	298	298	20
3878	巴川紙	510	530	510	530	22
3880	大王紙	1100	1100	1080	1095	40
3881	特種紙	422	426	422	422	16
3882	紀州紙	195	208	195	208	21
3886	チューエツ	97	99	97	99	2
3887	中央板紙	108	108	108	108	8
3889	大平製紙	87	87	82	82	2
3890	ゼネＫＫ	630	646	620	646	13
3891	高度紙	1570	1580	1570	1570	4
3941	レンゴー	569	590	561	589	469
3944	古林紙	135	135	135	135	1
3945	スパバッグ	0	0	0	0	0
3946	トーモク	220	220	216	219	26
3947	ダイナパック	0	0	0	0	0
3948	光ビジネス	0	0	0	0	0
3949	日本ハイパック	243	243	243	243	1
3950	ザ・パック	0	0	0	0	0
3951	朝日印刷	830	830	830	830	1
3952	中央紙器	0	0	0	0	0
3953	大村紙業	0	0	0	0	0
3954	昭和パックス	450	450	450	450	1
3955	イムラ封筒	741	741	740	740	6
3971	東セロ	305	305	305	305	4
4003	コープケミ	98	98	93	98	9
4004	昭電工	164	165	161	165	1305
4005	住友化学	545	553	539	550	1095
4007	日化成	158	160	150	155	26
4008	住友精化	269	270	267	270	11
4010	三菱化学	388	395	387	395	1038
4021	日産化	775	793	775	775	1165
4022	ラサ工	294	295	281	292	213
4023	呉羽化	300	300	290	295	75
4025	多木化	359	359	353	355	8
4026	神島化	403	403	403	403	1
4027	テイカ	270	270	261	263	16
4028	石原産	170	170	167	167	198
4031	チッカリン	370	375	369	370	7
4032	日東バイオン	185	185	185	185	4
4033	日東エフシー	401	410	401	410	11
4041	日曹達	384	385	378	378	231
4042	東ソー	424	429	414	423	1897
4043	トクヤマ	661	661	632	640	306
4044	セ硝子	567	577	555	555	1022
4045	東合成	247	247	240	243	493
4046	ダイソー	234	245	234	243	14
4047	関電化	480	484	474	474	62
4050	鶴見曹達	465	465	461	461	2
4061	電化	420	423	411	413	842
4062	イビデン	2120	2145	2090	2145	240
4063	信越化	4980	5010	4910	4980	881
4064	カーバイド	128	128	123	126	38
4065	紀文フ	406	419	406	419	2
4077	富士チタン工業	520	520	520	520	1
4078	堺化学	716	724	708	724	47
4079	ハクスイテック	1700	1700	1700	1700	1
4080	田中化研	2130	2200	2100	2200	15
4086	日本エア・リキード	529	540	515	540	116
4088	エアウォータ	388	396	385	391	173
4089	大阪酸素工業	0	0	0	0	0
4091	大陽日酸	370	370	356	360	191
4092	日本化	390	394	385	394	262
4093	アセチレン	91	91	91	91	1
4094	日化産	0	0	0	0	0
4095	パーカライ	360	365	354	365	24
4096	昭炭酸	280	280	278	278	9
4097	高圧ガス	323	325	318	324	41
4098	チタン	195	200	192	192	16
4099	四国化	356	356	352	352	4
4100	戸田工	570	582	570	580	41
4101	日興酸素	140	140	140	140	1
4102	丸尾カル	225	225	225	225	2
4103	大陽東洋酸素	215	215	212	214	33
4104	タテホ	231	245	230	245	10
4105	メルテックス	820	820	820	820	1
4106	ケムキャット	0	0	0	0	0
4107	伊勢化	399	429	399	420	17
4109	ステラケミ	6300	6300	6010	6060	1.7
4112	保土谷	182	184	182	184	6
4113	田岡化	0	0	0	0	0
4114	日触媒	620	620	599	617	261
4115	本州化	780	780	780	780	1
4116	大日精	391	391	389	389	2
4117	川崎化	149	149	149	149	1
4118	カネカ	1160	1254	1160	1228	2092
4119	ピグメント	312	312	312	312	2
4120	スガイ	0	0	0	0	0
4123	山化成	850	850	850	850	4
4151	協発酵	920	927	906	908	265
4182	菱ガス化	354	354	343	350	240
4183	三井化学	605	605	575	590	3526
4185	ＪＳＲ	777	787	755	761	306
4186	東応化	2200	2240	2135	2155	36
4187	大有機	581	581	580	580	3
4201	日合成	153	155	150	151	127
4202	ダイセル	305	305	296	299	159
4203	住友ベ	1370	1376	1345	1369	478
4204	積水化	392	398	392	397	488
4205	ゼオン	588	588	569	578	564
4206	アイカ	809	809	796	805	109
4208	宇部興	272	277	270	272	812
4209	フドー	118	118	118	118	4
4210	東洋化学	434	434	430	430	24
4212	積水樹	391	391	382	384	44
4213	菱樹脂	229	244	228	231	230
4214	高分子	393	393	376	390	41
4215	タキロン	426	430	425	430	20
4216	旭有機	326	355	326	335	74
4217	日立化	2350	2360	2335	2350	407.5
4218	ニチバン	383	383	378	381	6
4219	プラス・テク	101	101	101	101	1
4220	リケンテクノ	327	328	327	328	36
4221	大倉工	380	381	376	381	17
4222	児玉化	80	80	80	80	4
4224	ロンシール	80	80	80	80	2
4225	筒中	368	368	350	350	14
4226	テスコ	0	0	0	0	0
4227	郡是高分子	0	0	0	0	0
4228	積化成	206	206	204	206	33
4229	群栄化	177	182	177	182	21
4231	タイガポリ	0	0	0	0	0
4232	東芝ケミカル	331	331	330	330	6
4233	ワコー	0	0	0	0	0
4234	サンエー化研	780	800	780	800	8
4271	カーリット	786	786	786	786	1
4272	日化薬	599	605	593	597	329
4274	細火工	0	0	0	0	0
4361	川口化	155	155	155	155	1
4362	日精化	420	435	420	435	2
4363	新日鐵化学	195	201	195	200	45
4364	マナック	0	0	0	0	0
4365	松本油脂	1980	1980	1980	1980	1
4366	ダイトーケミ	0	0	0	0	0
4367	広栄化学	0	0	0	0	0
4401	旭電化	805	812	805	811	262
4403	日油脂	256	256	252	255	375
4404	ミヨシ	260	260	255	256	105
4406	日理化	600	615	582	615	21
4409	東邦化	0	0	0	0	0
4410	ハリマ化成	421	421	421	421	26
4452	花王	2920	2940	2875	2910	1085
4461	一工薬	338	343	336	341	14
4462	石原薬品	1000	1000	1000	1000	1
4463	日華化学	0	0	0	0	0
4471	三洋化	965	972	958	964	75
4501	三共	2435	2440	2380	2390	553
4502	武田	6450	6500	6370	6400	1684
4503	アステラス薬	5150	5250	5030	5100	464
4505	第一製薬	2430	2480	2420	2470	384
4506	大日薬	1397	1447	1397	1430	551
4507	塩野義	1850	1855	1820	1850	300
4508	田辺薬	810	813	801	808	268
4509	三菱ウェルファーマ	845	846	830	830	894
4511	藤沢薬品	3740	3740	3620	3720	594
4512	わかもと	450	450	448	448	22
4514	帝臓器	760	760	750	750	9
4515	萬有製薬	2320	2365	2200	2300	635
4516	日新薬	906	920	906	910	31
4517	ビオフェル	962	962	962	962	0.5
4518	富山化	512	516	497	504	556
4519	中外薬	1926	1940	1926	1940	572
4520	和光堂	3100	3100	3100	3100	0.5
4521	科研薬	724	724	715	718	105
4523	エーザイ	2950	3030	2950	2965	204
4524	仁丹	1540	1570	1540	1540	8
4526	理ビタ	1600	1600	1600	1600	7
4527	ロート	1115	1139	1115	1139	30
4528	小野薬	4380	4480	4330	4330	65
4529	日研化	393	393	385	390	15
4530	久光薬	1700	1713	1700	1707	138
4531	有機薬	363	400	358	394	50
4534	持田薬	728	738	715	722	100
4535	大正薬	3680	3690	3650	3680	192
4536	参天薬	2535	2735	2530	2665	311
4537	エスエス	1001	1005	995	1000	26
4538	扶桑薬	625	625	610	610	32
4539	ケミファ	276	281	266	271	27
4540	ツムラ	390	393	385	390	19
4541	日医工	160	160	160	160	11
4542	三笠薬	0	0	0	0	0
4543	テルモ	3050	3050	2985	3000	420.6
4544	みらかＨＤ	635	670	635	670	51
4545	国際試薬	377	377	368	368	6
4546	北陸製薬	1345	1349	1280	1315	262
4547	キッセイ	2335	2340	2335	2340	44
4548	生化学	1080	1110	1070	1070	16
4549	栄研化	1650	1650	1570	1600	19
4550	日水薬	650	650	650	650	2
4551	鳥居薬	2820	2825	2800	2825	11.6
4552	日本ケミカル	791	791	780	780	26
4553	東和薬品	760	775	760	760	8
4554	富士製薬	380	380	380	380	3
4555	沢井製薬	1390	1390	1390	1390	0.5
4556	カイノス	1370	1420	1250	1280	27
4557	医学生物	3850	4350	3800	4250	56
4558	中京医薬	1000	1000	1000	1000	0.5
4559	ゼリア新薬	1170	1199	1170	1198	9
4560	キョーリン薬	4000	4160	4000	4130	11
4561	デンカ生研	0	0	0	0	0
4611	大日塗	175	177	175	176	14
4612	日本ペ	330	330	321	322	99
4613	関西ペ	295	295	277	286	109
4614	トウペ	0	0	0	0	0
4615	神東塗	130	130	130	130	1
4616	川上塗	0	0	0	0	0
4617	中国塗	239	239	231	231	5
4619	日特塗	264	264	263	264	4
4620	藤倉化	410	410	410	410	11
4621	ロック	0	0	0	0	0
4622	ユニペイン	0	0	0	0	0
4623	アサヒペン	291	291	291	291	2
4624	イサム	0	0	0	0	0
4625	アトミクス	0	0	0	0	0
4626	太陽インキ	5800	5800	5600	5600	0.3
4627	ナトコ	825	830	825	825	5
4628	エスケー化研	0	0	0	0	0
4629	大伸化学	0	0	0	0	0
4631	インキ	400	400	383	390	1131
4633	サカタＩＮＸ	289	289	287	289	13
4634	洋インキ	210	214	210	214	51
4635	東インキ	247	247	247	247	1
4636	Ｔ＆Ｋ	2760	2760	2760	2760	4.5
4640	アンドール	391	391	390	390	4
4641	アルプス技	1670	1670	1610	1610	3
4642	オリジナル設	980	980	980	980	1
4643	コナミスポ	8030	8030	7880	8020	9
4644	イマジニア	1950	2020	1890	1990	7.2
4645	市進	0	0	0	0	0
4646	ジャスフォート	0	0	0	0	0
4649	大成	519	519	519	519	0.5
4650	スガイエンタ	0	0	0	0	0
4651	サニックス	7300	7300	7130	7130	31.7
4652	ウッドランド	2370	2370	2350	2350	1.3
4653	ダイオーズ	0	0	0	0	0
4654	ニチゾウテク	0	0	0	0	0
4655	ＮＯＶＡ	580	580	560	560	4
4656	サン・ライフ	3390	3400	3390	3400	0.8
4657	環境管理	0	0	0	0	0
4658	日本空調	0	0	0	0	0
4659	エイジス	1190	1190	1190	1190	1
4660	ニッポン放送	5550	5800	5550	5570	73
4661	ＯＬＣ	10450	10450	10210	10350	27.5
4662	フォーカス	4600	4600	4300	4300	7.7
4663	ＡＴＬ	650000	670000	600000	645000	0.018
4664	ＲＳＣ	0	0	0	0	0
4666	パーク２４	13780	13780	13500	13600	4.6
4667	アイサンテク	325	360	320	360	4
4668	明光ネット	359	360	359	360	3
4669	ニッパンＲ	0	0	0	0	0
4670	セタ	0	0	0	0	0
4671	ファルコバ	2200	2300	2200	2280	7
4672	ベルックス	1100	1100	1100	1100	1
4673	川崎地質	0	0	0	0	0
4674	クレスコ	9030	9200	9030	9190	4.4
4675	エヌエス環境	0	0	0	0	0
4676	フジテレビ	1440000	1450000	1400000	1420000	2.024
4677	デザイ	0	0	0	0	0
4678	秀英	1260	1260	1260	1260	1
4679	田谷	3060	3060	3000	3000	5.2
4680	ラウンドワン	237000	243000	230000	234000	0.575
4681	リゾートトラ	2600	2600	2560	2600	1.7
4682	電通テック	11600	11600	11500	11500	0.9
4683	堀内カラー	619	619	619	619	1
4684	オービック	51800	52500	51000	51000	20.4
4685	菱友システム	0	0	0	0	0
4686	ジャスト	4900	5080	4900	5030	31.6
4687	ＴＤＣソフト	3600	3700	3500	3700	9.1
4688	日本ドレーク	12400	12500	11900	12000	9
4689	ヤフー	35000000	36500000	35000000	35850000	0.009
4690	日パレット	0	0	0	0	0
4692	アルゴ２１	3890	4080	3810	4020	20
4694	ＢＭＬ	3860	4000	3860	4000	1.8
4695	マイスター	531	540	531	540	2
4696	ワタベ	1021	1021	1020	1020	3
4697	ゼロ	328000	364000	328000	364000	0.023
4699	ウチダエスコ	0	0	0	0	0
4700	アクセス	7100000	7150000	7000000	7000000	0.008
4701	プレック研	0	0	0	0	0
4702	55ステーション	655	655	655	655	1
4703	住商オート	910	910	879	879	13.1
4704	トレンド	18100	18100	17600	18000	220
4705	クリップ	0	0	0	0	0
4706	富士通サポート	13000	13080	12920	13000	144.7
4707	キタック	0	0	0	0	0
4708	もしもしＨＬ	10100	10800	10100	10500	7.6
4709	ＩＤ	1200	1200	1170	1180	2.9
4710	ウィン	0	0	0	0	0
4711	コミュニティ	1187	1220	1170	1185	2.5
4712	アドアーズ	0	0	0	0	0
4713	日信電サ	0	0	0	0	0
4714	リソー教育	203000	205000	201000	201000	0.011
4715	クリエイティブ	421	421	421	421	4
4716	日本オラクル	32000	32900	31300	32900	69.9
4717	ソデッソジャパン	2000	2000	1980	1980	3
4718	早稲アカ	405	405	395	405	17
4719	アルファシス	15000	15100	14910	14980	27.6
4720	城南進研	510	510	505	505	3
4721	フジスタッフ	2830	2880	2790	2790	29.4
4722	フューチャー	1670000	1720000	1670000	1710000	0.024
4723	グッドウィル	317000	317000	317000	317000	1.042
4724	シチエ	1060	1080	1050	1080	4.2
4725	ＣＡＣ	6510	6600	6450	6520	19.3
4726	ソフトバンテク	7900	8300	7800	8000	61
4727	アジアＳ総研	2560	2620	2560	2600	2
4728	トーセ	6690	6800	6510	6750	25.3
4729	コナミスタジオ	566000	570000	561000	570000	0.01
4730	関西メンテ	0	0	0	0	0
4731	ユニバホーム	0	0	0	0	0
4732	ＵＳＳ	3400	3400	3300	3400	29
4733	ＯＢＣ	13800	15800	13800	15700	36.9
4734	ビーイング	795	800	790	790	14
4735	京進	0	0	0	0	0
4736	日本ラッド	1430	1430	1410	1410	2
4737	シダックス	1200	1240	1170	1240	10.2
4738	日立ビジネス	1900	1930	1900	1925	11.3
4739	ＣＴＣ	21700	22880	21620	22130	210.9
4740	ニューディル	1100000	1100000	1080000	1080000	0.008
4741	ＩＲＩ	6800000	6800000	6800000	6800000	0.004
4742	エイトコン	655000	655000	655000	655000	0.001
4743	アイティフォ	5300	5500	5300	5490	21.5
4744	メッツ	850000	850000	810000	811000	0.004
4745	東京個別	0	0	0	0	0
4746	東計電算	0	0	0	0	0
4747	Ｃフィッシュ	3000000	3000000	3000000	3000000	0.001
4748	構造計画	0	0	0	0	0
4749	アドバックス	0	0	0	0	0
4750	ダイサン	0	0	0	0	0
4751	サイバエージ	900000	955000	880000	955000	0.038
4752	昭和システム	490	490	490	490	1
4753	ライブドア	2750000	3100000	2750000	3010000	0.027
4754	トスネット	410	410	400	400	4
4755	楽天	3380000	3420000	3170000	3300000	0.286
4756	ＣＣＣ	0	0	0	0	0
4757	インテリ	2850000	2900000	2850000	2900000	0.03
4758	シーアイエス	9400000	9400000	9010000	9010000	0.007
4759	ライブＭ	2140000	2300000	2140000	2300000	0.011
4760	ＡＬＰＨＡ	645	645	640	640	4
4761	さくらＫＣＳ	950	950	949	949	3
4762	エクスネット	3400000	3500000	3380000	3380000	0.009
4763	クリークリバ	1980000	1980000	1980000	1980000	0.001
4764	Ｄデザイン	1500000	1500000	1450000	1450000	0.007
4765	モーニングＳ	4500000	4800000	4500000	4800000	0.002
4766	ピーエイ	1310	1350	1250	1350	20
4767	ＴＯＷ	910	930	910	930	28
4768	大塚商会	7070	7800	7010	7790	724.5
4769	インフォクリ	610	610	610	610	1
4770	エルミック	1650	1650	1610	1610	2
4771	Ｆ＆Ｍ	2220000	2220000	2200000	2200000	0.008
4772	デジタルアド	2300	2300	2150	2160	33
4773	Ａ＆Ｉ	1878	1900	1849	1849	9
4774	NECソフト	11570	13050	11300	12860	211.6
4775	総合メディカ	2120	2120	1900	2000	67.3
4901	富士写	4030	4050	3950	3970	628
4902	コニカＨＤ	971	987	936	959	834
4911	資生堂	1385	1385	1330	1359	396
4912	ライオン	410	410	401	409	149
4913	サンスター	360	360	360	360	3
4914	高砂香	460	460	455	455	31
4915	エイボンＪ	245	245	242	242	3
4916	ノエビア	1110	1110	1090	1090	5
4917	マンダム	1510	1520	1480	1500	100.6
4918	アイビー	0	0	0	0	0
4919	ミルボン	7180	7200	7100	7130	22.9
4920	日本色材	0	0	0	0	0
4921	ファンケル	10340	10800	10250	10670	93.4
4922	コーセー	3000	3090	2990	3090	25.1
4951	エステー化	679	680	678	679	10
4953	タイホー工業	370	370	370	370	1
4954	マークテック	0	0	0	0	0
4955	アグロカネシ	722	730	720	720	9
4956	コニシ	995	1001	990	995	9.6
4957	ヤスハラケミ	0	0	0	0	0
4958	長谷川香料	1768	1830	1768	1830	2.2
4959	シーシーアイ	626	626	626	626	3
4960	ケミプロ	380	380	380	380	1
4961	日油技研	0	0	0	0	0
4963	星光ＰＭＣ	0	0	0	0	0
4964	星光化学工業	355	355	355	355	0.2
4965	曽田香料	0	0	0	0	0
4966	上村工	2150	2150	2120	2120	7
4967	小林製薬	7850	7860	7770	7800	14.9
4968	荒川化工	0	0	0	0	0
4970	東洋合成	1380	1380	1300	1340	31
4987	寺岡製	720	729	720	729	2
4989	イハラケミ	230	230	220	222	18
4990	昭和化	266	266	266	266	2
4992	北興化	344	344	341	341	4
4996	クミアイ化	188	190	188	190	14
4997	日農薬	220	221	220	221	8
4998	フマキラ	192	192	191	191	11
4999	セメダイン	0	0	0	0	0
5001	新日本石油	615	636	615	630	1269
5002	昭和シェル	530	536	521	536	289
5006	興亜石油	294	294	292	294	38
5007	コスモ石	189	189	181	189	1247
5008	東亜石	111	115	110	111	18
5009	富士興	80	80	77	77	4
5010	日精蝋	0	0	0	0	0
5011	ニチレキ	463	463	462	462	2
5012	東燃ゼネ石	540	540	523	535	296
5013	ユシロ	565	565	556	556	12
5014	ジャパンエナジー	101	102	99	100	986
5015	ＢＰカスト	650	675	635	636	4
5101	浜ゴム	265	267	260	265	591
5102	大機エンジ	214	214	214	214	1
5103	昭ゴム	240	278	232	254	1781
5104	日東化工	109	110	108	109	4
5105	洋ゴム	150	150	147	148	306
5106	オーツタイヤ	220	220	215	215	33
5108	ブリヂストン	1905	1929	1850	1875	2233
5110	住友ゴ	645	653	643	653	307
5121	藤ゴム	208	208	208	208	2
5122	オカモト	280	280	271	279	92
5123	ミサワ東洋	175	175	175	175	1
5142	アキレス	170	170	163	169	66
5143	世界長	160	160	155	155	9
5161	西川ゴム	697	697	697	697	8
5162	朝日ラバー	1180	1180	1150	1170	4
5184	ニチリン	0	0	0	0	0
5185	フコク	625	625	600	610	5
5186	ニッタ	1189	1230	1160	1230	31.1
5187	クリエート	760	770	760	770	3
5188	帝都ゴム	0	0	0	0	0
5189	桜ゴム	165	165	165	165	1
5191	東海ゴ	1050	1065	1045	1060	41
5192	三星ベ	285	287	284	286	26
5193	平成ポリマー	119	119	106	110	3
5194	相模ゴ	597	598	590	590	8
5195	バンドー	228	228	221	223	85
5196	鬼ゴム	101	102	101	102	6
5199	不二ラテ	0	0	0	0	0
5201	旭硝子	1023	1027	1015	1024	1379
5202	板硝子	1900	1985	1892	1961	5961
5204	石塚硝	255	267	251	266	8
5205	日本無機	390	390	389	389	3
5208	有沢製	3090	3100	3000	3070	6.8
5210	日山村硝	181	185	180	185	42
5212	不二硝	325	325	325	325	1
5213	芝セラミ	728	738	720	728	475
5214	日電硝	2335	2345	2295	2325	162
5215	旭テクノグラス	1230	1230	1190	1190	9
5216	倉元	1800	1800	1760	1800	5.5
5217	テクノクオツ	2100	2100	2100	2100	1
5232	住友大阪	560	577	539	541	1689
5233	太平洋セメ	183	188	179	188	1086
5234	デイ・シイ	0	0	0	0	0
5237	ノザワ	95	95	95	95	2
5261	ミサワリゾ	254	256	254	256	6
5262	日ヒューム	235	240	235	240	3
5266	テイヒュー	0	0	0	0	0
5267	ハネックス	0	0	0	0	0
5268	旭コン	310	312	310	312	2
5269	日コン	115	118	115	117	6
5271	トヨアサノ	0	0	0	0	0
5272	浅野スレ	125	147	125	141	10
5273	三谷セキ	230	270	230	270	2
5274	ゼニパイプ	0	0	0	0	0
5276	石建工	390	390	381	381	6
5277	スパンクリト	0	0	0	0	0
5278	エバタ	0	0	0	0	0
5279	日本興業	0	0	0	0	0
5280	ヨシコン	579	579	579	579	3
5281	旭ダンケ	250	250	250	250	1
5282	ジオスター	950	950	930	948	3
5283	高見沢	0	0	0	0	0
5284	ヤマウ	0	0	0	0	0
5285	ヤマックス	540	580	510	551	107
5286	武井工業	0	0	0	0	0
5287	イトヨーギョ	0	0	0	0	0
5301	東海カ	274	278	273	276	263
5302	カーボン	112	113	112	112	90
5304	エスイ−シ−	270	270	270	270	4
5331	ノリタケ	510	510	495	499	164
5332	ＴＯＴＯ	869	886	860	885	2738
5333	ガイシ	1600	1625	1582	1605	4296
5334	特殊陶	1850	1885	1801	1880	2922
5336	INAX	615	622	611	620	289
5337	ダントー	380	380	372	372	40
5338	大トー	0	0	0	0	0
5341	アサヒ陶	117	117	117	117	2
5342	ジャニス	63	63	62	63	11
5343	ニッコー	0	0	0	0	0
5344	ＭＡＲＵＷＡ	3450	3450	3340	3390	15.4
5351	白煉瓦	211	215	211	211	26
5352	黒崎	174	174	164	168	24
5355	ルツボ	135	140	135	140	18
5356	美濃窯	0	0	0	0	0
5357	ヨータイ	201	213	201	213	2
5358	イソライト	200	212	200	212	8
5361	東海熱	649	681	630	680	62
5362	九州耐	270	270	270	270	1
5363	ＴＹＫ	199	200	194	194	5
5367	ニッカトー	890	890	890	890	4
5382	中央商事	0	0	0	0	0
5383	三共理化	0	0	0	0	0
5384	フジミインコ	4700	4730	4640	4700	7.7
5386	鶴弥	0	0	0	0	0
5387	チヨダウーテ	0	0	0	0	0
5388	クニミネ	0	0	0	0	0
5389	日レヂボン	0	0	0	0	0
5390	宇部マテリア	144	145	144	145	7
5391	Ａ＆ＡＭ	150	166	150	166	115
5393	ニチアス	406	429	406	420	1284
5395	コランダム	166	166	166	166	1
5397	ＭＩＥテクノ	0	0	0	0	0
5398	日研紙	0	0	0	0	0
5401	新日鉄	207	208	204	208	4565
5403	川崎製鉄	142	143	141	143	4233
5404	日本鋼管	70	71	69	70	6568
5405	住金	69	69	66	67	8466
5406	神戸鋼	67	69	67	69	2810
5407	日新鋼	102	106	102	106	819
5408	中山鋼	146	150	146	150	10
5410	合同鉄	129	129	125	128	176
5423	東京製鉄	500	540	500	526	972.4
5444	大和工	463	468	455	458	105
5445	東京鉄	80	83	80	81	4
5446	北越メ	0	0	0	0	0
5448	東京鋼鉄	0	0	0	0	0
5449	大阪製鉄	465	465	459	465	1
5451	淀川鋼	298	298	297	298	153
5453	洋鋼鈑	349	353	345	353	52
5454	日鉄鋼板	210	211	206	210	23
5457	住友鋼管	361	373	358	373	32
5458	高砂鉄	121	121	117	117	3
5461	中部鋼	160	160	157	157	2
5462	日鉄鋼管	140	140	140	140	6
5463	丸一管	1391	1400	1365	1400	73
5464	モリ工	250	254	250	254	13
5471	大同特鋼	257	263	255	260	1242
5476	高周波	116	116	109	110	1017
5479	日金工	92	92	85	91	162
5480	冶金工	71	74	70	74	226
5481	山陽鋼	163	173	163	171	1136
5482	愛知鋼	307	312	306	310	33
5484	東北鋼	0	0	0	0	0
5486	日立金	810	825	809	820	333
5491	日金属	111	113	111	113	3
5541	大平金	252	256	251	255	526
5542	報国鉄	0	0	0	0	0
5562	日本重化学	142	142	139	142	258
5563	日本電工	166	166	164	165	67
5566	中央電	205	205	202	202	14
5602	栗本鉄	253	258	253	258	26
5603	虹技	115	120	113	120	4
5605	自動鋳	72	75	72	72	13
5606	旭テック	157	157	154	155	13
5607	中可鍛	0	0	0	0	0
5608	川口金	230	237	230	237	3
5609	日鋳造	92	92	92	92	1
5610	大和重	0	0	0	0	0
5612	鋳鉄管	219	220	219	220	2
5613	日本カタン	0	0	0	0	0
5631	日製鋼	128	128	123	126	598
5632	菱製鋼	106	110	103	105	2523
5633	関東特殊製鋼	77	81	77	80	23
5641	ＴＤＦ	380	424	380	420	93
5642	日本鍛工	48	48	47	47	3
5644	メタルアート	0	0	0	0	0
5645	イチタン	0	0	0	0	0
5657	鈴木金	157	157	150	150	8
5658	日亜鋼	385	385	383	384	7
5659	日精線	233	236	233	236	15
5660	神鋼線	78	79	78	79	3
5691	東京シヤリング	0	0	0	0	0
5694	大和綱帯	0	0	0	0	0
5695	パウダテック	0	0	0	0	0
5696	川鉄鋼板	117	117	117	117	1
5697	サンユウ	0	0	0	0	0
5701	日軽金	87	88	86	86	348
5702	大紀ア	178	178	177	177	11
5706	三井金	820	825	810	815	3190
5707	東邦鉛	190	192	188	188	492
5711	三菱マ	360	360	355	356	3159
5713	住友鉱	490	495	481	495	1344
5714	同和鉱	300	303	295	303	363
5715	古河機金	247	249	245	245	235
5716	日鉱金属	570	571	555	560	410
5721	Ｓサイエンス	818	838	765	808	543
5727	邦チタ	450	450	450	450	5
5728	アライドマテリアル	965	966	950	959	32
5729	日精鉱	321	330	305	320	17
5734	昭和アルミ	138	138	134	136	42
5738	住軽金	94	95	92	94	87
5739	日製箔	171	179	171	179	4
5740	九州不二サッシ	235	235	210	210	7
5753	日伸銅	78	83	77	83	15
5756	東海アルミ箔	67	70	67	70	20
5757	サンエツ	0	0	0	0	0
5771	菱伸銅	364	367	359	362	73
5781	東邦金	180	210	180	210	14
5801	古河電	3170	3250	3170	3220	3741
5802	住友電	1820	1846	1806	1828	1464
5803	フジクラ	758	773	745	746	1911
5804	菱線工	280	283	272	273	196
5805	昭電線	260	263	257	260	719
5807	東特線	337	337	323	325	7
5808	理研線	285	299	285	299	7
5809	タツタ	185	185	179	185	45
5810	第一電工	119	119	117	118	107
5811	トヨ電線	470	470	470	470	1
5812	日立線	1689	1689	1649	1673	556
5813	花島電線	215	215	215	215	1
5815	沖電線	312	312	282	285	22
5816	オーナンバ	0	0	0	0	0
5817	日電線	405	405	405	405	24
5818	東日京三電線	337	337	337	337	1
5819	カナレ電気	1800	1830	1800	1800	2.6
5820	三ッ星	0	0	0	0	0
5851	リョービ	175	181	175	180	172
5852	アーレスティ	0	0	0	0	0
5853	京都ダイカスト	141	148	140	148	9
5854	東京理化工	0	0	0	0	0
5855	アサヒプリテ	2090000	2090000	2010000	2070000	0.004
5900	ダイケン	410	425	410	425	3
5901	洋カン	1770	1820	1770	1794	201
5902	北カン	304	305	295	305	19
5903	シンポ	635	635	630	630	2
5904	アルコアシステム	530	530	530	530	2
5905	日カン	0	0	0	0	0
5906	エムケー精工	0	0	0	0	0
5907	ＪＦＥコンテ	126	126	126	126	1
5908	日鉄ドラム	0	0	0	0	0
5909	コロナ	0	0	0	0	0
5910	立山アルミ	0	0	0	0	0
5911	横河ブ	497	504	494	496	204
5912	日本橋	140	140	140	140	5
5913	松尾橋	220	225	219	225	17
5914	宮地鐵工所	205	205	185	203	29
5915	駒井鉄	306	312	306	312	65
5916	ハルテック	245	245	242	242	5
5917	サクラダ	109	109	108	109	12
5918	滝上工	362	362	362	362	2
5919	日鉄塔	0	0	0	0	0
5920	鈴木シャ	175	177	175	177	8
5921	川岸工	271	271	270	270	6
5922	那須鉄	0	0	0	0	0
5923	高田機	464	465	464	465	7
5925	酒井鉄工所	125	125	125	125	2
5926	安治川鉄工	110	110	110	110	1
5927	ホリー	0	0	0	0	0
5928	アルメタクス	0	0	0	0	0
5929	三和シャタ	335	337	332	333	123
5930	文化シヤタ	235	238	234	237	67
5931	川田工	215	230	215	229	46
5932	三協アルミ	92	92	90	91	85
5933	アルインコ	200	200	200	200	3
5934	日本ア	0	0	0	0	0
5935	元旦	0	0	0	0	0
5936	洋シヤタ	92	95	92	95	69
5937	洋エクス	667	687	667	687	9
5938	住生活Ｇ	1450	1466	1450	1462	395
5939	大谷工業	0	0	0	0	0
5940	不二サッシ	121	121	120	121	9.1
5941	中西製	0	0	0	0	0
5942	フイルコン	302	302	302	302	3
5943	ノーリツ	1245	1245	1223	1232	37
5944	日立粉末	1150	1160	1150	1151	26
5945	天竜製鋸	1000	1000	1000	1000	2
5946	長府製	1265	1284	1265	1280	33.3
5947	リンナイ	2270	2285	2230	2285	22.5
5949	ユニプレス	180	180	180	180	2
5950	パワーファス	146	146	146	146	2
5951	ダイニチ工業	276	280	276	280	5.5
5952	アマテイ	0	0	0	0	0
5954	トープラ	0	0	0	0	0
5955	ヤマシナ	171	178	171	174	730
5956	トーソー	0	0	0	0	0
5957	日東精	215	215	211	211	13
5958	三洋工	589	593	579	590	48
5959	岡部	316	321	316	321	6
5961	トーカロ	750	750	750	750	1
5962	浅香工	0	0	0	0	0
5963	日立ツール	545	565	545	560	4
5964	洋刃物	126	126	120	120	5
5965	フジマック	493	493	493	493	1
5966	ＫＴＣ	342	342	342	342	1
5967	前田金	0	0	0	0	0
5969	ロブテックス	141	141	141	141	2
5970	菊池プレス	0	0	0	0	0
5971	共和工業	0	0	0	0	0
5972	日本建鐵	260	260	250	250	10
5973	トーアミ	490	490	490	490	3
5974	中国工	168	168	167	168	65
5975	東プレ	330	330	329	330	25
5976	ネツレン	318	318	312	312	13
5977	コマツ電子	1100	1100	1071	1073	11.2
5979	カネソウ	0	0	0	0	0
5980	田中亜鉛	200	210	200	210	4
5981	東京綱	131	132	130	131	72
5982	マルゼン	390	390	390	390	1
5983	イワブチ	0	0	0	0	0
5984	兼房	0	0	0	0	0
5985	サンコール	350	350	350	350	6
5986	モリテック	0	0	0	0	0
5987	オーネックス	0	0	0	0	0
5988	パイオラクス	0	0	0	0	0
5989	ヒラタ	0	0	0	0	0
5990	スーパツール	0	0	0	0	0
5991	ニッパツ	435	436	430	434	68
5992	中央発條	388	388	376	376	5
5993	知多鋼	0	0	0	0	0
5994	ファインＳ	315	315	315	315	1
5995	科学冶金	0	0	0	0	0
5996	新立川	800	800	800	800	0.3
5997	協立エアテク	550	550	481	534	10
5998	アドバネクス	272	273	272	273	2
5999	イハラサイエ	300	328	300	328	15
6005	三浦工	1385	1405	1354	1364	49.3
6011	新潟鉄工所	81	82	80	81	329
6013	タクマ	840	842	825	830	294
6016	神発動	0	0	0	0	0
6018	阪神燃	90	90	90	90	3
6020	神鋼造機	0	0	0	0	0
6021	ロビン	0	0	0	0	0
6022	赤阪鉄	0	0	0	0	0
6023	ダイハツデ	0	0	0	0	0
6041	ボッシュ	145	147	142	146	90
6042	ニッキ	0	0	0	0	0
6101	ツガミ	480	488	477	481	236
6102	池貝	150	150	146	147	36
6103	オークマ	429	437	421	421	85
6104	東芝機	373	378	367	373	123
6106	日立精機	205	206	201	206	135
6107	アマダマシ	275	279	275	277	85
6111	旭精機	187	187	187	187	2
6112	小島鉄	155	170	155	170	3
6113	アマダ	885	890	869	875	524
6114	住倉工業	236	258	236	258	38
6118	アイダ	545	554	540	553	146
6119	ゼィープラス	0	0	0	0	0
6121	滝澤鉄	91	91	91	91	7
6125	岡本工	135	135	128	129	13
6126	大ダイヤ	185	185	185	185	2
6130	日平トヤマ	234	238	230	234	53
6131	浜井産	138	138	135	136	5
6134	富機製	4350	4350	4250	4290	99.1
6135	牧野フ	920	928	915	928	184
6136	ＯＳＧ	690	690	672	672	30
6137	小池工	151	151	147	147	2
6138	ダイジェト	184	190	181	190	6
6139	東芝タンガロイ	745	755	736	750	276
6140	旭ダイヤ	629	629	610	615	24
6141	森精機	1460	1460	1436	1449	175
6142	富士精	264	269	264	269	2
6143	ソディック	850	850	825	830	30
6144	西部電機	230	230	230	230	4
6145	日特エンジ	2150	2300	2130	2280	225
6146	ディスコ	16000	16900	15930	16900	88.4
6147	ヤマザキ	0	0	0	0	0
6148	UHT	2350	2400	2350	2400	19
6149	小田原エンジ	0	0	0	0	0
6150	タケダ機械	126	126	126	126	1
6151	日東工器	2850	2860	2770	2860	14.5
6201	豊田織	2500	2500	2475	2485	214
6203	豊和工	161	165	160	160	73
6204	キリウ	0	0	0	0	0
6205	ＯＫＫ	165	170	160	164	42
6206	豊田工	960	960	937	947	90
6208	石川製	122	129	118	120	49
6210	東洋機械	500	501	485	485	17
6211	倉敷機	90	90	90	90	1
6212	帝人製機	246	247	238	241	12
6213	ＯＭ製	0	0	0	0	0
6214	大隈豊和機械	210	210	209	209	4
6216	寿工業	0	0	0	0	0
6217	津田駒	180	180	178	178	11
6218	エンシュウ	190	190	185	185	26
6221	大東製機	0	0	0	0	0
6222	島精機	2400	2495	2400	2400	1.2
6242	スピンドル	245	254	245	247	13
6245	ヒラノテク	285	285	285	285	2
6246	井上金	0	0	0	0	0
6247	日阪製	530	530	510	510	7
6271	ニッセイ	850	850	850	850	3
6272	レオン	414	414	414	414	3
6273	ＳＭＣ	18900	18900	18550	18800	74.9
6274	新川	4300	4310	4210	4240	49.2
6275	イセキ開発工	90	93	90	92	12
6276	ナビタス	720	720	720	720	1
6277	ホソミクロン	740	740	720	740	3
6278	ユニオンツル	9060	9290	9050	9280	65.4
6279	瑞光	1280	1280	1275	1275	1.6
6280	名機製	1151	1160	1132	1160	23
6281	前田製作	0	0	0	0	0
6282	オイレス	1991	2000	1930	1960	19.4
6283	オリイメック	0	0	0	0	0
6284	ＡＳＢ機械	429	430	415	415	8
6286	静甲	0	0	0	0	0
6287	サトー	2670	2800	2650	2790	16.9
6288	ハマダ印刷機	210	210	200	200	4
6289	技研製	316	316	316	316	12
6290	ＳＥＳ	1340	1340	1310	1310	19
6291	エアーテック	909	910	900	900	8
6292	カワタ	920	920	880	880	3
6293	日精樹脂	1300	1300	1280	1280	2
6294	オカアイヨン	194	194	194	194	1
6295	富士変速	0	0	0	0	0
6296	ロキテクノ	1410	1410	1410	1410	5
6297	鉱研工業	299	299	299	299	0.1
6298	ワイエイシイ	2140	2150	2050	2050	8
6299	神鋼環境Ｓ	0	0	0	0	0
6300	アピクヤマダ	1080	1080	1040	1045	17
6301	コマツ	690	710	688	708	5106
6302	住友機	285	286	270	272	2292
6303	ササクラ	420	420	420	420	2
6304	マキ製作所	530	530	530	530	3
6305	日立建機	515	517	493	517	134
6306	日工	269	269	267	267	4
6307	サンセイ	89	96	88	88	7
6309	巴工業	0	0	0	0	0
6310	井関農	90	92	90	90	99
6311	セイレイ工業	247	248	246	248	26
6312	フロイント	649	649	649	649	1
6313	共立	147	149	146	146	5
6314	石井工研	1120	1120	1100	1110	1.7
6315	ＴＯＷＡ	4340	4340	4210	4210	4.8
6316	丸山製	151	154	149	153	36
6317	北川鉄	154	154	150	153	20
6319	シンニッタン	250	250	241	242	10
6320	新ダイワ	0	0	0	0	0
6321	石搬機	371	379	370	373	12
6322	タクミナ	0	0	0	0	0
6323	ローツェ	4400	4800	4400	4710	24
6324	ハーモニック	2690000	2690000	2690000	2690000	0.002
6325	タカキタ	0	0	0	0	0
6326	クボタ	355	363	355	362	1135
6327	北川精機	480	480	480	480	3
6328	荏原実業	1480	1480	1480	1480	1
6329	ＨＥＣ	411	418	410	415	10
6330	東洋エンジ	100	102	100	102	71
6331	化工機	216	220	216	220	9
6332	月島機	631	636	631	636	2
6333	帝国電	0	0	0	0	0
6334	明治機	205	209	201	201	268
6335	東京機	418	418	410	410	13
6336	石井表記	2890	2890	2880	2880	0.5
6337	テセック	5310	5310	5100	5100	4
6338	タカトリ	0	0	0	0	0
6339	新東工	300	300	298	298	17
6340	渋谷工	846	850	845	850	9
6341	日立造船富岡	157	157	157	157	1
6342	太平製	90	90	90	90	2
6343	フリージア	62	64	62	64	11
6345	アイチコーポ	207	207	205	207	16.7
6346	菊川鉄	0	0	0	0	0
6347	プラコー	0	0	0	0	0
6348	日本マリンテクノ	0	0	0	0	0
6349	小森	1770	1770	1721	1740	92
6350	新日本造機	0	0	0	0	0
6351	鶴見製	511	511	511	511	1
6352	トヨコケン	0	0	0	0	0
6354	日立機電	441	441	441	441	1
6355	住友精	390	390	385	387	8
6356	日ギア	186	189	181	189	6
6357	三精輸	0	0	0	0	0
6358	酒井重	238	238	235	235	10
6359	粟村製作所	138	138	138	138	2
6360	東自機	300	305	300	305	2
6361	荏原	1500	1520	1480	1495	180
6362	石井鉄	210	210	210	210	2
6363	酉島	550	558	550	550	9
6364	北越工	160	160	160	160	3
6365	電業社	0	0	0	0	0
6366	千代建	100	103	100	100	111
6367	ダイキン	2350	2360	2285	2300	372
6368	オルガノ	496	500	488	494	43
6369	トヨカネツ	108	111	108	111	79
6370	栗田工	2030	2030	1950	1980	79
6371	椿本チ	454	468	449	461	232
6372	セイサ	0	0	0	0	0
6373	大同工	269	284	269	272	12
6374	ＴＣＭ	360	367	355	363	83
6375	コンベヤ	107	115	107	111	296
6376	日機装	608	610	600	605	44
6377	甲陽建設	234	250	234	250	24
6378	木村化	263	271	253	271	147
6379	新興プラン	110	110	110	110	1
6380	オリチェン	0	0	0	0	0
6381	アネスト岩田	173	173	173	173	9
6382	トリニ工	0	0	0	0	0
6383	ダイフク	1150	1170	1130	1138	113
6386	扶桑レクセ	0	0	0	0	0
6388	ミサワバン	268	290	268	286	158
6389	内田油圧	70	70	70	70	2
6390	加藤製	158	158	158	158	2
6391	加地テック	0	0	0	0	0
6392	ヤマダコーポ	0	0	0	0	0
6393	油研工	125	130	125	126	16
6394	大江工業	0	0	0	0	0
6395	タダノ	200	200	199	200	91
6396	宇野鉄	161	161	161	161	1
6397	郷鉄工	100	100	100	100	8
6398	日本電産シンポ	0	0	0	0	0
6403	水道機	330	330	330	330	8
6406	フジテック	981	997	981	997	54
6407	シーケーディ	1100	1100	1063	1087	104
6408	クラッチ	0	0	0	0	0
6409	キトー	365	365	365	365	1
6411	中野冷	0	0	0	0	0
6412	平和	2260	2260	2200	2245	33.3
6413	理想科学	2450	2480	2440	2480	1.9
6414	川重冷熱	0	0	0	0	0
6415	ニスカ	0	0	0	0	0
6416	桂川電機	306	306	306	306	1
6417	ＳＡＮＫＹＯ	4140	4280	4130	4230	156.3
6418	日金銭	0	0	0	0	0
6419	マース	3220	3300	3190	3190	24.4
6420	福島工業	0	0	0	0	0
6421	キヤノンＦ	1194	1220	1194	1197	9
6422	キヤノン化成	1150	1180	1150	1170	174
6423	アビリット	5070	5150	5070	5080	71.3
6424	高見サイ	451	451	451	451	3
6425	アルゼ	7380	7440	7380	7440	26.2
6426	サミー	4000	4000	3950	3950	3
6427	東北リコー	970	980	970	980	3
6431	キャノンＮＴＣ	359	359	350	350	3
6436	アマノ	1140	1147	1116	1119	60
6437	三条機	0	0	0	0	0
6439	中日鋳	126	126	126	126	1
6440	ＪＵＫＩ	416	420	403	420	165
6442	コピア	420	430	420	425	10
6443	東洋製	149	149	149	149	1
6444	サンデン	680	680	662	679	259
6445	蛇の目	103	105	102	105	79
6448	ブラザー	267	269	263	269	62
6453	シルバ精	183	186	181	184	137
6454	マックス	1289	1317	1289	1310	46
6455	モリタ	299	299	290	290	6
6457	グローリー	1831	1831	1830	1830	5
6458	新晃工	217	218	216	218	4
6459	大和冷	395	400	391	395	43
6461	日ピス	111	112	109	111	55
6462	リケン	223	224	221	224	25
6463	ＴＰＲ	308	308	305	305	3
6466	トウアバルブ	105000	105000	105000	105000	0.006
6467	ニチダイ	545	550	545	550	4
6468	駿河精機	3740	3740	3690	3690	3
6469	放電精密	800	800	800	800	1
6470	大豊工業	900	910	900	910	21.5
6471	日精工	809	809	791	804	962
6472	ＮＴＮ	445	450	436	441	513
6473	光洋精	855	874	849	855	113
6474	不二越	180	187	180	182	89
6475	天辻	1000	1000	990	990	4
6476	富士テクニカ	0	0	0	0	0
6477	ツバキ・ナカ	1430	1440	1430	1440	11
6478	ダイベア	0	0	0	0	0
6479	ミネベア	1254	1270	1254	1269	729
6480	トムソン	1258	1280	1247	1279	208
6481	ＴＨＫ	4740	4750	4600	4740	147.1
6482	ユーシン精機	6830	7260	6830	7210	8
6483	川重防災	0	0	0	0	0
6484	ＫＶＫ	0	0	0	0	0
6485	前沢給装	0	0	0	0	0
6486	イーグル工	335	339	335	339	3
6487	積水工機	0	0	0	0	0
6488	ヨシタケ	270	270	270	270	2
6489	前沢工業	935	940	930	940	5.7
6490	ピラー	887	887	880	880	18
6492	岡野バ	0	0	0	0	0
6493	日鍛バ	200	200	200	200	1
6494	ファネス	330	331	330	331	3
6495	宮入バ	86	86	86	86	3
6496	中北製	192	192	192	192	1
6497	ハマイ	491	540	491	496	8
6498	キッツ	200	200	198	199	46
6499	大隈エンジニア	0	0	0	0	0
6501	日立	1220	1224	1205	1213	4967
6502	東芝	940	950	935	940	4208
6503	三菱電	892	899	885	890	3425
6504	富士電機ＨＤ	408	412	392	397	817
6505	東洋電	148	148	146	148	17
6506	安川電	1151	1185	1145	1178	752
6507	神鋼電	210	215	209	212	86
6508	明電舎	210	216	208	208	85
6513	オリジン	916	933	916	926	70
6516	山洋電	464	470	460	460	48
6517	デンヨー	690	690	680	689	7
6518	三相電機	0	0	0	0	0
6581	日立工	362	362	353	362	89
6584	三桜工	571	572	565	570	27
6585	サーボ	270	272	270	272	2
6586	マキタ	924	924	913	922	74
6587	松下精工	460	463	460	461	29
6588	東芝テック	460	460	450	454	217
6590	芝浦	1011	1050	1011	1040	68
6591	西芝電	160	160	160	160	2
6592	マブチ	13610	14430	13500	14280	92.5
6593	ローヤル電	445	445	445	445	1
6594	日電産	8740	8770	8360	8500	44.8
6621	高岳	171	172	170	171	37
6622	ダイヘン	201	204	201	204	70
6623	愛電機	0	0	0	0	0
6624	田淵電	221	221	221	221	2
6641	日新電	297	297	293	295	136
6643	戸上電	156	156	156	156	1
6644	大崎電	595	595	591	591	11
6645	オムロン	2700	2715	2680	2715	141
6646	エナジーサポ	389	389	389	389	1
6647	森尾電	133	133	133	133	2
6648	かわでん	79	79	71	72	138
6650	春日電	150	150	145	145	9
6651	日東工	780	780	770	770	12
6652	和泉電	1352	1352	1331	1331	10
6654	不二電機	0	0	0	0	0
6655	東洋電機	0	0	0	0	0
6701	ＮＥＣ	2780	2785	2730	2755	4037
6702	富士通	2965	2970	2930	2960	2810
6703	沖電気	706	715	697	699	599
6704	岩崎通	267	269	265	268	92
6705	ＮＥＣインフ	510	520	505	510	70
6706	電気興	1025	1064	1025	1035	37
6707	サンケン	803	803	787	791	250
6708	東洋通	1300	1300	1280	1290	189
6709	明星電	0	0	0	0	0
6710	大興電機製作	195	196	195	196	7
6711	高見澤電機	215	215	205	210	4
6712	田村電機製作	278	280	275	275	22
6714	神田通信工業	230	230	230	230	1
6715	ナカヨ通	275	275	275	275	1
6716	中央無	356	377	356	377	4
6717	富士通アクセ	1930	1940	1890	1937	15.4
6718	アイホン	1270	1271	1226	1269	41.9
6741	信号	460	460	458	458	50
6742	京三	242	242	238	241	43
6743	大同信	210	210	210	210	1
6744	能美防災	398	400	396	400	11
6745	ホーチキ	0	0	0	0	0
6747	小糸工	301	301	300	301	12
6748	星和電	0	0	0	0	0
6749	マスプロ	1207	1227	1200	1209	6.2
6751	日無線	1090	1109	1081	1095	1006
6752	松下	2930	2955	2925	2945	4627
6753	シャープ	1644	1644	1594	1610	3136
6754	アンリツ	2370	2395	2360	2380	461
6755	富士通ゼ	730	736	720	723	28
6756	日立国際	1161	1195	1161	1190	183
6758	ソニー	10200	10280	10100	10190	1016.4
6759	ＮＥＣトーキ	961	981	961	980	126
6761	アイワ	1678	1710	1666	1710	121.1
6762	ＴＤＫ	14730	14940	14520	14740	359.4
6763	帝通工	365	365	359	360	29
6764	三洋電	925	940	919	937	6881
6765	ケンウッド	439	465	438	450	509
6766	宮越商	47	48	47	47	25
6767	ミツミ	3760	3800	3640	3640	167
6768	タムラ	495	495	488	492	63
6770	アルプス	2170	2185	2125	2130	1858
6771	池上通	312	315	310	313	46
6772	コスモス	0	0	0	0	0
6773	パイオニア	4020	4030	3940	4000	440
6775	東和メクス	133	133	131	132	11
6776	天昇電	0	0	0	0	0
6779	日電波	3970	4120	3970	4030	75.7
6780	日立電子	517	517	510	517	26
6781	松下通信工業	13100	13480	13100	13350	387.4
6782	九州松下電器	1200	1200	1192	1200	184
6783	松下寿電子	1928	1928	1860	1883	189
6791	コロムビア	185	187	183	183	81
6792	ビクター	916	933	910	931	139
6793	山水電	17	17	16	17	484
6794	フォスター	770	770	763	765	26
6796	クラリオン	405	409	387	387	550
6798	ＳＭＫ	848	856	838	849	284
6799	日本マランツ	210	210	210	210	4
6800	ヨコオ	1961	1980	1960	1975	91.5
6801	東光	685	685	665	668	91
6802	赤井電機	19	21	17	18	8514
6803	ティアック	376	388	376	384	50
6804	ホシデン	3200	3270	3200	3220	118
6805	八木アン	602	630	600	627	8
6806	ヒロセ電	15140	15500	15100	15500	119
6807	航空電子	690	715	690	715	108
6808	シントム	80	85	78	83	2668
6809	ＴＯＡ	366	366	356	360	6
6810	マクセル	2675	2720	2655	2720	137
6811	クオンツ	421	499	421	499	123
6812	ジャルコ	490	490	490	490	1
6813	ナカミチ	96	97	95	96	80
6814	古野電	394	395	394	395	9
6815	ユニデン	670	670	650	650	159
6816	アルパイン	1700	1744	1700	1744	24
6817	スミダコーポ	5000	5200	5000	5200	22.6
6818	島田理	1570	1570	1510	1510	9.7
6819	オメガ・プロ	962	1040	962	1020	152
6820	アイコム	1900	1950	1890	1950	19.8
6821	バーテクスＳ	1020	1040	1010	1040	4
6822	大井電気	390	390	390	390	1
6823	リオン	810	810	810	810	3
6824	新コスモス	495	504	490	499	42
6825	パトライト	2020	2020	1951	1960	8
6826	本多通信	5700	5700	5480	5600	57.8
6827	東北パイオ	4550	4700	4550	4700	8
6832	アオイ電子	5900	5900	5400	5790	113
6833	日電産リード	2435	2460	2430	2430	30
6834	精工技研	54900	56900	54000	56500	83
6835	アライドＨＤ	10990	10990	10000	10000	38.8
6836	ぷらっと	6000000	6490000	5900000	6410000	0.057
6837	京写	1200	1200	1170	1200	3
6838	多摩川電	1840	1840	1840	1840	1
6839	船井電	16000	16000	15600	15900	14
6840	アドテック	1880	1900	1830	1900	12
6841	横河電	1129	1139	1110	1125	605
6842	ユニパルス	2100	2120	2080	2120	10
6843	東光精機	0	0	0	0	0
6844	新電元	690	695	680	695	57
6845	山武	1250	1250	1230	1249	44
6846	中央製	0	0	0	0	0
6847	安藤電気	1791	1855	1791	1820	122
6848	東亜ＤＫＫ	352	352	352	352	1
6849	日本光電	325	325	318	320	17
6850	チノー	256	260	256	256	19
6851	大倉電気	206	206	200	200	14
6852	テクノセブン	173	173	170	170	9
6853	共和電	330	333	312	333	10
6855	電子材料	1840	1850	1750	1750	35
6856	堀場製	1090	1090	1070	1085	15
6857	アドバンテスト	17710	17990	17700	17850	450.6
6858	小野測器	221	230	220	230	10
6859	エスペック	980	982	960	960	20
6860	サンクス	1250	1250	1240	1250	11
6861	キーエンス	32950	32950	32300	32900	31.7
6862	ミナトエレ	200	200	195	200	9
6863	ニレコ	580	580	560	560	4
6864	ＮＦ回路	0	0	0	0	0
6866	ＨＩＯＫＩ	900	900	900	900	2
6867	リーダー電子	0	0	0	0	0
6868	東カソード	1280	1280	1230	1250	5.6
6869	シスメックス	3260	3260	3230	3240	2.8
6870	フェンオール	0	0	0	0	0
6871	日本マイクロ	2210	2220	2180	2180	10.5
6872	日本コーリン	7800	7830	7600	7600	11.6
6873	日立電子Ｅ	955	955	955	955	1
6874	協立電機	3000	3300	3000	3000	1.7
6875	メガチップス	4500	4550	4460	4500	13.4
6876	光波	2900	2990	2880	2930	16.8
6877	ＯＢＡＲＡ	0	0	0	0	0
6878	長野日無	570	570	535	568	6
6879	フォトロン	380	380	370	380	5
6880	シンワ	1030	1060	1030	1040	1.7
6881	キョウデン	3890	3890	3820	3870	24
6882	三社電機	880	910	880	910	9
6883	電産コ電	1330	1330	1330	1330	1
6884	デジタル	3860	4000	3860	3950	2.9
6885	ミヤチテクノ	1780	1800	1740	1770	1.6
6886	グラフィック	0	0	0	0	0
6887	日本ＬＳＩカード	350000	355000	330000	330000	0.006
6888	アクモス	440000	465000	420000	455000	0.023
6889	オーデリック	0	0	0	0	0
6890	フェローテク	1480	1500	1450	1500	9
6891	イーター電機	819	819	819	819	1
6892	シチズン電子	9400	9460	9100	9200	14.9
6893	タイテック	800	805	800	805	15
6894	パルステック	1740	1740	1720	1720	11
6895	ダイヤ電機	700	700	690	690	4
6896	北川工業	1163	1215	1162	1190	3.9
6897	ツインバード	237	237	237	237	1
6898	トミタ電機	320	320	320	320	1
6899	ＡＳＴＩ	648	648	648	648	1
6900	東京電波	5450	5700	5450	5550	13.7
6901	沢藤電	292	292	292	292	1
6902	デンソー	2560	2575	2550	2565	385
6904	原田工業	410	410	410	410	2
6905	コーセル	3890	3910	3800	3880	1.7
6906	キヤ･コンポ	365	365	365	365	1
6907	ジオマテック	1950	2180	1900	2150	59
6908	イリソ電子	580	580	580	580	1
6909	北部通信工業	370	370	361	361	2
6910	日立メディコ	1350	1350	1344	1350	7
6911	新日無	1500	1580	1470	1490	503
6912	菊水電子	476	476	476	476	5
6913	メルコ	4560	4680	4550	4600	68.2
6914	オプテックス	0	0	0	0	0
6915	千代田インテ	1500	1530	1480	1490	32
6916	アイオデータ	2320	2360	2300	2300	12.4
6917	デンセラムダ	1850	1900	1850	1894	115.3
6918	アバール	866	900	860	900	8
6919	ケル	785	790	770	790	7
6920	レーザーテク	2290	2300	2290	2290	6
6921	東光電	308	308	308	308	1
6922	昭和情報	0	0	0	0	0
6923	スタンレー	1148	1149	1100	1118	359
6924	岩崎電	264	269	261	263	24
6925	ウシオ電	2755	2790	2670	2780	217
6926	岡谷電	260	266	260	266	3
6928	エノモト	1190	1200	1160	1200	31
6929	日セラ	2295	2390	2280	2365	564
6930	日本アンテナ	1140	1150	1130	1130	9
6931	日本電池	454	466	451	465	126
6932	ユアサコーポ	0	0	0	0	0
6933	ＹＵＡＳＡ	289	297	286	290	170
6934	新神戸	695	695	690	692	39
6935	日デジタル	1770	1820	1745	1808	67.4
6936	東洋高砂乾	0	0	0	0	0
6937	古河池	305	305	305	305	1
6938	双信電機	820	831	820	830	3
6939	ＵＭＣＪ	1550000	1550000	1530000	1550000	0.134
6940	多摩電気	295	300	295	300	2
6941	山一電機	2900	2910	2840	2895	13.8
6942	ソフィア	252	252	252	252	1
6943	開閉器	0	0	0	0	0
6944	アイレックス	221	221	211	211	2
6945	ＦＴＥＣ	0	0	0	0	0
6946	日本アビオ	0	0	0	0	0
6947	図研	2400	2650	2400	2560	150.6
6948	住友電装	0	0	0	0	0
6949	キンセキ	1360	1420	1335	1336	430
6950	ＹＥデータ	490	491	490	490	4
6951	日電子	660	665	660	660	44
6952	カシオ	1255	1267	1250	1255	709
6954	ファナック	11590	11800	11590	11750	409.3
6955	ＦＤＫ	937	937	917	930	14
6956	神明電	0	0	0	0	0
6957	芝浦電子	305	305	305	305	2.7
6958	日本ＣＭＫ	1990	2010	1980	1985	259
6960	フクダ電	2050	2050	2000	2000	14
6961	エンプラス	6000	6100	6000	6100	46.9
6962	大真空	838	860	832	845	129
6963	ローム	27500	27580	26330	26440	224.8
6964	サンコー	2000	2000	1980	1980	6
6965	ホトニクス	7100	7120	6800	6900	39.9
6966	三井ハイテク	1894	1900	1850	1900	28.3
6967	新光電工	4670	4670	4500	4630	187.8
6968	グラフテック	200	200	196	196	19
6969	松尾電	576	594	551	560	45
6970	日本コンラックス	633	641	629	641	73
6971	京セラ	17040	17250	16900	16950	740.3
6972	エルナー	560	590	550	560	198
6973	協栄産	338	340	338	340	3
6974	日本インター	297	297	292	292	8
6975	ＮＥＯＭＡＸ	1310	1317	1300	1309	33
6976	太陽電	5390	5560	5360	5560	682
6977	抵抗器	232	250	232	250	12
6980	日立ＡＩＣ	1100	1139	1083	1105	40
6981	村田製	12600	12630	12460	12500	575.8
6982	リード	0	0	0	0	0
6984	朝日ナショナ	0	0	0	0	0
6985	ユーシン	429	430	429	430	2
6986	双葉電	4310	4420	4300	4420	44.9
6988	日東電	3740	3740	3630	3700	208
6989	北電工	202	210	202	209	90
6991	松電工	1315	1320	1301	1308	716
6992	国産電	0	0	0	0	0
6993	森電機	130	133	128	129	39
6994	指月電	246	246	245	245	3
6995	東海理	1020	1020	968	968	23
6996	ニチコン	2290	2290	2240	2275	104
6997	日ケミコン	715	745	702	735	909
6998	タングス	310	310	310	310	5
6999	ＫＯＡ	2910	2985	2905	2960	64.2
7003	三井造	92	93	90	93	733
7004	日立造	97	97	93	95	1041
7007	佐世保	78	79	77	79	54
7011	三菱重	413	413	393	399	4931
7012	川重	141	142	137	139	1096
7013	石川島	164	165	161	165	556
7014	名村造	126	127	126	127	43
7018	内海造	0	0	0	0	0
7020	サノヤス	196	196	194	194	11
7021	ニッチツ	169	169	160	169	27
7052	信貴造船所	0	0	0	0	0
7102	日車両	205	207	200	200	134
7104	富士車輌	145	145	143	143	20
7105	ニチユ	209	210	209	210	10
7122	近畿車	146	147	146	147	2
7123	東急車輌製造	85	85	82	82	23
7124	輸送機工業	0	0	0	0	0
7142	ナブコ	163	165	163	165	3
7201	日産自	520	520	507	517	2160
7202	いすゞ	245	251	242	250	389
7203	トヨタ	4610	4710	4600	4710	1643
7204	小松ゼノア	256	257	255	255	16
7205	日野自	420	423	410	414	270
7210	日産ディ	102	103	101	103	153
7211	三菱自	471	485	467	482	868
7212	エフテック	0	0	0	0	0
7219	ＨＫＳ	650	670	650	660	13
7220	武蔵精密	1280	1300	1280	1280	10
7221	トヨ車	1090	1090	1089	1089	5
7222	産車体	160	160	155	160	34
7223	関東自	640	640	627	627	6
7224	新明和	206	210	199	203	50
7225	小松フォーク	182	185	180	183	28
7226	極東開発	600	600	560	560	1
7227	アスカ	0	0	0	0	0
7228	デイトナ	0	0	0	0	0
7229	ユタカ技研	550	554	550	554	5
7230	日信工業	0	0	0	0	0
7231	トピー	188	192	183	183	318
7232	トキコ	235	246	233	240	1190
7233	自部品	85	85	85	85	7
7234	橋本フォーミング	74	75	74	75	2
7235	東ラヂ	0	0	0	0	0
7236	ティラド	369	375	365	375	108
7237	ボッシュブレーキ	0	0	0	0	0
7238	ブレーキ	230	238	230	238	21
7239	タチエス	475	490	475	490	6
7240	ＮＯＫ	881	885	852	868	437
7241	フタバ	1375	1401	1375	1400	138
7242	カヤバ	203	203	200	203	37
7243	シロキ	222	227	217	222	22
7244	市光工	211	211	205	206	27
7245	大同メ	860	860	859	860	125
7246	プレス工	81	82	81	81	31
7247	ミクニ	0	0	0	0	0
7248	カルソニック	285	289	285	285	38
7249	尾張精	0	0	0	0	0
7250	太平洋工	271	271	271	271	6
7251	ケーヒン	787	799	780	799	62
7252	富士機	0	0	0	0	0
7253	日本ガスケット	0	0	0	0	0
7254	フジユニ	0	0	0	0	0
7255	桜井製	0	0	0	0	0
7256	河西工	261	261	252	252	13
7257	自転車電機工	276	284	276	284	13
7258	栃木富士産業	230	230	227	227	8
7259	アイシン	1530	1570	1525	1570	380
7260	富士機工	200	201	200	201	3
7261	マツダ	268	270	265	268	1071
7262	ダイハツ	816	830	810	830	164
7263	愛知機	228	230	220	220	71
7264	ＭＵＲＯ	0	0	0	0	0
7265	エイケン工業	690	690	690	690	1
7266	今仙電機	380	380	380	380	1
7267	ホンダ	4100	4230	4030	4200	1321
7268	タツミ	0	0	0	0	0
7269	スズキ	1160	1180	1158	1169	1104
7270	富士重	760	789	760	789	1366
7271	安永	0	0	0	0	0
7272	ヤマハ発	780	781	770	781	483
7273	イクヨ	0	0	0	0	0
7274	ショーワ	635	649	635	649	65
7275	ユニシア	173	183	172	183	30
7276	小糸製	521	540	516	530	365
7277	ＴＢＫ	130	130	130	130	3
7278	エクセディ	800	800	795	796	6.9
7279	ケーブル	1170	1170	1160	1160	10
7280	ミツバ	495	495	489	489	7
7282	豊田合	6830	6830	6500	6670	49
7283	愛三工	746	746	740	740	7
7284	盟和産	249	249	245	245	5
7285	池田物産	118	119	117	117	93
7286	イズミ工業	0	0	0	0	0
7287	日精機	780	790	775	790	23
7288	テクノエイト	0	0	0	0	0
7289	マーレ テネックス	0	0	0	0	0
7290	日発精密工業	319	319	290	290	4
7291	日本プラスト	285	285	285	285	2
7292	村上開明	0	0	0	0	0
7293	大井製作所	0	0	0	0	0
7294	ヨロズ	420	420	407	410	3.1
7295	アイエス製機	0	0	0	0	0
7296	ＦＣＣ	0	0	0	0	0
7297	カーメイト	699	699	645	645	0.7
7298	八千代工	370	370	370	370	2
7299	フジオーゼ	179	179	171	171	8
7301	宮田	136	136	135	135	13
7305	新家工	107	107	107	107	1
7306	丸石自転車	222	222	215	215	7
7308	ツノダ	0	0	0	0	0
7309	シマノ	2350	2400	2300	2380	30.1
7399	ナンシン	295	295	295	295	6
7404	昭和飛	300	300	287	287	4
7407	日本飛行機	324	327	316	324	216
7408	ジャムコ	450	450	450	450	1
7410	横浜鋼業	106	106	106	106	2
7411	成和産業	0	0	0	0	0
7412	アトム	1591	1600	1590	1600	3.5
7413	創健社	0	0	0	0	0
7414	小野建	671	671	671	671	1
7415	新星堂	0	0	0	0	0
7416	はるやま	730	730	730	730	1
7418	ヤマキ	0	0	0	0	0
7419	ノジマ	1400	1400	1400	1400	2.1
7420	佐鳥電機	1080	1080	1070	1070	21
7421	カッパクリエ	0	0	0	0	0
7422	東邦レマック	0	0	0	0	0
7423	フォンテーヌ	1400	1440	1360	1440	1.7
7424	ニコニコ堂	210	210	210	210	1
7425	初穂商事	330	330	320	320	4
7426	山大	0	0	0	0	0
7427	エコーＴＤ	1640	1640	1640	1640	1.2
7428	江戸沢	0	0	0	0	0
7429	セイジョー	1690	1700	1660	1700	3.7
7430	サンワドー	450	454	450	454	1
7432	ダルトン	0	0	0	0	0
7433	伯東	3070	3260	3070	3200	58.5
7434	オータケ	1450	1450	1450	1450	1
7435	ナ・デックス	510	510	501	510	6
7437	シーアンドエス	3910	3950	3860	3890	29.8
7438	コンドー	496	516	496	510	60.5
7439	サンミック千代田	0	0	0	0	0
7440	クラフト	784	784	784	784	1
7442	中山福	0	0	0	0	0
7443	横浜魚類	0	0	0	0	0
7444	ハリマ共和	0	0	0	0	0
7445	ライトオン	6690	6750	6470	6500	9.5
7446	東北化学	0	0	0	0	0
7447	ナガイレーベ	2320	2350	2300	2300	5.8
7448	ジンズメイト	1750	1750	1750	1750	15.9
7449	太洋興業	0	0	0	0	0
7450	サンデー	0	0	0	0	0
7451	菱食	5700	5700	5500	5600	7.4
7452	マツヤ	0	0	0	0	0
7453	良品計画	12800	13100	12800	13100	60
7454	ホットスパー	0	0	0	0	0
7455	三城	5560	5580	5250	5570	57.9
7456	松田産業	1950	1950	1950	1950	1
7457	セキテクノ	610	610	610	610	2
7458	第一興商	1780	1800	1750	1750	16.1
7459	メディセオＨＤ	1030	1030	1012	1025	40.5
7460	ヤギ	0	0	0	0	0
7461	キムラ	1150	1150	1150	1150	3
7462	ダイヤ通商	0	0	0	0	0
7463	アドヴァン	1499	1529	1490	1520	15.3
7464	セフテック	0	0	0	0	0
7465	ＭＶ北海道	0	0	0	0	0
7466	ＳＰＫ	1100	1100	1080	1080	0.9
7467	萩原電気	0	0	0	0	0
7468	アムスク	1450	1500	1450	1500	4
7470	サロモンメイド	590	600	590	600	3
7471	ふじ	0	0	0	0	0
7472	鳥羽洋行	1020	1020	1010	1010	7
7473	静岡スバル	0	0	0	0	0
7474	パオ	574	574	574	574	1
7475	アルビス	440	441	440	441	13
7476	アズワン	1522	1530	1520	1520	7.8
7477	ムラキ	187	187	187	187	2
7478	ブルーグラス	576	576	575	575	5
7479	サンマルク	3800	3850	3800	3850	1.8
7480	スズデン	0	0	0	0	0
7481	尾家産	898	898	898	898	1
7482	シモジマ	0	0	0	0	0
7483	ドウシシャ	2490	2540	2470	2500	40.6
7485	岡谷鋼機	935	938	935	938	11
7486	サンリン	0	0	0	0	0
7487	小津産業	950	950	910	910	1.6
7488	ヤガミ	0	0	0	0	0
7490	日新商	0	0	0	0	0
7491	ＯＡシステム	940	940	910	910	4
7492	タイカン	429	429	400	400	4
7494	コナカ	760	760	760	760	3.3
7495	レオ	220	220	210	210	6
7496	八千代ムセン	1180	1240	1180	1200	2.5
7497	マインマート	1090	1090	1090	1090	41.6
7498	ジャパン	2405	2525	2405	2525	1
7500	西川計測	425	425	425	425	1
7501	ティムコ	820	835	805	805	3.4
7502	プラザクリエ	5500	5500	5100	5300	0.7
7503	ＩＭＩ	0	0	0	0	0
7504	高速	650	650	650	650	3
7505	扶桑電通	0	0	0	0	0
7506	ハウスローゼ	790	800	750	800	6
7507	浜 勝	0	0	0	0	0
7508	オートセブ	0	0	0	0	0
7509	アイエー	650	650	650	650	1
7510	竹菱電機	0	0	0	0	0
7511	ジプロ	0	0	0	0	0
7512	ポスフール	1281	1290	1280	1290	4.2
7513	コジマ	3380	3400	3250	3300	120.7
7514	ヒマラヤ	770	800	770	800	3
7515	マルヨシ	0	0	0	0	0
7516	コーナン	1340	1350	1320	1330	13.1
7517	黒田電気	3470	3470	3400	3410	9.9
7518	ネットワン	2920000	3010000	2900000	2910000	0.873
7519	五洋インテ	0	0	0	0	0
7520	エコス	855	870	855	855	2.7
7521	ムサシ	0	0	0	0	0
7522	ワタミ	6800	7000	6800	6830	3.6
7523	アールビバン	1510	1580	1460	1500	7.8
7524	マルシェ	1221	1221	1200	1200	8.5
7527	システムソフ	0	0	0	0	0
7528	安藤薬業公司	405	405	395	395	2
7529	はるやま	140	140	140	140	1
7530	ナブコドア	0	0	0	0	0
7531	清和鋼業	230	240	230	240	4
7532	ドンキホーテ	11300	11300	10600	10690	20.8
7535	グッドマン	2750	2900	2750	2900	2.2
7536	船橋薬品	0	0	0	0	0
7537	丸文	1569	1600	1505	1600	12
7538	大水	0	0	0	0	0
7539	アベルコ	340	350	325	341	17
7540	エルエスフェンス	210	210	210	210	6
7541	メガネトップ	2910	2910	2900	2900	0.5
7542	ビスケーＨＤ	800	810	800	810	7
7543	ミスタージョン	0	0	0	0	0
7544	スリーエフ	1400	1400	1380	1390	0.5
7545	西松屋チェ	1860	1900	1850	1900	3.8
7547	オートハローズ	0	0	0	0	0
7548	サンクスＪＰ	1070	1070	1070	1070	1
7549	エス・エス・ブイ	700	700	700	700	1
7550	ゼンショー	1910	1910	1910	1910	1.2
7551	ウェッズ	0	0	0	0	0
7552	ハピネット	2400	2440	2370	2440	3.8
7553	サザビー	6150	6150	5850	5850	8.8
7554	幸楽苑	1050	1050	1050	1050	1
7555	大田花き	0	0	0	0	0
7556	住商エレク	1550	1550	1500	1500	12.4
7557	サンクス	3520	3520	3420	3510	30.9
7558	トーメンエレ	4800	4800	4750	4800	6.8
7559	ジーエフシー	0	0	0	0	0
7560	ユニマット	1170	1189	1160	1189	5.8
7561	ハークスレイ	2310	2330	2280	2280	2
7562	安楽亭	781	800	781	800	8
7563	ニッパン	200	210	200	210	21
7564	ワークマン	0	0	0	0	0
7565	万世電機	502	502	502	502	1
7566	ジャパンケア	1300	1300	1300	1300	3
7567	栄電子	1000	1050	1000	1030	5
7568	クレックス	0	0	0	0	0
7569	モンテカルロ	0	0	0	0	0
7570	橋本総業	0	0	0	0	0
7571	ヤマノＨＣ	899	900	899	900	4
7573	ツルハ	3320	3650	3320	3600	4.4
7574	共信テクノ	1360	1360	1360	1360	1
7575	日本ライフＬ	1170	1200	1170	1180	3.7
7576	ベターライフ	0	0	0	0	0
7577	パスポート	0	0	0	0	0
7578	ニチリョク	805	810	805	810	4
7579	オリジン東	2310	2400	2310	2400	12
7580	フーズネット	0	0	0	0	0
7581	サイゼリヤ	7410	7600	7310	7600	23.6
7582	富デバイス	2560	2585	2520	2520	41
7583	通商	0	0	0	0	0
7584	丸紅インフォ	0	0	0	0	0
7585	かんなん	0	0	0	0	0
7586	寺島薬局	1850	1880	1850	1850	1.3
7587	ＰＡＬＴＥＫ	3300	3400	3260	3380	112.2
7588	シートゥーネット	18500	18500	18500	18500	0.3
7589	デジキューブ	1710000	1720000	1680000	1680000	0.008
7590	タカショー	610	620	610	610	4
7591	エクセル	1760	1780	1760	1780	2
7592	アイ・ユー・ケイ	0	0	0	0	0
7593	ＶＴＨＤ	0	0	0	0	0
7594	マルカキカイ	0	0	0	0	0
7595	アルゴグラフ	2540	2600	2520	2550	6.8
7596	魚力	3250	3250	3110	3110	9.1
7597	東京貴宝	0	0	0	0	0
7598	ナイスクラ	430	430	430	430	2
7599	ガリバー	3500	3550	3490	3500	5.9
7600	日本ＭＤＭ	3350	3350	3250	3300	19
7601	ポプラ	1450	1450	1410	1440	4.7
7602	ジャック	3610	3650	3560	3560	48.4
7603	マックハウス	597	597	597	597	16
7604	梅の花	0	0	0	0	0
7605	フジコーポ	0	0	0	0	0
7606	Ｕアローズ	2690	2690	2690	2690	0.7
7607	進和	1250	1250	1250	1250	4
7608	ＳＫジャパン	565	565	565	565	2
7609	ダイトエレク	3750	3750	3650	3650	5
7610	テイツー	1650000	1650000	1600000	1600000	0.003
7611	ハイデ日高	0	0	0	0	0
7612	コモンウェル	0	0	0	0	0
7613	シークス	2570	2570	2500	2500	1.7
7614	オーエムツー	4000	4250	4000	4100	2.7
7615	京都友禅	627000	627000	627000	627000	0.001
7616	コロワイド	2050	2100	2030	2100	23.5
7617	オオゼキ	5410	6000	5410	6000	1.1
7618	ＰＣＤＥＰＯ	1160000	1250000	1160000	1250000	0.017
7619	田中商事	310	310	300	300	10
7620	ヤマト硝子	540	555	520	555	58
7621	うかい	1130	1130	1130	1130	1
7622	焼肉サカイ	0	0	0	0	0
7623	サンオータス	0	0	0	0	0
7624	内藤	0	0	0	0	0
7625	ダイニング	3500	3600	3320	3450	26.8
7626	ドッドウエル	1770	1790	1770	1780	4
7627	なか卯	1280	1280	1280	1280	1
7628	オーハシテク	2000	2010	2000	2000	16
7629	ムラチク	1060	1060	1060	1060	1
7630	壱番屋	1400	1400	1390	1390	3
7631	マクニカ	15290	15290	14790	14790	5.8
7632	住商メタレックス	515	515	515	515	2
7633	明響社	770	770	720	730	12
7634	星医療	1420	1420	1420	1420	1
7635	杉田エース	505	505	505	505	4
7636	ハンズマン	0	0	0	0	0
7637	白 銅	1700	1720	1690	1720	17
7638	シーマ	490	490	490	490	1
7639	贔屓屋	899	900	861	861	5
7640	トップカル	1750	1750	1680	1680	4
7641	フォーユー	1290000	1350000	1250000	1350000	0.077
7642	ビジョン	1500	1500	1500	1500	3
7643	ダイイチ	475	475	475	475	3
7644	常盤薬品	700	700	700	700	24
7645	日本トイザ	15600	15600	15500	15500	10
7646	ＰＬＡＮＴ	2470	2800	2470	2740	34
7647	音通	190	190	190	190	12
7648	トーカン	1360	1370	1360	1360	3
7649	スギ薬局	9500	9500	9400	9410	6
7701	島津	455	457	445	445	442
7702	ＪＭＳ	440	440	438	438	2
7703	川澄化	1011	1011	1011	1011	1
7704	アロカ	1170	1172	1170	1172	4
7705	ジーエル	0	0	0	0	0
7706	セントラユニ	0	0	0	0	0
7711	助川電気	0	0	0	0	0
7713	シグマ光機	1260	1300	1260	1300	3
7714	モリテックス	11700	13400	11700	13300	34.1
7715	長野計器	1960	1960	1950	1950	2
7716	ナカニシ	1680	1680	1680	1680	5
7718	スター精	1449	1449	1428	1430	8
7719	東衡機	0	0	0	0	0
7720	ソキア	305	305	297	297	17
7721	トキメック	143	147	143	146	12
7723	愛時計	293	293	283	283	4
7724	金門	0	0	0	0	0
7726	黒田精	301	301	301	301	1
7727	オーバル	0	0	0	0	0
7728	電産トーソク	930	930	930	930	2
7729	東京精	10800	10890	10700	10760	70.9
7731	ニコン	3120	3150	3070	3100	450
7732	トプコン	387	391	387	391	4
7733	オリンパス	1900	1939	1898	1928	298
7734	理計器	419	419	410	415	7
7735	スクリン	840	855	834	845	963
7736	ユニオンＨＤ	101	105	101	105	11
7737	キャビン工業	0	0	0	0	0
7738	チノン	425	435	425	430	4
7739	キヤノン電	1200	1200	1189	1189	42
7740	タムロン	1150	1170	1120	1120	38
7741	ＨＯＹＡ	9270	9440	9190	9430	100
7743	シード	0	0	0	0	0
7744	ノーリツ鋼機	3200	3200	3150	3190	9.1
7750	ペンタックス	294	310	292	310	50
7751	キヤノン	4710	4800	4700	4770	2763
7752	リコー	2060	2080	2055	2065	716
7753	ミノルタ	585	594	585	594	106
7756	電産コパル	1560	1570	1545	1557	62
7757	三協精	916	937	916	930	53
7758	セコニック	0	0	0	0	0
7762	シチズン	1060	1125	1060	1124	1442
7764	オリエント時計	166	166	166	166	1
7765	リコーエレメ	818	818	818	818	2
7768	ジェコー	0	0	0	0	0
7769	リズム	213	215	211	214	93
7770	ミヨタ	2770	2770	2750	2750	3
7771	日本精密	400	400	400	400	1
7856	萩原工業	850	850	850	850	3
7857	セキ	1500	1500	1500	1500	2
7858	小野産業	1120	1120	1120	1120	1
7859	アルメディオ	1300	1310	1300	1300	6
7860	エイベックス	10900	11460	10900	11300	54.5
7861	東京リスマ	1070	1100	1070	1100	3.5
7862	トッパンフォ	2280	2285	2220	2280	77.1
7864	フジシール	6000	6000	5650	5650	0.4
7865	ピープル	0	0	0	0	0
7866	アトラス	1450	1470	1400	1400	23.1
7867	トミー	3240	3380	3230	3370	59.9
7868	広済堂	1050	1050	1043	1043	2
7869	日本フォーム	0	0	0	0	0
7870	福島印刷	0	0	0	0	0
7871	フクビ	0	0	0	0	0
7872	エステール	0	0	0	0	0
7873	アーク	5170	5250	5170	5200	4
7874	スルガ	5090	5090	5090	5090	0.1
7875	竹田印刷	0	0	0	0	0
7876	三陽PAX	0	0	0	0	0
7877	永大化工	880	880	875	875	3
7878	光彩工芸	0	0	0	0	0
7879	ノダ	475	475	455	455	6.9
7880	南部化成	0	0	0	0	0
7881	ニッソー	0	0	0	0	0
7882	アロン化成	420	429	420	429	20
7883	サンメッセ	0	0	0	0	0
7884	本間ゴルフ	315	325	310	310	9.9
7885	タカノ	1200	1295	1200	1290	6.6
7886	ヤマト・イン	265	265	265	265	1
7887	南プラ	0	0	0	0	0
7888	三光合成	0	0	0	0	0
7889	桑山	540	550	540	550	0.3
7890	アテナ工業	0	0	0	0	0
7891	日本ユピカ	0	0	0	0	0
7892	宇部日東化成	329	334	328	328	7
7893	亜細亜	1320	1321	1320	1320	5
7895	中央化学	1340	1340	1340	1340	1
7896	セブン工業	0	0	0	0	0
7897	ホクシン	164	166	164	165	1.9
7898	ウッドワン	860	869	860	864	22
7899	オザキ軽化	400	400	400	400	1
7900	大出産業	0	0	0	0	0
7901	マツモト	0	0	0	0	0
7902	ソノコム	0	0	0	0	0
7903	名木材	0	0	0	0	0
7904	天竜木	0	0	0	0	0
7905	大建工	348	358	348	358	233
7906	ヨネックス	0	0	0	0	0
7907	日防腐	0	0	0	0	0
7908	きもと	539	539	539	539	1
7909	シーアイ化	390	390	390	390	3
7910	段谷産業	105	105	104	104	16
7911	凸版	1115	1117	1095	1110	286
7912	大日印	1814	1814	1780	1798	825
7913	図書印	229	235	229	235	3
7914	共同印	374	375	366	369	25
7915	日写印	670	678	670	678	30
7916	光村印	383	383	383	383	2
7917	藤森工業	760	760	760	760	1
7918	ヴィアＨＤ	0	0	0	0	0
7919	野崎紙	0	0	0	0	0
7920	三浦印	435	435	435	435	3
7921	宝印刷	1630	1630	1600	1600	2
7922	三光産業	0	0	0	0	0
7923	トーイン	0	0	0	0	0
7925	前沢化成	1200	1206	1200	1201	3.4
7926	ベルテクノ	0	0	0	0	0
7927	ムトー精工	1440	1440	1350	1350	3
7928	旭化学	0	0	0	0	0
7929	新輝合成	0	0	0	0	0
7931	未来工業	1400	1400	1400	1400	0.2
7932	ニッピ	0	0	0	0	0
7933	ファイリング	0	0	0	0	0
7934	メルクス	76	81	76	81	3
7935	コンビ	720	720	705	715	12
7936	アシックス	116	117	116	116	44
7937	ツツミ	2160	2200	2160	2180	5.8
7938	リーガル	158	158	158	158	2
7939	研創	0	0	0	0	0
7940	ウェーブＨＤ	0	0	0	0	0
7942	ＪＳＰ	648	648	648	648	3
7943	ニチハ	740	750	740	743	3.7
7944	ローランド	2150	2180	2135	2160	26.6
7945	コマニー	685	705	685	705	4
7946	光陽社	0	0	0	0	0
7947	エフピコ	4320	4400	4320	4400	3
7948	ＡＷ・エモト	151	151	151	151	1
7949	小松ウオール	0	0	0	0	0
7950	日デコラ	0	0	0	0	0
7951	ヤマハ	1050	1052	1025	1025	108
7952	河合楽	163	165	161	162	16
7953	菊水化	0	0	0	0	0
7954	ジャレコ	832	832	832	832	30
7955	クリナップ	464	464	459	460	7
7956	ピジョン	1040	1040	1030	1040	5.2
7957	フジコピアン	0	0	0	0	0
7958	天馬	1215	1229	1215	1229	6
7959	オリバー	0	0	0	0	0
7960	パラマウント	6090	6100	5800	5980	60.8
7961	兼松日産農	201	206	199	206	15
7962	キングジム	0	0	0	0	0
7963	興研	480	480	480	480	3
7964	セガ	1365	1365	1320	1350	197.2
7965	象印	521	521	521	521	4
7966	リンテック	1050	1050	1034	1035	27
7967	バンダイ	3690	3990	3690	3970	112.9
7968	田崎真珠	460	460	455	455	9
7969	タカラ	486	490	480	480	15
7970	信越ポリ	760	770	759	760	30
7971	東リ	203	204	202	204	27
7972	イトーキ	469	473	461	467	27
7973	ホウトク	148	148	148	148	1
7974	任天堂	18690	18900	18540	18680	150.1
7975	リヒトラブ	222	222	222	222	2
7976	菱鉛筆	880	880	866	866	3
7977	フランスベッド	429	431	417	419	65
7979	松風	765	765	765	765	3
7980	重松製	0	0	0	0	0
7981	タカラスタ	469	471	467	468	116
7983	ミロク	0	0	0	0	0
7984	コクヨ	1750	1757	1738	1741	47
7985	ネポン	245	245	245	245	1
7986	キング工	150	150	150	150	3
7987	ナカバヤシ	330	330	326	326	8
7988	ニフコ	1210	1230	1200	1213	65
7989	ブラインド	685	710	685	710	1.2
7990	ダイワ精	149	149	147	149	26
7991	マミヤＯＰ	301	304	300	304	5
7992	セーラー	920	940	910	910	3473
7993	サンウエブ	218	225	217	225	19
7994	岡村製	385	392	381	392	58
7995	バルカー	181	185	176	180	42
7996	パイロット	0	0	0	0	0
7997	くろ工	225	225	222	222	5
7998	高島屋工作	0	0	0	0	0
7999	武藤工	328	328	311	313	66
8000	カイゲン	0	0	0	0	0
8001	伊藤忠	490	492	482	485	930
8002	丸紅	325	325	314	319	1141
8003	トーメン	114	115	113	114	207
8004	ニチメン	100	100	98	100	84
8005	ムトウ	744	788	744	780	15
8006	ユアサフナ	173	174	170	172	21
8007	高島	134	136	133	136	19
8008	アスティ	0	0	0	0	0
8010	新興産業	123	123	121	121	2
8011	三陽商	310	310	304	305	28
8012	長瀬産	581	600	581	599	172
8013	ナイガイ	104	107	104	105	31
8014	蝶理	129	129	121	123	36
8015	豊田通商	427	434	427	434	142
8016	オンワード	1247	1263	1220	1224	69
8017	阪急共栄物産	160	160	160	160	2
8018	三共興	281	286	278	284	18
8019	市田	73	74	71	74	87
8020	兼松	94	97	94	94	66
8021	レナウン	123	125	123	124	378
8022	ミズノ	330	332	327	330	35
8023	大興電子	0	0	0	0	0
8024	シルバーＯＸ	480	480	475	475	21
8025	ツカモトＣ	0	0	0	0	0
8027	ルシアン	123	129	123	125	5
8028	ファミリーＭ	3790	3810	3720	3760	124.4
8029	ルック	250	270	248	270	148
8030	中央魚	193	193	193	193	4
8031	三井物	763	768	751	758	2158
8032	紙パ商	358	358	353	358	21
8033	ジーネット	117	117	117	117	6
8035	東エレク	12020	12330	12020	12330	562.8
8036	日立ハイテク	1550	1570	1548	1562	17
8037	カメイ	521	524	520	521	12
8038	東都水	386	392	383	386	79
8039	築地魚	0	0	0	0	0
8040	東ソワール	207	207	206	206	6
8041	魚市場	335	335	335	335	1
8042	マタイ	216	225	213	225	16
8043	スターゼン	228	228	226	226	5
8044	大都魚	144	144	144	144	5
8045	浜丸魚	450	450	450	450	1
8046	丸藤パ	145	145	142	142	6
8047	デジ・ネット	0	0	0	0	0
8048	シャディ	2530	2530	2460	2520	4.7
8049	ＥＩＥ	341	380	341	380	11
8050	セイコー	556	567	545	546	47
8051	山善	192	199	192	192	19
8052	椿本興	192	192	182	188	8
8053	住友商	997	997	958	973	1576
8056	ユニシス	1900	1928	1865	1867	30.9
8057	内田洋	611	643	611	636	50
8058	三菱商	843	852	830	847	2005
8059	第一実	237	254	230	250	696
8060	キヤノン販	1860	1860	1812	1825	442
8061	西華産	172	172	170	172	53
8063	日商岩井	117	120	116	119	3239
8064	金商	137	138	128	138	20
8065	佐藤商	0	0	0	0	0
8066	三谷商	461	461	461	461	1
8067	トミヤアパ	334	334	325	325	3
8068	菱洋エレク	1870	1950	1870	1929	55
8070	東京産	330	330	323	328	5.5
8071	東海物産	351	351	350	350	5
8072	出版貿	0	0	0	0	0
8073	Ｔ・ＺＯＮＥ	330	340	330	340	18
8074	ユアサ商	145	145	142	145	39
8075	神鋼商	172	174	170	172	14
8076	カノークス	125	125	125	125	1
8077	小林産	195	195	195	195	3
8078	阪和興	108	108	105	108	152
8079	正栄食	0	0	0	0	0
8080	ジョイス	1060	1060	1060	1060	3.3
8081	カナデン	498	501	498	500	15
8083	サンテレ	300	300	299	299	6
8084	菱電商	380	380	373	375	34
8085	ナラサキ産業	155	155	150	150	5
8086	ニプロ	900	905	900	900	13
8087	フルサト	0	0	0	0	0
8088	岩谷産	225	228	223	224	191
8089	ナイス	270	270	261	269	118
8090	昭光通商	150	154	150	153	14
8091	ニチモウ	133	135	133	135	5
8092	富士通シス	3040	3050	3010	3010	8.2
8093	極東貿易	719	720	686	713	21
8095	イワキ	219	219	219	219	6
8096	兼松エレク	510	510	500	500	15
8097	三愛石	295	295	288	290	13
8098	稲畑産	655	710	655	685	276
8100	藤井	72	72	72	72	4
8101	ＧＳＩクレ	140	140	131	133	46
8103	明和産	120	120	115	120	6
8105	丸正	193	193	185	190	20
8107	キムラタン	70	70	68	70	21
8109	山洋工	0	0	0	0	0
8110	川鉄商事	125	127	120	127	20
8111	ゴルドウイン	142	144	141	144	8
8112	東スタイル	1055	1055	1025	1036	69
8113	ユニチャーム	6250	6250	6150	6190	36.1
8114	デサント	210	210	205	205	4
8115	ムーンバット	111	113	111	113	6
8116	ダーバン	265	270	263	270	156
8117	中央自	238	240	238	240	4
8118	キング	161	161	160	160	20
8119	三栄コ	522	522	521	521	4
8120	大木	220	220	220	220	1
8123	川辺	130	130	130	130	2
8125	ワキタ	285	287	282	282	5
8126	三光純薬	460	504	460	504	23
8127	ヤマトインタ	132	135	131	135	6
8128	エフワン	51	51	51	51	2
8129	東邦薬	420	420	420	420	1
8130	サンゲツ	1675	1675	1655	1675	8
8131	ミツウロコ	580	589	580	589	4
8132	シナネン	428	428	409	410	14
8133	伊藤忠エネ	367	370	363	365	92
8134	ＴＯＫＡＩ	968	968	930	941	149
8135	ゼット	0	0	0	0	0
8136	サンリオ	2630	2630	2550	2630	140.9
8137	サンワテク	605	605	595	595	7
8138	三京化	249	249	240	240	2
8139	ナガホリ	245	245	245	245	3
8140	リョーサン	2085	2100	2080	2100	48
8141	新光商	883	883	843	851	20
8142	トーホー	825	826	825	826	6
8143	ラピーヌ	91	95	91	95	9
8144	電響社	420	420	420	420	1
8145	中部水産	0	0	0	0	0
8146	小杉産	0	0	0	0	0
8147	トミタ	240	240	230	230	4
8148	上原成	286	288	286	288	7
8150	三信電	777	793	777	792	26
8151	東陽テク	3220	3250	3200	3250	35
8152	ソマール	255	260	255	260	3
8153	モスフード	1184	1184	1169	1178	13
8154	加賀電子	1490	1520	1470	1470	106
8155	三益半導	1751	1760	1720	1750	3.9
8156	ガステック	0	0	0	0	0
8157	都築電	540	540	540	540	1
8158	ソーダニッカ	193	193	192	192	2
8159	立花エレ	615	615	615	615	1
8160	木曽路	1239	1239	1230	1239	2.5
8161	エイデン	900	900	886	898	6
8163	サトＲＳ	707	709	707	709	4
8164	キャビン	128	131	128	131	14
8165	千趣会	900	902	900	901	19
8166	タカキュー	136	144	136	141	76.5
8167	丸久	0	0	0	0	0
8168	ケーヨー	579	594	569	594	31.7
8169	宝船	206	206	201	201	5
8170	アデランス	4290	4390	4290	4370	131.6
8171	ＭＶ中部	0	0	0	0	0
8172	第一家庭電器	64	64	62	62	103
8173	上新電	0	0	0	0	0
8174	日ガス	595	600	595	600	2
8175	ベスト電	763	770	761	770	16
8176	西洋フードシス	384	387	384	387	36
8178	マルエツ	337	339	336	339	16
8179	ロイヤルＨＤ	1100	1100	1094	1100	20
8180	すかいらく	4260	4260	4040	4120	155
8181	東天紅	500	513	493	498	154
8182	いなげや	750	750	705	705	5
8183	セブン−イレブン	7330	7390	7130	7240	519
8184	島忠	2100	2140	2100	2135	144.5
8185	チヨダ	548	550	547	550	8
8186	大塚家具	7500	7550	7420	7430	14.3
8188	ヨークベニ	2500	2500	2450	2475	99.7
8189	マツヤデンキ	325	325	325	325	16
8190	ヤマナカ	0	0	0	0	0
8191	光製作	0	0	0	0	0
8192	中川無線	120	120	117	117	15
8193	鈴丹	158	161	158	161	8
8194	ライフコーポ	640	640	640	640	1
8195	デニーズジャパン	2170	2180	2170	2180	15
8196	カスミ	458	458	451	451	5
8197	東急ストア	340	341	335	341	18
8199	デオデオ	899	902	880	895	24.5
8200	リンガハット	1197	1198	1180	1198	4.1
8201	さが美	355	355	350	355	20
8202	ラオックス	555	570	555	570	10
8203	ＭｒＭａｘ	373	380	370	380	4.9
8204	ジョナサン	1480	1510	1480	1500	7
8205	シャクリー	930	930	930	930	1
8206	アポロイン	0	0	0	0	0
8207	テンアライド	428	429	420	420	2.8
8208	エンチョー	0	0	0	0	0
8209	フレンドリ	510	510	510	510	1
8210	フットワーク	211	215	211	215	2
8211	相鉄ローゼ	540	540	535	535	6
8212	オーク	159	159	156	156	14
8213	トステムビバ	352	352	321	322	4
8214	アオキインタ	370	381	370	370	16.1
8215	銀座山形屋	241	241	241	241	1
8216	フォルクス	577	590	577	577	7
8217	オークワ	875	880	875	880	4
8218	コメリ	3190	3190	3100	3160	16.2
8219	青山商	1490	1493	1465	1465	49.3
8225	タカチホ	0	0	0	0	0
8226	理経	425	426	425	426	5
8227	しまむら	9460	9460	9200	9290	24.4
8228	マルイチ	0	0	0	0	0
8229	ＣＦＳコーポ	990	990	960	960	3
8230	はせがわ	679	679	679	679	3
8231	三越	400	400	387	390	503
8232	東急百貨店	90	93	90	90	114
8233	高島屋	751	754	721	725	1254
8234	大丸	330	340	327	340	269
8235	松坂屋	277	279	272	272	39
8236	丸善	384	422	382	404	14888
8237	松屋	426	430	425	430	6
8238	伊勢丹	1057	1057	1036	1038	230
8239	横浜松坂屋	90	90	90	90	1
8240	サッポロライオン	620	620	620	620	1
8241	阪神百貨店	420	420	420	420	2
8242	阪急百	575	576	560	576	74
8243	そごう	8	9	6	7	6002
8244	近鉄百貨店	109	109	109	109	1
8245	丸栄	275	275	274	274	2
8247	大和	0	0	0	0	0
8248	ニッセン	410	410	404	405	7.8
8249	東洋物	630	630	630	630	1
8250	小松ストアー	0	0	0	0	0
8251	パルコ	377	383	377	381	51
8252	丸井	1710	1730	1680	1699	459
8253	クレセゾン	2390	2420	2335	2420	253.4
8254	さいか屋	0	0	0	0	0
8255	原信	859	864	859	864	1.5
8256	プロルート	249	259	249	253	10
8257	山陽百	0	0	0	0	0
8258	ＯＭＣカード	414	420	414	420	48
8259	十字屋	64	66	62	63	44
8260	井筒屋	198	206	198	201	205
8261	ｼ鉄百貨店	280	280	280	280	1
8263	ダイエー	310	311	303	307	617
8264	イトーヨーカ堂	5650	5740	5560	5650	772
8265	壽屋	143	150	143	150	5
8266	イズミヤ	900	908	900	908	15
8267	イオン	2130	2145	2070	2100	188
8268	西友	405	405	396	405	116
8269	マイカル	320	322	317	318	737
8270	ユニー	1130	1158	1118	1158	119
8273	イズミ	1333	1344	1320	1329	11
8274	東武ストア	190	190	185	186	13
8275	フォーバル	2080	2200	2080	2200	15.2
8276	平和堂	775	775	775	775	2
8278	フジ	1920	1955	1920	1953	4.3
8279	ヤオコー	1340	1350	1330	1350	3.6
8280	富士冷機	414	415	410	410	20
8281	ゼビオ	2500	2510	2445	2510	86
8282	ギガスケーズ	2760	2760	2650	2680	8.7
8283	パルタック	540	540	540	540	1
8285	三谷産業	470	470	470	470	1
8287	ＭＶ西日本	1020	1020	1020	1020	1
8289	オリンピック	2120	2160	2120	2150	4
8290	デンコードー	681	700	680	700	4
8291	東日カーライフ	201	201	191	191	3
8292	東いすず	296	296	296	296	4
8293	愛トヨ	836	836	836	836	1
8295	キャノンシステム	688	690	686	686	6
8298	ファミリー	245	250	240	249	5
8299	大栄太源	0	0	0	0	0
8301	日銀	78300	79800	78300	79800	0.5
8302	興業銀行	722	732	722	732	2600
8311	第一勧銀	725	731	723	731	2101
8314	さくら銀行	701	710	701	710	3078
8315	東京三菱銀	1225	1242	1225	1241	4054
8317	富士銀行	732	744	728	744	3295
8318	三井住友銀行	1240	1253	1235	1253	3974
8319	大和銀行	255	256	252	256	686
8320	三和銀行	950	955	942	955	2576
8321	東海銀行	510	512	504	510	1031
8322	あさひ銀行	402	420	400	420	1239
8324	第四銀	390	395	390	395	31
8325	北越銀	322	322	304	305	8
8326	福岡銀	672	682	657	666	520
8327	西日本シティ銀	443	445	430	433	80
8331	千葉銀	429	429	421	429	351
8332	横浜銀	465	465	458	461	508
8333	常陽銀	401	404	397	403	205
8334	群馬銀	570	570	563	565	169
8335	足利銀行	204	205	202	205	117
8336	武蔵銀	4050	4090	4000	4090	0.8
8337	千葉興	1249	1250	1229	1250	12.1
8338	関東つくば銀	1412	1420	1411	1420	0.5
8339	都民銀	3480	3480	3460	3470	3
8341	七十七	828	854	828	848	167
8342	青森銀	493	493	483	483	8
8343	秋田銀	439	439	429	429	24
8344	山形銀	555	569	555	569	20
8345	岩手銀	4000	4000	3920	3930	0.8
8346	東邦銀	402	407	401	407	57
8349	東北銀	204	205	204	205	5
8350	みちのく銀	686	686	669	682	25
8353	北海道銀行	132	133	131	133	67
8355	静岡銀	970	980	966	980	551
8356	十六銀	474	479	473	479	22
8357	北陸銀行	240	244	238	244	60
8358	スルガ銀	1650	1650	1623	1639	76
8359	八十二	602	610	602	610	64
8360	山梨銀	389	389	376	387	13
8361	大垣共立	570	570	560	570	11
8362	福井銀	297	297	294	297	14
8363	北国銀	459	460	451	454	17
8364	清水銀	4200	4250	4200	4250	1.1
8365	富山銀	0	0	0	0	0
8366	滋賀銀	489	489	479	485	47
8367	南都銀	515	515	500	513	30
8368	百五銀	449	449	440	442	6
8369	京都銀	520	520	512	520	40
8370	紀陽銀	285	285	280	285	15
8371	近畿大阪銀	194	194	194	194	1
8372	泉州銀	360	360	347	350	7
8374	三重銀	507	509	500	509	6
8375	池田銀	5480	5490	5440	5440	4.5
8379	広島銀	385	388	381	387	115
8380	山口銀	710	710	696	700	119
8381	山陰合銀	599	599	593	595	33
8382	中国銀	925	925	910	912	32
8383	鳥取銀	375	375	365	365	2
8385	伊予銀	664	665	661	665	12
8386	百十四	639	640	631	640	24
8387	四国銀	649	649	623	643	13
8388	阿波銀	510	510	505	510	14
8390	鹿児銀	425	425	411	412	17
8391	親和銀行	339	343	339	343	70
8392	大分銀	491	491	485	485	3
8393	宮崎銀	370	370	368	370	12
8394	肥後銀	430	430	421	421	8
8395	佐賀銀	372	372	361	366	16
8396	十八銀	395	395	376	380	55
8397	沖縄銀	2470	2470	2450	2450	0.8
8399	琉球銀	1525	1560	1520	1520	2.1
8402	三菱信託	750	759	747	756	555
8403	住友信	747	748	744	748	870
8404	みずほ信託銀	119	121	119	121	943
8405	日本信託	132	135	130	134	33
8407	東洋信託	320	322	318	318	608
8408	中央三井信	395	395	382	389	609
8489	アプレック	0	0	0	0	0
8493	インター	1630	1630	1601	1607	12.4
8507	学研クレジット	620	620	620	620	1
8508	イッコー	765	765	765	765	1
8511	日証金	563	574	561	574	240
8512	大証金	264	272	264	270	38
8513	中証金	0	0	0	0	0
8515	アイフル	10150	10530	10100	10460	75.3
8518	アジア投資	593	605	590	600	163
8519	ポケットＣ	3100	3130	3000	3090	46.3
8520	殖産銀行	405	405	405	405	1
8521	長野銀	470	470	460	460	5
8522	名古屋銀	631	640	631	640	9
8524	北洋銀行	659	659	636	659	94
8527	愛知銀	7160	7160	7160	7160	0.2
8528	岐阜銀	0	0	0	0	0
8529	第三銀	467	467	460	461	11
8530	中京銀	444	444	436	436	6
8533	広島総合銀行	428	429	423	427	38
8536	東日銀	619	619	610	611	8
8537	大光銀	300	300	300	300	1
8539	福岡シティ銀	499	499	485	485	15
8541	愛媛銀	463	465	463	464	6
8542	トマト銀	352	352	352	352	1
8543	みなと銀	238	239	231	238	18
8544	京葉銀	303	304	301	304	58
8545	関西アーバン	145	145	145	145	17
8548	九州銀行	314	314	314	314	1
8549	せとうち銀行	387	387	387	387	1
8550	栃木銀	670	674	670	674	3
8551	北日銀	5780	5790	5780	5790	1.1
8552	びわこ銀	295	295	295	295	28
8556	香川銀	531	540	531	540	5
8558	東和銀	434	438	434	438	15
8561	徳島銀	724	724	722	724	3
8562	福島銀	328	328	322	327	5
8563	大東銀	328	329	309	329	63
8564	武富士	11300	11530	10830	11000	61.8
8565	三洋クレ	5000	5150	5000	5150	2.4
8566	リコーリース	2500	2500	2400	2445	13.6
8567	クレディア	2045	2070	2035	2045	14.3
8568	シンキ	1920	1920	1890	1898	12.8
8569	ユニココーポ	1020	1020	1020	1020	0.5
8570	イオンクレ	6750	6750	6540	6550	19.9
8571	ニッシン	5500	5500	5400	5400	0.9
8572	アコム	8400	8650	8260	8540	65.5
8573	三洋信販	3570	3570	3360	3530	31.6
8574	プロミス	7720	7770	7600	7690	81.1
8577	ロプロ	1570	1679	1560	1679	278.3
8579	東京リース	0	0	0	0	0
8580	ファーストクレジット	305	305	295	295	90
8583	日信販	228	231	228	228	335
8584	ジャックス	359	365	359	364	131
8585	オリコ	444	445	435	445	170
8586	日立キャピ	2775	2845	2760	2845	99.8
8587	ライフ	1	2	1	1	4744
8588	セントラル	310	310	306	310	11
8589	アプラス	120	121	118	119	41
8591	オリックス	13870	14100	13840	13990	168.4
8592	住商リース	1530	1530	1510	1510	3
8593	ダイヤリース	1375	1375	1374	1375	9
8595	ジャフコ	15000	15100	14700	14900	59.4
8597	ＳＦＣＧ	17270	18300	17270	17700	22.54
8599	ＵＦＪセント	0	0	0	0	0
8601	大和証Ｇ	1294	1323	1291	1323	2735
8603	日興コーデ	950	991	949	973	5103
8604	野村ＨＤ	2350	2375	2340	2365	6538
8606	新光	395	403	387	397	912
8607	みずほイン証	214	219	214	218	189
8609	岡三ＨＤ	750	755	734	752	169
8610	さくらフレンド	286	289	280	288	131
8611	コスモ証	224	225	221	225	101
8613	丸三	667	675	665	675	82
8614	東洋	333	335	331	335	70
8615	三菱証	1270	1294	1270	1278	330
8616	東海東京	325	328	320	328	286
8617	光世	266	266	257	264	108
8620	東海丸万	552	560	552	555	204
8621	ＵＦＪつばさ証券	538	538	512	512	239
8622	水戸	353	365	351	365	41
8623	ＳＭＢＣ証	293	305	293	305	29
8624	いちよし証	635	690	635	690	141
8625	高木	314	327	314	327	32
8626	マネックス	144000	144000	104000	104000	22.083
8691	証券代	0	0	0	0	0
8692	だいこう	450	450	450	450	2
8742	小林洋行	1311	1350	1311	1350	1.1
8743	ひまわり証	208	210	208	210	7
8744	日本ユニコム	980	994	980	990	16
8745	グローバリー	0	0	0	0	0
8746	第一商品	0	0	0	0	0
8747	豊商事	0	0	0	0	0
8748	岡藤商事	390	392	390	392	3
8749	エース交易	277	294	277	294	5
8751	東京海上火災	1140	1140	1122	1139	890
8752	三井住友海上	492	498	481	493	336
8753	住友海上火災	598	598	581	596	578
8754	日本興亜	390	411	385	410	915
8755	損害保険Ｊ	526	540	526	540	367
8756	日産火災海上	334	334	332	334	247
8757	日新火	239	239	236	239	39
8758	千代田火災	349	350	347	350	96
8759	ニッセイ同和	270	274	264	274	67
8760	日動火災海上	590	591	575	583	95
8761	あいおい損保	376	386	375	380	489
8762	興亜火災	376	400	376	398	531
8763	富士火	212	215	212	215	97
8764	太陽火災	0	0	0	0	0
8765	大成火災海上	224	224	224	224	1
8801	三井不	1125	1135	1090	1099	696
8802	菱地所	1120	1135	1099	1135	988
8803	平和不	278	283	274	274	130.5
8804	東建物	224	225	220	222	162
8805	中央地	118	120	110	110	11
8806	ダイビル	840	844	834	840	11
8809	サンケビル	421	421	420	420	7
8810	港振興	0	0	0	0	0
8815	東急不	134	135	128	135	194
8817	阪急不動産	388	390	365	370	10
8818	京阪神不	340	340	340	340	2
8821	立飛企	2410	2410	2410	2410	2
8829	大和団地	248	248	239	239	54
8830	住友不	509	517	496	504	1429
8832	小田急不	210	210	210	210	3
8833	東宝不	397	397	381	381	9
8834	藤和不	58	60	57	59	73
8835	太平発	130	130	125	125	24
8836	ヒューネット	595	600	570	570	200
8838	有楽地	171	171	171	171	2
8839	ニチモ	95	100	95	96	35
8840	大京	235	235	225	226	240
8841	テーオーシー	795	797	772	780	288
8842	楽天地	363	364	363	364	5
8844	リクコスモス	455	465	455	465	3
8845	セザール	252	257	252	253	24
8846	積和不動産	410	410	410	410	3
8848	レオパレス	334	335	330	330	16
8850	スターツ	700	700	700	700	3
8851	アバンライフ	0	0	0	0	0
8852	積和不動関西	349	350	347	347	14
8853	ダイヤシティ	330	330	330	330	5
8854	日住	250	250	250	250	2
8855	全日空ビル	0	0	0	0	0
8857	三井不動販売	586	590	580	590	10
8858	ダイア建	259	259	235	235	11
8860	フジ住	497	497	486	486	18
8863	積和不動中部	0	0	0	0	0
8864	空港施設	415	425	415	417	23
8865	神鋼興産	0	0	0	0	0
8866	コマーシャル	0	0	0	0	0
8867	横浜地下街	268	268	268	268	2
8868	ＵＲＢＡＮ	1730	1730	1600	1730	31.5
8869	明和地所	2710	2770	2700	2730	7.1
8870	住不販売	3400	3480	3350	3400	3.5
8871	ゴールドクレ	9500	9500	9300	9350	10.6
8872	エイブル	1480	1500	1480	1500	3
8873	積和不動中国	0	0	0	0	0
8874	ジョイント	3120	3230	3120	3230	5.2
8875	東栄住宅	1400	1450	1400	1450	13.7
8876	リロＨＤ	0	0	0	0	0
8877	エスリード	1215	1230	1215	1220	4.7
8878	日綜地所	1680	1700	1680	1700	28
8879	東急リバブル	670	670	620	620	1.5
8880	飯田産業	1340	1340	1330	1340	21
8881	日神不動産	1331	1340	1250	1290	14.1
8882	ゼファー	1950000	2140000	1940000	2140000	0.21
9001	東武	321	322	313	320	250
9002	西武鉄道	1659	1659	1604	1604	21
9003	相鉄	296	297	292	297	51
9004	箱根登山鉄道	276	276	271	271	2
9005	東急	552	568	552	567	2813
9006	京急	413	417	411	415	331
9007	小田急	398	399	388	392	234
9008	京王	444	447	431	435	241
9009	京成	269	276	268	269	183
9010	富士急	364	365	358	360	5
9012	秩父鉄	0	0	0	0	0
9013	伊豆箱根鉄道	10000	10000	10000	10000	0.8
9014	新京成	0	0	0	0	0
9017	新潟交	275	275	275	275	5
9019	伊豆急行	2200	2200	2200	2200	1.1
9020	ＪＲ東日本	600000	610000	592000	599000	4.256
9021	ＪＲ西日本	471000	471000	459000	470000	1.395
9022	ＪＲ東海	617000	617000	603000	603000	0.494
9031	西鉄	295	295	289	291	96
9033	広電鉄	1154	1154	1154	1154	4
9036	東部ネット	550	550	550	550	1
9037	ハマキョウ	0	0	0	0	0
9038	東海西濃	0	0	0	0	0
9039	サカイ引越	2400	2400	2400	2400	1.4
9040	大宝運輸	0	0	0	0	0
9041	近鉄	473	477	466	477	388
9042	阪急ＨＤ	370	375	365	375	700
9043	阪神	300	300	298	300	47
9044	南海電	425	428	425	425	30
9045	京阪電	345	346	345	345	31
9046	神電鉄	435	435	435	435	2
9047	名糖運輸	1263	1263	1252	1252	1
9048	名鉄	308	308	305	306	257
9049	京福電	160	160	160	160	1
9050	三重交	350	350	350	350	1
9051	センコン物流	0	0	0	0	0
9052	山陽電	285	285	285	285	1
9053	中央運輸	0	0	0	0	0
9054	大和物流	500	510	500	510	4
9055	アルプス物流	0	0	0	0	0
9056	ヒューテック	1130	1130	1130	1130	1
9057	遠州トラック	0	0	0	0	0
9058	トランコム	479	480	479	480	2
9059	カンダ	300	300	300	300	1
9060	日ロジテム	385	390	385	390	4
9061	富士物流	0	0	0	0	0
9062	日通	620	626	614	620	2213
9063	岡県運送	158	158	158	158	2
9064	ヤマト運	2420	2420	2300	2335	1212
9065	山九	93	93	92	93	65
9066	日新	201	202	197	197	26
9067	丸運	235	235	235	235	1
9068	丸全運	210	215	209	212	12
9069	センコー	224	228	224	228	10
9070	トナミ	220	220	218	220	18
9072	日梱包	698	700	695	698	23
9073	京極運	0	0	0	0	0
9074	日石輸	199	199	198	198	11
9075	福山運	588	588	560	562	230
9076	西濃運	577	583	577	578	180
9077	名鉄運	330	330	330	330	1
9078	エスライン	0	0	0	0	0
9079	東急ロジ	0	0	0	0	0
9080	関東西濃	0	0	0	0	0
9081	神奈交	479	544	479	521	9
9082	大和自	0	0	0	0	0
9083	神姫バ	0	0	0	0	0
9086	日立物流	620	620	610	620	41
9087	タカセ	220	225	220	225	3
9088	濃飛西濃	0	0	0	0	0
9089	ロジパル	0	0	0	0	0
9101	郵船	490	491	485	489	1960
9104	商船三井	224	226	221	224	2262
9107	川崎汽	202	203	198	201	863
9110	新和海	77	78	77	77	55
9113	乾汽船	69	76	69	75	5
9114	日之出汽船	48	48	48	48	2
9115	明治海	168	170	165	170	13
9119	飯野海	164	164	156	164	30
9123	太平海	53	54	53	54	15
9127	玉井船	0	0	0	0	0
9130	共栄タ	114	118	114	118	4
9132	第一汽	57	59	56	58	94
9133	東栄リーファ	145	145	145	145	2
9151	東京船舶	88	93	85	92	14
9152	関西汽	55	55	54	55	26
9171	栗林船	252	252	252	252	1
9173	東海汽	0	0	0	0	0
9174	ワンダーＴ	400	400	380	385	10
9176	佐渡汽	0	0	0	0	0
9178	日鉄物流	0	0	0	0	0
9179	川崎近海	190	190	190	190	8
9180	新和内航	0	0	0	0	0
9193	東京汽	335	335	335	335	1
9201	日本航空	427	429	410	417	2315
9202	ＡＮＡ	326	328	316	324	2552
9203	日本エアシス	3800	3800	3800	3800	2.5
9204	スカイマーク	220000	223000	213000	213000	0.218
9231	国際航	615	615	615	615	1
9232	パスコ	540	550	535	537	29
9233	アジア航	0	0	0	0	0
9301	三菱倉	868	893	865	884	115
9302	三井倉	223	224	221	223	82
9303	住友倉	315	325	315	324	127
9304	渋沢倉	275	275	270	274	71
9305	ヤマタネ	131	131	131	131	11
9306	東陽倉	207	207	207	207	1
9307	杉村倉	0	0	0	0	0
9308	イヌイ建	0	0	0	0	0
9309	京神倉庫	420	420	420	420	1
9310	トランシティ	205	206	205	205	6
9311	アサガミ	182	182	182	182	1
9312	ケイヒン	148	149	147	149	9
9313	丸八倉	180	180	180	180	5
9314	品川倉	0	0	0	0	0
9317	オーナミ	121	122	121	122	2
9318	Ｊブリッジ	0	0	0	0	0
9319	中央倉	0	0	0	0	0
9320	三和倉	0	0	0	0	0
9321	アイロジステ	0	0	0	0	0
9322	川西倉	0	0	0	0	0
9323	ロジステック	475	480	475	480	2
9324	安田倉	362	362	362	362	1
9351	洋埠頭	171	174	171	173	33
9353	桜島埠	185	185	185	185	1
9355	リンコー	0	0	0	0	0
9357	名港海	350	350	350	350	1
9358	宇徳運	149	149	149	149	7
9359	伊勢湾	0	0	0	0	0
9360	鈴与シンワ	160	160	160	160	1
9361	伏木運	0	0	0	0	0
9362	兵機海	0	0	0	0	0
9363	大運	0	0	0	0	0
9364	上組	546	557	541	557	138
9365	トレーディア	0	0	0	0	0
9366	サンリツ	750	755	746	746	6.3
9367	大東港運	0	0	0	0	0
9368	キムラユニテ	0	0	0	0	0
9369	キユソ流通	1641	1641	1641	1641	1
9370	郵船航空	2450	2500	2450	2500	7.9
9373	ニッコウトラ	2500	2500	2500	2500	1
9401	ＴＢＳ	4130	4130	3970	4040	364
9402	ＣＢＣ	1250	1250	1150	1150	0.9
9404	日テレ	56800	56800	55900	56800	27.72
9405	朝日放	12300	12600	11500	11800	2.84
9408	新潟放	0	0	0	0	0
9431	ＫＤＤ	8280	8540	8200	8300	196.5
9432	ＮＴＴ	1250000	1270000	1240000	1270000	5.832
9433	ＫＤＤＩ	785000	793000	760000	776000	6.642
9434	ボーダフォン	3550000	3640000	3500000	3590000	0.452
9435	光通信	5400	5500	5300	5300	127.8
9436	沖縄セルラー	460000	460000	459000	459000	0.022
9437	ＮＴＴドコモ	2800000	2800000	2750000	2780000	4.389
9438	ＭＴＩ	730000	820000	700000	710000	0.736
9439	ビーアイジー	811000	900000	811000	900000	0.011
9441	ベルパーク	2250000	2300000	2250000	2290000	0.005
9442	ＪＳＡＴ	1220000	1240000	1170000	1190000	4.463
9449	ＧＭＯインター	4820	4820	4500	4600	56
9470	学研	189	190	186	189	133
9471	文渓堂	0	0	0	0	0
9472	エスコム	404	445	404	430	204
9473	アスキー	1010	1020	970	975	20
9474	ゼンリン	2985	3040	2860	2915	8.8
9475	昭文社	2720	2860	2720	2840	97.8
9476	中央経済	0	0	0	0	0
9477	角川ＨＤ	11450	11700	11200	11280	10.8
9478	翔泳社	2550000	2590000	2510000	2590000	0.005
9501	東電	2615	2625	2605	2615	857.6
9502	中部電	1927	1928	1912	1927	270
9503	関西電	1857	1889	1857	1889	457.8
9504	中国電	1735	1755	1720	1755	117
9505	北陸電	1513	1529	1513	1523	143.4
9506	東北電	1520	1529	1508	1529	377
9507	四国電	1509	1520	1502	1519	75.9
9508	九州電	1650	1658	1631	1658	417.6
9509	北海電	1500	1500	1490	1500	128.2
9511	沖縄電	1955	1960	1945	1950	3.1
9531	東ガス	284	291	282	287	4016
9532	大ガス	293	298	290	298	2688
9533	邦ガス	210	210	205	208	131
9534	北ガス	197	197	193	196	7
9535	広ガス	231	231	224	224	51
9536	西部ガス	161	161	159	161	119
9537	北陸ガ	303	303	302	302	3
9539	葉ガス	0	0	0	0	0
9540	中ガス	0	0	0	0	0
9541	大多喜ガス	345	345	345	345	2
9542	新日ガス	0	0	0	0	0
9600	アイネット	831	850	831	850	3
9601	松竹	531	535	530	535	79
9602	東宝	18390	18390	18000	18200	16.5
9603	ＨＩＳ	4300	4560	4300	4550	17.1
9604	際放映	0	0	0	0	0
9605	東映	855	855	816	818	689
9607	葵プロ	1580	1580	1480	1480	3.5
9608	福山コンサル	0	0	0	0	0
9609	ベンチャーリ	7450	7550	7450	7500	23.4
9610	ウィルソン	3030	3100	2980	3000	5.3
9611	Ｄワンダー	0	0	0	0	0
9612	ラックランド	0	0	0	0	0
9613	ＮＴＴデータ	1150000	1160000	1130000	1140000	8.42
9614	ベルシス24	52600	52600	50900	51300	9.2
9615	東京美装	553	553	553	553	1
9616	共立メンテ	2900	2900	2850	2850	0.4
9618	エームサービス	1210	1210	1200	1200	2
9619	イチネン	900	900	900	900	0.5
9620	スクウェア	6180	6200	6070	6130	26.8
9621	建設技研	620	620	603	615	1.7
9622	スペース	480	490	471	480	5.5
9623	キヤノンソフ	700	700	700	700	1
9624	長大	459	459	459	459	0.5
9625	セレスポ	195	195	185	195	4
9626	日本技開	220	220	220	220	3
9627	アインファマ	1250	1250	1250	1250	1
9628	燦ＨＤ	4630	4680	4630	4680	0.4
9629	ＰＣＡ	3650	3700	3650	3700	9
9630	アップ	369	369	365	365	4
9631	東急レク	629	629	589	589	2
9632	スバル	357	357	346	346	3
9633	テアトル	198	198	195	195	8
9634	修学社	510	520	510	515	15
9635	武蔵野	0	0	0	0	0
9636	きんえい	325	325	325	325	2
9637	オーエス	0	0	0	0	0
9638	情報技術	0	0	0	0	0
9639	三協フロンテ	307	307	307	307	3
9640	セゾン情報	720	720	720	720	5
9641	サコス	120	120	118	118	1.2
9642	コマスタ	10000	10000	10000	10000	0.3
9643	中日興	0	0	0	0	0
9644	タナベ経営	375	375	370	374	5.2
9645	ダイヤモンドコン	1210	1245	1210	1245	2.1
9646	タイトー	98600	99000	98000	98600	0.111
9647	協和コンサル	0	0	0	0	0
9648	ウエスコ	300	300	299	299	1.4
9649	明電エンジニア	652	652	650	652	14.5
9650	テクモ	1500	1525	1480	1480	9.5
9651	日本プロセス	0	0	0	0	0
9652	日本医療	2260	2470	2110	2470	31
9653	ＳＢＩパートナ	860	900	860	900	10
9654	コーエー	4300	4350	4000	4010	39.9
9656	三井ランド	580	580	580	580	0.1
9657	コムテック	0	0	0	0	0
9658	ビジ太田昭	695	695	670	670	6
9660	ＣＲＣソリュ	1680	1680	1680	1680	1
9661	歌舞伎	3800	3890	3800	3870	4
9662	アイフル	0	0	0	0	0
9663	ナガワ	750	750	750	750	2
9664	御園座	1150	1150	1150	1150	2
9665	吉本興	1226	1264	1226	1236	35
9667	ホリプロ	0	0	0	0	0
9668	相鉄企業	0	0	0	0	0
9669	オークネット	5600	5750	5400	5590	8.3
9671	よみランド	384	384	382	382	4
9672	東競馬	133	133	130	133	247
9673	甲子園土地	80	80	80	80	1
9674	花月園	0	0	0	0	0
9675	常磐興	152	154	150	154	18
9676	松戸公産	456	456	456	456	2
9677	日本ジャンボ	0	0	0	0	0
9678	カナモト	699	710	699	710	12
9679	ホウライ	0	0	0	0	0
9680	共成レンテム	550	550	550	550	1
9681	東京ドーム	501	509	490	492	307
9682	ＤＴＳ	7290	7290	7100	7160	50.6
9684	スク・エニ	6200	6300	6150	6220	123.2
9685	共同コンＨＤ	0	0	0	0	0
9686	東洋テック	0	0	0	0	0
9687	ＫＳＫ	0	0	0	0	0
9689	グリンハウス	0	0	0	0	0
9691	両毛システム	0	0	0	0	0
9692	シーイーシー	1650	1690	1620	1640	40.5
9694	日立ソフト	11650	11680	11300	11500	59.9
9695	鴨川グランド	0	0	0	0	0
9696	ウィザス	360	370	360	365	14
9697	カプコン	4110	4190	4040	4190	246.3
9698	クレオ	1140	1140	1140	1140	2
9699	西尾レント	705	714	702	702	6.2
9700	エスアールエル	1150	1150	1150	1150	5
9701	会舘	251	260	251	255	5
9702	アイエスビー	1550	1560	1550	1560	3
9703	ジェネラスコーポ	102	105	102	105	36
9704	東海観	99	99	94	96	399
9706	日本空港ビル	900	900	870	883	44
9707	メデカＪ	900	900	851	860	17
9708	帝ホテル	0	0	0	0	0
9709	日コンピュタ	750	750	750	750	3
9710	第一ホテ	2	3	2	3	504
9711	日コンシス	450	450	450	450	4
9712	ファイ	604	630	600	610	17
9713	ロイヤルホ	196	196	196	196	9
9714	ＳＲＡ	1910	1910	1910	1910	0.1
9715	トランスコス	13900	14100	13800	13950	115.3
9716	乃村工芸社	361	361	360	360	4
9717	ジャステック	3310	3390	3310	3350	1.6
9718	国際観光会館	0	0	0	0	0
9719	住商情報	7700	7700	7340	7700	32.5
9720	グランド	0	0	0	0	0
9722	藤田観	592	593	584	584	7
9724	新阪急ホテル	199	199	194	194	2
9725	東急ホテル	160	163	158	160	24
9726	近ツーリスト	334	334	327	328	23
9727	東急観光	134	135	134	135	2
9728	日本管財	1775	1780	1765	1770	11.7
9729	トーカイ	0	0	0	0	0
9730	ワオコーポ	0	0	0	0	0
9731	白洋舎	320	321	320	321	8
9732	東映ラボ	241	241	241	241	5
9733	ナガセ	0	0	0	0	0
9734	精養軒	0	0	0	0	0
9735	セコム	7060	7100	6810	6900	395
9736	白青舎	180	180	180	180	2
9737	ＣＳＫ	3100	3130	3050	3100	173.5
9738	インテック	2005	2100	2005	2095	44
9739	ＮＳＷ	7500	7520	7400	7500	13
9740	ＣＳＰ	0	0	0	0	0
9741	日立情報	3900	3970	3860	3970	48.9
9742	アイネス	1730	1755	1729	1735	69.9
9743	丹青社	679	679	650	650	2
9744	メイテック	4720	4920	4720	4830	186.6
9746	ＴＫＣ	2390	2390	2330	2335	19.1
9747	アサツーＤＫ	4100	4300	4080	4180	151.2
9748	ＮＪＫ	699	699	699	699	1
9749	富士ソフト	7700	7850	7500	7790	110
9750	ソラン	2080	2090	2050	2080	13
9751	ＴＩＳ	6440	6440	6200	6330	121
9752	ナムコ	3400	3440	3280	3350	230.5
9753	ＩＸナレッジ	660	660	660	660	2
9755	応用地質	1362	1364	1342	1360	14.1
9756	ＡＳＫ	900	900	900	900	1
9757	船井研	760	760	760	760	2
9758	ジシステム	580	580	570	580	6
9759	日システムデ	10500	10700	10410	10530	64.7
9760	進学会	0	0	0	0	0
9761	東海リース	200	200	200	200	6
9762	大和リース	327	327	315	317	71
9763	丸紅リ	122	124	122	124	14
9764	技研興	220	220	220	220	30
9765	オオバ	190	190	181	181	3
9766	コナミ	9070	9180	8830	9000	177.7
9767	日建工学	0	0	0	0	0
9768	国土環境	710	710	680	680	10
9769	学究社	0	0	0	0	0
9776	札臨	0	0	0	0	0
9777	日電計算	2050	2070	2020	2050	12.5
9778	昴	633	633	633	633	2
9779	メフォス	950	950	950	950	1
9780	ビステム	360	360	360	360	1
9781	石川島汎サ	0	0	0	0	0
9782	ＤＭＳ	0	0	0	0	0
9783	ベネッセ	6040	6070	5900	6000	209.7
9784	日工検	1480	1480	1480	1480	0.5
9785	大新東	251	251	250	250	3
9786	キャッツ	1630	1650	1600	1650	26
9787	Ｊメンテ	980	980	970	975	11
9788	ナック	798	800	750	759	16.8
9789	栄光	411	411	411	411	1
9790	福井コン	615	615	595	605	5.5
9791	ビケンテクノ	721	721	700	700	4
9792	ニチイ学館	4880	5010	4870	5010	52.3
9793	ダイセキ	2050	2080	2020	2080	16.1
9794	カラカミ観光	0	0	0	0	0
9795	ステップ	820	820	800	800	4
9796	ダイテック	1400	1400	1400	1400	0.2
9797	大日本コン	260	260	242	252	9.3
9798	シダックス	2200	2200	2150	2150	0.6
9799	旭情報	1210	1210	1200	1200	5
9810	日鉄商	103	103	103	103	1
9811	アスティス	0	0	0	0	0
9812	テーオー	0	0	0	0	0
9813	トッキ	1910	1910	1900	1910	6
9814	アシックス商	0	0	0	0	0
9815	カテナ	680	681	670	681	40
9816	バーテックス	390	390	390	390	5
9817	ゴトー	0	0	0	0	0
9818	大丸エナ	785	785	785	785	2
9820	エムティＧ	0	0	0	0	0
9821	日アムウ	900	900	900	900	0.4
9822	なが多	146	149	143	144	795
9823	マミーマート	0	0	0	0	0
9824	泉州電	0	0	0	0	0
9825	アズウェル	416	416	411	413	12.2
9826	ＪＥＵＧＩＡ	0	0	0	0	0
9827	リリカラ	0	0	0	0	0
9828	元気寿司	1150	1150	1150	1150	3
9829	ながの東急	0	0	0	0	0
9830	トラスコ中山	1470	1470	1450	1460	2.1
9831	ヤマダ電	9200	9330	9190	9300	39.3
9832	オートバクス	3300	3400	3300	3360	34.4
9833	エルクコーポ	0	0	0	0	0
9834	リオチェン	400	400	395	395	5.6
9835	ジュンテン	303	303	300	300	4
9836	リーバイス	511	525	511	525	4
9837	モリト	0	0	0	0	0
9838	トラベラー	0	0	0	0	0
9839	ゲッツブラザーズ	530	530	525	525	2.5
9840	ホーマック	2460	2500	2395	2440	26.7
9841	ＢＭＢ	310	314	285	299	148
9842	アークランド	0	0	0	0	0
9844	ユーエスシー	1500	1520	1500	1500	3
9845	パーカー	0	0	0	0	0
9846	天満屋ス	0	0	0	0	0
9847	ソリスト	370	370	370	370	5
9848	トヨタカローラ岐阜	0	0	0	0	0
9849	河内屋紙	0	0	0	0	0
9850	グルメ杵屋	830	830	830	830	5
9852	中央物産	0	0	0	0	0
9853	銀座ルノア	0	0	0	0	0
9854	愛眼	965	965	965	965	0.7
9855	くろがねや	400	420	400	405	12
9856	ケーユー	753	760	735	735	2.5
9857	英和	376	376	376	376	0.5
9858	明光商会	1850	1980	1850	1920	3.5
9859	ユーストア	807	807	807	807	1
9860	岐阜日野	0	0	0	0	0
9861	吉野家ディー	194000	195000	193000	193000	0.43
9862	メモレックス・テレ	260	260	260	260	7
9863	靴のマルトミ	115	116	115	115	0.5
9864	ナカイ	343	343	343	343	2
9865	日商エレク	2455	2580	2455	2550	12
9867	ソレキア	530	535	525	530	8
9868	トリイ	0	0	0	0	0
9869	加藤産	620	620	620	620	2
9870	ハナテン	1840	1840	1840	1840	0.3
9871	イトーキ	230	230	230	230	13
9872	北恵	0	0	0	0	0
9873	ケンタッキー	1411	1450	1410	1450	21
9875	マツモトキヨ	9750	10010	9740	10000	24.4
9876	コックス	0	0	0	0	0
9877	マルフル	0	0	0	0	0
9878	セキド	0	0	0	0	0
9879	フタタ	0	0	0	0	0
9880	イノテック	4200	4350	4200	4300	28.3
9882	イエロハット	1020	1020	997	997	13.7
9883	富士エレ	2150	2200	2130	2200	33
9884	都築電産	711	711	711	711	2
9885	シャルレ	680	680	680	680	2
9887	松屋フーズ	1960	1960	1926	1939	21.1
9888	ＵＥＸ	260	260	260	260	1
9889	ＪＢＣＣ	2425	2540	2420	2480	100.7
9890	マキヤ	0	0	0	0	0
9892	卑弥呼	1180	1180	1180	1180	1
9893	ホームワイド	402	402	400	400	4
9894	アトル	0	0	0	0	0
9895	コンセック	0	0	0	0	0
9896	Ｊ建材	0	0	0	0	0
9897	ユニダックス	651	651	650	650	2
9898	サハダイヤ	275	280	265	270	160
9899	サンデサン	0	0	0	0	0
9900	サガミ	876	880	876	876	8
9901	宮	0	0	0	0	0
9902	日伝	0	0	0	0	0
9903	カンセキ	0	0	0	0	0
9904	ベリテ	242	242	236	236	2
9905	コージツ	0	0	0	0	0
9906	藤井産業	441	441	421	421	2
9907	大電社	0	0	0	0	0
9908	日本電計	600	610	600	610	2
9909	愛光電気	0	0	0	0	0
9911	真電	400	400	400	400	2
9912	ダイワボ情	1785	1821	1780	1820	18.5
9913	日邦産業	305	310	300	310	12
9914	植松商会	0	0	0	0	0
9915	アサヒビールＳ	0	0	0	0	0
9916	バイタルＮ	700	700	690	695	1.6
9917	マツモト電器	0	0	0	0	0
9918	ダイワラクダ	389	389	389	389	1
9919	関西スーパ	0	0	0	0	0
9920	シービーエム	0	0	0	0	0
9921	ギガス	0	0	0	0	0
9922	日立機材	520	525	520	525	7.5
9923	ダイトーエム	415	420	415	420	3
9924	ドミー	0	0	0	0	0
9925	北の家族	1150	1190	1130	1190	22
9926	ダイカ	312	312	301	301	7
9927	ワットマン	0	0	0	0	0
9928	ミロク情報	1180	1180	1140	1160	7.5
9929	平和紙業	0	0	0	0	0
9930	北沢産	275	275	268	273	13
9931	家族亭	650	650	650	650	2
9932	杉本商	570	570	570	570	1
9934	因幡電産	1220	1222	1220	1222	0.8
9935	あずみ	318	340	318	340	4
9936	王将フード	1170	1170	1150	1150	18
9937	セシール	1350	1350	1292	1292	22.8
9938	住金物産	99	99	99	99	1
9939	すみや	0	0	0	0	0
9941	太洋物産	0	0	0	0	0
9943	ココス	0	0	0	0	0
9944	インパクト	1500	1500	1451	1452	1.7
9945	プレナス	4400	4500	4400	4400	5.1
9946	ミニストップ	2400	2420	2350	2400	8.2
9947	シムリー	920	926	910	910	4.3
9948	アークス	1090	1090	1050	1050	6
9949	タイヨー	2175	2175	2175	2175	32
9950	ハチバン	0	0	0	0	0
9951	カーマ	575	586	575	586	1.9
9952	ドトール	8000	8080	8000	8000	2.5
9953	ダイキ	1344	1344	1342	1342	0.4
9954	東京小僧寿し	600	600	600	600	1
9955	ヨンキュウ	2350	2350	2300	2350	1.1
9956	バロー	0	0	0	0	0
9957	バイテック	1600	1680	1600	1680	2.3
9958	サリ	0	0	0	0	0
9959	アシード	830	850	830	850	1
9960	東テク	560	560	545	545	5
9961	エムオーテック	0	0	0	0	0
9962	駿河製機	10000	10000	9850	9990	38.5
9963	江守商事	0	0	0	0	0
9964	アイ・テック	810	810	810	810	2
9965	福原	470	470	470	470	2
9966	藤久	2350	2350	2320	2320	1.4
9967	堺商事	0	0	0	0	0
9968	イチヤ	0	0	0	0	0
9969	ショクブン	905	905	905	905	1
9970	東洋オフィス	415	415	415	415	4
9971	カウボーイ	490	490	490	490	2
9972	アルテック	1128	1160	1120	1160	7.1
9973	小僧本部	0	0	0	0	0
9974	ベルク	0	0	0	0	0
9975	マルヤ	3150	3150	3000	3000	0.6
9976	セキチュー	0	0	0	0	0
9977	アオキスーパ	0	0	0	0	0
9978	文教堂	0	0	0	0	0
9979	大庄	1140	1140	1122	1122	11.5
9980	マルコ	880	880	878	880	4.2
9981	ニック産業	0	0	0	0	0
9982	タキヒヨー	530	530	530	530	4
9983	ファストリ	37150	39500	37150	38900	62.9
9984	ソフトバンク	11200	11650	11100	11410	1310
9985	榮太郎	820	830	820	830	5
9986	蔵王産業	450	450	450	450	1
9987	スズケン	3950	3990	3900	3900	47.6
9988	神港魚類	422	422	422	422	1
9989	サンドラッグ	8200	8450	8000	8000	25.2
9990	東京デリカ	450	455	450	455	5
9991	ジェコス	341	344	341	342	9.1
9992	理研グリン	0	0	0	0	0
9993	ヤマザワ	1120	1120	1120	1120	1
9994	やまや	592	592	590	590	1.5
9995	イーストン	734	735	734	735	3
9996	サトー商会	570	580	570	570	11
9997	ベルーナ	4900	5000	4800	4890	85.2
