20000523
1001	日経２２５	16345	16494	16170	16319	61.458
1002	ＴＯＰＩＸ	1520	1534	1504	1520	61.458
1301	極洋	147	147	145	147	152
1319	日経300F	294	296	294	296	315
1331	ニチロ	175	175	170	171	417
1332	日水	179	180	177	180	1040
1333	マルハ	136	138	134	135	413
1351	宝幸水産	84	85	83	83	23
1352	ホウスイ	91	92	91	92	21
1376	カネコ種	880	880	866	866	5
1377	サカタタネ	2400	2410	2370	2385	35.2
1378	雪国まいたけ	700	700	681	681	4
1379	ホクト	3900	4000	3900	4000	15
1380	秋川牧園	0	0	0	0	0
1491	中外鉱	162	173	162	172	7074
1501	三井鉱山	90	91	88	91	268
1503	住友炭	78	79	76	78	337
1515	日鉄鉱	235	235	229	235	70
1518	三井松島	159	162	152	156	21
1601	帝石	320	324	318	322	541
1603	アラビア石油	404	408	395	403	60.1
1661	ガス開	400	401	397	401	32
1701	昭和鉱	258	259	250	250	17
1702	共立マテリア	290	290	290	290	1
1736	オーテック	345	355	340	355	14
1737	三井エンジ	318	318	305	305	4
1738	ＮＩＴＴＯＨ	0	0	0	0	0
1739	ＳＥＥＤ	0	0	0	0	0
1740	極東工業	365	370	365	369	22
1741	ミサワサンイ	800	800	800	800	1
1742	セコムテクノ	2700	2750	2700	2740	17
1743	コーアツ工業	0	0	0	0	0
1744	キョーエイ	530	540	530	540	3
1745	ミサワホーム東海	0	0	0	0	0
1746	7	0	0	0	0	0
1748	ミサワ北日	0	0	0	0	0
1750	カナック	0	0	0	0	0
1751	日立プラサ	0	0	0	0	0
1752	富士通シス	1140	1140	1120	1139	28
1753	土屋ツバイ	0	0	0	0	0
1754	東新住建	900	900	885	885	2
1755	JFE工建	355	360	355	360	13
1756	和興エンジ	231	231	231	231	1
1757	千年の杜	294	295	294	295	6
1758	太洋基礎	0	0	0	0	0
1759	ジオトップ	0	0	0	0	0
1762	高松建設	0	0	0	0	0
1763	北陸ミサワ	0	0	0	0	0
1764	工藤建設	285	285	270	270	14
1765	イビデンテック	0	0	0	0	0
1766	東建コーポ	1400	1400	1380	1380	10
1767	沖ウィン	503	503	503	503	5
1768	ソネック	0	0	0	0	0
1770	藤田エンジ	0	0	0	0	0
1772	東北エンタープライズ	195	195	195	195	2
1774	機動建	220	220	220	220	3
1775	富士電Ｅ＆Ｃ	241	241	240	240	7
1776	三井住建道路	110	110	110	110	3
1777	川崎設備	0	0	0	0	0
1778	古河総設	162	162	162	162	2
1779	松本建工	495	500	495	495	14
1780	ヤマウラ	382	385	371	371	3
1781	国土総合	370	370	370	370	6
1782	常磐開発	0	0	0	0	0
1783	南野建設	0	0	0	0	0
1784	サワコー	489	490	475	475	2.1
1785	ナナボシ	419	419	419	419	1
1786	オリ建	428	428	420	423	17.8
1787	ナカボテック	309	309	309	309	2
1788	三東工業	0	0	0	0	0
1789	山加電業	0	0	0	0	0
1790	平和奥田	473	473	473	473	1
1791	三井木材	135	135	135	135	15
1792	みらい建設Ｇ	185	188	185	187	6
1793	大本組	620	620	620	620	1
1795	マサル	479	479	479	479	1
1796	トヨタウッド	310	314	295	295	7.5
1797	藤木工務店	0	0	0	0	0
1798	守谷商会	0	0	0	0	0
1799	第一建設	0	0	0	0	0
1800	利塚地下技術	205	205	200	200	7
1801	大成建	152	154	151	153	1048
1802	大林組	454	455	432	455	3297
1803	清水建	294	294	285	290	1988
1804	佐藤工業	57	58	56	58	278
1805	飛島建	55	57	55	56	261
1806	ACリアル	50	51	48	50	1150
1807	渡辺組	0	0	0	0	0
1808	長谷工	40	40	38	40	5657
1809	富士工	79	79	77	78	18
1810	松井建	300	300	298	298	16
1811	銭高組	240	244	238	244	7
1812	鹿島	297	301	291	299	3861
1813	不動建	140	144	138	144	67
1814	大末建	68	69	66	69	51
1815	鉄建	118	120	116	119	280
1816	安藤建	198	198	192	192	19
1817	勝村建	126	130	125	130	14
1818	日産建設	106	108	105	105	21
1819	太平工	144	146	143	146	24
1820	西松建	349	350	340	343	467
1821	三井住友建	75	78	75	78	108
1822	大豊建	166	168	165	167	48
1823	住友建設	86	87	85	87	113
1824	前田建	265	267	263	265	230
1825	環境建設	100	100	96	97	118
1826	佐田建	148	149	142	147	37
1827	ナカノフドー建	93	95	92	95	42
1828	田辺工業	400	400	400	400	1
1829	大和建設	0	0	0	0	0
1830	共栄冷機工業	249	249	249	249	2
1831	積水ハ北陸	486	486	486	486	1
1833	奥村組	324	324	320	321	154
1834	小田急建	259	261	258	258	9.5
1835	東鉄工	230	230	225	230	21
1836	大日本土木	143	149	143	149	17
1837	間組	60	60	59	60	271
1838	古久根建設	105	105	104	105	7
1839	真柄建	157	157	155	155	6
1840	土屋ホーム	279	279	265	270	1.6
1841	サンユ	0	0	0	0	0
1842	昭和テクノ	739	740	731	733	14
1844	大盛工業	177	177	173	173	8
1845	森本組	0	0	0	0	0
1846	鈴縫工	133	133	133	133	1
1847	イチケン	107	108	106	108	6
1848	富士ＰＳ	414	414	414	414	3
1850	南海辰村建	95	95	95	95	5
1851	大木建設	179	180	173	176	39
1852	浅沼組	150	150	145	150	10
1853	森組	0	0	0	0	0
1854	新井組	145	146	142	146	10.7
1855	東急建設	62	63	60	63	134
1856	ジェイオー建設	0	0	0	0	0
1857	松村組	109	110	109	110	14
1858	井上工	60	60	60	60	10
1860	戸田建	414	425	403	425	413
1861	熊谷組	57	58	56	58	1286
1862	横河工事	316	320	316	316	1.1
1863	テトラ	201	205	200	205	14
1865	青木あすなろ建	136	139	136	139	4
1866	北野建	245	246	245	245	31
1867	植木組	168	174	163	168	8
1868	三井ホーム	365	374	364	372	92
1869	名工建	0	0	0	0	0
1870	矢作建	371	381	371	381	28
1871	ピーエス三菱	405	410	404	410	8.4
1872	アゼル	299	299	290	290	88
1873	東ハウス	421	428	420	420	40
1874	佐藤秀	0	0	0	0	0
1875	青木マリン	0	0	0	0	0
1877	川田建設	485	485	485	485	2
1878	大東建	1880	2000	1871	2000	481.6
1879	新日本建	204	204	200	200	3
1880	スルガコーポ	1500	1500	1500	1500	3
1881	ＮＩＰＰＯ	465	470	465	470	58
1882	東亜道	220	229	220	225	29
1883	前田道	451	458	449	454	76
1884	日道路	155	158	155	158	35
1885	東亜建	128	132	127	132	174
1886	青木建設	40	40	38	38	1477
1888	若築建	132	136	131	136	101
1889	佐伯建	129	129	125	129	20
1890	東洋建	89	90	86	90	283
1892	徳倉建	0	0	0	0	0
1893	五洋建	129	133	127	133	317
1895	大成ロテック	153	156	153	156	21
1896	大林道	300	303	298	303	27
1897	金下建	530	530	530	530	4
1898	世紀東急	82	84	81	84	18
1899	福田組	278	280	275	280	8
1900	白石	169	169	161	161	2
1902	山崎建設	0	0	0	0	0
1904	大成温調	0	0	0	0	0
1905	テノックス	223	223	220	220	4
1906	細田工務	302	302	302	302	3
1907	東北ミサワ	470	470	470	470	5.5
1908	三平建設	0	0	0	0	0
1909	日本ドライ	301	310	300	303	11.5
1910	フドウ建研	0	0	0	0	0
1911	住友林	660	695	652	695	595
1912	ミサワセラミ	315	315	315	315	2
1913	旭ホームズ	88	88	88	88	1
1914	日基技	475	487	475	480	56.1
1915	東京ミサワホーム	309	310	309	310	4
1916	日成ビルド	175	182	175	180	34
1917	ニッセキハウス	202	220	202	210	1995
1919	エスバイエル	260	263	260	263	41
1920	殖産住宅相互	97	97	93	95	475
1921	巴	160	160	156	156	13
1922	大成ユーレック	87	90	87	90	15
1923	ミサワホーム	350	351	344	350	158
1924	パナホーム	592	614	592	614	284
1925	大和ハウス	770	785	760	785	785
1926	ライト	435	442	434	435	53.4
1927	中 部	295	295	285	285	3.1
1928	積ハウス	1025	1052	1020	1051	1035
1929	日特建	176	178	175	178	50
1930	北陸電工	247	247	247	247	1
1931	日本電通	300	300	300	300	3
1932	コミュチュア	490	490	480	480	9
1933	西シス建	0	0	0	0	0
1934	ユアテック	301	302	300	300	37
1935	ＴＴＫ	257	257	255	257	16
1936	シーキューブ	260	270	260	260	22.6
1937	西部電工	290	290	280	280	3
1938	千歳電	0	0	0	0	0
1939	四電工	318	318	315	317	28
1940	つうけん	236	236	232	235	9
1941	中電工	1609	1650	1554	1650	27
1942	関電工	405	415	405	415	86
1943	大明	965	965	947	947	84
1944	きんでん	670	670	651	660	219
1945	東京エネシス	371	390	370	389	13
1946	トーエネク	373	374	364	370	33
1947	日本コムシス	2115	2115	2030	2075	257
1948	弘電社	289	289	289	289	8
1949	住友電設	540	545	535	536	31.1
1950	電設工	321	330	320	330	34
1951	協エクシオ	977	998	970	988	475
1952	新日空調	351	360	344	358	12.5
1953	国際電設	0	0	0	0	0
1954	日工営	173	177	173	177	34
1955	東電通	389	389	376	376	8
1956	日電設	393	400	380	382	122
1957	保安工	200	200	200	200	2
1958	三和エレック	266	266	266	266	1
1959	九電工	319	320	308	312	153
1960	サンテック	330	330	320	320	12
1961	三機工	417	417	410	415	99
1962	エルゴテック	0	0	0	0	0
1963	日揮	305	309	301	301	749
1964	中外炉	375	389	368	370	54
1965	テクノ菱和	382	382	370	382	8.1
1966	高田工	264	264	264	264	1
1967	ヤマト	331	333	331	332	5
1968	太平電	238	241	237	241	17
1969	高砂熱	600	610	599	610	29
1970	日立プラ	246	249	242	248	33
1971	ビルト工	75	75	75	75	4
1972	三晃金	105	107	102	104	7
1973	ＮＥＣシス建	1780	1781	1775	1778	59.9
1974	宮地建設工業	425	438	425	438	5
1975	朝日工	228	229	220	227	66
1976	明星工	140	140	135	135	42
1977	ジェイコス	410	450	410	450	6
1978	アタカ	261	261	251	251	3
1979	大気社	800	800	790	795	30
1980	ダイダン	426	439	426	427	11
1981	協和日成	0	0	0	0	0
1982	日比谷設	510	510	495	495	24
1983	東芝プラ	225	225	214	223	55
1984	三信建	0	0	0	0	0
1985	大和電設	298	298	298	298	2
1986	日商インター	900	900	830	851	11
1987	ソルコム	0	0	0	0	0
1988	シボンド建	1321	1339	1321	1330	18
1989	北陸電話	0	0	0	0	0
1990	東邦建	220	220	210	210	3
1991	都築通技	0	0	0	0	0
1992	神田通機	0	0	0	0	0
1993	ニッタン	173	173	172	172	14
1994	高橋ウォール	0	0	0	0	0
1995	鈴木工務店	180	180	180	180	1
1996	三菱建設	182	182	182	182	5
1997	暁飯島工業	147	147	145	145	2
1998	日本土建	0	0	0	0	0
2001	日本粉	253	257	252	255	333
2002	日清粉	906	925	897	923	956
2003	日東粉	203	204	202	204	9
2004	昭和産	174	174	172	173	124
2006	東福粉	90	94	90	94	10
2007	富士粉	0	0	0	0	0
2008	増田粉	0	0	0	0	0
2009	鳥越粉	375	378	373	375	15
2051	農産工	184	184	178	179	95
2052	協同飼	124	124	122	123	42
2053	中部飼	580	583	550	583	7
2055	日和産	234	234	225	225	7
2056	日配飼	138	138	128	137	146
2057	雪印種	598	598	598	598	1
2102	台糖	285	285	268	271	71
2107	東洋糖	153	159	150	155	126
2108	甜菜糖	140	140	137	139	230
2109	三井糖	185	190	185	189	24
2111	フジ製糖	0	0	0	0	0
2112	塩水糖	335	335	332	332	13
2113	新光糖	0	0	0	0	0
2114	フジ日本精糖	203	203	203	203	3
2116	日新糖	122	122	119	120	17
2201	森永	234	238	232	238	362
2202	明菓	707	717	700	714	525
2204	中村屋	259	259	253	256	40
2205	駿河屋	67	67	67	67	3
2206	グリコ	483	490	483	490	182
2207	名糖産	1059	1059	1059	1059	1
2208	ブルボン	854	855	850	850	5
2209	井村屋	0	0	0	0	0
2211	不二家	258	258	255	257	76
2212	山パン	1004	1030	1000	1030	195
2213	ナガサキヤ	101	101	101	101	3
2215	一パン	315	315	305	309	116
2216	カンロ	275	275	275	275	3
2217	モロゾフ	207	207	205	207	6
2219	タカラブネ	110	110	110	110	8
2220	亀田製菓	500	500	500	500	6
2221	岩塚製菓	0	0	0	0	0
2222	寿製菓	450	450	450	450	1
2224	コモ	1720	1720	1700	1700	4
2261	明乳	570	580	564	577	1076
2262	雪印	496	555	496	540	1881
2264	森永乳	287	294	285	294	281
2266	六甲バタ	295	295	295	295	5
2267	ヤクルト	1131	1150	1128	1150	242
2268	サーティワン	0	0	0	0	0
2281	プリマ	147	147	140	145	249
2282	日ハム	1485	1498	1477	1496	618
2284	伊藤ハ	430	439	426	439	473
2286	林兼	130	136	130	132	73
2287	雪印食品	236	236	236	236	5
2288	丸大食	186	188	185	187	104
2289	相模ハム	619	619	619	619	1
2290	米久	1280	1289	1260	1260	37.5
2291	福留ハ	190	190	190	190	2
2292	ＳＦＯＯＤＳ	800	805	800	805	5
2293	滝沢ハム	0	0	0	0	0
2294	柿安本店	1000	1000	1000	1000	2
2501	サッポロＨＤ	437	440	433	440	371
2502	アサヒ	1300	1316	1286	1314	2211
2503	キリン	1419	1451	1419	1449	2092
2531	宝ＨＤ	2635	2645	2585	2625	789
2533	オエノンＨＤ	260	260	245	253	34
2536	メルシャン	345	347	340	347	225
2538	マルキン忠勇	149	150	149	149	15
2540	養命酒	680	688	680	688	3
2541	ニッカ	279	279	269	270	8
2571	中京コカ	1102	1120	1100	1120	28
2572	三国コカ	1725	1780	1725	1780	79
2573	北海コカ	1220	1221	1220	1221	2
2575	三笠コカ	908	908	899	902	19.4
2576	近畿コカ	1385	1420	1382	1419	15
2577	富士コカ	1149	1160	1100	1100	63
2578	四国コカ	1270	1270	1221	1221	2.1
2579	コカウエスト	3650	3830	3650	3800	103.5
2591	カルピス	515	523	500	520	101
2592	ポッカ	445	453	445	448	62
2593	伊藤園	9400	9480	8600	8600	111.4
2594	キーコーヒー	1420	1451	1385	1400	9.5
2595	キリンビバ	2860	2880	2805	2880	95
2596	キューサイ	5750	6000	5750	5950	17.7
2597	ユニカフェ	3600	3600	3500	3500	2.4
2598	アサヒ飲料	1110	1150	1110	1140	96.5
2601	ホーネンコーポ	166	167	162	165	225
2602	日清オイリオ	350	355	349	355	304
2604	吉原製油	279	281	261	262	271
2605	熊沢製油	260	260	257	257	2
2607	不二油	850	880	850	870	375
2608	ボーソー	156	156	155	155	11
2611	摂津油	0	0	0	0	0
2612	かどや製油	0	0	0	0	0
2801	キッコマン	770	785	765	783	571
2802	味の素	1391	1408	1390	1400	1394
2804	ブルドック	600	600	600	600	5
2805	エスビー	0	0	0	0	0
2806	ユタカフーズ	0	0	0	0	0
2808	サンビシ	0	0	0	0	0
2809	キユーピー	775	790	771	790	201
2810	ハウス食品	1725	1725	1685	1720	134
2811	カゴメ	965	965	962	965	25
2812	焼津水化	1526	1550	1526	1550	14
2813	和弘食品	120	120	120	120	4
2814	佐藤食品	900	900	900	900	1
2815	アリアケ	6790	6890	6740	6740	39.5
2816	ダイショー	670	670	670	670	1
2817	ギャバン	520	520	520	520	3
2830	アヲハタ	870	870	865	865	2
2831	はごろも	1270	1270	1200	1200	4
2871	ニチレイ	300	310	300	309	846
2872	セイヒョー	0	0	0	0	0
2873	加ト吉	2635	2635	2540	2540	43
2874	ヨコレイ	622	628	615	625	78
2875	東洋水	770	800	770	800	87
2876	ＪＣコムサ	370	370	370	370	1
2877	日東ベスト	1180	1180	1180	1180	1
2878	赤城水産	360	360	350	350	3
2879	ニチロサンフズ	472	472	470	470	3
2891	酵母工	585	586	575	577	20
2892	日食品	0	0	0	0	0
2893	ローマイヤ	0	0	0	0	0
2894	石井食	256	256	256	256	2
2897	日清食	2800	2810	2740	2810	438.6
2898	ソントン	1050	1050	1050	1050	2
2899	永谷園	945	960	940	940	19
2900	明星食	227	227	226	226	9
2901	石垣食	0	0	0	0	0
2902	太陽化	450	450	450	450	19
2903	シノブフズ	153	153	152	152	11
2904	一正蒲鉾	0	0	0	0	0
2905	オーケー食	145	145	145	145	5
2906	ホッコク	390	390	390	390	3
2907	あじかん	0	0	0	0	0
2908	フジッコ	1770	1790	1750	1780	15
2909	トオカツフズ	261	261	261	261	2
2910	Ｒフィールド	5650	6000	5650	5700	11.2
2911	旭松食品	780	780	780	780	1
2912	鐘崎	266	266	266	266	1
2913	フジフーズ	285	285	285	285	3
2914	ＪＴ	864000	881000	854000	879000	1.882
2915	ケンコーマヨ	0	0	0	0	0
2916	仙波糖化	340	340	340	340	2
2917	大森屋	760	770	760	770	3
2918	わらべ日洋	1100	1101	1100	1101	3
2920	ケイビー	1150	1150	1150	1150	1
2921	フクシマフズ	0	0	0	0	0
2922	なとり	950	950	904	904	3
3001	片倉	520	520	506	507	28
3002	グンゼ	335	335	328	330	399
3003	昭栄	900	900	900	900	1
3004	神栄	130	135	130	135	23
3007	神戸生絲	55	55	54	55	19
3009	川島織	114	114	112	114	36
3010	上毛	595	600	555	580	35
3011	バナーズ	80	80	80	80	1
3101	東洋紡	149	152	148	152	736
3102	カネボウ	199	215	197	214	4243
3103	ユニチカ	74	75	73	75	830
3104	富士紡Ｈ	64	65	64	65	178
3105	日清紡	522	526	502	509	555
3106	クラボウ	140	143	139	143	199
3107	ダイワボウ	101	104	101	104	49
3109	シキボウ	72	72	70	72	117
3110	日東紡	128	128	126	126	590
3111	オーミケン	62	63	62	63	8
3113	ＢＳＬ	82	87	82	87	25
3114	同興紡	101	104	101	104	4
3115	テザック	56	57	55	56	64
3116	トヨタ紡織	691	699	690	690	26
3117	興和紡	0	0	0	0	0
3121	アセットイン	0	0	0	0	0
3123	サイボー	0	0	0	0	0
3125	内外綿	60	60	60	60	2
3128	テラボウ	0	0	0	0	0
3129	ファブリカＴ	120	120	120	120	5
3201	日毛	354	357	354	357	60
3202	大東紡	105	107	100	105	86
3203	東亜紡織	0	0	0	0	0
3205	ダイドー	200	206	200	205	37
3206	南海毛糸紡績	93	93	93	93	10
3207	中央毛	140	140	140	140	7
3209	カネヨウ	120	120	95	95	15
3211	太陽毛絲紡	95	95	95	95	1
3216	御幸ＨＤ	413	415	413	414	8
3302	帝繊維	200	200	195	200	6
3304	トスコ	129	129	122	124	19
3306	日本麻	0	0	0	0	0
3401	帝人	493	504	480	500	2508
3402	東レ	414	426	413	426	3658
3403	東邦テナ	112	114	112	114	85
3404	三菱レ	306	309	301	308	1068
3405	クラレ	1036	1085	1036	1085	1818
3407	旭化成	701	720	700	720	1400
3408	サカイオーベ	72	78	72	78	50
3409	北日紡	0	0	0	0	0
3411	オートリ	160	160	160	160	4
3420	ケーエフシー	0	0	0	0	0
3421	稲葉製作	1250	1270	1250	1260	3.5
3422	丸順	0	0	0	0	0
3423	エスイー	500	500	490	490	5
3501	住江織	130	132	130	132	19
3503	東和織	0	0	0	0	0
3512	フエルト	275	275	270	271	28
3513	イチカワ	197	197	193	193	12
3514	バイリーン	228	228	223	226	31
3515	フジコー	390	390	390	390	3
3521	エコナック	101	105	101	104	42
3524	日東網	94	95	94	94	9
3526	芦森工	213	216	210	210	65
3528	グローベルス	115	120	110	111	45
3529	アツギ	103	107	103	107	763
3532	堀田産	0	0	0	0	0
3533	ダイオ化成	484	484	484	484	1
3534	ＮＢＣ	1030	1030	1000	1000	4
3551	ダイニック	171	172	170	170	26
3552	洋クロス	174	175	172	173	48
3553	共和レ	452	459	452	459	3
3569	セーレン	300	310	283	310	184
3570	オリカキャピ	170	170	150	159	145
3571	ソトー	453	453	450	450	2
3572	大同マルタ	0	0	0	0	0
3576	カンボウ	86	86	86	86	1
3577	東海染	133	134	131	131	33
3578	倉庫精	124	124	124	124	8
3580	小松精	326	326	321	321	8
3581	岐セン	0	0	0	0	0
3583	オーベクス	120	120	110	110	6
3584	福助	170	170	163	166	52
3585	トムスエンタ	363	370	345	345	120
3587	ＩＢダイワ	384	384	348	352	30
3588	丸山工	0	0	0	0	0
3591	ワコール	950	959	949	959	88
3592	ＣＨＯＹＡ	200	200	192	200	9
3593	ホギメデ	6900	6930	6850	6860	23.5
3594	モリシタ	0	0	0	0	0
3595	ヤギコーポ	281	281	280	280	4
3596	ワールド	6430	6430	6430	6430	52
3597	自重堂	0	0	0	0	0
3598	山喜	0	0	0	0	0
3599	コーコス	0	0	0	0	0
3600	フジックス	0	0	0	0	0
3601	ニチメンイン	1651	1655	1634	1634	4.6
3602	イタリヤード	235	235	235	235	33
3603	チャッコット	590	590	590	590	1
3706	東海パ	399	400	398	400	16
3861	王子紙	738	763	738	757	2874
3863	日本製紙	735	744	729	744	2189
3864	三菱紙	157	157	154	157	404
3865	北越紙	873	883	869	883	533
3868	高崎三興	80	82	78	80	38
3869	日本板紙	275	279	271	275	47
3870	日本加工製紙	71	72	71	71	31
3871	大昭和紙	549	551	545	551	74
3872	三島紙	162	162	161	161	6
3877	中越パ	213	214	211	214	114
3878	巴川紙	511	522	508	508	42
3880	大王紙	709	759	709	759	109
3881	特種紙	440	440	413	430	125
3882	紀州紙	163	163	161	161	4
3886	チューエツ	91	91	91	91	3
3887	中央板紙	101	101	97	100	5
3889	大平製紙	82	82	82	82	1
3890	ゼネＫＫ	600	600	580	580	5
3891	高度紙	0	0	0	0	0
3941	レンゴー	534	541	534	540	386
3944	古林紙	0	0	0	0	0
3945	スパバッグ	165	165	165	165	3
3946	トーモク	188	196	188	196	37
3947	ダイナパック	440	440	440	440	4
3948	光ビジネス	660	660	651	651	2
3949	日本ハイパック	260	260	250	250	3
3950	ザ・パック	0	0	0	0	0
3951	朝日印刷	0	0	0	0	0
3952	中央紙器	300	300	300	300	1
3953	大村紙業	0	0	0	0	0
3954	昭和パックス	480	485	480	485	3
3971	東セロ	280	284	271	284	13
4003	コープケミ	96	96	96	96	3
4004	昭電工	135	135	132	135	770
4005	住友化学	576	596	571	591	4478
4007	日化成	155	156	152	156	18
4008	住友精化	264	265	262	264	30
4010	三菱化学	440	453	440	453	4430
4021	日産化	576	598	559	598	657
4022	ラサ工	286	291	281	281	368
4023	呉羽化	295	308	295	297	910
4025	多木化	350	350	337	337	8
4026	神島化	0	0	0	0	0
4027	テイカ	241	242	240	240	29
4028	石原産	177	180	176	178	417
4031	チッカリン	408	408	400	400	6
4032	日東バイオン	215	215	215	215	6
4033	日東エフシー	0	0	0	0	0
4041	日曹達	278	278	266	274	445
4042	東ソー	558	593	557	584	1931
4043	トクヤマ	600	624	594	619	3950
4044	セ硝子	293	299	288	298	594
4045	東合成	240	242	226	230	1979
4046	ダイソー	225	229	216	229	44
4047	関電化	510	521	507	507	240
4050	鶴見曹達	374	374	370	370	3
4061	電化	380	381	375	381	563
4062	イビデン	1954	1955	1912	1929	446
4063	信越化	5120	5230	5110	5210	754
4064	カーバイド	113	113	110	113	106
4065	紀文フ	430	430	422	422	33
4077	富士チタン工業	560	580	555	560	19
4078	堺化学	870	889	846	860	465
4079	ハクスイテック	0	0	0	0	0
4080	田中化研	1850	1850	1680	1720	57
4086	日本エア・リキード	405	412	405	412	251
4088	エアウォータ	355	370	351	370	126
4089	大阪酸素工業	213	215	210	210	30
4091	大陽日酸	300	305	300	305	157
4092	日本化	306	310	304	307	954
4093	アセチレン	90	90	90	90	1
4094	日化産	300	310	300	310	6
4095	パーカライ	347	347	338	342	28
4096	昭炭酸	295	295	294	295	8
4097	高圧ガス	282	283	281	282	21
4098	チタン	181	190	175	175	25
4099	四国化	330	330	325	330	31
4100	戸田工	480	488	476	485	121
4101	日興酸素	0	0	0	0	0
4102	丸尾カル	0	0	0	0	0
4103	大陽東洋酸素	186	192	186	192	130
4104	タテホ	190	190	185	185	9
4105	メルテックス	665	665	665	665	5
4106	ケムキャット	1100	1100	1100	1100	1
4107	伊勢化	340	340	340	340	5
4109	ステラケミ	7000	7040	6900	6900	8
4112	保土谷	168	171	168	171	43
4113	田岡化	260	260	260	260	1
4114	日触媒	516	534	516	525	570
4115	本州化	660	680	660	662	12
4116	大日精	373	380	373	380	67
4117	川崎化	132	132	127	128	16
4118	カネカ	1150	1160	1130	1130	869
4119	ピグメント	260	275	260	260	175
4120	スガイ	320	320	320	320	6
4123	山化成	930	930	920	920	4
4151	協発酵	1030	1035	1011	1023	1207
4182	菱ガス化	290	291	286	291	387
4183	三井化学	822	822	791	800	1189
4185	ＪＳＲ	945	945	908	925	416
4186	東応化	2480	2500	2430	2470	171.3
4187	大有機	555	555	555	555	1
4201	日合成	142	143	141	142	290
4202	ダイセル	324	338	324	336	699
4203	住友ベ	1092	1175	1092	1175	1000
4204	積水化	369	373	365	369	1098
4205	ゼオン	715	723	686	700	353
4206	アイカ	788	788	760	779	267
4208	宇部興	250	255	250	255	615
4209	フドー	0	0	0	0	0
4210	東洋化学	440	445	438	445	68
4212	積水樹	355	359	352	352	48
4213	菱樹脂	168	168	162	166	68
4214	高分子	351	351	346	350	53
4215	タキロン	446	446	437	440	70
4216	旭有機	295	298	293	295	86
4217	日立化	2640	2850	2640	2850	146
4218	ニチバン	384	387	384	387	36
4219	プラス・テク	103	109	103	109	2
4220	リケンテクノ	341	346	340	346	36
4221	大倉工	351	359	351	356	47
4222	児玉化	78	79	77	79	8
4224	ロンシール	77	77	74	74	14
4225	筒中	289	302	286	302	22
4226	テスコ	260	275	260	275	4
4227	郡是高分子	200	200	200	200	3
4228	積化成	184	188	184	188	55
4229	群栄化	185	185	178	183	118
4231	タイガポリ	560	580	560	580	4
4232	東芝ケミカル	325	325	320	322	14
4233	ワコー	436	436	436	436	2
4234	サンエー化研	710	780	710	780	18
4271	カーリット	730	750	730	740	6
4272	日化薬	544	549	540	549	351
4274	細火工	0	0	0	0	0
4361	川口化	170	170	170	170	4
4362	日精化	430	430	395	400	28
4363	新日鐵化学	176	181	171	173	170
4364	マナック	480	480	480	480	4
4365	松本油脂	1900	1900	1880	1900	9
4366	ダイトーケミ	812	812	800	800	15
4367	広栄化学	0	0	0	0	0
4401	旭電化	700	710	683	700	600
4403	日油脂	247	250	242	249	508
4404	ミヨシ	245	249	241	248	54
4406	日理化	630	639	630	639	8
4409	東邦化	0	0	0	0	0
4410	ハリマ化成	410	410	390	402	16
4452	花王	3430	3450	3330	3450	870
4461	一工薬	344	344	330	335	90
4462	石原薬品	0	0	0	0	0
4463	日華化学	290	290	290	290	1
4471	三洋化	1014	1070	1001	1070	354
4501	三共	2730	2730	2655	2655	785
4502	武田	7190	7260	7120	7230	1223
4503	アステラス薬	5200	5460	5000	5460	1713
4505	第一製薬	1809	1830	1795	1829	320
4506	大日薬	1025	1045	1016	1030	509
4507	塩野義	1710	1730	1690	1730	540
4508	田辺薬	730	740	725	725	333
4509	三菱ウェルファーマ	1199	1200	1150	1167	691
4511	藤沢薬品	3720	3740	3580	3680	935
4512	わかもと	495	495	489	492	21
4514	帝臓器	809	809	782	782	12
4515	萬有製薬	2350	2360	2300	2320	249
4516	日新薬	795	819	795	818	136
4517	ビオフェル	910	910	890	890	3.5
4518	富山化	635	645	610	611	2217
4519	中外薬	1960	1985	1915	1950	846
4520	和光堂	3300	3300	3300	3300	0.5
4521	科研薬	650	659	630	650	189
4523	エーザイ	2950	2970	2885	2915	402
4524	仁丹	1210	1210	1135	1150	60
4526	理ビタ	1480	1610	1479	1600	479
4527	ロート	771	799	770	799	20
4528	小野薬	3820	3950	3780	3840	148
4529	日研化	394	394	386	394	17
4530	久光薬	2780	2890	2735	2880	429
4531	有機薬	407	407	406	406	7
4534	持田薬	721	731	710	730	327
4535	大正薬	3270	3350	3270	3330	502
4536	参天薬	2355	2355	2300	2320	109
4537	エスエス	1105	1140	1105	1140	36
4538	扶桑薬	580	580	571	575	25
4539	ケミファ	281	290	281	286	64
4540	ツムラ	403	420	403	420	40
4541	日医工	181	181	180	180	20
4542	三笠薬	0	0	0	0	0
4543	テルモ	3500	3550	3450	3550	325
4544	みらかＨＤ	572	573	565	571	27
4545	国際試薬	385	385	375	380	7
4546	北陸製薬	840	840	816	828	38
4547	キッセイ	1850	1870	1800	1870	94
4548	生化学	1270	1280	1270	1280	22
4549	栄研化	2060	2090	1760	1850	192
4550	日水薬	635	635	630	630	6
4551	鳥居薬	2600	2600	2530	2535	19.6
4552	日本ケミカル	792	800	792	800	7
4553	東和薬品	980	980	950	960	9
4554	富士製薬	382	382	375	380	16
4555	沢井製薬	1310	1310	1300	1310	4
4556	カイノス	770	805	770	790	32
4557	医学生物	5000	5100	4750	4750	39
4558	中京医薬	1180	1180	1180	1180	1
4559	ゼリア新薬	1180	1200	1173	1173	9
4560	キョーリン薬	4090	4480	4090	4480	46
4561	デンカ生研	2200	2200	2120	2120	4
4611	大日塗	177	185	173	185	42
4612	日本ペ	273	280	269	280	184
4613	関西ペ	264	264	260	261	192
4614	トウペ	142	144	142	144	9
4615	神東塗	102	102	102	102	6
4616	川上塗	120	120	120	120	1
4617	中国塗	211	213	210	212	40
4619	日特塗	269	269	256	256	26
4620	藤倉化	435	439	422	425	44
4621	ロック	0	0	0	0	0
4622	ユニペイン	0	0	0	0	0
4623	アサヒペン	286	286	280	280	7
4624	イサム	400	400	400	400	1
4625	アトミクス	0	0	0	0	0
4626	太陽インキ	6250	6250	6000	6100	5.8
4627	ナトコ	800	820	800	820	28
4628	エスケー化研	2130	2130	2120	2120	2
4629	大伸化学	377	377	370	370	2
4631	インキ	455	456	446	452	1158
4633	サカタＩＮＸ	270	272	267	269	10
4634	洋インキ	222	225	219	225	297
4635	東インキ	241	241	231	231	7
4636	Ｔ＆Ｋ	3100	3100	2980	2980	5.5
4640	アンドール	305	330	302	330	11
4641	アルプス技	1600	1690	1600	1690	5
4642	オリジナル設	990	990	990	990	3
4643	コナミスポ	8400	8600	8200	8320	9.7
4644	イマジニア	1990	2030	1970	1990	9.3
4645	市進	0	0	0	0	0
4646	ジャスフォート	0	0	0	0	0
4649	大成	0	0	0	0	0
4650	スガイエンタ	630	650	630	650	3.7
4651	サニックス	6260	6350	5980	6090	48.7
4652	ウッドランド	2390	2420	2270	2270	12
4653	ダイオーズ	0	0	0	0	0
4654	ニチゾウテク	310	310	310	310	1
4655	ＮＯＶＡ	815	825	800	800	8
4656	サン・ライフ	2590	2590	2350	2350	2
4657	環境管理	0	0	0	0	0
4658	日本空調	1200	1200	1200	1200	1
4659	エイジス	1100	1100	1100	1100	2
4660	ニッポン放送	6700	6710	6700	6700	40
4661	ＯＬＣ	12000	12490	11810	12490	114.6
4662	フォーカス	3260	3500	3260	3390	54
4663	ＡＴＬ	820000	850000	780000	780000	0.032
4664	ＲＳＣ	450	450	450	450	1
4666	パーク２４	11200	11470	11200	11410	7.6
4667	アイサンテク	255	255	235	235	5
4668	明光ネット	375	389	375	389	8
4669	ニッパンＲ	360	360	360	360	3
4670	セタ	686	686	686	686	1
4671	ファルコバ	2505	2505	2300	2300	79
4672	ベルックス	1230	1230	1210	1220	4
4673	川崎地質	400	400	400	400	1
4674	クレスコ	6850	7550	6500	6750	31.9
4675	エヌエス環境	0	0	0	0	0
4676	フジテレビ	1750000	1760000	1460000	1500000	3.14
4677	デザイ	0	0	0	0	0
4678	秀英	1330	1330	1330	1330	3
4679	田谷	2320	2400	2320	2360	14
4680	ラウンドワン	461000	478000	459000	468000	0.588
4681	リゾートトラ	2700	2760	2700	2760	4.5
4682	電通テック	12500	12500	12000	12000	1.1
4683	堀内カラー	590	591	590	591	18
4684	オービック	32350	32350	30250	31400	68
4685	菱友システム	0	0	0	0	0
4686	ジャスト	3370	3480	3210	3300	69.7
4687	ＴＤＣソフト	2140	2150	2000	2040	11.4
4688	日本ドレーク	20000	20800	20000	20800	0.8
4689	ヤフー	30500000	31900000	27000000	27000000	0.182
4690	日パレット	0	0	0	0	0
4692	アルゴ２１	3160	3450	3150	3200	27.7
4694	ＢＭＬ	4020	4020	4000	4000	18
4695	マイスター	0	0	0	0	0
4696	ワタベ	1260	1260	1250	1250	2
4697	ゼロ	2110000	2110000	2110000	2110000	0.022
4699	ウチダエスコ	360	360	360	360	1
4700	アクセス	7200000	7400000	6900000	7150000	0.041
4701	プレック研	0	0	0	0	0
4702	55ステーション	0	0	0	0	0
4703	住商オート	830	840	815	820	35
4704	トレンド	11300	12200	10500	10700	336.5
4705	クリップ	0	0	0	0	0
4706	富士通サポート	11300	11500	10020	10300	197.1
4707	キタック	0	0	0	0	0
4708	もしもしＨＬ	11300	11800	10800	11000	9.5
4709	ＩＤ	1200	1200	1150	1150	12
4710	ウィン	350	350	340	340	4
4711	コミュニティ	1288	1288	1252	1275	6.1
4712	アドアーズ	375	375	350	365	5
4713	日信電サ	0	0	0	0	0
4714	リソー教育	200000	200000	182000	182000	0.025
4715	クリエイティブ	370	370	361	361	3
4716	日本オラクル	53800	57500	50800	53000	201.9
4717	ソデッソジャパン	2580	2580	2470	2470	2
4718	早稲アカ	410	410	410	410	3
4719	アルファシス	13000	13400	11500	11500	50.6
4720	城南進研	630	630	630	630	1
4721	フジスタッフ	2880	3110	2880	2900	28
4722	フューチャー	2020000	2060000	2000000	2000000	0.14
4723	グッドウィル	770000	860000	700000	720000	1.109
4724	シチエ	1080	1100	1030	1100	5.3
4725	ＣＡＣ	5900	6000	5690	5690	16.7
4726	ソフトバンテク	20900	20900	20900	20900	1.5
4727	アジアＳ総研	2500	2540	2340	2350	8.1
4728	トーセ	5900	6250	5600	5600	14.3
4729	コナミスタジオ	3750000	3800000	3610000	3690000	0.024
4730	関西メンテ	0	0	0	0	0
4731	ユニバホーム	1550000	1560000	1550000	1550000	0.017
4732	ＵＳＳ	2865	2970	2850	2890	37
4733	ＯＢＣ	17800	18400	17600	17600	88
4734	ビーイング	1930	1940	1810	1830	25
4735	京進	465	465	465	465	1
4736	日本ラッド	1600	1600	1510	1550	8
4737	シダックス	1580	1580	1580	1580	1
4738	日立ビジネス	1900	1930	1800	1800	26
4739	ＣＴＣ	57500	57500	57500	57500	135.8
4740	ニューディル	2260000	2260000	1950000	1950000	0.033
4741	ＩＲＩ	10210000	10810000	10000000	10000000	0.021
4743	アイティフォ	4510	4750	4310	4310	12
4744	メッツ	1250000	1310000	1250000	1270000	0.035
4745	東京個別	6100	6200	6000	6200	4
4746	東計電算	1271	1271	1180	1190	21
4747	Ｃフィッシュ	4400000	4400000	4400000	4400000	0.004
4748	構造計画	2000	2000	1900	1950	11
4749	アドバックス	345	360	345	360	22
4750	ダイサン	350	350	350	350	2
4751	サイバエージ	6830000	6940000	6830000	6830000	0.011
4752	昭和システム	685	685	680	680	8
4753	ライブドア	1720000	1940000	1710000	1940000	0.018
4754	トスネット	455	455	450	450	4
4755	楽天	34500000	37000000	32000000	32000000	0.147
4756	ＣＣＣ	2870	3000	2830	3000	17
4757	インテリ	12300000	12400000	12300000	12400000	0.005
4901	富士写	3890	3970	3880	3950	793
4902	コニカＨＤ	685	696	671	685	1839
4911	資生堂	1620	1650	1620	1649	1222
4912	ライオン	459	475	459	475	179
4913	サンスター	350	350	340	342	16
4914	高砂香	419	421	417	420	46
4915	エイボンＪ	219	220	219	220	5
4916	ノエビア	1060	1060	1060	1060	10
4917	マンダム	1660	1680	1650	1660	21
4918	アイビー	0	0	0	0	0
4919	ミルボン	7000	7000	7000	7000	5.1
4920	日本色材	0	0	0	0	0
4921	ファンケル	13400	13490	13100	13120	27.5
4922	コーセー	2650	2670	2630	2650	15
4951	エステー化	658	658	657	658	19
4953	タイホー工業	380	380	380	380	5
4954	マークテック	390	390	390	390	2
4955	アグロカネシ	640	640	640	640	11
4956	コニシ	1100	1100	1082	1100	12.1
4957	ヤスハラケミ	0	0	0	0	0
4958	長谷川香料	1700	1700	1650	1650	7.6
4959	シーシーアイ	550	550	549	549	7
4960	ケミプロ	445	445	442	442	5
4961	日油技研	700	725	700	720	57
4963	星光ＰＭＣ	552	552	550	550	16
4964	星光化学工業	0	0	0	0	0
4965	曽田香料	0	0	0	0	0
4966	上村工	1980	1980	1920	1920	9
4967	小林製薬	0	0	0	0	0
4968	荒川化工	925	950	925	942	9
4970	東洋合成	2130	2200	1980	1980	67
4987	寺岡製	666	666	666	666	2
4989	イハラケミ	223	239	222	235	411
4990	昭和化	0	0	0	0	0
4992	北興化	352	353	350	353	19
4996	クミアイ化	176	185	176	185	36
4997	日農薬	214	221	214	221	95
4998	フマキラ	197	200	197	200	10
4999	セメダイン	278	278	265	265	4
5001	新日本石油	390	412	386	411	2273
5002	昭和シェル	467	475	467	474	534
5005	東  燃	600	615	600	615	411
5006	興亜石油	272	277	272	277	52
5007	コスモ石	151	151	147	151	1086
5008	東亜石	108	108	103	103	62
5009	富士興	71	71	70	71	22
5010	日精蝋	89	89	89	89	3
5011	ニチレキ	450	450	434	436	9
5012	東燃ゼネ石	226	230	226	228	209
5013	ユシロ	470	470	451	454	15
5014	ジャパンエナジー	92	94	92	93	1216
5015	ＢＰカスト	600	600	590	590	4
5101	浜ゴム	260	265	258	264	625
5102	大機エンジ	210	210	210	210	2
5103	昭ゴム	250	264	250	251	63
5104	日東化工	92	92	92	92	1
5105	洋ゴム	133	147	133	147	1744
5106	オーツタイヤ	172	176	172	176	8
5108	ブリヂストン	2515	2590	2515	2585	1345
5110	住友ゴ	603	643	603	628	590
5121	藤ゴム	188	188	187	187	5
5122	オカモト	234	235	231	235	35
5123	ミサワ東洋	121	121	121	121	2
5142	アキレス	162	166	162	164	60
5143	世界長	171	182	166	170	29
5161	西川ゴム	0	0	0	0	0
5162	朝日ラバー	1100	1100	1100	1100	4
5184	ニチリン	0	0	0	0	0
5185	フコク	675	715	675	710	19
5186	ニッタ	1119	1143	1070	1070	28.9
5187	クリエート	780	780	751	751	2
5188	帝都ゴム	0	0	0	0	0
5189	桜ゴム	0	0	0	0	0
5191	東海ゴ	960	960	951	955	103
5192	三星ベ	271	274	270	273	42
5193	平成ポリマー	0	0	0	0	0
5194	相模ゴ	555	555	540	546	11
5195	バンドー	216	222	216	222	32
5196	鬼ゴム	78	81	78	81	30
5199	不二ラテ	160	160	146	155	11
5201	旭硝子	969	1000	968	1000	1414
5202	板硝子	907	917	885	900	1224
5204	石塚硝	171	171	165	165	7
5205	日本無機	348	348	348	348	2
5208	有沢製	2590	2750	2590	2750	42
5210	日山村硝	188	190	187	190	37
5212	不二硝	0	0	0	0	0
5213	芝セラミ	710	730	698	720	926
5214	日電硝	2030	2095	1940	1949	1438
5215	旭テクノグラス	840	840	821	821	24
5216	倉元	1440	1460	1360	1420	4
5217	テクノクオツ	2810	2810	2600	2640	12
5232	住友大阪	437	445	430	434	1099
5233	太平洋セメ	162	163	159	162	870
5234	デイ・シイ	153	153	151	151	9
5237	ノザワ	88	88	87	87	4
5261	ミサワリゾ	235	239	235	235	18
5262	日ヒューム	220	233	215	222	20
5266	テイヒュー	0	0	0	0	0
5267	ハネックス	115	115	115	115	2
5268	旭コン	289	289	289	289	2
5269	日コン	102	106	102	106	24
5271	トヨアサノ	130	135	130	135	4
5272	浅野スレ	92	95	92	95	38
5273	三谷セキ	0	0	0	0	0
5274	ゼニパイプ	0	0	0	0	0
5276	石建工	390	390	376	380	26
5277	スパンクリト	325	325	320	320	19
5278	エバタ	0	0	0	0	0
5279	日本興業	0	0	0	0	0
5280	ヨシコン	0	0	0	0	0
5281	旭ダンケ	0	0	0	0	0
5282	ジオスター	980	990	970	980	14
5283	高見沢	0	0	0	0	0
5284	ヤマウ	0	0	0	0	0
5285	ヤマックス	0	0	0	0	0
5286	武井工業	0	0	0	0	0
5287	イトヨーギョ	960	960	941	941	5
5301	東海カ	220	221	214	218	279
5302	カーボン	105	105	102	105	303
5304	エスイ−シ−	0	0	0	0	0
5331	ノリタケ	485	500	482	482	150
5332	ＴＯＴＯ	713	720	700	713	2588
5333	ガイシ	1070	1085	1070	1074	1178
5334	特殊陶	1305	1318	1275	1285	1589
5336	INAX	595	610	590	606	1115
5337	ダントー	338	340	332	340	32
5338	大トー	245	245	231	231	32
5341	アサヒ陶	117	130	117	130	6
5342	ジャニス	0	0	0	0	0
5343	ニッコー	0	0	0	0	0
5344	ＭＡＲＵＷＡ	2890	3000	2890	3000	36.3
5351	白煉瓦	215	215	205	210	219
5352	黒崎	170	170	165	170	43
5355	ルツボ	134	138	125	134	11
5356	美濃窯	0	0	0	0	0
5357	ヨータイ	172	175	169	169	9
5358	イソライト	177	177	171	171	9
5361	東海熱	650	650	620	620	15
5362	九州耐	290	300	278	296	56
5363	ＴＹＫ	185	200	185	200	14
5367	ニッカトー	865	865	830	830	25
5382	中央商事	0	0	0	0	0
5383	三共理化	0	0	0	0	0
5384	フジミインコ	3590	3590	3410	3450	11.9
5386	鶴弥	760	760	750	750	2
5387	チヨダウーテ	0	0	0	0	0
5388	クニミネ	0	0	0	0	0
5389	日レヂボン	0	0	0	0	0
5390	宇部マテリア	138	140	138	140	19
5391	Ａ＆ＡＭ	105	106	102	106	35
5393	ニチアス	197	197	190	197	121
5395	コランダム	170	170	170	170	3
5397	ＭＩＥテクノ	0	0	0	0	0
5398	日研紙	0	0	0	0	0
5401	新日鉄	245	248	243	248	11003
5403	川崎製鉄	179	180	174	177	4539
5404	日本鋼管	71	72	70	71	6850
5405	住金	82	83	80	81	8366
5406	神戸鋼	73	74	72	74	1899
5407	日新鋼	116	117	115	117	931
5408	中山鋼	149	150	141	149	85
5410	合同鉄	102	108	101	107	812
5423	東京製鉄	355	358	350	355	193.4
5443	東洋製鋼	4	5	4	4	348
5444	大和工	500	500	480	488	278
5445	東京鉄	71	75	71	75	18
5446	北越メ	0	0	0	0	0
5448	東京鋼鉄	0	0	0	0	0
5449	大阪製鉄	405	405	404	405	10.7
5451	淀川鋼	285	289	282	285	172
5453	洋鋼鈑	374	374	366	370	52
5454	日鉄鋼板	211	217	205	213	49
5457	住友鋼管	320	320	306	311	53
5458	高砂鉄	119	120	116	120	21
5461	中部鋼	128	128	127	127	2
5462	日鉄鋼管	117	117	117	117	3
5463	丸一管	1290	1291	1276	1280	102
5464	モリ工	231	235	230	235	12
5471	大同特鋼	215	229	213	229	1553
5476	高周波	77	77	72	75	73
5479	日金工	81	82	79	82	465
5480	冶金工	70	71	69	69	181
5481	山陽鋼	145	146	143	145	73
5482	愛知鋼	310	325	310	325	99
5484	東北鋼	0	0	0	0	0
5486	日立金	873	899	872	897	465
5491	日金属	110	113	110	113	26
5541	大平金	266	280	263	266	1705
5542	報国鉄	550	550	550	550	0.2
5562	日本重化学	131	134	127	128	287
5563	日本電工	162	164	159	161	323
5566	中央電	210	210	210	210	8
5602	栗本鉄	250	250	249	250	22
5603	虹技	118	118	112	112	12
5605	自動鋳	0	0	0	0	0
5606	旭テック	146	146	137	140	26
5607	中可鍛	250	250	250	250	2
5608	川口金	225	225	223	223	6
5609	日鋳造	82	82	82	82	1
5610	大和重	115	115	110	110	4
5612	鋳鉄管	198	200	195	198	25
5613	日本カタン	270	270	270	270	6
5631	日製鋼	112	112	106	109	526
5632	菱製鋼	67	68	66	68	117
5633	関東特殊製鋼	75	75	73	75	19
5641	ＴＤＦ	180	180	180	180	2
5642	日本鍛工	53	53	53	53	2
5644	メタルアート	100	100	100	100	3
5645	イチタン	0	0	0	0	0
5657	鈴木金	160	160	154	154	6
5658	日亜鋼	402	413	400	400	65
5659	日精線	208	208	208	208	8
5660	神鋼線	80	82	80	82	7
5691	東京シヤリング	70	70	70	70	4
5694	大和綱帯	0	0	0	0	0
5695	パウダテック	0	0	0	0	0
5696	川鉄鋼板	100	100	100	100	3
5697	サンユウ	330	330	330	330	1
5701	日軽金	79	79	76	79	553
5702	大紀ア	162	162	162	162	2
5706	三井金	677	682	672	678	2161
5707	東邦鉛	195	195	192	195	276
5711	三菱マ	370	371	359	364	3181
5713	住友鉱	431	435	415	429	3805
5714	同和鉱	310	316	308	315	1044
5715	古河機金	211	211	208	210	529
5716	日鉱金属	790	801	789	801	192
5721	Ｓサイエンス	699	709	695	705	433
5727	邦チタ	435	435	425	425	11
5728	アライドマテリアル	934	935	912	912	7
5729	日精鉱	180	180	180	180	11
5734	昭和アルミ	155	160	151	160	410
5738	住軽金	78	78	76	78	99
5739	日製箔	125	125	125	125	3
5740	九州不二サッシ	0	0	0	0	0
5753	日伸銅	0	0	0	0	0
5756	東海アルミ箔	52	52	50	50	5
5757	サンエツ	730	730	730	730	2
5771	菱伸銅	260	263	252	258	126
5781	東邦金	143	155	142	155	18
5801	古河電	1151	1187	1151	1179	1684
5802	住友電	1499	1530	1497	1525	3631
5803	フジクラ	492	492	479	490	679
5804	菱線工	218	220	215	217	397
5805	昭電線	148	148	144	147	455
5807	東特線	300	300	300	300	5
5808	理研線	205	205	204	204	4
5809	タツタ	171	175	168	175	49
5810	第一電工	84	88	84	88	15
5811	トヨ電線	0	0	0	0	0
5812	日立線	1010	1020	980	1020	501
5813	花島電線	0	0	0	0	0
5815	沖電線	250	250	248	248	9
5816	オーナンバ	190	190	190	190	1
5817	日電線	350	350	340	340	2
5818	東日京三電線	280	280	280	280	3
5819	カナレ電気	1530	1550	1450	1450	6.9
5820	三ッ星	0	0	0	0	0
5851	リョービ	115	115	113	115	97
5852	アーレスティ	302	310	300	309	8
5853	京都ダイカスト	0	0	0	0	0
5854	東京理化工	0	0	0	0	0
5855	アサヒプリテ	1890000	2000000	1890000	1940000	0.029
5900	ダイケン	405	405	395	400	4
5901	洋カン	2105	2165	2090	2165	350
5902	北カン	205	210	205	210	25
5903	シンポ	605	615	590	590	22
5904	アルコアシステム	515	515	510	510	18
5905	日カン	166	186	166	167	5
5906	エムケー精工	0	0	0	0	0
5907	ＪＦＥコンテ	0	0	0	0	0
5908	日鉄ドラム	294	294	294	294	1
5909	コロナ	1040	1040	1040	1040	5
5910	立山アルミ	0	0	0	0	0
5911	横河ブ	330	330	315	320	77
5912	日本橋	115	115	112	114	9
5913	松尾橋	188	188	188	188	5
5914	宮地鐵工所	178	178	177	177	17
5915	駒井鉄	305	313	305	309	57
5916	ハルテック	203	203	198	198	30
5917	サクラダ	80	81	80	81	6
5918	滝上工	355	355	350	355	22
5919	日鉄塔	243	243	243	243	2
5920	鈴木シャ	0	0	0	0	0
5921	川岸工	255	255	245	245	3
5922	那須鉄	0	0	0	0	0
5923	高田機	460	460	455	455	6
5924	新日軽	66	67	66	67	27
5925	酒井鉄工所	145	145	145	145	1
5926	安治川鉄工	0	0	0	0	0
5927	ホリー	118	118	118	118	3
5928	アルメタクス	235	235	220	220	12
5929	三和シャタ	322	340	322	340	310
5930	文化シヤタ	213	213	206	213	56
5931	川田工	203	205	200	205	33
5932	三協アルミ	92	94	92	94	92
5933	アルインコ	190	190	175	175	17
5934	日本ア	62	62	62	62	1
5935	元旦	0	0	0	0	0
5936	洋シヤタ	95	100	95	96	67
5937	洋エクス	777	799	777	782	20
5938	住生活Ｇ	1719	1750	1719	1750	231
5939	大谷工業	0	0	0	0	0
5940	不二サッシ	135	135	131	134	26.4
5941	中西製	0	0	0	0	0
5942	フイルコン	315	315	315	315	2
5943	ノーリツ	1352	1360	1340	1350	56
5944	日立粉末	805	810	790	805	39
5945	天竜製鋸	0	0	0	0	0
5946	長府製	1400	1403	1395	1403	14.6
5947	リンナイ	2200	2250	2200	2240	76.2
5949	ユニプレス	191	195	190	195	21
5950	パワーファス	0	0	0	0	0
5951	ダイニチ工業	266	275	266	275	4.1
5952	アマテイ	90	90	90	90	3
5954	トープラ	141	142	137	142	9
5955	ヤマシナ	290	293	282	285	131
5956	トーソー	289	289	289	289	4
5957	日東精	198	198	197	197	14
5958	三洋工	388	437	365	437	1545
5959	岡部	318	320	315	319	5
5961	トーカロ	590	590	590	590	2
5962	浅香工	0	0	0	0	0
5963	日立ツール	450	450	440	447	15.5
5964	洋刃物	116	116	116	116	1
5965	フジマック	461	461	461	461	1
5966	ＫＴＣ	0	0	0	0	0
5967	前田金	118	118	118	118	5
5969	ロブテックス	113	113	113	113	1
5970	菊池プレス	400	400	400	400	1
5971	共和工業	240	240	240	240	1
5972	日本建鐵	280	306	275	304	23
5973	トーアミ	501	501	501	501	1
5974	中国工	164	170	164	165	43
5975	東プレ	327	327	315	320	94
5976	ネツレン	285	286	285	285	28
5977	コマツ電子	1080	1140	1070	1070	11.9
5979	カネソウ	435	435	435	435	1
5980	田中亜鉛	0	0	0	0	0
5981	東京綱	135	138	115	128	1246
5982	マルゼン	380	380	375	380	11
5983	イワブチ	320	320	320	320	3
5984	兼房	500	500	500	500	0.5
5985	サンコール	410	410	406	408	25
5986	モリテック	0	0	0	0	0
5987	オーネックス	0	0	0	0	0
5988	パイオラクス	701	701	701	701	6
5989	ヒラタ	0	0	0	0	0
5990	スーパツール	0	0	0	0	0
5991	ニッパツ	365	374	365	373	499
5992	中央発條	385	388	383	388	14
5993	知多鋼	0	0	0	0	0
5994	ファインＳ	360	360	348	350	7
5995	科学冶金	500	500	500	500	3
5996	新立川	900	900	900	900	0.4
5997	協立エアテク	610	610	610	610	0.4
5998	アドバネクス	268	268	262	263	16
5999	イハラサイエ	255	255	248	248	30
6005	三浦工	1300	1309	1300	1308	28.6
6011	新潟鉄工所	84	84	81	82	1584
6013	タクマ	931	943	925	943	99
6016	神発動	101	101	101	101	1
6018	阪神燃	90	90	90	90	2
6020	神鋼造機	0	0	0	0	0
6021	ロビン	0	0	0	0	0
6022	赤阪鉄	92	92	92	92	5
6023	ダイハツデ	125	130	125	128	63
6041	ボッシュ	132	140	131	140	172
6042	ニッキ	130	130	130	130	3
6101	ツガミ	518	526	502	502	979
6102	池貝	168	170	165	170	81
6103	オークマ	433	439	415	420	252
6104	東芝機	236	241	235	238	172
6106	日立精機	193	194	185	190	58
6107	アマダマシ	223	228	220	220	111
6111	旭精機	200	200	195	195	3
6112	小島鉄	127	127	125	125	2
6113	アマダ	910	923	899	923	780
6114	住倉工業	288	289	282	285	73
6118	アイダ	412	420	402	407	44
6119	ゼィープラス	375	445	375	435	138
6121	滝澤鉄	80	85	80	85	6
6125	岡本工	118	118	114	114	11
6126	大ダイヤ	170	170	170	170	1
6130	日平トヤマ	195	195	185	185	7
6131	浜井産	160	160	160	160	4
6134	富機製	6600	6690	6490	6580	82.8
6135	牧野フ	986	1000	953	1000	252
6136	ＯＳＧ	490	501	490	501	42
6137	小池工	130	130	127	127	13
6138	ダイジェト	151	160	151	159	27
6139	東芝タンガロイ	495	495	467	480	510
6140	旭ダイヤ	604	604	590	599	49
6141	森精機	1590	1620	1540	1620	109
6142	富士精	238	238	238	238	2
6143	ソディック	795	799	771	778	137
6144	西部電機	0	0	0	0	0
6145	日特エンジ	1610	1610	1460	1500	65
6146	ディスコ	13300	14300	13110	13690	56.6
6147	ヤマザキ	0	0	0	0	0
6148	UHT	2750	2850	2700	2700	26
6149	小田原エンジ	610	610	600	600	3
6150	タケダ機械	160	180	160	180	6
6151	日東工器	2550	2590	2500	2500	19.5
6201	豊田織	2250	2275	2205	2250	285
6203	豊和工	145	147	135	144	133
6204	キリウ	145	150	145	150	11
6205	ＯＫＫ	111	120	111	118	43
6206	豊田工	969	985	943	956	415
6208	石川製	120	124	117	120	82
6210	東洋機械	510	510	500	501	6
6211	倉敷機	0	0	0	0	0
6212	帝人製機	178	178	170	170	21
6213	ＯＭ製	135	135	131	131	17
6214	大隈豊和機械	216	216	204	204	29
6216	寿工業	0	0	0	0	0
6217	津田駒	155	155	150	155	18
6218	エンシュウ	135	138	135	138	5
6221	大東製機	276	276	276	276	4
6222	島精機	2700	2800	2680	2795	18.3
6242	スピンドル	175	183	175	183	21
6245	ヒラノテク	0	0	0	0	0
6246	井上金	165	165	165	165	8
6247	日阪製	430	432	428	430	54
6271	ニッセイ	945	945	945	945	4
6272	レオン	383	383	380	382	14
6273	ＳＭＣ	17900	18400	17900	18280	112.9
6274	新川	4600	4680	4520	4580	114.9
6275	イセキ開発工	110	110	110	110	6
6276	ナビタス	780	780	755	765	11
6277	ホソミクロン	650	650	646	646	5
6278	ユニオンツル	10800	11000	10010	10200	42.3
6279	瑞光	1428	1428	1428	1428	0.2
6280	名機製	1640	1640	1521	1540	6
6281	前田製作	0	0	0	0	0
6282	オイレス	1680	1680	1651	1658	14.6
6283	オリイメック	310	310	307	307	4
6284	ＡＳＢ機械	460	460	451	451	11
6286	静甲	0	0	0	0	0
6287	サトー	3050	3130	3010	3060	24.9
6288	ハマダ印刷機	171	171	171	171	1
6289	技研製	319	319	319	319	4
6290	ＳＥＳ	1690	1700	1590	1660	76
6291	エアーテック	660	660	646	646	6
6292	カワタ	950	950	921	921	5
6293	日精樹脂	1000	1000	1000	1000	5
6294	オカアイヨン	200	200	200	200	1
6295	富士変速	288	288	285	285	4.3
6296	ロキテクノ	1060	1060	1020	1040	14
6297	鉱研工業	335	335	328	330	1.5
6298	ワイエイシイ	2070	2070	1950	1950	4
6299	神鋼環境Ｓ	300	300	300	300	5
6300	アピクヤマダ	971	980	971	972	18
6301	コマツ	668	672	665	670	1706
6302	住友機	264	264	255	258	589
6303	ササクラ	355	380	355	380	12
6304	マキ製作所	0	0	0	0	0
6305	日立建機	475	486	465	480	83
6306	日工	235	236	226	227	13
6307	サンセイ	89	95	89	95	6
6309	巴工業	0	0	0	0	0
6310	井関農	96	96	94	96	167
6311	セイレイ工業	291	291	291	291	8
6312	フロイント	655	655	650	650	3
6313	共立	180	180	167	178	432
6314	石井工研	860	880	850	880	4.5
6315	ＴＯＷＡ	3810	4090	3800	4080	99.1
6316	丸山製	160	160	151	152	37
6317	北川鉄	143	145	140	141	37
6319	シンニッタン	185	189	185	186	11
6320	新ダイワ	260	260	260	260	2
6321	石搬機	344	354	344	354	7
6322	タクミナ	0	0	0	0	0
6323	ローツェ	3490	3550	3310	3310	18
6324	ハーモニック	2190000	2190000	2190000	2190000	0.005
6325	タカキタ	177	177	177	177	7
6326	クボタ	389	399	389	395	1042
6327	北川精機	0	0	0	0	0
6328	荏原実業	1290	1290	1280	1290	8
6329	ＨＥＣ	579	579	579	579	1
6330	東洋エンジ	103	103	100	103	411
6331	化工機	224	225	219	225	107
6332	月島機	640	641	635	640	18
6333	帝国電	600	600	600	600	4
6334	明治機	336	341	320	320	162
6335	東京機	412	414	405	413	126
6336	石井表記	2695	2700	2695	2700	5
6337	テセック	6420	6500	6400	6400	3
6338	タカトリ	1120	1120	1100	1100	5
6339	新東工	243	247	242	247	15
6340	渋谷工	871	871	832	832	22
6341	日立造船富岡	160	160	160	160	2
6342	太平製	0	0	0	0	0
6343	フリージア	83	85	82	85	16
6345	アイチコーポ	162	166	160	162	22.7
6346	菊川鉄	0	0	0	0	0
6347	プラコー	110	110	110	110	5
6348	日本マリンテクノ	580	580	580	580	2
6349	小森	1750	1755	1725	1735	346
6350	新日本造機	130	130	130	130	3
6351	鶴見製	475	480	475	480	10
6352	トヨコケン	0	0	0	0	0
6354	日立機電	372	377	370	370	6
6355	住友精	375	379	367	378	40
6356	日ギア	175	175	175	175	10
6357	三精輸	330	330	325	326	29
6358	酒井重	224	225	218	224	63
6359	粟村製作所	133	133	133	133	2
6360	東自機	300	300	300	300	5
6361	荏原	1142	1172	1142	1170	1702
6362	石井鉄	205	205	205	205	3
6363	酉島	515	515	486	491	37
6364	北越工	0	0	0	0	0
6365	電業社	4100	4100	4100	4100	0.7
6366	千代建	130	135	130	133	240
6367	ダイキン	2030	2040	2000	2015	275
6368	オルガノ	392	400	390	390	68
6369	トヨカネツ	103	105	101	105	167
6370	栗田工	2415	2435	2250	2300	313
6371	椿本チ	521	525	501	525	193
6372	セイサ	86	86	86	86	1
6373	大同工	236	239	225	227	31
6374	ＴＣＭ	215	215	210	211	78
6375	コンベヤ	107	110	106	110	198
6376	日機装	585	595	575	582	473
6377	甲陽建設	300	305	300	300	42
6378	木村化	150	150	150	150	3
6379	新興プラン	99	100	97	100	21
6380	オリチェン	98	98	98	98	2
6381	アネスト岩田	149	150	149	150	11
6382	トリニ工	237	237	237	237	1
6383	ダイフク	1020	1029	996	1007	186
6386	扶桑レクセ	1298	1298	1250	1275	11
6388	ミサワバン	241	275	241	275	14
6389	内田油圧	0	0	0	0	0
6390	加藤製	159	159	155	159	35
6391	加地テック	0	0	0	0	0
6392	ヤマダコーポ	146	151	142	151	5
6393	油研工	116	117	115	116	18
6394	大江工業	135	135	135	135	7
6395	タダノ	167	170	165	167	132
6396	宇野鉄	0	0	0	0	0
6397	郷鉄工	0	0	0	0	0
6398	日本電産シンポ	895	895	890	890	3
6403	水道機	0	0	0	0	0
6406	フジテック	992	1009	911	922	131
6407	シーケーディ	659	692	657	692	313
6408	クラッチ	0	0	0	0	0
6409	キトー	280	285	275	280	34
6411	中野冷	451	451	451	451	1
6412	平和	2150	2160	2150	2160	203.7
6413	理想科学	3000	3020	2870	2950	25.2
6414	川重冷熱	0	0	0	0	0
6415	ニスカ	0	0	0	0	0
6416	桂川電機	306	306	300	300	7
6417	ＳＡＮＫＹＯ	4430	4580	4310	4400	132.6
6418	日金銭	1649	1650	1600	1640	44
6419	マース	2550	2685	2500	2500	18.1
6420	福島工業	630	630	600	600	5.5
6421	キヤノンＦ	860	870	855	860	34
6422	キヤノン化成	1010	1030	1000	1030	22
6423	アビリット	7000	7100	6750	6750	75.6
6424	高見サイ	522	522	522	522	1
6425	アルゼ	7360	7390	7200	7300	27.5
6426	サミー	4080	4210	4070	4200	21.8
6427	東北リコー	960	960	900	900	12
6431	キャノンＮＴＣ	0	0	0	0	0
6436	アマノ	900	905	897	900	135
6437	三条機	141	141	140	140	2
6439	中日鋳	125	125	125	125	6
6440	ＪＵＫＩ	244	246	240	245	210
6442	コピア	342	350	342	346	16
6443	東洋製	140	140	135	136	5
6444	サンデン	625	628	621	623	289
6445	蛇の目	100	102	97	100	110
6448	ブラザー	266	269	261	267	161
6453	シルバ精	250	250	220	230	996
6454	マックス	979	979	961	970	65
6455	モリタ	280	280	277	277	8
6457	グローリー	1650	1650	1640	1640	20
6458	新晃工	136	140	136	140	23
6459	大和冷	320	320	314	314	12
6461	日ピス	112	114	111	114	198
6462	リケン	248	248	238	240	107
6463	ＴＰＲ	285	287	285	287	5
6466	トウアバルブ	112000	112000	107000	107000	0.007
6467	ニチダイ	545	545	535	545	5
6468	駿河精機	2950	3000	2900	3000	10
6469	放電精密	0	0	0	0	0
6470	大豊工業	855	855	854	854	3
6471	日精工	853	872	846	865	962
6472	ＮＴＮ	340	346	335	340	693
6473	光洋精	780	795	770	791	276
6474	不二越	199	201	194	197	303
6475	天辻	0	0	0	0	0
6476	富士テクニカ	490	490	490	490	1
6477	ツバキ・ナカ	1330	1332	1295	1300	21.5
6478	ダイベア	0	0	0	0	0
6479	ミネベア	1303	1319	1287	1300	693
6480	トムソン	1230	1244	1230	1240	230
6481	ＴＨＫ	4200	4420	4110	4370	289.2
6482	ユーシン精機	7910	8000	7800	7950	20.8
6483	川重防災	0	0	0	0	0
6484	ＫＶＫ	0	0	0	0	0
6485	前沢給装	630	640	630	630	22
6486	イーグル工	335	335	334	335	6
6487	積水工機	0	0	0	0	0
6488	ヨシタケ	0	0	0	0	0
6489	前沢工業	930	930	920	925	16.4
6490	ピラー	829	830	795	795	11
6492	岡野バ	150	150	150	150	1
6493	日鍛バ	169	169	169	169	2
6494	ファネス	333	340	320	335	11
6495	宮入バ	85	85	81	81	14
6496	中北製	192	192	190	190	19
6497	ハマイ	0	0	0	0	0
6498	キッツ	197	200	195	200	239
6499	大隈エンジニア	164	164	149	149	3
6501	日立	1250	1258	1220	1235	7086
6502	東芝	1012	1027	1000	1019	5568
6503	三菱電	1038	1042	1015	1040	5294
6504	富士電機ＨＤ	357	364	355	364	1506
6505	東洋電	155	155	153	155	35
6506	安川電	1390	1420	1382	1395	685
6507	神鋼電	162	170	162	169	239
6508	明電舎	215	215	207	212	197
6513	オリジン	1031	1045	1012	1018	39
6516	山洋電	400	401	390	390	49
6517	デンヨー	735	735	711	711	12
6518	三相電機	610	620	570	570	10
6581	日立工	285	290	283	285	163
6584	三桜工	629	629	605	616	45
6585	サーボ	265	265	260	260	37
6586	マキタ	1026	1040	1026	1040	64
6587	松下精工	412	419	409	419	72
6588	東芝テック	410	419	400	404	427
6590	芝浦	1007	1029	980	988	132
6591	西芝電	148	153	145	153	14
6592	マブチ	10380	10500	10010	10300	186.7
6593	ローヤル電	0	0	0	0	0
6594	日電産	7650	8000	7650	8000	143.9
6621	高岳	184	184	177	179	148
6622	ダイヘン	201	202	200	201	133
6623	愛電機	0	0	0	0	0
6624	田淵電	276	276	276	276	1
6641	日新電	272	275	270	275	205
6643	戸上電	153	153	153	153	1
6644	大崎電	560	569	558	565	57
6645	オムロン	2820	2900	2650	2795	592
6646	エナジーサポ	301	310	300	310	15
6647	森尾電	141	141	141	141	3
6648	かわでん	47	50	40	41	940
6650	春日電	139	139	135	136	15
6651	日東工	740	756	735	743	174
6652	和泉電	1456	1520	1456	1520	16.5
6654	不二電機	710	710	700	700	2
6655	東洋電機	0	0	0	0	0
6701	ＮＥＣ	2785	2810	2710	2800	5300
6702	富士通	3000	3050	2975	3000	5720
6703	沖電気	776	784	753	770	1558
6704	岩崎通	273	275	266	271	115
6705	ＮＥＣインフ	511	516	510	511	55
6706	電気興	1000	1010	995	995	181
6707	サンケン	722	749	722	749	870
6708	東洋通	1730	1760	1670	1670	667
6709	明星電	154	154	138	138	2
6710	大興電機製作	184	190	175	190	33
6711	高見澤電機	198	198	198	198	1
6712	田村電機製作	290	295	290	293	32
6714	神田通信工業	237	237	230	230	3
6715	ナカヨ通	298	298	295	295	6
6716	中央無	0	0	0	0	0
6717	富士通アクセ	2175	2250	2175	2180	26.4
6718	アイホン	1377	1387	1370	1380	11.3
6741	信号	479	480	454	460	139
6742	京三	245	248	245	246	49
6743	大同信	215	215	215	215	5
6744	能美防災	363	363	354	354	27
6745	ホーチキ	283	288	280	288	9
6747	小糸工	300	300	295	295	8
6748	星和電	0	0	0	0	0
6749	マスプロ	1250	1260	1250	1260	6
6751	日無線	890	895	861	895	447
6752	松下	2510	2535	2450	2450	3118
6753	シャープ	1874	1900	1803	1850	4335
6754	アンリツ	1330	1348	1290	1300	691
6755	富士通ゼ	660	660	631	643	89
6756	日立国際	1230	1273	1230	1259	39
6758	ソニー	10080	10310	9900	10000	5788.7
6759	ＮＥＣトーキ	812	849	812	835	149
6761	アイワ	1620	1640	1600	1609	62.7
6762	ＴＤＫ	12400	12550	11990	12200	453
6763	帝通工	360	362	350	351	48
6764	三洋電	770	790	765	790	4215
6765	ケンウッド	467	479	465	472	1235
6766	宮越商	57	58	55	58	28
6767	ミツミ	4230	4250	4100	4170	160
6768	タムラ	484	489	484	488	71
6770	アルプス	1619	1630	1562	1584	1138
6771	池上通	401	405	400	401	84
6772	コスモス	136	139	135	135	7
6773	パイオニア	3280	3300	3010	3150	1121
6775	東和メクス	145	145	140	143	89
6776	天昇電	0	0	0	0	0
6779	日電波	4550	4800	4550	4740	129.1
6780	日立電子	537	541	537	541	5
6781	松下通信工業	12170	12700	11750	11950	575
6782	九州松下電器	1216	1220	1171	1220	149
6783	松下寿電子	2315	2375	2315	2330	339
6791	コロムビア	185	185	181	185	51
6792	ビクター	632	650	632	639	199
6793	山水電	22	22	21	22	1081
6794	フォスター	697	701	690	690	33
6796	クラリオン	433	440	421	430	387
6798	ＳＭＫ	1030	1070	1030	1050	149
6799	日本マランツ	233	233	225	229	10
6800	ヨコオ	2640	2680	2580	2580	45
6801	東光	821	832	810	815	414
6802	赤井電機	31	32	31	32	1043
6803	ティアック	391	399	388	394	127
6804	ホシデン	4500	4590	4500	4550	187
6805	八木アン	611	614	611	614	2
6806	ヒロセ電	14000	14400	13790	14400	77
6807	航空電子	580	585	575	580	76
6808	シントム	70	89	70	89	8543
6809	ＴＯＡ	350	364	343	350	41
6810	マクセル	2720	2785	2715	2785	128
6811	クオンツ	750	760	670	700	108
6812	ジャルコ	460	481	450	481	10
6813	ナカミチ	115	116	111	112	114
6814	古野電	406	406	401	401	2
6815	ユニデン	737	740	710	719	225
6816	アルパイン	1500	1500	1440	1440	198
6817	スミダコーポ	5200	5200	4920	5070	24.9
6818	島田理	1040	1070	1040	1050	4.2
6819	オメガ・プロ	1020	1030	910	920	254
6820	アイコム	1730	1730	1650	1650	11
6821	バーテクスＳ	0	0	0	0	0
6822	大井電気	377	377	370	370	4
6823	リオン	981	981	970	970	5
6824	新コスモス	420	510	420	460	36
6826	本多通信	3900	3900	3810	3850	4
6827	東北パイオ	6810	6990	6400	6400	33
6837	京写	1280	1400	1280	1330	26
6838	多摩川電	2000	2000	2000	2000	3
6839	船井電	45200	45600	42800	42800	30.2
6840	アドテック	1280	1300	1250	1250	11
6841	横河電	875	890	833	882	1076
6842	ユニパルス	980	980	960	960	6
6843	東光精機	0	0	0	0	0
6844	新電元	554	570	548	570	173
6845	山武	980	1018	980	988	226
6846	中央製	0	0	0	0	0
6847	安藤電気	1870	1910	1790	1790	37
6848	東亜ＤＫＫ	360	360	320	320	40
6849	日本光電	314	316	312	316	18
6850	チノー	221	229	221	225	15
6851	大倉電気	203	205	200	200	15
6852	テクノセブン	176	189	171	189	4
6853	共和電	280	287	279	280	55
6855	電子材料	2500	2500	2430	2450	3
6856	堀場製	1180	1210	1172	1200	136
6857	アドバンテスト	21490	22100	21210	21550	325.8
6858	小野測器	210	212	209	210	24
6859	エスペック	780	786	770	781	34
6860	サンクス	862	900	860	890	17
6861	キーエンス	35950	36000	33950	33950	80.6
6862	ミナトエレ	220	220	200	200	5
6863	ニレコ	575	590	575	575	9
6864	ＮＦ回路	0	0	0	0	0
6866	ＨＩＯＫＩ	0	0	0	0	0
6867	リーダー電子	0	0	0	0	0
6868	東カソード	1200	1200	1130	1130	1.3
6869	シスメックス	2890	2940	2805	2870	14.4
6870	フェンオール	0	0	0	0	0
6871	日本マイクロ	1550	1790	1550	1790	77
6872	日本コーリン	9900	10100	9000	9200	23.3
6873	日立電子Ｅ	860	860	835	835	10
6874	協立電機	3190	3190	3030	3030	1.9
6875	メガチップス	5980	6000	5710	5800	12
6876	光波	3000	3000	2620	2750	22
6877	ＯＢＡＲＡ	0	0	0	0	0
6878	長野日無	605	630	600	630	28
6879	フォトロン	0	0	0	0	0
6880	シンワ	990	990	900	900	12.1
6881	キョウデン	3310	3390	3310	3310	17
6882	三社電機	685	685	675	675	11
6883	電産コ電	1180	1200	1180	1200	4
6884	デジタル	2600	2600	2570	2570	4
6885	ミヤチテクノ	1060	1100	1060	1100	5.5
6886	グラフィック	470	470	460	460	2
6887	日本ＬＳＩカード	460000	460000	460000	460000	0.006
6888	アクモス	520000	540000	500000	515000	0.06
6889	オーデリック	545	545	525	535	9
6890	フェローテク	1240	1250	1240	1250	8
6891	イーター電機	1070	1100	1020	1030	71
6892	シチズン電子	11800	12100	11200	11300	12.8
6893	タイテック	742	742	703	705	37
6894	パルステック	2010	2030	1950	1950	30
6895	ダイヤ電機	0	0	0	0	0
6896	北川工業	1321	1461	1299	1415	27.3
6897	ツインバード	250	250	250	250	2
6898	トミタ電機	0	0	0	0	0
6899	ＡＳＴＩ	616	616	605	605	5
6900	東京電波	6500	6500	6000	6150	24
6901	沢藤電	314	314	308	314	6
6902	デンソー	2500	2560	2490	2560	637
6904	原田工業	370	370	370	370	3
6905	コーセル	3850	3970	3800	3850	29.2
6906	キヤ･コンポ	0	0	0	0	0
6907	ジオマテック	1400	1420	1390	1410	8.1
6908	イリソ電子	410	410	410	410	8
6909	北部通信工業	0	0	0	0	0
6910	日立メディコ	1200	1230	1200	1210	10
6911	新日無	910	910	881	881	8
6912	菊水電子	481	481	481	481	4
6913	メルコ	3890	4000	3740	3830	84.5
6914	オプテックス	1020	1020	1000	1000	4
6915	千代田インテ	1450	1450	1450	1450	2
6916	アイオデータ	2560	2560	2510	2550	16.7
6917	デンセラムダ	1920	1934	1901	1934	24.5
6918	アバール	1150	1170	1140	1170	13
6919	ケル	680	680	680	680	2
6920	レーザーテク	2480	2480	2400	2400	2
6921	東光電	297	297	291	291	11
6922	昭和情報	530	530	520	520	6
6923	スタンレー	798	828	798	818	1082
6924	岩崎電	231	231	222	230	138
6925	ウシオ電	2320	2370	2270	2300	623
6926	岡谷電	250	250	249	249	3
6928	エノモト	1130	1130	1120	1120	3
6929	日セラ	1650	1680	1650	1670	70
6930	日本アンテナ	1200	1200	1140	1140	5
6931	日本電池	395	407	390	397	176
6932	ユアサコーポ	286	290	276	276	11
6933	ＹＵＡＳＡ	250	252	245	249	363
6934	新神戸	669	669	626	634	66
6935	日デジタル	1639	1684	1630	1640	46.6
6936	東洋高砂乾	122	122	122	122	2
6937	古河池	272	272	266	270	4
6938	双信電機	880	900	860	875	26
6939	ＵＭＣＪ	1380000	1410000	1350000	1350000	0.173
6940	多摩電気	330	330	330	330	1
6941	山一電機	3520	3590	3520	3540	54
6942	ソフィア	285	285	280	285	6
6943	開閉器	0	0	0	0	0
6944	アイレックス	0	0	0	0	0
6945	ＦＴＥＣ	610	610	600	610	10
6946	日本アビオ	271	271	271	271	2
6947	図研	2055	2130	2050	2055	42.1
6948	住友電装	850	850	850	850	16
6949	キンセキ	1409	1430	1300	1430	521
6950	ＹＥデータ	580	580	546	546	3
6951	日電子	500	515	500	515	26
6952	カシオ	1100	1107	1080	1099	493
6953	日ＮＣＲ	387	388	387	388	4
6954	ファナック	9280	9730	9200	9320	394.7
6955	ＦＤＫ	715	715	661	670	49
6956	神明電	1400	1440	1380	1400	23
6957	芝浦電子	300	300	300	300	5.8
6958	日本ＣＭＫ	1350	1385	1350	1385	48
6960	フクダ電	1750	1750	1750	1750	3
6961	エンプラス	5100	5100	4950	5000	56.3
6962	大真空	722	748	700	710	206
6963	ローム	30550	31700	30550	31000	245.8
6964	サンコー	2095	2095	2015	2030	8
6965	ホトニクス	5910	6000	5790	5790	50.7
6966	三井ハイテク	1950	1970	1901	1949	53.3
6967	新光電工	4250	4350	4250	4320	40.6
6968	グラフテック	196	196	190	195	9
6969	松尾電	700	710	699	701	24
6970	日本コンラックス	560	560	539	545	83
6971	京セラ	15200	15300	15010	15250	715.1
6972	エルナー	460	470	452	460	60
6973	協栄産	335	349	334	348	7
6974	日本インター	297	297	295	295	9
6975	ＮＥＯＭＡＸ	1153	1181	1150	1167	119
6976	太陽電	7490	7750	7390	7700	505
6977	抵抗器	215	215	200	210	27
6980	日立ＡＩＣ	1090	1130	1081	1090	53
6981	村田製	16610	17670	16610	17200	880
6982	リード	104	104	101	101	7
6984	朝日ナショナ	0	0	0	0	0
6985	ユーシン	500	500	480	480	10
6986	双葉電	4040	4110	4000	4060	30.1
6988	日東電	4350	4540	4350	4500	527
6989	北電工	225	230	217	225	106
6991	松電工	1225	1241	1225	1237	485
6992	国産電	220	220	215	216	7
6993	森電機	167	175	165	174	55
6994	指月電	250	250	240	240	23
6995	東海理	990	1040	990	1040	16
6996	ニチコン	2990	2990	2830	2850	228
6997	日ケミコン	451	476	451	476	390
6998	タングス	255	255	255	255	4
6999	ＫＯＡ	2990	3060	2935	2935	183
7003	三井造	77	77	73	75	3476
7004	日立造	93	94	90	92	3621
7007	佐世保	68	69	67	69	118
7011	三菱重	347	350	343	349	4020
7012	川重	146	147	141	145	1746
7013	石川島	152	153	149	151	2052
7014	名村造	119	120	117	117	35
7018	内海造	100	100	100	100	8
7020	サノヤス	196	196	190	190	17
7021	ニッチツ	133	133	133	133	2
7052	信貴造船所	0	0	0	0	0
7102	日車両	216	216	210	214	202
7104	富士車輌	91	91	89	89	12
7105	ニチユ	167	170	160	165	46
7122	近畿車	150	152	150	152	36
7123	東急車輌製造	85	85	81	85	85
7124	輸送機工業	0	0	0	0	0
7142	ナブコ	163	174	163	166	17
7201	日産自	530	542	525	530	5637
7202	いすゞ	230	234	223	226	660
7203	トヨタ	5050	5120	5020	5060	2703
7204	小松ゼノア	252	257	249	253	14
7205	日野自	280	284	279	284	455
7207	日野車体	82	84	82	84	2
7210	日産ディ	82	86	82	86	107
7211	三菱自	375	377	369	376	813
7212	エフテック	460	460	460	460	1
7219	ＨＫＳ	745	750	740	740	4
7220	武蔵精密	0	0	0	0	0
7221	トヨ車	1018	1039	1018	1030	40
7222	産車体	160	166	158	164	152
7223	関東自	710	720	710	720	50
7224	新明和	162	165	157	163	179
7225	小松フォーク	175	178	171	177	37
7226	極東開発	539	545	539	544	18.7
7227	アスカ	0	0	0	0	0
7228	デイトナ	450	450	450	450	8
7229	ユタカ技研	620	620	620	620	3
7230	日信工業	1699	1699	1620	1620	11
7231	トピー	165	167	162	165	297
7232	トキコ	180	192	180	191	1484
7233	自部品	82	82	78	78	4
7234	橋本フォーミング	62	62	62	62	1
7235	東ラヂ	0	0	0	0	0
7236	ティラド	340	345	335	340	218
7237	ボッシュブレーキ	167	167	165	167	3
7238	ブレーキ	201	206	199	206	54
7239	タチエス	430	430	430	430	9
7240	ＮＯＫ	480	490	476	482	269
7241	フタバ	1336	1359	1336	1350	104
7242	カヤバ	199	200	195	200	219
7243	シロキ	216	226	216	226	12
7244	市光工	211	218	208	216	149
7245	大同メ	310	310	310	310	2
7246	プレス工	80	82	78	79	62
7247	ミクニ	149	149	148	149	8
7248	カルソニック	228	230	223	230	137
7249	尾張精	0	0	0	0	0
7250	太平洋工	285	286	282	286	39
7251	ケーヒン	803	838	803	838	140
7252	富士機	0	0	0	0	0
7253	日本ガスケット	0	0	0	0	0
7254	フジユニ	0	0	0	0	0
7255	桜井製	0	0	0	0	0
7256	河西工	183	183	176	182	15
7257	自転車電機工	233	239	230	232	20
7258	栃木富士産業	202	202	196	196	12
7259	アイシン	1402	1420	1402	1407	379
7260	富士機工	173	173	173	173	1
7261	マツダ	340	345	340	345	625
7262	ダイハツ	649	677	649	677	508
7263	愛知機	180	182	175	180	75
7264	ＭＵＲＯ	0	0	0	0	0
7265	エイケン工業	760	760	760	760	10
7266	今仙電機	0	0	0	0	0
7267	ホンダ	3760	3890	3760	3840	1158
7268	タツミ	0	0	0	0	0
7269	スズキ	1420	1425	1384	1410	499
7270	富士重	778	820	778	820	962
7271	安永	375	375	370	370	9
7272	ヤマハ発	911	925	906	917	225
7273	イクヨ	209	209	209	209	2
7274	ショーワ	618	620	616	620	169
7275	ユニシア	122	130	122	125	56
7276	小糸製	522	535	520	529	280
7277	ＴＢＫ	110	110	100	100	9
7278	エクセディ	0	0	0	0	0
7279	ケーブル	1079	1080	1079	1080	6
7280	ミツバ	461	462	460	460	26
7282	豊田合	6200	6670	6190	6540	271
7283	愛三工	560	606	560	606	108
7284	盟和産	0	0	0	0	0
7285	池田物産	105	105	105	105	10
7286	イズミ工業	109	110	109	110	16
7287	日精機	1431	1431	1400	1400	23
7288	テクノエイト	210	210	210	210	1
7289	マーレ テネックス	210	210	210	210	6
7290	日発精密工業	0	0	0	0	0
7291	日本プラスト	275	275	275	275	4
7292	村上開明	0	0	0	0	0
7293	大井製作所	240	240	240	240	2
7294	ヨロズ	290	292	280	290	28.4
7295	アイエス製機	305	305	300	300	10
7296	ＦＣＣ	0	0	0	0	0
7297	カーメイト	800	801	780	780	1.3
7298	八千代工	420	420	420	420	8
7299	フジオーゼ	181	181	180	180	7
7301	宮田	152	152	150	150	6
7305	新家工	0	0	0	0	0
7306	丸石自転車	310	324	300	310	39
7308	ツノダ	0	0	0	0	0
7309	シマノ	2500	2510	2435	2500	194.3
7399	ナンシン	290	300	290	300	3
7404	昭和飛	300	300	292	300	27
7407	日本飛行機	214	215	210	215	18
7408	ジャムコ	370	370	365	365	16
7410	横浜鋼業	110	110	110	110	7
7411	成和産業	0	0	0	0	0
7412	アトム	1405	1405	1405	1405	1
7413	創健社	0	0	0	0	0
7414	小野建	0	0	0	0	0
7415	新星堂	285	286	285	286	2
7416	はるやま	630	640	630	640	7.5
7418	ヤマキ	135	135	135	135	1
7419	ノジマ	1200	1200	1160	1160	4.5
7420	佐鳥電機	1065	1065	1020	1020	27
7421	カッパクリエ	3100	3120	3100	3100	18
7422	東邦レマック	600	600	600	600	1
7423	フォンテーヌ	1214	1215	1180	1180	7.3
7424	ニコニコ堂	210	210	210	210	12
7425	初穂商事	325	325	315	315	2
7426	山大	165	165	165	165	3
7427	エコーＴＤ	1870	1940	1870	1940	2
7428	江戸沢	779	780	779	780	1.5
7429	セイジョー	1880	1880	1850	1860	6.4
7430	サンワドー	0	0	0	0	0
7431	ニューフ	284	284	284	284	2
7432	ダルトン	0	0	0	0	0
7433	伯東	3240	3450	3230	3410	66.6
7434	オータケ	1450	1450	1450	1450	1
7435	ナ・デックス	440	440	440	440	3
7437	シーアンドエス	4300	4400	4290	4370	45.6
7438	コンドー	420	420	400	400	7
7439	サンミック千代田	189	190	189	190	4
7440	クラフト	0	0	0	0	0
7442	中山福	320	320	320	320	11
7443	横浜魚類	0	0	0	0	0
7444	ハリマ共和	0	0	0	0	0
7445	ライトオン	7100	7100	6990	7030	28
7446	東北化学	0	0	0	0	0
7447	ナガイレーベ	3300	3300	3190	3190	0.2
7448	ジンズメイト	2435	2450	2405	2410	8.9
7449	太洋興業	0	0	0	0	0
7450	サンデー	900	900	900	900	2
7451	菱食	5660	5660	5200	5220	13.1
7452	マツヤ	0	0	0	0	0
7453	良品計画	14800	14850	14300	14370	143.3
7454	ホットスパー	220	230	220	230	4
7455	三城	6820	6940	6800	6930	40.7
7456	松田産業	2355	2355	2200	2200	7.5
7457	セキテクノ	506	506	501	501	2
7458	第一興商	2170	2180	2080	2160	52.8
7459	メディセオＨＤ	845	850	840	850	71.7
7460	ヤギ	400	400	400	400	11
7461	キムラ	0	0	0	0	0
7462	ダイヤ通商	400	400	400	400	1
7463	アドヴァン	1470	1500	1460	1499	6.8
7464	セフテック	318	318	318	318	1
7465	ＭＶ北海道	1750	1750	1750	1750	1
7466	ＳＰＫ	1070	1070	1070	1070	1.5
7467	萩原電気	945	945	945	945	1
7468	アムスク	1430	1430	1400	1400	6
7470	サロモンメイド	565	570	565	565	3
7471	ふじ	0	0	0	0	0
7472	鳥羽洋行	920	920	900	900	10
7473	静岡スバル	0	0	0	0	0
7474	パオ	0	0	0	0	0
7475	アルビス	0	0	0	0	0
7476	アズワン	1750	1760	1670	1670	13.5
7477	ムラキ	190	190	190	190	8
7478	ブルーグラス	0	0	0	0	0
7479	サンマルク	3800	3850	3700	3750	18.4
7480	スズデン	400	440	400	440	7
7481	尾家産	700	700	700	700	1
7482	シモジマ	1000	1010	971	971	4
7483	ドウシシャ	2270	2270	2150	2150	7
7485	岡谷鋼機	0	0	0	0	0
7486	サンリン	0	0	0	0	0
7487	小津産業	840	860	835	860	7.6
7488	ヤガミ	629	679	629	679	3
7490	日新商	290	290	290	290	2
7491	ＯＡシステム	1000	1000	970	980	12
7492	タイカン	0	0	0	0	0
7494	コナカ	750	750	722	744	6.8
7495	レオ	0	0	0	0	0
7496	八千代ムセン	1390	1390	1380	1380	8
7497	マインマート	570	570	560	570	13.2
7498	ジャパン	2900	2900	2900	2900	2.5
7500	西川計測	0	0	0	0	0
7501	ティムコ	1100	1100	1100	1100	0.5
7502	プラザクリエ	5180	5180	4700	4730	0.9
7503	ＩＭＩ	0	0	0	0	0
7504	高速	701	730	701	730	13
7505	扶桑電通	0	0	0	0	0
7506	ハウスローゼ	799	799	785	785	3.3
7507	浜 勝	1050	1050	1050	1050	1
7508	オートセブ	0	0	0	0	0
7509	アイエー	590	605	590	605	3
7510	竹菱電機	0	0	0	0	0
7511	ジプロ	0	0	0	0	0
7512	ポスフール	1250	1251	1245	1250	7.3
7513	コジマ	2800	2900	2750	2770	44.9
7514	ヒマラヤ	750	750	715	715	8.5
7515	マルヨシ	0	0	0	0	0
7516	コーナン	1310	1350	1300	1310	14.3
7517	黒田電気	3150	3200	3000	3100	15.9
7518	ネットワン	2120000	2120000	2120000	2120000	0.272
7519	五洋インテ	0	0	0	0	0
7520	エコス	920	920	900	900	8.9
7521	ムサシ	1210	1210	1210	1210	1
7522	ワタミ	8620	8620	8460	8460	18
7523	アールビバン	1860	1870	1600	1600	28.3
7524	マルシェ	1281	1281	1254	1254	4.5
7527	システムソフ	0	0	0	0	0
7528	安藤薬業公司	380	380	371	371	4
7529	はるやま	175	175	175	175	1
7530	ナブコドア	0	0	0	0	0
7531	清和鋼業	0	0	0	0	0
7532	ドンキホーテ	16610	17040	16200	16300	12.8
7535	グッドマン	3150	3200	3100	3100	1.8
7536	船橋薬品	0	0	0	0	0
7537	丸文	1116	1150	1110	1110	42
7538	大水	415	415	415	415	1
7539	アベルコ	400	400	380	380	7
7540	エルエスフェンス	210	210	210	210	1
7541	メガネトップ	2950	2990	2950	2950	1.8
7542	ビスケーＨＤ	920	930	900	900	6
7543	ミスタージョン	0	0	0	0	0
7544	スリーエフ	1490	1490	1490	1490	4
7545	西松屋チェ	2000	2095	2000	2000	17
7547	オートハローズ	300	300	300	300	1
7548	サンクスＪＰ	1260	1260	1260	1260	2
7549	エス・エス・ブイ	0	0	0	0	0
7550	ゼンショー	2130	2200	1900	1900	31
7551	ウェッズ	0	0	0	0	0
7552	ハピネット	2900	3090	2900	2975	14.5
7553	サザビー	0	0	0	0	0
7554	幸楽苑	1130	1130	1120	1120	71
7555	大田花き	452	452	452	452	1
7556	住商エレク	1700	1700	1700	1700	3
7557	サンクス	3520	3650	3500	3520	45.4
7558	トーメンエレ	4440	4820	4440	4800	8
7559	ジーエフシー	0	0	0	0	0
7560	ユニマット	1400	1400	1320	1326	7.4
7561	ハークスレイ	3340	3340	3200	3200	5
7562	安楽亭	964	964	960	960	3
7563	ニッパン	200	200	200	200	4
7564	ワークマン	0	0	0	0	0
7565	万世電機	534	534	514	514	3
7566	ジャパンケア	1400	1440	1300	1300	12
7567	栄電子	609	609	570	570	18
7568	クレックス	705	705	705	705	2
7569	モンテカルロ	0	0	0	0	0
7570	橋本総業	640	640	640	640	4
7571	ヤマノＨＣ	890	890	870	870	2
7573	ツルハ	5940	5940	5700	5740	3.5
7574	共信テクノ	1680	1680	1680	1680	1
7575	日本ライフＬ	1390	1420	1390	1420	12.7
7576	ベターライフ	0	0	0	0	0
7577	パスポート	240	240	240	240	1
7578	ニチリョク	655	670	655	670	3
7579	オリジン東	1750	1750	1750	1750	2
7580	フーズネット	1290	1290	1250	1250	12
7581	サイゼリヤ	8470	8470	8250	8250	22.3
7582	富デバイス	3140	3200	3110	3200	19
7583	通商	340	340	340	340	1
7584	丸紅インフォ	536	536	536	536	2
7585	かんなん	0	0	0	0	0
7586	寺島薬局	1600	1600	1600	1600	3
7587	ＰＡＬＴＥＫ	3140	3140	3020	3100	1.6
7588	シートゥーネット	18550	19000	18400	19000	11
7589	デジキューブ	2750000	2780000	2580000	2600000	0.027
7590	タカショー	700	700	699	699	9
7591	エクセル	1920	1930	1780	1780	40
7592	アイ・ユー・ケイ	846	846	840	840	5
7593	ＶＴＨＤ	1182	1260	1182	1260	3
7594	マルカキカイ	0	0	0	0	0
7595	アルゴグラフ	2440	2460	2300	2300	3.9
7596	魚力	7000	7000	6800	6800	11
7597	東京貴宝	0	0	0	0	0
7598	ナイスクラ	455	460	450	455	20
7599	ガリバー	4810	4810	4750	4750	3
7600	日本ＭＤＭ	3500	3500	3400	3420	11
7601	ポプラ	1579	1599	1551	1560	12
7602	ジャック	6800	7200	6800	7190	22.2
7603	マックハウス	650	650	635	635	5
7604	梅の花	0	0	0	0	0
7605	フジコーポ	340	340	340	340	1
7606	Ｕアローズ	3600	3600	3350	3400	50.7
7607	進和	0	0	0	0	0
7608	ＳＫジャパン	600	600	580	580	4
7609	ダイトエレク	2890	2890	2750	2830	13
7610	テイツー	2300000	2300000	2270000	2300000	0.019
7611	ハイデ日高	950	950	950	950	1
7612	コモンウェル	0	0	0	0	0
7613	シークス	2800	2800	2540	2750	8.1
7614	オーエムツー	4780	4780	4550	4550	0.4
7615	京都友禅	670000	671000	660000	661000	0.018
7616	コロワイド	2520	2520	2500	2510	8
7617	オオゼキ	7700	7700	7300	7400	6
7618	ＰＣＤＥＰＯ	1670000	1700000	1670000	1700000	0.012
7619	田中商事	0	0	0	0	0
7620	ヤマト硝子	770	830	770	800	105
7621	うかい	1140	1140	1140	1140	1
7622	焼肉サカイ	2710	2710	2700	2710	5
7623	サンオータス	535	535	519	519	2
7624	内藤	718	718	718	718	2
7625	ダイニング	8290	8290	7750	7750	4.1
7626	ドッドウエル	3900	3900	3900	3900	1
7627	なか卯	1340	1340	1340	1340	2
7628	オーハシテク	2000	2000	2000	2000	5
7629	ムラチク	0	0	0	0	0
7630	壱番屋	1700	1700	1680	1690	26
7631	マクニカ	14600	14610	12990	12990	23
7632	住商メタレックス	565	570	565	565	8
7633	明響社	1360	1380	1320	1340	18
7634	星医療	1200	1200	1200	1200	5
7635	杉田エース	450	450	445	450	6
7636	ハンズマン	1140	1140	1140	1140	3
7637	白 銅	1400	1400	1400	1400	5
7638	シーマ	530	530	529	529	2
7639	贔屓屋	820	820	800	800	20
7640	トップカル	1980	1980	1950	1950	5
7641	フォーユー	2520000	2600000	2520000	2600000	0.01
7642	ビジョン	1000	1070	1000	1050	86
7643	ダイイチ	455	455	455	455	3
7644	常盤薬品	1010	1010	990	990	9
7645	日本トイザ	16000	16000	15200	15600	29
7701	島津	580	588	575	588	655
7702	ＪＭＳ	430	439	430	439	11
7703	川澄化	1000	1021	1000	1002	9
7704	アロカ	1270	1280	1250	1270	29
7705	ジーエル	1600	1600	1560	1560	6
7706	セントラユニ	599	600	555	555	5
7711	助川電気	251	251	251	251	1
7713	シグマ光機	0	0	0	0	0
7714	モリテックス	8400	8660	8400	8650	19
7715	長野計器	1740	1740	1740	1740	1
7718	スター精	1780	1780	1650	1670	23
7719	東衡機	114	120	111	120	4
7720	ソキア	248	250	235	238	152
7721	トキメック	135	139	132	139	30
7723	愛時計	298	300	298	300	12
7724	金門	201	210	201	201	45
7726	黒田精	302	302	300	300	9
7727	オーバル	140	140	140	140	1
7728	電産トーソク	990	990	990	990	6
7729	東京精	11160	11580	11000	11480	123.8
7731	ニコン	3150	3250	3070	3120	787
7732	トプコン	420	420	414	415	16
7733	オリンパス	1850	1930	1850	1930	715
7734	理計器	356	356	350	350	23
7735	スクリン	824	832	800	802	469
7736	ユニオンＨＤ	121	121	110	119	17
7737	キャビン工業	171	175	165	175	8
7738	チノン	350	356	350	356	18
7739	キヤノン電	911	911	910	911	8
7740	タムロン	660	660	655	655	3
7741	ＨＯＹＡ	9800	9870	9500	9750	189
7743	シード	460	460	460	460	1
7744	ノーリツ鋼機	3780	3790	3720	3760	44.9
7750	ペンタックス	235	239	232	239	119
7751	キヤノン	4490	4490	4130	4190	3003
7752	リコー	2110	2130	2070	2120	2108
7753	ミノルタ	442	448	435	448	817
7756	電産コパル	1752	1760	1720	1750	163
7757	三協精	890	890	882	886	153
7758	セコニック	381	382	370	370	16
7762	シチズン	887	936	887	935	1932
7764	オリエント時計	160	160	160	160	2
7765	リコーエレメ	870	870	840	840	21
7768	ジェコー	0	0	0	0	0
7769	リズム	205	210	205	210	86
7770	ミヨタ	2250	2250	2240	2240	4
7771	日本精密	320	320	301	316	10
7857	セキ	0	0	0	0	0
7858	小野産業	1500	1500	1500	1500	2
7859	アルメディオ	1700	1710	1630	1630	34
7860	エイベックス	10500	11100	10500	10770	88.2
7861	東京リスマ	845	850	830	830	7.4
7862	トッパンフォ	2255	2370	2255	2370	62.2
7864	フジシール	5600	5700	5500	5550	11.2
7865	ピープル	1210	1210	1150	1150	6
7866	アトラス	1200	1200	1150	1170	27.2
7867	トミー	4070	4190	3800	3890	34.9
7868	広済堂	1040	1040	1010	1010	10.7
7869	日本フォーム	0	0	0	0	0
7870	福島印刷	0	0	0	0	0
7871	フクビ	0	0	0	0	0
7872	エステール	645	648	645	648	0.3
7873	アーク	3590	3590	3500	3500	10
7874	スルガ	5800	5900	5700	5900	4
7875	竹田印刷	0	0	0	0	0
7876	三陽PAX	539	539	512	512	2
7877	永大化工	820	820	770	790	31
7878	光彩工芸	0	0	0	0	0
7879	ノダ	414	414	411	411	0.8
7880	南部化成	350	350	350	350	1
7881	ニッソー	97	97	95	95	5
7882	アロン化成	380	381	375	381	23
7883	サンメッセ	0	0	0	0	0
7884	本間ゴルフ	285	290	275	280	86.3
7885	タカノ	1390	1400	1341	1400	16
7886	ヤマト・イン	240	240	240	240	2
7887	南プラ	420	420	420	420	3
7888	三光合成	340	340	330	330	2
7889	桑山	505	505	495	505	1.5
7890	アテナ工業	900	900	900	900	1.5
7891	日本ユピカ	0	0	0	0	0
7892	宇部日東化成	319	319	300	300	14
7893	亜細亜	1450	1470	1410	1411	11
7895	中央化学	1400	1400	1400	1400	1.1
7896	セブン工業	340	350	340	350	3
7897	ホクシン	165	165	155	160	11.1
7898	ウッドワン	605	628	605	628	125
7899	オザキ軽化	390	390	375	380	8
7900	大出産業	0	0	0	0	0
7901	マツモト	0	0	0	0	0
7902	ソノコム	1470	1470	1470	1470	1
7903	名木材	0	0	0	0	0
7904	天竜木	50	50	47	47	3
7905	大建工	267	267	265	267	41
7906	ヨネックス	375	375	370	371	16
7907	日防腐	0	0	0	0	0
7908	きもと	0	0	0	0	0
7909	シーアイ化	385	388	383	386	22
7910	段谷産業	119	121	118	120	94
7911	凸版	1080	1099	1080	1099	730
7912	大日印	1900	1939	1887	1939	770
7913	図書印	217	223	217	223	11
7914	共同印	337	339	335	335	55
7915	日写印	631	640	631	639	11
7916	光村印	390	400	390	390	13
7917	藤森工業	740	761	730	761	13
7918	ヴィアＨＤ	0	0	0	0	0
7919	野崎紙	280	285	280	285	5
7920	三浦印	311	320	301	301	20
7921	宝印刷	1510	1520	1500	1500	15
7922	三光産業	0	0	0	0	0
7923	トーイン	0	0	0	0	0
7925	前沢化成	1245	1249	1110	1111	21.4
7926	ベルテクノ	0	0	0	0	0
7927	ムトー精工	1130	1130	1110	1110	2
7928	旭化学	0	0	0	0	0
7929	新輝合成	0	0	0	0	0
7931	未来工業	1301	1380	1301	1380	13
7932	ニッピ	300	310	300	310	3
7933	ファイリング	0	0	0	0	0
7934	メルクス	73	73	73	73	1
7935	コンビ	945	980	945	955	22
7936	アシックス	109	111	108	110	134
7937	ツツミ	2400	2450	2395	2450	9.8
7938	リーガル	160	165	160	165	12
7939	研創	0	0	0	0	0
7940	ウェーブＨＤ	228	228	228	228	4
7942	ＪＳＰ	0	0	0	0	0
7943	ニチハ	742	752	740	745	29.5
7944	ローランド	2100	2150	2090	2115	14.6
7945	コマニー	520	520	520	520	13
7946	光陽社	250	250	250	250	1
7947	エフピコ	4300	4340	4190	4250	27.7
7948	ＡＷ・エモト	154	159	154	159	4
7949	小松ウオール	822	822	820	820	3.5
7950	日デコラ	0	0	0	0	0
7951	ヤマハ	858	858	832	850	211
7952	河合楽	146	154	145	153	93
7953	菊水化	0	0	0	0	0
7954	ジャレコ	279	279	270	270	3
7955	クリナップ	451	465	451	465	24
7956	ピジョン	1249	1259	1249	1254	19.8
7957	フジコピアン	0	0	0	0	0
7958	天馬	1158	1158	1124	1128	14
7959	オリバー	0	0	0	0	0
7960	パラマウント	8280	8360	7950	8100	47.2
7961	兼松日産農	177	180	170	170	12
7962	キングジム	601	601	590	590	6
7963	興研	425	425	425	425	2
7964	セガ	1610	1625	1553	1590	574.3
7965	象印	500	500	480	500	24
7966	リンテック	1095	1102	1081	1102	56
7967	バンダイ	3500	3530	3480	3480	48
7968	田崎真珠	441	441	440	441	8
7969	タカラ	460	460	439	444	30
7970	信越ポリ	703	710	700	704	60
7971	東リ	192	199	192	199	31
7972	イトーキ	470	470	425	430	253
7973	ホウトク	150	150	150	150	2
7974	任天堂	16720	17160	16200	16680	160.6
7975	リヒトラブ	0	0	0	0	0
7976	菱鉛筆	762	780	762	780	8
7977	フランスベッド	450	455	450	455	48
7979	松風	770	779	770	779	10
7980	重松製	235	235	235	235	1
7981	タカラスタ	455	455	430	447	243
7983	ミロク	0	0	0	0	0
7984	コクヨ	1502	1564	1500	1564	204
7985	ネポン	282	282	282	282	1
7986	キング工	150	151	150	150	21
7987	ナカバヤシ	323	331	323	330	49
7988	ニフコ	1190	1196	1170	1196	82
7989	ブラインド	921	921	911	921	7.4
7990	ダイワ精	141	142	140	140	25
7991	マミヤＯＰ	327	327	310	315	18
7992	セーラー	1700	1700	1610	1650	230
7993	サンウエブ	193	195	191	195	11
7994	岡村製	268	272	267	272	83
7995	バルカー	182	182	177	179	64
7996	パイロット	400	400	395	398	5
7997	くろ工	0	0	0	0	0
7998	高島屋工作	419	420	419	420	4
7999	武藤工	328	329	310	310	56
8000	カイゲン	510	510	510	510	1
8001	伊藤忠	475	488	461	471	5539
8002	丸紅	280	283	271	277	9569
8003	トーメン	61	62	60	62	753
8004	ニチメン	102	104	101	104	508
8005	ムトウ	630	644	630	636	18
8006	ユアサフナ	173	173	172	172	7
8007	高島	115	116	112	112	24
8008	アスティ	780	780	780	780	11
8010	新興産業	115	115	110	110	24
8011	三陽商	330	334	326	330	54
8012	長瀬産	438	450	438	445	346
8013	ナイガイ	100	100	98	98	36
8014	蝶理	106	110	106	110	28
8015	豊田通商	362	365	355	360	319
8016	オンワード	1428	1501	1401	1490	317
8017	阪急共栄物産	0	0	0	0	0
8018	三共興	285	285	270	277	35
8019	市田	72	72	68	69	79
8020	兼松	78	79	76	78	158
8021	レナウン	132	134	128	133	486
8022	ミズノ	315	330	315	330	291
8023	大興電子	436	437	435	436	10
8024	シルバーＯＸ	479	485	479	479	11
8025	ツカモトＣ	154	159	154	159	7
8027	ルシアン	126	127	126	126	19
8028	ファミリーＭ	4400	4460	4150	4160	253.9
8029	ルック	196	200	196	200	10
8030	中央魚	0	0	0	0	0
8031	三井物	773	785	760	785	2333
8032	紙パ商	326	334	326	334	21
8033	ジーネット	0	0	0	0	0
8035	東エレク	13460	14100	13460	13740	730
8036	日立ハイテク	1380	1385	1370	1383	72
8037	カメイ	485	488	485	486	12
8038	東都水	346	350	342	343	32
8039	築地魚	165	165	165	165	1
8040	東ソワール	203	203	203	203	9
8041	魚市場	295	295	280	280	12
8042	マタイ	208	212	208	210	11
8043	スターゼン	207	207	202	202	18
8044	大都魚	138	138	138	138	5
8045	浜丸魚	420	455	420	455	7
8046	丸藤パ	147	149	147	148	14
8047	デジ・ネット	1200	1400	1200	1400	13
8048	シャディ	2480	2500	2430	2500	12.5
8049	ＥＩＥ	413	413	400	410	25
8050	セイコー	495	501	495	500	57
8051	山善	155	173	155	170	246
8052	椿本興	165	165	163	164	8
8053	住友商	1125	1132	1097	1125	1440
8056	ユニシス	2300	2300	2000	2100	277
8057	内田洋	542	550	541	543	131
8058	三菱商	912	929	903	929	1832
8059	第一実	180	183	180	183	24
8060	キヤノン販	1600	1610	1591	1600	219
8061	西華産	162	162	158	160	157
8063	日商岩井	102	102	100	101	1214
8064	金商	91	97	91	92	36
8065	佐藤商	370	370	370	370	11
8066	三谷商	0	0	0	0	0
8067	トミヤアパ	327	327	323	323	6
8068	菱洋エレク	1569	1625	1569	1590	53
8070	東京産	350	360	338	340	33.5
8071	東海物産	370	382	370	382	2
8072	出版貿	0	0	0	0	0
8073	Ｔ・ＺＯＮＥ	406	406	390	390	14
8074	ユアサ商	131	132	127	130	225
8075	神鋼商	143	143	143	143	36
8076	カノークス	0	0	0	0	0
8077	小林産	0	0	0	0	0
8078	阪和興	106	107	103	107	251
8079	正栄食	438	438	438	438	2
8080	ジョイス	0	0	0	0	0
8081	カナデン	451	457	450	453	22
8083	サンテレ	0	0	0	0	0
8084	菱電商	351	357	351	355	39
8085	ナラサキ産業	145	145	140	140	9
8086	ニプロ	815	817	815	817	8
8087	フルサト	0	0	0	0	0
8088	岩谷産	189	189	176	186	488
8089	ナイス	256	264	256	260	356
8090	昭光通商	133	139	133	134	73
8091	ニチモウ	125	130	125	128	8
8092	富士通シス	2650	2700	2550	2600	42.3
8093	極東貿易	755	763	745	750	73
8095	イワキ	238	238	220	221	8
8096	兼松エレク	451	471	451	471	12
8097	三愛石	285	290	282	290	29
8098	稲畑産	602	615	592	608	286
8100	藤井	69	70	68	68	16
8101	ＧＳＩクレ	103	105	103	103	23
8103	明和産	93	93	93	93	2
8105	丸正	146	146	146	146	2
8107	キムラタン	71	72	71	72	2
8109	山洋工	0	0	0	0	0
8110	川鉄商事	109	110	105	107	174
8111	ゴルドウイン	159	160	150	156	48
8112	東スタイル	957	970	945	970	131
8113	ユニチャーム	6400	6490	6220	6450	105.4
8114	デサント	200	200	198	198	20
8115	ムーンバット	120	120	114	114	15
8116	ダーバン	309	315	305	306	386
8117	中央自	224	224	218	218	10
8118	キング	265	290	265	290	10
8119	三栄コ	650	680	620	680	18
8120	大木	250	250	230	230	4
8123	川辺	131	131	131	131	1
8125	ワキタ	292	295	290	290	12
8126	三光純薬	0	0	0	0	0
8127	ヤマトインタ	144	144	140	140	9
8128	エフワン	80	80	80	80	3
8129	東邦薬	400	400	394	398	9
8130	サンゲツ	1989	1989	1955	1980	9
8131	ミツウロコ	560	570	558	570	9
8132	シナネン	358	360	352	355	51
8133	伊藤忠エネ	320	335	320	335	36
8134	ＴＯＫＡＩ	1200	1209	1181	1190	139
8135	ゼット	0	0	0	0	0
8136	サンリオ	3180	3180	3030	3090	93
8137	サンワテク	0	0	0	0	0
8138	三京化	245	245	230	230	9
8139	ナガホリ	226	226	225	225	12
8140	リョーサン	1950	2080	1950	2000	84
8141	新光商	891	892	890	890	50
8142	トーホー	849	849	840	840	19
8143	ラピーヌ	90	90	87	87	28
8144	電響社	338	338	338	338	1
8145	中部水産	340	340	340	340	9
8146	小杉産	130	150	130	150	16
8147	トミタ	0	0	0	0	0
8148	上原成	270	271	270	270	5
8150	三信電	640	650	637	644	41
8151	東陽テク	3100	3170	3100	3150	321
8152	ソマール	233	233	231	231	5
8153	モスフード	1080	1081	1072	1080	22
8154	加賀電子	1340	1340	1310	1320	60
8155	三益半導	1851	1873	1847	1873	62.6
8156	ガステック	538	550	538	550	5
8157	都築電	516	516	514	514	5
8158	ソーダニッカ	172	178	172	178	7
8159	立花エレ	586	586	580	580	11
8160	木曽路	1115	1115	1115	1115	1
8161	エイデン	895	895	875	895	43
8163	サトＲＳ	670	670	670	670	5
8164	キャビン	123	124	121	124	21
8165	千趣会	1121	1150	1121	1148	13
8166	タカキュー	171	172	163	165	77
8167	丸久	229	229	227	229	12
8168	ケーヨー	450	463	450	463	111.3
8169	宝船	240	240	240	240	1
8170	アデランス	4110	4300	4110	4300	46
8171	ＭＶ中部	0	0	0	0	0
8172	第一家庭電器	64	67	64	66	142
8173	上新電	280	280	279	279	17
8174	日ガス	548	548	547	548	3
8175	ベスト電	672	672	664	669	37
8176	西洋フードシス	370	377	370	377	27
8178	マルエツ	331	340	331	339	71
8179	ロイヤルＨＤ	1040	1053	1036	1049	20
8180	すかいらく	3450	3850	3340	3660	667
8181	東天紅	1268	1360	1240	1350	114
8182	いなげや	721	721	721	721	1
8183	セブン−イレブン	10770	11200	10500	10980	701
8184	島忠	1700	1785	1700	1780	139.1
8185	チヨダ	595	595	560	575	40
8186	大塚家具	23500	25300	23000	25300	4.3
8188	ヨークベニ	3030	3100	3000	3100	36.8
8189	マツヤデンキ	285	287	281	281	15
8190	ヤマナカ	0	0	0	0	0
8191	光製作	530	530	530	530	3
8192	中川無線	80	80	71	71	7
8193	鈴丹	160	160	154	157	173
8194	ライフコーポ	601	601	601	601	1
8195	デニーズジャパン	1980	1999	1980	1999	12
8196	カスミ	430	430	420	425	55
8197	東急ストア	288	289	286	288	27
8199	デオデオ	849	850	839	850	75.2
8200	リンガハット	1020	1025	1020	1025	2.5
8201	さが美	265	266	255	264	13
8202	ラオックス	487	490	486	486	36
8203	ＭｒＭａｘ	337	337	322	322	16.2
8204	ジョナサン	1460	1470	1450	1470	14
8205	シャクリー	740	740	740	740	1
8206	アポロイン	100	100	100	100	1
8207	テンアライド	400	406	400	406	16
8208	エンチョー	0	0	0	0	0
8209	フレンドリ	470	470	470	470	1
8210	フットワーク	209	209	205	205	2
8211	相鉄ローゼ	525	533	525	533	7
8212	オーク	160	160	155	155	3
8213	トステムビバ	375	386	375	386	14
8214	アオキインタ	333	337	327	327	28.7
8215	銀座山形屋	280	280	280	280	2
8216	フォルクス	510	510	509	509	3
8217	オークワ	820	820	820	820	2
8218	コメリ	3200	3300	3190	3200	28.6
8219	青山商	1335	1359	1331	1342	113.2
8225	タカチホ	0	0	0	0	0
8226	理経	425	430	420	430	33
8227	しまむら	14600	15000	14200	14400	33.8
8228	マルイチ	950	950	950	950	26
8229	ＣＦＳコーポ	980	980	940	951	9.5
8230	はせがわ	450	450	450	450	4
8231	三越	445	448	432	444	1031
8232	東急百貨店	90	99	90	98	456
8233	高島屋	967	1003	967	986	1204
8234	大丸	330	335	326	331	245
8235	松坂屋	285	292	285	287	36
8236	丸善	156	157	151	155	429
8237	松屋	387	394	387	393	9
8238	伊勢丹	1061	1080	1061	1080	309
8239	横浜松坂屋	103	103	98	102	8
8240	サッポロライオン	626	629	626	629	6
8241	阪神百貨店	405	410	405	405	7
8242	阪急百	529	530	520	529	41
8243	そごう	73	76	72	72	1019
8244	近鉄百貨店	0	0	0	0	0
8245	丸栄	244	249	244	249	6
8247	大和	0	0	0	0	0
8248	ニッセン	498	498	480	490	17.4
8249	東洋物	600	600	600	600	1
8250	小松ストアー	595	595	595	595	2
8251	パルコ	317	320	315	315	59
8252	丸井	2020	2030	1980	2030	1021
8253	クレセゾン	2125	2130	2070	2100	158.2
8254	さいか屋	0	0	0	0	0
8255	原信	0	0	0	0	0
8256	プロルート	260	260	230	241	38
8257	山陽百	0	0	0	0	0
8258	ＯＭＣカード	369	382	369	380	164
8259	十字屋	62	63	61	63	107
8260	井筒屋	336	345	285	291	7304
8261	ｼ鉄百貨店	0	0	0	0	0
8263	ダイエー	325	330	325	329	550
8264	イトーヨーカ堂	7040	7060	6880	7000	451
8265	壽屋	165	165	156	156	7
8266	イズミヤ	699	714	699	709	36
8267	イオン	2010	2030	1980	1995	371
8268	西友	382	383	373	380	515
8269	マイカル	346	349	333	340	395
8270	ユニー	1247	1300	1247	1260	463
8273	イズミ	1290	1340	1242	1340	194
8274	東武ストア	193	200	193	200	7
8275	フォーバル	2360	2410	2110	2210	26
8276	平和堂	700	710	685	710	13
8278	フジ	1948	1948	1939	1947	4
8279	ヤオコー	1345	1369	1345	1345	11.2
8280	富士冷機	403	415	403	411	22
8281	ゼビオ	2280	2280	2200	2210	17.1
8282	ギガスケーズ	2100	2100	2010	2090	17.5
8283	パルタック	463	463	430	430	3
8285	三谷産業	0	0	0	0	0
8286	藍  屋	2070	2250	2040	2210	33
8287	ＭＶ西日本	1000	1000	1000	1000	2
8289	オリンピック	2360	2400	2280	2280	3
8290	デンコードー	670	680	670	680	2
8291	東日カーライフ	185	185	184	185	8
8292	東いすず	0	0	0	0	0
8293	愛トヨ	781	781	781	781	2
8295	キャノンシステム	697	697	680	680	4
8298	ファミリー	305	305	300	300	5
8299	大栄太源	460	460	460	460	1
8301	日銀	81000	81000	80000	80000	0.6
8302	興業銀行	837	859	833	859	2171
8311	第一勧銀	834	850	829	850	2090
8314	さくら銀行	771	784	770	784	4330
8315	東京三菱銀	1360	1393	1350	1384	3637
8317	富士銀行	873	882	852	882	2663
8318	三井住友銀行	1376	1389	1370	1389	3724
8319	大和銀行	280	284	275	284	1843
8320	三和銀行	905	926	905	923	2707
8321	東海銀行	558	567	553	567	1332
8322	あさひ銀行	513	528	510	524	1885
8324	第四銀	385	398	381	398	106
8325	北越銀	300	306	300	306	45
8326	福岡銀	752	762	730	744	578
8327	西日本シティ銀	414	414	400	408	86
8331	千葉銀	470	479	466	470	953
8332	横浜銀	461	470	461	470	767
8333	常陽銀	406	410	400	410	488
8334	群馬銀	582	600	577	599	249
8335	足利銀行	220	224	219	224	363
8336	武蔵銀	4190	4190	4110	4180	7.1
8337	千葉興	1140	1145	1129	1145	14.8
8338	関東つくば銀	1416	1436	1416	1435	3.2
8339	都民銀	3800	3850	3700	3800	24.9
8341	七十七	939	950	939	945	242
8342	青森銀	500	500	497	499	79
8343	秋田銀	365	369	359	369	155
8344	山形銀	540	545	540	545	45
8345	岩手銀	3900	3900	3770	3800	10.6
8346	東邦銀	405	410	400	410	41
8349	東北銀	220	220	210	213	59
8350	みちのく銀	628	630	628	630	48
8353	北海道銀行	132	136	132	135	106
8355	静岡銀	1020	1037	1003	1036	1174
8356	十六銀	474	475	466	471	69
8357	北陸銀行	250	250	247	250	219
8358	スルガ銀	1860	1880	1850	1880	147
8359	八十二	694	709	694	709	496
8360	山梨銀	341	358	341	358	32
8361	大垣共立	561	573	561	573	87
8362	福井銀	295	298	293	298	71
8363	北国銀	390	392	387	388	211
8364	清水銀	4220	4270	4220	4270	4.7
8365	富山銀	463	464	463	464	2
8366	滋賀銀	494	499	494	499	78
8367	南都銀	587	593	576	589	68
8368	百五銀	460	465	456	465	38
8369	京都銀	559	560	551	560	134
8370	紀陽銀	262	262	250	262	300
8371	近畿大阪銀	0	0	0	0	0
8372	泉州銀	350	350	340	340	63
8374	三重銀	509	510	494	509	19
8375	池田銀	5590	5680	5590	5680	3.8
8379	広島銀	405	406	400	406	254
8380	山口銀	690	700	687	700	89
8381	山陰合銀	535	548	530	548	70
8382	中国銀	875	888	875	888	42
8383	鳥取銀	370	375	370	375	131
8385	伊予銀	645	645	642	645	58
8386	百十四	649	650	639	640	72
8387	四国銀	630	640	630	640	46
8388	阿波銀	515	515	508	515	105
8390	鹿児銀	369	369	364	369	48
8391	親和銀行	314	314	310	313	38
8392	大分銀	520	520	517	520	35
8393	宮崎銀	350	350	339	350	23
8394	肥後銀	395	400	392	399	60
8395	佐賀銀	347	349	344	348	62
8396	十八銀	360	375	360	370	100
8397	沖縄銀	2490	2490	2330	2410	5.1
8399	琉球銀	1536	1586	1536	1579	4.6
8402	三菱信託	890	946	880	946	1139
8403	住友信	747	763	740	763	1332
8404	みずほ信託銀	132	135	132	135	2816
8405	日本信託	153	169	153	169	171
8407	東洋信託	381	400	381	392	408
8408	中央三井信	418	425	415	422	527
8489	アプレック	0	0	0	0	0
8493	インター	2100	2150	2010	2150	3.3
8507	学研クレジット	600	600	600	600	5
8508	イッコー	699	730	680	730	22
8511	日証金	576	586	572	577	300
8512	大証金	301	302	292	299	26
8513	中証金	0	0	0	0	0
8515	アイフル	8650	8900	8640	8900	183.45
8518	アジア投資	600	605	580	580	619
8519	ポケットＣ	4100	4200	4080	4110	19.5
8520	殖産銀行	400	400	400	400	11
8521	長野銀	495	495	486	495	42
8522	名古屋銀	627	628	620	628	44
8524	北洋銀行	499	522	499	522	36
8527	愛知銀	7400	7400	7210	7290	3.2
8528	岐阜銀	220	220	220	220	9
8529	第三銀	460	470	460	470	16
8530	中京銀	430	432	420	420	24
8533	広島総合銀行	460	465	450	455	58
8536	東日銀	624	634	611	625	61
8537	大光銀	299	299	299	299	3
8539	福岡シティ銀	465	470	465	470	17
8541	愛媛銀	459	459	459	459	42
8542	トマト銀	390	390	390	390	1
8543	みなと銀	210	220	210	220	42
8544	京葉銀	301	306	301	303	61
8545	関西アーバン	174	174	164	166	52
8548	九州銀行	314	314	312	314	9
8549	せとうち銀行	396	396	390	390	70
8550	栃木銀	599	599	598	599	24
8551	北日銀	5300	5400	5300	5400	2.5
8552	びわこ銀	305	305	305	305	61
8556	香川銀	560	560	531	540	53
8558	東和銀	429	430	419	430	68
8561	徳島銀	758	758	758	758	8
8562	福島銀	325	325	325	325	17
8563	大東銀	345	345	337	337	20
8564	武富士	10600	10800	10500	10600	81.4
8565	三洋クレ	5250	5380	5250	5380	13.3
8566	リコーリース	2135	2180	2120	2155	34
8567	クレディア	2060	2080	2055	2060	7.4
8568	シンキ	2280	2330	2250	2250	24.8
8569	ユニココーポ	0	0	0	0	0
8570	イオンクレ	6350	6400	6250	6300	30.1
8571	ニッシン	5300	5550	5300	5490	12.9
8572	アコム	8030	8420	8030	8300	137.2
8573	三洋信販	3650	3800	3650	3800	44.8
8574	プロミス	8120	8280	8000	8090	224.6
8577	ロプロ	1850	1860	1810	1850	103.6
8579	東京リース	595	595	595	595	5
8580	ファーストクレジット	200	210	187	209	471
8582	日貿信	6	6	5	6	977
8583	日信販	222	233	222	232	533
8584	ジャックス	315	325	315	320	131
8585	オリコ	486	508	486	508	2456
8586	日立キャピ	2555	2590	2425	2525	312.3
8587	ライフ	0	0	0	0	0
8588	セントラル	311	320	311	320	25
8589	アプラス	121	122	118	121	177
8591	オリックス	14200	14850	14150	14800	230.2
8592	住商リース	1790	1790	1640	1640	82
8593	ダイヤリース	1629	1630	1599	1600	16
8595	ジャフコ	12900	13900	12900	13300	121
8597	ＳＦＣＧ	18000	20300	18000	19020	22.18
8599	ＵＦＪセント	0	0	0	0	0
8601	大和証Ｇ	1175	1227	1166	1194	6796
8603	日興コーデ	953	983	942	947	6303
8604	野村ＨＤ	2180	2260	2030	2110	10851
8606	新光	402	425	402	410	2036
8607	みずほイン証	210	221	210	220	679
8609	岡三ＨＤ	720	770	720	758	513
8610	さくらフレンド	300	315	300	306	542
8611	コスモ証	241	256	241	255	334
8613	丸三	691	702	681	700	75
8614	東洋	365	385	364	365	155
8615	三菱証	1309	1320	1274	1279	601
8616	東海東京	363	373	356	360	233
8617	光世	310	319	310	315	218
8620	東海丸万	613	645	613	638	175
8621	ＵＦＪつばさ証券	559	575	530	541	500
8622	水戸	399	400	395	398	44
8623	ＳＭＢＣ証	335	340	332	335	74
8624	いちよし証	870	876	835	840	135
8625	高木	360	370	350	370	42
8691	証券代	0	0	0	0	0
8692	だいこう	630	630	600	600	4
8742	小林洋行	1070	1070	1040	1040	12.5
8743	ひまわり証	0	0	0	0	0
8744	日本ユニコム	0	0	0	0	0
8745	グローバリー	1250	1250	1250	1250	4
8746	第一商品	293	293	291	291	3
8747	豊商事	0	0	0	0	0
8748	岡藤商事	350	350	340	340	7
8749	エース交易	302	306	295	306	28
8751	東京海上火災	1220	1225	1210	1219	2151
8752	三井住友海上	561	600	561	583	3166
8753	住友海上火災	700	717	695	715	3671
8754	日本興亜	300	304	299	303	643
8755	損害保険Ｊ	542	570	542	568	3582
8756	日産火災海上	307	319	299	319	174
8757	日新火	237	237	233	235	110
8758	千代田火災	328	335	327	328	527
8759	ニッセイ同和	269	271	268	270	166
8760	日動火災海上	546	556	543	550	168
8761	あいおい損保	315	331	315	331	1229
8762	興亜火災	290	293	289	292	1326
8763	富士火	193	194	188	193	461
8764	太陽火災	0	0	0	0	0
8765	大成火災海上	209	219	209	219	27
8801	三井不	1041	1064	1037	1064	2356
8802	菱地所	1234	1250	1232	1250	1862
8803	平和不	238	240	234	235	139.5
8804	東建物	195	200	193	200	307
8805	中央地	106	107	100	106	74
8806	ダイビル	920	930	903	930	144
8809	サンケビル	391	404	386	391	22
8810	港振興	0	0	0	0	0
8815	東急不	100	103	100	103	370
8817	阪急不動産	365	365	340	350	5
8818	京阪神不	319	319	305	319	23
8821	立飛企	2330	2330	2330	2330	3
8829	大和団地	220	227	218	227	48
8830	住友不	355	394	355	392	4292
8832	小田急不	190	190	190	190	2
8833	東宝不	380	380	370	374	25
8834	藤和不	60	62	60	62	132
8835	太平発	111	112	110	110	54
8836	ヒューネット	640	680	627	649	769
8838	有楽地	145	145	140	145	12
8839	ニチモ	75	78	75	78	31
8840	大京	230	239	230	239	352
8841	テーオーシー	697	730	697	730	114
8842	楽天地	343	351	343	351	27
8844	リクコスモス	405	410	400	406	28
8845	セザール	215	219	213	218	64
8846	積和不動産	400	400	399	399	5
8848	レオパレス	307	307	290	290	68
8850	スターツ	0	0	0	0	0
8851	アバンライフ	287	300	287	287	15
8852	積和不動関西	375	380	370	370	7
8853	ダイヤシティ	330	360	330	355	16
8854	日住	250	250	250	250	2
8855	全日空ビル	129	129	129	129	1
8857	三井不動販売	546	546	510	510	39
8858	ダイア建	213	213	209	210	14
8860	フジ住	500	500	491	500	20
8863	積和不動中部	565	565	565	565	2
8864	空港施設	435	435	429	434	36
8865	神鋼興産	0	0	0	0	0
8866	コマーシャル	300	310	291	310	10
8867	横浜地下街	0	0	0	0	0
8868	ＵＲＢＡＮ	2500	2580	2490	2580	23
8869	明和地所	3000	3250	2960	3250	158
8870	住不販売	3100	3300	3060	3250	13.7
8871	ゴールドクレ	10500	11200	10300	10300	12
8872	エイブル	3050	3050	3050	3050	8
8873	積和不動中国	0	0	0	0	0
8874	ジョイント	3710	3850	3700	3700	26
8875	東栄住宅	1940	1940	1850	1850	3
8876	リロＨＤ	5700	5700	5500	5500	13
8877	エスリード	1419	1420	1352	1375	19
8878	日綜地所	1210	1260	1200	1220	59
8879	東急リバブル	559	559	546	546	17
8880	飯田産業	0	0	0	0	0
9001	東武	287	299	287	297	694
9002	西武鉄道	1356	1420	1356	1395	114
9003	相鉄	277	283	277	282	208
9004	箱根登山鉄道	260	260	258	258	26
9005	東急	488	502	486	491	8624
9006	京急	390	400	390	400	417
9007	小田急	345	353	343	353	487
9008	京王	398	410	397	410	607
9009	京成	262	269	262	269	338
9010	富士急	330	340	330	340	13
9012	秩父鉄	0	0	0	0	0
9013	伊豆箱根鉄道	0	0	0	0	0
9014	新京成	295	295	295	295	2
9017	新潟交	298	298	298	298	1
9019	伊豆急行	0	0	0	0	0
9020	ＪＲ東日本	590000	630000	583000	623000	7.33
9021	ＪＲ西日本	434000	450000	429000	450000	1.564
9022	ＪＲ東海	600000	620000	600000	620000	0.626
9031	西鉄	272	279	271	276	111
9033	広電鉄	0	0	0	0	0
9036	東部ネット	0	0	0	0	0
9037	ハマキョウ	1500	1500	1430	1430	4
9038	東海西濃	300	300	290	290	2
9039	サカイ引越	2165	2190	2165	2185	2.3
9040	大宝運輸	0	0	0	0	0
9041	近鉄	425	439	425	439	580
9042	阪急ＨＤ	341	345	341	344	453
9043	阪神	300	306	299	306	130
9044	南海電	431	434	430	430	63
9045	京阪電	341	343	341	341	46
9046	神電鉄	423	423	418	418	8
9047	名糖運輸	0	0	0	0	0
9048	名鉄	299	304	298	303	464
9049	京福電	0	0	0	0	0
9050	三重交	335	335	335	335	10
9051	センコン物流	0	0	0	0	0
9052	山陽電	290	293	290	293	14
9053	中央運輸	0	0	0	0	0
9054	大和物流	510	510	506	506	2
9055	アルプス物流	640	650	640	640	22
9056	ヒューテック	1270	1270	1250	1250	5
9057	遠州トラック	0	0	0	0	0
9058	トランコム	500	500	480	480	9
9059	カンダ	0	0	0	0	0
9060	日ロジテム	295	298	295	298	3
9061	富士物流	175	175	170	170	5
9062	日通	708	718	697	710	2280
9063	岡県運送	148	148	148	148	1
9064	ヤマト運	2480	2510	2475	2495	1391
9065	山九	89	90	86	89	407
9066	日新	161	165	161	165	29
9067	丸運	222	222	222	222	1
9068	丸全運	180	181	178	179	64
9069	センコー	205	210	205	207	19
9070	トナミ	198	200	197	200	28
9072	日梱包	565	565	563	565	5
9073	京極運	0	0	0	0	0
9074	日石輸	215	215	211	213	52
9075	福山運	621	636	621	636	234
9076	西濃運	490	514	490	508	680
9077	名鉄運	299	300	299	300	2
9078	エスライン	270	270	270	270	1
9079	東急ロジ	360	360	360	360	1
9080	関東西濃	1700	1700	1700	1700	2
9081	神奈交	435	443	435	443	4
9082	大和自	0	0	0	0	0
9083	神姫バ	0	0	0	0	0
9086	日立物流	547	555	547	555	39
9087	タカセ	0	0	0	0	0
9088	濃飛西濃	0	0	0	0	0
9089	ロジパル	395	398	395	398	5
9101	郵船	447	449	437	442	2763
9104	商船三井	219	221	216	220	3209
9107	川崎汽	171	173	165	167	2480
9110	新和海	59	60	57	60	62
9113	乾汽船	72	74	69	74	17
9114	日之出汽船	42	42	42	42	4
9115	明治海	173	173	173	173	1
9119	飯野海	158	158	151	155	70
9123	太平海	53	53	50	53	24
9127	玉井船	43	43	43	43	1
9130	共栄タ	108	109	106	109	3
9132	第一汽	51	53	51	53	114
9133	東栄リーファ	0	0	0	0	0
9151	東京船舶	95	95	94	94	3
9152	関西汽	53	56	53	56	76
9171	栗林船	245	245	245	245	5
9173	東海汽	360	370	360	370	2
9174	ワンダーＴ	272	297	272	289	21
9176	佐渡汽	0	0	0	0	0
9178	日鉄物流	323	323	323	323	1
9179	川崎近海	185	190	182	185	9
9180	新和内航	200	200	200	200	1
9193	東京汽	320	320	320	320	1
9201	日本航空	368	369	363	364	2062
9202	ＡＮＡ	258	263	258	263	1480
9203	日本エアシス	3830	3850	3820	3850	1
9231	国際航	609	609	605	605	30
9232	パスコ	650	659	640	654	81
9233	アジア航	330	330	320	320	19
9301	三菱倉	942	946	930	941	356
9302	三井倉	231	238	231	238	900
9303	住友倉	283	284	278	281	174
9304	渋沢倉	251	275	231	275	153
9305	ヤマタネ	116	116	110	112	50
9306	東陽倉	207	207	207	207	1
9307	杉村倉	520	520	520	520	1
9308	イヌイ建	400	400	400	400	1
9309	京神倉庫	0	0	0	0	0
9310	トランシティ	196	200	196	200	10
9311	アサガミ	0	0	0	0	0
9312	ケイヒン	139	141	138	141	16
9313	丸八倉	145	145	142	145	4
9314	品川倉	0	0	0	0	0
9317	オーナミ	108	125	108	125	6
9318	Ｊブリッジ	255	255	255	255	2
9319	中央倉	511	511	511	511	1
9320	三和倉	142	142	142	142	1
9321	アイロジステ	155	156	155	155	7
9322	川西倉	0	0	0	0	0
9323	ロジステック	0	0	0	0	0
9324	安田倉	345	345	342	342	10
9351	洋埠頭	138	141	138	141	36
9353	桜島埠	150	150	150	150	3
9355	リンコー	140	140	140	140	2
9357	名港海	0	0	0	0	0
9358	宇徳運	118	118	112	115	3
9359	伊勢湾	0	0	0	0	0
9360	鈴与シンワ	0	0	0	0	0
9361	伏木運	250	250	250	250	1
9362	兵機海	0	0	0	0	0
9363	大運	63	63	56	60	28
9364	上組	530	532	485	530	299
9365	トレーディア	0	0	0	0	0
9366	サンリツ	710	720	710	720	1.1
9367	大東港運	159	159	159	159	1
9368	キムラユニテ	649	649	649	649	1
9369	キユソ流通	1780	1780	1780	1780	1
9370	郵船航空	2300	2300	2210	2210	0.8
9373	ニッコウトラ	2420	2420	2260	2260	13
9401	ＴＢＳ	3980	4040	3670	3830	261
9402	ＣＢＣ	1126	1135	1125	1125	4.1
9404	日テレ	69500	72800	65600	67700	70.19
9405	朝日放	9210	9210	9000	9010	1.1
9408	新潟放	740	740	740	740	1.8
9431	ＫＤＤ	10210	10510	9800	10200	233.1
9432	ＮＴＴ	1190000	1240000	1190000	1230000	16.955
9433	ＫＤＤＩ	1000000	1020000	960000	991000	7.078
9434	ボーダフォン	3930000	4080000	3490000	3940000	1.195
9435	光通信	6400	7400	5800	7200	1251.7
9436	沖縄セルラー	580000	601000	575000	600000	0.08
9437	ＮＴＴドコモ	2870000	2930000	2720000	2800000	25.517
9438	ＭＴＩ	1300000	1400000	1300000	1300000	0.447
9439	ビーアイジー	2920000	2920000	2900000	2900000	0.007
9449	ＧＭＯインター	10900	10900	9800	10000	79
9470	学研	221	226	212	214	153
9471	文渓堂	0	0	0	0	0
9472	エスコム	500	500	435	490	690
9473	アスキー	1390	1390	1300	1330	75
9474	ゼンリン	3350	3360	3170	3200	21
9475	昭文社	3940	3990	3650	3690	59.5
9476	中央経済	0	0	0	0	0
9477	角川ＨＤ	11510	11710	10800	10800	57.5
9478	翔泳社	4720000	4930000	4720000	4900000	0.016
9501	東電	2750	2795	2730	2795	2392.8
9502	中部電	1930	1950	1916	1950	924.8
9503	関西電	1780	1828	1780	1828	840.2
9504	中国電	1586	1615	1586	1610	438.1
9505	北陸電	1317	1330	1316	1330	100.9
9506	東北電	1314	1315	1307	1310	665.5
9507	四国電	1310	1330	1310	1330	115.4
9508	九州電	1310	1329	1307	1329	296.1
9509	北海電	1310	1329	1310	1329	156
9511	沖縄電	1950	2020	1950	2000	1.3
9531	東ガス	265	270	264	269	9601
9532	大ガス	274	283	273	283	1465
9533	邦ガス	195	195	194	195	247
9534	北ガス	192	195	192	195	15
9535	広ガス	0	0	0	0	0
9536	西部ガス	158	160	158	160	86
9537	北陸ガ	300	300	298	298	11
9539	葉ガス	251	251	250	250	6
9540	中ガス	180	180	180	180	1
9541	大多喜ガス	341	342	341	342	3
9542	新日ガス	310	310	310	310	5
9600	アイネット	1000	1030	998	998	23
9601	松竹	510	525	509	514	63
9602	東宝	19870	19870	19320	19600	26.5
9603	ＨＩＳ	5800	5800	5490	5520	33.8
9604	際放映	0	0	0	0	0
9605	東映	745	748	716	725	339
9607	葵プロ	1430	1480	1430	1450	15
9608	福山コンサル	275	275	275	275	1
9609	ベンチャーリ	5000	6000	5000	5700	35.1
9610	ウィルソン	4180	4180	3850	3850	4.4
9611	Ｄワンダー	795	795	750	750	7
9612	ラックランド	2300	2340	2300	2340	1.7
9613	ＮＴＴデータ	1120000	1130000	998000	1000000	24.656
9614	ベルシス24	57900	57900	55900	56000	8.75
9615	東京美装	660	670	650	650	10
9616	共立メンテ	3140	3200	3140	3200	3
9618	エームサービス	1199	1199	1175	1179	5
9619	イチネン	0	0	0	0	0
9620	スクウェア	6400	6900	6200	6380	163.3
9621	建設技研	630	630	601	601	5.7
9622	スペース	540	540	500	510	30.1
9623	キヤノンソフ	709	710	700	700	5
9624	長大	521	521	521	521	0.5
9625	セレスポ	224	240	220	240	7
9626	日本技開	228	228	220	220	3
9627	アインファマ	1650	1670	1640	1670	8
9628	燦ＨＤ	3750	3750	3700	3700	0.5
9629	ＰＣＡ	2950	2950	2730	2850	33
9630	アップ	392	392	390	390	2.5
9631	東急レク	615	615	610	610	5
9632	スバル	350	359	350	354	7
9633	テアトル	175	178	175	178	34
9634	修学社	531	560	491	495	51
9635	武蔵野	0	0	0	0	0
9636	きんえい	0	0	0	0	0
9637	オーエス	790	795	790	795	3
9638	情報技術	800	800	799	800	3
9639	三協フロンテ	300	300	300	300	6
9640	セゾン情報	730	730	730	730	2
9641	サコス	122	122	120	120	4.4
9642	コマスタ	0	0	0	0	0
9643	中日興	17000	17000	16500	16500	0.2
9644	タナベ経営	438	450	431	431	8
9645	ダイヤモンドコン	1450	1470	1450	1450	26
9646	タイトー	110000	110000	102000	105000	0.509
9647	協和コンサル	0	0	0	0	0
9648	ウエスコ	340	340	330	340	5
9649	明電エンジニア	578	578	569	578	21.1
9650	テクモ	1512	1521	1430	1449	24.9
9651	日本プロセス	0	0	0	0	0
9652	日本医療	1550	1550	1450	1550	27
9653	ＳＢＩパートナ	1100	1100	1100	1100	2
9654	コーエー	3050	3080	2990	3030	95.8
9656	三井ランド	600	600	580	585	3.1
9657	コムテック	0	0	0	0	0
9658	ビジ太田昭	761	790	761	780	9
9660	ＣＲＣソリュ	0	0	0	0	0
9661	歌舞伎	0	0	0	0	0
9662	アイフル	647	648	647	648	2
9663	ナガワ	660	680	660	680	16
9664	御園座	0	0	0	0	0
9665	吉本興	1335	1351	1335	1340	10
9667	ホリプロ	882	882	870	871	4
9668	相鉄企業	400	400	400	400	3
9669	オークネット	5000	5250	5000	5200	23.7
9671	よみランド	342	360	342	360	37
9672	東競馬	134	137	134	137	121
9673	甲子園土地	0	0	0	0	0
9674	花月園	202	202	202	202	1
9675	常磐興	143	147	143	147	39
9676	松戸公産	459	459	450	459	5
9677	日本ジャンボ	791	800	750	750	5.2
9678	カナモト	797	803	790	792	63
9679	ホウライ	375	375	375	375	2
9680	共成レンテム	580	580	580	580	1
9681	東京ドーム	510	510	493	508	168
9682	ＤＴＳ	5830	6000	5470	5470	31
9684	スク・エニ	5200	5600	5000	5170	71
9685	共同コンＨＤ	310	310	295	295	5
9686	東洋テック	490	500	490	500	4
9687	ＫＳＫ	630	630	630	630	3
9689	グリンハウス	1620	1620	1520	1550	23
9691	両毛システム	0	0	0	0	0
9692	シーイーシー	1600	1600	1550	1560	35
9694	日立ソフト	10260	11000	9900	10060	127.2
9695	鴨川グランド	325	325	325	325	2
9696	ウィザス	390	390	371	380	14
9697	カプコン	3320	3570	3320	3350	266.1
9698	クレオ	1100	1110	1010	1020	37
9699	西尾レント	660	660	651	655	25.4
9700	エスアールエル	1189	1200	1080	1080	34
9701	会舘	275	275	273	273	4
9702	アイエスビー	0	0	0	0	0
9703	ジェネラスコーポ	94	94	91	93	66
9704	東海観	81	81	77	78	1416
9706	日本空港ビル	944	944	922	930	48
9707	メデカＪ	1020	1030	980	1010	63
9708	帝ホテル	1650	1650	1650	1650	2
9709	日コンピュタ	680	680	680	680	1
9710	第一ホテ	118	120	115	118	19
9711	日コンシス	0	0	0	0	0
9712	ファイ	630	680	620	625	74
9713	ロイヤルホ	201	205	201	205	9
9714	ＳＲＡ	2280	2280	2000	2000	33
9715	トランスコス	12800	13800	12000	12500	483.9
9716	乃村工芸社	405	405	387	387	7
9717	ジャステック	2470	2600	2460	2470	7.4
9718	国際観光会館	170	170	170	170	1
9719	住商情報	5340	5400	5300	5340	26
9720	グランド	0	0	0	0	0
9722	藤田観	570	580	569	580	31
9724	新阪急ホテル	220	220	205	205	4
9725	東急ホテル	173	177	173	177	65
9726	近ツーリスト	295	309	295	309	36
9727	東急観光	123	125	123	125	4
9728	日本管財	2200	2200	2000	2000	5
9729	トーカイ	0	0	0	0	0
9730	ワオコーポ	380	380	380	380	3
9731	白洋舎	304	308	304	308	11
9732	東映ラボ	213	213	213	213	1
9733	ナガセ	0	0	0	0	0
9734	精養軒	0	0	0	0	0
9735	セコム	7410	7600	7300	7370	549
9736	白青舎	0	0	0	0	0
9737	ＣＳＫ	3230	3400	3040	3130	754.8
9738	インテック	2260	2390	2170	2205	142
9739	ＮＳＷ	5850	6100	5840	5920	12.2
9740	ＣＳＰ	0	0	0	0	0
9741	日立情報	3700	3750	3410	3440	76
9742	アイネス	1590	1590	1470	1480	304
9743	丹青社	714	715	710	712	26
9744	メイテック	3630	3810	3630	3800	193.1
9746	ＴＫＣ	2220	2315	2220	2290	30.8
9747	アサツーＤＫ	3730	3790	3720	3750	175.7
9748	ＮＪＫ	631	631	624	624	6
9749	富士ソフト	4920	5050	4700	4730	162.5
9750	ソラン	1929	1929	1700	1700	55
9751	ＴＩＳ	4630	4950	4630	4950	186
9752	ナムコ	3580	3680	3450	3600	175.1
9753	ＩＸナレッジ	682	682	682	682	1
9755	応用地質	1225	1260	1225	1260	12.1
9756	ＡＳＫ	680	681	650	670	13
9757	船井研	799	800	785	790	15
9758	ジシステム	679	680	620	641	24
9759	日システムデ	7810	8150	7810	8090	108.5
9760	進学会	0	0	0	0	0
9761	東海リース	171	171	170	170	4
9762	大和リース	301	305	299	305	211
9763	丸紅リ	126	126	125	125	25
9764	技研興	190	200	190	200	5
9765	オオバ	154	155	154	155	4
9766	コナミ	5700	5820	5280	5400	346.7
9767	日建工学	245	245	240	240	5
9768	国土環境	800	800	750	750	3
9769	学究社	440	440	400	400	6
9776	札臨	0	0	0	0	0
9777	日電計算	2205	2235	2100	2235	25.6
9778	昴	640	640	640	640	1
9779	メフォス	0	0	0	0	0
9780	ビステム	0	0	0	0	0
9781	石川島汎サ	0	0	0	0	0
9782	ＤＭＳ	670	670	632	641	29
9783	ベネッセ	6450	6730	6450	6450	383.4
9784	日工検	0	0	0	0	0
9785	大新東	260	265	260	265	12
9786	キャッツ	1581	1600	1500	1510	31
9787	Ｊメンテ	970	970	930	954	5.1
9788	ナック	960	960	920	930	22.8
9789	栄光	429	429	409	410	9
9790	福井コン	765	765	740	740	4.5
9791	ビケンテクノ	779	779	741	741	4
9792	ニチイ学館	7200	7210	6800	6810	113
9793	ダイセキ	2120	2120	2010	2010	25.9
9794	カラカミ観光	710	725	710	725	4
9795	ステップ	760	760	760	760	1
9796	ダイテック	1420	1420	1420	1420	0.1
9797	大日本コン	0	0	0	0	0
9798	シダックス	2560	2570	2560	2570	0.8
9799	旭情報	1330	1330	1300	1300	3
9810	日鉄商	116	116	115	115	11
9811	アスティス	0	0	0	0	0
9812	テーオー	0	0	0	0	0
9813	トッキ	1650	1650	1480	1510	11
9814	アシックス商	0	0	0	0	0
9815	カテナ	720	735	701	715	119
9816	バーテックス	570	570	520	530	7
9817	ゴトー	0	0	0	0	0
9818	大丸エナ	0	0	0	0	0
9820	エムティＧ	0	0	0	0	0
9821	日アムウ	880	905	880	905	0.7
9822	なが多	292	334	290	330	2934
9823	マミーマート	1200	1200	1200	1200	4.5
9824	泉州電	500	500	500	500	7
9825	アズウェル	400	400	390	390	5.3
9826	ＪＥＵＧＩＡ	161	161	161	161	1
9827	リリカラ	161	162	161	162	4
9828	元気寿司	889	889	884	884	8
9829	ながの東急	350	350	350	350	1
9830	トラスコ中山	1485	1520	1485	1501	7.1
9831	ヤマダ電	8300	8600	8100	8100	202
9832	オートバクス	3220	3220	3150	3170	74.7
9833	エルクコーポ	670	680	670	680	3
9834	リオチェン	400	400	400	400	0.3
9835	ジュンテン	0	0	0	0	0
9836	リーバイス	570	576	570	575	7
9837	モリト	0	0	0	0	0
9838	トラベラー	860	861	860	860	14
9839	ゲッツブラザーズ	535	535	530	530	5.5
9840	ホーマック	2750	2850	2750	2850	18.9
9841	ＢＭＢ	325	325	300	301	101
9842	アークランド	1270	1270	1210	1210	4
9844	ユーエスシー	1200	1230	1190	1190	11
9845	パーカー	222	222	222	222	4
9846	天満屋ス	0	0	0	0	0
9847	ソリスト	355	361	355	355	9
9848	トヨタカローラ岐阜	900	900	900	900	1
9849	河内屋紙	0	0	0	0	0
9850	グルメ杵屋	747	747	701	705	5
9852	中央物産	300	300	292	292	2
9853	銀座ルノア	0	0	0	0	0
9854	愛眼	930	930	906	906	5.2
9855	くろがねや	460	471	460	471	6
9856	ケーユー	746	746	745	745	1.3
9857	英和	365	365	365	365	22.5
9858	明光商会	1810	1810	1770	1770	7
9859	ユーストア	760	760	760	760	12
9860	岐阜日野	0	0	0	0	0
9861	吉野家ディー	1900000	1970000	1900000	1960000	0.119
9862	メモレックス・テレ	255	260	255	260	7
9863	靴のマルトミ	121	121	121	121	4.5
9864	ナカイ	0	0	0	0	0
9865	日商エレク	2640	2695	2400	2400	218
9867	ソレキア	690	690	530	590	77
9868	トリイ	0	0	0	0	0
9869	加藤産	600	600	600	600	2
9870	ハナテン	1875	1875	1875	1875	1.8
9871	イトーキ	0	0	0	0	0
9872	北恵	0	0	0	0	0
9873	ケンタッキー	1141	1142	1140	1142	23
9875	マツモトキヨ	9220	9250	9010	9090	45.4
9876	コックス	490	490	490	490	1
9877	マルフル	0	0	0	0	0
9878	セキド	620	620	620	620	1
9879	フタタ	0	0	0	0	0
9880	イノテック	4810	5000	4500	4520	33.1
9882	イエロハット	952	962	920	940	29.4
9883	富士エレ	1940	1940	1850	1850	3
9884	都築電産	760	762	680	680	30
9885	シャルレ	640	640	640	640	4
9887	松屋フーズ	3020	3020	2970	2980	20
9888	ＵＥＸ	0	0	0	0	0
9889	ＪＢＣＣ	3740	3780	3350	3600	67
9890	マキヤ	0	0	0	0	0
9892	卑弥呼	1250	1260	1210	1210	76
9893	ホームワイド	398	400	398	400	6
9894	アトル	0	0	0	0	0
9895	コンセック	240	240	240	240	1
9896	Ｊ建材	507	507	500	500	5
9897	ユニダックス	737	750	735	750	19
9898	サハダイヤ	320	325	312	318	270
9899	サンデサン	0	0	0	0	0
9900	サガミ	811	815	810	815	14
9901	宮	0	0	0	0	0
9902	日伝	1380	1390	1380	1390	4
9903	カンセキ	0	0	0	0	0
9904	ベリテ	206	206	206	206	3
9905	コージツ	0	0	0	0	0
9906	藤井産業	0	0	0	0	0
9907	大電社	540	540	540	540	1
9908	日本電計	0	0	0	0	0
9909	愛光電気	201	201	190	190	7
9911	真電	0	0	0	0	0
9912	ダイワボ情	1710	1770	1650	1650	65.5
9913	日邦産業	329	329	323	323	6
9914	植松商会	270	270	270	270	4
9915	アサヒビールＳ	0	0	0	0	0
9916	バイタルＮ	604	610	594	610	3.5
9917	マツモト電器	0	0	0	0	0
9918	ダイワラクダ	350	350	341	341	2
9919	関西スーパ	550	550	550	550	1
9920	シービーエム	1500	1500	1490	1490	53.3
9921	ギガス	520	542	520	542	5
9922	日立機材	553	555	534	534	11
9923	ダイトーエム	360	370	360	360	6
9924	ドミー	500	500	500	500	6
9925	北の家族	1050	1100	1030	1100	20
9926	ダイカ	363	363	360	360	4
9927	ワットマン	350	350	350	350	2
9928	ミロク情報	990	1000	950	950	27.5
9929	平和紙業	505	505	485	485	3
9930	北沢産	231	235	231	233	9
9931	家族亭	0	0	0	0	0
9932	杉本商	0	0	0	0	0
9934	因幡電産	1150	1170	1150	1170	3.7
9935	あずみ	292	292	275	290	3
9936	王将フード	1249	1260	1249	1260	12
9937	セシール	2070	2100	2000	2000	12.7
9938	住金物産	81	84	81	82	36
9939	すみや	0	0	0	0	0
9941	太洋物産	0	0	0	0	0
9943	ココス	640	640	601	601	12
9944	インパクト	1660	1745	1660	1695	4.6
9945	プレナス	5000	5010	5000	5000	8
9946	ミニストップ	2480	2510	2450	2500	21.6
9947	シムリー	1200	1200	1100	1200	3.8
9948	アークス	1200	1220	1200	1220	2
9949	タイヨー	0	0	0	0	0
9950	ハチバン	0	0	0	0	0
9951	カーマ	515	545	515	540	3
9952	ドトール	7590	7670	7460	7650	15.6
9953	ダイキ	1271	1271	1240	1249	4.8
9954	東京小僧寿し	550	550	550	550	1
9955	ヨンキュウ	2610	2610	2300	2320	8.1
9956	バロー	0	0	0	0	0
9957	バイテック	1380	1400	1350	1350	13
9958	サリ	270	270	270	270	2
9959	アシード	0	0	0	0	0
9960	東テク	450	450	450	450	1
9961	エムオーテック	135	135	131	133	9
9962	駿河製機	9000	9250	8850	8900	119.6
9963	江守商事	400	400	400	400	1
9964	アイ・テック	820	820	820	820	1
9965	福原	500	500	500	500	1
9966	藤久	2050	2050	2010	2010	0.7
9967	堺商事	249	251	249	251	4
9968	イチヤ	140	140	140	140	2
9969	ショクブン	840	840	840	840	1
9970	東洋オフィス	419	420	419	420	3
9971	カウボーイ	520	530	500	510	22
9972	アルテック	1280	1295	1250	1270	13.2
9973	小僧本部	1220	1230	1210	1230	3
9974	ベルク	0	0	0	0	0
9975	マルヤ	3190	3190	3180	3180	1.5
9976	セキチュー	612	612	612	612	2
9977	アオキスーパ	0	0	0	0	0
9978	文教堂	1580	1580	1570	1570	4
9979	大庄	1055	1066	1020	1030	19.5
9980	マルコ	850	850	831	831	10.9
9981	ニック産業	684	684	684	684	1
9982	タキヒヨー	490	490	480	480	2
9983	ファストリ	50000	50000	46500	47050	35.2
9984	ソフトバンク	16400	17800	14600	15400	3283.4
9985	榮太郎	760	760	750	750	3
9986	蔵王産業	370	370	370	370	1
9987	スズケン	3480	3770	3430	3740	651.8
9988	神港魚類	0	0	0	0	0
9989	サンドラッグ	8520	8600	8520	8600	3.8
9990	東京デリカ	460	460	460	460	1
9991	ジェコス	363	363	355	356	9.1
9992	理研グリン	0	0	0	0	0
9993	ヤマザワ	0	0	0	0	0
9994	やまや	730	750	699	700	17.5
9995	イーストン	775	785	775	780	5
9996	サトー商会	0	0	0	0	0
9997	ベルーナ	2200	2210	2115	2155	22.5
