20000412
1001	日経２２５	20476	20833	20437	20833	68.213
1002	ＴＯＰＩＸ	1696	1706	1687	1706	68.213
1301	極洋	152	155	151	155	249
1319	日経300F	321	330	321	330	111
1331	ニチロ	180	185	180	185	373
1332	日水	184	189	182	188	839
1333	マルハ	142	142	139	141	533
1351	宝幸水産	95	96	94	94	112
1352	ホウスイ	103	103	100	103	7
1376	カネコ種	952	952	952	952	1
1377	サカタタネ	2415	2430	2390	2430	64.4
1378	雪国まいたけ	770	800	750	800	19
1379	ホクト	4550	4550	4400	4400	17.7
1380	秋川牧園	610	610	610	610	1
1491	中外鉱	165	165	152	152	1010
1501	三井鉱山	107	108	105	108	281
1503	住友炭	117	119	115	119	217
1515	日鉄鉱	233	240	232	240	100
1518	三井松島	160	163	160	162	79
1601	帝石	343	350	340	350	539
1603	アラビア石油	560	563	490	499	1504
1661	ガス開	406	410	405	410	59
1701	昭和鉱	258	260	258	260	5
1702	共立マテリア	0	0	0	0	0
1737	三井エンジ	360	360	355	355	11
1738	ＮＩＴＴＯＨ	380	380	380	380	3
1739	ＳＥＥＤ	393000	393000	391000	391000	0.003
1740	極東工業	0	0	0	0	0
1741	ミサワサンイ	0	0	0	0	0
1742	セコムテクノ	2700	2740	2650	2740	25
1743	コーアツ工業	0	0	0	0	0
1744	キョーエイ	0	0	0	0	0
1745	ミサワホーム東海	0	0	0	0	0
1746	7	0	0	0	0	0
1748	ミサワ北日	0	0	0	0	0
1750	カナック	0	0	0	0	0
1751	日立プラサ	0	0	0	0	0
1752	富士通シス	1350	1350	1320	1320	43
1753	土屋ツバイ	0	0	0	0	0
1754	東新住建	960	960	960	960	1
1755	JFE工建	0	0	0	0	0
1756	和興エンジ	280	280	275	275	6
1757	千年の杜	385	395	385	395	32
1758	太洋基礎	0	0	0	0	0
1759	ジオトップ	275	275	270	270	2
1762	高松建設	1500	1620	1500	1620	1
1763	北陸ミサワ	0	0	0	0	0
1764	工藤建設	0	0	0	0	0
1765	イビデンテック	262000	262000	252000	252000	0.003
1766	東建コーポ	1320	1400	1310	1370	23
1767	沖ウィン	544	549	544	545	9
1768	ソネック	0	0	0	0	0
1770	藤田エンジ	0	0	0	0	0
1772	東北エンタープライズ	0	0	0	0	0
1774	機動建	230	230	227	230	4
1775	富士電Ｅ＆Ｃ	273	273	267	268	7
1776	三井住建道路	113	119	113	119	7
1777	川崎設備	320	320	320	320	1
1778	古河総設	166	166	166	166	2
1779	松本建工	520	520	510	510	12
1780	ヤマウラ	390	390	370	370	1.5
1781	国土総合	0	0	0	0	0
1782	常磐開発	180	180	180	180	2
1783	南野建設	0	0	0	0	0
1784	サワコー	530	540	520	525	34.1
1785	ナナボシ	0	0	0	0	0
1786	オリ建	452	465	450	465	6.7
1787	ナカボテック	295	295	290	290	4
1788	三東工業	244	244	244	244	1
1789	山加電業	0	0	0	0	0
1790	平和奥田	0	0	0	0	0
1791	三井木材	140	142	139	140	22
1792	みらい建設Ｇ	208	208	203	203	5
1793	大本組	600	600	600	600	1
1795	マサル	0	0	0	0	0
1796	トヨタウッド	336	336	320	336	2.2
1797	藤木工務店	0	0	0	0	0
1798	守谷商会	0	0	0	0	0
1799	第一建設	250	250	250	250	3
1800	利塚地下技術	200	230	200	220	11
1801	大成建	165	167	165	165	918
1802	大林組	393	410	388	410	1708
1803	清水建	290	300	285	300	1113
1804	佐藤工業	67	68	65	68	335
1805	飛島建	60	64	60	64	507
1806	ACリアル	55	57	55	57	662
1807	渡辺組	0	0	0	0	0
1808	長谷工	43	44	42	44	3212
1809	富士工	87	89	87	89	11
1810	松井建	320	324	320	324	8
1811	銭高組	281	281	280	280	4
1812	鹿島	280	293	280	293	1076
1813	不動建	152	156	151	156	25
1814	大末建	80	80	78	80	42
1815	鉄建	134	139	131	139	283
1816	安藤建	206	207	205	205	7
1817	勝村建	140	141	138	141	11
1818	日産建設	106	110	105	110	15
1819	太平工	156	158	156	158	46
1820	西松建	381	394	376	394	1225
1821	三井住友建	83	83	81	83	83
1822	大豊建	185	185	181	183	29
1823	住友建設	93	93	90	93	75
1824	前田建	283	287	281	287	151
1825	環境建設	122	123	117	123	37
1826	佐田建	155	155	153	153	4
1827	ナカノフドー建	99	99	96	96	22
1828	田辺工業	0	0	0	0	0
1829	大和建設	110	110	110	110	1
1830	共栄冷機工業	0	0	0	0	0
1831	積水ハ北陸	495	495	495	495	3
1833	奥村組	331	335	324	328	393
1834	小田急建	288	288	288	288	1
1835	東鉄工	211	211	205	205	15
1836	大日本土木	139	146	139	146	18
1837	間組	69	70	68	69	442
1838	古久根建設	131	132	126	132	5
1839	真柄建	181	186	180	186	13
1840	土屋ホーム	280	280	279	280	18.1
1841	サンユ	0	0	0	0	0
1842	昭和テクノ	600	600	600	600	1
1844	大盛工業	230	231	212	212	36
1845	森本組	125	125	125	125	2
1846	鈴縫工	126	126	126	126	1
1847	イチケン	115	115	115	115	2
1848	富士ＰＳ	0	0	0	0	0
1850	南海辰村建	85	85	79	79	12
1851	大木建設	195	195	180	190	17
1852	浅沼組	158	158	156	156	13
1853	森組	0	0	0	0	0
1854	新井組	150	153	150	153	18.3
1855	東急建設	67	69	66	68	133
1856	ジェイオー建設	0	0	0	0	0
1857	松村組	120	120	120	120	5
1858	井上工	62	62	62	62	4
1860	戸田建	352	354	338	347	2697
1861	熊谷組	67	68	66	68	649
1862	横河工事	341	341	341	341	1.1
1863	テトラ	209	234	209	224	18
1865	青木あすなろ建	150	150	140	140	5
1866	北野建	273	273	268	271	37
1867	植木組	185	185	177	177	4
1868	三井ホーム	405	406	398	399	34
1869	名工建	0	0	0	0	0
1870	矢作建	378	378	378	378	1
1871	ピーエス三菱	406	415	402	414	9.6
1872	アゼル	303	320	303	317	100
1873	東ハウス	447	448	440	440	42
1874	佐藤秀	156	165	156	165	3
1875	青木マリン	270	270	260	260	2
1877	川田建設	500	505	500	505	15
1878	大東建	1800	1851	1780	1851	121.9
1879	新日本建	215	215	215	215	1
1880	スルガコーポ	1300	1300	1300	1300	2
1881	ＮＩＰＰＯ	479	483	475	478	107
1882	東亜道	233	235	230	235	24
1883	前田道	460	464	457	460	168
1884	日道路	168	169	166	167	73
1885	東亜建	156	164	155	164	225
1886	青木建設	46	47	45	47	583
1888	若築建	148	151	147	150	33
1889	佐伯建	139	140	138	140	8
1890	東洋建	100	101	98	101	109
1892	徳倉建	0	0	0	0	0
1893	五洋建	134	139	134	135	236
1895	大成ロテック	171	172	170	172	44
1896	大林道	341	341	328	328	21
1897	金下建	0	0	0	0	0
1898	世紀東急	88	88	84	84	13
1899	福田組	284	284	279	280	7
1900	白石	177	177	177	177	1
1902	山崎建設	265	265	265	265	2
1904	大成温調	370	370	370	370	1
1905	テノックス	230	230	230	230	1
1906	細田工務	0	0	0	0	0
1907	東北ミサワ	530	530	530	530	2.5
1908	三平建設	0	0	0	0	0
1909	日本ドライ	331	336	330	333	39
1910	フドウ建研	210	210	200	200	2
1911	住友林	623	634	615	631	172
1912	ミサワセラミ	0	0	0	0	0
1913	旭ホームズ	0	0	0	0	0
1914	日基技	578	597	578	597	76.7
1915	東京ミサワホーム	0	0	0	0	0
1916	日成ビルド	174	174	171	171	46
1917	ニッセキハウス	215	220	198	220	2462
1919	エスバイエル	276	282	274	282	163
1920	殖産住宅相互	114	114	110	113	261
1921	巴	172	172	172	172	1
1922	大成ユーレック	92	95	90	92	33
1923	ミサワホーム	380	380	370	380	57
1924	パナホーム	560	562	545	559	534
1925	大和ハウス	750	788	740	788	1154
1926	ライト	481	487	480	487	39.5
1927	中 部	290	290	290	290	0.2
1928	積ハウス	1020	1070	1012	1062	2960
1929	日特建	186	186	186	186	37
1930	北陸電工	257	257	257	257	1
1931	日本電通	310	330	310	330	15
1932	コミュチュア	511	511	511	511	1
1933	西シス建	0	0	0	0	0
1934	ユアテック	325	330	320	323	32
1935	ＴＴＫ	291	291	288	290	13
1936	シーキューブ	290	290	288	290	2.1
1937	西部電工	310	310	310	310	3
1938	千歳電	0	0	0	0	0
1939	四電工	306	310	305	310	21
1940	つうけん	240	240	239	239	3
1941	中電工	1632	1632	1603	1604	4
1942	関電工	391	395	390	395	221
1943	大明	930	930	911	930	83
1944	きんでん	700	709	690	698	212
1945	東京エネシス	367	369	361	369	8
1946	トーエネク	370	375	368	375	19
1947	日本コムシス	1910	1973	1840	1973	387
1948	弘電社	0	0	0	0	0
1949	住友電設	590	600	590	600	5.7
1950	電設工	294	300	294	300	38
1951	協エクシオ	795	795	778	789	430
1952	新日空調	385	393	380	391	16.6
1953	国際電設	0	0	0	0	0
1954	日工営	183	190	183	189	227
1955	東電通	405	405	390	390	17
1956	日電設	436	436	430	434	19
1957	保安工	0	0	0	0	0
1958	三和エレック	286	286	285	286	22
1959	九電工	306	306	303	303	100
1960	サンテック	0	0	0	0	0
1961	三機工	461	462	447	450	203
1962	エルゴテック	183	183	183	183	1
1963	日揮	271	273	269	271	433
1964	中外炉	294	297	290	297	15
1965	テクノ菱和	416	418	416	416	4
1966	高田工	245	245	245	245	1
1967	ヤマト	367	367	356	356	7
1968	太平電	255	258	250	256	41
1969	高砂熱	624	635	624	630	53
1970	日立プラ	255	259	252	259	29
1971	ビルト工	84	85	83	83	3
1972	三晃金	120	124	120	121	23
1973	ＮＥＣシス建	1785	1785	1698	1727	59.7
1974	宮地建設工業	413	413	387	407	12
1975	朝日工	235	235	220	230	53
1976	明星工	155	156	155	156	41
1977	ジェイコス	0	0	0	0	0
1978	アタカ	271	271	265	265	8
1979	大気社	736	738	735	736	15
1980	ダイダン	464	464	445	450	8
1981	協和日成	0	0	0	0	0
1982	日比谷設	514	514	500	500	25
1983	東芝プラ	221	229	221	221	47
1984	三信建	0	0	0	0	0
1985	大和電設	301	301	301	301	2
1986	日商インター	1320	1320	1210	1250	8
1987	ソルコム	0	0	0	0	0
1988	シボンド建	1341	1355	1341	1350	61.4
1989	北陸電話	290	290	290	290	1
1990	東邦建	0	0	0	0	0
1991	都築通技	0	0	0	0	0
1992	神田通機	0	0	0	0	0
1993	ニッタン	194	194	191	193	13
1994	高橋ウォール	0	0	0	0	0
1995	鈴木工務店	0	0	0	0	0
1996	三菱建設	215	215	215	215	5
1997	暁飯島工業	0	0	0	0	0
1998	日本土建	0	0	0	0	0
2001	日本粉	260	275	260	275	254
2002	日清粉	841	879	841	879	274
2003	日東粉	210	210	207	210	3
2004	昭和産	194	195	191	195	40
2006	東福粉	105	105	105	105	4
2007	富士粉	0	0	0	0	0
2008	増田粉	186	186	186	186	1
2009	鳥越粉	400	400	392	392	9
2051	農産工	188	188	183	184	100
2052	協同飼	129	129	127	129	129
2053	中部飼	0	0	0	0	0
2055	日和産	0	0	0	0	0
2056	日配飼	137	140	135	137	123
2057	雪印種	610	610	610	610	1
2102	台糖	255	255	248	250	19
2107	東洋糖	144	145	144	145	70
2108	甜菜糖	177	185	177	185	200
2109	三井糖	192	192	189	190	27
2111	フジ製糖	191	199	191	199	2
2112	塩水糖	360	360	359	359	3
2113	新光糖	208	208	208	208	2
2114	フジ日本精糖	0	0	0	0	0
2116	日新糖	120	120	115	115	33
2201	森永	235	243	235	243	400
2202	明菓	735	746	735	745	339
2204	中村屋	266	266	263	266	54
2205	駿河屋	72	72	72	72	1
2206	グリコ	501	505	501	504	90
2207	名糖産	1021	1021	1021	1021	1
2208	ブルボン	860	880	860	880	2
2209	井村屋	0	0	0	0	0
2211	不二家	252	263	252	259	54
2212	山パン	999	999	964	984	396
2213	ナガサキヤ	0	0	0	0	0
2215	一パン	275	280	275	276	33
2216	カンロ	299	299	282	282	3
2217	モロゾフ	201	201	199	199	13
2219	タカラブネ	115	115	112	112	21
2220	亀田製菓	599	599	582	582	2
2221	岩塚製菓	0	0	0	0	0
2222	寿製菓	480	480	480	480	1
2224	コモ	1920	1920	1890	1890	7
2261	明乳	601	609	598	609	631
2262	雪印	447	459	447	454	582
2264	森永乳	300	305	297	301	289
2266	六甲バタ	278	278	278	278	1
2267	ヤクルト	902	910	901	909	203
2268	サーティワン	0	0	0	0	0
2281	プリマ	145	151	143	150	264
2282	日ハム	1191	1220	1183	1185	571
2284	伊藤ハ	423	431	423	428	695
2286	林兼	140	144	139	144	59
2287	雪印食品	240	240	231	231	12
2288	丸大食	196	197	194	196	177
2289	相模ハム	0	0	0	0	0
2290	米久	1150	1169	1150	1160	33.5
2291	福留ハ	170	170	169	169	2
2292	ＳＦＯＯＤＳ	830	830	830	830	2
2293	滝沢ハム	680	680	680	680	1
2294	柿安本店	980	980	980	980	1
2501	サッポロＨＤ	454	465	453	465	633
2502	アサヒ	1100	1128	1099	1120	2188
2503	キリン	1321	1375	1320	1375	898
2531	宝ＨＤ	2435	2570	2435	2570	974
2533	オエノンＨＤ	278	278	269	270	18
2536	メルシャン	399	433	398	420	1067
2538	マルキン忠勇	149	155	148	155	4
2540	養命酒	698	710	698	705	13
2541	ニッカ	291	292	290	290	9
2571	中京コカ	1070	1070	1050	1059	62
2572	三国コカ	1530	1530	1490	1498	186
2573	北海コカ	1240	1240	1240	1240	2
2575	三笠コカ	898	898	897	898	5
2576	近畿コカ	1390	1395	1350	1380	20
2577	富士コカ	1150	1150	1130	1130	47
2578	四国コカ	1298	1298	1290	1290	5.3
2579	コカウエスト	2860	2860	2785	2785	66.9
2591	カルピス	545	547	540	543	36
2592	ポッカ	487	491	482	485	35
2593	伊藤園	11250	11450	11150	11230	110.2
2594	キーコーヒー	1430	1430	1390	1406	6.2
2595	キリンビバ	2140	2390	2135	2360	111
2596	キューサイ	6600	6700	6570	6700	23.3
2597	ユニカフェ	2960	2960	2800	2800	4.9
2598	アサヒ飲料	1150	1150	1121	1139	85.5
2601	ホーネンコーポ	194	202	194	202	199
2602	日清オイリオ	372	374	367	374	318
2604	吉原製油	241	241	240	240	2
2605	熊沢製油	0	0	0	0	0
2607	不二油	723	730	722	729	46
2608	ボーソー	0	0	0	0	0
2611	摂津油	0	0	0	0	0
2612	かどや製油	800	800	780	780	6
2801	キッコマン	778	790	778	790	239
2802	味の素	1289	1334	1285	1334	883
2804	ブルドック	0	0	0	0	0
2805	エスビー	590	590	590	590	1
2806	ユタカフーズ	0	0	0	0	0
2808	サンビシ	300	300	300	300	8
2809	キユーピー	750	770	746	770	376
2810	ハウス食品	1485	1508	1481	1508	180
2811	カゴメ	973	973	960	970	50
2812	焼津水化	1549	1550	1540	1550	5
2813	和弘食品	136	136	136	136	4
2814	佐藤食品	960	960	960	960	1
2815	アリアケ	6200	6200	6000	6080	19
2816	ダイショー	721	721	721	721	1
2817	ギャバン	500	500	500	500	4
2830	アヲハタ	0	0	0	0	0
2831	はごろも	1211	1220	1201	1201	6
2871	ニチレイ	315	325	315	325	548
2872	セイヒョー	0	0	0	0	0
2873	加ト吉	2175	2185	2145	2180	21
2874	ヨコレイ	567	567	554	554	32
2875	東洋水	782	809	781	809	106
2876	ＪＣコムサ	0	0	0	0	0
2877	日東ベスト	0	0	0	0	0
2878	赤城水産	380	380	380	380	5
2879	ニチロサンフズ	490	515	490	515	2
2891	酵母工	601	605	590	590	25
2892	日食品	315	315	315	315	1
2893	ローマイヤ	135	135	135	135	2
2894	石井食	275	275	275	275	1
2897	日清食	2350	2445	2350	2445	173.1
2898	ソントン	0	0	0	0	0
2899	永谷園	932	935	932	935	13
2900	明星食	241	241	236	240	14
2901	石垣食	0	0	0	0	0
2902	太陽化	0	0	0	0	0
2903	シノブフズ	155	156	155	156	4
2904	一正蒲鉾	0	0	0	0	0
2905	オーケー食	111	111	110	110	16
2906	ホッコク	0	0	0	0	0
2907	あじかん	0	0	0	0	0
2908	フジッコ	1780	1800	1725	1800	32
2909	トオカツフズ	273	279	273	279	4
2910	Ｒフィールド	5100	5250	5000	5050	36.8
2911	旭松食品	0	0	0	0	0
2912	鐘崎	260	260	260	260	1
2913	フジフーズ	260	263	260	263	3
2914	ＪＴ	710000	710000	690000	698000	3.908
2915	ケンコーマヨ	446	450	446	450	2
2916	仙波糖化	0	0	0	0	0
2917	大森屋	705	710	705	710	2
2918	わらべ日洋	1060	1099	1060	1060	6
2920	ケイビー	1300	1300	1280	1300	6
2921	フクシマフズ	720	720	680	680	2
2922	なとり	0	0	0	0	0
3001	片倉	505	520	505	510	15
3002	グンゼ	321	349	321	340	8638
3003	昭栄	921	921	920	920	16
3004	神栄	139	140	135	140	21
3007	神戸生絲	63	67	62	67	41
3009	川島織	113	113	111	111	43
3010	上毛	690	690	670	689	36
3011	バナーズ	0	0	0	0	0
3101	東洋紡	163	164	157	163	3206
3102	カネボウ	197	199	193	195	1450
3103	ユニチカ	79	81	78	81	509
3104	富士紡Ｈ	106	111	105	110	276
3105	日清紡	526	570	525	565	1818
3106	クラボウ	147	150	147	148	499
3107	ダイワボウ	116	117	115	116	97
3109	シキボウ	80	83	80	82	51
3110	日東紡	149	150	146	148	811
3111	オーミケン	70	73	70	70	15
3113	ＢＳＬ	95	105	94	103	129
3114	同興紡	113	113	113	113	4
3115	テザック	68	69	68	69	23
3116	トヨタ紡織	770	770	757	757	9
3117	興和紡	0	0	0	0	0
3121	アセットイン	0	0	0	0	0
3123	サイボー	640	640	640	640	1
3125	内外綿	71	73	71	72	8
3128	テラボウ	0	0	0	0	0
3129	ファブリカＴ	132	132	132	132	2
3201	日毛	386	393	385	393	116
3202	大東紡	102	105	100	105	24
3203	東亜紡織	100	101	100	101	16
3205	ダイドー	200	200	199	200	45
3206	南海毛糸紡績	104	107	104	107	8
3207	中央毛	158	158	150	157	12
3209	カネヨウ	130	130	130	130	1
3211	太陽毛絲紡	119	120	119	120	4
3216	御幸ＨＤ	450	459	445	445	14
3302	帝繊維	235	238	220	224	55
3304	トスコ	125	150	125	148	89
3306	日本麻	72	72	68	70	18
3401	帝人	468	468	456	463	1299
3402	東レ	399	404	390	398	2265
3403	東邦テナ	183	195	183	195	421
3404	三菱レ	279	280	272	277	1408
3405	クラレ	935	935	927	932	1276
3407	旭化成	705	714	696	709	1646
3408	サカイオーベ	84	87	83	87	84
3409	北日紡	0	0	0	0	0
3411	オートリ	165	165	165	165	2
3420	ケーエフシー	0	0	0	0	0
3421	稲葉製作	1010	1030	1010	1010	34.4
3422	丸順	430	430	430	430	1
3423	エスイー	620	620	600	605	5
3501	住江織	139	140	138	139	32
3503	東和織	54	54	54	54	2
3512	フエルト	311	311	300	304	28
3513	イチカワ	197	198	192	192	14
3514	バイリーン	231	238	230	238	81
3515	フジコー	0	0	0	0	0
3521	エコナック	120	120	116	116	90
3524	日東網	107	107	105	106	19
3526	芦森工	234	235	227	232	80
3528	グローベルス	113	120	112	120	142
3529	アツギ	120	122	120	121	337
3532	堀田産	66	66	66	66	6
3533	ダイオ化成	590	590	590	590	1
3534	ＮＢＣ	0	0	0	0	0
3551	ダイニック	185	188	185	187	31
3552	洋クロス	163	165	162	162	9
3553	共和レ	467	492	452	492	10
3569	セーレン	280	282	280	282	23
3570	オリカキャピ	130	135	130	135	27
3571	ソトー	460	460	460	460	6
3572	大同マルタ	61	61	61	61	10
3576	カンボウ	98	98	98	98	2
3577	東海染	147	149	147	149	11
3578	倉庫精	124	125	124	125	9
3580	小松精	350	350	340	340	28
3581	岐セン	0	0	0	0	0
3583	オーベクス	0	0	0	0	0
3584	福助	168	177	168	177	13
3585	トムスエンタ	495	504	488	488	110
3587	ＩＢダイワ	305	340	305	330	43
3588	丸山工	166	166	166	166	1
3591	ワコール	920	920	905	916	86
3592	ＣＨＯＹＡ	222	222	220	220	12
3593	ホギメデ	7200	7200	7060	7160	16.3
3594	モリシタ	0	0	0	0	0
3595	ヤギコーポ	0	0	0	0	0
3596	ワールド	7050	7090	6850	7060	109.2
3597	自重堂	0	0	0	0	0
3598	山喜	0	0	0	0	0
3599	コーコス	697	697	697	697	2
3600	フジックス	437	437	437	437	1
3601	ニチメンイン	1750	1760	1720	1750	8.6
3602	イタリヤード	0	0	0	0	0
3603	チャッコット	615	615	615	615	1
3706	東海パ	410	413	410	410	11
3861	王子紙	695	705	680	705	2464
3863	日本製紙	725	748	723	748	1695
3864	三菱紙	160	161	157	161	388
3865	北越紙	847	886	840	886	684
3868	高崎三興	93	94	91	94	69
3869	日本板紙	315	315	302	312	25
3870	日本加工製紙	88	89	86	89	34
3871	大昭和紙	495	511	495	511	89
3872	三島紙	0	0	0	0	0
3877	中越パ	210	215	205	215	82
3878	巴川紙	487	495	481	495	11
3880	大王紙	741	759	732	759	28
3881	特種紙	473	475	465	468	95
3882	紀州紙	181	181	181	181	1
3886	チューエツ	102	102	102	102	2
3887	中央板紙	106	110	106	110	18
3889	大平製紙	0	0	0	0	0
3890	ゼネＫＫ	625	625	625	625	10
3891	高度紙	1840	1840	1800	1830	11
3941	レンゴー	614	614	603	607	721
3944	古林紙	0	0	0	0	0
3945	スパバッグ	186	186	186	186	2
3946	トーモク	201	203	199	202	72
3947	ダイナパック	450	455	450	450	10
3948	光ビジネス	0	0	0	0	0
3949	日本ハイパック	291	291	290	290	11
3950	ザ・パック	0	0	0	0	0
3951	朝日印刷	0	0	0	0	0
3952	中央紙器	0	0	0	0	0
3953	大村紙業	0	0	0	0	0
3954	昭和パックス	506	525	500	525	8
3971	東セロ	270	270	270	270	2
4003	コープケミ	110	115	105	113	54
4004	昭電工	146	151	144	151	1302
4005	住友化学	525	543	523	537	2684
4007	日化成	175	180	174	180	101
4008	住友精化	275	275	270	275	40
4010	三菱化学	440	453	436	453	4349
4021	日産化	605	628	601	628	1218
4022	ラサ工	349	362	345	362	355
4023	呉羽化	289	292	288	288	180
4025	多木化	341	368	341	368	7
4026	神島化	305	306	305	306	3
4027	テイカ	269	269	261	264	39
4028	石原産	169	170	162	167	1211
4031	チッカリン	412	413	412	413	7
4032	日東バイオン	192	192	192	192	3
4033	日東エフシー	0	0	0	0	0
4041	日曹達	282	283	278	280	545
4042	東ソー	556	613	555	611	4197
4043	トクヤマ	535	563	525	552	1152
4044	セ硝子	250	256	240	255	457
4045	東合成	190	195	188	195	648
4046	ダイソー	200	200	196	200	5
4047	関電化	332	340	326	340	48
4050	鶴見曹達	371	371	363	363	6
4061	電化	369	386	360	386	2264
4062	イビデン	1520	1530	1494	1500	431
4063	信越化	6050	6340	6050	6340	627
4064	カーバイド	180	182	179	182	213
4065	紀文フ	433	433	420	420	41
4077	富士チタン工業	565	570	565	570	10
4078	堺化学	787	796	784	793	212
4079	ハクスイテック	2050	2050	2050	2050	0.5
4080	田中化研	0	0	0	0	0
4086	日本エア・リキード	305	307	301	304	28
4088	エアウォータ	292	307	292	307	326
4089	大阪酸素工業	180	180	180	180	4
4091	大陽日酸	299	299	292	292	130
4092	日本化	308	317	306	317	266
4093	アセチレン	110	110	108	108	26
4094	日化産	307	307	305	305	11
4095	パーカライ	315	317	315	317	41
4096	昭炭酸	285	285	285	285	7
4097	高圧ガス	311	311	305	309	46
4098	チタン	146	155	146	150	10
4099	四国化	317	319	317	318	5
4100	戸田工	445	450	435	441	59
4101	日興酸素	0	0	0	0	0
4102	丸尾カル	218	218	218	218	1
4103	大陽東洋酸素	188	191	188	190	26
4104	タテホ	196	196	195	195	10
4105	メルテックス	690	690	680	680	3
4106	ケムキャット	1190	1190	1190	1190	2
4107	伊勢化	379	379	370	370	9
4109	ステラケミ	8570	8690	8450	8640	10
4112	保土谷	171	172	167	172	35
4113	田岡化	270	270	246	266	5
4114	日触媒	446	452	444	450	479
4115	本州化	622	622	620	620	18
4116	大日精	366	375	365	375	18
4117	川崎化	141	141	137	138	14
4118	カネカ	1313	1330	1312	1327	706
4119	ピグメント	225	226	224	224	11
4120	スガイ	325	325	325	325	5
4123	山化成	905	905	905	905	1
4151	協発酵	1149	1150	1099	1122	2164
4182	菱ガス化	286	297	283	291	1996
4183	三井化学	767	787	759	787	2032
4185	ＪＳＲ	815	850	810	840	533
4186	東応化	2280	2325	2255	2255	95.6
4187	大有機	0	0	0	0	0
4201	日合成	182	188	182	188	208
4202	ダイセル	343	347	340	342	533
4203	住友ベ	1115	1159	1115	1159	933
4204	積水化	413	432	410	430	2014
4205	ゼオン	571	579	561	566	580
4206	アイカ	740	747	731	745	50
4208	宇部興	228	234	223	230	1308
4209	フドー	122	122	122	122	3
4210	東洋化学	436	449	432	449	67
4212	積水樹	393	393	382	385	45
4213	菱樹脂	166	169	164	169	105
4214	高分子	386	386	370	380	119
4215	タキロン	440	442	435	442	91
4216	旭有機	305	307	301	304	46
4217	日立化	2610	2610	2520	2575	122
4218	ニチバン	390	392	388	388	22
4219	プラス・テク	0	0	0	0	0
4220	リケンテクノ	352	355	351	355	25
4221	大倉工	370	370	361	365	66
4222	児玉化	85	86	85	86	12
4224	ロンシール	85	85	85	85	1
4225	筒中	330	333	327	333	74
4226	テスコ	0	0	0	0	0
4227	郡是高分子	0	0	0	0	0
4228	積化成	190	190	186	189	79
4229	群栄化	165	165	161	164	53
4231	タイガポリ	620	620	610	610	5
4232	東芝ケミカル	371	379	371	371	24
4233	ワコー	509	510	500	500	3
4271	カーリット	731	764	731	764	10
4272	日化薬	540	558	534	558	282
4274	細火工	210	210	210	210	5
4361	川口化	160	160	160	160	1
4362	日精化	401	401	398	398	3
4363	新日鐵化学	179	179	170	179	138
4364	マナック	500	500	500	500	2
4365	松本油脂	2230	2230	2180	2180	3
4366	ダイトーケミ	831	831	831	831	1
4367	広栄化学	0	0	0	0	0
4401	旭電化	818	823	805	823	272
4403	日油脂	270	280	268	280	786
4404	ミヨシ	265	265	262	265	41
4406	日理化	590	607	580	597	10
4409	東邦化	203	203	198	200	32
4410	ハリマ化成	391	395	390	390	21
4452	花王	3400	3450	3310	3360	1681
4461	一工薬	350	353	341	352	15
4462	石原薬品	0	0	0	0	0
4463	日華化学	305	305	305	305	25
4471	三洋化	1001	1003	983	990	163
4501	三共	2810	2920	2810	2920	1292
4502	武田	7500	7530	7380	7500	1638
4503	アステラス薬	5810	5930	5800	5920	1071
4505	第一製薬	1650	1650	1629	1645	494
4506	大日薬	858	879	848	879	797
4507	塩野義	1860	1900	1856	1870	466
4508	田辺薬	650	652	635	652	489
4509	三菱ウェルファーマ	1600	1618	1561	1613	465
4511	藤沢薬品	3700	3780	3700	3780	992
4512	わかもと	503	519	502	519	13
4514	帝臓器	835	849	830	830	4
4515	萬有製薬	1935	1999	1916	1989	378
4516	日新薬	685	700	681	700	35
4517	ビオフェル	900	901	900	900	10.5
4518	富山化	455	460	437	440	411
4519	中外薬	1995	2040	1995	2020	432
4520	和光堂	3600	3600	3600	3600	0.1
4521	科研薬	648	650	646	650	192
4523	エーザイ	2695	2800	2680	2760	630
4524	仁丹	889	889	889	889	1
4526	理ビタ	1337	1365	1337	1360	71
4527	ロート	785	789	775	789	18
4528	小野薬	3880	3980	3860	3980	273
4529	日研化	400	401	398	398	17
4530	久光薬	1590	1721	1590	1706	256
4531	有機薬	500	500	500	500	9
4534	持田薬	715	715	686	699	497
4535	大正薬	3720	3770	3670	3700	247
4536	参天薬	2320	2360	2280	2280	575
4537	エスエス	1100	1110	1100	1101	38
4538	扶桑薬	575	595	575	584	28
4539	ケミファ	280	281	276	280	32
4540	ツムラ	400	401	396	400	35
4541	日医工	194	195	194	195	5
4542	三笠薬	396	397	396	396	7
4543	テルモ	3060	3080	2995	3040	344
4544	みらかＨＤ	580	598	573	591	28
4545	国際試薬	414	414	390	390	25
4546	北陸製薬	949	950	920	940	30
4547	キッセイ	1791	1791	1720	1770	34
4548	生化学	1470	1470	1450	1450	21
4549	栄研化	1150	1350	1150	1350	173
4550	日水薬	630	632	630	632	8
4551	鳥居薬	2430	2475	2430	2475	11.1
4552	日本ケミカル	835	835	831	831	8
4553	東和薬品	1090	1090	1070	1090	14
4554	富士製薬	379	379	375	375	12
4555	沢井製薬	1310	1310	1300	1310	6
4556	カイノス	800	805	799	800	24
4557	医学生物	7600	7600	7200	7300	31
4558	中京医薬	1350	1350	1350	1350	0.5
4559	ゼリア新薬	1264	1270	1251	1268	30
4560	キョーリン薬	5400	5700	5110	5700	127
4561	デンカ生研	2420	2430	2350	2380	11
4611	大日塗	195	209	195	209	244
4612	日本ペ	263	265	260	262	264
4613	関西ペ	262	265	257	259	217
4614	トウペ	155	155	155	155	1
4615	神東塗	105	105	105	105	2
4616	川上塗	0	0	0	0	0
4617	中国塗	220	234	220	233	47
4619	日特塗	277	277	261	261	34
4620	藤倉化	519	519	515	518	36
4621	ロック	0	0	0	0	0
4622	ユニペイン	0	0	0	0	0
4623	アサヒペン	296	296	292	292	12
4624	イサム	410	410	410	410	2
4625	アトミクス	300	350	300	349	14
4626	太陽インキ	7700	7900	7700	7850	31.6
4627	ナトコ	970	1000	970	1000	9
4628	エスケー化研	2100	2200	2100	2160	6
4629	大伸化学	0	0	0	0	0
4631	インキ	421	429	420	426	944
4633	サカタＩＮＸ	285	287	280	287	15
4634	洋インキ	210	211	207	207	244
4635	東インキ	0	0	0	0	0
4636	Ｔ＆Ｋ	2900	2900	2850	2850	11.5
4640	アンドール	438	440	437	440	4
4641	アルプス技	1600	1630	1590	1630	17
4642	オリジナル設	1300	1300	1300	1300	1
4643	コナミスポ	7960	8100	7960	8020	9.4
4644	イマジニア	3040	3060	3000	3010	9.2
4645	市進	0	0	0	0	0
4646	ジャスフォート	0	0	0	0	0
4649	大成	0	0	0	0	0
4650	スガイエンタ	608	608	608	608	0.7
4651	サニックス	6990	6990	6700	6920	18.6
4652	ウッドランド	4100	4100	3900	4040	4
4653	ダイオーズ	0	0	0	0	0
4654	ニチゾウテク	325	325	325	325	2
4655	ＮＯＶＡ	970	980	940	940	20
4656	サン・ライフ	2890	2890	2890	2890	0.1
4657	環境管理	1150	1150	1150	1150	1
4658	日本空調	0	0	0	0	0
4659	エイジス	1400	1400	1400	1400	4
4660	ニッポン放送	7600	7600	7060	7300	12
4661	ＯＬＣ	11150	11300	11000	11300	64.1
4662	フォーカス	3700	3800	3670	3690	21
4663	ＡＴＬ	1370000	1400000	1330000	1330000	0.016
4664	ＲＳＣ	0	0	0	0	0
4666	パーク２４	12400	12400	11200	11700	21.7
4667	アイサンテク	320	330	320	330	4
4668	明光ネット	470	470	465	465	5
4669	ニッパンＲ	0	0	0	0	0
4670	セタ	0	0	0	0	0
4671	ファルコバ	3300	3310	3270	3270	15
4672	ベルックス	0	0	0	0	0
4673	川崎地質	0	0	0	0	0
4674	クレスコ	10800	10800	10500	10600	7.1
4675	エヌエス環境	0	0	0	0	0
4676	フジテレビ	1720000	1740000	1630000	1730000	4.004
4677	デザイ	800	800	800	800	1
4678	秀英	1300	1300	1270	1270	2
4679	田谷	1900	1950	1900	1950	3
4680	ラウンドワン	668000	689000	631000	650000	1.325
4681	リゾートトラ	2790	2870	2790	2850	7.5
4682	電通テック	14400	14400	13300	13500	10.9
4683	堀内カラー	678	678	678	678	6
4684	オービック	70800	70800	66400	66400	22.7
4685	菱友システム	650	655	650	655	8
4686	ジャスト	5300	5380	5000	5280	64.1
4687	ＴＤＣソフト	3890	3900	3830	3830	2.2
4688	日本ドレーク	27200	28900	26600	28900	5.8
4689	ヤフー	48500000	50300000	48000000	49950000	0.042
4690	日パレット	240	240	240	240	1
4692	アルゴ２１	4100	4100	3900	3930	14
4694	ＢＭＬ	4600	4650	4590	4590	14
4695	マイスター	780	780	780	780	3
4696	ワタベ	1215	1230	1215	1230	2
4697	ゼロ	3830000	3830000	3650000	3700000	0.026
4699	ウチダエスコ	0	0	0	0	0
4700	アクセス	13500000	13500000	13200000	13400000	0.034
4701	プレック研	695	695	680	685	5
4702	55ステーション	0	0	0	0	0
4703	住商オート	810	830	810	830	19
4704	トレンド	15800	16200	15800	15800	210
4705	クリップ	265	265	261	261	5
4706	富士通サポート	14500	14800	13490	14350	227.3
4707	キタック	480	480	480	480	2
4708	もしもしＨＬ	15500	15500	14500	14600	15.3
4709	ＩＤ	1350	1350	1350	1350	2
4710	ウィン	323	323	322	322	3
4711	コミュニティ	1332	1380	1330	1380	7.6
4712	アドアーズ	450	450	425	425	3
4713	日信電サ	0	0	0	0	0
4714	リソー教育	236000	239000	225000	225000	0.022
4715	クリエイティブ	0	0	0	0	0
4716	日本オラクル	82200	82500	81200	82200	175.4
4717	ソデッソジャパン	2440	2490	2400	2490	5
4718	早稲アカ	440	445	440	445	14
4719	アルファシス	21800	22900	21500	22900	23.9
4720	城南進研	735	735	720	725	8
4721	フジスタッフ	4850	4850	4800	4850	5
4722	フューチャー	33300000	33300000	30450000	32500000	0.013
4723	グッドウィル	2000000	2000000	1830000	1830000	0.334
4724	シチエ	1120	1120	1100	1100	5
4725	ＣＡＣ	6800	6900	6750	6810	106
4726	ソフトバンテク	33500	34000	30500	32500	6
4727	アジアＳ総研	4590	4590	4590	4590	0.2
4728	トーセ	8300	8300	7700	8250	15
4729	コナミスタジオ	5750000	5750000	5500000	5500000	0.006
4730	関西メンテ	790	820	790	820	9
4731	ユニバホーム	1520000	1580000	1500000	1580000	0.017
4732	ＵＳＳ	4020	4060	3950	4000	70
4733	ＯＢＣ	49900	50000	48000	49500	7.5
4734	ビーイング	2250	2250	2240	2250	5
4735	京進	451	451	450	450	5
4736	日本ラッド	2290	2290	2290	2290	2
4737	シダックス	1700	1800	1670	1740	77
4738	日立ビジネス	2475	2475	2425	2425	19
4739	ＣＴＣ	97500	97900	94500	97000	76.9
4740	ニューディル	3590000	3700000	3450000	3600000	0.037
4741	ＩＲＩ	14700000	15000000	14500000	14590000	0.065
4743	アイティフォ	7000	7000	6700	6700	6
4744	メッツ	2780000	2800000	2720000	2800000	0.008
4745	東京個別	7000	7000	6400	6700	29
4746	東計電算	1740	1750	1700	1750	7
4747	Ｃフィッシュ	13600000	13600000	13400000	13400000	0.008
4748	構造計画	2800	2800	2800	2800	5
4749	アドバックス	530	530	500	500	10
4750	ダイサン	362	375	362	375	5
4751	サイバエージ	11690000	11690000	10500000	10700000	0.01
4752	昭和システム	1090	1130	1000	1070	256
4753	ライブドア	5610000	5610000	5060000	5250000	0.077
4901	富士写	4440	4590	4430	4540	1204
4902	コニカＨＤ	526	535	521	528	3740
4911	資生堂	1430	1470	1416	1468	765
4912	ライオン	408	415	406	415	203
4913	サンスター	350	350	347	347	4
4914	高砂香	430	435	428	429	116
4915	エイボンＪ	230	230	230	230	4
4916	ノエビア	0	0	0	0	0
4917	マンダム	1720	1740	1700	1710	78
4918	アイビー	500	500	500	500	2
4919	ミルボン	6550	6550	6550	6550	1
4920	日本色材	420	420	420	420	4
4921	ファンケル	15900	16000	15440	15690	52.9
4922	コーセー	2500	2500	2300	2300	5
4951	エステー化	556	558	552	558	12
4953	タイホー工業	330	330	291	291	42
4954	マークテック	370	375	370	375	5
4955	アグロカネシ	670	670	670	670	1
4956	コニシ	1167	1167	1134	1135	3.6
4957	ヤスハラケミ	0	0	0	0	0
4958	長谷川香料	1770	1790	1710	1715	5.9
4959	シーシーアイ	0	0	0	0	0
4960	ケミプロ	476	476	476	476	2
4961	日油技研	699	699	680	680	2
4963	星光ＰＭＣ	0	0	0	0	0
4964	星光化学工業	0	0	0	0	0
4965	曽田香料	0	0	0	0	0
4966	上村工	1976	1985	1976	1985	18
4967	小林製薬	11380	11380	11290	11300	11
4968	荒川化工	860	860	850	850	5
4970	東洋合成	1300	1470	1280	1450	72
4987	寺岡製	681	681	680	680	7
4989	イハラケミ	231	234	231	234	28
4990	昭和化	290	290	282	282	4
4992	北興化	360	360	352	360	32
4996	クミアイ化	197	198	192	196	39
4997	日農薬	215	222	215	221	17
4998	フマキラ	215	215	213	213	9
4999	セメダイン	0	0	0	0	0
5001	新日本石油	371	374	363	373	3461
5002	昭和シェル	457	463	450	460	354
5005	東  燃	650	686	638	686	527
5006	興亜石油	283	289	283	289	77
5007	コスモ石	141	143	140	143	407
5008	東亜石	115	117	115	117	7
5009	富士興	75	76	75	75	19
5010	日精蝋	91	91	91	91	1
5011	ニチレキ	432	435	429	429	16
5012	東燃ゼネ石	248	248	240	244	797
5013	ユシロ	465	465	460	460	8
5014	ジャパンエナジー	106	107	103	105	3345
5015	ＢＰカスト	601	602	591	591	6
5101	浜ゴム	291	291	280	288	1062
5102	大機エンジ	0	0	0	0	0
5103	昭ゴム	165	165	160	161	46
5104	日東化工	101	102	101	102	6
5105	洋ゴム	153	157	153	157	362
5106	オーツタイヤ	183	187	183	187	5
5108	ブリヂストン	2350	2400	2290	2400	1409
5110	住友ゴ	549	605	549	601	1034
5121	藤ゴム	215	215	212	215	5
5122	オカモト	238	239	236	239	46
5123	ミサワ東洋	139	145	139	145	8
5142	アキレス	173	185	171	185	327
5143	世界長	228	228	210	214	204
5161	西川ゴム	0	0	0	0	0
5162	朝日ラバー	1340	1360	1320	1350	12
5184	ニチリン	275	275	275	275	1
5185	フコク	620	620	620	620	1
5186	ニッタ	885	930	885	930	27.2
5187	クリエート	830	830	790	790	8
5188	帝都ゴム	0	0	0	0	0
5189	桜ゴム	0	0	0	0	0
5191	東海ゴ	875	875	860	870	80
5192	三星ベ	285	288	276	278	59
5193	平成ポリマー	102	102	100	100	12
5194	相模ゴ	600	600	600	600	1
5195	バンドー	238	238	235	238	142
5196	鬼ゴム	82	92	82	92	89
5199	不二ラテ	0	0	0	0	0
5201	旭硝子	958	983	947	955	6660
5202	板硝子	1150	1169	1137	1169	2424
5204	石塚硝	191	192	191	191	5
5205	日本無機	365	370	359	370	22
5208	有沢製	2655	2700	2650	2700	23
5210	日山村硝	211	213	203	213	178
5212	不二硝	0	0	0	0	0
5213	芝セラミ	713	736	702	725	1188
5214	日電硝	2070	2110	2045	2080	1370
5215	旭テクノグラス	860	860	821	839	27
5216	倉元	1600	1650	1600	1650	4.2
5217	テクノクオツ	2410	2410	2410	2410	1
5232	住友大阪	410	443	410	441	6568
5233	太平洋セメ	168	169	166	169	2606
5234	デイ・シイ	151	151	150	150	3
5237	ノザワ	87	87	87	87	3
5261	ミサワリゾ	250	250	250	250	8
5262	日ヒューム	255	257	245	245	28
5266	テイヒュー	0	0	0	0	0
5267	ハネックス	116	118	116	118	8
5268	旭コン	322	322	322	322	4
5269	日コン	112	112	111	112	13
5271	トヨアサノ	0	0	0	0	0
5272	浅野スレ	82	82	78	78	10
5273	三谷セキ	246	246	246	246	1
5274	ゼニパイプ	0	0	0	0	0
5276	石建工	483	485	480	480	3
5277	スパンクリト	275	280	275	280	8
5278	エバタ	0	0	0	0	0
5279	日本興業	0	0	0	0	0
5280	ヨシコン	0	0	0	0	0
5281	旭ダンケ	0	0	0	0	0
5282	ジオスター	0	0	0	0	0
5283	高見沢	0	0	0	0	0
5284	ヤマウ	0	0	0	0	0
5285	ヤマックス	251	251	251	251	2
5286	武井工業	0	0	0	0	0
5287	イトヨーギョ	0	0	0	0	0
5301	東海カ	242	246	236	242	1185
5302	カーボン	142	145	141	145	295
5304	エスイ−シ−	215	215	215	215	2
5331	ノリタケ	510	529	506	529	404
5332	ＴＯＴＯ	738	740	708	730	2367
5333	ガイシ	1010	1039	985	1039	2752
5334	特殊陶	1225	1240	1211	1212	504
5336	INAX	595	612	595	605	1043
5337	ダントー	360	360	346	346	35
5338	大トー	290	290	290	290	5
5341	アサヒ陶	0	0	0	0	0
5342	ジャニス	0	0	0	0	0
5343	ニッコー	365	365	350	350	3
5344	ＭＡＲＵＷＡ	2550	2550	2500	2505	5.8
5351	白煉瓦	349	356	343	356	287
5352	黒崎	170	180	170	177	124
5355	ルツボ	125	125	125	125	3
5356	美濃窯	234	234	234	234	3
5357	ヨータイ	171	171	170	170	6
5358	イソライト	176	183	176	183	2
5361	東海熱	730	749	710	720	517
5362	九州耐	0	0	0	0	0
5363	ＴＹＫ	190	190	188	190	22
5367	ニッカトー	910	950	910	930	57
5382	中央商事	0	0	0	0	0
5383	三共理化	0	0	0	0	0
5384	フジミインコ	3840	3970	3840	3950	13.5
5386	鶴弥	0	0	0	0	0
5387	チヨダウーテ	930	930	925	925	4
5388	クニミネ	0	0	0	0	0
5389	日レヂボン	0	0	0	0	0
5390	宇部マテリア	165	165	160	160	2
5391	Ａ＆ＡＭ	112	120	112	114	27
5393	ニチアス	190	197	190	197	168
5395	コランダム	174	174	174	174	10
5397	ＭＩＥテクノ	0	0	0	0	0
5398	日研紙	0	0	0	0	0
5401	新日鉄	259	265	259	264	17131
5403	川崎製鉄	186	194	183	194	11238
5404	日本鋼管	70	75	70	75	12176
5405	住金	76	84	76	83	10528
5406	神戸鋼	70	74	70	74	2769
5407	日新鋼	121	128	120	127	2125
5408	中山鋼	162	169	161	168	76
5410	合同鉄	99	100	98	100	228
5423	東京製鉄	295	301	295	301	82
5443	東洋製鋼	57	57	56	56	26
5444	大和工	410	410	390	395	275
5445	東京鉄	85	88	85	87	37
5446	北越メ	0	0	0	0	0
5448	東京鋼鉄	60	60	60	60	1
5449	大阪製鉄	431	432	431	432	5.4
5451	淀川鋼	288	293	286	293	113
5453	洋鋼鈑	391	400	386	396	125
5454	日鉄鋼板	229	234	225	233	161
5457	住友鋼管	332	338	332	338	66
5458	高砂鉄	118	118	117	117	13
5461	中部鋼	0	0	0	0	0
5462	日鉄鋼管	0	0	0	0	0
5463	丸一管	1205	1205	1200	1205	68
5464	モリ工	250	255	248	255	10
5471	大同特鋼	192	199	191	197	1236
5476	高周波	83	86	83	83	56
5479	日金工	105	109	103	109	241
5480	冶金工	92	95	92	95	337
5481	山陽鋼	148	150	147	150	155
5482	愛知鋼	347	347	342	343	95
5484	東北鋼	475	475	475	475	1
5486	日立金	850	874	850	857	1172
5491	日金属	114	116	108	110	167
5541	大平金	225	225	219	225	499
5542	報国鉄	0	0	0	0	0
5562	日本重化学	134	135	132	134	363
5563	日本電工	229	230	221	228	1543
5566	中央電	227	228	210	210	4
5602	栗本鉄	265	272	261	272	22
5603	虹技	150	150	148	148	4
5605	自動鋳	75	75	75	75	9
5606	旭テック	153	155	153	153	35
5607	中可鍛	0	0	0	0	0
5608	川口金	245	249	245	249	3
5609	日鋳造	92	95	92	95	3
5610	大和重	119	120	119	120	8
5612	鋳鉄管	210	211	210	211	9
5613	日本カタン	250	250	250	250	1
5631	日製鋼	116	118	116	118	331
5632	菱製鋼	97	98	95	98	219
5633	関東特殊製鋼	82	82	79	81	41
5641	ＴＤＦ	0	0	0	0	0
5642	日本鍛工	0	0	0	0	0
5644	メタルアート	99	100	91	91	5
5645	イチタン	125	128	125	128	2
5657	鈴木金	147	165	146	163	7
5658	日亜鋼	440	440	438	438	30
5659	日精線	220	220	220	220	3
5660	神鋼線	90	90	90	90	29
5691	東京シヤリング	81	81	81	81	2
5694	大和綱帯	0	0	0	0	0
5695	パウダテック	415	415	415	415	1
5696	川鉄鋼板	0	0	0	0	0
5697	サンユウ	0	0	0	0	0
5701	日軽金	88	89	87	89	758
5702	大紀ア	169	169	160	160	16
5706	三井金	620	635	620	630	1345
5707	東邦鉛	229	232	225	232	335
5711	三菱マ	380	384	376	381	3280
5713	住友鉱	363	373	355	373	2447
5714	同和鉱	278	296	278	296	1033
5715	古河機金	242	245	237	242	3034
5716	日鉱金属	827	855	825	845	297
5721	Ｓサイエンス	1220	1240	1150	1220	1693
5727	邦チタ	462	462	461	461	3
5728	アライドマテリアル	1067	1067	1022	1022	15
5729	日精鉱	196	196	193	193	6
5734	昭和アルミ	128	128	127	127	108
5738	住軽金	84	85	82	85	114
5739	日製箔	141	141	140	140	5
5740	九州不二サッシ	251	251	250	250	5
5753	日伸銅	65	65	65	65	2
5756	東海アルミ箔	58	70	58	70	139
5757	サンエツ	0	0	0	0	0
5771	菱伸銅	264	280	263	275	891
5781	東邦金	143	145	143	145	9
5801	古河電	1619	1639	1525	1560	5378
5802	住友電	1420	1465	1415	1462	1435
5803	フジクラ	540	542	520	523	2019
5804	菱線工	275	285	273	285	1347
5805	昭電線	182	189	182	189	771
5807	東特線	340	340	335	340	18
5808	理研線	220	220	220	220	27
5809	タツタ	200	215	200	207	1609
5810	第一電工	104	104	100	104	29
5811	トヨ電線	350	350	350	350	1
5812	日立線	1050	1060	1041	1055	1134
5813	花島電線	155	155	155	155	1
5815	沖電線	246	249	246	249	8
5816	オーナンバ	190	190	190	190	3
5817	日電線	0	0	0	0	0
5818	東日京三電線	280	280	275	280	4
5819	カナレ電気	1650	1650	1600	1600	3.4
5820	三ッ星	0	0	0	0	0
5851	リョービ	130	133	128	132	140
5852	アーレスティ	0	0	0	0	0
5853	京都ダイカスト	151	151	142	151	8
5854	東京理化工	120	120	120	120	3
5855	アサヒプリテ	0	0	0	0	0
5900	ダイケン	405	415	405	415	2
5901	洋カン	1936	2030	1936	2030	319
5902	北カン	208	209	205	205	75
5903	シンポ	670	670	670	670	6
5904	アルコアシステム	0	0	0	0	0
5905	日カン	0	0	0	0	0
5906	エムケー精工	0	0	0	0	0
5907	ＪＦＥコンテ	130	130	120	120	20
5908	日鉄ドラム	0	0	0	0	0
5909	コロナ	1000	1000	1000	1000	2
5910	立山アルミ	281	281	281	281	2
5911	横河ブ	331	331	325	330	69
5912	日本橋	125	130	121	125	33
5913	松尾橋	199	200	196	196	16
5914	宮地鐵工所	190	199	190	198	16
5915	駒井鉄	349	349	344	347	51
5916	ハルテック	204	208	204	208	15
5917	サクラダ	90	95	90	90	11
5918	滝上工	359	359	332	332	4
5919	日鉄塔	255	255	250	251	21
5920	鈴木シャ	205	210	205	210	26
5921	川岸工	254	254	254	254	6
5922	那須鉄	0	0	0	0	0
5923	高田機	451	451	450	450	36
5924	新日軽	73	74	73	74	23
5925	酒井鉄工所	0	0	0	0	0
5926	安治川鉄工	108	108	108	108	10
5927	ホリー	121	125	115	120	29
5928	アルメタクス	220	220	220	220	3.5
5929	三和シャタ	302	303	300	301	235
5930	文化シヤタ	232	233	230	233	51
5931	川田工	215	220	213	218	37
5932	三協アルミ	97	100	97	99	79
5933	アルインコ	0	0	0	0	0
5934	日本ア	59	60	59	60	5
5935	元旦	719	720	710	710	4
5936	洋シヤタ	116	125	115	120	106
5937	洋エクス	751	788	751	788	69
5938	住生活Ｇ	1670	1710	1669	1700	442
5939	大谷工業	0	0	0	0	0
5940	不二サッシ	152	152	141	143	12.7
5941	中西製	0	0	0	0	0
5942	フイルコン	0	0	0	0	0
5943	ノーリツ	1262	1285	1260	1285	28
5944	日立粉末	730	749	725	749	46
5945	天竜製鋸	0	0	0	0	0
5946	長府製	1460	1491	1460	1489	14.2
5947	リンナイ	1938	2005	1938	2005	44.3
5949	ユニプレス	238	290	225	245	79
5950	パワーファス	115	115	115	115	2
5951	ダイニチ工業	305	310	300	310	4.9
5952	アマテイ	0	0	0	0	0
5954	トープラ	143	143	143	143	2
5955	ヤマシナ	313	313	281	295	146
5956	トーソー	0	0	0	0	0
5957	日東精	190	190	185	187	20
5958	三洋工	234	238	231	237	148
5959	岡部	281	295	281	293	17
5961	トーカロ	0	0	0	0	0
5962	浅香工	190	190	190	190	1
5963	日立ツール	380	380	380	380	1
5964	洋刃物	112	112	112	112	2
5965	フジマック	512	512	511	511	2
5966	ＫＴＣ	280	280	280	280	14
5967	前田金	128	128	128	128	5
5969	ロブテックス	0	0	0	0	0
5970	菊池プレス	0	0	0	0	0
5971	共和工業	180	180	178	178	2
5972	日本建鐵	330	330	315	320	14.5
5973	トーアミ	529	530	529	530	4
5974	中国工	170	170	165	170	22
5975	東プレ	355	355	346	350	70
5976	ネツレン	265	268	263	267	39
5977	コマツ電子	1160	1160	1150	1150	2.4
5979	カネソウ	410	410	410	410	1
5980	田中亜鉛	0	0	0	0	0
5981	東京綱	148	150	146	150	260
5982	マルゼン	340	340	340	340	7
5983	イワブチ	362	370	360	360	3
5984	兼房	498	498	498	498	2.5
5985	サンコール	436	443	425	443	14
5986	モリテック	241	241	234	234	6
5987	オーネックス	0	0	0	0	0
5988	パイオラクス	0	0	0	0	0
5989	ヒラタ	363	363	363	363	1
5990	スーパツール	0	0	0	0	0
5991	ニッパツ	354	373	353	373	573
5992	中央発條	395	395	372	380	57
5993	知多鋼	0	0	0	0	0
5994	ファインＳ	450	450	428	440	34
5995	科学冶金	481	481	481	481	1
5996	新立川	0	0	0	0	0
5997	協立エアテク	700	700	699	699	0.3
5998	アドバネクス	320	345	320	342	481
5999	イハラサイエ	220	220	220	220	13
6005	三浦工	1219	1219	1200	1208	23.1
6011	新潟鉄工所	104	105	100	105	886
6013	タクマ	1055	1055	1011	1020	122
6016	神発動	0	0	0	0	0
6018	阪神燃	78	78	78	78	1
6020	神鋼造機	0	0	0	0	0
6021	ロビン	0	0	0	0	0
6022	赤阪鉄	100	101	100	101	2
6023	ダイハツデ	153	153	153	153	1
6041	ボッシュ	153	153	148	150	324
6042	ニッキ	146	146	146	146	1
6101	ツガミ	669	685	652	680	1865
6102	池貝	201	215	200	210	745
6103	オークマ	451	458	445	458	293
6104	東芝機	231	237	227	235	319
6106	日立精機	195	202	194	200	948
6107	アマダマシ	254	262	254	261	300
6111	旭精機	233	233	233	233	2
6112	小島鉄	151	155	151	155	5
6113	アマダ	940	940	901	910	1280
6114	住倉工業	200	225	195	225	113
6118	アイダ	442	442	433	440	44
6119	ゼィープラス	264	269	260	265	10
6121	滝澤鉄	84	84	84	84	5
6125	岡本工	128	130	125	130	81
6126	大ダイヤ	190	190	184	190	9
6130	日平トヤマ	195	195	195	195	3
6131	浜井産	170	171	170	170	17
6134	富機製	7050	7100	7000	7000	79.3
6135	牧野フ	1094	1102	1071	1071	449
6136	ＯＳＧ	530	590	530	586	295
6137	小池工	146	146	145	145	13
6138	ダイジェト	134	135	132	135	8
6139	東芝タンガロイ	252	269	251	267	671
6140	旭ダイヤ	660	665	650	652	284
6141	森精機	1800	1800	1750	1751	219
6142	富士精	0	0	0	0	0
6143	ソディック	788	799	780	781	558
6144	西部電機	0	0	0	0	0
6145	日特エンジ	1770	1800	1740	1740	52
6146	ディスコ	19750	19750	18900	19000	54
6147	ヤマザキ	0	0	0	0	0
6148	UHT	2200	2200	2160	2190	29
6149	小田原エンジ	0	0	0	0	0
6150	タケダ機械	0	0	0	0	0
6151	日東工器	2600	2635	2515	2515	2.8
6201	豊田織	2065	2135	2065	2135	170
6203	豊和工	143	150	142	149	235
6204	キリウ	170	170	170	170	1
6205	ＯＫＫ	145	148	141	148	356
6206	豊田工	853	858	841	851	142
6208	石川製	145	147	145	147	143
6210	東洋機械	570	570	562	563	7
6211	倉敷機	76	76	76	76	3
6212	帝人製機	168	175	168	175	28
6213	ＯＭ製	153	153	145	145	17
6214	大隈豊和機械	181	187	180	187	25
6216	寿工業	0	0	0	0	0
6217	津田駒	144	151	140	151	41
6218	エンシュウ	159	159	156	156	36
6221	大東製機	280	295	280	295	10
6222	島精機	2170	2250	2125	2160	28.1
6242	スピンドル	195	200	191	191	34
6245	ヒラノテク	265	265	265	265	7
6246	井上金	148	148	148	148	1
6247	日阪製	465	465	452	463	20
6271	ニッセイ	849	849	844	844	4
6272	レオン	408	408	405	407	16
6273	ＳＭＣ	20600	21050	20500	20860	55.6
6274	新川	4580	4640	4460	4500	477.7
6275	イセキ開発工	125	125	123	125	6
6276	ナビタス	930	930	926	927	7
6277	ホソミクロン	665	685	665	665	9
6278	ユニオンツル	16410	16890	16410	16600	12.8
6279	瑞光	1330	1390	1311	1330	5.8
6280	名機製	1500	1520	1500	1500	30
6281	前田製作	0	0	0	0	0
6282	オイレス	1510	1510	1460	1475	84.5
6283	オリイメック	0	0	0	0	0
6284	ＡＳＢ機械	563	563	560	560	14
6286	静甲	0	0	0	0	0
6287	サトー	3250	3290	3100	3200	22.3
6288	ハマダ印刷機	169	169	169	169	1
6289	技研製	350	350	350	350	3
6290	ＳＥＳ	1660	1680	1640	1650	31
6291	エアーテック	660	700	660	700	14
6292	カワタ	950	950	950	950	2
6293	日精樹脂	1100	1100	1020	1020	10
6294	オカアイヨン	175	189	175	189	2
6295	富士変速	271	289	271	289	1.3
6296	ロキテクノ	970	970	950	950	3
6297	鉱研工業	400	400	360	378	32.8
6298	ワイエイシイ	1790	1850	1790	1800	11
6299	神鋼環境Ｓ	290	290	290	290	3
6300	アピクヤマダ	870	898	870	870	6
6301	コマツ	540	556	539	555	1499
6302	住友機	278	298	276	296	2036
6303	ササクラ	0	0	0	0	0
6304	マキ製作所	640	640	640	640	1
6305	日立建機	442	444	435	442	52
6306	日工	226	226	222	225	32
6307	サンセイ	110	110	110	110	2
6309	巴工業	0	0	0	0	0
6310	井関農	109	112	108	112	269
6311	セイレイ工業	297	300	297	300	4
6312	フロイント	690	690	690	690	1
6313	共立	138	160	138	160	226
6314	石井工研	815	820	800	800	5
6315	ＴＯＷＡ	4100	4140	3990	4050	93.9
6316	丸山製	166	175	165	170	116
6317	北川鉄	152	180	151	163	951
6319	シンニッタン	198	198	195	195	27
6320	新ダイワ	0	0	0	0	0
6321	石搬機	360	361	360	361	4
6322	タクミナ	0	0	0	0	0
6323	ローツェ	2550	2550	2500	2500	11
6324	ハーモニック	3150000	3200000	3100000	3100000	0.015
6325	タカキタ	0	0	0	0	0
6326	クボタ	386	393	382	393	801
6327	北川精機	0	0	0	0	0
6328	荏原実業	1380	1380	1380	1380	2
6329	ＨＥＣ	552	555	551	552	13
6330	東洋エンジ	115	116	113	115	144
6331	化工機	227	229	225	229	73
6332	月島機	672	673	670	670	52
6333	帝国電	0	0	0	0	0
6334	明治機	420	430	400	402	990
6335	東京機	423	426	415	420	104
6336	石井表記	2800	2800	2750	2750	5
6337	テセック	7220	7240	6700	6700	13
6339	新東工	268	269	261	265	41
6340	渋谷工	855	872	855	872	5
6341	日立造船富岡	196	200	195	195	6
6342	太平製	90	90	90	90	4
6343	フリージア	94	94	90	94	17
6345	アイチコーポ	178	178	175	178	41.9
6346	菊川鉄	0	0	0	0	0
6347	プラコー	125	125	125	125	3
6348	日本マリンテクノ	615	615	615	615	1
6349	小森	1350	1364	1345	1350	400
6350	新日本造機	137	155	137	155	2
6351	鶴見製	485	495	480	480	70
6352	トヨコケン	0	0	0	0	0
6354	日立機電	411	415	411	415	12
6355	住友精	393	400	388	399	62
6356	日ギア	0	0	0	0	0
6357	三精輸	335	335	328	330	24
6358	酒井重	252	252	245	249	53
6359	粟村製作所	0	0	0	0	0
6360	東自機	350	350	335	335	5
6361	荏原	1331	1354	1331	1345	712
6362	石井鉄	216	216	216	216	5
6363	酉島	482	482	482	482	5
6364	北越工	163	163	163	163	1
6365	電業社	4510	4600	4510	4600	0.5
6366	千代建	160	162	160	162	360
6367	ダイキン	1989	1990	1950	1960	302
6368	オルガノ	394	400	394	395	34
6369	トヨカネツ	122	122	119	121	167
6370	栗田工	2135	2150	2100	2145	97
6371	椿本チ	498	504	490	496	1046
6372	セイサ	0	0	0	0	0
6373	大同工	190	191	189	189	8
6374	ＴＣＭ	174	180	173	180	141
6375	コンベヤ	135	137	132	135	224
6376	日機装	510	510	505	507	103
6377	甲陽建設	317	330	315	328	52
6378	木村化	157	158	157	158	12
6379	新興プラン	113	113	113	113	6
6380	オリチェン	98	98	95	95	15
6381	アネスト岩田	155	155	153	153	26
6382	トリニ工	0	0	0	0	0
6383	ダイフク	1200	1200	1124	1124	174
6386	扶桑レクセ	1220	1269	1220	1269	28
6388	ミサワバン	330	335	310	324	75
6389	内田油圧	76	77	76	77	19
6390	加藤製	170	172	170	172	43
6391	加地テック	180	181	180	181	2
6392	ヤマダコーポ	165	165	158	158	2
6393	油研工	130	130	126	126	27
6394	大江工業	159	159	159	159	2
6395	タダノ	195	200	195	200	135
6396	宇野鉄	0	0	0	0	0
6397	郷鉄工	0	0	0	0	0
6398	日本電産シンポ	0	0	0	0	0
6403	水道機	317	317	315	315	9
6406	フジテック	896	907	896	907	153
6407	シーケーディ	585	600	581	592	264
6408	クラッチ	0	0	0	0	0
6409	キトー	325	330	325	325	3
6411	中野冷	0	0	0	0	0
6412	平和	2110	2140	2100	2140	56
6413	理想科学	2990	3100	2980	3100	14.8
6414	川重冷熱	0	0	0	0	0
6415	ニスカ	879	880	879	880	6
6416	桂川電機	0	0	0	0	0
6417	ＳＡＮＫＹＯ	4400	4400	4250	4340	132.5
6418	日金銭	1800	1800	1790	1800	11
6419	マース	2650	2700	2600	2620	11.5
6420	福島工業	0	0	0	0	0
6421	キヤノンＦ	707	707	706	706	12
6422	キヤノン化成	1060	1060	1020	1020	10
6423	アビリット	6320	6540	6270	6320	209.6
6424	高見サイ	450	450	450	450	2
6425	アルゼ	7820	7820	7300	7350	76
6426	サミー	4270	4270	4100	4100	7.8
6427	東北リコー	951	952	950	950	7
6431	キャノンＮＴＣ	291	291	290	290	12
6436	アマノ	881	919	881	918	136
6437	三条機	151	151	151	151	8
6439	中日鋳	0	0	0	0	0
6440	ＪＵＫＩ	226	231	222	228	346
6442	コピア	277	280	276	280	6
6443	東洋製	150	157	148	157	13
6444	サンデン	547	550	540	540	433
6445	蛇の目	105	110	105	110	155
6448	ブラザー	273	278	268	278	225
6453	シルバ精	186	187	181	181	290
6454	マックス	800	800	796	800	121
6455	モリタ	295	315	290	305	82
6457	グローリー	1850	1850	1770	1770	46
6458	新晃工	148	148	148	148	6
6459	大和冷	325	328	325	328	53
6461	日ピス	155	160	153	160	213
6462	リケン	231	235	229	235	113
6463	ＴＰＲ	263	263	263	263	1
6466	トウアバルブ	154000	160000	154000	160000	0.014
6467	ニチダイ	523	530	500	513	49
6468	駿河精機	3030	3280	3030	3100	55
6469	放電精密	670	670	670	670	1
6470	大豊工業	909	909	900	900	4
6471	日精工	826	847	826	845	1358
6472	ＮＴＮ	356	362	351	362	407
6473	光洋精	756	757	751	757	268
6474	不二越	226	230	219	229	1637
6475	天辻	1000	1000	1000	1000	2
6476	富士テクニカ	0	0	0	0	0
6477	ツバキ・ナカ	1400	1400	1319	1339	121
6478	ダイベア	215	215	215	215	1
6479	ミネベア	1380	1408	1375	1408	1396
6480	トムソン	1020	1050	1020	1026	131
6481	ＴＨＫ	4700	4800	4550	4800	236.9
6482	ユーシン精機	9300	9300	8800	8800	9.8
6483	川重防災	529	529	520	520	2
6484	ＫＶＫ	0	0	0	0	0
6485	前沢給装	600	600	591	591	13
6486	イーグル工	335	335	335	335	3
6487	積水工機	0	0	0	0	0
6488	ヨシタケ	286	286	286	286	1
6489	前沢工業	985	1000	975	1000	8.1
6490	ピラー	801	805	795	795	18
6492	岡野バ	0	0	0	0	0
6493	日鍛バ	181	181	181	181	14
6494	ファネス	350	350	341	350	11
6495	宮入バ	101	101	100	100	4
6496	中北製	195	195	195	195	3
6497	ハマイ	460	460	460	460	1
6498	キッツ	172	180	170	179	403
6499	大隈エンジニア	0	0	0	0	0
6501	日立	1390	1403	1384	1395	5800
6502	東芝	1045	1052	1015	1035	6848
6503	三菱電	990	998	977	985	4803
6504	富士電機ＨＤ	372	381	372	381	3655
6505	東洋電	180	182	176	182	42
6506	安川電	1450	1450	1415	1434	509
6507	神鋼電	170	173	169	173	83
6508	明電舎	241	246	232	240	653
6513	オリジン	1200	1250	1200	1250	141
6516	山洋電	430	430	415	429	114
6517	デンヨー	710	710	700	700	12
6518	三相電機	505	510	505	510	5
6581	日立工	270	272	267	270	114
6584	三桜工	586	604	586	600	31
6585	サーボ	299	299	280	290	18
6586	マキタ	938	958	938	958	32
6587	松下精工	401	401	393	394	130
6588	東芝テック	455	457	440	448	305
6590	芝浦	1250	1250	1191	1201	167
6591	西芝電	160	160	160	160	5
6592	マブチ	12830	13000	12700	13000	50.7
6593	ローヤル電	490	490	490	490	1
6594	日電産	8100	8500	8100	8430	211.3
6621	高岳	178	179	176	178	72
6622	ダイヘン	223	224	213	215	421
6623	愛電機	0	0	0	0	0
6624	田淵電	290	310	290	310	11
6641	日新電	245	255	243	255	130
6643	戸上電	164	164	162	162	6
6644	大崎電	470	475	467	475	24
6645	オムロン	2960	2980	2900	2905	594
6646	エナジーサポ	320	320	320	320	2
6647	森尾電	0	0	0	0	0
6648	かわでん	78	84	76	78	40
6650	春日電	167	170	167	170	6
6651	日東工	625	640	615	620	124
6652	和泉電	1505	1510	1500	1509	87
6654	不二電機	738	745	738	745	3
6655	東洋電機	0	0	0	0	0
6701	ＮＥＣ	3030	3070	3010	3050	5253
6702	富士通	3300	3300	3170	3230	5340
6703	沖電気	773	786	766	786	3842
6704	岩崎通	251	295	251	295	1124
6705	ＮＥＣインフ	576	580	570	580	57
6706	電気興	1080	1090	1060	1079	90
6707	サンケン	623	623	604	615	296
6708	東洋通	2360	2410	2300	2410	578
6709	明星電	145	148	145	148	3
6710	大興電機製作	186	186	180	180	15
6711	高見澤電機	173	173	173	173	2
6712	田村電機製作	309	309	301	305	47
6714	神田通信工業	0	0	0	0	0
6715	ナカヨ通	330	330	325	325	6
6716	中央無	490	490	450	450	5
6717	富士通アクセ	2650	2660	2550	2620	34.5
6718	アイホン	1471	1500	1471	1494	8.6
6741	信号	460	469	451	469	99
6742	京三	250	250	241	250	97
6743	大同信	202	202	202	202	1
6744	能美防災	350	365	350	352	38
6745	ホーチキ	300	300	300	300	5
6747	小糸工	344	345	340	345	32
6748	星和電	440	440	430	430	5
6749	マスプロ	1280	1300	1250	1253	8
6751	日無線	986	986	977	978	248
6752	松下	2920	2950	2900	2950	2701
6753	シャープ	2040	2085	2030	2085	2870
6754	アンリツ	941	999	941	986	367
6755	富士通ゼ	670	670	651	660	45
6756	日立国際	1225	1225	1215	1221	134
6758	ソニー	14020	14120	13940	14110	2316.6
6759	ＮＥＣトーキ	746	759	741	759	114
6761	アイワ	1630	1630	1592	1604	129.7
6762	ＴＤＫ	13700	13920	13510	13780	253
6763	帝通工	367	367	361	366	19
6764	三洋電	720	755	718	750	12120
6765	ケンウッド	459	459	445	450	516
6766	宮越商	66	68	65	65	45
6767	ミツミ	3900	3900	3800	3870	184
6768	タムラ	480	480	472	475	74
6770	アルプス	1440	1440	1416	1428	545
6771	池上通	405	405	398	404	93
6772	コスモス	148	148	148	148	1
6773	パイオニア	2670	2690	2570	2635	1332
6775	東和メクス	155	158	152	158	78
6776	天昇電	180	180	180	180	10
6779	日電波	3930	3980	3850	3900	65.3
6780	日立電子	540	553	540	545	19
6781	松下通信工業	16000	16300	15700	16000	495
6782	九州松下電器	1130	1148	1130	1143	121
6783	松下寿電子	2385	2400	2360	2400	61
6791	コロムビア	200	208	199	208	160
6792	ビクター	686	686	660	671	232
6793	山水電	26	27	25	26	414
6794	フォスター	670	690	660	671	21
6796	クラリオン	564	574	550	574	450
6798	ＳＭＫ	1208	1208	1165	1170	289
6799	日本マランツ	222	223	221	221	4
6800	ヨコオ	3370	3370	3160	3190	97
6801	東光	950	953	940	948	2456
6802	赤井電機	47	47	45	45	1778
6803	ティアック	463	482	460	480	704
6804	ホシデン	4510	4540	4230	4300	444
6805	八木アン	610	620	610	620	4
6806	ヒロセ電	13500	13500	13010	13070	39.8
6807	航空電子	599	610	599	602	93
6808	シントム	84	84	79	80	1069
6809	ＴＯＡ	360	365	360	362	25
6810	マクセル	2655	2730	2655	2710	153
6811	クオンツ	779	780	720	780	71
6812	ジャルコ	451	451	451	451	1
6813	ナカミチ	135	137	122	125	111
6814	古野電	440	440	430	430	10
6815	ユニデン	840	848	836	848	152
6816	アルパイン	1509	1550	1493	1550	110
6817	スミダコーポ	4500	4750	4500	4750	33.3
6818	島田理	1100	1120	1100	1120	11.3
6819	オメガ・プロ	1780	1780	1680	1710	70
6820	アイコム	2055	2080	2000	2000	19
6821	バーテクスＳ	1070	1070	1070	1070	1
6822	大井電気	406	406	405	405	2
6823	リオン	1350	1350	1350	1350	1
6824	新コスモス	390	390	390	390	6
6826	本多通信	4190	4190	4010	4110	9
6827	東北パイオ	7640	7920	7400	7790	282
6837	京写	1820	1900	1820	1830	7
6838	多摩川電	2030	2030	1950	1980	20
6839	船井電	57900	57900	56000	57000	18.6
6840	アドテック	1080	1080	1050	1050	2
6841	横河電	956	984	952	984	797
6842	ユニパルス	1200	1200	1200	1200	5
6843	東光精機	186	186	182	185	6
6844	新電元	538	564	538	564	165
6845	山武	899	899	893	894	17
6846	中央製	0	0	0	0	0
6847	安藤電気	2100	2120	2050	2100	16
6848	東亜ＤＫＫ	290	290	290	290	1
6849	日本光電	317	321	317	321	15
6850	チノー	233	239	233	239	35
6851	大倉電気	220	220	216	219	11
6852	テクノセブン	225	225	220	220	4
6853	共和電	260	260	258	258	5
6855	電子材料	2920	2920	2890	2900	15
6856	堀場製	959	970	959	960	163
6857	アドバンテスト	20400	20550	19540	19950	322.2
6858	小野測器	222	222	220	222	11
6859	エスペック	760	760	749	750	11
6860	サンクス	0	0	0	0	0
6861	キーエンス	37550	38000	36200	36350	52
6862	ミナトエレ	263	263	262	262	5
6863	ニレコ	550	550	540	540	5
6864	ＮＦ回路	380	380	380	380	2
6866	ＨＩＯＫＩ	800	800	780	800	8
6867	リーダー電子	0	0	0	0	0
6868	東カソード	1180	1180	1180	1180	0.2
6869	シスメックス	3030	3030	2900	3000	14.3
6870	フェンオール	670	670	650	650	9
6871	日本マイクロ	1800	1800	1760	1770	5.1
6872	日本コーリン	13800	14300	12800	13700	22.8
6873	日立電子Ｅ	909	909	870	870	6
6874	協立電機	4010	4010	3950	3950	2.4
6875	メガチップス	6770	6770	6500	6700	10
6876	光波	4600	4600	4400	4500	9
6877	ＯＢＡＲＡ	0	0	0	0	0
6878	長野日無	575	580	575	580	3
6879	フォトロン	400	400	395	395	2
6880	シンワ	1260	1260	1240	1240	1.1
6881	キョウデン	3760	3760	3700	3720	32
6882	三社電機	661	661	653	653	2
6883	電産コ電	1310	1310	1300	1300	3
6884	デジタル	0	0	0	0	0
6885	ミヤチテクノ	990	1000	990	1000	3.7
6886	グラフィック	600	600	590	590	3
6887	日本ＬＳＩカード	590000	590000	590000	590000	0.002
6888	アクモス	785000	790000	750000	755000	0.037
6889	オーデリック	560	560	560	560	2
6890	フェローテク	1500	1520	1500	1500	15
6891	イーター電機	1050	1050	1040	1040	5
6892	シチズン電子	16600	16900	16500	16900	8.1
6893	タイテック	815	820	810	815	15
6894	パルステック	1779	1779	1779	1779	1
6895	ダイヤ電機	457	457	453	453	3
6896	北川工業	1320	1320	1300	1320	5
6897	ツインバード	306	306	296	300	6
6898	トミタ電機	290	290	290	290	2
6899	ＡＳＴＩ	0	0	0	0	0
6900	東京電波	7280	7380	7200	7380	9
6901	沢藤電	330	333	330	332	22
6902	デンソー	2530	2575	2520	2575	1186
6904	原田工業	410	410	410	410	2
6905	コーセル	3930	3930	3750	3850	33.6
6906	キヤ･コンポ	325	325	325	325	1
6907	ジオマテック	1470	1530	1450	1530	11.4
6908	イリソ電子	410	410	410	410	1
6909	北部通信工業	411	411	411	411	7
6910	日立メディコ	1119	1125	1110	1120	20
6911	新日無	910	915	908	912	38
6912	菊水電子	458	458	458	458	2
6913	メルコ	2560	2570	2555	2570	17.4
6914	オプテックス	1030	1030	1030	1030	2
6915	千代田インテ	1600	1600	1580	1600	3
6916	アイオデータ	2760	2790	2700	2790	14
6917	デンセラムダ	2550	2635	2500	2600	21.6
6918	アバール	0	0	0	0	0
6919	ケル	0	0	0	0	0
6920	レーザーテク	2680	2700	2670	2700	4
6921	東光電	303	305	303	305	9
6922	昭和情報	502	502	502	502	2
6923	スタンレー	799	829	790	822	3495
6924	岩崎電	221	222	218	219	69
6925	ウシオ電	2470	2530	2470	2505	357
6926	岡谷電	259	259	250	250	15
6928	エノモト	1170	1170	1150	1150	5
6929	日セラ	1211	1261	1211	1260	25
6930	日本アンテナ	1270	1270	1220	1260	5
6931	日本電池	413	418	407	414	153
6932	ユアサコーポ	285	285	285	285	2
6933	ＹＵＡＳＡ	282	283	276	283	298
6934	新神戸	650	660	640	649	40
6935	日デジタル	1770	1770	1741	1769	53.6
6936	東洋高砂乾	140	140	140	140	5
6937	古河池	290	295	290	295	12
6938	双信電機	960	975	940	960	96
6939	ＵＭＣＪ	1100000	1100000	1070000	1090000	0.196
6940	多摩電気	0	0	0	0	0
6941	山一電機	3310	3370	3310	3360	144
6942	ソフィア	0	0	0	0	0
6943	開閉器	662	665	620	620	10
6944	アイレックス	0	0	0	0	0
6945	ＦＴＥＣ	640	650	635	635	21
6946	日本アビオ	266	293	266	293	4
6947	図研	2410	2425	2330	2330	86.5
6948	住友電装	0	0	0	0	0
6949	キンセキ	923	923	905	910	35
6950	ＹＥデータ	611	621	611	611	11
6951	日電子	533	565	533	565	43
6952	カシオ	1070	1090	1055	1090	573
6953	日ＮＣＲ	430	430	412	412	5
6954	ファナック	11070	11100	10850	10930	217
6955	ＦＤＫ	833	833	800	800	42
6956	神明電	1700	1750	1700	1750	11
6957	芝浦電子	310	310	310	310	0.4
6958	日本ＣＭＫ	1200	1205	1195	1205	152
6960	フクダ電	1800	1800	1800	1800	3
6961	エンプラス	5390	5390	5020	5200	104.8
6962	大真空	616	622	610	612	72
6963	ローム	36850	37450	36400	36800	167.5
6964	サンコー	2085	2150	2060	2150	23
6965	ホトニクス	6890	7160	6850	7160	44.4
6966	三井ハイテク	2010	2010	1972	2000	80.6
6967	新光電工	5730	5780	5360	5750	36.7
6968	グラフテック	200	200	198	198	4
6969	松尾電	820	839	800	835	43
6970	日本コンラックス	535	539	534	535	121
6971	京セラ	15570	15850	15520	15740	453.9
6972	エルナー	429	429	416	420	42
6973	協栄産	341	350	341	350	5
6974	日本インター	311	311	307	307	16
6975	ＮＥＯＭＡＸ	1240	1305	1240	1304	832
6976	太陽電	6770	6840	6650	6650	750
6977	抵抗器	200	215	195	215	4
6980	日立ＡＩＣ	1150	1187	1140	1145	64
6981	村田製	22300	23280	22250	23000	605
6982	リード	102	107	102	107	2
6984	朝日ナショナ	0	0	0	0	0
6985	ユーシン	466	466	466	466	7
6986	双葉電	4080	4090	4020	4090	35.7
6988	日東電	4180	4220	4090	4210	432
6989	北電工	251	253	243	250	174
6991	松電工	1085	1095	1066	1076	731
6992	国産電	212	212	212	212	6
6993	森電機	200	200	191	198	49
6994	指月電	264	265	264	265	3
6995	東海理	1000	1000	990	998	17
6996	ニチコン	3100	3210	3080	3210	251
6997	日ケミコン	455	459	448	459	263
6998	タングス	284	284	280	284	12
6999	ＫＯＡ	2495	2520	2480	2500	95
7003	三井造	72	74	71	74	1173
7004	日立造	90	91	89	91	1097
7007	佐世保	74	74	72	73	291
7011	三菱重	370	375	367	375	4819
7012	川重	134	138	132	134	2049
7013	石川島	130	137	130	137	2115
7014	名村造	128	130	127	130	21
7018	内海造	0	0	0	0	0
7020	サノヤス	226	229	225	228	20
7021	ニッチツ	0	0	0	0	0
7052	信貴造船所	0	0	0	0	0
7102	日車両	250	268	248	264	827
7104	富士車輌	95	95	94	94	20
7105	ニチユ	170	170	170	170	12
7122	近畿車	154	155	150	155	49
7123	東急車輌製造	92	93	90	93	76
7124	輸送機工業	0	0	0	0	0
7142	ナブコ	179	180	174	174	39
7201	日産自	492	505	487	504	11935
7202	いすゞ	241	251	237	250	647
7203	トヨタ	5450	5550	5420	5490	4322
7204	小松ゼノア	262	265	255	265	11
7205	日野自	289	300	285	300	453
7207	日野車体	87	87	85	87	8
7210	日産ディ	95	95	91	95	237
7211	三菱自	384	385	374	381	1549
7212	エフテック	420	420	410	410	7
7219	ＨＫＳ	705	720	700	710	12
7220	武蔵精密	0	0	0	0	0
7221	トヨ車	885	920	884	916	144
7222	産車体	129	129	126	128	55
7223	関東自	650	679	650	675	58
7224	新明和	175	175	172	175	131
7225	小松フォーク	180	180	173	175	119
7226	極東開発	511	535	510	535	10
7227	アスカ	0	0	0	0	0
7228	デイトナ	415	415	415	415	1
7229	ユタカ技研	600	600	600	600	4
7230	日信工業	1380	1380	1380	1380	1
7231	トピー	163	174	161	172	816
7232	トキコ	147	148	143	148	110
7233	自部品	93	93	93	93	6
7234	橋本フォーミング	0	0	0	0	0
7235	東ラヂ	117	117	117	117	2
7236	ティラド	310	312	300	310	309
7237	ボッシュブレーキ	0	0	0	0	0
7238	ブレーキ	198	201	197	201	16
7239	タチエス	470	470	470	470	3
7240	ＮＯＫ	373	380	371	380	49
7241	フタバ	1249	1258	1231	1258	148
7242	カヤバ	201	211	191	200	3350
7243	シロキ	224	224	219	222	23
7244	市光工	210	215	208	215	114
7245	大同メ	281	281	281	281	1
7246	プレス工	83	83	79	80	52
7247	ミクニ	138	138	135	135	4
7248	カルソニック	225	226	221	221	118
7249	尾張精	200	200	200	200	5
7250	太平洋工	290	295	280	294	27
7251	ケーヒン	860	865	851	865	134
7252	富士機	0	0	0	0	0
7253	日本ガスケット	0	0	0	0	0
7254	フジユニ	170	170	170	170	5
7255	桜井製	0	0	0	0	0
7256	河西工	197	197	196	196	11
7257	自転車電機工	250	250	235	235	13
7258	栃木富士産業	210	210	210	210	6
7259	アイシン	1400	1419	1395	1414	685
7260	富士機工	185	185	175	175	2
7261	マツダ	326	338	326	337	1754
7262	ダイハツ	556	578	555	569	143
7263	愛知機	156	160	154	160	191
7264	ＭＵＲＯ	0	0	0	0	0
7265	エイケン工業	950	950	940	940	6
7266	今仙電機	0	0	0	0	0
7267	ホンダ	4300	4520	4300	4500	1930
7268	タツミ	0	0	0	0	0
7269	スズキ	1680	1710	1661	1710	763
7270	富士重	744	785	735	740	1968
7271	安永	0	0	0	0	0
7272	ヤマハ発	821	830	805	812	519
7273	イクヨ	170	170	170	170	4
7274	ショーワ	445	446	429	437	112
7275	ユニシア	117	120	117	120	57
7276	小糸製	508	513	505	512	162
7277	ＴＢＫ	110	112	110	110	12
7278	エクセディ	919	919	919	919	1
7279	ケーブル	1121	1121	1090	1098	35
7280	ミツバ	460	465	451	465	62
7282	豊田合	6900	7000	6680	6780	142
7283	愛三工	500	501	492	501	14
7284	盟和産	0	0	0	0	0
7285	池田物産	103	104	103	104	5
7286	イズミ工業	116	118	116	118	3
7287	日精機	1410	1411	1391	1401	48
7288	テクノエイト	0	0	0	0	0
7289	マーレ テネックス	210	210	210	210	2
7290	日発精密工業	0	0	0	0	0
7291	日本プラスト	280	280	280	280	2
7292	村上開明	0	0	0	0	0
7293	大井製作所	280	280	280	280	6
7294	ヨロズ	248	252	247	249	28.5
7295	アイエス製機	0	0	0	0	0
7296	ＦＣＣ	1090	1090	1060	1060	4
7297	カーメイト	850	850	850	850	0.2
7298	八千代工	460	460	460	460	4
7299	フジオーゼ	0	0	0	0	0
7301	宮田	166	166	166	166	5
7305	新家工	117	117	117	117	1
7306	丸石自転車	375	382	371	371	77
7308	ツノダ	0	0	0	0	0
7309	シマノ	2100	2145	2060	2145	222.9
7399	ナンシン	0	0	0	0	0
7404	昭和飛	391	391	378	378	14
7407	日本飛行機	224	228	220	224	19
7408	ジャムコ	437	437	392	392	29
7410	横浜鋼業	115	115	115	115	1
7411	成和産業	0	0	0	0	0
7412	アトム	1539	1540	1510	1510	5
7413	創健社	230	230	230	230	2
7414	小野建	0	0	0	0	0
7415	新星堂	290	290	290	290	7
7416	はるやま	596	596	595	595	2
7418	ヤマキ	135	135	135	135	2
7419	ノジマ	1300	1310	1280	1280	4.8
7420	佐鳥電機	1025	1030	1025	1030	3
7421	カッパクリエ	2010	2100	2010	2100	11
7422	東邦レマック	590	590	590	590	1
7423	フォンテーヌ	1100	1100	1065	1090	4.8
7424	ニコニコ堂	210	210	210	210	17
7425	初穂商事	350	350	327	327	4
7426	山大	0	0	0	0	0
7427	エコーＴＤ	1560	1590	1560	1590	2
7428	江戸沢	801	801	800	800	6
7429	セイジョー	1550	1560	1520	1560	1.5
7430	サンワドー	0	0	0	0	0
7431	ニューフ	225	248	225	248	11
7432	ダルトン	0	0	0	0	0
7433	伯東	3500	3520	3300	3360	31
7434	オータケ	0	0	0	0	0
7435	ナ・デックス	500	500	500	500	1
7437	シーアンドエス	4100	4100	3980	4000	110.3
7438	コンドー	435	440	435	440	2.5
7439	サンミック千代田	0	0	0	0	0
7440	クラフト	900	900	900	900	1
7442	中山福	322	322	322	322	21
7443	横浜魚類	0	0	0	0	0
7444	ハリマ共和	0	0	0	0	0
7445	ライトオン	8990	9180	8890	8920	64.5
7446	東北化学	0	0	0	0	0
7447	ナガイレーベ	2910	2920	2900	2910	3.6
7448	ジンズメイト	2830	2990	2830	2875	8.6
7449	太洋興業	0	0	0	0	0
7450	サンデー	930	930	930	930	2
7451	菱食	4310	4350	4280	4320	24.4
7452	マツヤ	0	0	0	0	0
7453	良品計画	20000	20300	19800	20150	117.4
7454	ホットスパー	0	0	0	0	0
7455	三城	6100	6610	6010	6600	111.7
7456	松田産業	2400	2490	2320	2480	5
7457	セキテクノ	509	509	482	482	7
7458	第一興商	3130	3130	3020	3030	19.4
7459	メディセオＨＤ	695	700	670	670	194.6
7460	ヤギ	0	0	0	0	0
7461	キムラ	0	0	0	0	0
7462	ダイヤ通商	0	0	0	0	0
7463	アドヴァン	1680	1690	1679	1680	7.3
7464	セフテック	335	335	335	335	1
7465	ＭＶ北海道	0	0	0	0	0
7466	ＳＰＫ	1060	1060	1060	1060	0.3
7467	萩原電気	854	855	854	855	3
7468	アムスク	1250	1250	1250	1250	1
7470	サロモンメイド	609	609	609	609	1
7471	ふじ	680	680	680	680	8
7472	鳥羽洋行	810	820	810	820	5
7473	静岡スバル	0	0	0	0	0
7474	パオ	539	539	539	539	1
7475	アルビス	520	530	520	530	6
7476	アズワン	1569	1570	1550	1560	8
7477	ムラキ	175	175	175	175	1
7478	ブルーグラス	670	670	670	670	13
7479	サンマルク	2800	2800	2750	2800	5.9
7480	スズデン	395	400	395	400	3
7481	尾家産	700	700	700	700	1
7482	シモジマ	990	990	990	990	4
7483	ドウシシャ	2175	2210	2150	2210	9
7485	岡谷鋼機	940	950	940	950	2
7486	サンリン	541	541	541	541	3
7487	小津産業	850	860	850	860	0.4
7488	ヤガミ	0	0	0	0	0
7490	日新商	0	0	0	0	0
7491	ＯＡシステム	1020	1020	970	980	67
7492	タイカン	455	455	455	455	2
7494	コナカ	735	755	721	755	22.7
7495	レオ	0	0	0	0	0
7496	八千代ムセン	1315	1318	1315	1318	6
7497	マインマート	620	624	612	615	6.2
7498	ジャパン	2640	2650	2550	2560	12.5
7500	西川計測	0	0	0	0	0
7501	ティムコ	1190	1200	1190	1200	0.5
7502	プラザクリエ	7510	8200	7510	8000	4.4
7503	ＩＭＩ	0	0	0	0	0
7504	高速	700	700	700	700	1
7505	扶桑電通	981	981	926	926	7
7506	ハウスローゼ	850	865	850	850	5.8
7507	浜 勝	950	950	950	950	1
7508	オートセブ	800	800	800	800	3
7509	アイエー	625	625	600	600	2
7510	竹菱電機	1150	1150	1070	1150	5
7511	ジプロ	0	0	0	0	0
7512	ポスフール	1192	1200	1182	1190	21
7513	コジマ	3020	3050	3000	3030	65.2
7514	ヒマラヤ	850	860	850	850	11.5
7515	マルヨシ	0	0	0	0	0
7516	コーナン	1300	1318	1280	1300	20.4
7517	黒田電気	3450	3450	3260	3260	9.8
7518	ネットワン	3500000	3500000	3350000	3370000	0.694
7519	五洋インテ	0	0	0	0	0
7520	エコス	1150	1170	1150	1170	4.3
7521	ムサシ	1600	1600	1580	1580	12
7522	ワタミ	8000	9050	7990	9000	59.5
7523	アールビバン	2660	2700	2550	2600	5.7
7524	マルシェ	1299	1300	1280	1300	4
7527	システムソフ	625	625	625	625	1
7528	安藤薬業公司	425	435	425	435	2
7529	はるやま	0	0	0	0	0
7530	ナブコドア	0	0	0	0	0
7531	清和鋼業	495	495	495	495	1
7532	ドンキホーテ	16150	17050	16000	16400	28.5
7535	グッドマン	3610	3700	3600	3660	12.6
7536	船橋薬品	880	880	880	880	3.1
7537	丸文	1300	1348	1300	1348	35
7538	大水	0	0	0	0	0
7539	アベルコ	0	0	0	0	0
7540	エルエスフェンス	208	208	208	208	1
7541	メガネトップ	2950	2950	2850	2930	4.7
7542	ビスケーＨＤ	0	0	0	0	0
7543	ミスタージョン	0	0	0	0	0
7544	スリーエフ	0	0	0	0	0
7545	西松屋チェ	2350	2400	2335	2350	62
7547	オートハローズ	300	300	300	300	1
7548	サンクスＪＰ	1160	1310	1160	1280	81
7549	エス・エス・ブイ	0	0	0	0	0
7550	ゼンショー	1582	1588	1550	1550	14
7551	ウェッズ	0	0	0	0	0
7552	ハピネット	3510	3560	3300	3300	14.9
7553	サザビー	6310	6310	6250	6250	2
7554	幸楽苑	0	0	0	0	0
7555	大田花き	0	0	0	0	0
7556	住商エレク	2030	2030	1980	1980	3
7557	サンクス	5500	5590	5310	5490	25.4
7558	トーメンエレ	5140	5140	4900	4900	7
7559	ジーエフシー	0	0	0	0	0
7560	ユニマット	1601	1601	1600	1600	4.7
7561	ハークスレイ	2760	2760	2760	2760	1
7562	安楽亭	1100	1100	1050	1050	7
7563	ニッパン	230	230	230	230	3
7564	ワークマン	1890	1890	1890	1890	1
7565	万世電機	0	0	0	0	0
7566	ジャパンケア	2100	2150	2070	2130	25
7567	栄電子	470	470	470	470	5
7568	クレックス	735	735	725	730	50
7569	モンテカルロ	251	251	251	251	1
7570	橋本総業	0	0	0	0	0
7571	ヤマノＨＣ	922	980	909	980	15
7573	ツルハ	6200	6200	6110	6180	18.4
7574	共信テクノ	0	0	0	0	0
7575	日本ライフＬ	1550	1560	1530	1560	7.3
7576	ベターライフ	0	0	0	0	0
7577	パスポート	0	0	0	0	0
7578	ニチリョク	765	775	765	765	4
7579	オリジン東	1770	1770	1700	1700	4
7580	フーズネット	0	0	0	0	0
7581	サイゼリヤ	7300	7360	7100	7300	49.8
7582	富デバイス	3200	3200	3200	3200	15
7583	通商	0	0	0	0	0
7584	丸紅インフォ	0	0	0	0	0
7585	かんなん	1190	1200	1190	1200	3
7586	寺島薬局	1570	1600	1570	1600	3
7587	ＰＡＬＴＥＫ	2630	2630	2550	2550	12
7588	シートゥーネット	17100	17100	16660	16660	0.9
7589	デジキューブ	2900000	2900000	2830000	2830000	0.016
7590	タカショー	0	0	0	0	0
7591	エクセル	1520	1620	1520	1600	19
7592	アイ・ユー・ケイ	980	980	980	980	1
7593	ＶＴＨＤ	1265	1265	1265	1265	2
7594	マルカキカイ	0	0	0	0	0
7595	アルゴグラフ	2900	2910	2830	2850	5.5
7596	魚力	5500	5600	5500	5600	65
7597	東京貴宝	590	590	590	590	2
7598	ナイスクラ	545	545	545	545	1
7599	ガリバー	5650	5650	5450	5600	10
7600	日本ＭＤＭ	3900	3950	3850	3950	56.5
7601	ポプラ	1740	1740	1690	1690	5
7602	ジャック	8250	8250	7800	7900	27.4
7603	マックハウス	660	660	660	660	2
7604	梅の花	2100000	2100000	2100000	2100000	0.004
7605	フジコーポ	0	0	0	0	0
7606	Ｕアローズ	5980	5980	5880	5900	9
7607	進和	0	0	0	0	0
7608	ＳＫジャパン	570	570	570	570	1
7609	ダイトエレク	3070	3070	2900	3070	78
7610	テイツー	2300000	2600000	2200000	2250000	0.055
7611	ハイデ日高	980	990	980	990	3
7612	コモンウェル	1340	1340	1260	1340	5
7613	シークス	2115	2200	2115	2200	2
7614	オーエムツー	4800	4900	4800	4900	5.8
7615	京都友禅	642000	642000	631000	641000	0.022
7616	コロワイド	2500	2510	2460	2500	17.5
7617	オオゼキ	4990	4990	4950	4950	3
7618	ＰＣＤＥＰＯ	3110000	3110000	3000000	3110000	0.005
7619	田中商事	361	361	361	361	3
7620	ヤマト硝子	420	420	415	415	4
7621	うかい	1150	1150	1100	1100	13
7622	焼肉サカイ	2790	2800	2710	2710	5
7623	サンオータス	0	0	0	0	0
7624	内藤	650	650	650	650	2
7625	ダイニング	0	0	0	0	0
7626	ドッドウエル	5150	5150	5050	5050	2
7627	なか卯	1600	1630	1600	1600	3
7628	オーハシテク	2010	2030	2010	2010	38
7629	ムラチク	1100	1100	1060	1060	2
7630	壱番屋	1540	1540	1530	1540	18
7631	マクニカ	19490	20300	19490	20300	83
7632	住商メタレックス	530	545	530	531	9
7633	明響社	1460	1650	1460	1570	58
7634	星医療	1290	1290	1290	1290	1
7635	杉田エース	470	490	470	490	2
7636	ハンズマン	1140	1140	1080	1140	12
7637	白 銅	1140	1230	1140	1230	29
7638	シーマ	671	770	671	770	10
7639	贔屓屋	781	810	781	800	16
7701	島津	577	579	573	577	718
7702	ＪＭＳ	430	455	430	450	71
7703	川澄化	1025	1035	1020	1030	35
7704	アロカ	1200	1210	1200	1210	15
7705	ジーエル	1770	1850	1770	1850	9
7706	セントラユニ	580	590	580	590	9
7711	助川電気	290	290	290	290	1
7713	シグマ光機	0	0	0	0	0
7714	モリテックス	8080	8090	8010	8050	18
7715	長野計器	1690	1700	1690	1700	4
7718	スター精	1830	1899	1830	1899	60
7719	東衡機	130	130	130	130	2
7720	ソキア	146	146	143	143	40
7721	トキメック	150	150	144	146	74
7723	愛時計	310	310	294	296	12
7724	金門	234	234	222	227	101
7726	黒田精	340	340	332	335	7
7727	オーバル	156	160	156	160	6
7728	電産トーソク	990	990	990	990	2
7729	東京精	12210	12300	11800	12190	95.4
7731	ニコン	4350	4430	4210	4340	962
7732	トプコン	410	420	409	420	28
7733	オリンパス	1710	1713	1663	1699	580
7734	理計器	332	332	328	330	47
7735	スクリン	745	775	734	773	6045
7736	ユニオンＨＤ	148	153	148	153	8
7737	キャビン工業	190	190	190	190	1
7738	チノン	310	310	302	303	4
7739	キヤノン電	951	951	951	951	3
7740	タムロン	715	715	696	696	6
7741	ＨＯＹＡ	10390	10480	10100	10220	144
7742	ノリタ光	630	630	600	600	2
7743	シード	500	500	500	500	1
7744	ノーリツ鋼機	3230	3390	3210	3390	14.1
7750	ペンタックス	249	250	243	250	151
7751	キヤノン	4170	4300	4140	4300	1600
7752	リコー	2350	2360	2280	2325	1731
7753	ミノルタ	420	420	412	420	250
7756	電産コパル	1831	1900	1831	1899	38
7757	三協精	1091	1109	1083	1088	154
7758	セコニック	385	389	380	380	14
7762	シチズン	932	945	926	940	769
7764	オリエント時計	170	170	170	170	2
7765	リコーエレメ	840	840	840	840	1
7768	ジェコー	0	0	0	0	0
7769	リズム	235	235	225	235	244
7770	ミヨタ	2990	2990	2900	2900	3
7771	日本精密	257	257	257	257	1
7857	セキ	1590	1600	1590	1600	4
7858	小野産業	1900	1900	1740	1800	7
7859	アルメディオ	1520	1560	1500	1550	27
7860	エイベックス	16000	16440	15500	15550	74.4
7861	東京リスマ	931	931	931	931	1
7862	トッパンフォ	2125	2160	2115	2145	105
7864	フジシール	5800	5800	5600	5600	36.7
7865	ピープル	1210	1210	1200	1210	3
7866	アトラス	1880	1880	1750	1800	15.2
7867	トミー	4490	4500	4360	4460	22.6
7868	広済堂	1060	1100	1060	1100	8.9
7869	日本フォーム	983	983	983	983	1
7870	福島印刷	480	480	480	480	3
7871	フクビ	550	550	550	550	1
7872	エステール	0	0	0	0	0
7873	アーク	3670	3670	3510	3510	5
7874	スルガ	6390	6400	6380	6400	8
7875	竹田印刷	0	0	0	0	0
7876	三陽PAX	610	610	610	610	1
7877	永大化工	805	805	795	800	21
7878	光彩工芸	350	350	345	345	2
7879	ノダ	440	440	439	440	7.7
7880	南部化成	0	0	0	0	0
7881	ニッソー	115	115	110	115	17
7882	アロン化成	391	391	382	382	24
7883	サンメッセ	0	0	0	0	0
7884	本間ゴルフ	375	375	370	375	8.8
7885	タカノ	1100	1100	1100	1100	0.1
7886	ヤマト・イン	270	270	270	270	2
7887	南プラ	421	421	421	421	1
7888	三光合成	350	360	350	360	5
7889	桑山	590	590	570	575	5.2
7890	アテナ工業	867	867	855	855	3
7891	日本ユピカ	0	0	0	0	0
7892	宇部日東化成	325	330	325	329	22
7893	亜細亜	1650	1650	1649	1649	2
7895	中央化学	0	0	0	0	0
7896	セブン工業	0	0	0	0	0
7897	ホクシン	166	167	158	160	13.7
7898	ウッドワン	536	539	530	539	47
7899	オザキ軽化	435	440	434	440	4
7900	大出産業	0	0	0	0	0
7901	マツモト	511	511	511	511	1
7902	ソノコム	1050	1050	1050	1050	5
7903	名木材	0	0	0	0	0
7904	天竜木	51	51	51	51	7
7905	大建工	275	280	275	280	99
7906	ヨネックス	400	400	395	399	6
7907	日防腐	0	0	0	0	0
7908	きもと	0	0	0	0	0
7909	シーアイ化	366	369	365	369	32
7910	段谷産業	127	137	125	137	129
7911	凸版	1164	1191	1161	1191	1118
7912	大日印	1769	1810	1750	1810	1104
7913	図書印	229	229	220	225	24
7914	共同印	363	367	361	361	32
7915	日写印	639	654	637	653	112
7916	光村印	395	395	380	395	96
7917	藤森工業	705	720	705	720	2
7918	ヴィアＨＤ	360	360	360	360	2
7919	野崎紙	0	0	0	0	0
7920	三浦印	320	320	315	315	2
7921	宝印刷	1930	1930	1900	1900	5
7922	三光産業	0	0	0	0	0
7923	トーイン	0	0	0	0	0
7925	前沢化成	1261	1261	1230	1230	8.1
7926	ベルテクノ	0	0	0	0	0
7927	ムトー精工	1400	1400	1390	1400	6
7928	旭化学	560	560	560	560	6
7929	新輝合成	0	0	0	0	0
7931	未来工業	1260	1300	1251	1265	15
7932	ニッピ	0	0	0	0	0
7933	ファイリング	390	390	390	390	1
7934	メルクス	82	82	79	79	7
7935	コンビ	1090	1090	1040	1060	22
7936	アシックス	114	114	112	113	143
7937	ツツミ	2195	2220	2150	2150	9.6
7938	リーガル	182	189	182	185	9
7939	研創	420	420	420	420	1
7940	ウェーブＨＤ	0	0	0	0	0
7942	ＪＳＰ	733	749	733	740	16
7943	ニチハ	782	793	782	793	8.6
7944	ローランド	2100	2100	2050	2050	24.6
7945	コマニー	550	550	530	530	5
7946	光陽社	0	0	0	0	0
7947	エフピコ	4400	4540	4400	4500	9.8
7948	ＡＷ・エモト	155	155	155	155	2
7949	小松ウオール	870	870	870	870	2
7950	日デコラ	0	0	0	0	0
7951	ヤマハ	858	859	847	859	289
7952	河合楽	162	167	162	166	34
7953	菊水化	0	0	0	0	0
7954	ジャレコ	337	339	335	335	17
7955	クリナップ	446	460	446	450	13
7956	ピジョン	1242	1261	1242	1244	12.6
7957	フジコピアン	220	220	220	220	1
7958	天馬	1250	1250	1230	1230	9
7959	オリバー	0	0	0	0	0
7960	パラマウント	9100	9380	9050	9380	43.9
7961	兼松日産農	181	182	181	181	8
7962	キングジム	640	640	632	632	4
7963	興研	0	0	0	0	0
7964	セガ	1960	1990	1960	1985	246.6
7965	象印	509	509	509	509	2
7966	リンテック	987	1023	980	1020	117
7967	バンダイ	3610	3610	3430	3500	157
7968	田崎真珠	480	485	475	480	20
7969	タカラ	440	445	440	441	19
7970	信越ポリ	725	725	715	719	338
7971	東リ	209	213	208	213	10
7972	イトーキ	420	429	412	427	30
7973	ホウトク	139	139	139	139	4
7974	任天堂	18070	18070	17560	17700	117.6
7975	リヒトラブ	235	235	235	235	1
7976	菱鉛筆	766	766	749	749	4
7977	フランスベッド	481	490	480	490	45
7979	松風	0	0	0	0	0
7980	重松製	234	235	234	235	4
7981	タカラスタ	442	445	440	443	279
7983	ミロク	0	0	0	0	0
7984	コクヨ	1304	1304	1244	1285	224
7985	ネポン	298	298	298	298	1
7986	キング工	187	187	185	185	17
7987	ナカバヤシ	335	336	332	333	29
7988	ニフコ	1130	1149	1120	1149	57
7989	ブラインド	920	920	920	920	0.8
7990	ダイワ精	142	143	140	143	35
7991	マミヤＯＰ	350	365	350	360	29
7992	セーラー	1692	1692	1665	1670	75
7993	サンウエブ	210	210	202	207	24
7994	岡村製	284	286	281	286	44
7995	バルカー	182	182	178	181	38
7996	パイロット	410	411	410	411	2
7997	くろ工	0	0	0	0	0
7998	高島屋工作	315	340	315	335	36
7999	武藤工	370	379	351	370	77
8000	カイゲン	0	0	0	0	0
8001	伊藤忠	537	555	531	555	2560
8002	丸紅	371	384	365	384	3145
8003	トーメン	70	71	69	70	1004
8004	ニチメン	112	114	112	112	472
8005	ムトウ	603	603	584	584	26
8006	ユアサフナ	184	184	180	180	13
8007	高島	112	116	112	116	36
8008	アスティ	0	0	0	0	0
8010	新興産業	125	125	124	124	11
8011	三陽商	340	343	338	343	37
8012	長瀬産	385	395	385	395	49
8013	ナイガイ	104	104	103	103	72
8014	蝶理	115	117	115	117	21
8015	豊田通商	330	330	325	326	168
8016	オンワード	1260	1300	1255	1260	226
8017	阪急共栄物産	0	0	0	0	0
8018	三共興	284	284	276	276	24
8019	市田	83	83	79	79	117
8020	兼松	85	86	82	86	166
8021	レナウン	143	144	140	142	467
8022	ミズノ	300	305	298	299	231
8023	大興電子	615	620	615	620	2
8024	シルバーＯＸ	445	449	440	449	14
8025	ツカモトＣ	150	151	150	150	8
8027	ルシアン	155	155	151	155	83
8028	ファミリーＭ	4470	4550	4430	4550	245.6
8029	ルック	224	224	212	223	49
8030	中央魚	180	181	180	181	2
8031	三井物	788	820	787	819	3250
8032	紙パ商	350	350	339	347	26
8033	ジーネット	90	90	90	90	18
8035	東エレク	15280	15540	15010	15300	889
8036	日立ハイテク	1200	1239	1200	1239	96
8037	カメイ	510	510	505	510	36
8038	東都水	380	380	375	376	15
8039	築地魚	165	165	165	165	1
8040	東ソワール	206	206	201	201	43
8041	魚市場	295	295	295	295	6
8042	マタイ	220	225	220	225	3
8043	スターゼン	215	219	215	219	49
8044	大都魚	145	145	145	145	3
8045	浜丸魚	0	0	0	0	0
8046	丸藤パ	151	151	150	150	19
8047	デジ・ネット	0	0	0	0	0
8048	シャディ	2495	2500	2480	2485	26.1
8049	ＥＩＥ	540	540	520	520	30
8050	セイコー	521	565	520	559	267
8051	山善	151	155	150	155	52
8052	椿本興	181	182	175	180	48
8053	住友商	1294	1300	1260	1269	1673
8056	ユニシス	2765	2765	2670	2725	192
8057	内田洋	590	590	575	585	129
8058	三菱商	905	950	905	949	4282
8059	第一実	197	210	197	209	69
8060	キヤノン販	1506	1523	1504	1523	130
8061	西華産	208	218	208	218	271
8063	日商岩井	116	116	110	112	3626
8064	金商	93	93	85	92	17
8065	佐藤商	410	410	410	410	4
8066	三谷商	0	0	0	0	0
8067	トミヤアパ	360	360	360	360	9
8068	菱洋エレク	1586	1595	1555	1579	81
8070	東京産	321	328	321	328	35.5
8071	東海物産	409	410	403	410	10
8072	出版貿	0	0	0	0	0
8073	Ｔ・ＺＯＮＥ	560	560	521	521	13
8074	ユアサ商	126	130	125	130	113
8075	神鋼商	152	156	150	156	31
8076	カノークス	0	0	0	0	0
8077	小林産	195	195	195	195	6
8078	阪和興	114	116	114	116	98
8079	正栄食	445	445	440	440	6
8080	ジョイス	0	0	0	0	0
8081	カナデン	479	485	470	472	27
8083	サンテレ	315	315	314	314	3
8084	菱電商	390	390	377	384	50
8085	ナラサキ産業	173	175	170	175	8
8086	ニプロ	850	850	840	840	37
8087	フルサト	0	0	0	0	0
8088	岩谷産	230	240	230	240	225
8089	ナイス	230	236	228	228	1585
8090	昭光通商	151	155	151	155	83
8091	ニチモウ	143	143	140	142	32
8092	富士通シス	3520	3520	3400	3440	22.6
8093	極東貿易	870	900	869	882	74
8095	イワキ	231	238	231	231	6
8096	兼松エレク	456	458	456	458	5
8097	三愛石	290	293	288	289	19
8098	稲畑産	511	513	501	512	56
8100	藤井	80	83	80	82	12
8101	ＧＳＩクレ	115	120	113	119	98
8103	明和産	114	114	109	114	8
8105	丸正	250	250	210	225	78
8107	キムラタン	85	85	85	85	3
8109	山洋工	93	93	93	93	1
8110	川鉄商事	118	118	113	115	51
8111	ゴルドウイン	126	137	126	137	16
8112	東スタイル	937	937	926	927	107
8113	ユニチャーム	7400	7570	7310	7540	156.8
8114	デサント	200	203	200	202	28
8115	ムーンバット	126	126	126	126	3
8116	ダーバン	354	370	351	362	556
8117	中央自	249	249	240	241	14
8118	キング	165	180	165	180	7
8119	三栄コ	640	641	630	640	21
8120	大木	0	0	0	0	0
8123	川辺	121	121	120	120	11
8125	ワキタ	300	300	300	300	4
8126	三光純薬	270	270	270	270	1
8127	ヤマトインタ	140	140	139	139	15
8128	エフワン	72	72	72	72	1
8129	東邦薬	360	360	360	360	3
8130	サンゲツ	1834	1869	1800	1800	10
8131	ミツウロコ	530	540	524	540	17
8132	シナネン	375	376	375	376	27
8133	伊藤忠エネ	305	310	305	310	37
8134	ＴＯＫＡＩ	1199	1199	1120	1150	90
8135	ゼット	125	125	125	125	6
8136	サンリオ	3260	3280	3200	3250	68
8137	サンワテク	700	700	680	680	2
8138	三京化	247	248	241	241	20
8139	ナガホリ	241	241	241	241	2
8140	リョーサン	1830	1840	1800	1840	32
8141	新光商	920	930	910	930	35
8142	トーホー	800	800	800	800	1
8143	ラピーヌ	100	100	100	100	6
8144	電響社	345	345	345	345	27
8145	中部水産	369	369	365	365	2
8146	小杉産	153	155	148	148	11
8147	トミタ	156	156	156	156	2
8148	上原成	294	294	293	293	8
8150	三信電	660	670	657	660	79
8151	東陽テク	2700	2700	2610	2620	58
8152	ソマール	250	250	249	249	3
8153	モスフード	1070	1070	1055	1066	31
8154	加賀電子	1299	1335	1299	1326	58
8155	三益半導	1980	1980	1950	1970	26.9
8156	ガステック	544	560	542	560	3
8157	都築電	592	592	580	580	9
8158	ソーダニッカ	172	173	172	173	6
8159	立花エレ	0	0	0	0	0
8160	木曽路	1089	1100	1089	1100	3
8161	エイデン	943	969	939	955	28
8163	サトＲＳ	680	680	670	670	5
8164	キャビン	140	140	135	140	25
8165	千趣会	1149	1160	1135	1160	35
8166	タカキュー	233	239	231	235	51
8167	丸久	185	185	185	185	6
8168	ケーヨー	415	424	415	420	39
8169	宝船	319	320	319	320	4
8170	アデランス	3650	3790	3610	3780	320.5
8171	ＭＶ中部	0	0	0	0	0
8172	第一家庭電器	75	76	73	75	43
8173	上新電	290	290	290	290	1
8174	日ガス	542	542	530	530	4
8175	ベスト電	650	651	645	651	103
8176	西洋フードシス	371	377	370	377	30
8178	マルエツ	355	358	348	350	85
8179	ロイヤルＨＤ	1121	1121	1080	1091	55
8180	すかいらく	2995	2995	2975	2995	193
8181	東天紅	1279	1279	1200	1240	52
8182	いなげや	707	707	630	640	47
8183	セブン−イレブン	11900	12230	11750	12150	423
8184	島忠	1298	1314	1285	1314	45
8185	チヨダ	560	561	551	560	10.2
8186	大塚家具	27700	27700	26500	26600	3.1
8188	ヨークベニ	2375	2395	2340	2370	56.7
8189	マツヤデンキ	284	284	284	284	5
8190	ヤマナカ	0	0	0	0	0
8191	光製作	0	0	0	0	0
8192	中川無線	90	90	89	90	5
8193	鈴丹	136	140	136	140	20
8194	ライフコーポ	580	590	580	590	4
8195	デニーズジャパン	1910	1978	1910	1950	9
8196	カスミ	414	425	414	425	5
8197	東急ストア	303	303	297	301	39
8199	デオデオ	968	971	911	913	171.3
8200	リンガハット	1020	1046	1020	1046	11.5
8201	さが美	250	250	248	250	18
8202	ラオックス	540	540	534	535	36
8203	ＭｒＭａｘ	335	344	332	344	8.5
8204	ジョナサン	1370	1370	1360	1370	8
8205	シャクリー	0	0	0	0	0
8206	アポロイン	0	0	0	0	0
8207	テンアライド	405	420	405	420	6.9
8208	エンチョー	550	550	530	530	5
8209	フレンドリ	470	470	470	470	3
8210	フットワーク	231	232	231	231	9
8211	相鉄ローゼ	0	0	0	0	0
8212	オーク	0	0	0	0	0
8213	トステムビバ	357	370	357	370	30
8214	アオキインタ	342	354	340	349	19.2
8215	銀座山形屋	267	270	266	270	6
8216	フォルクス	511	511	511	511	1
8217	オークワ	885	890	885	890	5
8218	コメリ	3490	3490	3400	3460	21.7
8219	青山商	1400	1435	1399	1435	300.3
8225	タカチホ	0	0	0	0	0
8226	理経	515	520	511	511	15
8227	しまむら	14190	14470	13700	14400	81
8228	マルイチ	0	0	0	0	0
8229	ＣＦＳコーポ	981	981	930	935	8.5
8230	はせがわ	420	429	420	420	7
8231	三越	492	516	490	515	1321
8232	東急百貨店	118	120	116	120	613
8233	高島屋	838	854	825	845	347
8234	大丸	420	425	400	419	742
8235	松坂屋	300	303	295	302	92
8236	丸善	239	244	239	244	259
8237	松屋	374	376	374	374	5
8238	伊勢丹	920	969	920	969	643
8239	横浜松坂屋	113	120	110	120	79
8240	サッポロライオン	585	585	585	585	1
8241	阪神百貨店	450	480	450	480	7
8242	阪急百	575	585	561	585	99
8243	そごう	79	79	77	78	824
8244	近鉄百貨店	164	168	164	168	6
8245	丸栄	222	224	217	217	9
8247	大和	209	209	208	208	3
8248	ニッセン	480	485	469	475	28.6
8249	東洋物	611	611	611	611	1
8250	小松ストアー	0	0	0	0	0
8251	パルコ	325	325	317	320	63
8252	丸井	1788	1788	1742	1765	699
8253	クレセゾン	1803	1855	1803	1840	152.5
8254	さいか屋	435	435	435	435	1
8255	原信	0	0	0	0	0
8256	プロルート	200	200	200	200	1
8257	山陽百	0	0	0	0	0
8258	ＯＭＣカード	395	397	390	394	64
8259	十字屋	73	74	71	74	65
8260	井筒屋	188	189	182	183	173
8261	ｼ鉄百貨店	299	299	299	299	1
8262	長崎屋	13	13	10	11	5998
8263	ダイエー	358	365	354	357	605
8264	イトーヨーカ堂	6930	7100	6800	7000	358
8265	壽屋	155	155	155	155	1
8266	イズミヤ	680	685	676	676	31
8267	イオン	1600	1621	1580	1610	297
8268	西友	382	403	360	366	6582
8269	マイカル	400	405	385	395	525
8270	ユニー	905	930	905	912	489
8273	イズミ	650	650	631	650	9
8274	東武ストア	199	199	193	197	12
8275	フォーバル	3050	3070	3050	3050	4.5
8276	平和堂	648	648	613	614	5
8278	フジ	1920	1925	1920	1925	6.5
8279	ヤオコー	1390	1390	1323	1330	8
8280	富士冷機	420	429	420	421	16
8281	ゼビオ	1990	1990	1950	1956	12
8282	ギガスケーズ	2250	2380	2250	2300	22.4
8283	パルタック	460	460	460	460	5
8285	三谷産業	0	0	0	0	0
8286	藍  屋	1770	1770	1756	1770	13
8287	ＭＶ西日本	1065	1065	1065	1065	1
8289	オリンピック	2240	2250	2225	2250	3.4
8290	デンコードー	640	650	640	640	4
8291	東日カーライフ	200	210	200	200	7
8292	東いすず	295	295	205	205	2
8293	愛トヨ	900	900	900	900	5
8295	キャノンシステム	680	680	680	680	2
8298	ファミリー	265	265	260	260	5
8299	大栄太源	0	0	0	0	0
8301	日銀	0	0	0	0	0
8302	興業銀行	976	1017	976	1009	3518
8311	第一勧銀	979	1020	979	1012	3211
8314	さくら銀行	789	810	783	800	5565
8315	東京三菱銀	1528	1548	1517	1539	4227
8317	富士銀行	1023	1055	1015	1052	3467
8318	三井住友銀行	1570	1610	1567	1610	3218
8319	大和銀行	295	300	295	300	1643
8320	三和銀行	1067	1090	1067	1084	3560
8321	東海銀行	615	645	615	640	1528
8322	あさひ銀行	590	611	581	610	2841
8324	第四銀	385	385	380	385	71
8325	北越銀	271	285	270	285	26
8326	福岡銀	760	760	725	733	1166
8327	西日本シティ銀	382	382	379	382	95
8331	千葉銀	420	425	412	416	1053
8332	横浜銀	380	390	378	390	827
8333	常陽銀	390	391	382	390	332
8334	群馬銀	548	553	547	553	109
8335	足利銀行	222	223	220	223	131
8336	武蔵銀	4270	4300	4200	4300	2.7
8337	千葉興	1090	1090	1070	1090	10
8338	関東つくば銀	1430	1450	1422	1449	0.4
8339	都民銀	3300	3380	3300	3380	3.8
8341	七十七	770	780	770	777	693
8342	青森銀	438	457	438	457	28
8343	秋田銀	385	390	385	386	150
8344	山形銀	522	523	520	521	20
8345	岩手銀	3600	3690	3600	3690	5.6
8346	東邦銀	379	381	375	381	50
8349	東北銀	215	219	214	219	6
8350	みちのく銀	594	614	594	614	15
8353	北海道銀行	144	144	141	143	66
8355	静岡銀	860	860	841	842	761
8356	十六銀	445	460	445	460	46
8357	北陸銀行	243	250	242	250	71
8358	スルガ銀	1665	1698	1650	1698	304
8359	八十二	580	590	576	589	247
8360	山梨銀	375	380	359	380	205
8361	大垣共立	525	547	525	547	22
8362	福井銀	276	290	276	290	73
8363	北国銀	351	352	337	352	134
8364	清水銀	4030	4040	4020	4020	2.4
8365	富山銀	0	0	0	0	0
8366	滋賀銀	478	479	473	473	20
8367	南都銀	600	600	590	600	79
8368	百五銀	445	462	445	462	35
8369	京都銀	526	535	522	534	61
8370	紀陽銀	265	267	260	266	83
8371	近畿大阪銀	0	0	0	0	0
8372	泉州銀	0	0	0	0	0
8374	三重銀	500	514	500	514	10
8375	池田銀	5690	5700	5430	5700	1
8379	広島銀	391	395	390	395	283
8380	山口銀	668	676	666	669	161
8381	山陰合銀	500	505	494	494	216
8382	中国銀	890	913	890	900	39
8383	鳥取銀	325	337	325	337	7
8385	伊予銀	650	651	640	644	73
8386	百十四	630	640	630	640	37
8387	四国銀	629	630	620	630	40
8388	阿波銀	501	505	501	505	27
8390	鹿児銀	389	394	384	389	83
8391	親和銀行	321	335	318	335	36
8392	大分銀	471	474	470	472	10
8393	宮崎銀	335	344	335	343	26
8394	肥後銀	445	445	419	420	124
8395	佐賀銀	320	324	316	323	27
8396	十八銀	310	320	308	320	166
8397	沖縄銀	2530	2530	2465	2500	1.1
8399	琉球銀	1510	1520	1500	1520	2.2
8402	三菱信託	900	980	900	980	1919
8403	住友信	813	827	798	827	1832
8404	みずほ信託銀	140	142	139	142	1259
8405	日本信託	152	160	152	155	266
8407	東洋信託	456	470	451	464	1809
8408	中央三井信	549	565	545	565	1305
8489	アプレック	0	0	0	0	0
8493	インター	2200	2220	2100	2200	4.3
8507	学研クレジット	660	660	660	660	1
8508	イッコー	750	770	750	770	13
8511	日証金	688	712	681	712	661
8512	大証金	353	359	353	357	13
8513	中証金	0	0	0	0	0
8515	アイフル	11800	11800	11260	11600	75.3
8518	アジア投資	760	771	745	752	370
8519	ポケットＣ	3990	4220	3970	4220	137.2
8520	殖産銀行	400	400	400	400	20
8521	長野銀	450	450	449	450	32
8522	名古屋銀	600	611	600	611	45
8524	北洋銀行	477	477	476	476	13
8527	愛知銀	7090	7200	7080	7200	1.1
8528	岐阜銀	0	0	0	0	0
8529	第三銀	450	460	450	460	42
8530	中京銀	408	423	408	423	12
8533	広島総合銀行	460	469	450	460	50
8536	東日銀	637	645	637	645	64
8537	大光銀	310	310	310	310	4
8539	福岡シティ銀	478	480	470	480	17
8541	愛媛銀	458	465	458	462	16
8542	トマト銀	0	0	0	0	0
8543	みなと銀	211	224	211	224	37
8544	京葉銀	316	324	316	324	75
8545	関西アーバン	181	184	181	182	19
8548	九州銀行	309	309	308	309	20
8549	せとうち銀行	0	0	0	0	0
8550	栃木銀	635	648	635	648	13
8551	北日銀	5140	5350	5140	5350	0.4
8552	びわこ銀	325	325	325	325	1
8556	香川銀	555	560	555	560	6
8558	東和銀	429	429	417	429	32
8561	徳島銀	757	769	756	757	47
8562	福島銀	335	339	335	339	9
8563	大東銀	338	338	332	337	15
8564	武富士	12100	12200	11760	12060	122.8
8565	三洋クレ	4890	4890	4580	4770	63.8
8566	リコーリース	2240	2250	2220	2220	22
8567	クレディア	2205	2235	2150	2200	5.3
8568	シンキ	2760	2795	2760	2795	39.6
8569	ユニココーポ	0	0	0	0	0
8570	イオンクレ	7080	7250	7000	7200	63.6
8571	ニッシン	4500	4600	4500	4600	2
8572	アコム	10530	10650	10420	10650	95.1
8573	三洋信販	3550	3630	3550	3630	33.1
8574	プロミス	8520	8850	8360	8850	212.5
8577	ロプロ	2350	2585	2345	2435	260.9
8579	東京リース	0	0	0	0	0
8580	ファーストクレジット	300	310	300	302	147
8582	日貿信	6	7	6	6	956
8583	日信販	270	278	265	278	757
8584	ジャックス	350	352	345	351	153
8585	オリコ	474	482	460	477	835
8586	日立キャピ	2190	2280	2165	2280	442.7
8587	ライフ	238	257	238	255	116
8588	セントラル	294	330	294	330	124
8589	アプラス	144	145	143	145	28
8591	オリックス	15460	15500	15060	15500	175.2
8592	住商リース	1800	1878	1800	1878	120
8593	ダイヤリース	1613	1630	1600	1630	10
8595	ジャフコ	19700	20100	18300	18900	249
8597	ＳＦＣＧ	23500	24540	22500	23800	98.99
8599	ＵＦＪセント	0	0	0	0	0
8601	大和証Ｇ	1866	1877	1821	1877	4665
8603	日興コーデ	1500	1500	1438	1457	3987
8604	野村ＨＤ	3200	3260	3130	3260	4515
8606	新光	565	572	561	570	1350
8607	みずほイン証	275	280	271	280	648
8609	岡三ＨＤ	1010	1030	1008	1023	226
8610	さくらフレンド	416	420	410	418	218
8611	コスモ証	311	318	311	311	217
8613	丸三	870	870	855	870	91
8614	東洋	548	555	531	539	91
8615	三菱証	1630	1648	1595	1648	303
8616	東海東京	483	487	480	485	128
8617	光世	415	415	406	408	221
8620	東海丸万	850	850	820	827	55
8621	ＵＦＪつばさ証券	795	797	780	780	281
8622	水戸	540	544	531	539	65
8623	ＳＭＢＣ証	432	440	431	434	75
8624	いちよし証	1270	1280	1241	1250	56
8625	高木	445	469	445	463	52
8691	証券代	1100	1100	1100	1100	1
8692	だいこう	830	840	790	800	6
8742	小林洋行	1020	1025	1020	1025	3.5
8743	ひまわり証	251	252	251	252	3
8744	日本ユニコム	0	0	0	0	0
8745	グローバリー	1090	1120	1090	1120	5
8746	第一商品	340	340	340	340	3
8747	豊商事	0	0	0	0	0
8748	岡藤商事	0	0	0	0	0
8749	エース交易	351	351	350	350	6
8751	東京海上火災	1074	1128	1068	1105	1799
8752	三井住友海上	525	541	522	537	1290
8753	住友海上火災	565	610	565	599	1471
8754	日本興亜	303	310	300	310	467
8755	損害保険Ｊ	507	530	504	515	2184
8756	日産火災海上	288	300	286	300	121
8757	日新火	261	261	254	254	165
8758	千代田火災	330	338	329	335	223
8759	ニッセイ同和	302	317	302	317	263
8760	日動火災海上	500	521	499	509	723
8761	あいおい損保	316	330	313	325	355
8762	興亜火災	292	305	292	304	450
8763	富士火	217	223	214	220	156
8764	太陽火災	0	0	0	0	0
8765	大成火災海上	226	226	221	224	12
8801	三井不	1073	1138	1072	1137	6544
8802	菱地所	1147	1200	1145	1200	4374
8803	平和不	260	280	260	280	364.5
8804	東建物	202	231	202	231	1915
8805	中央地	118	137	116	132	137
8806	ダイビル	688	704	660	700	173
8809	サンケビル	395	409	392	409	28
8810	港振興	0	0	0	0	0
8815	東急不	114	124	113	124	1226
8817	阪急不動産	368	380	363	380	31
8818	京阪神不	304	315	304	315	34
8821	立飛企	0	0	0	0	0
8826	エルカク	2	2	2	2	725
8829	大和団地	235	254	231	254	116
8830	住友不	351	372	350	371	4223
8832	小田急不	200	200	190	190	26
8833	東宝不	392	400	391	395	34
8834	藤和不	66	70	65	70	208
8835	太平発	114	125	113	125	196
8836	ヒューネット	800	800	753	753	803
8838	有楽地	130	139	130	139	76
8839	ニチモ	87	92	84	92	117
8840	大京	255	275	252	275	2302
8841	テーオーシー	600	620	599	620	73
8842	楽天地	340	340	340	340	5
8844	リクコスモス	500	520	495	520	56
8845	セザール	226	252	226	252	564
8846	積和不動産	420	435	420	435	10
8848	レオパレス	366	366	355	360	38
8850	スターツ	720	790	720	790	26
8851	アバンライフ	160	160	155	155	4
8852	積和不動関西	381	395	381	395	17
8853	ダイヤシティ	350	360	350	360	16
8854	日住	255	255	251	255	24
8855	全日空ビル	113	113	113	113	4
8857	三井不動販売	501	530	500	530	327
8858	ダイア建	215	220	212	220	34
8860	フジ住	466	466	465	465	10
8863	積和不動中部	0	0	0	0	0
8864	空港施設	469	479	468	479	152
8865	神鋼興産	271	271	271	271	1
8866	コマーシャル	389	398	385	398	14
8867	横浜地下街	0	0	0	0	0
8868	ＵＲＢＡＮ	2780	2880	2730	2870	41
8869	明和地所	2450	2580	2365	2580	169.9
8870	住不販売	2550	2730	2520	2710	39.1
8871	ゴールドクレ	11200	12600	11200	12350	110
8872	エイブル	5290	6050	5200	6050	45
8873	積和不動中国	630	630	630	630	1
8874	ジョイント	4000	4470	4000	4470	134
8875	東栄住宅	1880	1990	1880	1990	15
8876	リロＨＤ	0	0	0	0	0
8877	エスリード	1570	1599	1550	1550	8
8878	日綜地所	1120	1120	1090	1090	10
8879	東急リバブル	540	560	540	555	10
8880	飯田産業	1950	2000	1950	1950	3
9001	東武	290	303	289	303	621
9002	西武鉄道	1505	1570	1459	1570	79
9003	相鉄	276	284	275	284	259
9004	箱根登山鉄道	290	300	290	300	3
9005	東急	404	435	396	428	3704
9006	京急	378	394	377	393	471
9007	小田急	338	362	338	362	468
9008	京王	380	412	378	407	1265
9009	京成	283	303	283	303	406
9010	富士急	339	339	324	332	17
9012	秩父鉄	0	0	0	0	0
9013	伊豆箱根鉄道	0	0	0	0	0
9014	新京成	300	300	300	300	6
9017	新潟交	0	0	0	0	0
9019	伊豆急行	0	0	0	0	0
9020	ＪＲ東日本	530000	551000	530000	546000	4.322
9021	ＪＲ西日本	330000	340000	326000	332000	2.107
9022	ＪＲ東海	590000	600000	585000	600000	1.59
9031	西鉄	253	262	253	262	90
9033	広電鉄	0	0	0	0	0
9036	東部ネット	560	560	560	560	3
9037	ハマキョウ	1510	1510	1450	1450	7
9038	東海西濃	0	0	0	0	0
9039	サカイ引越	2210	2210	2090	2145	9.3
9040	大宝運輸	0	0	0	0	0
9041	近鉄	417	429	416	424	632
9042	阪急ＨＤ	341	345	339	345	1002
9043	阪神	296	296	290	293	234
9044	南海電	436	437	435	435	102
9045	京阪電	346	347	346	346	71
9046	神電鉄	416	416	416	416	1
9047	名糖運輸	1350	1350	1280	1280	3
9048	名鉄	295	300	295	298	335
9049	京福電	0	0	0	0	0
9050	三重交	0	0	0	0	0
9051	センコン物流	0	0	0	0	0
9052	山陽電	285	290	285	290	15
9053	中央運輸	0	0	0	0	0
9054	大和物流	530	530	530	530	1
9055	アルプス物流	485	485	480	480	19
9056	ヒューテック	1270	1270	1250	1250	2
9057	遠州トラック	0	0	0	0	0
9058	トランコム	565	570	565	565	4
9059	カンダ	282	282	280	280	5
9060	日ロジテム	0	0	0	0	0
9061	富士物流	178	178	178	178	2
9062	日通	707	754	707	748	1772
9063	岡県運送	0	0	0	0	0
9064	ヤマト運	2600	2620	2590	2590	1609
9065	山九	119	123	119	123	277
9066	日新	170	173	168	173	53
9067	丸運	244	248	244	247	12
9068	丸全運	181	183	181	183	33
9069	センコー	206	210	204	206	109
9070	トナミ	204	206	203	206	34
9072	日梱包	600	600	591	600	21
9073	京極運	0	0	0	0	0
9074	日石輸	180	210	180	204	219
9075	福山運	660	660	650	658	46
9076	西濃運	502	504	495	500	322
9077	名鉄運	0	0	0	0	0
9078	エスライン	0	0	0	0	0
9079	東急ロジ	0	0	0	0	0
9080	関東西濃	0	0	0	0	0
9081	神奈交	450	459	410	413	9
9082	大和自	0	0	0	0	0
9083	神姫バ	0	0	0	0	0
9086	日立物流	547	560	541	560	59
9087	タカセ	234	234	234	234	1
9088	濃飛西濃	899	899	899	899	1
9089	ロジパル	0	0	0	0	0
9101	郵船	435	449	430	449	1717
9104	商船三井	205	210	203	207	3964
9107	川崎汽	176	179	175	178	1281
9110	新和海	69	71	68	70	97
9113	乾汽船	80	80	76	80	18
9114	日之出汽船	0	0	0	0	0
9115	明治海	170	170	170	170	1
9119	飯野海	168	169	166	169	64
9123	太平海	60	60	59	59	20
9127	玉井船	0	0	0	0	0
9130	共栄タ	115	115	110	110	7
9132	第一汽	62	63	60	62	251
9133	東栄リーファ	123	123	123	123	1
9151	東京船舶	96	98	96	98	3
9152	関西汽	59	60	59	60	45
9171	栗林船	253	253	253	253	2
9173	東海汽	0	0	0	0	0
9174	ワンダーＴ	0	0	0	0	0
9176	佐渡汽	0	0	0	0	0
9178	日鉄物流	349	349	349	349	1
9179	川崎近海	190	190	190	190	2
9180	新和内航	198	200	198	200	4
9193	東京汽	0	0	0	0	0
9201	日本航空	330	354	327	344	4104
9202	ＡＮＡ	315	325	313	320	1929
9203	日本エアシス	3900	3900	3900	3900	0.4
9231	国際航	630	639	630	638	20
9232	パスコ	638	648	635	638	28
9233	アジア航	345	345	343	343	3
9301	三菱倉	1000	1070	990	1070	723
9302	三井倉	271	290	271	288	649
9303	住友倉	292	312	289	312	1213
9304	渋沢倉	258	270	258	270	47
9305	ヤマタネ	124	129	124	129	11
9306	東陽倉	215	218	215	218	4
9307	杉村倉	527	527	500	500	3
9308	イヌイ建	400	400	400	400	1
9309	京神倉庫	0	0	0	0	0
9310	トランシティ	208	208	199	207	19
9311	アサガミ	0	0	0	0	0
9312	ケイヒン	147	148	145	148	32
9313	丸八倉	0	0	0	0	0
9314	品川倉	0	0	0	0	0
9317	オーナミ	117	117	117	117	4
9318	Ｊブリッジ	270	280	270	280	9
9319	中央倉	0	0	0	0	0
9320	三和倉	151	151	150	150	4
9321	アイロジステ	155	155	155	155	1
9322	川西倉	0	0	0	0	0
9323	ロジステック	0	0	0	0	0
9324	安田倉	360	370	360	370	8
9351	洋埠頭	145	148	145	148	53
9353	桜島埠	170	170	162	162	2
9355	リンコー	150	150	150	150	2
9357	名港海	328	335	328	335	5
9358	宇徳運	126	126	126	126	3
9359	伊勢湾	260	260	260	260	21
9360	鈴与シンワ	150	160	150	160	2
9361	伏木運	0	0	0	0	0
9362	兵機海	0	0	0	0	0
9363	大運	57	63	57	60	19
9364	上組	510	545	502	542	729
9365	トレーディア	90	90	89	89	3
9366	サンリツ	745	745	730	730	5.3
9367	大東港運	0	0	0	0	0
9368	キムラユニテ	0	0	0	0	0
9369	キユソ流通	1730	1730	1720	1720	2
9370	郵船航空	2050	2180	2050	2180	17.3
9373	ニッコウトラ	1800	1820	1800	1810	23
9401	ＴＢＳ	4620	4620	4180	4330	544
9402	ＣＢＣ	1040	1040	960	960	1.2
9404	日テレ	77800	78000	75200	75900	38.73
9405	朝日放	10510	10910	10510	10790	0.9
9408	新潟放	765	765	765	765	1.1
9431	ＫＤＤ	11690	11940	11600	11880	252.4
9432	ＮＴＴ	1560000	1580000	1540000	1580000	12.229
9433	ＫＤＤＩ	1130000	1160000	1120000	1150000	11.034
9434	ボーダフォン	5030000	5030000	4650000	4880000	0.577
9435	光通信	39800	39800	39800	39800	11.8
9436	沖縄セルラー	642000	645000	635000	640000	0.016
9437	ＮＴＴドコモ	3920000	3980000	3880000	3980000	11.154
9438	ＭＴＩ	3100000	3100000	2850000	2940000	0.17
9439	ビーアイジー	6090000	6090000	5670000	5670000	0.006
9449	ＧＭＯインター	31300	31300	27100	29000	33
9470	学研	265	272	265	272	145
9471	文渓堂	572	572	560	560	3
9472	エスコム	480	480	459	471	40
9473	アスキー	2490	2490	2350	2400	34
9474	ゼンリン	3700	3750	3600	3690	7.3
9475	昭文社	5590	5590	5250	5370	84.1
9476	中央経済	0	0	0	0	0
9477	角川ＨＤ	20450	20700	20200	20250	23.6
9478	翔泳社	6740000	7010000	6650000	6800000	0.04
9501	東電	2290	2360	2280	2305	1587
9502	中部電	1535	1560	1530	1550	486
9503	関西電	1550	1568	1520	1566	645.6
9504	中国電	1265	1300	1265	1290	124.5
9505	北陸電	1256	1280	1253	1256	43.3
9506	東北電	1250	1261	1250	1259	415.9
9507	四国電	1240	1262	1240	1257	149.4
9508	九州電	1260	1267	1245	1260	393.8
9509	北海電	1240	1249	1235	1249	145.5
9511	沖縄電	1940	1940	1940	1940	0.9
9531	東ガス	238	245	237	244	9165
9532	大ガス	284	290	281	290	4529
9533	邦ガス	164	168	164	168	331
9534	北ガス	183	186	183	186	5
9535	広ガス	231	231	231	231	1
9536	西部ガス	153	155	152	155	63
9537	北陸ガ	300	301	300	301	58
9539	葉ガス	260	260	260	260	1
9540	中ガス	0	0	0	0	0
9541	大多喜ガス	365	366	365	366	5
9542	新日ガス	0	0	0	0	0
9600	アイネット	1310	1310	1300	1300	11
9601	松竹	565	565	558	565	27
9602	東宝	20640	20650	20530	20590	23.7
9603	ＨＩＳ	6850	6930	6800	6800	29.5
9604	際放映	0	0	0	0	0
9605	東映	878	900	874	900	294
9607	葵プロ	1799	1800	1700	1701	11
9608	福山コンサル	0	0	0	0	0
9609	ベンチャーリ	7300	7400	7100	7400	23.6
9610	ウィルソン	5800	5800	5650	5650	0.7
9611	Ｄワンダー	0	0	0	0	0
9612	ラックランド	2160	2180	2160	2180	3.3
9613	ＮＴＴデータ	1610000	1640000	1590000	1640000	8.237
9614	ベルシス24	63800	66500	63800	64900	15.5
9615	東京美装	755	765	755	757	9
9616	共立メンテ	3420	3490	3410	3490	0.4
9618	エームサービス	1200	1200	1200	1200	2
9619	イチネン	880	880	880	880	0.5
9620	スクウェア	7550	7650	7350	7440	99.1
9621	建設技研	630	638	621	631	4.2
9622	スペース	454	454	450	453	4.1
9623	キヤノンソフ	720	740	700	740	3
9624	長大	520	520	520	520	1.5
9625	セレスポ	225	225	225	225	1
9626	日本技開	0	0	0	0	0
9627	アインファマ	1820	1820	1800	1800	7
9628	燦ＨＤ	3600	3610	3500	3500	2.3
9629	ＰＣＡ	3900	3900	3900	3900	1
9630	アップ	0	0	0	0	0
9631	東急レク	585	585	572	572	3
9632	スバル	350	350	345	345	3
9633	テアトル	177	178	176	176	29
9634	修学社	1160	1170	1130	1150	126
9635	武蔵野	500	500	500	500	4
9636	きんえい	330	330	330	330	2
9637	オーエス	0	0	0	0	0
9638	情報技術	1050	1050	980	980	4
9639	三協フロンテ	312	334	312	334	2
9640	セゾン情報	841	841	840	840	5
9641	サコス	158	162	158	160	10.5
9642	コマスタ	10000	10000	10000	10000	0.1
9643	中日興	0	0	0	0	0
9644	タナベ経営	650	660	600	600	3.9
9645	ダイヤモンドコン	1899	1899	1850	1865	13
9646	タイトー	114000	115000	114000	115000	0.08
9647	協和コンサル	0	0	0	0	0
9648	ウエスコ	330	335	330	335	7.5
9649	明電エンジニア	590	607	590	607	14.3
9650	テクモ	2000	2035	1960	1990	18.8
9651	日本プロセス	710	730	700	730	23
9652	日本医療	1800	1800	1770	1790	21
9653	ＳＢＩパートナ	1900	1900	1800	1860	9
9654	コーエー	4390	4510	4300	4510	38.6
9656	三井ランド	528	528	526	526	3.3
9657	コムテック	492	492	480	480	2
9658	ビジ太田昭	920	930	910	930	6
9660	ＣＲＣソリュ	2230	2250	2230	2250	8
9661	歌舞伎	3750	3750	3710	3710	3
9662	アイフル	0	0	0	0	0
9663	ナガワ	770	785	770	785	15
9664	御園座	0	0	0	0	0
9665	吉本興	1490	1490	1460	1460	25
9667	ホリプロ	902	910	900	900	15
9668	相鉄企業	0	0	0	0	0
9669	オークネット	5700	5700	5650	5700	17.8
9671	よみランド	322	326	322	326	12
9672	東競馬	145	149	145	148	259
9673	甲子園土地	0	0	0	0	0
9674	花月園	0	0	0	0	0
9675	常磐興	147	149	145	149	22
9676	松戸公産	493	493	483	486	5
9677	日本ジャンボ	900	910	900	910	6.7
9678	カナモト	870	888	870	888	125
9679	ホウライ	410	410	400	400	2
9680	共成レンテム	712	712	712	712	1
9681	東京ドーム	556	570	547	570	297
9682	ＤＴＳ	7200	7250	7010	7020	34.5
9684	スク・エニ	5630	5630	5370	5400	56.7
9685	共同コンＨＤ	383	383	383	383	1
9686	東洋テック	470	480	465	480	4
9687	ＫＳＫ	780	780	780	780	4
9689	グリンハウス	0	0	0	0	0
9691	両毛システム	0	0	0	0	0
9692	シーイーシー	1960	1960	1850	1860	32
9694	日立ソフト	10810	11200	10750	10970	345
9695	鴨川グランド	0	0	0	0	0
9696	ウィザス	0	0	0	0	0
9697	カプコン	3650	3750	3600	3680	333.6
9698	クレオ	1380	1390	1380	1380	5
9699	西尾レント	699	700	692	692	2.4
9700	エスアールエル	1364	1364	1310	1311	42
9701	会舘	295	295	295	295	2
9702	アイエスビー	0	0	0	0	0
9703	ジェネラスコーポ	106	109	105	109	29
9704	東海観	81	83	78	83	897
9706	日本空港ビル	971	981	971	978	20
9707	メデカＪ	1510	1530	1500	1510	24
9708	帝ホテル	1650	1650	1650	1650	1
9709	日コンピュタ	765	765	765	765	1
9710	第一ホテ	150	169	150	160	401
9711	日コンシス	0	0	0	0	0
9712	ファイ	945	1040	945	1040	151
9713	ロイヤルホ	230	230	230	230	1
9714	ＳＲＡ	1810	1810	1800	1800	4
9715	トランスコス	23000	23400	22210	22210	272.4
9716	乃村工芸社	365	370	365	370	8
9717	ジャステック	3050	3050	3000	3000	1.2
9718	国際観光会館	0	0	0	0	0
9719	住商情報	5460	5500	5300	5500	29
9720	グランド	500	500	500	500	8
9722	藤田観	604	604	601	602	24
9724	新阪急ホテル	210	210	208	209	3
9725	東急ホテル	188	198	187	198	38
9726	近ツーリスト	332	335	325	332	36
9727	東急観光	135	135	131	135	12
9728	日本管財	1900	1920	1900	1900	5
9729	トーカイ	0	0	0	0	0
9730	ワオコーポ	385	385	385	385	3
9731	白洋舎	302	319	302	319	10
9732	東映ラボ	246	246	236	236	4
9733	ナガセ	0	0	0	0	0
9734	精養軒	792	792	792	792	0.5
9735	セコム	8890	8890	8640	8720	490
9736	白青舎	0	0	0	0	0
9737	ＣＳＫ	4420	4450	4240	4260	777.9
9738	インテック	3150	3190	3000	3100	152
9739	ＮＳＷ	8070	8250	8070	8250	5.9
9740	ＣＳＰ	0	0	0	0	0
9741	日立情報	4990	4990	4800	4950	27
9742	アイネス	1795	1795	1700	1710	205
9743	丹青社	637	645	635	637	10
9744	メイテック	3250	3250	3000	3100	82.9
9746	ＴＫＣ	2700	2725	2600	2695	17
9747	アサツーＤＫ	5310	5370	5120	5370	75.9
9748	ＮＪＫ	779	779	775	775	5
9749	富士ソフト	6530	6530	6200	6230	74.8
9750	ソラン	2110	2110	1751	2090	530
9751	ＴＩＳ	5330	5440	5100	5210	431
9752	ナムコ	4130	4130	3850	4010	226.2
9753	ＩＸナレッジ	811	811	810	810	3
9755	応用地質	1361	1361	1330	1359	8.2
9756	ＡＳＫ	747	750	735	750	22
9757	船井研	969	969	923	930	6
9758	ジシステム	855	870	833	840	28
9759	日システムデ	11390	11500	10320	10410	54.4
9760	進学会	0	0	0	0	0
9761	東海リース	189	189	187	188	8
9762	大和リース	325	328	321	328	150
9763	丸紅リ	158	169	158	169	14
9764	技研興	0	0	0	0	0
9765	オオバ	0	0	0	0	0
9766	コナミ	6210	6280	5990	6180	571.7
9767	日建工学	250	250	245	250	23
9768	国土環境	890	890	890	890	3
9769	学究社	0	0	0	0	0
9776	札臨	0	0	0	0	0
9777	日電計算	2700	2700	2600	2630	14.9
9778	昴	719	719	718	718	11
9779	メフォス	1150	1250	1150	1250	6
9780	ビステム	0	0	0	0	0
9781	石川島汎サ	0	0	0	0	0
9782	ＤＭＳ	0	0	0	0	0
9783	ベネッセ	9300	9600	9150	9590	114.4
9784	日工検	0	0	0	0	0
9785	大新東	355	360	350	360	4
9786	キャッツ	1590	1590	1510	1510	7
9787	Ｊメンテ	969	977	960	977	3.3
9788	ナック	1020	1025	1000	1010	6.6
9789	栄光	417	417	417	417	2
9790	福井コン	734	735	734	735	3
9791	ビケンテクノ	840	840	840	840	3
9792	ニチイ学館	11560	11560	11400	11400	34.4
9793	ダイセキ	2070	2090	1940	1990	95.7
9794	カラカミ観光	706	706	705	705	2
9795	ステップ	0	0	0	0	0
9796	ダイテック	1370	1370	1350	1350	7.1
9797	大日本コン	282	282	278	278	1.7
9798	シダックス	3000	3100	2950	2950	1.7
9799	旭情報	1310	1340	1310	1340	2
9810	日鉄商	110	110	110	110	1
9811	アスティス	0	0	0	0	0
9812	テーオー	2100	2100	2000	2000	2
9813	トッキ	2550	2550	2400	2400	5
9814	アシックス商	640	640	640	640	2
9815	カテナ	895	895	870	870	42
9816	バーテックス	640	640	630	630	13
9817	ゴトー	0	0	0	0	0
9818	大丸エナ	645	645	645	645	1
9820	エムティＧ	210	210	200	200	2
9821	日アムウ	900	900	900	900	0.6
9822	なが多	153	155	139	145	2779
9823	マミーマート	0	0	0	0	0
9824	泉州電	550	550	541	541	2
9825	アズウェル	430	430	416	416	5.3
9826	ＪＥＵＧＩＡ	0	0	0	0	0
9827	リリカラ	186	186	183	183	5
9828	元気寿司	0	0	0	0	0
9829	ながの東急	0	0	0	0	0
9830	トラスコ中山	1278	1325	1278	1325	2.8
9831	ヤマダ電	9690	9690	9520	9520	93
9832	オートバクス	2850	2935	2850	2930	35.3
9833	エルクコーポ	0	0	0	0	0
9834	リオチェン	420	420	420	420	0.7
9835	ジュンテン	0	0	0	0	0
9836	リーバイス	644	644	640	640	6
9837	モリト	500	500	490	490	8
9838	トラベラー	860	860	860	860	1
9839	ゲッツブラザーズ	599	599	598	599	4
9840	ホーマック	2450	2590	2450	2550	38.3
9841	ＢＭＢ	434	450	431	445	70
9842	アークランド	1200	1250	1200	1250	47
9844	ユーエスシー	1430	1430	1380	1380	3
9845	パーカー	0	0	0	0	0
9846	天満屋ス	0	0	0	0	0
9847	ソリスト	468	468	435	435	5
9848	トヨタカローラ岐阜	880	880	880	880	104
9849	河内屋紙	0	0	0	0	0
9850	グルメ杵屋	710	710	710	710	1
9852	中央物産	280	280	280	280	2
9853	銀座ルノア	0	0	0	0	0
9854	愛眼	1000	1000	983	986	11.3
9855	くろがねや	501	501	501	501	1
9856	ケーユー	860	860	850	850	0.5
9857	英和	0	0	0	0	0
9858	明光商会	2000	2000	1910	1950	10.6
9859	ユーストア	0	0	0	0	0
9860	岐阜日野	0	0	0	0	0
9861	吉野家ディー	1800000	1840000	1780000	1790000	0.211
9862	メモレックス・テレ	350	350	350	350	1
9863	靴のマルトミ	135	140	135	136	16.8
9864	ナカイ	335	340	330	340	4
9865	日商エレク	3300	3340	3110	3300	37
9867	ソレキア	600	600	585	595	45
9868	トリイ	0	0	0	0	0
9869	加藤産	625	625	625	625	3
9870	ハナテン	1880	1900	1880	1900	0.5
9871	イトーキ	230	230	230	230	1
9872	北恵	0	0	0	0	0
9873	ケンタッキー	1090	1095	1090	1091	12
9875	マツモトキヨ	8390	8450	8300	8390	59.1
9876	コックス	505	505	505	505	3
9877	マルフル	240	240	240	240	1
9878	セキド	0	0	0	0	0
9879	フタタ	0	0	0	0	0
9880	イノテック	4900	4970	4800	4970	28
9882	イエロハット	1000	1020	986	1020	29.3
9883	富士エレ	1970	2050	1940	2040	6
9884	都築電産	837	837	837	837	8
9885	シャルレ	681	690	681	690	2
9887	松屋フーズ	3010	3150	3010	3150	14
9888	ＵＥＸ	0	0	0	0	0
9889	ＪＢＣＣ	4650	4800	4510	4800	56
9890	マキヤ	0	0	0	0	0
9892	卑弥呼	1110	1120	1110	1120	2
9893	ホームワイド	0	0	0	0	0
9894	アトル	0	0	0	0	0
9895	コンセック	262	262	261	261	2
9896	Ｊ建材	0	0	0	0	0
9897	ユニダックス	741	749	739	740	22
9898	サハダイヤ	380	380	365	366	185
9899	サンデサン	0	0	0	0	0
9900	サガミ	805	805	800	801	12
9901	宮	0	0	0	0	0
9902	日伝	1380	1380	1380	1380	2
9903	カンセキ	115	115	115	115	4
9904	ベリテ	227	227	227	227	1
9905	コージツ	0	0	0	0	0
9906	藤井産業	0	0	0	0	0
9907	大電社	0	0	0	0	0
9908	日本電計	524	525	505	520	16
9909	愛光電気	0	0	0	0	0
9911	真電	415	415	410	413	6
9912	ダイワボ情	1431	1440	1420	1420	45.5
9913	日邦産業	313	313	313	313	1
9914	植松商会	291	291	290	290	3
9915	アサヒビールＳ	0	0	0	0	0
9916	バイタルＮ	600	616	600	616	1.3
9917	マツモト電器	0	0	0	0	0
9918	ダイワラクダ	0	0	0	0	0
9919	関西スーパ	0	0	0	0	0
9920	シービーエム	1650	1650	1650	1650	1
9921	ギガス	0	0	0	0	0
9922	日立機材	603	634	600	634	14
9923	ダイトーエム	0	0	0	0	0
9924	ドミー	504	504	504	504	8
9925	北の家族	1000	1000	1000	1000	9
9926	ダイカ	360	390	360	390	2
9927	ワットマン	0	0	0	0	0
9928	ミロク情報	1391	1391	1361	1361	3.5
9929	平和紙業	0	0	0	0	0
9930	北沢産	263	263	260	263	3
9931	家族亭	0	0	0	0	0
9932	杉本商	0	0	0	0	0
9934	因幡電産	1170	1170	1125	1145	4.3
9935	あずみ	284	284	284	284	2
9936	王将フード	1340	1340	1340	1340	5
9937	セシール	2950	2980	2890	2910	37.5
9938	住金物産	100	102	100	100	22
9939	すみや	0	0	0	0	0
9941	太洋物産	178	178	178	178	1
9943	ココス	590	590	590	590	1
9944	インパクト	1800	1818	1760	1810	4.8
9945	プレナス	5150	5250	5150	5250	4
9946	ミニストップ	2330	2350	2305	2350	23.9
9947	シムリー	1400	1502	1400	1500	55.8
9948	アークス	1300	1300	1290	1290	9
9949	タイヨー	2570	2590	2570	2590	5
9950	ハチバン	519	519	519	519	1
9951	カーマ	520	520	510	516	36.4
9952	ドトール	7990	8040	7750	8000	50
9953	ダイキ	1364	1365	1350	1365	1.9
9954	東京小僧寿し	575	575	575	575	2
9955	ヨンキュウ	2340	2420	2340	2420	4.8
9956	バロー	0	0	0	0	0
9957	バイテック	1630	1640	1600	1600	13
9958	サリ	310	310	310	310	5
9959	アシード	798	798	798	798	2
9960	東テク	460	460	460	460	1
9961	エムオーテック	150	150	150	150	5
9962	駿河製機	10500	10550	10300	10500	85.4
9963	江守商事	380	380	380	380	1
9964	アイ・テック	820	820	820	820	1
9965	福原	505	505	505	505	6
9966	藤久	2170	2170	2120	2120	1.3
9967	堺商事	0	0	0	0	0
9968	イチヤ	0	0	0	0	0
9969	ショクブン	940	940	935	935	2
9970	東洋オフィス	0	0	0	0	0
9971	カウボーイ	565	575	560	570	9
9972	アルテック	1280	1281	1206	1207	8.8
9973	小僧本部	0	0	0	0	0
9974	ベルク	850	850	850	850	1
9975	マルヤ	3250	3250	3250	3250	0.1
9976	セキチュー	0	0	0	0	0
9977	アオキスーパ	0	0	0	0	0
9978	文教堂	0	0	0	0	0
9979	大庄	1131	1131	1040	1090	90.5
9980	マルコ	940	950	930	930	4.7
9981	ニック産業	0	0	0	0	0
9982	タキヒヨー	480	480	480	480	1
9983	ファストリ	48750	48750	46500	48000	123.9
9984	ソフトバンク	73000	73500	70000	71300	602.7
9985	榮太郎	775	775	760	760	4
9986	蔵王産業	0	0	0	0	0
9987	スズケン	2440	2510	2430	2460	77.7
9988	神港魚類	0	0	0	0	0
9989	サンドラッグ	7270	7290	7100	7100	3.2
9990	東京デリカ	500	500	500	500	1
9991	ジェコス	361	378	361	378	6.4
9992	理研グリン	0	0	0	0	0
9993	ヤマザワ	0	0	0	0	0
9994	やまや	645	645	645	645	0.5
9995	イーストン	760	765	755	755	13
9996	サトー商会	630	630	620	620	2
9997	ベルーナ	2190	2190	2085	2090	26
