20000315
1001	日経２２５	19120	19120	18766	19079	62.566
1002	ＴＯＰＩＸ	1582	1605	1569	1605	62.566
1301	極洋	154	154	150	151	193
1319	日経300F	285	292	285	292	907
1331	ニチロ	173	177	167	177	161
1332	日水	175	184	169	184	864
1333	マルハ	122	124	120	124	627
1351	宝幸水産	88	89	85	87	38
1352	ホウスイ	96	96	90	91	13
1376	カネコ種	950	1050	950	1050	14
1377	サカタタネ	2255	2275	2230	2245	55.1
1378	雪国まいたけ	800	810	780	780	6
1379	ホクト	5100	5200	5000	5180	26.3
1380	秋川牧園	620	620	620	620	1
1491	中外鉱	145	152	141	149	3729
1501	三井鉱山	104	104	99	100	409
1503	住友炭	110	110	102	106	191
1515	日鉄鉱	218	218	212	218	39
1518	三井松島	178	180	169	175	235
1601	帝石	327	331	316	320	944
1603	アラビア石油	504	522	492	496	323
1661	ガス開	373	377	372	375	183
1701	昭和鉱	260	262	256	262	22
1702	共立マテリア	250	250	250	250	10
1737	三井エンジ	425	430	415	425	179
1738	ＮＩＴＴＯＨ	411	411	390	410	8
1739	ＳＥＥＤ	410000	410000	410000	410000	0.002
1740	極東工業	450	450	450	450	4
1741	ミサワサンイ	0	0	0	0	0
1742	セコムテクノ	2495	2590	2490	2500	18
1743	コーアツ工業	535	535	535	535	17
1744	キョーエイ	700	700	675	675	11
1745	ミサワホーム東海	360	360	360	360	5
1746	7	0	0	0	0	0
1748	ミサワ北日	0	0	0	0	0
1749	大和通信	336	340	335	340	10
1750	カナック	0	0	0	0	0
1751	日立プラサ	0	0	0	0	0
1752	富士通シス	1450	1450	1380	1400	15
1753	土屋ツバイ	135000	135000	135000	135000	0.002
1754	東新住建	850	850	850	850	2
1755	JFE工建	352	352	352	352	3
1756	和興エンジ	0	0	0	0	0
1757	千年の杜	380	380	380	380	3
1758	太洋基礎	0	0	0	0	0
1759	ジオトップ	314	314	310	313	14
1762	高松建設	1750	1750	1745	1745	5.5
1763	北陸ミサワ	0	0	0	0	0
1764	工藤建設	225	225	225	225	1
1765	イビデンテック	280000	300000	280000	300000	0.007
1766	東建コーポ	1500	1530	1500	1530	16
1767	沖ウィン	519	519	519	519	2
1768	ソネック	0	0	0	0	0
1769	ピコイ	49	50	49	50	3
1770	藤田エンジ	0	0	0	0	0
1772	東北エンタープライズ	365	365	355	355	6
1774	機動建	0	0	0	0	0
1775	富士電Ｅ＆Ｃ	260	280	260	260	25
1776	三井住建道路	120	120	120	120	7
1777	川崎設備	315	315	315	315	3
1778	古河総設	0	0	0	0	0
1779	松本建工	0	0	0	0	0
1780	ヤマウラ	375	375	340	340	6
1781	国土総合	351	351	351	351	1
1782	常磐開発	0	0	0	0	0
1783	南野建設	0	0	0	0	0
1784	サワコー	550	550	539	539	8.9
1785	ナナボシ	420	425	420	425	3
1786	オリ建	452	455	442	450	33
1787	ナカボテック	330	330	330	330	5
1788	三東工業	197	197	197	197	3
1789	山加電業	450	450	450	450	1
1790	平和奥田	435	470	430	470	3
1791	三井木材	125	130	125	130	23
1792	みらい建設Ｇ	226	232	226	230	48
1793	大本組	500	500	500	500	1
1795	マサル	0	0	0	0	0
1796	トヨタウッド	299	299	299	299	0.1
1797	藤木工務店	419	430	419	430	2
1798	守谷商会	0	0	0	0	0
1799	第一建設	0	0	0	0	0
1800	利塚地下技術	260	260	260	260	2
1801	大成建	178	184	176	183	1445
1802	大林組	350	350	330	337	2275
1803	清水建	292	292	280	287	1230
1804	佐藤工業	65	67	62	64	406
1805	飛島建	66	67	62	64	323
1806	ACリアル	60	64	58	62	950
1807	渡辺組	160	160	160	160	1
1808	長谷工	41	42	40	41	2418
1809	富士工	88	92	88	92	28
1810	松井建	319	319	310	318	17
1811	銭高組	285	285	285	285	2
1812	鹿島	281	286	279	283	1119
1813	不動建	159	160	153	160	74
1814	大末建	87	87	82	86	181
1815	鉄建	135	135	125	128	446
1816	安藤建	200	214	198	213	33
1817	勝村建	145	149	141	146	192
1818	日産建設	98	103	97	99	93
1819	太平工	166	170	166	169	12
1820	西松建	370	370	352	359	777
1821	三井住友建	83	86	83	86	131
1822	大豊建	159	159	153	154	353
1823	住友建設	90	91	89	91	116
1824	前田建	268	274	262	274	390
1825	環境建設	105	105	101	101	103
1826	佐田建	153	160	153	159	16
1827	ナカノフドー建	94	95	93	95	14
1828	田辺工業	0	0	0	0	0
1829	大和建設	100	100	100	100	7
1830	共栄冷機工業	0	0	0	0	0
1831	積水ハ北陸	440	440	440	440	1
1833	奥村組	342	342	315	315	333
1834	小田急建	256	256	221	221	4.5
1835	東鉄工	217	220	217	220	5
1836	大日本土木	134	135	134	135	13
1837	間組	70	72	67	72	481
1838	古久根建設	113	117	111	115	20
1839	真柄建	175	180	169	180	11
1840	土屋ホーム	265	265	260	265	4.5
1841	サンユ	0	0	0	0	0
1842	昭和テクノ	535	535	535	535	1
1844	大盛工業	169	169	165	165	9
1845	森本組	125	134	120	134	9
1846	鈴縫工	0	0	0	0	0
1847	イチケン	120	120	119	120	19
1848	富士ＰＳ	480	510	480	510	4
1850	南海辰村建	76	76	75	75	20
1851	大木建設	193	196	185	191	30
1852	浅沼組	152	152	146	150	35
1853	森組	110	110	110	110	1
1854	新井組	152	153	150	153	17.8
1855	東急建設	66	70	66	70	209
1856	ジェイオー建設	0	0	0	0	0
1857	松村組	120	120	118	120	13
1858	井上工	53	53	40	50	27
1860	戸田建	381	384	371	371	587
1861	熊谷組	75	77	72	72	935
1862	横河工事	315	315	315	315	1
1863	テトラ	222	224	221	221	8
1865	青木あすなろ建	145	149	145	149	12
1866	北野建	298	298	291	295	27
1867	植木組	163	166	163	166	7
1868	三井ホーム	382	390	381	384	59
1869	名工建	0	0	0	0	0
1870	矢作建	374	375	370	375	5
1871	ピーエス三菱	434	434	405	405	23.6
1872	アゼル	330	333	320	333	124
1873	東ハウス	445	446	440	440	21
1874	佐藤秀	130	149	130	149	2
1875	青木マリン	0	0	0	0	0
1877	川田建設	0	0	0	0	0
1878	大東建	1637	1680	1630	1645	214.2
1879	新日本建	208	208	208	208	1
1880	スルガコーポ	0	0	0	0	0
1881	ＮＩＰＰＯ	443	450	440	450	183
1882	東亜道	234	240	233	233	45
1883	前田道	456	464	455	455	100
1884	日道路	167	167	158	159	115
1885	東亜建	140	143	140	143	291
1886	青木建設	47	47	45	46	899
1888	若築建	152	158	152	157	43
1889	佐伯建	150	158	148	158	88
1890	東洋建	101	101	98	100	242
1892	徳倉建	0	0	0	0	0
1893	五洋建	153	153	150	153	505
1895	大成ロテック	175	175	171	175	100
1896	大林道	410	418	405	410	53
1897	金下建	515	520	515	515	3
1898	世紀東急	95	95	91	92	68
1899	福田組	258	258	250	253	61
1900	白石	175	175	171	171	8
1902	山崎建設	0	0	0	0	0
1904	大成温調	387	387	386	387	22
1905	テノックス	245	245	245	245	2
1906	細田工務	0	0	0	0	0
1907	東北ミサワ	510	510	510	510	1.5
1908	三平建設	0	0	0	0	0
1909	日本ドライ	321	324	310	310	33.5
1910	フドウ建研	210	210	210	210	2
1911	住友林	637	637	599	604	206
1912	ミサワセラミ	0	0	0	0	0
1913	旭ホームズ	0	0	0	0	0
1914	日基技	520	530	510	520	28.1
1915	東京ミサワホーム	0	0	0	0	0
1916	日成ビルド	169	173	166	171	59
1917	ニッセキハウス	128	135	126	135	428
1919	エスバイエル	272	275	272	274	50
1920	殖産住宅相互	98	101	97	101	408
1921	巴	178	178	168	169	5
1922	大成ユーレック	90	90	89	90	25
1923	ミサワホーム	355	360	352	360	105
1924	パナホーム	533	540	529	529	129
1925	大和ハウス	660	664	640	653	3471
1926	ライト	501	502	486	490	47
1927	中 部	300	300	300	300	6
1928	積ハウス	820	820	806	812	1015
1929	日特建	185	188	185	185	31
1930	北陸電工	256	256	247	247	4
1931	日本電通	0	0	0	0	0
1932	コミュチュア	510	510	500	510	6
1933	西シス建	0	0	0	0	0
1934	ユアテック	310	310	298	298	151
1935	ＴＴＫ	324	324	324	324	1
1936	シーキューブ	0	0	0	0	0
1937	西部電工	306	306	305	305	12
1938	千歳電	0	0	0	0	0
1939	四電工	281	290	280	282	65
1940	つうけん	235	240	231	240	5
1941	中電工	1412	1500	1400	1500	31
1942	関電工	406	408	400	406	184
1943	大明	850	867	850	859	110
1944	きんでん	705	707	694	694	108
1945	東京エネシス	370	384	370	384	19
1946	トーエネク	370	390	370	390	11
1947	日本コムシス	1462	1557	1450	1555	356
1948	弘電社	295	295	295	295	1
1949	住友電設	540	560	540	547	11.1
1950	電設工	278	278	267	269	291
1951	協エクシオ	742	752	740	750	112
1952	新日空調	395	396	392	395	7.3
1953	国際電設	0	0	0	0	0
1954	日工営	179	179	174	174	202
1955	東電通	405	409	397	401	74
1956	日電設	401	401	400	400	41
1957	保安工	209	209	205	205	4
1958	三和エレック	276	300	276	299	4
1959	九電工	305	305	297	298	273
1960	サンテック	300	300	295	296	27
1961	三機工	465	465	451	455	113
1962	エルゴテック	0	0	0	0	0
1963	日揮	258	261	256	258	271
1964	中外炉	245	245	242	242	9
1965	テクノ菱和	435	437	435	437	15
1966	高田工	0	0	0	0	0
1967	ヤマト	338	339	330	330	7
1968	太平電	248	292	245	289	197
1969	高砂熱	540	540	525	527	49
1970	日立プラ	250	250	238	248	73
1971	ビルト工	70	70	70	70	5
1972	三晃金	107	107	101	101	14
1973	ＮＥＣシス建	1499	1499	1460	1470	83.9
1974	宮地建設工業	0	0	0	0	0
1975	朝日工	191	192	190	192	30
1976	明星工	151	151	151	151	7
1977	ジェイコス	450	450	450	450	1
1978	アタカ	285	285	285	285	1
1979	大気社	670	670	640	651	209
1980	ダイダン	427	437	410	410	16
1981	協和日成	0	0	0	0	0
1982	日比谷設	518	520	518	520	33
1983	東芝プラ	225	225	206	206	181
1984	三信建	201	201	200	200	5
1985	大和電設	300	300	300	300	5
1986	日商インター	1690	1780	1600	1780	14
1987	ソルコム	0	0	0	0	0
1988	シボンド建	1250	1260	1238	1255	129.5
1989	北陸電話	300	310	300	310	4
1990	東邦建	260	260	260	260	3
1991	都築通技	0	0	0	0	0
1992	神田通機	480	480	480	480	3
1993	ニッタン	186	186	185	185	4
1994	高橋ウォール	0	0	0	0	0
1995	鈴木工務店	0	0	0	0	0
1996	三菱建設	175	175	175	175	1
1997	暁飯島工業	136	136	136	136	3
1998	日本土建	1000	1000	1000	1000	2
2001	日本粉	246	250	241	242	417
2002	日清粉	810	818	780	807	856
2003	日東粉	208	209	208	209	3
2004	昭和産	182	182	179	182	110
2006	東福粉	89	90	89	89	43
2007	富士粉	0	0	0	0	0
2008	増田粉	0	0	0	0	0
2009	鳥越粉	370	371	365	366	27
2051	農産工	187	191	184	190	120
2052	協同飼	123	123	118	121	92
2053	中部飼	0	0	0	0	0
2055	日和産	225	225	225	225	1
2056	日配飼	114	118	114	118	46
2057	雪印種	600	600	600	600	2
2102	台糖	232	232	230	232	24
2107	東洋糖	145	148	143	146	27
2108	甜菜糖	175	181	170	181	156
2109	三井糖	178	184	176	184	41
2111	フジ製糖	200	200	200	200	3
2112	塩水糖	352	352	350	351	18
2113	新光糖	0	0	0	0	0
2114	フジ日本精糖	257	257	257	257	1
2116	日新糖	112	112	110	110	18
2201	森永	236	238	232	233	546
2202	明菓	706	720	692	720	430
2204	中村屋	274	278	274	278	16
2205	駿河屋	69	69	69	69	2
2206	グリコ	485	489	485	485	118
2207	名糖産	1030	1030	1018	1030	9
2208	ブルボン	0	0	0	0	0
2209	井村屋	405	410	403	410	15
2211	不二家	250	250	247	249	145
2212	山パン	916	920	900	911	213
2213	ナガサキヤ	55	80	55	65	13
2215	一パン	270	270	260	260	76
2216	カンロ	284	284	265	265	10
2217	モロゾフ	190	197	190	197	8
2219	タカラブネ	108	108	105	105	40
2220	亀田製菓	0	0	0	0	0
2221	岩塚製菓	0	0	0	0	0
2222	寿製菓	0	0	0	0	0
2224	コモ	2080	2110	2030	2100	11
2261	明乳	615	616	582	608	1443
2262	雪印	456	470	448	466	519
2264	森永乳	285	290	281	283	139
2266	六甲バタ	260	260	245	260	9
2267	ヤクルト	880	885	865	885	312
2268	サーティワン	0	0	0	0	0
2281	プリマ	130	130	126	128	221
2282	日ハム	1049	1049	1011	1022	347
2284	伊藤ハ	436	443	429	433	181
2286	林兼	130	138	130	137	37
2287	雪印食品	238	238	238	238	1
2288	丸大食	176	176	172	174	119
2289	相模ハム	620	620	620	620	2
2290	米久	1050	1050	1025	1030	66.5
2291	福留ハ	0	0	0	0	0
2292	ＳＦＯＯＤＳ	720	720	690	690	11
2293	滝沢ハム	747	747	747	747	2
2294	柿安本店	1000	1000	1000	1000	2
2501	サッポロＨＤ	388	395	376	387	682
2502	アサヒ	1016	1030	1005	1010	1116
2503	キリン	1261	1269	1222	1260	1639
2531	宝ＨＤ	2045	2350	2045	2350	3594
2533	オエノンＨＤ	259	260	254	260	58
2536	メルシャン	319	325	305	310	268
2538	マルキン忠勇	152	152	151	151	3
2540	養命酒	664	666	664	666	11
2541	ニッカ	262	265	260	265	8
2571	中京コカ	920	920	899	910	95
2572	三国コカ	1180	1180	1140	1170	128
2573	北海コカ	0	0	0	0	0
2575	三笠コカ	890	890	890	890	0.4
2576	近畿コカ	1110	1110	1090	1091	57
2577	富士コカ	999	1010	995	995	23
2578	四国コカ	993	1000	993	999	20
2579	コカウエスト	2650	2660	2550	2650	84.5
2591	カルピス	530	530	517	527	44
2592	ポッカ	510	510	500	510	34
2593	伊藤園	10500	11100	10500	11000	49
2594	キーコーヒー	1320	1340	1310	1340	6.3
2595	キリンビバ	2000	2040	2000	2000	196
2596	キューサイ	6020	6030	6000	6010	87.1
2597	ユニカフェ	3110	3200	3100	3120	4.8
2598	アサヒ飲料	1001	1020	990	992	49
2601	ホーネンコーポ	190	190	183	184	157
2602	日清オイリオ	293	293	280	283	529
2604	吉原製油	245	250	245	248	16
2605	熊沢製油	0	0	0	0	0
2607	不二油	672	672	665	669	210
2608	ボーソー	0	0	0	0	0
2611	摂津油	0	0	0	0	0
2612	かどや製油	765	765	750	760	4
2801	キッコマン	725	725	693	709	492
2802	味の素	1170	1174	1103	1139	1060
2803	丸金醤油	0	0	0	0	0
2804	ブルドック	600	600	600	600	1
2805	エスビー	580	580	580	580	3
2806	ユタカフーズ	0	0	0	0	0
2808	サンビシ	0	0	0	0	0
2809	キユーピー	759	759	720	720	226
2810	ハウス食品	1480	1500	1456	1494	69
2811	カゴメ	919	939	910	939	65
2812	焼津水化	1425	1630	1400	1630	16.5
2813	和弘食品	0	0	0	0	0
2814	佐藤食品	0	0	0	0	0
2815	アリアケ	5350	5350	5000	5000	37
2816	ダイショー	920	930	910	930	3
2817	ギャバン	461	471	461	471	6
2830	アヲハタ	0	0	0	0	0
2831	はごろも	1500	1500	1485	1500	44
2871	ニチレイ	292	296	285	295	444
2872	セイヒョー	0	0	0	0	0
2873	加ト吉	1980	1995	1950	1990	83
2874	ヨコレイ	496	503	496	496	37
2875	東洋水	710	710	708	710	54
2876	ＪＣコムサ	380	440	380	440	25
2877	日東ベスト	0	0	0	0	0
2878	赤城水産	405	405	400	400	3
2879	ニチロサンフズ	490	490	490	490	5
2891	酵母工	648	648	600	640	67
2892	日食品	312	320	312	312	12
2893	ローマイヤ	145	145	145	145	1
2894	石井食	285	285	285	285	3
2897	日清食	2155	2155	2090	2100	248.8
2898	ソントン	1020	1020	1020	1020	3
2899	永谷園	915	939	915	939	4
2900	明星食	235	235	231	231	3
2901	石垣食	0	0	0	0	0
2902	太陽化	445	445	445	445	5
2903	シノブフズ	163	163	158	159	12
2904	一正蒲鉾	0	0	0	0	0
2905	オーケー食	125	125	125	125	1
2906	ホッコク	0	0	0	0	0
2907	あじかん	760	760	760	760	1
2908	フジッコ	1690	1750	1660	1750	18
2909	トオカツフズ	280	280	280	280	3
2910	Ｒフィールド	4100	4150	4100	4140	31.5
2911	旭松食品	0	0	0	0	0
2912	鐘崎	0	0	0	0	0
2913	フジフーズ	0	0	0	0	0
2914	ＪＴ	707000	710000	691000	700000	1.418
2915	ケンコーマヨ	440	440	440	440	3
2916	仙波糖化	0	0	0	0	0
2917	大森屋	655	670	655	670	5
2918	わらべ日洋	1070	1070	1070	1070	2
2920	ケイビー	0	0	0	0	0
2921	フクシマフズ	0	0	0	0	0
2922	なとり	751	751	750	750	4
3001	片倉	454	465	454	465	31
3002	グンゼ	258	258	253	253	235
3003	昭栄	0	0	0	0	0
3004	神栄	136	140	135	139	9
3007	神戸生絲	59	60	59	60	11
3009	川島織	113	117	112	116	48
3010	上毛	1049	1090	1049	1080	31
3011	バナーズ	90	90	87	87	7
3101	東洋紡	150	151	146	148	759
3102	カネボウ	172	174	170	172	384
3103	ユニチカ	79	79	75	78	504
3104	富士紡Ｈ	109	109	101	103	253
3105	日清紡	511	522	495	504	763
3106	クラボウ	162	162	152	153	1265
3107	ダイワボウ	109	109	105	108	18
3109	シキボウ	81	81	78	78	68
3110	日東紡	148	149	144	146	253
3111	オーミケン	75	77	70	70	10
3113	ＢＳＬ	73	73	70	72	40
3114	同興紡	100	110	98	110	49
3115	テザック	66	66	64	66	76
3116	トヨタ紡織	700	789	700	780	44
3117	興和紡	0	0	0	0	0
3121	アセットイン	58	58	58	58	2
3123	サイボー	0	0	0	0	0
3125	内外綿	69	69	69	69	1
3128	テラボウ	0	0	0	0	0
3129	ファブリカＴ	0	0	0	0	0
3201	日毛	363	364	358	362	43
3202	大東紡	109	109	102	108	85
3203	東亜紡織	100	100	95	100	15
3205	ダイドー	205	205	201	204	29
3206	南海毛糸紡績	99	99	99	99	1
3207	中央毛	129	129	126	126	4
3209	カネヨウ	130	130	130	130	5
3211	太陽毛絲紡	125	125	125	125	2
3216	御幸ＨＤ	405	405	401	402	11
3302	帝繊維	170	170	167	167	5
3304	トスコ	161	207	161	207	308
3306	日本麻	63	65	60	65	22
3401	帝人	420	421	406	418	1607
3402	東レ	360	363	336	346	4791
3403	東邦テナ	172	186	165	171	288
3404	三菱レ	259	265	242	251	3046
3405	クラレ	940	977	935	975	1184
3407	旭化成	663	667	646	663	2426
3408	サカイオーベ	92	92	86	90	46
3409	北日紡	135	164	135	164	4
3411	オートリ	165	166	165	166	10
3420	ケーエフシー	1090	1100	1090	1100	6
3421	稲葉製作	980	1000	972	1000	16.5
3422	丸順	0	0	0	0	0
3423	エスイー	610	610	610	610	1
3501	住江織	112	114	105	114	29
3503	東和織	60	60	60	60	2
3512	フエルト	260	260	260	260	3
3513	イチカワ	163	166	163	166	14
3514	バイリーン	205	208	200	208	27
3515	フジコー	410	410	410	410	1
3521	エコナック	110	115	110	110	131
3524	日東網	101	105	101	101	9
3526	芦森工	220	221	215	217	47
3528	グローベルス	102	105	102	103	38
3529	アツギ	119	119	116	119	205
3532	堀田産	70	70	70	70	1
3533	ダイオ化成	0	0	0	0	0
3534	ＮＢＣ	770	780	770	770	8
3551	ダイニック	170	172	168	172	21
3552	洋クロス	150	159	150	159	11
3553	共和レ	460	465	455	465	5
3569	セーレン	261	265	255	258	91
3570	オリカキャピ	120	120	115	116	7
3571	ソトー	460	460	460	460	1
3572	大同マルタ	0	0	0	0	0
3576	カンボウ	92	92	92	92	5
3577	東海染	125	130	125	126	18
3578	倉庫精	0	0	0	0	0
3580	小松精	340	340	340	340	2
3581	岐セン	0	0	0	0	0
3583	オーベクス	118	118	117	117	2
3584	福助	168	176	161	162	24
3585	トムスエンタ	555	655	496	655	1048
3587	ＩＢダイワ	304	360	275	360	393
3588	丸山工	0	0	0	0	0
3591	ワコール	890	890	878	883	248
3592	ＣＨＯＹＡ	0	0	0	0	0
3593	ホギメデ	6300	6480	6300	6450	20.3
3594	モリシタ	0	0	0	0	0
3595	ヤギコーポ	290	290	288	290	27
3596	ワールド	10500	10600	10370	10500	127.3
3597	自重堂	0	0	0	0	0
3598	山喜	263	263	263	263	1
3599	コーコス	0	0	0	0	0
3600	フジックス	0	0	0	0	0
3601	ニチメンイン	1600	1620	1550	1550	20.9
3602	イタリヤード	245	245	235	235	4
3603	チャッコット	635	650	635	650	6
3706	東海パ	399	420	394	420	20
3861	王子紙	614	618	596	600	1608
3863	日本製紙	580	582	570	576	1649
3864	三菱紙	137	140	133	135	233
3865	北越紙	707	725	702	719	305
3868	高崎三興	85	86	81	86	43
3869	日本板紙	220	233	217	231	152
3870	日本加工製紙	74	74	72	74	49
3871	大昭和紙	550	559	540	555	146
3872	三島紙	180	180	180	180	3
3877	中越パ	150	157	150	157	106
3878	巴川紙	450	473	438	471	18
3880	大王紙	730	745	725	745	54
3881	特種紙	395	398	390	393	50
3882	紀州紙	166	170	166	170	5
3886	チューエツ	90	90	90	90	10
3887	中央板紙	91	95	90	95	15
3889	大平製紙	0	0	0	0	0
3890	ゼネＫＫ	621	700	620	700	17
3891	高度紙	1600	1600	1560	1560	2
3941	レンゴー	520	529	520	522	707
3944	古林紙	133	133	125	125	8
3945	スパバッグ	182	182	182	182	1
3946	トーモク	185	185	180	185	43
3947	ダイナパック	0	0	0	0	0
3948	光ビジネス	705	705	699	699	7
3949	日本ハイパック	290	299	290	299	13
3950	ザ・パック	0	0	0	0	0
3951	朝日印刷	0	0	0	0	0
3952	中央紙器	0	0	0	0	0
3953	大村紙業	0	0	0	0	0
3954	昭和パックス	0	0	0	0	0
3971	東セロ	267	267	267	267	1
4003	コープケミ	95	95	91	95	12
4004	昭電工	135	138	128	129	2259
4005	住友化学	448	474	425	472	3151
4006	チッソ 	23	23	18	20	1810
4007	日化成	141	145	140	141	25
4008	住友精化	263	263	260	260	88
4010	三菱化学	388	393	375	387	2444
4021	日産化	532	532	510	511	504
4022	ラサ工	341	350	336	343	259
4023	呉羽化	292	292	277	290	750
4025	多木化	359	370	353	370	30
4026	神島化	0	0	0	0	0
4027	テイカ	245	245	242	245	21
4028	石原産	176	204	176	203	7266
4031	チッカリン	409	409	401	409	11
4032	日東バイオン	231	231	227	230	13
4033	日東エフシー	391	391	381	381	2
4041	日曹達	282	286	270	276	314
4042	東ソー	470	470	445	455	1294
4043	トクヤマ	460	465	430	441	672
4044	セ硝子	230	235	230	234	447
4045	東合成	183	185	174	181	561
4046	ダイソー	198	204	198	204	11
4047	関電化	293	295	286	290	28
4050	鶴見曹達	332	332	330	330	5
4061	電化	350	350	318	332	1397
4062	イビデン	1246	1263	1236	1260	383
4063	信越化	5480	5650	5400	5560	882
4064	カーバイド	159	161	146	154	212
4065	紀文フ	390	390	386	386	2
4077	富士チタン工業	530	550	520	550	11
4078	堺化学	709	720	708	719	161
4079	ハクスイテック	1800	1800	1800	1800	1
4080	田中化研	5300	5500	5200	5500	22
4086	日本エア・リキード	280	286	280	285	64
4088	エアウォータ	260	260	250	251	169
4089	大阪酸素工業	170	178	170	178	23
4091	大陽日酸	271	271	268	270	467
4092	日本化	287	295	281	291	162
4093	アセチレン	80	80	80	80	6
4094	日化産	310	323	308	323	4
4095	パーカライ	315	320	313	315	15
4096	昭炭酸	291	291	290	290	10
4097	高圧ガス	300	300	294	295	20
4098	チタン	146	146	139	139	34
4099	四国化	309	313	308	313	24
4100	戸田工	437	441	431	441	14
4101	日興酸素	185	185	185	185	4
4102	丸尾カル	214	214	214	214	1
4103	大陽東洋酸素	181	183	180	182	46
4104	タテホ	190	190	190	190	5
4105	メルテックス	0	0	0	0	0
4106	ケムキャット	1120	1140	1120	1120	4
4107	伊勢化	347	365	347	365	28
4108	共同酸素	146	146	146	146	7
4109	ステラケミ	8400	8490	8240	8410	23
4112	保土谷	169	172	165	172	32
4113	田岡化	265	265	265	265	1
4114	日触媒	420	424	415	418	152
4115	本州化	600	620	600	620	2
4116	大日精	364	376	362	375	18
4117	川崎化	142	143	142	143	7
4118	カネカ	1220	1250	1210	1246	420
4119	ピグメント	198	198	196	197	12
4120	スガイ	320	320	320	320	1
4123	山化成	1040	1040	995	995	7
4151	協発酵	1050	1100	1024	1085	5553
4182	菱ガス化	207	209	197	203	1029
4183	三井化学	680	680	655	670	1177
4185	ＪＳＲ	799	819	785	819	328
4186	東応化	2010	2080	1985	2080	141.5
4187	大有機	700	700	700	700	1
4201	日合成	175	175	171	173	207
4202	ダイセル	336	341	320	327	590
4203	住友ベ	1006	1096	990	1085	1023
4204	積水化	335	339	309	310	2551
4205	ゼオン	564	572	540	561	512
4206	アイカ	714	725	701	706	182
4208	宇部興	220	220	207	220	2865
4209	フドー	112	112	112	112	1
4210	東洋化学	435	435	415	430	17
4212	積水樹	347	347	339	341	97
4213	菱樹脂	157	157	152	155	131
4214	高分子	304	304	298	303	83
4215	タキロン	410	411	394	410	199
4216	旭有機	281	283	280	280	35
4217	日立化	2185	2200	2120	2175	206
4218	ニチバン	375	375	365	366	61
4219	プラス・テク	0	0	0	0	0
4220	リケンテクノ	347	350	342	343	31
4221	大倉工	366	366	356	358	118
4222	児玉化	85	86	85	86	13
4224	ロンシール	84	85	83	83	4
4225	筒中	283	283	270	275	53
4226	テスコ	0	0	0	0	0
4227	郡是高分子	0	0	0	0	0
4228	積化成	196	198	190	198	29
4229	群栄化	161	165	161	165	84
4231	タイガポリ	520	520	520	520	4
4232	東芝ケミカル	346	360	340	360	20
4233	ワコー	728	728	716	716	2
4271	カーリット	770	770	770	770	3
4272	日化薬	538	538	520	526	446
4274	細火工	0	0	0	0	0
4361	川口化	0	0	0	0	0
4362	日精化	386	420	386	420	6
4363	新日鐵化学	170	176	170	175	114
4364	マナック	0	0	0	0	0
4365	松本油脂	1800	1800	1800	1800	5
4366	ダイトーケミ	0	0	0	0	0
4367	広栄化学	0	0	0	0	0
4401	旭電化	798	800	765	793	320
4403	日油脂	276	276	263	269	538
4404	ミヨシ	245	250	238	240	101
4406	日理化	572	590	550	590	35
4409	東邦化	196	196	196	196	9
4410	ハリマ化成	401	401	396	396	18
4452	花王	2680	2790	2670	2730	1406
4461	一工薬	357	357	345	357	22
4462	石原薬品	0	0	0	0	0
4463	日華化学	266	266	266	266	2
4471	三洋化	907	926	899	926	245
4501	三共	2300	2300	2220	2255	773
4502	武田	6160	6210	6080	6090	2110
4503	アステラス薬	5150	5190	5110	5140	549
4505	第一製薬	1547	1560	1501	1525	278
4506	大日薬	795	800	772	792	436
4507	塩野義	1755	1800	1748	1800	570
4508	田辺薬	620	620	601	601	515
4509	三菱ウェルファーマ	1450	1465	1430	1435	549
4511	藤沢薬品	3400	3400	3280	3320	480
4512	わかもと	479	479	471	479	23
4514	帝臓器	850	855	850	855	9
4515	萬有製薬	1755	1790	1749	1790	251
4516	日新薬	630	635	620	635	52
4517	ビオフェル	930	939	930	939	1.5
4518	富山化	468	469	455	464	149
4519	中外薬	1780	1817	1740	1805	1716
4520	和光堂	3560	3560	3450	3450	1.6
4521	科研薬	630	643	625	628	62
4523	エーザイ	2480	2515	2445	2515	561
4524	仁丹	900	900	815	878	17
4526	理ビタ	1410	1410	1370	1370	31
4527	ロート	750	798	748	798	85
4528	小野薬	3040	3090	3000	3060	93
4529	日研化	427	427	420	423	24
4530	久光薬	1307	1310	1285	1296	84
4531	有機薬	461	485	436	437	61
4534	持田薬	585	610	585	599	72
4535	大正薬	2935	2945	2890	2900	383
4536	参天薬	2280	2280	2120	2240	344
4537	エスエス	1186	1186	1135	1170	56
4538	扶桑薬	570	580	551	551	107
4539	ケミファ	273	277	262	275	43
4540	ツムラ	383	388	382	388	26
4541	日医工	181	181	181	181	1
4542	三笠薬	415	415	411	411	2
4543	テルモ	2550	2580	2540	2555	286
4544	みらかＨＤ	592	600	585	600	27
4545	国際試薬	371	375	370	371	11
4546	北陸製薬	843	885	842	859	38
4547	キッセイ	1600	1650	1600	1614	93
4548	生化学	1600	1690	1560	1610	57
4549	栄研化	1150	1150	1055	1120	53
4550	日水薬	700	700	700	700	6
4551	鳥居薬	2420	2420	2350	2420	19
4552	日本ケミカル	800	800	780	780	7
4553	東和薬品	1080	1120	1060	1060	28
4554	富士製薬	372	380	360	360	29
4555	沢井製薬	1260	1260	1260	1260	1
4556	カイノス	690	750	660	749	16
4557	医学生物	8000	9100	7700	8900	196
4558	中京医薬	1700	1700	1700	1700	0.5
4559	ゼリア新薬	1190	1190	1170	1187	31
4560	キョーリン薬	3600	3850	3600	3850	122
4561	デンカ生研	2410	2450	2410	2450	4
4611	大日塗	173	177	173	177	43
4612	日本ペ	268	271	265	271	330
4613	関西ペ	247	250	246	250	247
4614	トウペ	146	146	138	138	6
4615	神東塗	105	105	105	105	18
4616	川上塗	93	93	93	93	9
4617	中国塗	225	228	221	225	64
4619	日特塗	260	260	251	252	6
4620	藤倉化	470	481	470	481	11
4621	ロック	0	0	0	0	0
4622	ユニペイン	0	0	0	0	0
4623	アサヒペン	300	300	295	295	35
4624	イサム	419	419	419	419	1
4625	アトミクス	330	330	330	330	1
4626	太陽インキ	8690	8690	7700	8200	21.5
4627	ナトコ	1190	1210	1180	1200	13
4628	エスケー化研	1760	1760	1760	1760	5
4629	大伸化学	0	0	0	0	0
4631	インキ	393	409	391	409	1481
4633	サカタＩＮＸ	253	273	253	255	40
4634	洋インキ	195	196	193	194	241
4635	東インキ	241	253	241	241	7
4636	Ｔ＆Ｋ	3250	3250	3150	3200	4.2
4640	アンドール	670	670	640	650	37
4641	アルプス技	1250	1250	1210	1210	7
4642	オリジナル設	1310	1310	1310	1310	2
4643	コナミスポ	7200	7590	7200	7530	11.2
4644	イマジニア	3000	3350	3000	3250	16.2
4645	市進	245	245	245	245	1
4646	ジャスフォート	950	950	940	940	1.1
4649	大成	520	520	520	520	1
4650	スガイエンタ	0	0	0	0	0
4651	サニックス	9600	10000	9390	10000	39.1
4652	ウッドランド	6800	6900	6750	6830	54
4653	ダイオーズ	0	0	0	0	0
4654	ニチゾウテク	0	0	0	0	0
4655	ＮＯＶＡ	1030	1030	1000	1010	89
4656	サン・ライフ	3000	3200	3000	3200	4.2
4657	環境管理	940	940	940	940	2
4658	日本空調	0	0	0	0	0
4659	エイジス	1650	1700	1650	1700	6
4660	ニッポン放送	10990	10990	10150	10150	88
4661	ＯＬＣ	10900	12000	10850	12000	117.2
4662	フォーカス	4600	4900	4400	4890	163
4663	ＡＴＬ	1600000	1700000	1500000	1700000	0.061
4664	ＲＳＣ	0	0	0	0	0
4666	パーク２４	9900	10250	9610	10250	52.1
4667	アイサンテク	0	0	0	0	0
4668	明光ネット	411	411	411	411	2
4669	ニッパンＲ	0	0	0	0	0
4670	セタ	780	780	780	780	1
4671	ファルコバ	3400	4050	3400	4030	265
4672	ベルックス	0	0	0	0	0
4673	川崎地質	0	0	0	0	0
4674	クレスコ	11000	12700	11000	12700	16
4675	エヌエス環境	0	0	0	0	0
4676	フジテレビ	1610000	1880000	1520000	1800000	5.106
4677	デザイ	730	800	730	800	26
4678	秀英	1270	1350	1270	1350	4
4679	田谷	1801	1810	1801	1810	12
4680	ラウンドワン	640000	710000	640000	699000	0.534
4681	リゾートトラ	2780	2960	2780	2850	21.5
4682	電通テック	14200	15600	14000	15600	9.6
4683	堀内カラー	655	655	645	645	6
4684	オービック	73000	76900	71500	71500	57.2
4685	菱友システム	660	660	650	650	5
4686	ジャスト	7700	8300	7500	8100	62.3
4687	ＴＤＣソフト	4470	4850	4300	4800	4.2
4688	日本ドレーク	34800	37000	34500	37000	1.3
4689	ヤフー	112000000	126000000	112000000	126000000	0.037
4690	日パレット	0	0	0	0	0
4692	アルゴ２１	4300	4800	4250	4800	66.3
4694	ＢＭＬ	4810	5010	4690	5010	29
4695	マイスター	0	0	0	0	0
4696	ワタベ	1150	1150	1090	1120	11
4697	ゼロ	4500000	5250000	4400000	5250000	0.046
4699	ウチダエスコ	0	0	0	0	0
4700	アクセス	14000000	15700000	14000000	15200000	0.064
4701	プレック研	0	0	0	0	0
4702	55ステーション	680	680	680	680	1
4703	住商オート	1030	1050	940	970	146
4704	トレンド	19100	20500	18500	20500	617
4705	クリップ	0	0	0	0	0
4706	富士通サポート	50000	52900	49450	52900	67.3
4707	キタック	420	499	420	499	2
4708	もしもしＨＬ	16700	18000	16500	18000	23.2
4709	ＩＤ	1550	1600	1550	1600	3
4710	ウィン	0	0	0	0	0
4711	コミュニティ	1454	1454	1429	1453	3.7
4712	アドアーズ	500	501	500	500	4
4713	日信電サ	1400	1400	1390	1390	2
4714	リソー教育	259000	265000	259000	260000	0.022
4715	クリエイティブ	388	388	383	383	6
4716	日本オラクル	80000	87000	79500	87000	162.5
4717	ソデッソジャパン	4500	4500	4350	4500	4
4718	早稲アカ	430	440	420	435	15
4719	アルファシス	22000	24000	22000	24000	9
4720	城南進研	740	740	740	740	1
4721	フジスタッフ	6010	6500	5900	6400	39
4722	フューチャー	33000000	33000000	32000000	32000000	0.003
4723	グッドウィル	4990000	5350000	4900000	5310000	0.225
4724	シチエ	931	931	920	920	6
4725	ＣＡＣ	4850	5300	4700	5300	44
4726	ソフトバンテク	150000	150000	150000	150000	11
4727	アジアＳ総研	5800	6000	5800	5900	3.3
4728	トーセ	9100	9500	9000	9300	12.2
4729	コナミスタジオ	6800000	7250000	6800000	7250000	0.009
4730	関西メンテ	800	800	789	789	2
4731	ユニバホーム	0	0	0	0	0
4732	ＵＳＳ	3850	4100	3850	4050	56
4733	ＯＢＣ	60000	69000	58000	69000	30
4734	ビーイング	2900	2900	2750	2850	36
4735	京進	530	558	475	558	23
4736	日本ラッド	2330	2460	2330	2460	7
4737	シダックス	1590	1590	1470	1500	28
4738	日立ビジネス	2690	2960	2690	2900	18
4739	ＣＴＣ	84000	88500	80000	88500	130
4740	ニューディル	5510000	6100000	5510000	6100000	0.022
4741	ＩＲＩ	35600000	37600000	35600000	37600000	0.019
4743	アイティフォ	8000	9200	8000	9200	37
4744	メッツ	8700000	9300000	8700000	9300000	0.008
4745	東京個別	4600	5100	4600	5100	16
4746	東計電算	2000	2800	2000	2800	338
4747	Ｃフィッシュ	0	0	0	0	0
4901	富士写	4330	4370	4250	4280	816
4902	コニカＨＤ	485	491	460	463	1029
4911	資生堂	1327	1345	1310	1345	420
4912	ライオン	360	369	358	368	400
4913	サンスター	340	340	340	340	3
4914	高砂香	420	444	420	420	118
4915	エイボンＪ	220	220	210	210	4
4916	ノエビア	1090	1090	1090	1090	5
4917	マンダム	1510	1560	1480	1530	135
4918	アイビー	490	490	490	490	1
4919	ミルボン	6500	6540	6500	6540	2
4920	日本色材	409	409	401	401	7
4921	ファンケル	19100	19290	17100	19250	131.9
4922	コーセー	2910	2910	2850	2850	18
4951	エステー化	585	585	584	584	8
4953	タイホー工業	440	440	440	440	6
4954	マークテック	395	395	380	380	5
4955	アグロカネシ	0	0	0	0	0
4956	コニシ	980	983	950	964	43.5
4957	ヤスハラケミ	840	840	840	840	2
4958	長谷川香料	1650	1700	1650	1650	1.7
4959	シーシーアイ	0	0	0	0	0
4960	ケミプロ	449	450	449	450	11
4961	日油技研	0	0	0	0	0
4963	星光ＰＭＣ	0	0	0	0	0
4964	星光化学工業	0	0	0	0	0
4965	曽田香料	440	440	440	440	1
4966	上村工	1600	1730	1600	1730	11
4967	小林製薬	14530	15000	14300	14600	101
4968	荒川化工	1050	1050	1048	1048	4
4987	寺岡製	686	700	686	700	10
4989	イハラケミ	215	219	215	217	11
4990	昭和化	315	315	315	315	1
4992	北興化	365	365	351	351	35
4996	クミアイ化	187	190	185	189	26
4997	日農薬	214	220	210	220	29
4998	フマキラ	220	220	220	220	19
4999	セメダイン	0	0	0	0	0
5001	新日本石油	378	384	371	379	2593
5002	昭和シェル	395	395	373	379	342
5005	東  燃	600	603	594	603	293
5006	興亜石油	304	305	299	304	215
5007	コスモ石	138	148	137	148	2356
5008	東亜石	113	113	112	113	70
5009	富士興	79	80	79	79	74
5010	日精蝋	87	87	87	87	3
5011	ニチレキ	450	450	445	450	32
5012	東燃ゼネ石	215	217	211	213	1141
5013	ユシロ	506	506	470	470	25
5014	ジャパンエナジー	90	91	89	90	3978
5015	ＢＰカスト	930	930	910	910	2
5101	浜ゴム	265	267	261	266	522
5102	大機エンジ	225	225	225	225	1
5103	昭ゴム	90	95	90	95	15
5104	日東化工	98	98	93	93	15
5105	洋ゴム	151	152	140	147	370
5106	オーツタイヤ	198	199	180	194	128
5108	ブリヂストン	2005	2055	1991	2030	1987
5110	住友ゴ	469	469	459	460	180
5121	藤ゴム	215	215	210	215	13
5122	オカモト	233	233	227	232	109
5123	ミサワ東洋	140	140	140	140	7
5142	アキレス	180	192	178	192	239
5143	世界長	175	197	172	190	330
5161	西川ゴム	0	0	0	0	0
5162	朝日ラバー	1800	1820	1710	1800	19
5184	ニチリン	301	301	301	301	1
5185	フコク	690	690	650	680	9
5186	ニッタ	780	790	760	770	34.6
5187	クリエート	761	771	761	770	7
5188	帝都ゴム	105	105	105	105	1
5189	桜ゴム	163	163	163	163	3
5191	東海ゴ	711	720	703	720	54
5192	三星ベ	255	256	249	253	50
5193	平成ポリマー	0	0	0	0	0
5194	相模ゴ	601	601	570	570	19
5195	バンドー	205	208	202	203	225
5196	鬼ゴム	74	80	74	74	21
5199	不二ラテ	0	0	0	0	0
5201	旭硝子	775	794	760	794	1244
5202	板硝子	1030	1050	1000	1031	1262
5204	石塚硝	185	185	177	177	8
5205	日本無機	305	305	301	305	7
5208	有沢製	2300	2380	2250	2250	54
5210	日山村硝	180	180	170	179	128
5212	不二硝	0	0	0	0	0
5213	芝セラミ	528	551	520	546	674
5214	日電硝	1322	1340	1311	1329	460
5215	旭テクノグラス	760	770	758	760	205
5216	倉元	1680	1800	1650	1800	16.1
5217	テクノクオツ	2700	2700	2610	2610	2
5232	住友大阪	496	496	450	460	3736
5233	太平洋セメ	168	170	165	169	1118
5234	デイ・シイ	150	150	150	150	2
5237	ノザワ	90	90	88	88	5
5261	ミサワリゾ	245	249	245	248	10
5262	日ヒューム	250	252	240	252	35
5266	テイヒュー	150	150	150	150	3
5267	ハネックス	138	138	131	131	21
5268	旭コン	314	314	314	314	6
5269	日コン	109	110	104	104	7
5271	トヨアサノ	0	0	0	0	0
5272	浅野スレ	84	93	83	93	21
5273	三谷セキ	252	252	252	252	1
5274	ゼニパイプ	160	160	160	160	1
5276	石建工	510	530	510	520	6
5277	スパンクリト	250	250	240	240	15
5278	エバタ	0	0	0	0	0
5279	日本興業	0	0	0	0	0
5280	ヨシコン	0	0	0	0	0
5281	旭ダンケ	0	0	0	0	0
5282	ジオスター	999	1020	990	1000	56
5283	高見沢	0	0	0	0	0
5284	ヤマウ	468	468	468	468	2
5285	ヤマックス	0	0	0	0	0
5286	武井工業	0	0	0	0	0
5287	イトヨーギョ	1149	1149	1149	1149	2
5301	東海カ	198	201	188	199	422
5302	カーボン	131	133	125	128	162
5304	エスイ−シ−	0	0	0	0	0
5331	ノリタケ	444	460	431	456	252
5332	ＴＯＴＯ	560	568	544	558	385
5333	ガイシ	891	901	875	880	595
5334	特殊陶	989	993	975	993	340
5336	INAX	541	555	541	547	175
5337	ダントー	339	340	335	338	29
5338	大トー	290	290	290	290	1
5341	アサヒ陶	0	0	0	0	0
5342	ジャニス	62	62	62	62	13
5343	ニッコー	0	0	0	0	0
5344	ＭＡＲＵＷＡ	2400	2600	2380	2590	26.5
5351	白煉瓦	315	321	303	317	191
5352	黒崎	164	164	160	162	39
5355	ルツボ	115	115	115	115	1
5356	美濃窯	0	0	0	0	0
5357	ヨータイ	185	185	185	185	3
5358	イソライト	0	0	0	0	0
5359	ハリマセ	100	100	99	99	19
5361	東海熱	345	350	345	350	7
5362	九州耐	172	172	172	172	1
5363	ＴＹＫ	191	200	181	190	19
5367	ニッカトー	791	845	790	845	11
5382	中央商事	0	0	0	0	0
5383	三共理化	0	0	0	0	0
5384	フジミインコ	4050	4050	3850	4000	4.9
5386	鶴弥	0	0	0	0	0
5387	チヨダウーテ	470	470	470	470	1
5388	クニミネ	290	290	275	275	24
5389	日レヂボン	265	265	265	265	1
5390	宇部マテリア	163	163	160	160	47
5391	Ａ＆ＡＭ	122	122	117	118	16
5393	ニチアス	164	170	162	170	123
5395	コランダム	135	135	135	135	1
5397	ＭＩＥテクノ	125	125	125	125	10
5398	日研紙	0	0	0	0	0
5401	新日鉄	220	221	215	216	19011
5403	川崎製鉄	160	161	155	160	9106
5404	日本鋼管	64	65	63	64	6755
5405	住金	70	71	69	71	7002
5406	神戸鋼	65	66	64	66	2644
5407	日新鋼	109	110	107	107	1984
5408	中山鋼	140	140	135	138	37
5410	合同鉄	90	90	87	88	400
5423	東京製鉄	268	268	255	260	312.8
5443	東洋製鋼	49	49	48	48	29
5444	大和工	343	343	335	338	109
5445	東京鉄	79	79	74	78	45
5446	北越メ	139	139	139	139	15
5448	東京鋼鉄	0	0	0	0	0
5449	大阪製鉄	475	475	472	474	17.3
5451	淀川鋼	299	300	296	300	216
5453	洋鋼鈑	372	374	369	373	243
5454	日鉄鋼板	200	200	190	195	38
5457	住友鋼管	323	323	313	313	19
5458	高砂鉄	116	116	114	114	3
5461	中部鋼	126	126	122	126	6
5462	日鉄鋼管	0	0	0	0	0
5463	丸一管	1111	1118	1110	1115	161
5464	モリ工	260	260	250	258	20
5471	大同特鋼	163	168	163	166	510
5476	高周波	85	85	79	83	39
5479	日金工	106	110	104	108	145
5480	冶金工	102	104	95	99	462
5481	山陽鋼	150	150	146	149	94
5482	愛知鋼	277	277	265	270	144
5484	東北鋼	470	515	470	515	2
5486	日立金	643	671	637	662	3541
5491	日金属	113	114	109	113	40
5541	大平金	230	260	223	251	2557
5542	報国鉄	0	0	0	0	0
5562	日本重化学	126	130	126	128	459
5563	日本電工	172	179	166	173	268
5566	中央電	165	165	160	160	3
5602	栗本鉄	252	252	252	252	9
5603	虹技	154	154	153	153	3
5605	自動鋳	75	75	75	75	13
5606	旭テック	137	140	130	134	77
5607	中可鍛	241	241	241	241	3
5608	川口金	226	226	224	224	7
5609	日鋳造	95	95	89	90	11
5610	大和重	105	119	105	109	35
5612	鋳鉄管	200	216	200	216	16
5613	日本カタン	250	250	250	250	2
5631	日製鋼	105	109	103	109	245
5632	菱製鋼	96	96	87	88	191
5633	関東特殊製鋼	81	81	76	80	28
5641	ＴＤＦ	175	210	175	210	15
5642	日本鍛工	0	0	0	0	0
5644	メタルアート	98	100	98	100	3
5645	イチタン	0	0	0	0	0
5657	鈴木金	143	143	140	140	6
5658	日亜鋼	423	423	410	411	21
5659	日精線	212	225	212	220	5
5660	神鋼線	84	84	84	84	7
5691	東京シヤリング	79	79	78	78	5
5694	大和綱帯	0	0	0	0	0
5695	パウダテック	0	0	0	0	0
5696	川鉄鋼板	0	0	0	0	0
5697	サンユウ	0	0	0	0	0
5701	日軽金	82	84	80	84	1110
5702	大紀ア	150	152	150	152	7
5706	三井金	579	580	562	569	1178
5707	東邦鉛	233	238	225	231	224
5711	三菱マ	352	354	345	350	3876
5713	住友鉱	314	314	298	301	3172
5714	同和鉱	228	235	220	235	1474
5715	古河機金	170	175	170	174	442
5716	日鉱金属	750	780	740	750	490
5721	Ｓサイエンス	830	855	750	785	786
5727	邦チタ	430	440	421	440	27
5728	アライドマテリアル	1012	1030	1012	1015	14
5729	日精鉱	190	190	190	190	3
5734	昭和アルミ	132	132	126	128	212
5738	住軽金	83	87	82	87	293
5739	日製箔	140	140	140	140	15
5740	九州不二サッシ	0	0	0	0	0
5753	日伸銅	0	0	0	0	0
5756	東海アルミ箔	53	53	52	52	5
5757	サンエツ	690	690	690	690	1
5771	菱伸銅	202	209	201	209	54
5781	東邦金	141	141	141	141	7
5801	古河電	1500	1525	1494	1518	1889
5802	住友電	1300	1310	1285	1299	1522
5803	フジクラ	464	464	449	450	1051
5804	菱線工	229	232	212	220	1367
5805	昭電線	178	178	171	175	266
5807	東特線	370	370	355	360	46
5808	理研線	215	220	215	220	5
5809	タツタ	170	170	165	167	75
5810	第一電工	86	86	85	86	38
5811	トヨ電線	345	345	345	345	1
5812	日立線	871	882	865	881	470
5813	花島電線	0	0	0	0	0
5814	京三電線	155	155	155	155	2
5815	沖電線	236	255	231	255	29
5816	オーナンバ	185	185	185	185	1
5817	日電線	0	0	0	0	0
5818	東日京三電線	0	0	0	0	0
5819	カナレ電気	1500	1500	1490	1490	3.6
5820	三ッ星	0	0	0	0	0
5851	リョービ	113	115	111	113	143
5852	アーレスティ	240	240	240	240	1
5853	京都ダイカスト	158	158	158	158	1
5854	東京理化工	102	102	102	102	1
5855	アサヒプリテ	3100000	3110000	3080000	3110000	0.015
5900	ダイケン	415	430	415	425	6
5901	洋カン	1789	1806	1762	1780	398
5902	北カン	204	204	198	200	64
5903	シンポ	635	635	615	615	9
5904	アルコアシステム	480	480	480	480	2
5905	日カン	175	175	175	175	1
5906	エムケー精工	0	0	0	0	0
5907	ＪＦＥコンテ	131	131	130	130	3
5908	日鉄ドラム	0	0	0	0	0
5909	コロナ	1011	1011	1010	1010	7
5910	立山アルミ	250	250	250	250	4
5911	横河ブ	300	300	297	300	41
5912	日本橋	125	128	120	128	20
5913	松尾橋	198	198	193	193	7
5914	宮地鐵工所	191	200	191	200	9
5915	駒井鉄	317	317	311	317	68
5916	ハルテック	197	197	195	195	19
5917	サクラダ	80	80	80	80	4
5918	滝上工	330	330	320	320	16
5919	日鉄塔	251	251	251	251	3
5920	鈴木シャ	180	199	180	195	15
5921	川岸工	254	254	254	254	1
5922	那須鉄	200	200	200	200	6
5923	高田機	450	450	441	441	22
5924	新日軽	72	73	72	73	5
5925	酒井鉄工所	110	110	110	110	1
5926	安治川鉄工	105	105	105	105	3
5927	ホリー	126	128	120	125	34
5928	アルメタクス	240	240	240	240	0.5
5929	三和シャタ	322	330	320	322	320
5930	文化シヤタ	230	238	223	238	152
5931	川田工	208	209	199	199	53
5932	三協アルミ	97	99	91	91	171
5933	アルインコ	178	178	175	175	6
5934	日本ア	60	60	60	60	4
5935	元旦	808	810	808	810	2
5936	洋シヤタ	105	108	102	105	71
5937	洋エクス	680	680	678	679	17
5938	住生活Ｇ	1345	1350	1310	1325	653
5939	大谷工業	176	176	176	176	5
5940	不二サッシ	144	144	135	135	15.4
5941	中西製	730	730	730	730	7
5942	フイルコン	0	0	0	0	0
5943	ノーリツ	1040	1041	1012	1035	26
5944	日立粉末	670	670	652	658	21
5945	天竜製鋸	1250	1250	1250	1250	1
5946	長府製	1400	1450	1398	1401	23.4
5947	リンナイ	1660	1670	1650	1670	68.4
5949	ユニプレス	207	211	201	201	8
5950	パワーファス	96	104	96	102	16
5951	ダイニチ工業	260	262	260	260	9.3
5952	アマテイ	85	85	85	85	2
5954	トープラ	121	129	110	125	53
5955	ヤマシナ	318	354	310	349	1056
5956	トーソー	300	300	300	300	1
5957	日東精	149	154	149	154	16
5958	三洋工	163	163	154	154	7
5959	岡部	244	245	240	245	7
5961	トーカロ	570	570	560	560	3
5962	浅香工	179	180	179	180	6
5963	日立ツール	380	380	380	380	27
5964	洋刃物	100	100	100	100	2
5965	フジマック	441	471	441	471	8
5966	ＫＴＣ	0	0	0	0	0
5967	前田金	115	115	110	110	8
5969	ロブテックス	0	0	0	0	0
5970	菊池プレス	0	0	0	0	0
5971	共和工業	176	176	176	176	1
5972	日本建鐵	286	298	286	298	8.5
5973	トーアミ	549	549	520	520	8
5974	中国工	165	167	161	167	21
5975	東プレ	320	327	320	327	12
5976	ネツレン	254	254	245	245	17
5977	コマツ電子	1160	1160	1100	1100	12.3
5979	カネソウ	0	0	0	0	0
5980	田中亜鉛	0	0	0	0	0
5981	東京綱	135	138	132	134	162
5982	マルゼン	340	340	340	340	4
5983	イワブチ	0	0	0	0	0
5984	兼房	0	0	0	0	0
5985	サンコール	420	435	416	435	88
5986	モリテック	235	235	232	235	12
5987	オーネックス	0	0	0	0	0
5988	パイオラクス	0	0	0	0	0
5989	ヒラタ	376	376	375	375	6
5990	スーパツール	0	0	0	0	0
5991	ニッパツ	312	315	301	305	1055
5992	中央発條	349	355	349	354	14
5993	知多鋼	0	0	0	0	0
5994	ファインＳ	262	262	262	262	1
5995	科学冶金	500	500	500	500	3
5996	新立川	0	0	0	0	0
5997	協立エアテク	651	651	650	651	1
5998	アドバネクス	229	229	211	213	8
5999	イハラサイエ	219	219	203	203	17
6005	三浦工	1180	1181	1170	1180	74.3
6011	新潟鉄工所	89	90	87	90	444
6013	タクマ	856	890	831	889	157
6016	神発動	0	0	0	0	0
6018	阪神燃	85	85	85	85	4
6020	神鋼造機	0	0	0	0	0
6021	ロビン	0	0	0	0	0
6022	赤阪鉄	0	0	0	0	0
6023	ダイハツデ	0	0	0	0	0
6041	ボッシュ	140	140	139	140	346
6042	ニッキ	0	0	0	0	0
6101	ツガミ	580	627	567	620	2117
6102	池貝	188	190	182	188	207
6103	オークマ	406	420	400	420	424
6104	東芝機	194	225	194	215	1162
6106	日立精機	180	180	175	179	187
6107	アマダマシ	186	187	180	182	390
6108	アマダワシノ	88	89	88	89	67
6111	旭精機	237	237	235	235	7
6112	小島鉄	0	0	0	0	0
6113	アマダ	866	873	860	870	448
6114	住倉工業	161	183	160	182	147
6118	アイダ	399	400	385	390	29
6119	ゼィープラス	230	230	220	220	6
6121	滝澤鉄	88	88	88	88	1
6122	若山精密	251	251	251	251	2
6125	岡本工	130	135	125	130	72
6126	大ダイヤ	201	201	201	201	2
6130	日平トヤマ	219	220	210	210	20
6131	浜井産	185	190	170	190	42
6134	富機製	5980	6100	5980	6030	147.3
6135	牧野フ	908	912	890	895	510
6136	ＯＳＧ	441	459	440	458	169
6137	小池工	139	139	139	139	7
6138	ダイジェト	121	121	118	118	13
6139	東芝タンガロイ	210	220	210	215	297
6140	旭ダイヤ	561	572	561	571	306
6141	森精機	1465	1560	1460	1560	267
6142	富士精	230	230	230	230	16
6143	ソディック	666	685	666	678	90
6144	西部電機	230	230	220	220	13
6145	日特エンジ	1660	1900	1650	1900	145
6146	ディスコ	22500	24500	22500	24500	54.9
6147	ヤマザキ	0	0	0	0	0
6148	UHT	1820	1820	1800	1800	13
6149	小田原エンジ	720	720	702	702	2
6150	タケダ機械	130	130	130	130	1
6151	日東工器	2500	2550	2490	2545	44.1
6201	豊田織	1921	1940	1903	1920	215
6203	豊和工	134	135	130	135	68
6204	キリウ	180	180	180	180	3
6205	ＯＫＫ	120	122	111	115	106
6206	豊田工	920	921	911	918	108
6208	石川製	112	114	110	114	42
6210	東洋機械	650	690	630	641	14
6211	倉敷機	71	71	71	71	2
6212	帝人製機	175	175	167	167	7
6213	ＯＭ製	0	0	0	0	0
6214	大隈豊和機械	210	211	203	209	46
6216	寿工業	0	0	0	0	0
6217	津田駒	134	142	133	142	9
6218	エンシュウ	147	150	147	150	25
6221	大東製機	290	290	290	290	2
6222	島精機	1987	2130	1965	2115	36.5
6242	スピンドル	168	170	165	167	31
6245	ヒラノテク	300	305	300	300	14
6246	井上金	146	146	146	146	1
6247	日阪製	435	438	435	438	10
6271	ニッセイ	760	760	760	760	5
6272	レオン	380	390	371	375	13
6273	ＳＭＣ	18200	19010	17870	19000	248.8
6274	新川	3820	4250	3790	4220	206
6275	イセキ開発工	133	134	133	133	13
6276	ナビタス	1010	1010	1010	1010	1
6277	ホソミクロン	551	559	551	551	14
6278	ユニオンツル	15800	15990	15470	15800	18.7
6279	瑞光	1220	1317	1220	1280	3.9
6280	名機製	1720	1860	1720	1860	110
6281	前田製作	402	402	402	402	5
6282	オイレス	1540	1540	1531	1531	38.2
6283	オリイメック	0	0	0	0	0
6284	ＡＳＢ機械	670	719	667	710	282
6286	静甲	0	0	0	0	0
6287	サトー	3280	3500	3220	3490	37.6
6288	ハマダ印刷機	158	158	158	158	4
6289	技研製	0	0	0	0	0
6290	ＳＥＳ	1760	1850	1740	1820	47
6291	エアーテック	590	590	590	590	1
6292	カワタ	1050	1050	1040	1040	2
6293	日精樹脂	980	1000	980	1000	2
6294	オカアイヨン	0	0	0	0	0
6295	富士変速	290	294	290	294	0.5
6296	ロキテクノ	975	975	960	965	12
6297	鉱研工業	309	309	309	309	0.1
6298	ワイエイシイ	2200	2530	2200	2530	32
6299	神鋼環境Ｓ	0	0	0	0	0
6300	アピクヤマダ	883	883	855	865	17
6301	コマツ	474	477	463	465	968
6302	住友機	247	247	236	246	1150
6303	ササクラ	0	0	0	0	0
6304	マキ製作所	0	0	0	0	0
6305	日立建機	405	409	377	378	362
6306	日工	223	223	213	213	155
6307	サンセイ	105	105	102	105	14
6309	巴工業	0	0	0	0	0
6310	井関農	105	108	104	106	186
6311	セイレイ工業	325	325	300	300	12
6312	フロイント	0	0	0	0	0
6313	共立	134	135	131	134	27
6314	石井工研	930	930	870	870	1.5
6315	ＴＯＷＡ	3500	3600	3500	3600	32.4
6316	丸山製	151	151	145	146	54
6317	北川鉄	139	140	135	139	34
6319	シンニッタン	196	198	195	195	10
6320	新ダイワ	0	0	0	0	0
6321	石搬機	360	360	360	360	1
6322	タクミナ	0	0	0	0	0
6323	ローツェ	1950	2000	1850	2000	9
6324	ハーモニック	2950000	3100000	2950000	3080000	0.009
6325	タカキタ	194	200	194	194	13
6326	クボタ	340	346	324	342	2256
6327	北川精機	350	350	350	350	1
6328	荏原実業	1520	1550	1520	1530	5
6329	ＨＥＣ	511	515	510	510	14
6330	東洋エンジ	106	108	102	106	304
6331	化工機	208	213	208	210	35
6332	月島機	638	640	637	639	41
6333	帝国電	530	535	530	530	7
6334	明治機	215	253	215	246	140
6335	東京機	400	409	400	409	83
6336	石井表記	3400	3410	3400	3400	9
6339	新東工	235	238	235	238	26
6340	渋谷工	891	900	890	900	19
6341	日立造船富岡	145	145	143	143	4
6342	太平製	93	93	93	93	3
6343	フリージア	88	95	88	93	110
6345	アイチコーポ	165	165	155	156	43.5
6346	菊川鉄	195	198	195	198	3
6347	プラコー	131	131	129	129	9
6348	日本マリンテクノ	0	0	0	0	0
6349	小森	1310	1342	1310	1338	220
6350	新日本造機	132	137	132	137	14
6351	鶴見製	496	500	490	491	51
6352	トヨコケン	124	124	124	124	2
6354	日立機電	320	330	320	330	9
6355	住友精	331	331	325	330	39
6356	日ギア	238	238	235	235	10
6357	三精輸	300	300	300	300	3
6358	酒井重	209	209	206	208	94
6359	粟村製作所	130	130	130	130	7
6360	東自機	325	325	320	320	4
6361	荏原	1618	1680	1618	1673	1644
6362	石井鉄	196	200	196	200	5
6363	酉島	446	448	446	447	23
6364	北越工	170	170	170	170	2
6365	電業社	4650	4650	4550	4600	0.8
6366	千代建	172	180	170	177	301
6367	ダイキン	1580	1590	1540	1580	473
6368	オルガノ	395	395	390	391	46
6369	トヨカネツ	106	112	106	112	134
6370	栗田工	2055	2055	2005	2050	50
6371	椿本チ	371	390	355	389	454
6372	セイサ	95	95	90	90	2
6373	大同工	184	185	180	183	5
6374	ＴＣＭ	155	159	151	159	38
6375	コンベヤ	109	112	106	109	132
6376	日機装	497	497	487	495	153
6377	甲陽建設	390	455	390	455	303
6378	木村化	171	171	170	171	8
6379	新興プラン	105	105	102	102	18
6380	オリチェン	93	93	91	91	8
6381	アネスト岩田	133	140	130	140	61
6382	トリニ工	240	240	240	240	2
6383	ダイフク	958	958	922	945	366
6386	扶桑レクセ	1200	1249	1150	1200	19
6388	ミサワバン	260	278	260	278	91
6389	内田油圧	71	73	71	73	15
6390	加藤製	160	160	153	153	26
6391	加地テック	181	181	180	181	13
6392	ヤマダコーポ	162	162	162	162	5
6393	油研工	118	122	117	120	21
6394	大江工業	155	155	132	132	2
6395	タダノ	196	200	191	196	53
6396	宇野鉄	0	0	0	0	0
6397	郷鉄工	0	0	0	0	0
6398	日本電産シンポ	0	0	0	0	0
6403	水道機	330	330	315	315	5
6406	フジテック	903	969	900	960	101
6407	シーケーディ	479	485	472	485	71
6408	クラッチ	990	1000	990	1000	18
6409	キトー	320	320	300	305	22
6411	中野冷	0	0	0	0	0
6412	平和	1960	2195	1920	2180	307.1
6413	理想科学	2700	2710	2500	2530	42
6414	川重冷熱	0	0	0	0	0
6415	ニスカ	0	0	0	0	0
6416	桂川電機	320	320	311	311	4
6417	ＳＡＮＫＹＯ	5820	6300	5790	6300	188.3
6418	日金銭	1800	1850	1790	1830	16
6419	マース	2475	2760	2460	2760	18
6420	福島工業	604	604	604	604	0.5
6421	キヤノンＦ	690	690	675	690	7
6422	キヤノン化成	935	980	911	960	25
6423	アビリット	5700	6500	5650	6500	41.8
6424	高見サイ	0	0	0	0	0
6425	アルゼ	5650	5700	5530	5610	65.6
6426	サミー	4220	4350	4200	4210	12.3
6427	東北リコー	1418	1450	1320	1445	782
6431	キャノンＮＴＣ	279	279	271	272	15
6436	アマノ	665	680	661	669	86
6437	三条機	144	144	142	142	5
6439	中日鋳	160	170	160	170	4
6440	ＪＵＫＩ	180	180	176	178	53
6442	コピア	254	255	250	255	30
6443	東洋製	136	138	136	138	2
6444	サンデン	515	520	511	515	119
6445	蛇の目	102	102	90	98	177
6448	ブラザー	268	270	256	264	258
6453	シルバ精	164	165	159	165	223
6454	マックス	798	813	790	810	111
6455	モリタ	294	300	294	300	17
6457	グローリー	1476	1530	1470	1490	91
6458	新晃工	150	150	147	147	4
6459	大和冷	293	295	288	289	42
6461	日ピス	147	152	144	148	133
6462	リケン	240	240	230	235	75
6463	ＴＰＲ	260	269	260	269	10
6466	トウアバルブ	131000	131000	131000	131000	0.002
6467	ニチダイ	530	560	500	540	60
6468	駿河精機	1530	1650	1530	1650	3
6469	放電精密	0	0	0	0	0
6470	大豊工業	1110	1110	1110	1110	4
6471	日精工	663	703	662	703	992
6472	ＮＴＮ	250	252	248	251	463
6473	光洋精	825	830	794	827	472
6474	不二越	172	174	165	171	378
6475	天辻	970	970	970	970	2
6476	富士テクニカ	0	0	0	0	0
6477	ツバキ・ナカ	1100	1161	1087	1160	49.5
6478	ダイベア	211	211	201	201	10
6479	ミネベア	1310	1370	1298	1342	1248
6480	トムソン	920	943	911	943	73
6481	ＴＨＫ	4550	4640	4520	4530	296.4
6482	ユーシン精機	9150	9350	8780	9310	49
6483	川重防災	524	525	522	522	5
6484	ＫＶＫ	292	292	280	280	3
6485	前沢給装	595	595	565	565	12
6486	イーグル工	316	316	305	305	9
6487	積水工機	0	0	0	0	0
6488	ヨシタケ	290	290	290	290	7
6489	前沢工業	895	905	891	905	57.7
6490	ピラー	745	756	745	756	22
6492	岡野バ	0	0	0	0	0
6493	日鍛バ	181	188	180	188	8
6494	ファネス	450	455	410	421	12
6495	宮入バ	97	97	97	97	3
6496	中北製	172	172	170	170	6
6497	ハマイ	480	480	480	480	1
6498	キッツ	162	165	161	165	131
6499	大隈エンジニア	0	0	0	0	0
6501	日立	1190	1200	1170	1180	12408
6502	東芝	875	888	861	864	7486
6503	三菱電	833	865	828	850	7426
6504	富士電機ＨＤ	356	360	338	360	1888
6505	東洋電	175	175	162	175	15
6506	安川電	1213	1320	1213	1300	1668
6507	神鋼電	160	165	155	160	297
6508	明電舎	206	206	192	198	250
6513	オリジン	1171	1230	1152	1230	81
6516	山洋電	400	443	400	436	622
6517	デンヨー	740	740	709	710	6
6518	三相電機	520	520	520	520	1
6581	日立工	245	252	240	250	233
6583	松下冷機	520	539	520	539	99
6584	三桜工	592	608	586	587	35
6585	サーボ	271	271	270	270	16
6586	マキタ	889	901	888	901	92
6587	松下精工	420	428	406	410	192
6588	東芝テック	435	470	435	466	464
6590	芝浦	1169	1220	1169	1199	131
6591	西芝電	150	162	147	157	6
6592	マブチ	11800	11800	11380	11460	163
6593	ローヤル電	0	0	0	0	0
6594	日電産	18120	18900	18000	18590	39.1
6621	高岳	180	180	172	175	110
6622	ダイヘン	238	238	230	230	186
6623	愛電機	190	191	190	191	9
6624	田淵電	282	282	280	280	5
6641	日新電	240	240	232	240	128
6643	戸上電	147	148	147	148	4
6644	大崎電	496	496	475	475	21
6645	オムロン	2440	2690	2430	2690	1116
6646	エナジーサポ	324	326	324	326	21
6647	森尾電	160	160	160	160	9
6648	かわでん	76	76	75	76	15
6650	春日電	180	181	180	181	2
6651	日東工	600	600	571	572	15
6652	和泉電	1254	1350	1250	1300	35.5
6654	不二電機	750	750	750	750	5
6655	東洋電機	0	0	0	0	0
6701	ＮＥＣ	2690	2805	2650	2760	9806
6702	富士通	3050	3150	3040	3090	11151
6703	沖電気	695	721	676	704	2524
6704	岩崎通	240	245	240	244	147
6705	ＮＥＣインフ	528	569	528	538	167
6706	電気興	849	880	838	880	37
6707	サンケン	586	590	580	588	363
6708	東洋通	1900	1917	1810	1855	385
6709	明星電	150	150	145	145	4
6710	大興電機製作	181	181	175	175	15
6711	高見澤電機	181	181	172	172	20
6712	田村電機製作	323	342	319	342	56
6714	神田通信工業	255	257	255	257	3
6715	ナカヨ通	320	330	310	310	10
6716	中央無	565	570	550	570	20
6717	富士通アクセ	2705	2930	2705	2900	95.8
6718	アイホン	1650	1650	1590	1650	12.6
6741	信号	459	460	445	449	151
6742	京三	241	241	238	241	109
6743	大同信	211	211	211	211	1
6744	能美防災	321	322	312	315	82
6745	ホーチキ	280	280	271	271	99
6747	小糸工	365	365	345	350	25
6748	星和電	421	421	421	421	1
6749	マスプロ	1150	1150	1111	1130	9.2
6751	日無線	1021	1082	1021	1082	310
6752	松下	2880	2905	2845	2905	3206
6753	シャープ	2050	2070	2000	2065	1815
6754	アンリツ	915	950	904	949	542
6755	富士通ゼ	680	680	650	675	83
6756	日立国際	1354	1385	1354	1380	210
6758	ソニー	25590	26950	25430	26750	2859.1
6759	ＮＥＣトーキ	620	627	611	627	82
6761	アイワ	1535	1549	1510	1545	106.7
6762	ＴＤＫ	11210	11770	11050	11190	410
6763	帝通工	356	363	345	363	76
6764	三洋電	590	608	578	599	4460
6765	ケンウッド	390	399	387	392	256
6766	宮越商	60	64	60	63	18
6767	ミツミ	3620	3880	3600	3690	309
6768	タムラ	468	470	455	470	181
6770	アルプス	980	985	966	980	701
6771	池上通	368	390	368	390	132
6772	コスモス	138	138	138	138	3
6773	パイオニア	2860	2930	2860	2920	405
6775	東和メクス	160	160	152	160	53
6776	天昇電	0	0	0	0	0
6779	日電波	3190	3260	3180	3240	106.8
6780	日立電子	573	573	560	560	41
6781	松下通信工業	16950	17950	16800	17700	769
6782	九州松下電器	1215	1270	1215	1270	170
6783	松下寿電子	2100	2135	2010	2075	182
6791	コロムビア	191	199	186	190	41
6792	ビクター	650	662	650	662	149
6793	山水電	25	26	25	26	606
6794	フォスター	600	605	590	599	78
6796	クラリオン	601	620	585	613	562
6798	ＳＭＫ	960	1020	955	1010	427
6799	日本マランツ	216	218	211	211	11
6800	ヨコオ	2620	2700	2620	2700	64
6801	東光	770	775	750	775	368
6802	赤井電機	47	47	45	46	926
6803	ティアック	420	420	405	417	320
6804	ホシデン	4990	5250	4900	5250	200
6805	八木アン	652	670	652	670	12
6806	ヒロセ電	12500	13750	12400	13200	79.5
6807	航空電子	594	625	586	606	426
6808	シントム	55	56	54	56	411
6809	ＴＯＡ	333	333	329	333	35
6810	マクセル	2400	2450	2370	2430	192
6811	クオンツ	801	860	801	834	58
6812	ジャルコ	450	450	450	450	2
6813	ナカミチ	125	132	125	125	81
6814	古野電	435	435	435	435	3
6815	ユニデン	889	900	878	895	108
6816	アルパイン	1442	1454	1419	1454	57
6817	スミダコーポ	4500	4670	4450	4620	14.9
6818	島田理	1100	1220	1100	1200	20.9
6819	オメガ・プロ	2100	2380	2010	2330	126
6820	アイコム	1650	1796	1650	1720	21
6821	バーテクスＳ	1100	1100	1100	1100	2
6822	大井電気	395	395	390	390	6
6823	リオン	0	0	0	0	0
6824	新コスモス	380	380	380	380	1
6826	本多通信	4100	4220	4100	4100	37
6837	京写	2250	2400	2250	2350	28
6838	多摩川電	2180	2200	2160	2160	16
6839	船井電	64800	71800	64500	71600	28.4
6840	アドテック	1240	1240	1180	1180	24
6841	横河電	996	996	953	970	393
6842	ユニパルス	1150	1190	1140	1180	5
6843	東光精機	0	0	0	0	0
6844	新電元	510	539	508	535	103
6845	山武	803	810	792	803	355
6846	中央製	0	0	0	0	0
6847	安藤電気	1800	1820	1790	1820	45
6848	東亜ＤＫＫ	290	300	285	300	8
6849	日本光電	330	330	326	326	16
6850	チノー	232	233	231	233	32
6851	大倉電気	222	225	221	225	5
6852	テクノセブン	190	200	190	200	21
6853	共和電	270	270	242	242	8
6855	電子材料	3100	3100	2980	2980	11
6856	堀場製	751	772	751	772	14
6857	アドバンテスト	18700	19290	18600	18990	336.2
6858	小野測器	215	215	210	215	17
6859	エスペック	721	722	716	716	11
6860	サンクス	751	751	751	751	5
6861	キーエンス	34300	36350	34300	36350	74.5
6862	ミナトエレ	245	305	245	305	11
6863	ニレコ	550	560	550	550	5
6864	ＮＦ回路	0	0	0	0	0
6866	ＨＩＯＫＩ	705	710	705	710	2
6867	リーダー電子	500	500	500	500	2
6868	東カソード	1040	1060	1040	1060	4
6869	シスメックス	2540	2820	2530	2820	66.6
6870	フェンオール	0	0	0	0	0
6871	日本マイクロ	1790	1830	1750	1830	10.7
6872	日本コーリン	9100	10100	8800	10100	63
6873	日立電子Ｅ	880	880	851	879	8
6874	協立電機	4610	5000	4600	4960	3.3
6875	メガチップス	7350	7850	7350	7840	31
6876	光波	5810	6500	5800	6500	44
6877	ＯＢＡＲＡ	0	0	0	0	0
6878	長野日無	600	610	600	600	6
6879	フォトロン	480	480	480	480	1
6880	シンワ	1160	1200	1160	1190	2.1
6881	キョウデン	3910	3950	3860	3900	43
6882	三社電機	668	668	668	668	2
6883	電産コ電	1280	1280	1240	1240	15
6884	デジタル	3100	3100	3100	3100	2
6885	ミヤチテクノ	1000	1000	1000	1000	2.1
6886	グラフィック	0	0	0	0	0
6887	日本ＬＳＩカード	591000	592000	591000	591000	0.003
6888	アクモス	880000	940000	850000	880000	0.06
6889	オーデリック	650	650	650	650	3
6890	フェローテク	1400	1410	1400	1400	16
6891	イーター電機	1190	1200	1110	1190	40
6892	シチズン電子	18500	19500	18500	18800	14.3
6893	タイテック	830	845	810	840	39
6894	パルステック	1820	1840	1760	1830	23
6895	ダイヤ電機	510	510	510	510	6
6896	北川工業	1365	1365	1320	1320	2.2
6897	ツインバード	0	0	0	0	0
6898	トミタ電機	0	0	0	0	0
6899	ＡＳＴＩ	659	660	659	660	7
6900	東京電波	7750	8500	7610	8200	29
6901	沢藤電	420	420	383	388	246
6902	デンソー	2130	2160	2085	2155	1170
6904	原田工業	0	0	0	0	0
6905	コーセル	3250	3300	3200	3200	27.6
6906	キヤ･コンポ	0	0	0	0	0
6907	ジオマテック	1390	1430	1360	1420	14.8
6908	イリソ電子	445	445	445	445	1
6909	北部通信工業	0	0	0	0	0
6910	日立メディコ	1010	1049	1005	1009	61
6911	新日無	1020	1050	1020	1030	15
6912	菊水電子	399	404	399	404	2
6913	メルコ	2660	2700	2600	2700	18
6914	オプテックス	0	0	0	0	0
6915	千代田インテ	1460	1510	1460	1500	7
6916	アイオデータ	3020	3150	3020	3100	25.9
6917	デンセラムダ	2400	2535	2335	2535	64.3
6918	アバール	1170	1170	1110	1150	10
6919	ケル	0	0	0	0	0
6920	レーザーテク	2600	2600	2500	2500	4
6921	東光電	315	315	310	315	7
6922	昭和情報	510	510	510	510	9
6923	スタンレー	700	740	690	739	717
6924	岩崎電	198	205	198	204	29
6925	ウシオ電	1950	2080	1950	2050	309
6926	岡谷電	255	255	250	250	9
6928	エノモト	1100	1100	1100	1100	1
6929	日セラ	1171	1176	1130	1131	38
6930	日本アンテナ	1270	1300	1260	1280	8
6931	日本電池	405	425	403	424	667
6932	ユアサコーポ	240	240	240	240	4
6933	ＹＵＡＳＡ	251	262	250	261	260
6934	新神戸	662	689	662	683	57
6935	日デジタル	1800	1899	1800	1890	80.2
6936	東洋高砂乾	0	0	0	0	0
6937	古河池	312	329	312	329	7
6938	双信電機	770	770	725	769	51
6939	ＵＭＣＪ	990000	1120000	980000	1120000	0.378
6940	多摩電気	0	0	0	0	0
6941	山一電機	2600	2850	2600	2850	142
6942	ソフィア	332	332	332	332	1
6943	開閉器	551	551	551	551	1
6944	アイレックス	0	0	0	0	0
6945	ＦＴＥＣ	651	651	650	650	9
6946	日本アビオ	296	296	290	290	3
6947	図研	2380	2500	2350	2500	51.9
6948	住友電装	0	0	0	0	0
6949	キンセキ	885	900	885	900	45
6950	ＹＥデータ	645	650	645	650	6
6951	日電子	521	540	521	522	42
6952	カシオ	979	980	953	957	540
6953	日ＮＣＲ	528	530	520	520	8
6954	ファナック	9100	9270	9000	9170	398.8
6955	ＦＤＫ	839	925	839	925	78
6956	神明電	1370	1370	1310	1310	9
6957	芝浦電子	345	345	345	345	0.2
6958	日本ＣＭＫ	1087	1099	1076	1090	76
6959	アマダメ	719	743	716	743	57
6960	フクダ電	1810	1820	1810	1820	8
6961	エンプラス	4740	4850	4700	4840	130.9
6962	大真空	550	600	550	599	333
6963	ローム	33100	34200	32000	33700	485.4
6964	サンコー	2000	2040	1980	2000	26
6965	ホトニクス	6300	6500	6190	6400	120.6
6966	三井ハイテク	1900	1916	1871	1915	45.1
6967	新光電工	5850	5850	5580	5800	35.3
6968	グラフテック	192	195	192	195	33
6969	松尾電	689	715	679	715	73
6970	日本コンラックス	568	578	560	578	46
6971	京セラ	16030	16150	15620	15850	972.3
6972	エルナー	420	431	420	424	39
6973	協栄産	340	340	333	338	10
6974	日本インター	305	325	305	325	16
6975	ＮＥＯＭＡＸ	1007	1033	1007	1023	49
6976	太陽電	5640	6190	5640	6180	585
6977	抵抗器	200	200	185	185	6
6979	松尾電機	3360	3530	3360	3520	6
6980	日立ＡＩＣ	1090	1180	1070	1140	80
6981	村田製	21360	21950	21100	21950	896
6982	リード	0	0	0	0	0
6984	朝日ナショナ	0	0	0	0	0
6985	ユーシン	541	551	541	551	13
6986	双葉電	4500	4550	4490	4550	59.1
6988	日東電	3450	3860	3450	3860	412
6989	北電工	208	210	202	210	73
6991	松電工	910	910	902	909	443
6992	国産電	222	222	222	222	1
6993	森電機	162	179	160	160	158
6994	指月電	265	265	250	250	23
6995	東海理	1001	1020	963	1020	40
6996	ニチコン	2890	2890	2795	2825	251
6997	日ケミコン	472	504	472	502	1361
6998	タングス	273	280	273	280	13
6999	ＫＯＡ	2495	2515	2475	2495	199
7003	三井造	69	71	66	70	960
7004	日立造	82	83	81	83	2391
7007	佐世保	75	77	73	73	58
7011	三菱重	299	303	298	300	5483
7012	川重	123	126	120	122	1387
7013	石川島	117	118	113	113	1737
7014	名村造	122	125	122	123	48
7018	内海造	0	0	0	0	0
7020	サノヤス	211	215	211	215	21
7021	ニッチツ	145	145	145	145	1
7052	信貴造船所	0	0	0	0	0
7102	日車両	217	220	210	220	380
7104	富士車輌	97	97	92	97	10
7105	ニチユ	173	178	173	178	3
7122	近畿車	145	145	142	145	85
7123	東急車輌製造	89	90	86	90	16
7124	輸送機工業	320	320	320	320	2
7142	ナブコ	180	185	178	180	36
7201	日産自	400	400	390	397	3408
7202	いすゞ	245	255	235	241	745
7203	トヨタ	4720	4720	4630	4700	3020
7204	小松ゼノア	260	260	240	255	52
7205	日野自	319	323	314	320	766
7207	日野車体	105	120	105	120	31
7210	日産ディ	93	93	90	93	83
7211	三菱自	410	410	395	405	2037
7212	エフテック	0	0	0	0	0
7219	ＨＫＳ	665	685	665	685	3
7220	武蔵精密	1110	1110	1100	1100	4
7221	トヨ車	794	800	790	798	58
7222	産車体	125	126	125	126	111
7223	関東自	660	678	660	665	59
7224	新明和	158	160	155	159	112
7225	小松フォーク	147	147	145	145	40
7226	極東開発	515	518	490	490	16.3
7227	アスカ	0	0	0	0	0
7228	デイトナ	440	440	440	440	1
7229	ユタカ技研	690	690	690	690	16
7230	日信工業	1230	1250	1229	1250	12
7231	トピー	160	163	155	156	220
7232	トキコ	136	140	136	140	71
7233	自部品	90	90	90	90	4
7234	橋本フォーミング	73	73	73	73	2
7235	東ラヂ	120	120	120	120	1
7236	ティラド	243	243	215	220	148
7237	ボッシュブレーキ	135	169	135	169	7
7238	ブレーキ	181	191	181	190	76
7239	タチエス	465	465	465	465	1
7240	ＮＯＫ	342	350	341	341	62
7241	フタバ	940	940	935	938	54
7242	カヤバ	174	175	170	175	102
7243	シロキ	221	229	221	227	16
7244	市光工	220	229	219	226	190
7245	大同メ	271	271	271	271	1
7246	プレス工	73	75	68	73	86
7247	ミクニ	131	131	126	131	12
7248	カルソニック	219	221	214	220	173
7249	尾張精	0	0	0	0	0
7250	太平洋工	261	261	251	255	40
7251	ケーヒン	999	999	968	972	29
7252	富士機	200	200	200	200	2
7253	日本ガスケット	277	277	277	277	5
7254	フジユニ	160	160	160	160	5
7255	桜井製	0	0	0	0	0
7256	河西工	199	210	195	210	29
7257	自転車電機工	200	200	198	200	3
7258	栃木富士産業	204	206	201	206	41
7259	アイシン	1360	1380	1343	1349	185
7260	富士機工	180	180	180	180	7
7261	マツダ	300	302	296	300	1812
7262	ダイハツ	589	597	580	595	714
7263	愛知機	130	131	125	127	148
7264	ＭＵＲＯ	0	0	0	0	0
7265	エイケン工業	0	0	0	0	0
7266	今仙電機	0	0	0	0	0
7267	ホンダ	3750	3750	3520	3610	1167
7268	タツミ	0	0	0	0	0
7269	スズキ	1650	1690	1629	1674	501
7270	富士重	745	749	739	740	1389
7271	安永	400	400	380	380	2
7272	ヤマハ発	800	805	795	799	202
7273	イクヨ	180	180	180	180	1
7274	ショーワ	406	406	395	396	907
7275	ユニシア	130	135	119	121	724
7276	小糸製	513	538	513	538	147
7277	ＴＢＫ	100	100	100	100	5
7278	エクセディ	799	799	770	770	1.8
7279	ケーブル	980	980	970	979	4
7280	ミツバ	413	416	411	415	66
7281	カンセイ	215	215	210	215	81
7282	豊田合	5800	6500	5750	6290	259
7283	愛三工	490	495	485	490	5
7284	盟和産	235	235	235	235	4
7285	池田物産	96	100	96	100	7
7286	イズミ工業	123	130	123	130	5
7287	日精機	1500	1600	1500	1595	24
7288	テクノエイト	225	226	225	225	3
7289	マーレ テネックス	215	215	215	215	2
7290	日発精密工業	190	190	190	190	2
7291	日本プラスト	0	0	0	0	0
7292	村上開明	538	538	538	538	2
7293	大井製作所	250	255	250	255	2
7294	ヨロズ	240	242	232	237	71.5
7295	アイエス製機	0	0	0	0	0
7296	ＦＣＣ	1000	1000	980	980	32
7297	カーメイト	880	880	830	830	2.8
7298	八千代工	490	490	490	490	1
7299	フジオーゼ	181	181	181	181	1
7301	宮田	165	172	161	172	14
7305	新家工	110	110	110	110	5
7306	丸石自転車	537	540	495	511	60
7308	ツノダ	65	65	65	65	1
7309	シマノ	1929	1950	1910	1940	142
7399	ナンシン	300	300	300	300	1
7404	昭和飛	305	307	305	305	35
7407	日本飛行機	217	217	208	212	28
7408	ジャムコ	451	451	451	451	2
7410	横浜鋼業	0	0	0	0	0
7411	成和産業	0	0	0	0	0
7412	アトム	1601	1601	1600	1600	3
7413	創健社	245	245	245	245	1
7414	小野建	800	800	790	800	5
7415	新星堂	320	320	320	320	5
7416	はるやま	595	595	595	595	1.5
7418	ヤマキ	0	0	0	0	0
7419	ノジマ	1250	1250	1210	1210	4.2
7420	佐鳥電機	880	910	880	880	14
7421	カッパクリエ	1890	1900	1890	1900	6
7422	東邦レマック	530	530	525	525	6
7423	フォンテーヌ	950	970	950	970	3.3
7424	ニコニコ堂	190	190	190	190	10
7425	初穂商事	325	325	310	310	3
7426	山大	192	195	192	195	3
7427	エコーＴＤ	1480	1530	1450	1530	9
7428	江戸沢	752	752	752	752	0.5
7429	セイジョー	1610	1620	1610	1610	2.3
7430	サンワドー	0	0	0	0	0
7431	ニューフ	0	0	0	0	0
7432	ダルトン	0	0	0	0	0
7433	伯東	3580	3680	3460	3680	42.2
7434	オータケ	1440	1440	1440	1440	1
7435	ナ・デックス	501	530	501	530	10
7437	シーアンドエス	4200	4400	4170	4400	68.4
7438	コンドー	469	476	469	476	3
7439	サンミック千代田	0	0	0	0	0
7440	クラフト	990	1030	990	1020	7
7442	中山福	325	329	325	325	6
7443	横浜魚類	370	370	370	370	1
7444	ハリマ共和	0	0	0	0	0
7445	ライトオン	10300	10510	10090	10510	57.9
7446	東北化学	0	0	0	0	0
7447	ナガイレーベ	2680	2680	2600	2600	1.7
7448	ジンズメイト	2160	2200	2120	2200	25.8
7449	太洋興業	171	180	171	180	5
7450	サンデー	0	0	0	0	0
7451	菱食	4650	4650	4480	4550	21.7
7452	マツヤ	0	0	0	0	0
7453	良品計画	17010	17500	16700	17200	55
7454	ホットスパー	230	230	230	230	4
7455	三城	7820	8150	7820	8120	47.9
7456	松田産業	2220	2235	2220	2235	3
7457	セキテクノ	460	460	458	460	21
7458	第一興商	3380	3380	3250	3380	15.8
7459	メディセオＨＤ	747	770	747	750	40
7460	ヤギ	450	460	450	460	7
7461	キムラ	970	970	970	970	1
7462	ダイヤ通商	0	0	0	0	0
7463	アドヴァン	4000	4100	3900	4050	40.7
7464	セフテック	320	320	320	320	2
7465	ＭＶ北海道	0	0	0	0	0
7466	ＳＰＫ	1110	1110	1110	1110	2.1
7467	萩原電気	0	0	0	0	0
7468	アムスク	0	0	0	0	0
7470	サロモンメイド	634	634	629	629	8
7471	ふじ	0	0	0	0	0
7472	鳥羽洋行	820	821	820	821	6
7473	静岡スバル	0	0	0	0	0
7474	パオ	0	0	0	0	0
7475	アルビス	425	425	425	425	3
7476	アズワン	1700	1750	1700	1700	10
7477	ムラキ	165	165	160	160	6
7478	ブルーグラス	590	590	570	570	2
7479	サンマルク	3200	3250	3160	3180	14.6
7480	スズデン	460	460	460	460	1
7481	尾家産	715	715	650	650	13
7482	シモジマ	1050	1100	1050	1100	17
7483	ドウシシャ	2150	2340	2140	2320	22
7485	岡谷鋼機	959	960	959	960	4
7486	サンリン	540	540	540	540	3
7487	小津産業	850	870	850	860	4.5
7488	ヤガミ	0	0	0	0	0
7490	日新商	0	0	0	0	0
7491	ＯＡシステム	980	1000	960	980	31
7492	タイカン	415	420	415	420	2
7494	コナカ	681	710	680	710	21
7495	レオ	0	0	0	0	0
7496	八千代ムセン	1100	1100	1080	1080	11
7497	マインマート	560	580	521	580	17.2
7498	ジャパン	1800	1890	1800	1800	19.5
7500	西川計測	0	0	0	0	0
7501	ティムコ	1140	1140	1060	1060	2.3
7502	プラザクリエ	9000	9300	8900	9300	16.6
7503	ＩＭＩ	0	0	0	0	0
7504	高速	750	750	750	750	2
7505	扶桑電通	1060	1060	1060	1060	3
7506	ハウスローゼ	874	875	860	870	1.6
7507	浜 勝	0	0	0	0	0
7508	オートセブ	800	800	775	775	5
7509	アイエー	711	711	711	711	3
7510	竹菱電機	0	0	0	0	0
7511	ジプロ	0	0	0	0	0
7512	ポスフール	1270	1300	1270	1290	33.5
7513	コジマ	2530	2640	2525	2595	68.9
7514	ヒマラヤ	731	780	720	780	71
7515	マルヨシ	440	440	440	440	8
7516	コーナン	1280	1280	1200	1200	13
7517	黒田電気	3220	3410	3200	3300	15.1
7518	ネットワン	3530000	4030000	3530000	3960000	0.767
7519	五洋インテ	250	250	250	250	5
7520	エコス	1200	1200	1170	1200	2.6
7521	ムサシ	1180	1180	1170	1170	3
7522	ワタミ	9000	9000	8700	8940	24
7523	アールビバン	5350	5400	5150	5400	8.5
7524	マルシェ	1479	1500	1479	1500	12.5
7527	システムソフ	771	771	770	770	5
7528	安藤薬業公司	495	495	480	480	2
7529	はるやま	0	0	0	0	0
7530	ナブコドア	0	0	0	0	0
7531	清和鋼業	0	0	0	0	0
7532	ドンキホーテ	14100	14800	14100	14500	35
7535	グッドマン	3050	3400	3050	3350	28.9
7536	船橋薬品	0	0	0	0	0
7537	丸文	1348	1400	1340	1400	14
7538	大水	470	480	470	480	7
7539	アベルコ	570	580	570	570	6
7540	エルエスフェンス	0	0	0	0	0
7541	メガネトップ	2720	2740	2700	2720	2.7
7542	ビスケーＨＤ	890	890	890	890	3
7543	ミスタージョン	465	465	465	465	1
7544	スリーエフ	1600	1600	1600	1600	2
7545	西松屋チェ	1530	1560	1530	1560	5
7547	オートハローズ	0	0	0	0	0
7548	サンクスＪＰ	1260	1260	1260	1260	2
7549	エス・エス・ブイ	798	798	798	798	4
7550	ゼンショー	1511	1530	1460	1530	12
7551	ウェッズ	0	0	0	0	0
7552	ハピネット	5100	5200	4900	5040	26.2
7553	サザビー	6000	6410	6000	6410	13
7554	幸楽苑	1200	1200	1200	1200	1
7555	大田花き	540	540	520	520	3
7556	住商エレク	2000	2000	1960	1990	9
7557	サンクス	5850	5850	5650	5800	39.2
7558	トーメンエレ	5100	5500	5000	5500	17
7559	ジーエフシー	0	0	0	0	0
7560	ユニマット	2200	2210	2150	2150	33.2
7561	ハークスレイ	3100	3140	3000	3030	11
7562	安楽亭	1490	1520	1490	1510	12
7563	ニッパン	230	230	230	230	1
7564	ワークマン	1700	1700	1700	1700	2
7565	万世電機	555	555	555	555	1
7566	ジャパンケア	1880	2100	1880	2100	23
7567	栄電子	538	538	510	535	9
7568	クレックス	690	715	660	700	848
7569	モンテカルロ	0	0	0	0	0
7570	橋本総業	665	665	665	665	3
7571	ヤマノＨＣ	0	0	0	0	0
7573	ツルハ	7450	7650	7400	7650	6.6
7574	共信テクノ	1930	1950	1910	1910	7
7575	日本ライフＬ	1600	1600	1560	1600	11.9
7576	ベターライフ	600	600	600	600	1
7577	パスポート	0	0	0	0	0
7578	ニチリョク	780	800	780	800	8
7579	オリジン東	2080	2080	2020	2020	7
7580	フーズネット	1349	1349	1349	1349	1
7581	サイゼリヤ	6590	6710	6590	6600	64.4
7582	富デバイス	2705	2940	2700	2900	9
7583	通商	0	0	0	0	0
7584	丸紅インフォ	0	0	0	0	0
7585	かんなん	1030	1030	1030	1030	1
7586	寺島薬局	0	0	0	0	0
7587	ＰＡＬＴＥＫ	2800	2810	2800	2810	5
7588	シートゥーネット	17950	17950	16900	17850	4.1
7589	デジキューブ	2700000	2850000	2700000	2850000	0.045
7590	タカショー	670	670	670	670	1
7591	エクセル	1700	1700	1600	1600	42
7592	アイ・ユー・ケイ	1100	1100	1040	1100	5
7593	ＶＴＨＤ	0	0	0	0	0
7594	マルカキカイ	0	0	0	0	0
7595	アルゴグラフ	3060	3070	3000	3050	8.8
7596	魚力	6000	6000	6000	6000	5
7597	東京貴宝	0	0	0	0	0
7598	ナイスクラ	520	520	515	515	4
7599	ガリバー	5380	5600	5380	5600	3
7600	日本ＭＤＭ	4800	4900	4750	4900	20
7601	ポプラ	1501	1511	1501	1510	17
7602	ジャック	20600	22100	19300	22100	11.5
7603	マックハウス	690	690	685	690	4
7604	梅の花	1800000	1800000	1770000	1770000	0.005
7605	フジコーポ	400	400	385	390	7
7606	Ｕアローズ	6210	6600	6210	6600	39
7607	進和	950	950	950	950	2
7608	ＳＫジャパン	0	0	0	0	0
7609	ダイトエレク	2430	2500	2420	2500	9
7610	テイツー	1980000	1980000	1900000	1930000	0.012
7611	ハイデ日高	910	910	910	910	2
7612	コモンウェル	2000	2030	1980	1980	8
7613	シークス	1800	1800	1750	1750	7
7614	オーエムツー	6710	6710	6400	6550	3.7
7615	京都友禅	780000	790000	780000	781000	0.023
7616	コロワイド	3440	3500	3400	3400	26.5
7617	オオゼキ	4800	4810	4800	4810	2
7618	ＰＣＤＥＰＯ	3900000	4090000	3900000	4090000	0.007
7619	田中商事	410	410	410	410	4
7620	ヤマト硝子	461	461	445	445	3
7621	うかい	1100	1100	1050	1090	15
7622	焼肉サカイ	3000	3000	2900	3000	7
7623	サンオータス	670	680	670	680	2
7624	内藤	600	600	600	600	25
7625	ダイニング	6010	6010	6010	6010	1
7626	ドッドウエル	4880	4950	4880	4920	26
7627	なか卯	1600	1600	1550	1560	7
7628	オーハシテク	954	954	910	912	8
7629	ムラチク	1100	1100	1100	1100	2
7630	壱番屋	1360	1460	1360	1460	21
7631	マクニカ	18000	19400	18000	19400	8
7632	住商メタレックス	480	480	478	480	14
7633	明響社	1850	2100	1850	2000	61
7634	星医療	1750	1750	1700	1700	2
7635	杉田エース	605	610	590	600	47
7636	ハンズマン	1120	1150	1100	1150	7
7637	白 銅	1200	1320	1200	1300	34
7638	シーマ	880	880	880	880	224
7701	島津	500	520	490	513	1016
7702	ＪＭＳ	420	432	420	430	15
7703	川澄化	1059	1090	1059	1090	17
7704	アロカ	1250	1270	1220	1230	42
7705	ジーエル	1700	1730	1700	1730	6
7706	セントラユニ	590	590	580	583	3
7711	助川電気	0	0	0	0	0
7713	シグマ光機	0	0	0	0	0
7714	モリテックス	8810	8810	8500	8500	18
7715	長野計器	1920	1920	1880	1880	5
7718	スター精	1601	1601	1599	1599	5
7719	東衡機	140	145	138	145	14
7720	ソキア	136	136	133	133	105
7721	トキメック	165	170	162	170	62
7723	愛時計	271	277	270	271	8
7724	金門	120	120	120	120	15
7726	黒田精	340	340	330	330	11
7727	オーバル	135	135	135	135	1
7728	電産トーソク	1000	1090	1000	1090	15
7729	東京精	10100	11800	10100	11250	302.6
7731	ニコン	3700	3860	3700	3810	481
7732	トプコン	412	420	411	420	21
7733	オリンパス	1380	1437	1380	1389	349
7734	理計器	350	350	333	335	29
7735	スクリン	625	643	625	643	355
7736	ユニオンＨＤ	130	135	120	120	29
7737	キャビン工業	195	195	195	195	3
7738	チノン	300	300	300	300	12
7739	キヤノン電	945	980	945	962	7
7740	タムロン	705	705	700	700	5
7741	ＨＯＹＡ	8850	9600	8750	9100	537
7742	ノリタ光	585	585	585	585	1
7743	シード	0	0	0	0	0
7744	ノーリツ鋼機	3100	3280	3100	3280	14.9
7750	ペンタックス	238	241	238	241	81
7751	キヤノン	4090	4120	3960	3980	2098
7752	リコー	2055	2120	2030	2090	1363
7753	ミノルタ	399	404	399	404	164
7756	電産コパル	1689	1730	1680	1730	92
7757	三協精	1067	1119	1051	1080	251
7758	セコニック	405	405	397	397	24
7762	シチズン	801	805	768	780	1054
7764	オリエント時計	0	0	0	0	0
7765	リコーエレメ	805	805	795	800	24
7768	ジェコー	0	0	0	0	0
7769	リズム	248	248	237	245	134
7770	ミヨタ	2300	2300	2260	2300	4
7771	日本精密	0	0	0	0	0
7857	セキ	1650	1650	1650	1650	7
7858	小野産業	1550	1550	1550	1550	1
7859	アルメディオ	1580	1680	1550	1660	56
7860	エイベックス	20050	22100	19820	21520	56.6
7861	東京リスマ	930	930	930	930	1
7862	トッパンフォ	2095	2190	2090	2190	190.6
7864	フジシール	6000	6100	5900	6090	23
7865	ピープル	1350	1350	1350	1350	2
7866	アトラス	2210	2300	2150	2300	49.3
7867	トミー	6600	6900	6590	6890	36.2
7868	広済堂	1020	1030	990	995	30.2
7869	日本フォーム	0	0	0	0	0
7870	福島印刷	0	0	0	0	0
7871	フクビ	0	0	0	0	0
7872	エステール	0	0	0	0	0
7873	アーク	3990	4000	3830	3910	12
7874	スルガ	5690	5700	5400	5600	7
7875	竹田印刷	0	0	0	0	0
7876	三陽PAX	556	556	545	545	3
7877	永大化工	815	815	815	815	3
7878	光彩工芸	0	0	0	0	0
7879	ノダ	0	0	0	0	0
7880	南部化成	0	0	0	0	0
7881	ニッソー	97	100	97	100	10
7882	アロン化成	400	400	390	390	22
7883	サンメッセ	0	0	0	0	0
7884	本間ゴルフ	380	395	380	385	35.1
7885	タカノ	1100	1190	1090	1100	9.2
7886	ヤマト・イン	0	0	0	0	0
7887	南プラ	445	445	445	445	1
7888	三光合成	0	0	0	0	0
7889	桑山	525	525	510	525	0.4
7890	アテナ工業	851	851	850	850	4.5
7891	日本ユピカ	0	0	0	0	0
7892	宇部日東化成	340	340	335	335	19
7893	亜細亜	1759	1800	1701	1800	22
7895	中央化学	1200	1200	1150	1150	4
7896	セブン工業	390	430	381	430	4
7897	ホクシン	155	165	155	165	23.4
7898	ウッドワン	525	526	520	524	92
7899	オザキ軽化	445	450	445	445	10
7900	大出産業	0	0	0	0	0
7901	マツモト	0	0	0	0	0
7902	ソノコム	950	950	901	901	4
7903	名木材	4940	4940	4940	4940	1
7904	天竜木	47	47	47	47	4
7905	大建工	292	292	275	285	206
7906	ヨネックス	375	375	371	371	4
7907	日防腐	0	0	0	0	0
7908	きもと	560	560	560	560	23
7909	シーアイ化	377	381	376	380	39
7910	段谷産業	115	115	110	115	65
7911	凸版	1110	1125	1095	1100	1079
7912	大日印	1660	1682	1655	1655	1026
7913	図書印	215	222	215	222	33
7914	共同印	341	350	338	338	165
7915	日写印	573	594	573	580	29
7916	光村印	258	258	247	247	6
7917	藤森工業	707	707	680	680	12
7918	ヴィアＨＤ	0	0	0	0	0
7919	野崎紙	298	298	298	298	2
7920	三浦印	330	330	330	330	5
7921	宝印刷	1850	1900	1820	1820	30
7922	三光産業	0	0	0	0	0
7923	トーイン	303	303	303	303	3
7925	前沢化成	1320	1370	1320	1370	9.7
7926	ベルテクノ	0	0	0	0	0
7927	ムトー精工	1550	1650	1550	1650	11
7928	旭化学	0	0	0	0	0
7929	新輝合成	0	0	0	0	0
7931	未来工業	1291	1291	1269	1270	12
7932	ニッピ	390	390	390	390	2
7933	ファイリング	400	400	400	400	1
7934	メルクス	75	75	75	75	7
7935	コンビ	1180	1190	1150	1190	16
7936	アシックス	113	114	111	113	121
7937	ツツミ	2450	2480	2400	2445	8.9
7938	リーガル	170	170	165	165	20
7939	研創	0	0	0	0	0
7940	ウェーブＨＤ	235	235	233	235	7
7942	ＪＳＰ	890	890	890	890	1
7943	ニチハ	800	800	775	779	54.9
7944	ローランド	1855	1880	1850	1869	22.5
7945	コマニー	0	0	0	0	0
7946	光陽社	230	230	230	230	3
7947	エフピコ	4210	4210	4000	4000	34.6
7948	ＡＷ・エモト	150	150	150	150	81
7949	小松ウオール	928	928	855	855	3.5
7950	日デコラ	466	466	450	450	8
7951	ヤマハ	777	792	756	788	217
7952	河合楽	151	152	148	152	154
7953	菊水化	0	0	0	0	0
7954	ジャレコ	400	405	390	400	26
7955	クリナップ	439	450	439	450	6
7956	ピジョン	1132	1156	1110	1150	50
7957	フジコピアン	209	209	204	204	4
7958	天馬	1150	1160	1110	1160	28
7959	オリバー	0	0	0	0	0
7960	パラマウント	9160	9380	9140	9360	31.4
7961	兼松日産農	174	174	171	171	15
7962	キングジム	635	635	621	630	13
7963	興研	470	470	445	450	11
7964	セガ	1900	2170	1870	2170	1063.6
7965	象印	0	0	0	0	0
7966	リンテック	900	910	895	900	48
7967	バンダイ	3580	3760	3580	3730	223
7968	田崎真珠	430	431	426	430	35
7969	タカラ	444	465	410	460	72
7970	信越ポリ	596	609	595	598	63
7971	東リ	205	205	196	197	68
7972	イトーキ	415	425	414	420	101
7973	ホウトク	91	93	91	93	20
7974	任天堂	16200	17300	16190	17180	605.9
7975	リヒトラブ	0	0	0	0	0
7976	菱鉛筆	716	720	715	720	31
7977	フランスベッド	480	499	480	499	76
7979	松風	840	840	840	840	1
7980	重松製	240	240	240	240	1
7981	タカラスタ	413	413	403	413	354
7983	ミロク	0	0	0	0	0
7984	コクヨ	1165	1176	1150	1170	177
7985	ネポン	310	310	310	310	1
7986	キング工	206	210	205	205	24
7987	ナカバヤシ	350	355	345	351	43
7988	ニフコ	1021	1025	1006	1013	88
7989	ブラインド	903	903	902	903	2.1
7990	ダイワ精	135	139	130	138	170
7991	マミヤＯＰ	362	390	362	381	30
7992	セーラー	1830	1899	1810	1811	66
7993	サンウエブ	204	204	180	190	69
7994	岡村製	275	276	274	275	141
7995	バルカー	188	188	180	180	135
7996	パイロット	390	390	390	390	2
7997	くろ工	0	0	0	0	0
7998	高島屋工作	253	253	253	253	2
7999	武藤工	380	396	370	390	114
8000	カイゲン	529	530	525	525	4
8001	伊藤忠	515	538	506	538	6065
8002	丸紅	367	372	361	372	3286
8003	トーメン	61	62	60	61	1015
8004	ニチメン	108	115	108	114	622
8005	ムトウ	556	570	555	570	27
8006	ユアサフナ	172	173	171	171	15
8007	高島	110	110	108	110	63
8008	アスティ	0	0	0	0	0
8010	新興産業	0	0	0	0	0
8011	三陽商	295	298	294	298	47
8012	長瀬産	384	390	370	380	68
8013	ナイガイ	95	95	89	90	102
8014	蝶理	107	113	107	113	34
8015	豊田通商	315	325	315	325	198
8016	オンワード	1029	1029	1000	1009	230
8017	阪急共栄物産	152	152	152	152	2
8018	三共興	272	279	272	279	7
8019	市田	65	66	63	65	55
8020	兼松	63	63	60	62	807
8021	レナウン	126	126	124	126	721
8022	ミズノ	250	254	245	252	212
8023	大興電子	710	710	710	710	5
8024	シルバーＯＸ	430	450	430	450	15
8025	ツカモトＣ	156	165	156	165	4
8027	ルシアン	107	113	105	113	20
8028	ファミリーＭ	4450	4710	4450	4710	102.7
8029	ルック	175	184	175	183	30
8030	中央魚	185	187	185	187	12
8031	三井物	782	790	775	776	2173
8032	紙パ商	344	355	344	350	66
8033	ジーネット	87	90	87	90	35
8035	東エレク	15400	15600	14600	15150	405
8036	日立ハイテク	1259	1293	1254	1265	38
8037	カメイ	498	500	496	498	38
8038	東都水	366	373	366	373	23
8039	築地魚	165	165	163	165	16
8040	東ソワール	191	191	191	191	16
8041	魚市場	342	342	335	335	2
8042	マタイ	223	223	204	211	32
8043	スターゼン	207	212	205	205	30
8044	大都魚	142	144	142	144	11
8045	浜丸魚	0	0	0	0	0
8046	丸藤パ	155	156	153	156	9
8047	デジ・ネット	3850	3880	3850	3880	2
8048	シャディ	2150	2250	2130	2190	21.7
8049	ＥＩＥ	460	480	449	470	37
8050	セイコー	493	509	475	509	256
8051	山善	135	145	135	140	132
8052	椿本興	168	170	165	170	8
8053	住友商	1300	1300	1252	1257	2785
8056	ユニシス	2730	2800	2680	2730	263
8057	内田洋	439	469	435	469	116
8058	三菱商	885	889	865	884	1645
8059	第一実	175	181	175	181	43
8060	キヤノン販	1415	1415	1360	1365	367
8061	西華産	190	191	182	183	249
8063	日商岩井	95	96	91	93	1296
8064	金商	90	90	83	83	11
8065	佐藤商	0	0	0	0	0
8066	三谷商	0	0	0	0	0
8067	トミヤアパ	370	370	368	368	14
8068	菱洋エレク	1360	1378	1355	1369	175
8069	加  商	400	408	400	408	8
8070	東京産	306	310	301	301	73.5
8071	東海物産	380	380	370	370	2
8072	出版貿	0	0	0	0	0
8073	Ｔ・ＺＯＮＥ	571	640	571	640	10
8074	ユアサ商	130	132	129	132	73
8075	神鋼商	166	166	158	159	23
8076	カノークス	73	74	73	73	10
8077	小林産	0	0	0	0	0
8078	阪和興	112	112	108	110	210
8079	正栄食	0	0	0	0	0
8080	ジョイス	0	0	0	0	0
8081	カナデン	447	447	440	440	79
8083	サンテレ	311	311	311	311	1
8084	菱電商	341	341	336	336	63
8085	ナラサキ産業	172	172	165	166	17
8086	ニプロ	867	874	867	874	4
8087	フルサト	595	700	595	670	5
8088	岩谷産	215	229	209	229	216
8089	ナイス	180	180	165	171	318
8090	昭光通商	129	130	124	130	38
8091	ニチモウ	140	144	138	144	44
8092	富士通シス	3650	3980	3650	3980	28.9
8093	極東貿易	1020	1080	990	1080	141
8095	イワキ	230	230	230	230	6
8096	兼松エレク	460	470	456	460	12
8097	三愛石	288	294	288	294	37
8098	稲畑産	500	514	497	514	61
8100	藤井	80	80	78	80	8
8101	ＧＳＩクレ	103	103	98	98	45
8103	明和産	100	105	100	105	14
8105	丸正	215	220	203	220	55
8107	キムラタン	77	77	77	77	4
8109	山洋工	0	0	0	0	0
8110	川鉄商事	122	122	111	113	91
8111	ゴルドウイン	126	126	121	123	36
8112	東スタイル	860	862	854	855	251
8113	ユニチャーム	6410	6520	6350	6400	143.5
8114	デサント	190	190	188	189	61
8115	ムーンバット	115	120	115	115	31
8116	ダーバン	330	330	315	324	249
8117	中央自	245	245	240	240	10
8118	キング	140	140	140	140	2
8119	三栄コ	700	700	632	632	25
8120	大木	300	300	300	300	2
8123	川辺	115	115	115	115	1
8125	ワキタ	270	280	270	273	21
8126	三光純薬	0	0	0	0	0
8127	ヤマトインタ	132	135	132	135	7
8128	エフワン	72	72	72	72	2
8129	東邦薬	350	350	345	345	5
8130	サンゲツ	1645	1670	1643	1670	14
8131	ミツウロコ	550	565	531	565	24
8132	シナネン	380	394	380	388	39
8133	伊藤忠エネ	317	324	316	316	35
8134	ＴＯＫＡＩ	1229	1275	1201	1240	710
8135	ゼット	131	131	130	130	20
8136	サンリオ	3390	3750	3350	3620	174
8137	サンワテク	730	730	730	730	6
8138	三京化	0	0	0	0	0
8139	ナガホリ	0	0	0	0	0
8140	リョーサン	1700	1817	1700	1790	136
8141	新光商	803	809	800	801	51
8142	トーホー	751	760	751	751	20
8143	ラピーヌ	78	82	78	82	21
8144	電響社	333	333	330	330	11
8145	中部水産	380	380	380	380	4
8146	小杉産	144	145	143	145	6
8147	トミタ	0	0	0	0	0
8148	上原成	268	268	260	268	23
8150	三信電	656	666	640	645	72
8151	東陽テク	2260	2440	2225	2440	30
8152	ソマール	0	0	0	0	0
8153	モスフード	1020	1025	1016	1020	31
8154	加賀電子	1230	1250	1211	1230	20
8155	三益半導	1815	1879	1800	1879	31.8
8156	ガステック	555	568	555	557	16
8157	都築電	550	580	550	560	11
8158	ソーダニッカ	176	182	176	177	4
8159	立花エレ	602	610	600	600	33
8160	木曽路	1090	1090	1090	1090	2
8161	エイデン	840	840	831	839	48
8163	サトＲＳ	687	690	685	685	13
8164	キャビン	112	115	112	115	37
8165	千趣会	1250	1320	1219	1219	24
8166	タカキュー	223	227	215	220	321.5
8167	丸久	0	0	0	0	0
8168	ケーヨー	357	359	352	357	37.3
8169	宝船	368	370	351	370	12
8170	アデランス	2700	2700	2670	2680	167.8
8171	ＭＶ中部	850	850	849	849	8
8172	第一家庭電器	60	63	60	63	97
8173	上新電	278	288	278	278	9
8174	日ガス	588	589	580	580	6
8175	ベスト電	685	685	670	671	113
8176	西洋フードシス	404	405	397	403	64
8178	マルエツ	298	299	297	299	41
8179	ロイヤルＨＤ	800	808	798	799	196
8180	すかいらく	2760	2800	2740	2785	242
8181	東天紅	1060	1250	1050	1250	46
8182	いなげや	800	825	800	825	45
8183	セブン−イレブン	11110	12000	10970	12000	986
8184	島忠	1102	1129	1100	1129	40.5
8185	チヨダ	525	525	525	525	10.8
8186	大塚家具	23700	23700	22900	23000	21.1
8188	ヨークベニ	2000	2100	2000	2100	55.2
8189	マツヤデンキ	310	310	286	286	15
8190	ヤマナカ	1800	1800	1800	1800	1
8191	光製作	0	0	0	0	0
8192	中川無線	90	90	87	87	5
8193	鈴丹	126	129	123	129	34
8194	ライフコーポ	600	600	570	600	11
8195	デニーズジャパン	1790	1802	1780	1802	38
8196	カスミ	412	417	410	412	66
8197	東急ストア	275	280	273	280	42
8199	デオデオ	860	865	850	860	160.2
8200	リンガハット	1039	1050	1011	1050	7.5
8201	さが美	216	224	210	220	12
8202	ラオックス	523	537	521	525	52
8203	ＭｒＭａｘ	300	309	300	309	13.4
8204	ジョナサン	1240	1240	1230	1240	5
8205	シャクリー	820	820	820	820	2
8206	アポロイン	86	86	86	86	1
8207	テンアライド	426	426	413	420	6.2
8208	エンチョー	0	0	0	0	0
8209	フレンドリ	475	475	465	465	3
8210	フットワーク	220	240	220	240	63
8211	相鉄ローゼ	539	559	539	559	9
8212	オーク	160	160	160	160	7
8213	トステムビバ	300	309	300	308	11
8214	アオキインタ	325	330	325	330	43.4
8215	銀座山形屋	250	250	250	250	3
8216	フォルクス	495	500	495	500	3
8217	オークワ	890	900	890	900	8
8218	コメリ	3500	3530	3400	3500	22.8
8219	青山商	1381	1395	1350	1365	142.2
8225	タカチホ	0	0	0	0	0
8226	理経	500	515	500	515	70
8227	しまむら	10800	10800	10500	10800	24.8
8228	マルイチ	0	0	0	0	0
8229	ＣＦＳコーポ	830	870	830	847	2.5
8230	はせがわ	330	335	330	335	38
8231	三越	414	433	409	430	4151
8232	東急百貨店	95	96	91	94	387
8233	高島屋	730	743	725	733	663
8234	大丸	329	330	326	327	177
8235	松坂屋	235	240	235	238	175
8236	丸善	250	257	243	257	163
8237	松屋	385	400	385	400	44
8238	伊勢丹	798	805	790	804	602
8239	横浜松坂屋	80	80	79	79	5
8240	サッポロライオン	570	570	560	560	5
8241	阪神百貨店	465	465	465	465	12
8242	阪急百	435	435	427	434	119
8243	そごう	83	84	81	83	328
8244	近鉄百貨店	120	120	119	119	4
8245	丸栄	210	219	210	219	20
8247	大和	183	183	183	183	1
8248	ニッセン	470	470	460	461	37.5
8249	東洋物	0	0	0	0	0
8250	小松ストアー	0	0	0	0	0
8251	パルコ	275	275	273	275	31
8252	丸井	1510	1614	1500	1575	695
8253	クレセゾン	1570	1610	1555	1580	470
8254	さいか屋	489	489	489	489	22
8255	原信	975	975	975	975	5
8256	プロルート	0	0	0	0	0
8257	山陽百	0	0	0	0	0
8258	ＯＭＣカード	417	445	417	445	284
8259	十字屋	70	72	69	72	105
8260	井筒屋	185	188	183	188	324
8261	ｼ鉄百貨店	255	255	255	255	4
8262	長崎屋	4	4	3	4	839
8263	ダイエー	350	358	345	358	644
8264	イトーヨーカ堂	6150	6190	5900	6000	1311
8265	壽屋	137	137	126	126	9
8266	イズミヤ	605	625	602	625	84
8267	イオン	1431	1431	1379	1390	501
8268	西友	200	202	198	200	1270
8269	マイカル	320	322	317	322	920
8270	ユニー	775	790	775	789	84
8273	イズミ	452	454	445	451	190
8274	東武ストア	195	200	192	192	12
8275	フォーバル	3250	3410	3250	3350	8.6
8276	平和堂	528	529	520	525	25
8278	フジ	1965	1968	1950	1967	34.8
8279	ヤオコー	1420	1450	1360	1360	2.8
8280	富士冷機	405	420	405	420	47
8281	ゼビオ	1440	1440	1396	1399	26.4
8282	ギガスケーズ	2000	2010	1950	1980	32.8
8283	パルタック	425	425	424	424	2
8285	三谷産業	452	452	450	450	12
8286	藍  屋	1571	1620	1571	1571	20
8287	ＭＶ西日本	1000	1070	1000	1070	6
8289	オリンピック	2200	2200	2145	2150	0.4
8290	デンコードー	670	670	650	650	8
8291	東日カーライフ	180	198	180	198	18
8292	東いすず	0	0	0	0	0
8293	愛トヨ	809	819	809	819	8
8295	キャノンシステム	700	720	700	720	3
8298	ファミリー	0	0	0	0	0
8299	大栄太源	0	0	0	0	0
8301	日銀	83000	83000	83000	83000	0.1
8302	興業銀行	904	904	850	875	2904
8311	第一勧銀	882	894	864	875	1753
8314	さくら銀行	640	648	630	642	6402
8315	東京三菱銀	1390	1397	1370	1397	4084
8317	富士銀行	920	922	898	915	4168
8318	三井住友銀行	1311	1313	1271	1284	2526
8319	大和銀行	291	296	274	280	3208
8320	三和銀行	990	1008	965	1006	4998
8321	東海銀行	655	655	620	635	3618
8322	あさひ銀行	620	621	581	610	4548
8324	第四銀	380	395	380	394	290
8325	北越銀	271	272	270	272	106
8326	福岡銀	602	602	585	592	987
8327	西日本シティ銀	384	390	384	390	79
8331	千葉銀	435	438	431	434	1170
8332	横浜銀	414	421	400	405	2202
8333	常陽銀	419	419	409	410	859
8334	群馬銀	580	610	578	600	338
8335	足利銀行	204	209	203	209	420
8336	武蔵銀	4460	4550	4460	4540	5.1
8337	千葉興	1098	1100	1080	1100	37.7
8338	関東つくば銀	1439	1499	1439	1498	16
8339	都民銀	3250	3320	3230	3320	19.3
8341	七十七	812	812	804	811	242
8342	青森銀	457	480	457	480	72
8343	秋田銀	422	432	422	432	80
8344	山形銀	529	530	523	530	53
8345	岩手銀	3650	3700	3600	3700	10.3
8346	東邦銀	387	394	385	388	170
8349	東北銀	0	0	0	0	0
8350	みちのく銀	620	620	617	620	70
8353	北海道銀行	150	152	149	152	120
8355	静岡銀	890	890	865	871	674
8356	十六銀	465	475	465	475	103
8357	北陸銀行	252	252	245	252	202
8358	スルガ銀	1550	1550	1483	1549	356
8359	八十二	600	620	595	620	367
8360	山梨銀	405	419	402	414	149
8361	大垣共立	524	540	524	539	141
8362	福井銀	281	288	275	288	250
8363	北国銀	379	385	375	385	283
8364	清水銀	3800	3870	3790	3870	3.9
8365	富山銀	0	0	0	0	0
8366	滋賀銀	549	560	539	547	168
8367	南都銀	645	670	645	669	92
8368	百五銀	464	475	464	475	211
8369	京都銀	530	535	527	533	66
8370	紀陽銀	260	270	260	270	85
8371	近畿大阪銀	228	239	228	238	13
8372	泉州銀	370	370	360	370	99
8374	三重銀	514	530	510	520	63
8375	池田銀	5750	5850	5700	5850	9
8379	広島銀	414	415	410	412	213
8380	山口銀	721	721	690	704	123
8381	山陰合銀	584	584	570	578	91
8382	中国銀	897	930	888	929	81
8383	鳥取銀	356	374	356	360	12
8385	伊予銀	661	698	661	691	97
8386	百十四	630	630	620	630	84
8387	四国銀	599	649	598	649	93
8388	阿波銀	511	520	511	520	154
8390	鹿児銀	408	410	400	410	56
8391	親和銀行	320	330	317	330	76
8392	大分銀	498	498	483	488	21
8393	宮崎銀	344	354	344	347	98
8394	肥後銀	420	442	414	436	130
8395	佐賀銀	320	325	318	318	56
8396	十八銀	338	345	337	345	61
8397	沖縄銀	2475	2475	2460	2460	2.2
8399	琉球銀	1348	1378	1348	1370	5.5
8401	三井信託	174	175	166	169	3830
8402	三菱信託	900	900	849	863	1634
8403	住友信	689	700	629	681	1628
8404	みずほ信託銀	145	147	143	146	831
8405	日本信託	180	183	176	183	468
8407	東洋信託	333	348	327	345	1421
8408	中央三井信	605	605	575	575	380
8489	アプレック	630	630	621	630	32
8493	インター	1905	2120	1901	2120	11.2
8507	学研クレジット	700	700	683	683	4
8508	イッコー	798	799	780	798	32
8511	日証金	669	706	669	706	235
8512	大証金	328	330	320	320	66
8513	中証金	0	0	0	0	0
8515	アイフル	16500	17000	16260	17000	50.45
8518	アジア投資	790	820	750	810	1207
8519	ポケットＣ	3150	3280	3100	3240	22.9
8520	殖産銀行	393	394	393	394	11
8521	長野銀	458	469	458	467	37
8522	名古屋銀	630	630	610	630	70
8523	近畿銀行	340	340	340	340	2
8524	北洋銀行	535	550	535	550	31
8527	愛知銀	7190	7300	7190	7300	1.4
8528	岐阜銀	0	0	0	0	0
8529	第三銀	455	465	450	460	49
8530	中京銀	444	453	420	445	119
8533	広島総合銀行	420	420	411	417	70
8536	東日銀	675	675	658	670	40
8537	大光銀	258	258	258	258	2
8539	福岡シティ銀	478	494	478	494	65
8541	愛媛銀	431	445	431	444	79
8542	トマト銀	440	440	440	440	2
8543	みなと銀	221	226	221	225	257
8544	京葉銀	324	325	316	325	105
8545	関西アーバン	166	170	166	170	70
8548	九州銀行	316	316	310	312	39
8549	せとうち銀行	0	0	0	0	0
8550	栃木銀	658	700	658	700	33
8551	北日銀	5190	5230	5100	5100	5.1
8552	びわこ銀	327	327	316	325	14
8556	香川銀	554	555	550	553	170
8558	東和銀	435	441	435	441	50
8561	徳島銀	785	790	780	790	32
8562	福島銀	335	347	335	343	38
8563	大東銀	323	330	323	330	30
8564	武富士	9740	10300	9740	10010	262.9
8565	三洋クレ	3970	4110	3900	4110	33.1
8566	リコーリース	2730	2750	2660	2750	6
8567	クレディア	2175	2175	2055	2140	10.6
8568	シンキ	2350	2375	2330	2375	32.2
8569	ユニココーポ	1130	1130	1130	1130	0.5
8570	イオンクレ	5000	5400	5000	5400	163.6
8571	ニッシン	4880	5200	4800	4810	13
8572	アコム	10200	10650	10200	10650	138.3
8573	三洋信販	3050	3160	3050	3160	42.3
8574	プロミス	7100	7220	6880	7200	103.3
8577	ロプロ	1710	1820	1710	1797	143.8
8579	東京リース	569	569	569	569	1
8580	ファーストクレジット	305	380	301	380	643
8582	日貿信	70	70	65	66	50
8583	日信販	280	284	265	274	475
8584	ジャックス	363	375	361	374	103
8585	オリコ	410	480	405	480	3941
8586	日立キャピ	1553	1600	1553	1600	278.2
8587	ライフ	226	250	219	250	92
8588	セントラル	324	330	319	330	116
8589	アプラス	139	139	135	135	44
8591	オリックス	17000	17300	16800	17300	169.9
8592	住商リース	1209	1209	1193	1200	11
8593	ダイヤリース	1600	1609	1577	1595	59
8595	ジャフコ	25600	26500	23000	26000	362
8597	ＳＦＣＧ	14110	15200	14000	15000	36.93
8599	ＵＦＪセント	0	0	0	0	0
8601	大和証Ｇ	1525	1587	1517	1572	5463
8603	日興コーデ	1319	1330	1300	1320	5830
8604	野村ＨＤ	2865	2965	2820	2965	5834
8606	新光	546	566	536	560	2210
8607	みずほイン証	265	277	260	274	708
8608	和光証券	550	575	540	574	1139
8609	岡三ＨＤ	940	950	912	940	906
8610	さくらフレンド	320	325	315	325	366
8611	コスモ証	304	315	304	315	320
8612	第一証券	189	192	188	192	569
8613	丸三	773	793	773	790	108
8614	東洋	450	499	450	495	758
8615	三菱証	1745	1785	1700	1779	204
8616	東海東京	430	459	430	459	310
8617	光世	343	350	337	347	368
8618	太平洋証	250	261	250	256	583
8620	東海丸万	751	760	748	760	165
8621	ＵＦＪつばさ証券	700	709	697	709	136
8622	水戸	415	420	405	415	183
8623	ＳＭＢＣ証	370	378	360	370	64.5
8624	いちよし証	1000	1000	979	990	310
8625	高木	420	420	402	415	35
8691	証券代	0	0	0	0	0
8692	だいこう	0	0	0	0	0
8742	小林洋行	1320	1320	1320	1320	35
8743	ひまわり証	0	0	0	0	0
8744	日本ユニコム	1000	1000	1000	1000	8
8745	グローバリー	0	0	0	0	0
8746	第一商品	334	335	334	335	8
8747	豊商事	500	500	500	500	1
8748	岡藤商事	413	413	413	413	4
8749	エース交易	366	366	364	364	15
8751	東京海上火災	1043	1060	1032	1060	1382
8752	三井住友海上	450	454	446	452	816
8753	住友海上火災	500	520	499	500	1644
8754	日本興亜	268	268	260	262	206
8755	損害保険Ｊ	444	444	437	442	751
8756	日産火災海上	280	281	278	280	334
8757	日新火	261	265	260	261	125
8758	千代田火災	277	288	277	288	60
8759	ニッセイ同和	254	259	251	252	480
8760	日動火災海上	440	444	439	444	323
8761	あいおい損保	277	280	275	280	647
8762	興亜火災	227	229	225	227	198
8763	富士火	210	215	205	205	238
8764	太陽火災	0	0	0	0	0
8765	大成火災海上	214	214	208	213	19
8801	三井不	891	894	866	885	1428
8802	菱地所	948	958	941	950	1066
8803	平和不	251	256	246	248	182
8804	東建物	184	184	176	180	215
8805	中央地	115	116	113	115	17
8806	ダイビル	593	598	580	581	164
8809	サンケビル	315	348	315	343	21
8810	港振興	1030	1030	1030	1030	1
8815	東急不	104	105	100	105	468
8817	阪急不動産	351	351	351	351	7
8818	京阪神不	238	245	236	241	137
8821	立飛企	0	0	0	0	0
8826	エルカク	1	2	1	2	636
8829	大和団地	211	219	211	218	45
8830	住友不	309	314	305	309	1184
8832	小田急不	168	168	156	156	5
8833	東宝不	387	400	380	395	11
8834	藤和不	62	62	60	62	164
8835	太平発	115	116	110	115	22
8836	ヒューネット	651	711	650	711	2337
8838	有楽地	101	101	92	92	29
8839	ニチモ	76	80	76	79	32
8840	大京	217	220	216	216	189
8841	テーオーシー	574	597	564	597	76
8842	楽天地	328	330	326	330	17
8844	リクコスモス	501	506	501	504	13
8845	セザール	220	220	213	220	53
8846	積和不動産	410	410	410	410	2
8848	レオパレス	371	377	370	373	47
8850	スターツ	0	0	0	0	0
8851	アバンライフ	146	146	146	146	5
8852	積和不動関西	360	365	360	360	34
8853	ダイヤシティ	0	0	0	0	0
8854	日住	250	251	250	251	5
8855	全日空ビル	0	0	0	0	0
8857	三井不動販売	411	418	399	401	134
8858	ダイア建	200	205	190	190	54
8860	フジ住	453	495	446	495	144
8863	積和不動中部	0	0	0	0	0
8864	空港施設	490	500	490	500	32
8865	神鋼興産	280	280	280	280	6
8866	コマーシャル	360	432	360	432	13
8867	横浜地下街	272	272	270	270	3
8868	ＵＲＢＡＮ	5810	6510	5710	6510	104
8869	明和地所	2245	2280	2235	2280	13.4
8870	住不販売	2400	2590	2395	2480	37.7
8871	ゴールドクレ	10110	10900	10000	10900	25
8872	エイブル	6280	6280	6200	6280	7
8873	積和不動中国	670	670	670	670	2
8874	ジョイント	3400	3490	3370	3490	41
8875	東栄住宅	1840	1900	1810	1900	10
8876	リロＨＤ	0	0	0	0	0
8877	エスリード	2150	2255	2110	2245	16
8878	日綜地所	1470	1470	1410	1410	3
8879	東急リバブル	511	519	511	514	4
8880	飯田産業	1750	1790	1680	1790	4
9001	東武	297	298	291	296	812
9002	西武鉄道	1520	1540	1509	1540	141
9003	相鉄	276	290	276	290	186
9004	箱根登山鉄道	295	300	295	300	7
9005	東急	402	412	387	395	4748
9006	京急	399	399	390	391	742
9007	小田急	335	335	321	323	973
9008	京王	370	380	370	374	542
9009	京成	285	289	280	285	461
9010	富士急	310	320	306	306	28
9012	秩父鉄	150	150	150	150	1
9013	伊豆箱根鉄道	12900	12900	12900	12900	0.2
9014	新京成	300	300	300	300	3
9017	新潟交	390	400	380	400	12
9019	伊豆急行	2700	2750	2700	2750	1.3
9020	ＪＲ東日本	470000	481000	451000	475000	5.629
9021	ＪＲ西日本	370000	370000	360000	370000	0.78
9022	ＪＲ東海	705000	706000	695000	703000	1.434
9031	西鉄	277	277	269	277	71
9033	広電鉄	0	0	0	0	0
9036	東部ネット	550	550	530	530	9
9037	ハマキョウ	1800	1800	1800	1800	2
9038	東海西濃	300	300	300	300	1
9039	サカイ引越	2415	2510	2410	2500	0.8
9040	大宝運輸	0	0	0	0	0
9041	近鉄	430	448	423	440	1092
9042	阪急ＨＤ	342	346	342	345	467
9043	阪神	291	302	291	300	99
9044	南海電	460	460	443	443	109
9045	京阪電	355	357	355	357	67
9046	神電鉄	435	440	435	440	16
9047	名糖運輸	1500	1500	1500	1500	4
9048	名鉄	312	320	308	316	732
9049	京福電	0	0	0	0	0
9050	三重交	340	340	340	340	1
9051	センコン物流	0	0	0	0	0
9052	山陽電	290	295	290	292	45
9053	中央運輸	0	0	0	0	0
9054	大和物流	0	0	0	0	0
9055	アルプス物流	451	469	450	455	19
9056	ヒューテック	1180	1200	1180	1200	7
9057	遠州トラック	0	0	0	0	0
9058	トランコム	1130	1200	1130	1160	45
9059	カンダ	280	280	280	280	7
9060	日ロジテム	290	290	290	290	2
9061	富士物流	165	165	165	165	1
9062	日通	740	757	734	753	4925
9063	岡県運送	0	0	0	0	0
9064	ヤマト運	2375	2550	2375	2510	1318
9065	山九	130	130	122	126	245
9066	日新	160	162	159	160	132
9067	丸運	240	252	240	252	9
9068	丸全運	188	191	188	191	46
9069	センコー	218	223	210	223	97
9070	トナミ	198	200	191	193	164
9072	日梱包	550	590	550	587	74
9073	京極運	0	0	0	0	0
9074	日石輸	167	167	163	164	21
9075	福山運	623	629	611	629	184
9076	西濃運	504	504	498	501	381
9077	名鉄運	0	0	0	0	0
9078	エスライン	0	0	0	0	0
9079	東急ロジ	410	410	410	410	1
9080	関東西濃	0	0	0	0	0
9081	神奈交	435	455	435	450	5
9082	大和自	0	0	0	0	0
9083	神姫バ	520	520	520	520	14
9086	日立物流	509	509	506	509	85
9087	タカセ	0	0	0	0	0
9088	濃飛西濃	0	0	0	0	0
9089	ロジパル	0	0	0	0	0
9101	郵船	405	412	402	409	2479
9104	商船三井	183	185	181	183	1613
9107	川崎汽	160	163	157	163	1107
9110	新和海	60	66	60	66	50
9113	乾汽船	79	79	77	78	11
9114	日之出汽船	45	45	43	45	111
9115	明治海	158	158	155	155	4
9119	飯野海	163	163	156	160	78
9123	太平海	56	56	50	55	61
9127	玉井船	0	0	0	0	0
9130	共栄タ	114	114	110	112	8
9132	第一汽	53	55	52	55	106
9133	東栄リーファ	0	0	0	0	0
9151	東京船舶	93	93	91	91	23
9152	関西汽	61	63	60	63	115
9171	栗林船	220	220	220	220	10
9173	東海汽	0	0	0	0	0
9174	ワンダーＴ	255	275	255	270	15
9176	佐渡汽	0	0	0	0	0
9178	日鉄物流	0	0	0	0	0
9179	川崎近海	205	205	195	195	4
9180	新和内航	0	0	0	0	0
9193	東京汽	321	321	321	321	5
9201	日本航空	252	252	246	248	2520
9202	ＡＮＡ	255	267	252	263	1625
9203	日本エアシス	3850	3850	3800	3800	7.3
9231	国際航	629	629	608	608	14
9232	パスコ	541	541	530	541	44
9233	アジア航	356	356	345	345	7
9301	三菱倉	809	809	775	786	317
9302	三井倉	264	264	250	251	298
9303	住友倉	270	271	265	270	493
9304	渋沢倉	269	269	255	260	59
9305	ヤマタネ	112	112	109	111	29
9306	東陽倉	228	230	227	230	6
9307	杉村倉	599	620	599	620	10
9308	イヌイ建	368	370	366	368	44
9309	京神倉庫	0	0	0	0	0
9310	トランシティ	207	207	206	207	15
9311	アサガミ	0	0	0	0	0
9312	ケイヒン	143	143	139	142	102
9313	丸八倉	0	0	0	0	0
9314	品川倉	0	0	0	0	0
9317	オーナミ	111	111	111	111	2
9318	Ｊブリッジ	280	280	270	279	8
9319	中央倉	484	484	480	480	13
9320	三和倉	0	0	0	0	0
9321	アイロジステ	154	158	154	158	2
9322	川西倉	0	0	0	0	0
9323	ロジステック	450	450	450	450	1
9324	安田倉	351	354	351	352	17
9351	洋埠頭	138	142	138	142	71
9353	桜島埠	166	166	166	166	3
9355	リンコー	0	0	0	0	0
9357	名港海	330	330	295	295	3
9358	宇徳運	130	130	129	129	2
9359	伊勢湾	244	250	244	244	4
9360	鈴与シンワ	158	158	158	158	1
9361	伏木運	270	270	270	270	1
9362	兵機海	110	110	105	105	5
9363	大運	57	57	57	57	2
9364	上組	444	450	441	448	529
9365	トレーディア	85	85	85	85	3
9366	サンリツ	800	800	776	780	7.8
9367	大東港運	145	145	145	145	5
9368	キムラユニテ	0	0	0	0	0
9369	キユソ流通	1580	1581	1580	1581	3
9370	郵船航空	2340	2550	2340	2490	12.6
9373	ニッコウトラ	2050	2120	2050	2120	17
9401	ＴＢＳ	4100	4140	4010	4010	1109
9402	ＣＢＣ	1098	1098	1000	1000	0.6
9404	日テレ	96500	119000	96500	114000	274.2
9405	朝日放	10700	11500	10700	11500	2.5
9408	新潟放	750	750	750	750	0.1
9431	ＫＤＤ	9000	9400	8550	9230	263.1
9432	ＮＴＴ	1370000	1420000	1370000	1400000	21.516
9433	ＫＤＤＩ	880000	927000	820000	926000	12.988
9434	ボーダフォン	4850000	5040000	4780000	4960000	1.396
9435	光通信	78500	88500	78500	88500	910.1
9436	沖縄セルラー	789000	790000	750000	790000	0.111
9437	ＮＴＴドコモ	4040000	4380000	4010000	4250000	29.479
9438	ＭＴＩ	5310000	6300000	5000000	6300000	0.26
9439	ビーアイジー	10300000	12450000	10300000	12450000	0.015
9449	ＧＭＯインター	49500	55000	49000	55000	21
9470	学研	229	238	225	238	189
9471	文渓堂	0	0	0	0	0
9472	エスコム	581	592	569	590	66
9473	アスキー	2800	3200	2800	3200	136
9474	ゼンリン	3370	3370	3310	3320	33.7
9475	昭文社	6000	6600	6000	6480	30.4
9476	中央経済	0	0	0	0	0
9477	角川ＨＤ	30500	30500	30450	30450	19.6
9478	翔泳社	13650000	14700000	12500000	14700000	0.014
9501	東電	2490	2490	2440	2465	1295.8
9502	中部電	1600	1610	1580	1610	291.2
9503	関西電	1553	1555	1520	1539	1037.2
9504	中国電	1350	1353	1340	1353	111.5
9505	北陸電	1368	1387	1365	1387	118.1
9506	東北電	1313	1320	1300	1310	274.6
9507	四国電	1338	1350	1321	1350	93.8
9508	九州電	1314	1314	1300	1307	213
9509	北海電	1300	1300	1290	1300	149.3
9511	沖縄電	1990	2000	1990	1991	2.3
9531	東ガス	200	202	199	202	11782
9532	大ガス	224	224	220	223	2500
9533	邦ガス	163	164	159	162	341
9534	北ガス	195	195	183	183	32
9535	広ガス	258	258	258	258	1
9536	西部ガス	161	165	160	165	136
9537	北陸ガ	300	300	300	300	29
9539	葉ガス	230	230	226	228	7
9540	中ガス	225	225	224	225	14
9541	大多喜ガス	370	370	370	370	2
9542	新日ガス	0	0	0	0	0
9600	アイネット	1551	1599	1530	1570	13
9601	松竹	561	585	556	585	72
9602	東宝	18610	20200	18590	20060	17.2
9603	ＨＩＳ	7800	7800	7220	7300	89.1
9604	際放映	260	260	260	260	1
9605	東映	820	858	815	840	663
9607	葵プロ	2255	2375	2255	2335	2
9608	福山コンサル	0	0	0	0	0
9609	ベンチャーリ	8320	8950	8320	8860	60
9610	ウィルソン	6000	6500	5900	6490	6.7
9611	Ｄワンダー	940	940	940	940	1
9612	ラックランド	2060	2060	2060	2060	0.2
9613	ＮＴＴデータ	1730000	1790000	1710000	1750000	12.108
9614	ベルシス24	72000	80000	70500	80000	9.6
9615	東京美装	950	950	950	950	3
9616	共立メンテ	3300	3300	3100	3200	3.7
9618	エームサービス	1280	1290	1080	1080	23
9619	イチネン	885	900	885	900	5
9620	スクウェア	13800	14800	13600	14800	126.2
9621	建設技研	620	628	620	625	11
9622	スペース	465	465	440	445	16.2
9623	キヤノンソフ	730	730	720	730	4
9624	長大	607	607	607	607	2.5
9625	セレスポ	260	260	230	230	4
9626	日本技開	180	180	170	180	20
9627	アインファマ	1670	1670	1670	1670	7
9628	燦ＨＤ	4200	4200	3900	3900	16
9629	ＰＣＡ	4320	4650	4210	4550	19
9630	アップ	0	0	0	0	0
9631	東急レク	570	570	565	565	8
9632	スバル	350	360	350	350	7
9633	テアトル	182	187	181	187	60
9634	修学社	580	650	550	640	113
9635	武蔵野	560	560	560	560	3
9636	きんえい	320	330	320	330	6
9637	オーエス	800	800	800	800	2
9638	情報技術	1190	1250	1180	1230	11
9639	三協フロンテ	305	310	305	305	66
9640	セゾン情報	901	905	900	900	9
9641	サコス	168	180	168	169	13.7
9642	コマスタ	0	0	0	0	0
9643	中日興	0	0	0	0	0
9644	タナベ経営	798	828	798	828	152.6
9645	ダイヤモンドコン	2020	2150	2020	2150	14
9646	タイトー	115000	129000	114000	129000	0.589
9647	協和コンサル	265	265	265	265	2
9648	ウエスコ	348	349	345	349	1.3
9649	明電エンジニア	585	592	570	583	20
9650	テクモ	2750	3000	2700	2980	119
9651	日本プロセス	880	880	880	880	1
9652	日本医療	2630	2750	2610	2750	18
9653	ＳＢＩパートナ	2310	2700	2310	2700	33
9654	コーエー	4400	4870	4400	4870	58.7
9656	三井ランド	575	580	574	580	11.3
9657	コムテック	0	0	0	0	0
9658	ビジ太田昭	856	918	856	918	3
9660	ＣＲＣソリュ	2400	2450	2400	2450	4
9661	歌舞伎	3800	3800	3800	3800	2
9662	アイフル	580	580	580	580	1
9663	ナガワ	690	695	665	680	110
9664	御園座	1100	1100	1100	1100	1
9665	吉本興	1330	1400	1330	1400	35
9667	ホリプロ	1080	1100	1080	1100	4
9668	相鉄企業	402	402	401	401	3
9669	オークネット	4900	5100	4660	5100	22.4
9671	よみランド	301	325	301	325	79
9672	東競馬	135	145	135	145	153
9673	甲子園土地	0	0	0	0	0
9674	花月園	0	0	0	0	0
9675	常磐興	145	145	139	140	64
9676	松戸公産	510	510	510	510	14
9677	日本ジャンボ	755	770	755	756	1
9678	カナモト	763	830	763	810	172
9679	ホウライ	365	400	365	400	4
9680	共成レンテム	720	720	720	720	6
9681	東京ドーム	526	540	511	529	298
9682	ＤＴＳ	7620	8490	7620	8360	65
9684	スク・エニ	8800	9380	8700	9380	75.7
9685	共同コンＨＤ	399	425	399	415	9
9686	東洋テック	515	515	501	501	10
9687	ＫＳＫ	830	830	830	830	1
9689	グリンハウス	1670	1690	1670	1690	1.5
9691	両毛システム	0	0	0	0	0
9692	シーイーシー	1801	1920	1801	1870	55
9694	日立ソフト	11950	13150	11760	12310	408.5
9695	鴨川グランド	0	0	0	0	0
9696	ウィザス	489	489	475	475	11
9697	カプコン	6400	6950	6300	6950	271.2
9698	クレオ	1320	1390	1320	1380	8
9699	西尾レント	541	541	539	539	17.8
9700	エスアールエル	1380	1500	1380	1455	57
9701	会舘	300	300	290	290	7
9702	アイエスビー	3000	3200	3000	3200	4
9703	ジェネラスコーポ	93	94	91	94	37
9704	東海観	81	81	77	79	321
9706	日本空港ビル	919	919	904	917	117
9707	メデカＪ	1530	1620	1500	1600	41
9708	帝ホテル	0	0	0	0	0
9709	日コンピュタ	740	740	700	700	5
9710	第一ホテ	259	260	258	260	98
9711	日コンシス	550	550	550	550	3
9712	ファイ	845	889	800	865	108
9713	ロイヤルホ	229	230	228	229	8
9714	ＳＲＡ	1830	1830	1720	1720	14
9715	トランスコス	30700	33550	28900	33550	457.4
9716	乃村工芸社	358	358	358	358	1
9717	ジャステック	3020	3200	3020	3200	4
9718	国際観光会館	160	160	150	150	2
9719	住商情報	5020	5480	5000	5400	260
9720	グランド	0	0	0	0	0
9722	藤田観	525	540	520	540	41
9724	新阪急ホテル	220	230	220	230	3
9725	東急ホテル	195	197	190	197	110
9726	近ツーリスト	270	270	260	261	30
9727	東急観光	118	124	118	123	7
9728	日本管財	2100	2100	2050	2070	42
9729	トーカイ	0	0	0	0	0
9730	ワオコーポ	385	390	385	385	18
9731	白洋舎	281	281	281	281	9
9732	東映ラボ	231	231	231	231	1
9733	ナガセ	2180	2180	2170	2170	3
9734	精養軒	810	810	810	810	0.1
9735	セコム	8170	8900	8150	8650	853
9736	白青舎	172	172	167	167	11
9737	ＣＳＫ	4650	5100	4490	5100	2238.7
9738	インテック	3250	3700	3220	3600	742
9739	ＮＳＷ	8010	9300	8010	9000	18.3
9740	ＣＳＰ	542	542	542	542	2
9741	日立情報	5000	5340	4890	5270	103
9742	アイネス	1950	2170	1950	2170	169
9743	丹青社	728	730	728	730	14
9744	メイテック	2600	2600	2520	2530	338.8
9746	ＴＫＣ	2540	2750	2510	2690	63.9
9747	アサツーＤＫ	5330	5800	5330	5460	127.4
9748	ＮＪＫ	792	800	780	800	18
9749	富士ソフト	6600	7140	6600	6800	207.9
9750	ソラン	2600	2750	2560	2750	140
9751	ＴＩＳ	6300	6990	6200	6860	223
9752	ナムコ	4900	5300	4900	5280	263.2
9753	ＩＸナレッジ	860	880	860	880	5
9755	応用地質	1210	1280	1199	1270	17.6
9756	ＡＳＫ	769	775	730	760	47
9757	船井研	931	1000	931	1000	25
9758	ジシステム	970	1080	930	1080	47
9759	日システムデ	11720	12930	11650	12900	61.4
9760	進学会	0	0	0	0	0
9761	東海リース	190	190	187	187	15
9762	大和リース	264	266	262	266	287
9763	丸紅リ	202	215	185	215	75
9764	技研興	200	210	200	210	20
9765	オオバ	164	164	164	164	10
9766	コナミ	14300	15200	14250	14900	530.8
9767	日建工学	255	270	255	270	9
9768	国土環境	870	870	859	860	8
9769	学究社	551	570	551	570	4
9776	札臨	390	390	390	390	1
9777	日電計算	2740	2950	2705	2935	19
9778	昴	0	0	0	0	0
9779	メフォス	1050	1050	1050	1050	1
9780	ビステム	320	320	320	320	1
9781	石川島汎サ	0	0	0	0	0
9782	ＤＭＳ	1130	1130	1100	1100	6
9783	ベネッセ	16000	17700	15990	17700	146.9
9784	日工検	0	0	0	0	0
9785	大新東	330	330	310	311	13
9786	キャッツ	1481	1580	1481	1580	29
9787	Ｊメンテ	953	960	940	950	7.5
9788	ナック	1040	1040	1001	1040	17.1
9789	栄光	417	417	403	403	5
9790	福井コン	655	680	655	680	1
9791	ビケンテクノ	789	800	788	800	18
9792	ニチイ学館	13400	13400	13100	13400	74.1
9793	ダイセキ	1850	1920	1850	1870	14.2
9794	カラカミ観光	1050	1050	1050	1050	2
9795	ステップ	0	0	0	0	0
9796	ダイテック	1520	1520	1510	1510	3.7
9797	大日本コン	295	295	275	280	23.3
9798	シダックス	2840	2840	2700	2700	4.1
9799	旭情報	1500	1500	1460	1480	19
9810	日鉄商	107	110	107	110	12
9811	アスティス	475	475	475	475	1
9812	テーオー	1900	2000	1900	2000	2
9813	トッキ	2480	2800	2480	2800	37
9814	アシックス商	690	690	690	690	1
9815	カテナ	800	835	800	830	62
9816	バーテックス	706	805	706	805	8
9817	ゴトー	0	0	0	0	0
9818	大丸エナ	700	700	700	700	1
9820	エムティＧ	200	200	200	200	1
9821	日アムウ	880	880	870	880	4.7
9822	なが多	84	88	81	85	338
9823	マミーマート	1200	1200	1130	1130	7.3
9824	泉州電	545	545	545	545	1
9825	アズウェル	410	415	410	410	2.3
9826	ＪＥＵＧＩＡ	186	186	186	186	1
9827	リリカラ	189	189	173	174	9
9828	元気寿司	1100	1200	1100	1200	3
9829	ながの東急	0	0	0	0	0
9830	トラスコ中山	1260	1260	1220	1260	41.7
9831	ヤマダ電	8990	9200	8990	9100	46
9832	オートバクス	2775	2780	2700	2770	36.2
9833	エルクコーポ	0	0	0	0	0
9834	リオチェン	495	495	470	470	7.4
9835	ジュンテン	515	515	515	515	4
9836	リーバイス	700	700	691	700	23
9837	モリト	500	500	500	500	7
9838	トラベラー	742	750	742	742	7
9839	ゲッツブラザーズ	500	500	500	500	9.5
9840	ホーマック	2130	2130	2070	2070	25.2
9841	ＢＭＢ	523	530	496	515	150
9842	アークランド	990	1000	980	1000	19
9844	ユーエスシー	1460	1470	1430	1470	8
9845	パーカー	270	270	270	270	3
9846	天満屋ス	850	850	850	850	1
9847	ソリスト	405	430	405	430	3
9848	トヨタカローラ岐阜	829	830	829	830	4
9849	河内屋紙	0	0	0	0	0
9850	グルメ杵屋	700	700	698	698	9
9852	中央物産	0	0	0	0	0
9853	銀座ルノア	0	0	0	0	0
9854	愛眼	1051	1060	1033	1060	15.6
9855	くろがねや	479	479	479	479	1
9856	ケーユー	710	710	688	688	4.7
9857	英和	340	340	340	340	0.5
9858	明光商会	1950	1950	1880	1900	25.5
9859	ユーストア	0	0	0	0	0
9860	岐阜日野	0	0	0	0	0
9861	吉野家ディー	1670000	1740000	1670000	1700000	0.052
9862	メモレックス・テレ	375	375	375	375	5
9863	靴のマルトミ	140	149	140	149	11.2
9864	ナカイ	320	330	320	330	5
9865	日商エレク	3880	4390	3860	4010	89
9867	ソレキア	810	810	790	805	11
9868	トリイ	0	0	0	0	0
9869	加藤産	650	650	650	650	1
9870	ハナテン	1790	1815	1790	1815	3.1
9871	イトーキ	0	0	0	0	0
9872	北恵	196	196	191	191	5
9873	ケンタッキー	1050	1060	1050	1050	9
9875	マツモトキヨ	7960	8250	7950	8250	111.5
9876	コックス	0	0	0	0	0
9877	マルフル	0	0	0	0	0
9878	セキド	575	575	575	575	1
9879	フタタ	165	165	156	156	2
9880	イノテック	5400	6300	5300	6140	115.1
9882	イエロハット	905	925	905	915	26.7
9883	富士エレ	1700	1950	1700	1950	16
9884	都築電産	1080	1080	1040	1045	4
9885	シャルレ	650	650	650	650	11
9887	松屋フーズ	2630	2670	2590	2670	37
9888	ＵＥＸ	0	0	0	0	0
9889	ＪＢＣＣ	5200	6210	5200	6210	44
9890	マキヤ	1240	1240	1240	1240	3
9892	卑弥呼	885	885	880	880	21
9893	ホームワイド	366	366	366	366	4
9894	アトル	0	0	0	0	0
9895	コンセック	261	261	261	261	2
9896	Ｊ建材	490	500	490	500	5
9897	ユニダックス	650	700	650	700	14
9898	サハダイヤ	370	380	360	368	294
9899	サンデサン	600	600	600	600	2
9900	サガミ	685	700	681	695	19
9901	宮	940	940	940	940	1
9902	日伝	1290	1290	1290	1290	3
9903	カンセキ	120	120	110	110	7
9904	ベリテ	216	220	216	220	3
9905	コージツ	250	250	250	250	1
9906	藤井産業	0	0	0	0	0
9907	大電社	750	750	750	750	1
9908	日本電計	599	600	599	600	3
9909	愛光電気	0	0	0	0	0
9911	真電	0	0	0	0	0
9912	ダイワボ情	1580	1750	1580	1700	37
9913	日邦産業	0	0	0	0	0
9914	植松商会	335	335	331	335	6
9915	アサヒビールＳ	0	0	0	0	0
9916	バイタルＮ	610	620	610	620	9.4
9917	マツモト電器	0	0	0	0	0
9918	ダイワラクダ	390	390	390	390	3
9919	関西スーパ	630	630	580	580	23
9920	シービーエム	0	0	0	0	0
9921	ギガス	461	461	460	460	3
9922	日立機材	670	670	670	670	6.5
9923	ダイトーエム	355	355	355	355	1
9924	ドミー	0	0	0	0	0
9925	北の家族	1160	1160	1150	1160	25
9926	ダイカ	340	340	340	340	10
9927	ワットマン	346	346	346	346	1
9928	ミロク情報	1410	1480	1410	1480	10
9929	平和紙業	0	0	0	0	0
9930	北沢産	240	240	230	230	20
9931	家族亭	0	0	0	0	0
9932	杉本商	0	0	0	0	0
9934	因幡電産	1100	1110	1080	1099	13.6
9935	あずみ	288	288	281	288	4
9936	王将フード	1411	1411	1390	1390	16
9937	セシール	2990	3190	2950	3180	35.4
9938	住金物産	72	74	71	73	76
9939	すみや	0	0	0	0	0
9940	クラヤ薬	1205	1215	1181	1200	59.2
9941	太洋物産	181	181	181	181	1
9943	ココス	0	0	0	0	0
9944	インパクト	1392	1410	1392	1400	27.6
9945	プレナス	5400	5400	5300	5350	11
9946	ミニストップ	2350	2350	2220	2220	75.7
9947	シムリー	1081	1269	1081	1190	5.7
9948	アークス	1280	1300	1280	1300	13
9949	タイヨー	0	0	0	0	0
9950	ハチバン	530	530	530	530	4
9951	カーマ	520	520	519	520	7
9952	ドトール	7390	7390	7200	7300	23
9953	ダイキ	1290	1299	1290	1299	2.3
9954	東京小僧寿し	609	609	609	609	1
9955	ヨンキュウ	2150	2200	2100	2200	7.8
9956	バロー	1400	1400	1400	1400	1
9957	バイテック	1700	1740	1620	1740	25
9958	サリ	300	300	300	300	2
9959	アシード	830	830	830	830	4
9960	東テク	470	470	470	470	1
9961	エムオーテック	158	158	158	158	2
9962	駿河製機	10900	11700	10730	11480	44.7
9963	江守商事	390	390	390	390	1
9964	アイ・テック	0	0	0	0	0
9965	福原	510	510	510	510	1
9966	藤久	2070	2150	2060	2150	0.9
9967	堺商事	0	0	0	0	0
9968	イチヤ	120	135	120	131	11
9969	ショクブン	990	1010	990	1000	6
9970	東洋オフィス	440	475	430	445	19
9971	カウボーイ	505	520	505	515	36
9972	アルテック	1330	1400	1310	1310	9.3
9973	小僧本部	1010	1010	1010	1010	8
9974	ベルク	0	0	0	0	0
9975	マルヤ	0	0	0	0	0
9976	セキチュー	431	431	430	430	5
9977	アオキスーパ	0	0	0	0	0
9978	文教堂	2580	3000	2500	3000	11
9979	大庄	900	909	880	880	10.5
9980	マルコ	930	948	910	948	4.8
9981	ニック産業	0	0	0	0	0
9982	タキヒヨー	446	450	425	425	9
9983	ファストリ	33300	36000	33000	36000	52.7
9984	ソフトバンク	90700	94200	90500	94200	690.1
9985	榮太郎	880	895	880	895	4
9986	蔵王産業	0	0	0	0	0
9987	スズケン	2670	2710	2605	2700	294.1
9988	神港魚類	0	0	0	0	0
9989	サンドラッグ	5510	6000	5510	6000	25
9990	東京デリカ	549	549	540	545	5
9991	ジェコス	351	355	351	355	7.4
9992	理研グリン	0	0	0	0	0
9993	ヤマザワ	1300	1300	1300	1300	1
9994	やまや	0	0	0	0	0
9995	イーストン	730	770	730	770	14
9996	サトー商会	0	0	0	0	0
9997	ベルーナ	2760	2930	2760	2930	24.5
