20000322
1001	日経２２５	19612	19734	19603	19734	76.517
1002	ＴＯＰＩＸ	1673	1676	1651	1658	76.517
1301	極洋	143	154	143	154	191
1319	日経300F	303	304	300	302	806
1331	ニチロ	171	182	171	179	398
1332	日水	179	180	178	178	1014
1333	マルハ	134	134	127	128	459
1351	宝幸水産	85	87	82	85	19
1352	ホウスイ	92	92	92	92	7
1376	カネコ種	1030	1040	1010	1030	10
1377	サカタタネ	2330	2330	2305	2305	26.6
1378	雪国まいたけ	750	805	750	805	10
1379	ホクト	5190	5190	5030	5190	10
1380	秋川牧園	625	625	625	625	2
1491	中外鉱	171	177	169	170	7241
1501	三井鉱山	96	99	94	99	639
1503	住友炭	101	110	101	109	199
1515	日鉄鉱	225	229	225	229	161
1518	三井松島	164	165	156	160	82
1601	帝石	338	353	338	352	1110
1603	アラビア石油	496	496	471	475	99
1661	ガス開	395	395	390	394	39
1701	昭和鉱	269	285	269	281	57
1702	共立マテリア	254	254	253	253	3
1737	三井エンジ	380	380	355	363	51
1738	ＮＩＴＴＯＨ	400	400	400	400	1
1739	ＳＥＥＤ	460000	460000	460000	460000	0.002
1740	極東工業	450	450	450	450	2
1741	ミサワサンイ	800	800	800	800	4
1742	セコムテクノ	2860	2890	2820	2880	35
1743	コーアツ工業	520	520	520	520	4
1744	キョーエイ	650	655	650	655	5
1745	ミサワホーム東海	0	0	0	0	0
1746	7	0	0	0	0	0
1748	ミサワ北日	0	0	0	0	0
1749	大和通信	335	335	335	335	3
1750	カナック	0	0	0	0	0
1751	日立プラサ	0	0	0	0	0
1752	富士通シス	1480	1480	1480	1480	12
1753	土屋ツバイ	150000	150000	150000	150000	0.002
1754	東新住建	882	910	882	910	2
1755	JFE工建	353	355	352	355	9
1756	和興エンジ	0	0	0	0	0
1757	千年の杜	0	0	0	0	0
1758	太洋基礎	0	0	0	0	0
1759	ジオトップ	271	271	271	271	4
1762	高松建設	1780	1870	1760	1870	19
1763	北陸ミサワ	0	0	0	0	0
1764	工藤建設	280	280	260	280	15
1765	イビデンテック	0	0	0	0	0
1766	東建コーポ	1570	1570	1540	1540	12
1767	沖ウィン	580	580	569	570	4
1768	ソネック	250	250	250	250	4
1769	ピコイ	50	55	50	55	9
1770	藤田エンジ	650	650	650	650	1
1772	東北エンタープライズ	460	500	445	480	31
1774	機動建	0	0	0	0	0
1775	富士電Ｅ＆Ｃ	280	280	265	265	9
1776	三井住建道路	120	120	120	120	1
1777	川崎設備	312	312	310	310	4
1778	古河総設	0	0	0	0	0
1779	松本建工	460	485	460	485	3
1780	ヤマウラ	356	380	355	370	4.5
1781	国土総合	360	365	355	360	13
1782	常磐開発	0	0	0	0	0
1783	南野建設	93	93	93	93	3
1784	サワコー	530	550	530	550	6.3
1785	ナナボシ	0	0	0	0	0
1786	オリ建	455	456	431	431	35.4
1787	ナカボテック	330	330	330	330	4
1788	三東工業	190	200	190	200	5
1789	山加電業	405	450	400	450	5.3
1790	平和奥田	0	0	0	0	0
1791	三井木材	142	142	132	136	22
1792	みらい建設Ｇ	220	220	210	211	18
1793	大本組	560	590	560	590	3
1795	マサル	450	450	450	450	1
1796	トヨタウッド	295	299	290	299	12.2
1797	藤木工務店	0	0	0	0	0
1798	守谷商会	378	388	378	388	8
1799	第一建設	0	0	0	0	0
1800	利塚地下技術	260	270	260	260	5
1801	大成建	160	161	155	158	4210
1802	大林組	340	346	335	339	1419
1803	清水建	278	281	266	270	1699
1804	佐藤工業	65	66	61	64	432
1805	飛島建	59	60	58	58	327
1806	ACリアル	57	59	56	58	639
1807	渡辺組	0	0	0	0	0
1808	長谷工	40	41	39	39	2926
1809	富士工	91	91	86	87	13
1810	松井建	311	319	311	314	8
1811	銭高組	295	310	295	310	5
1812	鹿島	272	280	266	273	2195
1813	不動建	149	154	148	150	80
1814	大末建	80	81	79	81	134
1815	鉄建	129	131	125	129	398
1816	安藤建	221	221	210	210	128
1817	勝村建	146	149	145	145	18
1818	日産建設	99	100	98	100	15
1819	太平工	168	168	155	155	214
1820	西松建	373	384	372	377	514
1821	三井住友建	84	84	82	83	60
1822	大豊建	174	174	166	166	454
1823	住友建設	90	90	87	88	177
1824	前田建	288	292	283	284	303
1825	環境建設	142	157	141	145	917
1826	佐田建	158	159	157	157	18
1827	ナカノフドー建	95	97	94	94	31
1828	田辺工業	413	413	413	413	1
1829	大和建設	101	101	101	101	3
1830	共栄冷機工業	249	249	249	249	5
1831	積水ハ北陸	0	0	0	0	0
1833	奥村組	334	339	315	315	582
1834	小田急建	260	260	260	260	10.5
1835	東鉄工	230	233	215	215	48
1836	大日本土木	142	145	140	140	11
1837	間組	65	68	64	67	581
1838	古久根建設	114	114	105	113	11
1839	真柄建	173	173	170	170	10
1840	土屋ホーム	275	280	275	280	8.4
1841	サンユ	0	0	0	0	0
1842	昭和テクノ	545	547	545	547	2
1844	大盛工業	170	170	169	169	27
1845	森本組	124	125	121	125	19
1846	鈴縫工	150	150	150	150	2
1847	イチケン	123	124	123	124	24
1848	富士ＰＳ	0	0	0	0	0
1850	南海辰村建	84	84	84	84	9
1851	大木建設	195	195	190	195	17
1852	浅沼組	160	163	157	161	18
1853	森組	0	0	0	0	0
1854	新井組	150	150	148	149	21
1855	東急建設	68	69	65	67	132
1856	ジェイオー建設	350	350	340	340	3
1857	松村組	120	121	120	120	10
1858	井上工	50	55	45	50	67
1860	戸田建	377	382	361	361	249
1861	熊谷組	75	75	68	73	1336
1862	横河工事	335	335	323	325	0.8
1863	テトラ	224	225	224	224	14
1865	青木あすなろ建	149	149	148	148	4
1866	北野建	298	301	285	287	84
1867	植木組	168	170	165	170	8
1868	三井ホーム	387	389	385	389	34
1869	名工建	450	450	450	450	3
1870	矢作建	398	400	398	398	24
1871	ピーエス三菱	440	448	430	448	9.5
1872	アゼル	335	336	330	330	73
1873	東ハウス	440	445	439	440	66
1874	佐藤秀	130	140	130	130	9
1875	青木マリン	250	250	250	250	5
1877	川田建設	440	440	440	440	2
1878	大東建	1600	1661	1530	1530	135.3
1879	新日本建	228	228	218	218	5
1880	スルガコーポ	0	0	0	0	0
1881	ＮＩＰＰＯ	499	499	470	477	254
1882	東亜道	235	244	235	241	17
1883	前田道	487	490	460	464	220
1884	日道路	162	162	158	158	155
1885	東亜建	145	148	143	148	426
1886	青木建設	47	48	45	47	816
1888	若築建	153	155	152	152	34
1889	佐伯建	158	159	157	157	33
1890	東洋建	100	102	96	96	320
1892	徳倉建	240	250	240	247	7
1893	五洋建	141	143	137	140	266
1895	大成ロテック	179	179	175	179	48
1896	大林道	392	410	390	405	99
1897	金下建	517	520	517	520	4
1898	世紀東急	89	89	85	85	11
1899	福田組	263	263	255	257	23
1900	白石	175	175	170	170	2
1902	山崎建設	0	0	0	0	0
1904	大成温調	401	406	401	405	9
1905	テノックス	0	0	0	0	0
1906	細田工務	356	361	356	356	3
1907	東北ミサワ	511	555	511	555	2.5
1908	三平建設	0	0	0	0	0
1909	日本ドライ	318	319	310	310	32
1910	フドウ建研	210	210	210	210	1
1911	住友林	622	623	604	623	113
1912	ミサワセラミ	389	389	374	374	7
1913	旭ホームズ	0	0	0	0	0
1914	日基技	525	531	521	531	49
1915	東京ミサワホーム	299	304	299	304	8
1916	日成ビルド	161	165	159	160	64
1917	ニッセキハウス	136	139	134	135	387
1919	エスバイエル	284	290	284	288	181
1920	殖産住宅相互	100	101	98	101	517
1921	巴	186	186	180	180	4
1922	大成ユーレック	88	88	84	87	16
1923	ミサワホーム	368	368	360	362	53
1924	パナホーム	511	516	500	500	395
1925	大和ハウス	696	699	686	697	1131
1926	ライト	490	530	490	504	387.4
1927	中 部	310	310	310	310	0.7
1928	積ハウス	861	865	825	849	966
1929	日特建	188	194	180	180	75
1930	北陸電工	264	266	262	266	9
1931	日本電通	350	350	350	350	5
1932	コミュチュア	536	540	530	530	31
1933	西シス建	266	272	266	272	3
1934	ユアテック	314	314	285	285	218
1935	ＴＴＫ	307	309	305	305	21
1936	シーキューブ	286	290	280	280	24.8
1937	西部電工	305	306	305	306	4
1938	千歳電	219	219	219	219	3
1939	四電工	308	310	300	300	46
1940	つうけん	225	240	220	240	11
1941	中電工	1637	1637	1481	1481	21
1942	関電工	420	420	390	393	247
1943	大明	978	978	931	932	231
1944	きんでん	700	700	665	677	299
1945	東京エネシス	374	380	349	351	40
1946	トーエネク	385	388	356	361	206
1947	日本コムシス	1740	1750	1620	1650	400
1948	弘電社	0	0	0	0	0
1949	住友電設	580	590	578	584	10.7
1950	電設工	299	300	290	295	176
1951	協エクシオ	778	780	710	730	125
1952	新日空調	375	376	355	355	60.7
1953	国際電設	177	177	177	177	36
1954	日工営	190	191	187	189	164
1955	東電通	405	405	389	390	125
1956	日電設	434	440	433	440	8
1957	保安工	0	0	0	0	0
1958	三和エレック	290	290	290	290	5
1959	九電工	301	301	285	286	502
1960	サンテック	303	304	298	298	69
1961	三機工	480	484	460	463	149
1962	エルゴテック	0	0	0	0	0
1963	日揮	262	263	255	256	315
1964	中外炉	272	274	265	265	63
1965	テクノ菱和	428	429	415	428	18
1966	高田工	0	0	0	0	0
1967	ヤマト	360	360	349	350	10
1968	太平電	279	280	270	270	117
1969	高砂熱	503	510	455	457	155
1970	日立プラ	244	245	240	240	177
1971	ビルト工	70	70	70	70	1
1972	三晃金	102	103	102	103	6
1973	ＮＥＣシス建	1750	1760	1650	1680	58.4
1974	宮地建設工業	395	396	395	396	8
1975	朝日工	203	205	199	199	99
1976	明星工	160	160	152	152	11
1977	ジェイコス	400	400	400	400	2
1978	アタカ	300	305	300	300	16
1979	大気社	712	712	682	682	86
1980	ダイダン	411	412	386	386	122
1981	協和日成	0	0	0	0	0
1982	日比谷設	520	520	510	518	13
1983	東芝プラ	225	228	207	207	94
1984	三信建	0	0	0	0	0
1985	大和電設	330	330	330	330	1
1986	日商インター	1900	1900	1770	1770	12
1987	ソルコム	296	296	294	294	12
1988	シボンド建	1250	1250	1215	1240	155.8
1989	北陸電話	291	291	291	291	1
1990	東邦建	250	250	250	250	5
1991	都築通技	0	0	0	0	0
1992	神田通機	0	0	0	0	0
1993	ニッタン	187	187	184	184	48
1994	高橋ウォール	352	354	352	352	3
1995	鈴木工務店	0	0	0	0	0
1996	三菱建設	170	170	165	165	11
1997	暁飯島工業	140	140	140	140	4
1998	日本土建	0	0	0	0	0
2001	日本粉	245	258	245	258	437
2002	日清粉	818	839	818	833	381
2003	日東粉	206	207	206	207	7
2004	昭和産	186	188	180	180	119
2006	東福粉	130	145	125	125	152
2007	富士粉	0	0	0	0	0
2008	増田粉	0	0	0	0	0
2009	鳥越粉	379	380	368	377	38
2051	農産工	187	190	186	186	82
2052	協同飼	122	125	122	125	67
2053	中部飼	555	555	555	555	5
2055	日和産	226	226	226	226	6
2056	日配飼	116	120	116	119	53
2057	雪印種	600	600	595	595	11
2102	台糖	231	238	230	238	37
2107	東洋糖	140	140	135	140	118
2108	甜菜糖	174	183	174	181	216
2109	三井糖	187	189	184	189	25
2111	フジ製糖	190	197	190	197	7
2112	塩水糖	355	360	350	360	24
2113	新光糖	0	0	0	0	0
2114	フジ日本精糖	0	0	0	0	0
2116	日新糖	110	120	110	114	28
2201	森永	236	238	230	236	474
2202	明菓	749	763	749	759	362
2204	中村屋	281	285	280	285	18
2205	駿河屋	69	73	69	73	15
2206	グリコ	513	513	505	513	66
2207	名糖産	1030	1030	1028	1028	8
2208	ブルボン	860	920	860	920	7
2209	井村屋	430	430	430	430	4
2211	不二家	260	262	255	261	150
2212	山パン	925	925	900	911	236
2213	ナガサキヤ	68	68	68	68	2
2215	一パン	275	280	272	275	117
2216	カンロ	270	270	270	270	4
2217	モロゾフ	200	202	196	196	6
2219	タカラブネ	120	120	115	115	63
2220	亀田製菓	560	560	550	560	16
2221	岩塚製菓	990	990	990	990	1
2222	寿製菓	512	512	512	512	1
2224	コモ	2500	2500	2400	2450	50
2261	明乳	690	707	687	706	1730
2262	雪印	465	465	452	465	292
2264	森永乳	295	295	286	289	197
2266	六甲バタ	0	0	0	0	0
2267	ヤクルト	920	929	890	905	308
2268	サーティワン	0	0	0	0	0
2281	プリマ	131	131	120	120	417
2282	日ハム	1000	1015	997	1003	551
2284	伊藤ハ	448	449	437	437	102
2286	林兼	136	139	134	137	49
2287	雪印食品	248	248	248	248	3
2288	丸大食	176	178	170	172	421
2289	相模ハム	619	619	619	619	1
2290	米久	1090	1113	1090	1112	26.5
2291	福留ハ	0	0	0	0	0
2292	ＳＦＯＯＤＳ	716	716	716	716	3
2293	滝沢ハム	0	0	0	0	0
2294	柿安本店	1000	1000	1000	1000	3
2501	サッポロＨＤ	373	385	373	378	645
2502	アサヒ	1020	1022	1002	1018	2142
2503	キリン	1300	1305	1290	1300	913
2531	宝ＨＤ	2445	2520	2405	2520	925
2533	オエノンＨＤ	272	273	270	272	22
2536	メルシャン	315	338	315	338	307
2538	マルキン忠勇	175	175	162	169	51
2540	養命酒	690	690	670	670	22
2541	ニッカ	266	266	265	265	9
2571	中京コカ	1000	1000	980	990	29
2572	三国コカ	1400	1400	1310	1320	235
2573	北海コカ	1157	1198	1157	1180	9
2575	三笠コカ	900	900	890	890	4.5
2576	近畿コカ	1300	1301	1285	1300	31
2577	富士コカ	1049	1070	1022	1045	46
2578	四国コカ	1029	1040	1001	1001	53.7
2579	コカウエスト	3100	3180	3070	3150	107.2
2591	カルピス	553	553	520	523	39
2592	ポッカ	510	510	499	500	66
2593	伊藤園	11330	11330	11000	11100	57.2
2594	キーコーヒー	1450	1452	1442	1452	10.1
2595	キリンビバ	2185	2190	2150	2185	59
2596	キューサイ	6100	6260	6100	6110	26.9
2597	ユニカフェ	3200	3200	3110	3190	12.4
2598	アサヒ飲料	1050	1050	1020	1044	38
2601	ホーネンコーポ	186	194	186	194	223
2602	日清オイリオ	300	314	290	300	468
2604	吉原製油	253	260	252	260	50
2605	熊沢製油	295	300	295	300	8
2607	不二油	704	739	704	738	247
2608	ボーソー	160	160	150	150	7
2611	摂津油	256	256	256	256	1
2612	かどや製油	790	800	790	800	5
2801	キッコマン	738	760	737	752	434
2802	味の素	1147	1164	1133	1147	1147
2803	丸金醤油	0	0	0	0	0
2804	ブルドック	640	640	639	640	10
2805	エスビー	590	600	590	600	4
2806	ユタカフーズ	1000	1000	1000	1000	1
2808	サンビシ	300	300	300	300	1
2809	キユーピー	739	740	696	700	381
2810	ハウス食品	1615	1640	1600	1640	96
2811	カゴメ	970	970	965	969	65
2812	焼津水化	1730	1730	1700	1700	5.5
2813	和弘食品	137	140	137	140	17
2814	佐藤食品	950	950	950	950	2
2815	アリアケ	5300	5340	5210	5290	17.2
2816	ダイショー	920	920	920	920	2
2817	ギャバン	501	505	501	505	3
2830	アヲハタ	0	0	0	0	0
2831	はごろも	1470	1470	1420	1470	34
2871	ニチレイ	288	294	285	292	759
2872	セイヒョー	0	0	0	0	0
2873	加ト吉	2160	2190	2160	2190	100
2874	ヨコレイ	520	530	517	519	57
2875	東洋水	758	770	741	761	110
2876	ＪＣコムサ	0	0	0	0	0
2877	日東ベスト	1120	1120	1120	1120	2
2878	赤城水産	424	424	424	424	1
2879	ニチロサンフズ	500	501	494	500	24
2891	酵母工	651	680	641	670	29
2892	日食品	347	347	347	347	5
2893	ローマイヤ	145	145	145	145	1
2894	石井食	295	296	286	286	5
2897	日清食	2195	2250	2195	2200	253.1
2898	ソントン	1020	1040	1020	1030	4
2899	永谷園	970	970	961	961	10
2900	明星食	250	250	242	245	14
2901	石垣食	0	0	0	0	0
2902	太陽化	450	455	450	450	30
2903	シノブフズ	160	160	158	158	24
2904	一正蒲鉾	0	0	0	0	0
2905	オーケー食	119	120	119	120	2
2906	ホッコク	436	436	436	436	6
2907	あじかん	0	0	0	0	0
2908	フジッコ	1757	1780	1750	1760	25
2909	トオカツフズ	300	320	300	319	8
2910	Ｒフィールド	4450	4450	4280	4280	9.6
2911	旭松食品	790	790	780	780	3
2912	鐘崎	212	212	212	212	1
2913	フジフーズ	270	270	269	269	3
2914	ＪＴ	700000	720000	699000	720000	1.779
2915	ケンコーマヨ	447	450	447	450	2
2916	仙波糖化	0	0	0	0	0
2917	大森屋	690	730	690	730	13
2918	わらべ日洋	1061	1100	1050	1055	12
2920	ケイビー	1200	1200	1150	1200	5
2921	フクシマフズ	0	0	0	0	0
2922	なとり	879	900	879	900	2
3001	片倉	473	474	471	474	15
3002	グンゼ	263	267	260	260	370
3003	昭栄	1000	1000	1000	1000	2
3004	神栄	140	140	138	140	32
3007	神戸生絲	60	63	60	61	21
3009	川島織	110	115	107	114	90
3010	上毛	1000	1000	970	970	22
3011	バナーズ	0	0	0	0	0
3101	東洋紡	154	156	151	155	1035
3102	カネボウ	176	179	175	178	534
3103	ユニチカ	77	79	77	78	396
3104	富士紡Ｈ	96	108	96	108	192
3105	日清紡	500	501	495	500	570
3106	クラボウ	156	157	150	150	617
3107	ダイワボウ	106	110	105	105	33
3109	シキボウ	80	80	77	78	63
3110	日東紡	140	142	139	142	465
3111	オーミケン	70	70	66	67	15
3113	ＢＳＬ	72	73	72	72	20
3114	同興紡	102	102	102	102	11
3115	テザック	69	69	62	65	41
3116	トヨタ紡織	789	789	750	763	20
3117	興和紡	0	0	0	0	0
3121	アセットイン	65	65	65	65	3
3123	サイボー	585	585	585	585	1
3125	内外綿	61	63	61	61	7
3128	テラボウ	65	65	61	61	4
3129	ファブリカＴ	99	99	99	99	2
3201	日毛	375	376	373	375	119
3202	大東紡	98	105	98	100	30
3203	東亜紡織	100	100	93	93	13
3205	ダイドー	201	203	201	202	28
3206	南海毛糸紡績	97	98	97	98	2
3207	中央毛	155	158	155	158	18
3209	カネヨウ	130	130	130	130	3
3211	太陽毛絲紡	122	125	122	122	4
3216	御幸ＨＤ	407	407	407	407	10
3302	帝繊維	176	180	176	180	6
3304	トスコ	190	196	165	165	154
3306	日本麻	67	67	66	66	13
3401	帝人	422	429	411	418	1887
3402	東レ	363	363	351	351	2933
3403	東邦テナ	167	188	166	188	202
3404	三菱レ	255	262	238	248	2841
3405	クラレ	996	1006	980	992	662
3407	旭化成	666	667	656	660	1806
3408	サカイオーベ	90	92	90	92	64
3409	北日紡	160	160	160	160	2
3411	オートリ	168	168	165	168	31
3420	ケーエフシー	0	0	0	0	0
3421	稲葉製作	1020	1050	1000	1050	20.7
3422	丸順	425	430	425	430	4
3423	エスイー	710	710	680	680	8
3501	住江織	123	127	123	123	26
3503	東和織	0	0	0	0	0
3512	フエルト	271	271	270	270	8
3513	イチカワ	173	174	170	174	17
3514	バイリーン	208	209	208	209	19
3515	フジコー	439	439	430	430	4
3521	エコナック	105	109	105	106	152
3524	日東網	100	100	100	100	4
3526	芦森工	225	230	221	227	91
3528	グローベルス	105	107	102	102	42
3529	アツギ	117	117	114	115	177
3532	堀田産	70	70	70	70	1
3533	ダイオ化成	600	600	599	600	4
3534	ＮＢＣ	931	950	900	940	9
3551	ダイニック	170	172	170	170	20
3552	洋クロス	159	159	151	151	9
3553	共和レ	484	484	484	484	8
3569	セーレン	276	276	269	270	114
3570	オリカキャピ	105	105	100	105	82
3571	ソトー	451	451	451	451	1
3572	大同マルタ	66	66	66	66	2
3576	カンボウ	93	93	93	93	2
3577	東海染	139	139	135	135	18
3578	倉庫精	0	0	0	0	0
3580	小松精	350	369	350	369	8
3581	岐セン	166	166	127	127	3
3583	オーベクス	118	118	118	118	2
3584	福助	166	167	161	165	44
3585	トムスエンタ	626	626	580	590	350
3587	ＩＢダイワ	400	450	375	435	295
3588	丸山工	0	0	0	0	0
3591	ワコール	910	948	905	942	477
3592	ＣＨＯＹＡ	217	218	215	215	11
3593	ホギメデ	7290	7290	7110	7270	29.4
3594	モリシタ	0	0	0	0	0
3595	ヤギコーポ	278	279	276	279	11
3596	ワールド	10450	11050	10450	10700	91.4
3597	自重堂	765	765	765	765	1
3598	山喜	300	305	300	305	2
3599	コーコス	0	0	0	0	0
3600	フジックス	0	0	0	0	0
3601	ニチメンイン	1650	1693	1600	1610	14.8
3602	イタリヤード	235	235	235	235	5
3603	チャッコット	635	635	635	635	1
3706	東海パ	391	417	391	405	9
3861	王子紙	636	642	620	634	1195
3863	日本製紙	643	643	620	630	1286
3864	三菱紙	143	145	142	144	337
3865	北越紙	754	834	744	825	1338
3868	高崎三興	80	82	79	79	51
3869	日本板紙	292	292	284	284	31
3870	日本加工製紙	73	73	70	70	97
3871	大昭和紙	574	574	548	552	55
3872	三島紙	180	180	180	180	1
3877	中越パ	165	168	163	165	131
3878	巴川紙	477	477	460	472	26
3880	大王紙	800	800	770	781	39
3881	特種紙	395	399	388	390	196
3882	紀州紙	165	168	165	168	7
3886	チューエツ	0	0	0	0	0
3887	中央板紙	98	103	95	95	73
3889	大平製紙	98	98	98	98	2
3890	ゼネＫＫ	622	650	621	650	123
3891	高度紙	1700	1700	1650	1700	12
3941	レンゴー	545	545	536	542	973
3944	古林紙	132	140	132	140	4
3945	スパバッグ	194	194	194	194	1
3946	トーモク	201	201	199	200	37
3947	ダイナパック	400	400	400	400	6
3948	光ビジネス	699	700	682	700	6
3949	日本ハイパック	295	309	285	290	38
3950	ザ・パック	0	0	0	0	0
3951	朝日印刷	0	0	0	0	0
3952	中央紙器	0	0	0	0	0
3953	大村紙業	0	0	0	0	0
3954	昭和パックス	515	516	501	501	9
3971	東セロ	270	270	259	270	21
4003	コープケミ	98	100	97	97	12
4004	昭電工	142	142	135	141	1124
4005	住友化学	469	472	440	448	3175
4006	チッソ 	13	14	12	12	1267
4007	日化成	140	148	140	148	29
4008	住友精化	265	268	260	268	58
4010	三菱化学	409	410	392	410	2417
4021	日産化	571	594	571	590	1002
4022	ラサ工	323	340	323	328	543
4023	呉羽化	280	280	271	275	124
4025	多木化	390	391	376	386	22
4026	神島化	0	0	0	0	0
4027	テイカ	248	248	241	241	14
4028	石原産	199	205	189	189	4282
4031	チッカリン	403	405	403	404	10
4032	日東バイオン	210	211	210	210	7
4033	日東エフシー	0	0	0	0	0
4041	日曹達	265	275	262	267	825
4042	東ソー	482	484	466	482	1467
4043	トクヤマ	440	455	410	419	719
4044	セ硝子	242	242	236	239	226
4045	東合成	180	181	176	178	492
4046	ダイソー	200	200	196	200	40
4047	関電化	365	392	355	380	1061
4050	鶴見曹達	390	390	375	380	13
4061	電化	379	379	365	379	2157
4062	イビデン	1387	1404	1370	1400	140
4063	信越化	5800	5920	5730	5850	1096
4064	カーバイド	159	169	156	169	299
4065	紀文フ	382	396	382	396	26
4077	富士チタン工業	556	560	550	560	24
4078	堺化学	760	775	756	768	216
4079	ハクスイテック	0	0	0	0	0
4080	田中化研	6250	6300	6000	6000	26
4086	日本エア・リキード	299	304	299	302	159
4088	エアウォータ	270	270	268	269	65
4089	大阪酸素工業	178	178	175	178	33
4091	大陽日酸	275	276	268	270	300
4092	日本化	290	300	290	300	279
4093	アセチレン	81	85	81	85	8
4094	日化産	323	323	315	315	3
4095	パーカライ	327	327	307	311	57
4096	昭炭酸	300	300	299	300	9
4097	高圧ガス	298	305	298	301	19
4098	チタン	150	150	144	150	10
4099	四国化	344	349	344	346	45
4100	戸田工	435	435	423	430	12
4101	日興酸素	0	0	0	0	0
4102	丸尾カル	0	0	0	0	0
4103	大陽東洋酸素	182	182	175	177	142
4104	タテホ	183	200	183	200	8
4105	メルテックス	752	752	735	735	2
4106	ケムキャット	1200	1200	1170	1200	5
4107	伊勢化	353	360	350	360	13
4108	共同酸素	151	155	151	154	6
4109	ステラケミ	8550	8550	8430	8500	38
4112	保土谷	171	171	167	170	8
4113	田岡化	265	265	265	265	2
4114	日触媒	436	437	430	430	149
4115	本州化	640	659	640	659	6
4116	大日精	390	390	385	385	32
4117	川崎化	138	138	138	138	6
4118	カネカ	1285	1330	1284	1329	552
4119	ピグメント	220	235	215	235	47
4120	スガイ	320	325	320	325	7
4123	山化成	981	982	980	980	5
4151	協発酵	1165	1178	1130	1175	1005
4182	菱ガス化	225	240	224	240	2510
4183	三井化学	690	695	642	660	1449
4185	ＪＳＲ	848	858	790	793	830
4186	東応化	2210	2240	2165	2175	66.5
4187	大有機	650	650	650	650	1
4201	日合成	173	182	170	182	302
4202	ダイセル	350	350	331	334	429
4203	住友ベ	1069	1069	1049	1068	659
4204	積水化	313	322	313	321	1797
4205	ゼオン	549	598	549	556	788
4206	アイカ	784	789	750	752	214
4208	宇部興	216	218	211	212	2958
4209	フドー	103	105	103	105	2
4210	東洋化学	435	435	423	432	42
4212	積水樹	367	367	356	360	47
4213	菱樹脂	163	164	154	163	342
4214	高分子	320	330	320	325	158
4215	タキロン	411	414	406	406	96
4216	旭有機	294	295	290	293	82
4217	日立化	2390	2425	2320	2390	445
4218	ニチバン	403	413	399	413	79
4219	プラス・テク	130	130	125	125	14
4220	リケンテクノ	330	333	315	315	155
4221	大倉工	364	370	364	366	79
4222	児玉化	82	82	82	82	5
4224	ロンシール	81	83	80	81	23
4225	筒中	283	283	280	280	23
4226	テスコ	260	262	250	250	11
4227	郡是高分子	0	0	0	0	0
4228	積化成	192	200	192	200	36
4229	群栄化	160	160	155	158	46
4231	タイガポリ	560	570	560	560	15
4232	東芝ケミカル	330	335	312	330	76
4233	ワコー	649	660	645	660	15
4271	カーリット	762	762	760	760	2
4272	日化薬	539	544	530	544	321
4274	細火工	0	0	0	0	0
4361	川口化	163	163	163	163	2
4362	日精化	400	409	398	398	4
4363	新日鐵化学	167	167	155	160	141
4364	マナック	0	0	0	0	0
4365	松本油脂	1890	1950	1890	1900	7
4366	ダイトーケミ	870	890	870	890	12
4367	広栄化学	0	0	0	0	0
4401	旭電化	814	826	814	825	440
4403	日油脂	274	280	272	279	743
4404	ミヨシ	250	251	246	250	104
4406	日理化	599	599	589	589	31
4409	東邦化	200	205	200	200	37
4410	ハリマ化成	410	410	392	392	29
4452	花王	2995	3080	2970	3070	1718
4461	一工薬	350	355	340	340	18
4462	石原薬品	950	950	949	949	3
4463	日華化学	273	273	273	273	2
4471	三洋化	952	990	952	990	273
4501	三共	2430	2430	2150	2285	2552
4502	武田	6600	7010	6580	6850	3501
4503	アステラス薬	5200	5200	5110	5200	919
4505	第一製薬	1588	1595	1559	1568	382
4506	大日薬	850	878	846	877	904
4507	塩野義	1950	2005	1939	2000	1458
4508	田辺薬	640	650	640	650	152
4509	三菱ウェルファーマ	1500	1550	1495	1550	512
4511	藤沢薬品	3320	3370	3230	3330	644
4512	わかもと	513	520	490	520	38
4514	帝臓器	850	851	841	841	73
4515	萬有製薬	1780	1819	1736	1819	465
4516	日新薬	694	700	685	695	93
4517	ビオフェル	921	940	920	940	10
4518	富山化	455	458	450	453	141
4519	中外薬	1864	1880	1845	1863	1277
4520	和光堂	3550	3590	3550	3550	0.5
4521	科研薬	630	633	623	630	86
4523	エーザイ	2490	2505	2490	2500	366
4524	仁丹	860	860	860	860	4
4526	理ビタ	1450	1500	1410	1410	265
4527	ロート	790	798	787	798	33
4528	小野薬	3370	3390	3350	3360	197
4529	日研化	435	435	420	430	47
4530	久光薬	1490	1533	1490	1523	113
4531	有機薬	500	500	480	491	12
4534	持田薬	625	640	620	640	224
4535	大正薬	3040	3150	3030	3150	485
4536	参天薬	2140	2140	2070	2110	111
4537	エスエス	1244	1244	1200	1206	36
4538	扶桑薬	596	600	572	579	48
4539	ケミファ	270	271	260	265	66
4540	ツムラ	397	398	390	397	44
4541	日医工	185	185	178	178	8
4542	三笠薬	405	405	405	405	2
4543	テルモ	2900	2900	2850	2880	269
4544	みらかＨＤ	591	595	581	595	31
4545	国際試薬	369	379	369	379	3
4546	北陸製薬	845	845	799	810	85
4547	キッセイ	1599	1599	1575	1576	55
4548	生化学	1780	1780	1610	1640	25
4549	栄研化	1372	1372	1330	1340	9
4550	日水薬	760	760	750	750	10
4551	鳥居薬	2370	2395	2310	2370	15.9
4552	日本ケミカル	830	850	820	831	29
4553	東和薬品	0	0	0	0	0
4554	富士製薬	420	445	401	410	61
4555	沢井製薬	0	0	0	0	0
4556	カイノス	900	900	851	890	28
4557	医学生物	10100	10200	9400	9500	70
4558	中京医薬	1660	1670	1660	1660	4
4559	ゼリア新薬	1200	1210	1198	1209	25
4560	キョーリン薬	4700	4720	4220	4620	64
4561	デンカ生研	2580	2600	2510	2550	6
4611	大日塗	185	185	177	181	10
4612	日本ペ	270	284	255	279	589
4613	関西ペ	244	246	244	245	243
4614	トウペ	141	145	141	145	2
4615	神東塗	120	121	119	120	23
4616	川上塗	128	128	128	128	1
4617	中国塗	226	235	226	235	41
4619	日特塗	265	265	257	257	14
4620	藤倉化	496	501	490	496	33
4621	ロック	0	0	0	0	0
4622	ユニペイン	0	0	0	0	0
4623	アサヒペン	302	305	302	303	9
4624	イサム	470	470	470	470	1
4625	アトミクス	0	0	0	0	0
4626	太陽インキ	10000	10800	9700	10400	12.2
4627	ナトコ	1250	1250	1170	1170	10
4628	エスケー化研	1730	1900	1730	1830	28
4629	大伸化学	0	0	0	0	0
4631	インキ	415	415	390	409	1211
4633	サカタＩＮＸ	270	270	267	269	31
4634	洋インキ	190	190	189	190	388
4635	東インキ	251	251	250	250	6
4636	Ｔ＆Ｋ	3650	3700	3650	3680	3.2
4640	アンドール	665	679	600	630	37
4641	アルプス技	1270	1270	1250	1270	7
4642	オリジナル設	1300	1300	1300	1300	1
4643	コナミスポ	8760	8950	8680	8950	89.6
4644	イマジニア	3300	3780	3300	3480	51.2
4645	市進	240	240	240	240	1
4646	ジャスフォート	930	930	930	930	0.1
4649	大成	533	533	533	533	3
4650	スガイエンタ	645	645	645	645	1.3
4651	サニックス	10200	10200	10130	10200	17.6
4652	ウッドランド	7690	7700	7500	7500	14
4653	ダイオーズ	0	0	0	0	0
4654	ニチゾウテク	350	350	350	350	5
4655	ＮＯＶＡ	970	970	970	970	2
4656	サン・ライフ	3400	3400	3200	3200	0.5
4657	環境管理	1050	1090	1050	1090	2
4658	日本空調	990	990	990	990	1
4659	エイジス	1850	1850	1850	1850	1
4660	ニッポン放送	13050	13500	12500	12990	137
4661	ＯＬＣ	12650	12700	11570	11650	147.9
4662	フォーカス	5970	5970	5490	5490	32
4663	ＡＴＬ	1650000	1700000	1630000	1630000	0.008
4664	ＲＳＣ	470	475	470	475	2
4666	パーク２４	11350	11500	10800	11400	26
4667	アイサンテク	0	0	0	0	0
4668	明光ネット	430	430	430	430	1
4669	ニッパンＲ	341	349	341	349	5
4670	セタ	900	900	900	900	2
4671	ファルコバ	3940	3940	3700	3720	36
4672	ベルックス	1350	1350	1350	1350	1
4673	川崎地質	0	0	0	0	0
4674	クレスコ	13400	13400	12800	12900	4.5
4675	エヌエス環境	620	620	600	600	2
4676	フジテレビ	2030000	2060000	1760000	1780000	2.291
4677	デザイ	1250	1350	1070	1270	36
4678	秀英	0	0	0	0	0
4679	田谷	1900	1900	1890	1890	6
4680	ラウンドワン	660000	670000	640000	655000	0.549
4681	リゾートトラ	3010	3020	2950	2970	18.5
4682	電通テック	15800	16000	15700	16000	5
4683	堀内カラー	840	900	840	880	27
4684	オービック	79700	80500	77300	78500	33.3
4685	菱友システム	700	700	699	699	2
4686	ジャスト	8290	8490	8150	8150	39.2
4687	ＴＤＣソフト	4500	4550	4420	4500	4.1
4688	日本ドレーク	38100	38200	37500	37800	3
4689	ヤフー	129000000	129000000	129000000	129000000	0.014
4690	日パレット	0	0	0	0	0
4692	アルゴ２１	4910	4980	4800	4850	8
4694	ＢＭＬ	5330	5800	5200	5800	31
4695	マイスター	0	0	0	0	0
4696	ワタベ	1090	1190	1090	1100	8
4697	ゼロ	5700000	5700000	5300000	5300000	0.03
4699	ウチダエスコ	0	0	0	0	0
4700	アクセス	19200000	19200000	17800000	17800000	0.031
4701	プレック研	700	710	700	710	6
4702	55ステーション	0	0	0	0	0
4703	住商オート	900	920	885	900	46
4704	トレンド	23400	23600	21800	22300	147.5
4705	クリップ	300	300	300	300	14
4706	富士通サポート	57900	58500	52900	54000	51.9
4707	キタック	0	0	0	0	0
4708	もしもしＨＬ	18500	18500	17100	18100	6.3
4709	ＩＤ	1650	1650	1600	1600	10
4710	ウィン	361	361	360	360	4
4711	コミュニティ	1529	1530	1479	1520	10.6
4712	アドアーズ	520	533	510	510	13
4713	日信電サ	1320	1390	1320	1390	10
4714	リソー教育	280000	280000	272000	280000	0.046
4715	クリエイティブ	429	429	405	405	8
4716	日本オラクル	103000	103000	99800	102000	183.4
4717	ソデッソジャパン	4400	4510	4400	4510	8
4718	早稲アカ	475	495	470	490	28
4719	アルファシス	26400	27000	26200	27000	11
4720	城南進研	740	780	740	755	5
4721	フジスタッフ	6950	7050	6750	6790	43
4722	フューチャー	37600000	37600000	35000000	35000000	0.008
4723	グッドウィル	6040000	6050000	5700000	5810000	0.241
4724	シチエ	1020	1020	1000	1000	7
4725	ＣＡＣ	5800	6050	5630	5750	30
4726	ソフトバンテク	170000	170000	162000	162000	6.5
4727	アジアＳ総研	6990	6990	6850	6850	0.4
4728	トーセ	10500	10500	10000	10000	9.1
4729	コナミスタジオ	7350000	7500000	7200000	7200000	0.003
4730	関西メンテ	821	821	810	821	4
4731	ユニバホーム	2560000	2580000	2500000	2500000	0.018
4732	ＵＳＳ	4150	4150	3950	3990	11
4733	ＯＢＣ	69100	70500	68500	69800	27
4734	ビーイング	2950	2950	2700	2800	33
4735	京進	0	0	0	0	0
4736	日本ラッド	2800	2800	2700	2700	3
4737	シダックス	1720	1800	1700	1800	20
4738	日立ビジネス	3000	3000	2900	2930	34
4739	ＣＴＣ	120000	123000	113000	113000	422.8
4740	ニューディル	5750000	5800000	5500000	5600000	0.026
4741	ＩＲＩ	30700000	30700000	30700000	30700000	0.012
4743	アイティフォ	9600	9610	9200	9200	20
4744	メッツ	11000000	11000000	9800000	9800000	0.012
4745	東京個別	6530	6530	6000	6310	13
4746	東計電算	2340	2440	2220	2220	44
4747	Ｃフィッシュ	0	0	0	0	0
4901	富士写	4900	4910	4770	4840	954
4902	コニカＨＤ	474	474	466	474	331
4911	資生堂	1369	1370	1356	1362	373
4912	ライオン	376	377	370	374	292
4913	サンスター	366	366	341	345	56
4914	高砂香	443	450	430	442	126
4915	エイボンＪ	225	225	221	222	12
4916	ノエビア	1080	1090	1080	1090	4
4917	マンダム	1650	1850	1630	1830	255
4918	アイビー	501	501	490	490	3
4919	ミルボン	7630	7660	7580	7580	17
4920	日本色材	412	412	411	411	2
4921	ファンケル	21100	21800	20850	21800	49.8
4922	コーセー	2880	2900	2800	2850	36
4951	エステー化	580	580	561	561	25
4953	タイホー工業	400	400	400	400	2
4954	マークテック	375	375	375	375	1
4955	アグロカネシ	680	680	670	670	16
4956	コニシ	1060	1060	1050	1060	9.5
4957	ヤスハラケミ	860	860	860	860	1
4958	長谷川香料	1950	1990	1950	1980	16.2
4959	シーシーアイ	670	670	670	670	1
4960	ケミプロ	517	517	517	517	1
4961	日油技研	0	0	0	0	0
4963	星光ＰＭＣ	573	577	535	535	21
4964	星光化学工業	370	370	370	370	0.4
4965	曽田香料	400	400	400	400	2
4966	上村工	1859	1859	1820	1820	47
4967	小林製薬	12010	12010	11500	11500	13
4968	荒川化工	1070	1180	1070	1160	35
4970	東洋合成	2000	2000	1650	1670	140
4987	寺岡製	719	719	710	710	7
4989	イハラケミ	216	221	216	220	72
4990	昭和化	320	320	320	320	1
4992	北興化	388	388	375	376	34
4996	クミアイ化	191	192	189	189	39
4997	日農薬	214	215	210	210	49
4998	フマキラ	211	212	202	203	11
4999	セメダイン	249	249	249	249	1
5001	新日本石油	377	385	377	380	1313
5002	昭和シェル	390	393	370	393	331
5005	東  燃	600	606	592	598	537
5006	興亜石油	310	313	305	310	232
5007	コスモ石	142	142	135	141	631
5008	東亜石	119	120	118	119	183
5009	富士興	79	81	70	70	118
5010	日精蝋	0	0	0	0	0
5011	ニチレキ	431	450	431	450	27
5012	東燃ゼネ石	215	218	215	215	358
5013	ユシロ	467	470	462	470	14
5014	ジャパンエナジー	90	91	89	89	1418
5015	ＢＰカスト	820	830	810	820	12
5101	浜ゴム	276	290	274	290	1052
5102	大機エンジ	0	0	0	0	0
5103	昭ゴム	94	95	94	95	27
5104	日東化工	95	95	95	95	6
5105	洋ゴム	143	160	143	159	301
5106	オーツタイヤ	200	203	198	198	27
5108	ブリヂストン	2295	2330	2260	2300	1369
5110	住友ゴ	529	529	510	515	545
5121	藤ゴム	226	234	225	225	22
5122	オカモト	235	239	229	233	42
5123	ミサワ東洋	0	0	0	0	0
5142	アキレス	175	175	169	173	160
5143	世界長	199	204	186	195	240
5161	西川ゴム	0	0	0	0	0
5162	朝日ラバー	1720	1740	1720	1740	3
5184	ニチリン	0	0	0	0	0
5185	フコク	720	720	720	720	9
5186	ニッタ	794	794	760	762	13.4
5187	クリエート	900	933	900	933	14
5188	帝都ゴム	0	0	0	0	0
5189	桜ゴム	163	163	163	163	5
5191	東海ゴ	783	783	775	779	40
5192	三星ベ	252	261	252	260	75
5193	平成ポリマー	105	105	105	105	1
5194	相模ゴ	588	601	588	601	7
5195	バンドー	214	214	211	214	148
5196	鬼ゴム	75	75	73	73	51
5199	不二ラテ	165	188	165	188	15
5201	旭硝子	890	890	890	890	282
5202	板硝子	1138	1140	1090	1115	1505
5204	石塚硝	185	186	185	185	13
5205	日本無機	330	344	330	344	43
5208	有沢製	2265	2265	2160	2200	39
5210	日山村硝	185	185	182	184	127
5212	不二硝	0	0	0	0	0
5213	芝セラミ	599	647	595	645	5446
5214	日電硝	1452	1500	1410	1414	1151
5215	旭テクノグラス	785	865	780	865	392
5216	倉元	1830	1840	1800	1800	14.2
5217	テクノクオツ	2750	2750	2700	2700	6
5232	住友大阪	412	463	410	463	6699
5233	太平洋セメ	164	168	163	168	1152
5234	デイ・シイ	150	150	149	149	40
5237	ノザワ	87	87	85	85	15
5261	ミサワリゾ	270	282	265	282	40
5262	日ヒューム	250	260	250	260	16
5266	テイヒュー	0	0	0	0	0
5267	ハネックス	137	137	124	124	27
5268	旭コン	329	329	329	329	2
5269	日コン	104	104	100	102	48
5271	トヨアサノ	0	0	0	0	0
5272	浅野スレ	91	95	88	95	39
5273	三谷セキ	0	0	0	0	0
5274	ゼニパイプ	0	0	0	0	0
5276	石建工	489	495	465	495	4
5277	スパンクリト	365	385	340	370	165
5278	エバタ	0	0	0	0	0
5279	日本興業	235	235	235	235	1
5280	ヨシコン	607	607	607	607	3
5281	旭ダンケ	0	0	0	0	0
5282	ジオスター	980	1020	980	1020	6
5283	高見沢	0	0	0	0	0
5284	ヤマウ	0	0	0	0	0
5285	ヤマックス	280	299	280	299	5
5286	武井工業	0	0	0	0	0
5287	イトヨーギョ	1150	1150	1150	1150	1
5301	東海カ	200	203	195	200	498
5302	カーボン	125	134	125	134	308
5304	エスイ−シ−	219	222	219	220	32
5331	ノリタケ	450	480	450	480	266
5332	ＴＯＴＯ	521	529	502	516	1735
5333	ガイシ	910	917	909	915	652
5334	特殊陶	1060	1060	1045	1050	313
5336	INAX	562	565	550	560	335
5337	ダントー	340	340	333	340	56
5338	大トー	0	0	0	0	0
5341	アサヒ陶	0	0	0	0	0
5342	ジャニス	62	62	60	60	46
5343	ニッコー	355	355	340	340	12
5344	ＭＡＲＵＷＡ	2850	2950	2830	2850	113.3
5351	白煉瓦	317	350	317	345	249
5352	黒崎	160	167	160	167	66
5355	ルツボ	130	133	130	130	34
5356	美濃窯	210	210	210	210	3
5357	ヨータイ	182	182	181	182	5
5358	イソライト	190	190	190	190	4
5359	ハリマセ	100	100	99	100	48
5361	東海熱	400	415	391	391	42
5362	九州耐	185	185	185	185	1
5363	ＴＹＫ	190	195	190	190	12
5367	ニッカトー	998	1000	930	940	149
5382	中央商事	0	0	0	0	0
5383	三共理化	0	0	0	0	0
5384	フジミインコ	4120	4200	4120	4150	6.1
5386	鶴弥	0	0	0	0	0
5387	チヨダウーテ	555	630	555	630	14
5388	クニミネ	285	285	285	285	1
5389	日レヂボン	0	0	0	0	0
5390	宇部マテリア	166	166	165	165	9
5391	Ａ＆ＡＭ	120	127	120	127	63
5393	ニチアス	169	169	160	165	313
5395	コランダム	155	157	155	157	7
5397	ＭＩＥテクノ	0	0	0	0	0
5398	日研紙	170	170	170	170	3
5401	新日鉄	219	221	217	221	14145
5403	川崎製鉄	162	163	156	159	6494
5404	日本鋼管	61	62	60	60	11009
5405	住金	65	67	65	67	8531
5406	神戸鋼	63	63	61	63	2788
5407	日新鋼	110	111	109	111	1073
5408	中山鋼	140	141	138	138	100
5410	合同鉄	92	92	84	90	266
5423	東京製鉄	280	280	278	280	120.3
5443	東洋製鋼	48	48	46	46	33
5444	大和工	361	361	352	359	103
5445	東京鉄	74	80	74	78	26
5446	北越メ	0	0	0	0	0
5448	東京鋼鉄	0	0	0	0	0
5449	大阪製鉄	480	495	479	480	11.2
5451	淀川鋼	284	297	284	291	168
5453	洋鋼鈑	391	392	388	388	230
5454	日鉄鋼板	196	196	192	192	21
5457	住友鋼管	308	317	308	312	68
5458	高砂鉄	124	124	112	114	18
5461	中部鋼	122	122	119	119	36
5462	日鉄鋼管	119	119	118	118	5
5463	丸一管	1189	1250	1185	1210	89
5464	モリ工	250	251	250	251	7
5471	大同特鋼	170	177	168	176	2022
5476	高周波	81	84	77	84	35
5479	日金工	104	110	104	110	189
5480	冶金工	95	96	90	96	871
5481	山陽鋼	153	153	147	150	183
5482	愛知鋼	285	312	275	306	1381
5484	東北鋼	490	490	465	465	10
5486	日立金	720	728	703	708	1358
5491	日金属	117	117	114	114	34
5541	大平金	245	250	243	245	808
5542	報国鉄	0	0	0	0	0
5562	日本重化学	129	137	128	135	797
5563	日本電工	173	185	173	184	420
5566	中央電	169	170	162	162	10
5602	栗本鉄	254	260	254	260	6
5603	虹技	147	156	146	156	35
5605	自動鋳	76	76	75	75	11
5606	旭テック	140	140	137	139	61
5607	中可鍛	0	0	0	0	0
5608	川口金	244	245	238	245	11
5609	日鋳造	95	95	90	93	28
5610	大和重	106	110	106	110	12
5612	鋳鉄管	215	215	211	211	14
5613	日本カタン	250	250	250	250	5
5631	日製鋼	105	106	101	101	394
5632	菱製鋼	82	92	82	92	212
5633	関東特殊製鋼	75	75	72	75	42
5641	ＴＤＦ	210	219	210	219	4
5642	日本鍛工	57	57	55	55	6
5644	メタルアート	100	100	100	100	3
5645	イチタン	0	0	0	0	0
5657	鈴木金	150	155	150	150	16
5658	日亜鋼	419	419	415	415	112
5659	日精線	220	225	220	225	4
5660	神鋼線	85	90	83	83	28
5691	東京シヤリング	82	82	82	82	1
5694	大和綱帯	0	0	0	0	0
5695	パウダテック	420	440	420	440	15
5696	川鉄鋼板	113	113	113	113	1
5697	サンユウ	0	0	0	0	0
5701	日軽金	93	94	92	93	1347
5702	大紀ア	160	160	160	160	16
5706	三井金	573	573	535	544	1576
5707	東邦鉛	229	242	226	240	334
5711	三菱マ	323	325	305	305	12348
5713	住友鉱	300	304	291	294	2019
5714	同和鉱	235	240	230	239	936
5715	古河機金	181	186	180	185	861
5716	日鉱金属	795	798	745	746	389
5721	Ｓサイエンス	990	1060	983	1060	1541
5727	邦チタ	430	469	430	469	29
5728	アライドマテリアル	1110	1110	1051	1051	6
5729	日精鉱	186	190	186	190	7
5734	昭和アルミ	121	121	117	117	491
5738	住軽金	79	83	77	83	78
5739	日製箔	138	140	138	140	2
5740	九州不二サッシ	245	245	245	245	1
5753	日伸銅	0	0	0	0	0
5756	東海アルミ箔	55	56	54	55	45
5757	サンエツ	700	700	700	700	2
5771	菱伸銅	214	214	212	212	120
5781	東邦金	143	143	141	141	3
5801	古河電	1619	1660	1612	1660	2801
5802	住友電	1288	1293	1242	1245	1933
5803	フジクラ	490	495	463	471	947
5804	菱線工	242	270	240	270	4465
5805	昭電線	172	180	172	178	288
5807	東特線	364	370	360	360	56
5808	理研線	209	209	206	206	2
5809	タツタ	172	172	170	170	52
5810	第一電工	82	85	82	85	25
5811	トヨ電線	0	0	0	0	0
5812	日立線	935	937	890	900	754
5813	花島電線	0	0	0	0	0
5814	京三電線	150	155	150	155	5
5815	沖電線	244	249	231	244	29
5816	オーナンバ	0	0	0	0	0
5817	日電線	372	372	370	370	5
5818	東日京三電線	280	280	280	280	1
5819	カナレ電気	1600	1600	1580	1600	2
5820	三ッ星	264	264	264	264	2
5851	リョービ	119	125	117	119	78
5852	アーレスティ	239	239	239	239	2
5853	京都ダイカスト	150	150	150	150	1
5854	東京理化工	104	104	104	104	4
5855	アサヒプリテ	3510000	3510000	3420000	3480000	0.008
5900	ダイケン	435	440	435	440	2
5901	洋カン	1664	1699	1632	1699	410
5902	北カン	207	210	205	206	41
5903	シンポ	675	680	660	660	5
5904	アルコアシステム	480	480	470	470	8
5905	日カン	181	181	180	180	2
5906	エムケー精工	0	0	0	0	0
5907	ＪＦＥコンテ	0	0	0	0	0
5908	日鉄ドラム	310	310	310	310	3
5909	コロナ	1031	1031	1010	1020	13
5910	立山アルミ	280	286	280	286	8
5911	横河ブ	329	329	321	326	277
5912	日本橋	125	125	120	125	5
5913	松尾橋	205	205	204	205	12
5914	宮地鐵工所	202	202	199	199	43
5915	駒井鉄	369	375	359	365	188
5916	ハルテック	203	204	201	201	52
5917	サクラダ	79	80	77	77	18
5918	滝上工	340	345	333	345	47
5919	日鉄塔	270	270	270	270	1
5920	鈴木シャ	205	205	200	202	9
5921	川岸工	242	275	242	275	2
5922	那須鉄	185	185	185	185	1
5923	高田機	464	468	464	465	11
5924	新日軽	70	74	70	74	65
5925	酒井鉄工所	104	104	104	104	2
5926	安治川鉄工	104	104	103	103	18
5927	ホリー	131	131	128	128	5
5928	アルメタクス	275	275	260	260	1.5
5929	三和シャタ	325	328	321	328	110
5930	文化シヤタ	252	260	247	255	464
5931	川田工	207	216	207	207	43
5932	三協アルミ	99	99	91	93	75
5933	アルインコ	192	192	172	173	28
5934	日本ア	60	60	57	58	10
5935	元旦	800	810	800	810	3
5936	洋シヤタ	110	110	103	105	59
5937	洋エクス	662	669	655	669	48
5938	住生活Ｇ	1390	1392	1315	1345	759
5939	大谷工業	0	0	0	0	0
5940	不二サッシ	145	147	145	147	6.5
5941	中西製	0	0	0	0	0
5942	フイルコン	310	310	310	310	2
5943	ノーリツ	1080	1114	1080	1111	23
5944	日立粉末	683	685	676	676	38
5945	天竜製鋸	0	0	0	0	0
5946	長府製	1430	1448	1420	1448	13.5
5947	リンナイ	1750	1751	1711	1714	45.1
5949	ユニプレス	216	220	216	220	2
5950	パワーファス	123	123	123	123	5
5951	ダイニチ工業	310	345	310	340	91
5952	アマテイ	0	0	0	0	0
5954	トープラ	0	0	0	0	0
5955	ヤマシナ	341	373	318	320	2458
5956	トーソー	301	301	301	301	3
5957	日東精	173	174	168	173	70
5958	三洋工	159	162	155	160	10
5959	岡部	278	278	273	274	90
5961	トーカロ	561	561	561	561	1
5962	浅香工	0	0	0	0	0
5963	日立ツール	370	376	370	375	9.5
5964	洋刃物	105	105	105	105	1
5965	フジマック	0	0	0	0	0
5966	ＫＴＣ	0	0	0	0	0
5967	前田金	118	119	118	119	9
5969	ロブテックス	112	115	112	115	7
5970	菊池プレス	0	0	0	0	0
5971	共和工業	0	0	0	0	0
5972	日本建鐵	304	305	300	301	18.5
5973	トーアミ	549	549	545	545	7
5974	中国工	161	165	161	164	35
5975	東プレ	340	343	340	341	48
5976	ネツレン	252	255	252	254	31
5977	コマツ電子	1260	1260	1210	1220	17.3
5979	カネソウ	400	410	400	410	3
5980	田中亜鉛	285	285	285	285	1
5981	東京綱	133	140	133	140	191
5982	マルゼン	330	330	315	315	30
5983	イワブチ	390	390	385	385	5
5984	兼房	480	480	470	470	4.5
5985	サンコール	440	460	440	455	86
5986	モリテック	265	265	255	255	6
5987	オーネックス	0	0	0	0	0
5988	パイオラクス	800	800	800	800	1
5989	ヒラタ	360	400	360	400	12
5990	スーパツール	140	140	140	140	4
5991	ニッパツ	355	360	330	331	589
5992	中央発條	375	378	364	374	19
5993	知多鋼	0	0	0	0	0
5994	ファインＳ	281	285	280	280	5
5995	科学冶金	540	550	540	550	2
5996	新立川	915	915	915	915	4.2
5997	協立エアテク	761	800	740	740	7.4
5998	アドバネクス	230	236	230	236	54
5999	イハラサイエ	212	220	212	220	8
6005	三浦工	1217	1217	1185	1196	46
6011	新潟鉄工所	83	83	82	83	781
6013	タクマ	967	1010	960	980	1192
6016	神発動	0	0	0	0	0
6018	阪神燃	0	0	0	0	0
6020	神鋼造機	0	0	0	0	0
6021	ロビン	228	228	220	220	4
6022	赤阪鉄	99	99	96	96	7
6023	ダイハツデ	0	0	0	0	0
6041	ボッシュ	130	134	130	132	194
6042	ニッキ	156	156	156	156	1
6101	ツガミ	665	698	650	674	1533
6102	池貝	187	220	185	215	902
6103	オークマ	378	410	378	409	373
6104	東芝機	200	210	195	209	389
6106	日立精機	170	171	167	171	115
6107	アマダマシ	200	200	195	199	332
6108	アマダワシノ	93	96	93	96	199
6111	旭精機	230	240	230	240	8
6112	小島鉄	152	156	151	156	4
6113	アマダ	890	890	871	871	541
6114	住倉工業	180	180	165	165	92
6118	アイダ	405	410	390	410	72
6119	ゼィープラス	250	250	250	250	6
6121	滝澤鉄	85	90	85	85	20
6122	若山精密	251	253	251	253	2
6125	岡本工	133	135	120	120	89
6126	大ダイヤ	240	240	234	234	12
6130	日平トヤマ	202	210	201	201	34
6131	浜井産	189	190	181	183	38
6134	富機製	6500	6960	6420	6810	113.8
6135	牧野フ	924	924	896	896	238
6136	ＯＳＧ	440	450	435	450	34
6137	小池工	147	150	146	147	39
6138	ダイジェト	129	129	125	125	17
6139	東芝タンガロイ	217	225	216	219	219
6140	旭ダイヤ	608	609	596	603	111
6141	森精機	1500	1550	1500	1510	327
6142	富士精	225	225	225	225	10
6143	ソディック	744	800	741	790	880
6144	西部電機	236	236	230	230	7
6145	日特エンジ	1810	1840	1680	1680	55
6146	ディスコ	26450	26450	25960	26000	50.8
6147	ヤマザキ	0	0	0	0	0
6148	UHT	2220	2220	2100	2130	23
6149	小田原エンジ	740	740	730	730	1.5
6150	タケダ機械	210	220	210	220	2
6151	日東工器	2550	2675	2550	2625	40.2
6201	豊田織	1900	1940	1898	1905	131
6203	豊和工	130	130	126	127	123
6204	キリウ	170	171	170	171	8
6205	ＯＫＫ	113	116	111	116	91
6206	豊田工	872	875	849	849	60
6208	石川製	112	118	112	118	21
6210	東洋機械	650	670	650	650	16
6211	倉敷機	89	89	85	85	3
6212	帝人製機	168	173	163	163	72
6213	ＯＭ製	140	150	140	150	4
6214	大隈豊和機械	199	203	191	199	53
6216	寿工業	0	0	0	0	0
6217	津田駒	135	135	133	133	22
6218	エンシュウ	145	149	145	146	14
6221	大東製機	290	291	290	290	19
6222	島精機	2330	2330	2280	2320	56.2
6242	スピンドル	180	185	179	180	120
6245	ヒラノテク	240	240	240	240	3
6246	井上金	145	160	141	141	17
6247	日阪製	451	460	451	460	11
6271	ニッセイ	811	811	811	811	1
6272	レオン	385	385	378	385	10
6273	ＳＭＣ	22000	22000	20600	21800	80.1
6274	新川	4480	4490	4300	4380	78.8
6275	イセキ開発工	139	139	134	138	16
6276	ナビタス	980	1030	980	1010	8
6277	ホソミクロン	591	600	591	600	11
6278	ユニオンツル	17400	17400	16500	17300	22.6
6279	瑞光	1490	1530	1490	1510	4.3
6280	名機製	1751	1751	1700	1750	41
6281	前田製作	0	0	0	0	0
6282	オイレス	1671	1671	1629	1671	53.6
6283	オリイメック	420	420	400	400	12
6284	ＡＳＢ機械	709	720	650	650	100
6286	静甲	710	710	710	710	1
6287	サトー	3540	3600	3400	3410	33.5
6288	ハマダ印刷機	170	170	170	170	3
6289	技研製	358	358	346	346	3
6290	ＳＥＳ	1870	1870	1820	1840	72
6291	エアーテック	645	650	645	650	7
6292	カワタ	1060	1070	1060	1070	7
6293	日精樹脂	950	950	945	950	12
6294	オカアイヨン	170	190	170	190	9
6295	富士変速	290	290	290	290	9.3
6296	ロキテクノ	1100	1100	1070	1070	5
6297	鉱研工業	351	400	342	380	46.1
6298	ワイエイシイ	2550	2590	2500	2560	10
6299	神鋼環境Ｓ	299	299	260	261	20
6300	アピクヤマダ	935	935	915	916	15
6301	コマツ	466	468	455	457	2491
6302	住友機	235	239	229	229	1290
6303	ササクラ	0	0	0	0	0
6304	マキ製作所	0	0	0	0	0
6305	日立建機	407	412	405	405	114
6306	日工	223	223	220	220	21
6307	サンセイ	100	103	100	103	9
6309	巴工業	770	770	750	750	4
6310	井関農	100	103	98	102	309
6311	セイレイ工業	317	317	312	312	10
6312	フロイント	0	0	0	0	0
6313	共立	135	135	130	131	24
6314	石井工研	980	1010	950	950	8.9
6315	ＴＯＷＡ	4010	4010	3850	3900	34.8
6316	丸山製	149	149	145	149	36
6317	北川鉄	131	136	131	134	44
6319	シンニッタン	199	200	196	197	79
6320	新ダイワ	235	235	230	230	7
6321	石搬機	362	365	362	365	4
6322	タクミナ	0	0	0	0	0
6323	ローツェ	2730	2800	2550	2700	75
6324	ハーモニック	3490000	3490000	3350000	3350000	0.006
6325	タカキタ	194	194	194	194	1
6326	クボタ	333	340	314	323	3195
6327	北川精機	360	360	341	341	5
6328	荏原実業	1550	1550	1520	1520	11
6329	ＨＥＣ	600	630	590	630	56
6330	東洋エンジ	106	106	102	103	159
6331	化工機	214	218	210	214	42
6332	月島機	690	690	650	650	125
6333	帝国電	541	541	535	535	17
6334	明治機	400	440	380	410	1847
6335	東京機	413	419	410	413	128
6336	石井表記	3600	3600	3520	3520	2
6339	新東工	252	252	246	247	24
6340	渋谷工	899	899	897	897	8
6341	日立造船富岡	147	160	147	160	4
6342	太平製	0	0	0	0	0
6343	フリージア	90	90	88	88	18
6345	アイチコーポ	165	172	161	172	53.6
6346	菊川鉄	196	196	196	196	1
6347	プラコー	132	133	130	130	6
6348	日本マリンテクノ	621	621	621	621	1
6349	小森	1459	1459	1421	1421	259
6350	新日本造機	131	131	129	129	5
6351	鶴見製	512	518	510	510	58
6352	トヨコケン	131	131	131	131	2
6354	日立機電	370	435	370	435	91
6355	住友精	330	330	325	326	37
6356	日ギア	192	193	190	190	7
6357	三精輸	310	311	300	301	57
6358	酒井重	215	219	215	217	55
6359	粟村製作所	138	138	138	138	2
6360	東自機	320	360	320	360	5
6361	荏原	1666	1685	1661	1670	988
6362	石井鉄	200	204	196	196	8
6363	酉島	471	500	471	499	51
6364	北越工	198	198	198	198	1
6365	電業社	4800	4800	4650	4650	0.6
6366	千代建	164	177	164	173	316
6367	ダイキン	1640	1657	1570	1570	415
6368	オルガノ	405	405	395	396	62
6369	トヨカネツ	111	111	108	111	124
6370	栗田工	2110	2110	2050	2050	37
6371	椿本チ	410	410	370	380	736
6372	セイサ	90	90	90	90	16
6373	大同工	188	188	187	187	9
6374	ＴＣＭ	163	163	157	160	67
6375	コンベヤ	125	125	121	121	299
6376	日機装	534	534	527	528	128
6377	甲陽建設	361	366	350	360	83
6378	木村化	170	174	170	173	5
6379	新興プラン	102	105	102	102	11
6380	オリチェン	96	96	96	96	8
6381	アネスト岩田	140	149	140	143	98
6382	トリニ工	235	235	235	235	2
6383	ダイフク	980	993	965	970	130
6386	扶桑レクセ	1250	1251	1200	1200	15
6388	ミサワバン	400	434	380	380	580
6389	内田油圧	73	75	73	75	15
6390	加藤製	156	158	153	158	37
6391	加地テック	171	176	171	176	8
6392	ヤマダコーポ	160	160	158	158	24
6393	油研工	116	125	115	117	72
6394	大江工業	0	0	0	0	0
6395	タダノ	200	200	190	195	74
6396	宇野鉄	0	0	0	0	0
6397	郷鉄工	140	140	126	126	3
6398	日本電産シンポ	885	900	885	900	4
6403	水道機	321	322	321	322	3
6406	フジテック	900	930	900	930	194
6407	シーケーディ	515	519	501	501	158
6408	クラッチ	0	0	0	0	0
6409	キトー	315	315	315	315	1
6411	中野冷	0	0	0	0	0
6412	平和	2350	2350	2235	2245	151.7
6413	理想科学	2910	3080	2900	2950	13.9
6414	川重冷熱	0	0	0	0	0
6415	ニスカ	0	0	0	0	0
6416	桂川電機	305	330	305	305	49
6417	ＳＡＮＫＹＯ	6900	6920	6600	6600	173.3
6418	日金銭	2045	2050	1999	2000	24
6419	マース	2640	2640	2600	2600	27.3
6420	福島工業	679	679	679	679	4.5
6421	キヤノンＦ	735	740	700	703	15
6422	キヤノン化成	1050	1070	1020	1070	46
6423	アビリット	6440	6500	6300	6450	24.7
6424	高見サイ	0	0	0	0	0
6425	アルゼ	7250	7350	7010	7100	34
6426	サミー	4520	4600	4380	4500	12.2
6427	東北リコー	1082	1150	1082	1103	63
6431	キャノンＮＴＣ	281	282	281	282	3
6436	アマノ	750	768	741	766	213
6437	三条機	145	145	145	145	2
6439	中日鋳	140	140	140	140	1
6440	ＪＵＫＩ	195	201	191	196	347
6442	コピア	250	255	250	255	12
6443	東洋製	142	142	141	141	18
6444	サンデン	518	518	511	511	317
6445	蛇の目	97	97	93	95	71
6448	ブラザー	270	270	256	259	290
6453	シルバ精	151	172	150	172	592
6454	マックス	840	845	829	840	118
6455	モリタ	292	295	291	292	15
6457	グローリー	1592	1592	1550	1550	26
6458	新晃工	139	140	138	138	12
6459	大和冷	290	293	290	293	38
6461	日ピス	144	154	141	152	227
6462	リケン	225	227	217	217	188
6463	ＴＰＲ	280	280	277	280	11
6466	トウアバルブ	143000	143000	135000	135000	0.004
6467	ニチダイ	535	535	515	520	15
6468	駿河精機	1690	1840	1690	1800	29
6469	放電精密	690	700	689	700	9
6470	大豊工業	1100	1150	1100	1150	2
6471	日精工	780	808	777	789	3112
6472	ＮＴＮ	251	261	251	253	790
6473	光洋精	800	820	797	817	328
6474	不二越	180	193	180	189	1122
6475	天辻	883	883	882	883	16
6476	富士テクニカ	545	550	541	545	5
6477	ツバキ・ナカ	1299	1299	1230	1250	35.5
6478	ダイベア	203	203	203	203	1
6479	ミネベア	1264	1284	1238	1245	1955
6480	トムソン	990	1034	986	1006	129
6481	ＴＨＫ	5100	5150	4850	4870	286.8
6482	ユーシン精機	10510	10690	10500	10660	45.8
6483	川重防災	580	580	570	570	5
6484	ＫＶＫ	255	255	241	241	7
6485	前沢給装	586	596	586	596	7
6486	イーグル工	324	325	323	323	6
6487	積水工機	0	0	0	0	0
6488	ヨシタケ	280	280	275	275	9
6489	前沢工業	895	896	887	888	74
6490	ピラー	830	850	830	840	21
6492	岡野バ	0	0	0	0	0
6493	日鍛バ	192	192	190	190	5
6494	ファネス	431	435	430	430	19
6495	宮入バ	100	100	100	100	5
6496	中北製	177	180	177	180	2
6497	ハマイ	500	500	500	500	4
6498	キッツ	169	169	164	165	194
6499	大隈エンジニア	0	0	0	0	0
6501	日立	1247	1255	1213	1238	7104
6502	東芝	980	1015	980	1005	35157
6503	三菱電	950	966	947	965	6437
6504	富士電機ＨＤ	341	358	341	351	1456
6505	東洋電	170	170	165	170	26
6506	安川電	1379	1399	1331	1369	1197
6507	神鋼電	158	158	153	153	343
6508	明電舎	203	208	199	206	392
6513	オリジン	1280	1280	1240	1260	60
6516	山洋電	455	513	455	510	1985
6517	デンヨー	712	725	712	721	45
6518	三相電機	590	590	590	590	2
6581	日立工	267	268	260	260	88
6583	松下冷機	535	545	533	545	221
6584	三桜工	610	610	590	590	31
6585	サーボ	308	330	305	305	15
6586	マキタ	935	935	905	930	105
6587	松下精工	413	419	410	415	95
6588	東芝テック	460	467	455	458	279
6590	芝浦	1291	1310	1250	1250	391
6591	西芝電	156	165	156	165	20
6592	マブチ	11150	11900	11150	11350	111.2
6593	ローヤル電	490	490	485	485	2
6594	日電産	20410	20600	19860	20000	150.7
6621	高岳	180	184	174	175	174
6622	ダイヘン	233	235	228	231	156
6623	愛電機	197	200	197	200	9
6624	田淵電	294	300	294	300	15
6641	日新電	249	249	238	239	196
6643	戸上電	150	150	150	150	4
6644	大崎電	486	486	473	473	15
6645	オムロン	2900	2940	2765	2795	445
6646	エナジーサポ	327	327	326	327	23
6647	森尾電	165	165	161	161	8
6648	かわでん	94	94	85	86	58
6650	春日電	190	190	175	180	7
6651	日東工	565	565	562	563	22
6652	和泉電	1200	1200	1179	1179	97
6654	不二電機	799	799	760	760	6
6655	東洋電機	0	0	0	0	0
6701	ＮＥＣ	2980	3000	2850	2860	5277
6702	富士通	3020	3040	2855	2935	10843
6703	沖電気	665	679	636	636	1821
6704	岩崎通	264	265	255	255	289
6705	ＮＥＣインフ	610	615	596	600	152
6706	電気興	1180	1190	1081	1082	481
6707	サンケン	625	625	602	604	371
6708	東洋通	2340	2495	2300	2460	2007
6709	明星電	148	148	145	145	9
6710	大興電機製作	185	186	184	186	17
6711	高見澤電機	190	190	190	190	4
6712	田村電機製作	345	345	335	335	28
6714	神田通信工業	265	265	263	263	9
6715	ナカヨ通	336	340	336	340	3
6716	中央無	527	527	450	460	12
6717	富士通アクセ	2950	2950	2850	2850	41.5
6718	アイホン	1570	1589	1520	1589	12.8
6741	信号	465	465	458	458	80
6742	京三	242	244	236	240	89
6743	大同信	220	220	220	220	2
6744	能美防災	344	353	339	340	56
6745	ホーチキ	298	298	295	296	6
6747	小糸工	350	353	350	350	54
6748	星和電	430	430	430	430	2
6749	マスプロ	1200	1201	1150	1190	22.1
6751	日無線	1039	1040	1000	1009	273
6752	松下	2910	2955	2890	2950	4125
6753	シャープ	2265	2290	2170	2195	3001
6754	アンリツ	1050	1055	999	999	505
6755	富士通ゼ	700	705	690	690	109
6756	日立国際	1431	1431	1415	1429	63
6758	ソニー	25750	26700	25700	26380	2136.3
6759	ＮＥＣトーキ	695	709	691	696	307
6761	アイワ	1690	1690	1650	1650	147.8
6762	ＴＤＫ	12500	13190	12300	13150	697
6763	帝通工	375	387	373	380	112
6764	三洋電	598	598	580	590	3894
6765	ケンウッド	399	399	385	386	424
6766	宮越商	63	63	60	63	49
6767	ミツミ	3900	3910	3710	3740	189
6768	タムラ	492	495	485	485	74
6770	アルプス	1149	1159	1102	1106	1515
6771	池上通	440	459	440	451	415
6772	コスモス	142	142	140	140	4
6773	パイオニア	3070	3100	2990	3010	796
6775	東和メクス	164	164	156	156	134
6776	天昇電	170	170	170	170	2
6779	日電波	4000	4040	3780	3800	166.5
6780	日立電子	590	610	590	602	25
6781	松下通信工業	20000	20000	18570	19200	341
6782	九州松下電器	1260	1261	1250	1257	156
6783	松下寿電子	2275	2335	2250	2300	460
6791	コロムビア	185	190	181	187	35
6792	ビクター	715	720	684	694	359
6793	山水電	25	25	24	25	706
6794	フォスター	675	700	675	681	44
6796	クラリオン	590	600	580	599	645
6798	ＳＭＫ	1060	1060	1022	1040	166
6799	日本マランツ	220	220	210	210	81
6800	ヨコオ	3430	3700	3430	3700	521
6801	東光	885	928	885	900	1580
6802	赤井電機	42	44	42	44	933
6803	ティアック	400	415	400	415	204
6804	ホシデン	5030	5050	4830	5040	202
6805	八木アン	689	689	675	681	5
6806	ヒロセ電	14600	14620	13610	13800	105.6
6807	航空電子	693	693	665	668	406
6808	シントム	80	106	79	106	21312
6809	ＴＯＡ	340	341	338	340	71
6810	マクセル	2600	2700	2580	2700	217
6811	クオンツ	811	910	811	910	159
6812	ジャルコ	480	530	480	499	15
6813	ナカミチ	134	148	130	148	210
6814	古野電	438	438	430	430	18
6815	ユニデン	861	880	858	867	210
6816	アルパイン	1500	1516	1500	1516	65
6817	スミダコーポ	4900	5100	4900	5100	27.2
6818	島田理	1183	1225	1160	1200	34.6
6819	オメガ・プロ	2590	2600	2500	2530	236
6820	アイコム	2000	2100	2000	2040	17
6821	バーテクスＳ	0	0	0	0	0
6822	大井電気	0	0	0	0	0
6823	リオン	0	0	0	0	0
6824	新コスモス	0	0	0	0	0
6826	本多通信	5300	5700	5260	5260	83
6827	東北パイオ	6800	7790	6550	7700	3809
6837	京写	2450	2450	2350	2380	13
6838	多摩川電	2290	2330	2250	2330	6
6839	船井電	0	0	0	0	0
6840	アドテック	1250	1260	1200	1200	15
6841	横河電	1095	1098	1041	1070	665
6842	ユニパルス	1150	1150	1050	1050	7
6843	東光精機	175	187	175	187	2
6844	新電元	558	562	552	562	125
6845	山武	770	780	750	760	424
6846	中央製	0	0	0	0	0
6847	安藤電気	1840	2060	1840	2045	222
6848	東亜ＤＫＫ	310	347	310	335	35
6849	日本光電	331	335	331	335	38
6850	チノー	241	243	239	239	28
6851	大倉電気	230	232	230	230	18
6852	テクノセブン	255	265	235	235	81
6853	共和電	235	238	235	238	2
6855	電子材料	3200	3200	3150	3200	10
6856	堀場製	790	808	790	808	98
6857	アドバンテスト	19700	19730	18740	19000	250.4
6858	小野測器	225	225	209	209	34
6859	エスペック	800	840	800	825	93
6860	サンクス	732	732	731	732	5
6861	キーエンス	39350	39750	38100	39750	60.8
6862	ミナトエレ	300	300	277	277	8
6863	ニレコ	571	571	563	571	8
6864	ＮＦ回路	0	0	0	0	0
6866	ＨＩＯＫＩ	733	750	725	725	8
6867	リーダー電子	0	0	0	0	0
6868	東カソード	1300	1370	1300	1350	7.3
6869	シスメックス	3050	3100	3000	3080	43.9
6870	フェンオール	799	800	728	728	7
6871	日本マイクロ	2010	2050	1960	1960	17.3
6872	日本コーリン	12000	12000	11000	11000	10
6873	日立電子Ｅ	890	890	870	880	21
6874	協立電機	4560	4590	4500	4530	7.4
6875	メガチップス	8500	8500	8110	8120	35
6876	光波	6550	6550	6300	6470	22
6877	ＯＢＡＲＡ	655	655	655	655	2
6878	長野日無	0	0	0	0	0
6879	フォトロン	450	460	450	460	3
6880	シンワ	1310	1350	1300	1330	6.5
6881	キョウデン	4360	4510	4360	4400	154
6882	三社電機	710	710	710	710	4
6883	電産コ電	1350	1350	1340	1340	4
6884	デジタル	3590	3630	3590	3600	6
6885	ミヤチテクノ	1050	1090	1050	1090	9.8
6886	グラフィック	650	650	650	650	3
6887	日本ＬＳＩカード	591000	600000	591000	600000	0.009
6888	アクモス	950000	970000	930000	950000	0.047
6889	オーデリック	0	0	0	0	0
6890	フェローテク	1670	1680	1550	1550	19
6891	イーター電機	1190	1230	1190	1220	27
6892	シチズン電子	20500	21000	20000	20000	7.3
6893	タイテック	910	910	890	890	16
6894	パルステック	1999	1999	1850	1930	14
6895	ダイヤ電機	480	480	480	480	1
6896	北川工業	1400	1420	1380	1420	6.4
6897	ツインバード	318	318	318	318	1
6898	トミタ電機	0	0	0	0	0
6899	ＡＳＴＩ	707	707	700	700	9
6900	東京電波	9200	9500	9010	9210	32
6901	沢藤電	387	387	373	378	31
6902	デンソー	2250	2290	2235	2270	1320
6904	原田工業	430	430	430	430	1
6905	コーセル	3640	3730	3590	3690	44.6
6906	キヤ･コンポ	330	330	328	328	2
6907	ジオマテック	1560	1600	1560	1560	11
6908	イリソ電子	440	445	431	431	7
6909	北部通信工業	456	456	415	415	3
6910	日立メディコ	1130	1130	1071	1071	16
6911	新日無	1040	1050	1000	1000	11
6912	菊水電子	555	555	500	540	27
6913	メルコ	2755	2780	2700	2760	12.7
6914	オプテックス	1060	1060	1050	1050	3
6915	千代田インテ	1400	1480	1400	1460	153
6916	アイオデータ	2850	2890	2810	2830	29.7
6917	デンセラムダ	2700	2700	2600	2700	59.9
6918	アバール	1400	1450	1390	1420	26
6919	ケル	800	810	800	810	2
6920	レーザーテク	2750	2750	2510	2700	14
6921	東光電	313	313	313	313	3
6922	昭和情報	540	549	520	520	11
6923	スタンレー	760	775	750	763	765
6924	岩崎電	206	207	204	206	57
6925	ウシオ電	2130	2160	2110	2145	315
6926	岡谷電	259	259	251	259	4
6928	エノモト	1200	1310	1180	1300	55
6929	日セラ	1289	1290	1255	1270	24
6930	日本アンテナ	1350	1430	1350	1400	6
6931	日本電池	420	425	404	410	288
6932	ユアサコーポ	245	245	245	245	9
6933	ＹＵＡＳＡ	271	275	270	274	486
6934	新神戸	719	719	695	705	67
6935	日デジタル	1860	1900	1810	1812	102
6936	東洋高砂乾	127	145	127	145	7
6937	古河池	344	344	324	324	8
6938	双信電機	940	950	825	850	298
6939	ＵＭＣＪ	1130000	1170000	1100000	1150000	0.274
6940	多摩電気	300	300	291	291	2
6941	山一電機	3520	3700	3480	3580	124
6942	ソフィア	339	345	331	335	7
6943	開閉器	680	680	670	675	7
6944	アイレックス	0	0	0	0	0
6945	ＦＴＥＣ	700	700	660	670	12
6946	日本アビオ	301	305	301	305	9
6947	図研	2750	2750	2680	2700	42.5
6948	住友電装	790	790	710	710	3
6949	キンセキ	930	930	920	925	66
6950	ＹＥデータ	652	670	650	660	22
6951	日電子	540	550	533	550	25
6952	カシオ	1019	1019	991	1013	543
6953	日ＮＣＲ	502	520	502	520	8
6954	ファナック	9940	10350	9800	9880	696.1
6955	ＦＤＫ	860	879	850	855	41
6956	神明電	1550	1630	1450	1480	33
6957	芝浦電子	319	320	319	320	0.8
6958	日本ＣＭＫ	1225	1227	1170	1174	169
6959	アマダメ	749	760	740	751	225
6960	フクダ電	1800	1800	1800	1800	2
6961	エンプラス	5710	6140	5700	6030	234.4
6962	大真空	700	740	680	685	1056
6963	ローム	37300	37700	36650	37700	392.1
6964	サンコー	2295	2295	2135	2150	5
6965	ホトニクス	7450	7450	7300	7350	58
6966	三井ハイテク	1826	1878	1826	1875	57
6967	新光電工	5140	5210	4980	5170	45.1
6968	グラフテック	190	198	190	192	12
6969	松尾電	899	990	880	990	536
6970	日本コンラックス	589	590	580	580	23
6971	京セラ	15500	15680	15310	15380	981
6972	エルナー	535	565	520	549	519
6973	協栄産	350	350	345	346	10
6974	日本インター	322	322	320	320	20
6975	ＮＥＯＭＡＸ	1051	1071	1030	1050	92
6976	太陽電	6590	6720	6550	6610	408
6977	抵抗器	204	205	204	205	16
6979	松尾電機	3800	4010	3800	3960	8
6980	日立ＡＩＣ	1340	1370	1270	1285	131
6981	村田製	23700	23730	22950	23060	703
6982	リード	0	0	0	0	0
6984	朝日ナショナ	380	380	380	380	3
6985	ユーシン	505	523	505	516	24
6986	双葉電	4530	4650	4510	4540	25.6
6988	日東電	4080	4100	3800	3920	724
6989	北電工	218	219	205	215	75
6991	松電工	942	948	909	921	705
6992	国産電	210	223	210	223	3
6993	森電機	200	202	196	199	157
6994	指月電	266	266	263	263	6
6995	東海理	1052	1052	1040	1040	16
6996	ニチコン	3000	3030	2970	3020	184
6997	日ケミコン	502	503	490	491	228
6998	タングス	277	282	277	282	8
6999	ＫＯＡ	2770	2880	2770	2770	174
7003	三井造	74	74	69	70	1420
7004	日立造	95	97	92	94	6443
7007	佐世保	72	74	71	72	187
7011	三菱重	310	313	298	300	5391
7012	川重	120	122	115	122	4933
7013	石川島	117	119	115	118	1218
7014	名村造	123	123	120	120	297
7018	内海造	96	96	96	96	1
7020	サノヤス	225	226	224	226	22
7021	ニッチツ	0	0	0	0	0
7052	信貴造船所	134	134	134	134	3
7102	日車両	212	212	205	207	327
7104	富士車輌	100	100	95	95	7
7105	ニチユ	173	174	164	164	10
7122	近畿車	144	144	140	141	28
7123	東急車輌製造	88	88	86	88	29
7124	輸送機工業	345	345	345	345	10
7142	ナブコ	179	180	177	180	13
7201	日産自	415	428	398	422	4999
7202	いすゞ	235	252	233	252	957
7203	トヨタ	4960	4960	4740	4770	3508
7204	小松ゼノア	240	240	234	235	88
7205	日野自	317	335	312	327	996
7207	日野車体	100	105	96	96	14
7210	日産ディ	90	90	88	88	130
7211	三菱自	420	420	400	410	1621
7212	エフテック	461	462	461	461	6
7219	ＨＫＳ	710	725	690	695	26
7220	武蔵精密	1100	1100	1080	1080	6
7221	トヨ車	780	780	740	740	86
7222	産車体	118	118	111	113	122
7223	関東自	650	652	630	638	40
7224	新明和	155	157	150	150	329
7225	小松フォーク	148	149	146	148	39
7226	極東開発	515	515	500	500	6.5
7227	アスカ	0	0	0	0	0
7228	デイトナ	0	0	0	0	0
7229	ユタカ技研	690	700	690	690	10
7230	日信工業	1300	1350	1300	1350	16
7231	トピー	150	156	147	153	439
7232	トキコ	145	145	143	145	61
7233	自部品	85	90	85	85	11
7234	橋本フォーミング	70	70	70	70	2
7235	東ラヂ	122	122	122	122	2
7236	ティラド	240	240	232	235	70
7237	ボッシュブレーキ	169	169	169	169	14
7238	ブレーキ	195	196	190	192	30
7239	タチエス	500	500	494	495	33
7240	ＮＯＫ	368	368	353	360	92
7241	フタバ	1020	1050	1000	1025	505
7242	カヤバ	173	175	156	156	368
7243	シロキ	224	225	220	223	12
7244	市光工	216	221	211	215	159
7245	大同メ	290	300	290	300	14
7246	プレス工	82	84	78	84	251
7247	ミクニ	131	134	125	126	22
7248	カルソニック	208	209	200	204	634
7249	尾張精	0	0	0	0	0
7250	太平洋工	279	279	240	240	216
7251	ケーヒン	984	999	979	984	72
7252	富士機	200	200	200	200	3
7253	日本ガスケット	218	218	218	218	1
7254	フジユニ	0	0	0	0	0
7255	桜井製	0	0	0	0	0
7256	河西工	204	205	199	205	24
7257	自転車電機工	199	199	199	199	2
7258	栃木富士産業	190	194	190	191	20
7259	アイシン	1320	1344	1310	1319	261
7260	富士機工	169	180	168	180	37
7261	マツダ	296	305	294	302	2981
7262	ダイハツ	566	575	530	532	342
7263	愛知機	127	138	125	125	339
7264	ＭＵＲＯ	0	0	0	0	0
7265	エイケン工業	0	0	0	0	0
7266	今仙電機	0	0	0	0	0
7267	ホンダ	3700	3890	3690	3890	1210
7268	タツミ	210	210	210	210	1
7269	スズキ	1735	1745	1716	1730	612
7270	富士重	743	750	733	743	800
7271	安永	400	400	400	400	4
7272	ヤマハ発	800	809	797	800	383
7273	イクヨ	177	190	177	190	10
7274	ショーワ	427	428	424	428	107
7275	ユニシア	116	118	111	112	98
7276	小糸製	526	526	512	513	231
7277	ＴＢＫ	110	110	105	105	17
7278	エクセディ	940	940	890	890	16.1
7279	ケーブル	995	1031	995	1015	31
7280	ミツバ	455	458	450	455	111
7281	カンセイ	214	214	198	199	31
7282	豊田合	7100	7100	6700	7040	233
7283	愛三工	470	470	470	470	2
7284	盟和産	0	0	0	0	0
7285	池田物産	99	99	95	96	49
7286	イズミ工業	129	129	125	128	11
7287	日精機	1728	1728	1620	1620	31
7288	テクノエイト	240	240	233	233	4
7289	マーレ テネックス	210	210	200	200	11
7290	日発精密工業	199	199	199	199	1
7291	日本プラスト	335	336	325	325	5
7292	村上開明	0	0	0	0	0
7293	大井製作所	233	239	233	233	7
7294	ヨロズ	246	246	226	230	61.3
7295	アイエス製機	0	0	0	0	0
7296	ＦＣＣ	1120	1200	1120	1200	5
7297	カーメイト	870	870	830	830	3.4
7298	八千代工	0	0	0	0	0
7299	フジオーゼ	0	0	0	0	0
7301	宮田	171	172	165	165	11
7305	新家工	124	124	120	120	7
7306	丸石自転車	450	500	450	495	129
7308	ツノダ	0	0	0	0	0
7309	シマノ	2000	2005	1945	2005	247.7
7399	ナンシン	0	0	0	0	0
7404	昭和飛	310	310	309	310	14
7407	日本飛行機	217	222	217	220	59
7408	ジャムコ	451	451	450	450	14
7410	横浜鋼業	130	130	130	130	5
7411	成和産業	0	0	0	0	0
7412	アトム	1590	1594	1562	1562	8
7413	創健社	246	246	246	246	1
7414	小野建	790	800	790	800	3
7415	新星堂	0	0	0	0	0
7416	はるやま	605	605	605	605	5.5
7418	ヤマキ	131	131	131	131	2
7419	ノジマ	1420	1450	1400	1420	7.7
7420	佐鳥電機	1080	1080	1050	1060	34
7421	カッパクリエ	2060	2060	2050	2050	4
7422	東邦レマック	515	515	515	515	2
7423	フォンテーヌ	1144	1170	1100	1100	6.4
7424	ニコニコ堂	185	185	180	180	6
7425	初穂商事	310	315	305	315	5
7426	山大	200	200	195	195	9
7427	エコーＴＤ	1650	1650	1650	1650	9
7428	江戸沢	765	765	765	765	0.5
7429	セイジョー	1700	1740	1700	1730	3.2
7430	サンワドー	537	538	537	537	2
7431	ニューフ	279	279	279	279	2
7432	ダルトン	0	0	0	0	0
7433	伯東	3890	3890	3700	3790	58
7434	オータケ	0	0	0	0	0
7435	ナ・デックス	548	569	548	569	4
7437	シーアンドエス	4250	4250	4100	4160	44.6
7438	コンドー	460	460	441	441	12.5
7439	サンミック千代田	0	0	0	0	0
7440	クラフト	1020	1020	1000	1020	6
7442	中山福	330	343	328	343	9
7443	横浜魚類	0	0	0	0	0
7444	ハリマ共和	0	0	0	0	0
7445	ライトオン	12000	12000	11000	11550	6.2
7446	東北化学	0	0	0	0	0
7447	ナガイレーベ	2810	3120	2810	3050	3.4
7448	ジンズメイト	2550	2555	2500	2500	10.7
7449	太洋興業	0	0	0	0	0
7450	サンデー	752	752	752	752	2
7451	菱食	4850	4850	4660	4740	371.3
7452	マツヤ	0	0	0	0	0
7453	良品計画	17700	18100	17500	17990	107.9
7454	ホットスパー	232	232	232	232	3
7455	三城	7850	8300	7700	8200	40.6
7456	松田産業	2490	2490	2480	2480	3
7457	セキテクノ	520	530	516	530	25
7458	第一興商	3410	3650	3410	3550	25.1
7459	メディセオＨＤ	760	779	755	756	20.7
7460	ヤギ	0	0	0	0	0
7461	キムラ	970	970	970	970	1
7462	ダイヤ通商	0	0	0	0	0
7463	アドヴァン	4400	4400	4280	4320	25.2
7464	セフテック	340	340	340	340	1
7465	ＭＶ北海道	1770	1770	1770	1770	1
7466	ＳＰＫ	1090	1090	1090	1090	1.4
7467	萩原電気	975	975	975	975	2
7468	アムスク	1450	1450	1350	1350	8
7470	サロモンメイド	629	630	610	610	11
7471	ふじ	590	590	590	590	3
7472	鳥羽洋行	915	915	915	915	1
7473	静岡スバル	0	0	0	0	0
7474	パオ	612	620	612	620	5
7475	アルビス	440	440	435	435	8
7476	アズワン	1710	1740	1700	1700	16.5
7477	ムラキ	175	175	150	150	30
7478	ブルーグラス	660	660	660	660	1
7479	サンマルク	3350	3350	3300	3300	29.5
7480	スズデン	460	460	460	460	3
7481	尾家産	695	695	670	670	14
7482	シモジマ	1190	1240	1190	1240	11
7483	ドウシシャ	2200	2280	2190	2190	26
7485	岡谷鋼機	958	960	958	960	15
7486	サンリン	0	0	0	0	0
7487	小津産業	831	832	825	825	2.8
7488	ヤガミ	650	650	650	650	1
7490	日新商	311	311	311	311	2
7491	ＯＡシステム	1300	1300	1220	1220	15
7492	タイカン	432	440	432	440	4
7494	コナカ	695	710	695	710	21.9
7495	レオ	0	0	0	0	0
7496	八千代ムセン	1540	1540	1460	1460	11
7497	マインマート	660	699	650	650	17.6
7498	ジャパン	2310	2500	2310	2500	39
7500	西川計測	460	460	455	455	8
7501	ティムコ	1170	1170	1170	1170	0.1
7502	プラザクリエ	9700	9700	9400	9500	2.6
7503	ＩＭＩ	0	0	0	0	0
7504	高速	780	780	780	780	7
7505	扶桑電通	962	970	955	961	9
7506	ハウスローゼ	870	870	861	865	11.9
7507	浜 勝	895	900	895	900	2
7508	オートセブ	0	0	0	0	0
7509	アイエー	698	698	670	670	5
7510	竹菱電機	0	0	0	0	0
7511	ジプロ	0	0	0	0	0
7512	ポスフール	1172	1192	1171	1190	10
7513	コジマ	2805	2810	2610	2650	133
7514	ヒマラヤ	879	879	830	830	25.5
7515	マルヨシ	360	360	360	360	1
7516	コーナン	1400	1420	1400	1405	10
7517	黒田電気	4100	4100	3850	3850	17
7518	ネットワン	4750000	5030000	4700000	4910000	3.057
7519	五洋インテ	255	255	255	255	1
7520	エコス	1150	1150	1150	1150	3
7521	ムサシ	0	0	0	0	0
7522	ワタミ	8700	8900	8700	8900	20
7523	アールビバン	6370	6500	6010	6250	13.8
7524	マルシェ	1421	1460	1405	1459	6.5
7527	システムソフ	800	800	800	800	2
7528	安藤薬業公司	465	475	465	475	2
7529	はるやま	0	0	0	0	0
7530	ナブコドア	601	601	601	601	2
7531	清和鋼業	0	0	0	0	0
7532	ドンキホーテ	15450	15450	15000	15300	7.4
7535	グッドマン	3760	3800	3700	3750	9.6
7536	船橋薬品	880	900	880	900	4
7537	丸文	1480	1480	1400	1470	16
7538	大水	475	475	475	475	2
7539	アベルコ	630	650	630	650	3
7540	エルエスフェンス	220	220	220	220	1
7541	メガネトップ	2970	2980	2900	2970	14.3
7542	ビスケーＨＤ	860	880	860	880	4
7543	ミスタージョン	0	0	0	0	0
7544	スリーエフ	0	0	0	0	0
7545	西松屋チェ	2150	2150	2060	2060	11
7547	オートハローズ	300	300	290	290	7
7548	サンクスＪＰ	1220	1220	1220	1220	4
7549	エス・エス・ブイ	628	628	628	628	1
7550	ゼンショー	1920	1920	1710	1730	19
7551	ウェッズ	559	559	559	559	0.9
7552	ハピネット	5230	5240	4950	4960	14
7553	サザビー	6700	6700	6500	6500	10
7554	幸楽苑	1210	1210	1210	1210	1
7555	大田花き	500	500	500	500	1
7556	住商エレク	2500	2500	2420	2500	12
7557	サンクス	6200	6360	6100	6360	27.3
7558	トーメンエレ	5410	5700	5410	5700	15
7559	ジーエフシー	0	0	0	0	0
7560	ユニマット	2670	2700	2600	2600	13
7561	ハークスレイ	3110	3110	3040	3040	6
7562	安楽亭	1630	1650	1620	1630	21
7563	ニッパン	230	230	230	230	2
7564	ワークマン	1700	1700	1650	1650	2
7565	万世電機	0	0	0	0	0
7566	ジャパンケア	2150	2150	2150	2150	1
7567	栄電子	580	580	531	532	12
7568	クレックス	700	705	700	700	52
7569	モンテカルロ	270	270	270	270	1
7570	橋本総業	790	790	790	790	2
7571	ヤマノＨＣ	1000	1000	990	990	19
7573	ツルハ	8400	8510	8300	8400	3.8
7574	共信テクノ	2300	2300	2250	2250	7
7575	日本ライフＬ	1700	1730	1700	1720	12.7
7576	ベターライフ	750	750	750	750	1
7577	パスポート	0	0	0	0	0
7578	ニチリョク	800	800	800	800	3
7579	オリジン東	2240	2240	2200	2200	14
7580	フーズネット	0	0	0	0	0
7581	サイゼリヤ	7200	7200	6840	6920	12.7
7582	富デバイス	3100	3100	2980	2980	15
7583	通商	0	0	0	0	0
7584	丸紅インフォ	590	590	590	590	1
7585	かんなん	1130	1130	1130	1130	2
7586	寺島薬局	1800	1900	1800	1900	8
7587	ＰＡＬＴＥＫ	3300	3300	2980	2980	22
7588	シートゥーネット	18500	18900	18000	18100	2.6
7589	デジキューブ	4350000	4350000	3620000	3860000	0.284
7590	タカショー	720	720	700	710	7
7591	エクセル	1720	1750	1700	1700	19
7592	アイ・ユー・ケイ	1110	1110	1110	1110	2
7593	ＶＴＨＤ	1431	1450	1415	1415	4
7594	マルカキカイ	395	400	395	395	18
7595	アルゴグラフ	3550	3550	3250	3400	10.7
7596	魚力	5700	5720	5700	5700	11
7597	東京貴宝	0	0	0	0	0
7598	ナイスクラ	545	545	545	545	12
7599	ガリバー	6030	6100	5700	6100	14
7600	日本ＭＤＭ	4820	4860	4800	4810	10.5
7601	ポプラ	1711	1760	1711	1725	18
7602	ジャック	23200	23200	21100	21100	12.3
7603	マックハウス	670	670	670	670	5
7604	梅の花	0	0	0	0	0
7605	フジコーポ	440	440	425	425	5
7606	Ｕアローズ	8190	8300	8190	8290	15
7607	進和	0	0	0	0	0
7608	ＳＫジャパン	650	650	650	650	1
7609	ダイトエレク	2900	2950	2870	2950	21
7610	テイツー	2120000	2120000	2120000	2120000	0.003
7611	ハイデ日高	900	920	900	920	4
7612	コモンウェル	2000	2000	1980	1980	4
7613	シークス	2000	2050	1900	1900	31
7614	オーエムツー	6500	6500	6250	6350	2.1
7615	京都友禅	782000	798000	775000	798000	0.031
7616	コロワイド	3550	3900	3550	3890	62.5
7617	オオゼキ	5000	5000	4910	4910	2
7618	ＰＣＤＥＰＯ	0	0	0	0	0
7619	田中商事	0	0	0	0	0
7620	ヤマト硝子	465	465	465	465	4
7621	うかい	1150	1150	1150	1150	6
7622	焼肉サカイ	2910	2950	2910	2950	2
7623	サンオータス	718	719	718	719	2
7624	内藤	600	600	592	596	17
7625	ダイニング	6070	6100	6050	6050	10
7626	ドッドウエル	4980	5110	4930	5110	44
7627	なか卯	1620	1620	1620	1620	1
7628	オーハシテク	1000	1040	990	1030	53
7629	ムラチク	1110	1110	1110	1110	1
7630	壱番屋	1650	1650	1600	1610	33
7631	マクニカ	24010	24200	23000	23300	97
7632	住商メタレックス	520	570	520	530	28
7633	明響社	2350	2350	2000	2150	29
7634	星医療	1620	1630	1600	1600	10
7635	杉田エース	595	595	595	595	5
7636	ハンズマン	1150	1190	1150	1190	16
7637	白 銅	1220	1230	1150	1150	11
7638	シーマ	850	850	849	849	3
7639	贔屓屋	930	940	900	930	63
7701	島津	522	522	510	510	468
7702	ＪＭＳ	420	423	415	423	17
7703	川澄化	1100	1101	1080	1081	29
7704	アロカ	1240	1280	1211	1211	39
7705	ジーエル	1840	1900	1840	1900	4
7706	セントラユニ	600	600	600	600	6
7711	助川電気	300	310	300	310	9
7713	シグマ光機	620	620	610	610	7
7714	モリテックス	9900	9980	9400	9410	21
7715	長野計器	1850	1850	1800	1800	9
7718	スター精	1850	1850	1740	1740	9
7719	東衡機	122	145	122	145	3
7720	ソキア	144	145	138	139	65
7721	トキメック	151	152	144	148	204
7723	愛時計	284	284	279	283	12
7724	金門	119	120	118	120	14
7726	黒田精	310	310	310	310	9
7727	オーバル	144	168	144	168	13
7728	電産トーソク	1201	1220	1199	1199	9
7729	東京精	12100	12300	11900	11900	76.8
7731	ニコン	3540	3580	3330	3450	1696
7732	トプコン	440	440	422	422	30
7733	オリンパス	1500	1590	1500	1590	1074
7734	理計器	348	348	338	345	26
7735	スクリン	674	675	661	661	285
7736	ユニオンＨＤ	160	169	151	152	28
7737	キャビン工業	190	190	190	190	1
7738	チノン	306	306	300	306	12
7739	キヤノン電	1030	1030	1030	1030	9
7740	タムロン	741	741	710	710	7
7741	ＨＯＹＡ	10300	10890	10100	10600	206
7742	ノリタ光	660	718	660	710	92
7743	シード	0	0	0	0	0
7744	ノーリツ鋼機	3190	3280	3120	3120	65.6
7750	ペンタックス	249	250	248	249	96
7751	キヤノン	4020	4100	3970	4100	2049
7752	リコー	2280	2295	2210	2245	1530
7753	ミノルタ	400	405	395	403	360
7756	電産コパル	1950	1980	1880	1899	98
7757	三協精	1160	1170	1152	1165	152
7758	セコニック	405	405	390	392	25
7762	シチズン	830	845	805	824	1912
7764	オリエント時計	159	159	159	159	1
7765	リコーエレメ	870	875	850	875	36
7768	ジェコー	0	0	0	0	0
7769	リズム	254	255	248	248	157
7770	ミヨタ	2860	2860	2770	2770	7
7771	日本精密	0	0	0	0	0
7857	セキ	1650	1650	1650	1650	7
7858	小野産業	1450	1500	1450	1500	6
7859	アルメディオ	1780	1780	1680	1700	37
7860	エイベックス	22200	23300	22200	23200	43.1
7861	東京リスマ	1050	1050	1050	1050	3
7862	トッパンフォ	2290	2290	2230	2260	200.4
7864	フジシール	6050	6050	5800	6000	28.2
7865	ピープル	1400	1400	1380	1400	10
7866	アトラス	2340	2340	2210	2210	22.1
7867	トミー	7350	7350	7100	7110	18.7
7868	広済堂	1120	1148	1120	1140	11
7869	日本フォーム	0	0	0	0	0
7870	福島印刷	0	0	0	0	0
7871	フクビ	0	0	0	0	0
7872	エステール	0	0	0	0	0
7873	アーク	3850	3950	3850	3850	13
7874	スルガ	6500	6500	6210	6210	6
7875	竹田印刷	600	655	600	655	3
7876	三陽PAX	0	0	0	0	0
7877	永大化工	830	830	820	821	11
7878	光彩工芸	0	0	0	0	0
7879	ノダ	454	459	454	459	0.7
7880	南部化成	0	0	0	0	0
7881	ニッソー	139	139	112	115	27
7882	アロン化成	426	434	406	434	62
7883	サンメッセ	1580	1580	1580	1580	2
7884	本間ゴルフ	395	415	395	415	30.7
7885	タカノ	1100	1100	1100	1100	3.1
7886	ヤマト・イン	260	260	260	260	1
7887	南プラ	449	449	447	447	6
7888	三光合成	355	355	355	355	1
7889	桑山	515	525	515	525	3.2
7890	アテナ工業	880	880	850	850	6.5
7891	日本ユピカ	0	0	0	0	0
7892	宇部日東化成	335	343	335	343	20
7893	亜細亜	1801	1880	1801	1880	9
7895	中央化学	0	0	0	0	0
7896	セブン工業	400	400	400	400	3
7897	ホクシン	164	167	154	162	9.1
7898	ウッドワン	559	559	550	550	47
7899	オザキ軽化	455	470	455	465	5
7900	大出産業	0	0	0	0	0
7901	マツモト	0	0	0	0	0
7902	ソノコム	1010	1030	1000	1030	18
7903	名木材	0	0	0	0	0
7904	天竜木	46	47	46	47	3
7905	大建工	285	290	285	287	91
7906	ヨネックス	400	400	375	380	60
7907	日防腐	0	0	0	0	0
7908	きもと	540	540	540	540	1
7909	シーアイ化	407	408	407	408	6
7910	段谷産業	108	112	108	112	46
7911	凸版	1130	1145	1102	1117	989
7912	大日印	1640	1648	1613	1629	1432
7913	図書印	215	217	215	215	45
7914	共同印	330	337	330	330	131
7915	日写印	630	640	609	630	86
7916	光村印	261	266	260	260	9
7917	藤森工業	690	750	680	750	7
7918	ヴィアＨＤ	350	360	350	360	2
7919	野崎紙	279	279	279	279	5
7920	三浦印	313	313	313	313	5
7921	宝印刷	2150	2150	2050	2050	13
7922	三光産業	0	0	0	0	0
7923	トーイン	292	292	241	241	10
7925	前沢化成	1450	1480	1450	1450	18.8
7926	ベルテクノ	300	300	300	300	3
7927	ムトー精工	1650	1650	1650	1650	3
7928	旭化学	0	0	0	0	0
7929	新輝合成	0	0	0	0	0
7931	未来工業	1211	1230	1205	1210	34
7932	ニッピ	390	400	390	400	2
7933	ファイリング	0	0	0	0	0
7934	メルクス	76	76	75	76	19
7935	コンビ	1170	1170	1160	1170	21
7936	アシックス	107	108	105	107	345
7937	ツツミ	2295	2350	2250	2250	41.2
7938	リーガル	180	180	170	180	98
7939	研創	0	0	0	0	0
7940	ウェーブＨＤ	0	0	0	0	0
7942	ＪＳＰ	810	810	810	810	3
7943	ニチハ	780	785	779	780	25.4
7944	ローランド	1910	1920	1900	1909	53.8
7945	コマニー	594	594	594	594	12
7946	光陽社	235	235	235	235	1
7947	エフピコ	4500	4650	4450	4650	16.1
7948	ＡＷ・エモト	160	160	151	151	9
7949	小松ウオール	930	930	930	930	0.5
7950	日デコラ	0	0	0	0	0
7951	ヤマハ	770	800	770	790	581
7952	河合楽	150	151	140	149	217
7953	菊水化	549	549	549	549	1
7954	ジャレコ	400	410	400	408	30
7955	クリナップ	475	475	470	470	11
7956	ピジョン	1300	1300	1260	1278	26.7
7957	フジコピアン	226	226	222	222	5
7958	天馬	1139	1139	1121	1121	39
7959	オリバー	0	0	0	0	0
7960	パラマウント	10150	10150	9860	9980	24.6
7961	兼松日産農	183	193	177	192	21
7962	キングジム	632	632	630	630	24
7963	興研	465	465	465	465	1
7964	セガ	2230	2290	2025	2060	621.3
7965	象印	510	510	505	510	6
7966	リンテック	1040	1050	961	961	182
7967	バンダイ	4300	4300	4140	4190	89
7968	田崎真珠	441	445	440	445	20
7969	タカラ	469	490	469	481	25
7970	信越ポリ	630	638	620	630	62
7971	東リ	209	215	207	207	32
7972	イトーキ	426	429	424	428	26
7973	ホウトク	98	98	98	98	1
7974	任天堂	18490	18650	17600	17730	274.1
7975	リヒトラブ	0	0	0	0	0
7976	菱鉛筆	742	742	730	730	15
7977	フランスベッド	490	495	481	490	59
7979	松風	0	0	0	0	0
7980	重松製	0	0	0	0	0
7981	タカラスタ	415	420	395	400	333
7983	ミロク	155	155	155	155	1
7984	コクヨ	1279	1279	1200	1200	110
7985	ネポン	0	0	0	0	0
7986	キング工	261	270	225	232	57
7987	ナカバヤシ	364	367	359	359	55
7988	ニフコ	1043	1100	1032	1098	470
7989	ブラインド	920	920	907	907	4.1
7990	ダイワ精	145	145	140	145	51
7991	マミヤＯＰ	395	404	390	390	28
7992	セーラー	1951	1951	1850	1870	86
7993	サンウエブ	190	190	187	190	17
7994	岡村製	290	298	286	286	45
7995	バルカー	174	175	171	175	126
7996	パイロット	400	400	395	395	3
7997	くろ工	390	390	390	390	10
7998	高島屋工作	255	255	255	255	1
7999	武藤工	427	435	425	434	72
8000	カイゲン	570	570	530	530	2
8001	伊藤忠	545	545	522	522	3847
8002	丸紅	365	365	350	351	6105
8003	トーメン	62	66	62	65	3821
8004	ニチメン	121	124	118	118	748
8005	ムトウ	609	609	555	580	33
8006	ユアサフナ	179	179	172	172	28
8007	高島	108	108	105	105	48
8008	アスティ	729	729	729	729	1
8010	新興産業	131	131	125	125	2
8011	三陽商	285	294	285	287	219
8012	長瀬産	388	389	380	389	191
8013	ナイガイ	94	97	93	96	142
8014	蝶理	112	112	105	105	39
8015	豊田通商	311	313	305	305	565
8016	オンワード	1105	1130	1078	1078	672
8017	阪急共栄物産	143	143	143	143	2
8018	三共興	265	279	265	279	19
8019	市田	63	63	61	61	122
8020	兼松	66	70	66	70	761
8021	レナウン	115	115	108	112	1303
8022	ミズノ	258	258	250	252	315
8023	大興電子	658	690	657	690	4
8024	シルバーＯＸ	446	457	446	452	17
8025	ツカモトＣ	160	160	157	160	16
8027	ルシアン	145	160	145	158	483
8028	ファミリーＭ	4490	4530	4420	4500	448.9
8029	ルック	185	185	183	185	37
8030	中央魚	190	190	190	190	3
8031	三井物	790	790	747	760	4070
8032	紙パ商	349	349	330	335	147
8033	ジーネット	0	0	0	0	0
8035	東エレク	15040	15200	14340	14610	680
8036	日立ハイテク	1330	1330	1250	1290	54
8037	カメイ	500	505	500	505	45
8038	東都水	393	403	393	397	34
8039	築地魚	166	166	166	166	36
8040	東ソワール	200	204	200	204	21
8041	魚市場	330	335	315	320	23
8042	マタイ	211	222	211	222	22
8043	スターゼン	228	232	225	232	48
8044	大都魚	141	143	141	143	3
8045	浜丸魚	489	489	489	489	1
8046	丸藤パ	160	160	157	158	28
8047	デジ・ネット	4000	4020	4000	4000	6
8048	シャディ	2880	2880	2760	2800	32.5
8049	ＥＩＥ	745	745	655	670	291
8050	セイコー	499	505	493	498	92
8051	山善	159	175	158	174	231
8052	椿本興	171	173	167	167	38
8053	住友商	1215	1220	1140	1140	3011
8056	ユニシス	2910	2915	2730	2770	70
8057	内田洋	528	530	495	500	100
8058	三菱商	870	903	836	840	3720
8059	第一実	187	188	184	187	96
8060	キヤノン販	1445	1445	1376	1379	263
8061	西華産	180	204	180	202	249
8063	日商岩井	121	122	112	112	7899
8064	金商	85	94	85	85	15
8065	佐藤商	370	370	370	370	1
8066	三谷商	0	0	0	0	0
8067	トミヤアパ	400	400	390	390	10
8068	菱洋エレク	1592	1610	1560	1560	115
8069	加  商	403	403	403	403	2
8070	東京産	320	330	320	320	28.5
8071	東海物産	376	400	376	400	3
8072	出版貿	0	0	0	0	0
8073	Ｔ・ＺＯＮＥ	615	615	581	582	10
8074	ユアサ商	119	122	119	120	74
8075	神鋼商	166	170	166	170	17
8076	カノークス	80	80	80	80	10
8077	小林産	177	185	177	185	12
8078	阪和興	105	108	103	108	129
8079	正栄食	420	420	420	420	3
8080	ジョイス	0	0	0	0	0
8081	カナデン	486	498	486	490	73
8083	サンテレ	312	312	306	306	4
8084	菱電商	393	420	388	415	406
8085	ナラサキ産業	180	180	170	170	17
8086	ニプロ	919	920	910	915	20
8087	フルサト	560	670	560	650	9.5
8088	岩谷産	216	229	216	228	326
8089	ナイス	184	185	178	180	197
8090	昭光通商	139	139	133	135	124
8091	ニチモウ	148	150	142	150	14
8092	富士通シス	4000	4000	3800	3830	12.5
8093	極東貿易	985	1015	980	998	172
8095	イワキ	236	236	230	230	6
8096	兼松エレク	469	470	467	470	10
8097	三愛石	297	297	293	294	30
8098	稲畑産	520	520	513	515	46
8100	藤井	75	79	74	78	26
8101	ＧＳＩクレ	104	106	102	104	124
8103	明和産	110	110	104	104	29
8105	丸正	245	248	236	248	58
8107	キムラタン	77	77	75	76	16
8109	山洋工	0	0	0	0	0
8110	川鉄商事	117	117	114	115	69
8111	ゴルドウイン	125	125	115	115	121
8112	東スタイル	845	850	837	837	208
8113	ユニチャーム	6890	6900	6650	6700	99.5
8114	デサント	188	195	188	190	24
8115	ムーンバット	120	120	120	120	3
8116	ダーバン	337	338	327	330	199
8117	中央自	235	241	235	240	11
8118	キング	139	142	138	142	9
8119	三栄コ	690	690	680	690	13
8120	大木	0	0	0	0	0
8123	川辺	120	120	119	119	10
8125	ワキタ	276	276	268	270	45
8126	三光純薬	0	0	0	0	0
8127	ヤマトインタ	135	140	135	140	3
8128	エフワン	93	94	93	93	41
8129	東邦薬	390	390	390	390	1
8130	サンゲツ	1830	1880	1820	1880	34
8131	ミツウロコ	585	586	580	584	16
8132	シナネン	409	409	402	404	99
8133	伊藤忠エネ	320	320	305	308	35
8134	ＴＯＫＡＩ	1387	1390	1337	1340	534
8135	ゼット	127	127	127	127	5
8136	サンリオ	3750	3750	3620	3670	131
8137	サンワテク	770	770	770	770	1
8138	三京化	260	260	260	260	3
8139	ナガホリ	270	270	270	270	4
8140	リョーサン	1923	1923	1890	1904	166
8141	新光商	1055	1055	970	990	200
8142	トーホー	831	850	831	850	9
8143	ラピーヌ	82	85	82	82	19
8144	電響社	339	344	335	335	66
8145	中部水産	390	390	390	390	2
8146	小杉産	160	160	160	160	20
8147	トミタ	170	170	170	170	2
8148	上原成	276	280	270	280	44
8150	三信電	720	743	720	741	141
8151	東陽テク	2730	2730	2650	2680	72
8152	ソマール	253	260	253	260	2
8153	モスフード	1060	1070	1060	1065	76
8154	加賀電子	1301	1310	1291	1300	18
8155	三益半導	2010	2050	1960	1984	76.1
8156	ガステック	522	532	522	522	7
8157	都築電	630	631	620	620	21
8158	ソーダニッカ	180	185	180	184	7
8159	立花エレ	604	606	604	606	7
8160	木曽路	0	0	0	0	0
8161	エイデン	891	929	891	913	61
8163	サトＲＳ	710	715	710	715	3
8164	キャビン	118	120	118	120	15
8165	千趣会	1248	1249	1240	1245	33
8166	タカキュー	243	243	223	227	206
8167	丸久	190	190	171	181	7
8168	ケーヨー	351	355	339	340	108.8
8169	宝船	350	350	328	328	9
8170	アデランス	3250	3280	3250	3250	279.3
8171	ＭＶ中部	0	0	0	0	0
8172	第一家庭電器	59	62	59	61	155
8173	上新電	282	290	277	280	16
8174	日ガス	584	585	583	583	11
8175	ベスト電	666	675	655	656	47
8176	西洋フードシス	416	416	391	391	113
8178	マルエツ	300	300	296	298	77
8179	ロイヤルＨＤ	880	915	880	880	167
8180	すかいらく	2795	2795	2660	2665	87
8181	東天紅	1321	1340	1305	1320	85
8182	いなげや	814	814	810	810	56
8183	セブン−イレブン	11180	11180	10790	10890	609
8184	島忠	1173	1173	1160	1160	36.4
8185	チヨダ	540	545	528	535	77
8186	大塚家具	24100	24900	24100	24800	18.8
8188	ヨークベニ	2430	2480	2380	2450	75.7
8189	マツヤデンキ	275	276	275	276	35
8190	ヤマナカ	1800	1800	1800	1800	2
8191	光製作	0	0	0	0	0
8192	中川無線	93	93	83	83	42
8193	鈴丹	128	128	118	120	98
8194	ライフコーポ	570	599	570	599	33
8195	デニーズジャパン	1811	1816	1700	1700	61
8196	カスミ	401	404	392	392	46
8197	東急ストア	286	286	281	282	10
8199	デオデオ	880	880	861	862	161.1
8200	リンガハット	1050	1050	1005	1010	4
8201	さが美	239	250	231	232	8
8202	ラオックス	501	505	497	499	111
8203	ＭｒＭａｘ	339	346	320	325	27.1
8204	ジョナサン	1240	1250	1240	1240	10
8205	シャクリー	850	850	850	850	5
8206	アポロイン	0	0	0	0	0
8207	テンアライド	420	439	420	439	9.2
8208	エンチョー	530	530	530	530	2
8209	フレンドリ	0	0	0	0	0
8210	フットワーク	245	250	245	250	10
8211	相鉄ローゼ	540	550	540	550	5
8212	オーク	162	162	162	162	1
8213	トステムビバ	310	310	290	305	65
8214	アオキインタ	325	328	322	322	78.4
8215	銀座山形屋	286	286	286	286	1
8216	フォルクス	500	500	491	493	5
8217	オークワ	900	900	820	890	16
8218	コメリ	3380	3480	3360	3420	22.3
8219	青山商	1410	1430	1370	1390	311
8225	タカチホ	195	195	195	195	1
8226	理経	650	675	630	630	51
8227	しまむら	10420	11000	10420	10990	64.1
8228	マルイチ	1100	1100	1100	1100	80
8229	ＣＦＳコーポ	879	879	875	875	1.5
8230	はせがわ	378	378	365	375	23
8231	三越	401	417	401	415	1460
8232	東急百貨店	91	94	90	94	345
8233	高島屋	729	750	716	740	633
8234	大丸	310	313	300	300	968
8235	松坂屋	241	244	240	242	83
8236	丸善	235	250	235	239	368
8237	松屋	383	394	383	393	6
8238	伊勢丹	855	908	855	890	1043
8239	横浜松坂屋	78	80	75	78	19
8240	サッポロライオン	570	570	570	570	3
8241	阪神百貨店	499	499	465	465	3
8242	阪急百	418	421	415	421	493
8243	そごう	98	115	97	115	1763
8244	近鉄百貨店	145	145	140	145	13
8245	丸栄	211	213	208	209	4
8247	大和	186	188	186	188	6
8248	ニッセン	503	531	503	531	20.6
8249	東洋物	620	621	620	621	2
8250	小松ストアー	0	0	0	0	0
8251	パルコ	275	281	270	280	162
8252	丸井	1630	1652	1615	1615	968
8253	クレセゾン	1570	1574	1450	1470	671.1
8254	さいか屋	0	0	0	0	0
8255	原信	960	960	960	960	2
8256	プロルート	215	220	215	220	12
8257	山陽百	0	0	0	0	0
8258	ＯＭＣカード	426	426	395	402	272
8259	十字屋	72	72	69	69	81
8260	井筒屋	185	186	180	183	568
8261	ｼ鉄百貨店	258	258	258	258	1
8262	長崎屋	3	3	2	2	9925
8263	ダイエー	350	350	335	341	3299
8264	イトーヨーカ堂	6600	6600	6300	6490	788
8265	壽屋	131	131	131	131	12
8266	イズミヤ	668	669	650	655	53
8267	イオン	1390	1400	1326	1340	1070
8268	西友	206	206	196	205	962
8269	マイカル	345	345	320	320	839
8270	ユニー	815	825	740	754	562
8273	イズミ	575	581	575	577	58
8274	東武ストア	179	179	177	178	7
8275	フォーバル	3300	3350	3230	3250	12.7
8276	平和堂	600	600	590	594	17
8278	フジ	1968	1968	1950	1951	4.6
8279	ヤオコー	1440	1452	1370	1429	4.6
8280	富士冷機	415	426	411	411	33
8281	ゼビオ	1700	1700	1670	1699	84.1
8282	ギガスケーズ	2540	2540	2400	2400	75.9
8283	パルタック	489	490	481	481	26
8285	三谷産業	0	0	0	0	0
8286	藍  屋	1610	1610	1570	1570	12
8287	ＭＶ西日本	1070	1070	1070	1070	2
8289	オリンピック	2350	2400	2350	2350	12.8
8290	デンコードー	700	700	690	690	3
8291	東日カーライフ	219	219	204	204	9
8292	東いすず	260	260	260	260	2
8293	愛トヨ	777	777	770	770	9
8295	キャノンシステム	626	639	626	639	11
8298	ファミリー	0	0	0	0	0
8299	大栄太源	450	470	450	470	2
8301	日銀	92000	92000	87000	87000	0.5
8302	興業銀行	887	887	871	875	2065
8311	第一勧銀	883	890	870	880	2002
8314	さくら銀行	740	740	720	725	7002
8315	東京三菱銀	1435	1450	1428	1450	3510
8317	富士銀行	919	920	903	907	3332
8318	三井住友銀行	1362	1400	1355	1400	4112
8319	大和銀行	303	305	289	294	3553
8320	三和銀行	1000	1035	982	1033	5386
8321	東海銀行	590	595	580	584	2280
8322	あさひ銀行	556	558	540	544	2568
8324	第四銀	405	405	375	389	213
8325	北越銀	268	270	263	269	186
8326	福岡銀	589	589	570	575	500
8327	西日本シティ銀	399	399	390	391	83
8331	千葉銀	441	444	433	434	851
8332	横浜銀	385	390	385	390	582
8333	常陽銀	410	410	395	408	377
8334	群馬銀	600	604	569	569	401
8335	足利銀行	229	229	223	229	408
8336	武蔵銀	4540	4540	4490	4530	15.1
8337	千葉興	1200	1200	1127	1170	24
8338	関東つくば銀	1450	1450	1430	1450	4.8
8339	都民銀	3500	3500	3230	3350	17.5
8341	七十七	855	855	844	850	141
8342	青森銀	500	500	498	500	110
8343	秋田銀	437	437	420	425	170
8344	山形銀	543	543	530	535	49
8345	岩手銀	3990	3990	3790	3810	18.1
8346	東邦銀	388	388	356	356	352
8349	東北銀	230	230	230	230	14
8350	みちのく銀	600	615	585	603	73
8353	北海道銀行	149	150	148	150	89
8355	静岡銀	900	900	849	860	867
8356	十六銀	480	480	467	475	125
8357	北陸銀行	268	268	260	264	361
8358	スルガ銀	1454	1460	1420	1440	456
8359	八十二	600	619	593	615	293
8360	山梨銀	399	399	393	394	63
8361	大垣共立	555	563	545	549	49
8362	福井銀	295	295	275	279	225
8363	北国銀	385	385	380	382	127
8364	清水銀	4250	4250	4080	4140	6.2
8365	富山銀	469	469	469	469	1
8366	滋賀銀	538	538	525	525	61
8367	南都銀	739	750	739	750	55
8368	百五銀	480	490	480	489	57
8369	京都銀	517	520	501	501	220
8370	紀陽銀	293	295	290	295	163
8371	近畿大阪銀	230	230	220	220	42
8372	泉州銀	379	379	360	365	114
8374	三重銀	575	575	541	550	35
8375	池田銀	5950	5950	5690	5690	9.3
8379	広島銀	417	418	410	415	309
8380	山口銀	738	738	710	731	83
8381	山陰合銀	578	578	550	563	49
8382	中国銀	1060	1080	1011	1020	96
8383	鳥取銀	386	386	369	370	70
8385	伊予銀	740	740	720	727	53
8386	百十四	675	675	643	670	98
8387	四国銀	650	650	626	645	102
8388	阿波銀	530	530	515	515	90
8390	鹿児銀	407	410	401	401	130
8391	親和銀行	325	338	310	326	153
8392	大分銀	483	489	460	460	81
8393	宮崎銀	385	390	385	390	555
8394	肥後銀	450	450	425	425	143
8395	佐賀銀	355	355	340	340	41
8396	十八銀	335	335	315	317	228
8397	沖縄銀	2540	2540	2480	2500	2.7
8399	琉球銀	1430	1430	1400	1401	1.7
8401	三井信託	171	171	155	155	8415
8402	三菱信託	900	920	893	903	910
8403	住友信	755	755	710	710	1403
8404	みずほ信託銀	143	145	140	142	1213
8405	日本信託	167	168	165	166	157
8407	東洋信託	360	365	348	351	1649
8408	中央三井信	608	608	529	529	1007
8489	アプレック	639	639	630	630	4
8493	インター	2220	2470	2100	2400	9.1
8507	学研クレジット	705	705	703	704	5
8508	イッコー	751	753	745	745	14
8511	日証金	750	780	750	773	934
8512	大証金	350	365	347	359	284
8513	中証金	0	0	0	0	0
8515	アイフル	16300	16300	15600	16010	51.75
8518	アジア投資	850	900	850	855	466
8519	ポケットＣ	3650	3650	3170	3210	18.8
8520	殖産銀行	393	393	375	375	12
8521	長野銀	500	500	495	495	31
8522	名古屋銀	615	615	596	610	63
8523	近畿銀行	0	0	0	0	0
8524	北洋銀行	550	550	540	550	39
8527	愛知銀	7300	7300	7200	7240	3.7
8528	岐阜銀	222	222	222	222	9
8529	第三銀	450	461	450	461	63
8530	中京銀	439	440	419	440	61
8533	広島総合銀行	426	435	424	435	47
8536	東日銀	640	645	628	645	107
8537	大光銀	278	285	278	285	25
8539	福岡シティ銀	455	459	440	450	125
8541	愛媛銀	465	465	460	465	45
8542	トマト銀	0	0	0	0	0
8543	みなと銀	228	228	218	228	84
8544	京葉銀	321	321	316	318	102
8545	関西アーバン	220	225	215	218	167
8548	九州銀行	317	317	312	317	8
8549	せとうち銀行	400	400	400	400	71
8550	栃木銀	730	730	716	729	40
8551	北日銀	5490	5490	5420	5490	1.2
8552	びわこ銀	320	325	315	324	61
8556	香川銀	570	570	556	556	12
8558	東和銀	444	444	435	443	232
8561	徳島銀	788	789	788	788	27
8562	福島銀	331	331	324	330	23
8563	大東銀	333	335	329	329	48
8564	武富士	11110	11290	10110	10550	421.3
8565	三洋クレ	4180	4180	4050	4070	33
8566	リコーリース	2750	2840	2750	2750	24
8567	クレディア	2300	2300	2200	2300	14.2
8568	シンキ	2640	2690	2600	2610	38.4
8569	ユニココーポ	1130	1130	1130	1130	0.5
8570	イオンクレ	6000	6000	5370	5410	121.4
8571	ニッシン	4930	5000	4930	4940	18.8
8572	アコム	11300	11300	10660	10890	150
8573	三洋信販	3200	3250	3180	3210	74.9
8574	プロミス	7150	7150	6780	6810	198.5
8577	ロプロ	1830	1860	1791	1818	100.4
8579	東京リース	600	601	600	601	28
8580	ファーストクレジット	360	379	360	360	301
8582	日貿信	67	69	67	69	73
8583	日信販	282	283	270	278	606
8584	ジャックス	373	375	362	362	82
8585	オリコ	470	477	458	468	1281
8586	日立キャピ	1694	1750	1590	1590	387.5
8587	ライフ	240	250	230	250	36
8588	セントラル	364	399	364	399	142
8589	アプラス	147	150	143	143	131
8591	オリックス	16300	16600	16220	16600	262.6
8592	住商リース	1394	1395	1361	1370	29
8593	ダイヤリース	1537	1537	1470	1470	85
8595	ジャフコ	29100	29400	26300	26900	208
8597	ＳＦＣＧ	15000	15000	14900	14900	54.89
8599	ＵＦＪセント	0	0	0	0	0
8601	大和証Ｇ	1860	1890	1813	1830	13225
8603	日興コーデ	1495	1515	1451	1469	5665
8604	野村ＨＤ	3200	3230	3150	3190	8216
8606	新光	606	610	590	591	3139
8607	みずほイン証	293	300	291	300	5331
8608	和光証券	601	610	591	591	2540
8609	岡三ＨＤ	1100	1140	1086	1111	1947
8610	さくらフレンド	429	440	427	430	1748
8611	コスモ証	350	355	342	349	1308
8612	第一証券	234	240	230	233	3956
8613	丸三	960	969	921	925	742
8614	東洋	630	636	610	610	643
8615	三菱証	1814	1825	1730	1751	627
8616	東海東京	519	535	514	534	2869
8617	光世	410	412	393	393	1461
8618	太平洋証	313	317	310	312	1825
8620	東海丸万	893	910	881	910	568
8621	ＵＦＪつばさ証券	835	848	830	842	1021
8622	水戸	615	650	599	609	736
8623	ＳＭＢＣ証	490	509	485	492	643
8624	いちよし証	1380	1450	1293	1335	1071
8625	高木	485	494	470	478	185
8691	証券代	1000	1001	1000	1001	2
8692	だいこう	570	660	570	650	23
8742	小林洋行	1230	1250	1210	1250	4
8743	ひまわり証	270	270	265	270	13
8744	日本ユニコム	940	950	940	950	5
8745	グローバリー	1300	1300	1280	1280	22
8746	第一商品	345	345	340	344	21
8747	豊商事	490	490	490	490	2
8748	岡藤商事	450	450	450	450	1
8749	エース交易	380	385	380	385	18
8751	東京海上火災	1080	1085	1017	1022	3048
8752	三井住友海上	449	449	425	427	1795
8753	住友海上火災	501	502	481	494	1043
8754	日本興亜	260	260	251	252	231
8755	損害保険Ｊ	441	442	431	434	977
8756	日産火災海上	271	275	271	272	213
8757	日新火	267	276	260	276	123
8758	千代田火災	285	285	266	266	516
8759	ニッセイ同和	267	267	265	265	245
8760	日動火災海上	445	445	431	438	410
8761	あいおい損保	284	285	280	283	1145
8762	興亜火災	243	243	235	237	316
8763	富士火	218	218	212	216	83
8764	太陽火災	0	0	0	0	0
8765	大成火災海上	210	213	208	213	114
8801	三井不	950	957	920	920	2159
8802	菱地所	995	1015	995	1015	1639
8803	平和不	252	275	252	270	357
8804	東建物	194	195	184	185	273
8805	中央地	135	135	126	126	20
8806	ダイビル	600	610	597	603	93
8809	サンケビル	323	328	315	315	82
8810	港振興	0	0	0	0	0
8815	東急不	105	105	101	101	467
8817	阪急不動産	370	370	360	369	22
8818	京阪神不	311	320	296	300	134
8821	立飛企	2400	2400	2385	2385	9
8826	エルカク	1	2	1	1	324
8829	大和団地	222	227	221	225	42
8830	住友不	317	320	306	308	3225
8832	小田急不	169	169	160	160	11
8833	東宝不	382	382	380	381	6
8834	藤和不	62	62	59	59	199
8835	太平発	118	118	115	117	30
8836	ヒューネット	1060	1170	859	950	4927
8838	有楽地	98	98	95	96	5
8839	ニチモ	76	76	75	76	76
8840	大京	213	215	208	210	529
8841	テーオーシー	644	655	631	655	30
8842	楽天地	349	349	344	349	20
8844	リクコスモス	497	505	491	495	47
8845	セザール	220	220	215	215	53
8846	積和不動産	406	406	396	400	36
8848	レオパレス	370	372	366	372	134
8850	スターツ	500	500	500	500	12
8851	アバンライフ	201	201	200	200	2
8852	積和不動関西	403	403	403	403	3
8853	ダイヤシティ	360	360	311	311	3
8854	日住	260	260	260	260	1
8855	全日空ビル	0	0	0	0	0
8857	三井不動販売	411	419	400	400	109
8858	ダイア建	210	210	199	199	19
8860	フジ住	507	507	490	503	80
8863	積和不動中部	630	630	630	630	5
8864	空港施設	500	502	498	499	64
8865	神鋼興産	298	298	298	298	1
8866	コマーシャル	450	505	445	505	60
8867	横浜地下街	0	0	0	0	0
8868	ＵＲＢＡＮ	7510	7700	7410	7500	53
8869	明和地所	2270	2350	2270	2340	31.3
8870	住不販売	2320	2345	2290	2300	14.7
8871	ゴールドクレ	10400	10900	10400	10500	50
8872	エイブル	6200	6200	6000	6200	24
8873	積和不動中国	0	0	0	0	0
8874	ジョイント	3500	3900	3450	3900	68.5
8875	東栄住宅	1990	2080	1960	2030	43
8876	リロＨＤ	0	0	0	0	0
8877	エスリード	2590	2590	2400	2410	8
8878	日綜地所	1370	1380	1320	1330	34
8879	東急リバブル	540	540	532	532	8
8880	飯田産業	1900	1900	1820	1820	11
9001	東武	309	314	307	314	525
9002	西武鉄道	1598	1600	1516	1600	87
9003	相鉄	300	301	299	300	108
9004	箱根登山鉄道	303	303	300	300	7
9005	東急	469	472	450	466	3016
9006	京急	405	409	405	409	415
9007	小田急	339	350	335	350	628
9008	京王	375	385	374	385	406
9009	京成	284	290	282	289	406
9010	富士急	345	351	341	351	19
9012	秩父鉄	0	0	0	0	0
9013	伊豆箱根鉄道	12900	13300	12900	13300	0.2
9014	新京成	303	303	302	302	2
9017	新潟交	355	355	355	355	10
9019	伊豆急行	3000	3000	2720	2720	1.1
9020	ＪＲ東日本	468000	482000	468000	482000	3.255
9021	ＪＲ西日本	358000	366000	358000	366000	0.561
9022	ＪＲ東海	703000	708000	702000	708000	0.631
9031	西鉄	297	297	280	280	197
9033	広電鉄	1350	1350	1350	1350	4
9036	東部ネット	625	625	530	550	71
9037	ハマキョウ	1700	1710	1700	1700	3
9038	東海西濃	0	0	0	0	0
9039	サカイ引越	2500	2500	2450	2450	1.5
9040	大宝運輸	280	280	280	280	1
9041	近鉄	431	434	420	420	2293
9042	阪急ＨＤ	354	354	346	351	604
9043	阪神	303	309	296	307	192
9044	南海電	450	455	443	450	173
9045	京阪電	360	360	358	359	137
9046	神電鉄	439	440	437	437	74
9047	名糖運輸	1452	1497	1452	1497	3
9048	名鉄	306	307	300	301	834
9049	京福電	195	195	195	195	6
9050	三重交	345	345	345	345	1
9051	センコン物流	0	0	0	0	0
9052	山陽電	299	299	292	292	24
9053	中央運輸	303	303	303	303	2
9054	大和物流	540	540	540	540	3
9055	アルプス物流	569	569	569	569	5
9056	ヒューテック	1220	1220	1220	1220	1
9057	遠州トラック	0	0	0	0	0
9058	トランコム	1490	1490	1370	1390	39
9059	カンダ	275	275	275	275	1
9060	日ロジテム	291	291	291	291	3
9061	富士物流	165	165	162	162	22
9062	日通	770	793	769	789	4473
9063	岡県運送	180	180	175	175	2
9064	ヤマト運	2660	2710	2635	2700	1147
9065	山九	121	124	114	124	690
9066	日新	162	163	161	163	109
9067	丸運	251	251	250	250	5
9068	丸全運	194	196	190	193	57
9069	センコー	210	212	203	203	212
9070	トナミ	195	200	195	200	51
9072	日梱包	598	598	583	583	8
9073	京極運	0	0	0	0	0
9074	日石輸	173	173	170	171	11
9075	福山運	600	600	588	589	259
9076	西濃運	491	508	485	508	406
9077	名鉄運	295	295	295	295	2
9078	エスライン	0	0	0	0	0
9079	東急ロジ	0	0	0	0	0
9080	関東西濃	0	0	0	0	0
9081	神奈交	439	450	439	450	4
9082	大和自	0	0	0	0	0
9083	神姫バ	0	0	0	0	0
9086	日立物流	508	511	490	490	119
9087	タカセ	246	246	246	246	1
9088	濃飛西濃	0	0	0	0	0
9089	ロジパル	0	0	0	0	0
9101	郵船	424	436	421	429	2025
9104	商船三井	197	202	196	202	5152
9107	川崎汽	174	178	172	178	2058
9110	新和海	67	68	65	67	109
9113	乾汽船	76	78	73	78	5
9114	日之出汽船	46	46	43	45	25
9115	明治海	152	155	152	152	3
9119	飯野海	159	160	158	159	139
9123	太平海	55	56	50	50	18
9127	玉井船	44	44	44	44	2
9130	共栄タ	114	114	111	111	3
9132	第一汽	55	55	52	52	166
9133	東栄リーファ	0	0	0	0	0
9151	東京船舶	92	92	92	92	1
9152	関西汽	57	57	55	57	145
9171	栗林船	230	235	230	235	3
9173	東海汽	350	350	345	345	5
9174	ワンダーＴ	300	315	295	295	53
9176	佐渡汽	0	0	0	0	0
9178	日鉄物流	0	0	0	0	0
9179	川崎近海	200	200	200	200	3
9180	新和内航	0	0	0	0	0
9193	東京汽	0	0	0	0	0
9201	日本航空	250	251	244	246	3995
9202	ＡＮＡ	278	279	270	279	1188
9203	日本エアシス	3700	3700	3680	3700	4.2
9231	国際航	628	628	616	617	10
9232	パスコ	550	560	531	533	24
9233	アジア航	370	370	350	350	15
9301	三菱倉	857	898	853	898	1001
9302	三井倉	249	264	249	260	302
9303	住友倉	281	282	277	281	186
9304	渋沢倉	258	262	255	260	233
9305	ヤマタネ	117	117	113	114	47
9306	東陽倉	229	229	229	229	1
9307	杉村倉	580	580	580	580	1
9308	イヌイ建	375	380	375	380	8
9309	京神倉庫	0	0	0	0	0
9310	トランシティ	213	213	207	207	8
9311	アサガミ	245	245	245	245	1
9312	ケイヒン	149	150	148	148	75
9313	丸八倉	165	165	160	160	2
9314	品川倉	152	152	152	152	1
9317	オーナミ	119	119	119	119	3
9318	Ｊブリッジ	260	275	260	275	69
9319	中央倉	485	485	483	483	8
9320	三和倉	0	0	0	0	0
9321	アイロジステ	160	160	160	160	3
9322	川西倉	0	0	0	0	0
9323	ロジステック	0	0	0	0	0
9324	安田倉	362	380	360	380	14
9351	洋埠頭	141	144	139	140	54
9353	桜島埠	150	169	150	169	8
9355	リンコー	150	150	150	150	7
9357	名港海	306	311	300	310	27
9358	宇徳運	135	135	130	130	10
9359	伊勢湾	278	278	270	275	7
9360	鈴与シンワ	158	162	158	162	4
9361	伏木運	270	270	270	270	2
9362	兵機海	0	0	0	0	0
9363	大運	60	60	60	60	3
9364	上組	474	474	460	463	329
9365	トレーディア	0	0	0	0	0
9366	サンリツ	770	775	770	775	4.4
9367	大東港運	0	0	0	0	0
9368	キムラユニテ	714	715	714	715	10
9369	キユソ流通	1645	1645	1600	1600	8
9370	郵船航空	2630	2650	2600	2600	50.7
9373	ニッコウトラ	2090	2100	2060	2090	19
9401	ＴＢＳ	4670	4920	4650	4920	652
9402	ＣＢＣ	1000	1000	985	994	6
9404	日テレ	122000	123000	112000	118000	97.25
9405	朝日放	10600	10950	9900	10300	3.4
9408	新潟放	850	900	850	900	2.7
9431	ＫＤＤ	9430	9440	8990	9150	115.3
9432	ＮＴＴ	1410000	1410000	1380000	1390000	9.797
9433	ＫＤＤＩ	935000	939000	880000	890000	4.593
9434	ボーダフォン	5180000	5180000	4850000	5080000	0.693
9435	光通信	114000	115000	88800	88800	431.7
9436	沖縄セルラー	831000	831000	821000	830000	0.047
9437	ＮＴＴドコモ	4320000	4380000	4250000	4380000	9.901
9438	ＭＴＩ	6100000	6100000	5510000	5510000	0.098
9439	ビーアイジー	14100000	14100000	12100000	12100000	0.009
9449	ＧＭＯインター	68000	68000	55100	55100	17
9470	学研	232	239	230	233	190
9471	文渓堂	0	0	0	0	0
9472	エスコム	590	590	561	574	97
9473	アスキー	3370	3400	2900	2910	74
9474	ゼンリン	3280	3280	3180	3240	58.5
9475	昭文社	6200	6630	6150	6410	229.1
9476	中央経済	350	350	350	350	3
9477	角川ＨＤ	32700	32700	30700	31500	28.1
9478	翔泳社	13400000	15000000	13250000	15000000	0.078
9501	東電	2300	2320	2290	2320	1459.3
9502	中部電	1600	1605	1551	1560	590.9
9503	関西電	1503	1505	1458	1460	1684.3
9504	中国電	1370	1373	1355	1368	157.5
9505	北陸電	1369	1369	1340	1363	202.4
9506	東北電	1350	1351	1301	1304	581.8
9507	四国電	1335	1335	1311	1327	116.7
9508	九州電	1300	1308	1290	1305	367.7
9509	北海電	1305	1315	1296	1300	162.6
9511	沖縄電	1991	1992	1990	1991	3.2
9531	東ガス	205	206	203	204	4763
9532	大ガス	254	260	254	260	3010
9533	邦ガス	173	173	162	168	322
9534	北ガス	185	185	180	183	6
9535	広ガス	260	260	260	260	3
9536	西部ガス	164	164	159	162	110
9537	北陸ガ	309	309	309	309	1
9539	葉ガス	235	250	235	250	27
9540	中ガス	224	224	224	224	4
9541	大多喜ガス	366	366	366	366	1
9542	新日ガス	0	0	0	0	0
9600	アイネット	1639	1680	1620	1620	20
9601	松竹	599	599	561	561	94
9602	東宝	22200	23290	21910	23020	55.5
9603	ＨＩＳ	7600	7610	6970	7000	29.7
9604	際放映	0	0	0	0	0
9605	東映	935	936	891	934	537
9607	葵プロ	2130	2260	2130	2220	48.5
9608	福山コンサル	300	300	300	300	1
9609	ベンチャーリ	10100	10200	9800	9800	19.4
9610	ウィルソン	6500	6550	6500	6550	3.5
9611	Ｄワンダー	1260	1260	1260	1260	2
9612	ラックランド	2150	2150	2150	2150	0.1
9613	ＮＴＴデータ	1890000	1900000	1870000	1900000	8.107
9614	ベルシス24	93400	94900	91300	94400	13.75
9615	東京美装	852	856	850	850	13
9616	共立メンテ	3390	3400	3310	3400	7.2
9618	エームサービス	1299	1299	1270	1270	6
9619	イチネン	930	930	930	930	0.5
9620	スクウェア	14800	14900	13500	14000	59.7
9621	建設技研	604	604	550	570	33
9622	スペース	450	450	440	440	14.1
9623	キヤノンソフ	770	770	770	770	2
9624	長大	571	575	560	560	19.5
9625	セレスポ	241	241	220	220	6
9626	日本技開	230	240	230	240	4
9627	アインファマ	1800	1800	1760	1760	8
9628	燦ＨＤ	3840	3840	3800	3800	7.9
9629	ＰＣＡ	5000	5200	5000	5190	24
9630	アップ	462	470	462	463	2
9631	東急レク	570	570	565	565	8
9632	スバル	360	364	355	364	3
9633	テアトル	184	185	183	185	47
9634	修学社	751	775	705	740	119
9635	武蔵野	0	0	0	0	0
9636	きんえい	330	330	330	330	2
9637	オーエス	800	800	800	800	1
9638	情報技術	1230	1240	1230	1240	2
9639	三協フロンテ	380	380	365	365	12
9640	セゾン情報	916	930	916	921	4
9641	サコス	183	183	180	180	11.7
9642	コマスタ	0	0	0	0	0
9643	中日興	0	0	0	0	0
9644	タナベ経営	990	1090	950	1090	290.1
9645	ダイヤモンドコン	2070	2080	2060	2075	20
9646	タイトー	129000	129000	121000	123000	0.144
9647	協和コンサル	295	305	295	300	16
9648	ウエスコ	365	365	336	352	15.8
9649	明電エンジニア	627	627	601	615	9.7
9650	テクモ	3400	3440	3330	3350	98.4
9651	日本プロセス	870	870	870	870	1
9652	日本医療	2990	2990	2800	2800	9
9653	ＳＢＩパートナ	2660	2790	2500	2500	30
9654	コーエー	5050	5600	5020	5500	149.9
9656	三井ランド	600	600	600	600	4
9657	コムテック	0	0	0	0	0
9658	ビジ太田昭	1190	1200	1110	1180	19
9660	ＣＲＣソリュ	2700	2700	2420	2450	5
9661	歌舞伎	3790	3800	3780	3790	7
9662	アイフル	620	630	615	615	11
9663	ナガワ	790	800	775	775	10
9664	御園座	980	1000	980	1000	9
9665	吉本興	1460	1460	1420	1456	32
9667	ホリプロ	1151	1210	1111	1111	20
9668	相鉄企業	0	0	0	0	0
9669	オークネット	4800	5000	4720	5000	16
9671	よみランド	311	316	306	309	35
9672	東競馬	140	145	140	140	235
9673	甲子園土地	90	90	90	90	1
9674	花月園	215	215	215	215	5
9675	常磐興	141	141	139	140	83
9676	松戸公産	476	491	476	491	13
9677	日本ジャンボ	783	785	783	783	4.8
9678	カナモト	878	902	862	889	333
9679	ホウライ	0	0	0	0	0
9680	共成レンテム	730	730	730	730	2
9681	東京ドーム	516	539	516	530	440
9682	ＤＴＳ	8760	8760	8000	8050	22
9684	スク・エニ	9600	9600	9410	9590	39.4
9685	共同コンＨＤ	411	411	395	400	13
9686	東洋テック	500	500	492	492	8
9687	ＫＳＫ	810	850	810	830	4
9689	グリンハウス	1700	1700	1700	1700	1
9691	両毛システム	0	0	0	0	0
9692	シーイーシー	2105	2130	2060	2065	24
9694	日立ソフト	13100	13500	12400	12400	219.8
9695	鴨川グランド	375	375	375	375	1
9696	ウィザス	0	0	0	0	0
9697	カプコン	7750	8010	7610	7800	176.8
9698	クレオ	1620	1620	1560	1560	8
9699	西尾レント	812	812	742	742	163.5
9700	エスアールエル	1460	1500	1440	1500	28
9701	会舘	290	300	290	300	5
9702	アイエスビー	3600	3600	3500	3500	7
9703	ジェネラスコーポ	94	94	91	93	64
9704	東海観	77	85	77	82	1170
9706	日本空港ビル	955	1016	949	1000	102
9707	メデカＪ	1680	1680	1600	1600	32
9708	帝ホテル	0	0	0	0	0
9709	日コンピュタ	770	770	770	770	2
9710	第一ホテ	290	340	280	307	518
9711	日コンシス	470	470	470	470	1
9712	ファイ	1100	1170	1020	1030	300
9713	ロイヤルホ	270	270	265	270	14
9714	ＳＲＡ	2190	2270	2150	2150	5
9715	トランスコス	38200	39300	34900	34900	169.8
9716	乃村工芸社	370	370	348	348	7
9717	ジャステック	3490	3490	3300	3300	16
9718	国際観光会館	0	0	0	0	0
9719	住商情報	6090	6330	6090	6300	123
9720	グランド	0	0	0	0	0
9722	藤田観	615	615	595	606	62
9724	新阪急ホテル	224	229	222	222	8
9725	東急ホテル	210	231	207	225	589
9726	近ツーリスト	304	310	304	307	135
9727	東急観光	122	124	118	121	47
9728	日本管財	2000	2000	1990	2000	16
9729	トーカイ	0	0	0	0	0
9730	ワオコーポ	391	391	391	391	1
9731	白洋舎	296	296	296	296	2
9732	東映ラボ	236	240	231	240	3
9733	ナガセ	2090	2180	2090	2180	3
9734	精養軒	0	0	0	0	0
9735	セコム	9040	9040	8750	8750	565
9736	白青舎	172	172	172	172	1
9737	ＣＳＫ	6380	6450	5410	5520	663.3
9738	インテック	3800	3900	3660	3700	90
9739	ＮＳＷ	9780	9790	9450	9450	6
9740	ＣＳＰ	621	621	621	621	9
9741	日立情報	5470	5470	5300	5470	124
9742	アイネス	2185	2250	2185	2240	234
9743	丹青社	700	700	698	700	27
9744	メイテック	3080	3150	3020	3100	163.5
9746	ＴＫＣ	2705	2800	2700	2700	37.1
9747	アサツーＤＫ	5670	5700	5470	5670	100.5
9748	ＮＪＫ	850	855	830	830	20
9749	富士ソフト	6590	6590	6340	6350	46.5
9750	ソラン	2655	2670	2600	2600	102
9751	ＴＩＳ	7000	7000	6690	6990	55
9752	ナムコ	5640	5650	5260	5440	185.1
9753	ＩＸナレッジ	860	860	850	851	6
9755	応用地質	1340	1340	1250	1250	52.4
9756	ＡＳＫ	880	890	840	850	23
9757	船井研	1001	1001	1001	1001	3
9758	ジシステム	1050	1090	1000	1000	35
9759	日システムデ	13650	13750	12890	12930	38
9760	進学会	330	330	330	330	5
9761	東海リース	191	197	191	197	15
9762	大和リース	275	287	275	285	865
9763	丸紅リ	200	203	188	203	63
9764	技研興	220	220	201	218	8
9765	オオバ	170	170	170	170	5
9766	コナミ	16200	16200	15050	15200	281.5
9767	日建工学	269	270	269	270	4
9768	国土環境	920	1000	920	1000	7
9769	学究社	0	0	0	0	0
9776	札臨	0	0	0	0	0
9777	日電計算	3080	3150	3020	3080	12.8
9778	昴	0	0	0	0	0
9779	メフォス	1100	1100	1100	1100	3
9780	ビステム	0	0	0	0	0
9781	石川島汎サ	0	0	0	0	0
9782	ＤＭＳ	1250	1260	1230	1230	5
9783	ベネッセ	18980	19150	18850	18870	71.6
9784	日工検	0	0	0	0	0
9785	大新東	320	320	320	320	2
9786	キャッツ	1651	1680	1650	1651	34
9787	Ｊメンテ	1009	1009	982	1004	8.3
9788	ナック	1093	1093	1050	1056	15.8
9789	栄光	416	417	411	411	5
9790	福井コン	720	720	690	700	7
9791	ビケンテクノ	880	880	860	865	4
9792	ニチイ学館	14510	14700	14000	14000	32.8
9793	ダイセキ	2100	2110	2000	2000	40.6
9794	カラカミ観光	1050	1050	1050	1050	3
9795	ステップ	829	829	790	790	2
9796	ダイテック	1500	1500	1490	1500	2.8
9797	大日本コン	270	270	270	270	1
9798	シダックス	2850	3100	2850	2900	8.8
9799	旭情報	1600	1600	1570	1570	8
9810	日鉄商	118	118	110	110	12
9811	アスティス	0	0	0	0	0
9812	テーオー	0	0	0	0	0
9813	トッキ	3000	3000	2700	2700	9
9814	アシックス商	700	700	700	700	3
9815	カテナ	917	925	870	870	77
9816	バーテックス	771	780	765	765	7
9817	ゴトー	1030	1030	1030	1030	5
9818	大丸エナ	700	700	700	700	1
9820	エムティＧ	215	215	215	215	7
9821	日アムウ	850	850	840	840	2.5
9822	なが多	97	98	69	82	2418
9823	マミーマート	1200	1200	1200	1200	4.5
9824	泉州電	651	651	650	650	7
9825	アズウェル	405	430	405	412	8.5
9826	ＪＥＵＧＩＡ	210	210	200	200	7
9827	リリカラ	185	199	185	195	32
9828	元気寿司	1101	1101	1101	1101	3
9829	ながの東急	0	0	0	0	0
9830	トラスコ中山	1292	1292	1273	1288	25
9831	ヤマダ電	9260	9350	9210	9300	35
9832	オートバクス	3010	3020	2900	2950	47
9833	エルクコーポ	705	705	705	705	2
9834	リオチェン	500	500	400	400	0.3
9835	ジュンテン	0	0	0	0	0
9836	リーバイス	689	690	655	655	23
9837	モリト	500	500	490	490	16
9838	トラベラー	0	0	0	0	0
9839	ゲッツブラザーズ	500	500	500	500	5.5
9840	ホーマック	2290	2290	2170	2185	12.7
9841	ＢＭＢ	510	515	490	490	143
9842	アークランド	1210	1220	1210	1220	41
9844	ユーエスシー	1520	1580	1510	1580	34
9845	パーカー	295	295	288	288	2
9846	天満屋ス	850	850	850	850	1.1
9847	ソリスト	420	421	401	401	9
9848	トヨタカローラ岐阜	970	970	970	970	1
9849	河内屋紙	0	0	0	0	0
9850	グルメ杵屋	695	700	695	700	18
9852	中央物産	300	300	291	291	4
9853	銀座ルノア	0	0	0	0	0
9854	愛眼	1120	1150	1119	1145	12.9
9855	くろがねや	455	455	443	443	5
9856	ケーユー	770	770	759	769	8.9
9857	英和	330	340	330	340	7
9858	明光商会	2150	2160	2000	2010	10.2
9859	ユーストア	0	0	0	0	0
9860	岐阜日野	0	0	0	0	0
9861	吉野家ディー	1800000	1810000	1800000	1800000	0.034
9862	メモレックス・テレ	380	388	380	386	17
9863	靴のマルトミ	145	170	145	169	13
9864	ナカイ	380	385	380	385	4
9865	日商エレク	4810	4810	4310	4360	54
9867	ソレキア	830	850	820	830	38
9868	トリイ	0	0	0	0	0
9869	加藤産	661	661	660	660	4
9870	ハナテン	1800	1860	1800	1860	0.9
9871	イトーキ	211	211	211	211	1
9872	北恵	196	196	196	196	1
9873	ケンタッキー	1100	1100	1080	1095	11
9875	マツモトキヨ	8800	8800	8660	8700	53.6
9876	コックス	509	509	509	509	3
9877	マルフル	0	0	0	0	0
9878	セキド	570	570	560	560	5
9879	フタタ	159	159	152	152	9
9880	イノテック	5940	5940	5550	5550	42.9
9882	イエロハット	942	942	930	930	25.9
9883	富士エレ	2040	2050	2000	2000	4
9884	都築電産	1080	1113	1080	1080	8
9885	シャルレ	737	770	736	750	10
9887	松屋フーズ	2955	3050	2950	3020	31
9888	ＵＥＸ	0	0	0	0	0
9889	ＪＢＣＣ	6060	6300	6060	6230	33
9890	マキヤ	1200	1200	1200	1200	1
9892	卑弥呼	990	1030	980	1000	237
9893	ホームワイド	421	421	420	420	18
9894	アトル	0	0	0	0	0
9895	コンセック	300	300	300	300	1
9896	Ｊ建材	520	520	520	520	1
9897	ユニダックス	700	725	700	720	31
9898	サハダイヤ	500	500	440	470	1449
9899	サンデサン	0	0	0	0	0
9900	サガミ	700	701	698	699	25
9901	宮	940	940	940	940	1
9902	日伝	1400	1450	1400	1450	7
9903	カンセキ	119	119	112	112	10
9904	ベリテ	220	220	211	211	7
9905	コージツ	0	0	0	0	0
9906	藤井産業	0	0	0	0	0
9907	大電社	752	752	751	751	2
9908	日本電計	581	600	581	600	2
9909	愛光電気	255	255	255	255	2
9911	真電	0	0	0	0	0
9912	ダイワボ情	1760	1760	1660	1670	66.5
9913	日邦産業	340	340	340	340	1
9914	植松商会	310	310	310	310	3
9915	アサヒビールＳ	0	0	0	0	0
9916	バイタルＮ	620	620	614	620	3.7
9917	マツモト電器	0	0	0	0	0
9918	ダイワラクダ	394	394	394	394	4
9919	関西スーパ	610	610	610	610	3
9920	シービーエム	1500	1510	1500	1510	0.2
9921	ギガス	509	509	500	507	6
9922	日立機材	660	660	640	640	5.5
9923	ダイトーエム	425	425	425	425	1
9924	ドミー	0	0	0	0	0
9925	北の家族	1150	1160	1150	1160	2
9926	ダイカ	370	380	370	380	3
9927	ワットマン	370	370	370	370	1
9928	ミロク情報	1711	1711	1640	1690	12.5
9929	平和紙業	470	475	470	475	9
9930	北沢産	245	247	245	246	12
9931	家族亭	663	690	663	690	2
9932	杉本商	478	478	478	478	3.5
9934	因幡電産	1120	1140	1100	1120	24.1
9935	あずみ	285	294	285	294	2
9936	王将フード	1471	1499	1471	1486	11
9937	セシール	3600	3630	3570	3600	40.8
9938	住金物産	75	90	75	90	113
9939	すみや	400	400	400	400	3
9940	クラヤ薬	1190	1193	1180	1189	81.8
9941	太洋物産	180	180	177	177	2
9943	ココス	610	610	600	600	4
9944	インパクト	1621	1700	1580	1695	9.4
9945	プレナス	5500	5600	5450	5450	27
9946	ミニストップ	2430	2430	2380	2400	24.1
9947	シムリー	1250	1250	1210	1249	12.6
9948	アークス	1390	1390	1300	1310	11
9949	タイヨー	2320	2400	2320	2400	15
9950	ハチバン	0	0	0	0	0
9951	カーマ	520	520	515	515	32.1
9952	ドトール	8800	8800	8400	8400	15.2
9953	ダイキ	1360	1360	1351	1360	6.9
9954	東京小僧寿し	601	601	601	601	5
9955	ヨンキュウ	2430	2530	2430	2500	7.1
9956	バロー	1400	1400	1400	1400	7
9957	バイテック	1790	1850	1790	1850	14
9958	サリ	340	380	340	380	22
9959	アシード	880	900	880	900	26
9960	東テク	440	440	440	440	1
9961	エムオーテック	175	175	175	175	4
9962	駿河製機	12400	12400	11990	12000	22.8
9963	江守商事	0	0	0	0	0
9964	アイ・テック	780	780	780	780	1
9965	福原	0	0	0	0	0
9966	藤久	2210	2220	2200	2200	1.6
9967	堺商事	241	241	241	241	1
9968	イチヤ	200	249	200	249	33
9969	ショクブン	1020	1040	1020	1030	15
9970	東洋オフィス	485	490	485	486	9
9971	カウボーイ	570	580	560	580	35
9972	アルテック	1461	1461	1450	1450	25.8
9973	小僧本部	1100	1100	1070	1070	2
9974	ベルク	890	890	890	890	1
9975	マルヤ	3200	3200	3200	3200	0.3
9976	セキチュー	421	500	421	500	15
9977	アオキスーパ	0	0	0	0	0
9978	文教堂	2850	3000	2850	3000	8
9979	大庄	920	921	897	899	22
9980	マルコ	1090	1100	1050	1099	6.2
9981	ニック産業	0	0	0	0	0
9982	タキヒヨー	0	0	0	0	0
9983	ファストリ	42700	43500	41500	42800	351.8
9984	ソフトバンク	125000	125000	108000	112000	959.3
9985	榮太郎	890	895	890	895	8
9986	蔵王産業	0	0	0	0	0
9987	スズケン	2950	2950	2750	2750	54.9
9988	神港魚類	0	0	0	0	0
9989	サンドラッグ	6540	7000	6500	6750	21
9990	東京デリカ	590	590	590	590	2
9991	ジェコス	388	388	383	384	15
9992	理研グリン	339	339	339	339	2
9993	ヤマザワ	1350	1350	1300	1300	3
9994	やまや	660	670	660	670	0.5
9995	イーストン	880	885	875	880	29
9996	サトー商会	650	650	650	650	1
9997	ベルーナ	2940	2965	2900	2960	11.5
