20000324
1001	日経２２５	19752	20012	19698	19958	75.972
1002	ＴＯＰＩＸ	1653	1658	1634	1641	75.972
1301	極洋	148	154	148	154	395
1319	日経300F	303	306	301	302	1092
1331	ニチロ	175	182	175	182	403
1332	日水	182	182	177	178	1058
1333	マルハ	134	135	129	131	255
1351	宝幸水産	83	86	83	86	20
1352	ホウスイ	95	95	93	93	8
1376	カネコ種	1010	1030	1010	1010	6
1377	サカタタネ	2350	2350	2255	2340	69.2
1378	雪国まいたけ	800	800	753	760	7
1379	ホクト	5040	5100	4860	5100	16.7
1380	秋川牧園	650	650	642	650	4
1491	中外鉱	168	174	163	168	4413
1501	三井鉱山	98	99	91	99	716
1503	住友炭	106	119	106	119	517
1515	日鉄鉱	229	229	224	226	129
1518	三井松島	170	170	160	163	86
1601	帝石	348	358	345	347	937
1603	アラビア石油	452	455	450	451	166.7
1661	ガス開	391	395	385	387	56
1701	昭和鉱	278	278	260	269	25
1702	共立マテリア	253	253	253	253	1
1737	三井エンジ	390	390	376	376	20
1738	ＮＩＴＴＯＨ	415	420	415	420	7
1739	ＳＥＥＤ	460000	460000	445000	445000	0.014
1740	極東工業	441	441	441	441	2
1741	ミサワサンイ	0	0	0	0	0
1742	セコムテクノ	2795	2800	2650	2700	23
1743	コーアツ工業	521	521	521	521	1
1744	キョーエイ	640	650	640	640	3
1745	ミサワホーム東海	0	0	0	0	0
1746	7	445	445	445	445	6
1748	ミサワ北日	335	335	335	335	1
1749	大和通信	275	339	275	301	14
1750	カナック	431	431	430	430	3
1751	日立プラサ	411	411	411	411	1
1752	富士通シス	1430	1430	1380	1400	47
1753	土屋ツバイ	140000	140000	140000	140000	0.007
1754	東新住建	950	980	950	980	3
1755	JFE工建	360	360	356	360	11
1756	和興エンジ	400	400	400	400	7
1757	千年の杜	0	0	0	0	0
1758	太洋基礎	460	460	460	460	1
1759	ジオトップ	270	270	269	269	10
1762	高松建設	1930	1950	1810	1810	10.5
1763	北陸ミサワ	562	562	562	562	1
1764	工藤建設	240	240	240	240	2
1765	イビデンテック	317000	317000	317000	317000	0.002
1766	東建コーポ	1470	1500	1440	1450	27
1767	沖ウィン	530	530	500	500	16
1768	ソネック	0	0	0	0	0
1769	ピコイ	57	60	57	60	10
1770	藤田エンジ	0	0	0	0	0
1772	東北エンタープライズ	495	495	480	480	34
1774	機動建	225	225	225	225	3
1775	富士電Ｅ＆Ｃ	268	290	251	290	18
1776	三井住建道路	0	0	0	0	0
1777	川崎設備	0	0	0	0	0
1778	古河総設	190	190	189	189	11
1779	松本建工	475	475	475	475	1
1780	ヤマウラ	355	355	350	350	6
1781	国土総合	358	359	358	358	11
1782	常磐開発	0	0	0	0	0
1783	南野建設	104	104	104	104	2
1784	サワコー	530	530	520	525	49.9
1785	ナナボシ	0	0	0	0	0
1786	オリ建	442	450	440	443	8.6
1787	ナカボテック	335	335	335	335	1
1788	三東工業	0	0	0	0	0
1789	山加電業	445	445	445	445	1.8
1790	平和奥田	490	500	490	500	3
1791	三井木材	138	138	133	133	45.5
1792	みらい建設Ｇ	205	205	200	200	11
1793	大本組	620	630	620	620	9
1795	マサル	0	0	0	0	0
1796	トヨタウッド	310	330	310	330	4.6
1797	藤木工務店	455	494	439	439	10
1798	守谷商会	0	0	0	0	0
1799	第一建設	240	250	240	250	2
1800	利塚地下技術	260	260	260	260	9
1801	大成建	160	164	159	161	2685
1802	大林組	358	385	355	370	2607
1803	清水建	273	278	271	278	1326
1804	佐藤工業	67	68	65	68	619
1805	飛島建	63	65	60	65	618
1806	ACリアル	58	58	55	58	647
1807	渡辺組	176	176	176	176	3
1808	長谷工	40	40	39	39	3568
1809	富士工	86	90	86	90	40
1810	松井建	310	316	310	311	12
1811	銭高組	285	310	285	310	3
1812	鹿島	274	279	272	279	1471
1813	不動建	151	151	146	150	93
1814	大末建	81	81	79	81	75
1815	鉄建	130	133	128	132	718
1816	安藤建	204	213	204	213	17
1817	勝村建	150	150	147	148	38
1818	日産建設	115	115	100	101	100
1819	太平工	163	166	163	166	74
1820	西松建	371	373	366	372	541
1821	三井住友建	80	82	79	82	108
1822	大豊建	173	174	166	174	63
1823	住友建設	85	89	85	89	273
1824	前田建	295	296	290	295	338
1825	環境建設	130	135	126	132	225
1826	佐田建	152	154	147	152	65
1827	ナカノフドー建	100	100	95	95	39
1828	田辺工業	0	0	0	0	0
1829	大和建設	109	109	109	109	2
1830	共栄冷機工業	249	249	249	249	4
1831	積水ハ北陸	465	478	465	478	3
1833	奥村組	328	340	328	336	314
1834	小田急建	250	270	250	270	17
1835	東鉄工	222	222	215	216	7
1836	大日本土木	138	148	137	139	52
1837	間組	65	69	65	69	347
1838	古久根建設	100	110	100	105	21
1839	真柄建	180	180	172	172	41
1840	土屋ホーム	280	283	280	280	33.4
1841	サンユ	0	0	0	0	0
1842	昭和テクノ	590	590	590	590	5
1844	大盛工業	170	170	165	165	46
1845	森本組	115	124	115	120	14
1846	鈴縫工	0	0	0	0	0
1847	イチケン	129	129	126	126	46
1848	富士ＰＳ	524	533	524	533	3
1850	南海辰村建	84	84	77	78	39
1851	大木建設	195	195	188	192	64
1852	浅沼組	161	165	155	155	70
1853	森組	0	0	0	0	0
1854	新井組	142	146	142	143	21.4
1855	東急建設	70	70	66	68	224
1856	ジェイオー建設	360	360	360	360	4
1857	松村組	129	132	129	130	57
1858	井上工	81	88	65	74	105
1860	戸田建	375	384	375	378	288
1861	熊谷組	70	71	67	71	687
1862	横河工事	326	339	325	339	2.4
1863	テトラ	224	224	217	217	8
1865	青木あすなろ建	133	137	133	137	10
1866	北野建	287	289	282	284	92
1867	植木組	175	175	165	165	3
1868	三井ホーム	385	385	380	384	104
1869	名工建	450	450	450	450	1
1870	矢作建	399	400	399	399	25
1871	ピーエス三菱	425	431	422	427	8.4
1872	アゼル	324	324	300	307	285
1873	東ハウス	450	450	430	430	46
1874	佐藤秀	140	140	140	140	2
1875	青木マリン	280	280	280	280	2
1877	川田建設	0	0	0	0	0
1878	大東建	1680	1680	1650	1670	73.2
1879	新日本建	225	246	225	245	20
1880	スルガコーポ	1300	1300	1300	1300	2
1881	ＮＩＰＰＯ	490	490	485	490	131
1882	東亜道	242	250	241	242	108
1883	前田道	479	490	472	489	182
1884	日道路	163	168	163	165	93
1885	東亜建	147	160	145	157	456
1886	青木建設	48	49	45	49	1083
1888	若築建	152	157	151	155	61
1889	佐伯建	149	150	148	149	23
1890	東洋建	103	105	102	105	450
1892	徳倉建	251	251	248	248	25
1893	五洋建	140	145	138	145	324
1895	大成ロテック	180	181	177	180	56
1896	大林道	410	410	390	400	92
1897	金下建	520	520	515	515	14
1898	世紀東急	88	88	82	86	40
1899	福田組	255	255	252	253	47
1900	白石	167	170	166	170	7
1902	山崎建設	0	0	0	0	0
1904	大成温調	400	400	400	400	29
1905	テノックス	250	250	250	250	6
1906	細田工務	354	360	354	360	3
1907	東北ミサワ	560	560	555	560	2
1908	三平建設	0	0	0	0	0
1909	日本ドライ	323	323	311	311	24
1910	フドウ建研	0	0	0	0	0
1911	住友林	620	623	610	616	166
1912	ミサワセラミ	0	0	0	0	0
1913	旭ホームズ	95	95	94	94	3
1914	日基技	560	576	550	576	93.8
1915	東京ミサワホーム	305	305	305	305	1
1916	日成ビルド	157	157	146	151	158
1917	ニッセキハウス	144	148	140	147	1022
1919	エスバイエル	294	296	290	293	127
1920	殖産住宅相互	101	101	99	100	246
1921	巴	180	185	167	167	24
1922	大成ユーレック	90	90	85	85	32
1923	ミサワホーム	367	367	357	365	99
1924	パナホーム	519	525	516	525	122
1925	大和ハウス	695	723	692	712	1271
1926	ライト	528	534	520	530	159.5
1927	中 部	0	0	0	0	0
1928	積ハウス	881	961	880	930	3289
1929	日特建	197	197	190	190	41
1930	北陸電工	270	270	270	270	2
1931	日本電通	346	346	340	340	19
1932	コミュチュア	540	545	539	540	23
1933	西シス建	295	295	295	295	15
1934	ユアテック	294	299	289	289	49
1935	ＴＴＫ	305	310	305	310	38
1936	シーキューブ	280	288	280	280	71.8
1937	西部電工	312	312	312	312	4
1938	千歳電	239	239	230	238	8
1939	四電工	309	309	301	306	34
1940	つうけん	238	238	225	235	9
1941	中電工	1461	1474	1461	1474	62
1942	関電工	400	404	391	400	311
1943	大明	961	970	956	970	225
1944	きんでん	701	750	701	749	332
1945	東京エネシス	360	371	360	361	6
1946	トーエネク	379	389	363	366	25
1947	日本コムシス	1630	1880	1630	1750	433
1948	弘電社	300	330	300	330	9
1949	住友電設	590	600	583	590	16.9
1950	電設工	309	309	301	302	142
1951	協エクシオ	732	755	732	752	91
1952	新日空調	380	386	356	377	52.2
1953	国際電設	0	0	0	0	0
1954	日工営	195	196	192	196	189
1955	東電通	400	409	395	409	132
1956	日電設	451	461	451	461	39
1957	保安工	0	0	0	0	0
1958	三和エレック	275	285	275	280	15
1959	九電工	294	302	280	290	469
1960	サンテック	303	350	303	348	14
1961	三機工	473	484	467	476	124
1962	エルゴテック	190	200	180	200	19
1963	日揮	265	265	257	258	411
1964	中外炉	286	300	285	292	131
1965	テクノ菱和	425	425	423	423	22.9
1966	高田工	289	290	289	290	6
1967	ヤマト	350	350	340	340	9
1968	太平電	270	280	270	271	114
1969	高砂熱	505	555	505	550	181
1970	日立プラ	247	255	247	255	77
1971	ビルト工	70	70	70	70	4
1972	三晃金	108	108	102	103	38
1973	ＮＥＣシス建	1675	1680	1645	1675	60.8
1974	宮地建設工業	395	403	394	399	33
1975	朝日工	209	214	208	208	58
1976	明星工	152	160	149	149	37
1977	ジェイコス	0	0	0	0	0
1978	アタカ	299	299	291	297	13
1979	大気社	701	701	690	691	27
1980	ダイダン	410	420	410	414	19
1981	協和日成	0	0	0	0	0
1982	日比谷設	512	518	511	512	14
1983	東芝プラ	231	232	221	221	45
1984	三信建	202	202	200	202	26
1985	大和電設	340	340	340	340	2
1986	日商インター	1700	1700	1610	1610	11
1987	ソルコム	294	300	270	270	13
1988	シボンド建	1350	1360	1290	1290	56.7
1989	北陸電話	0	0	0	0	0
1990	東邦建	260	265	250	250	13
1991	都築通技	800	800	800	800	1
1992	神田通機	450	450	440	440	6
1993	ニッタン	189	189	184	184	29
1994	高橋ウォール	351	351	350	350	2
1995	鈴木工務店	0	0	0	0	0
1996	三菱建設	0	0	0	0	0
1997	暁飯島工業	159	162	159	160	4
1998	日本土建	0	0	0	0	0
2001	日本粉	253	260	248	260	460
2002	日清粉	828	850	828	839	338
2003	日東粉	207	210	207	210	8
2004	昭和産	187	195	184	194	188
2006	東福粉	104	114	104	108	29
2007	富士粉	0	0	0	0	0
2008	増田粉	0	0	0	0	0
2009	鳥越粉	385	392	380	392	31
2051	農産工	188	189	187	188	138
2052	協同飼	127	128	125	125	89
2053	中部飼	554	554	554	554	2
2055	日和産	228	249	228	247	19
2056	日配飼	117	118	115	118	58
2057	雪印種	580	600	580	600	11
2102	台糖	231	240	231	239	32
2107	東洋糖	139	141	135	139	37
2108	甜菜糖	178	187	177	184	476
2109	三井糖	188	188	181	183	153
2111	フジ製糖	191	191	191	191	1
2112	塩水糖	369	370	363	365	22
2113	新光糖	0	0	0	0	0
2114	フジ日本精糖	0	0	0	0	0
2116	日新糖	122	123	120	120	42
2201	森永	236	240	231	239	397
2202	明菓	690	720	686	710	767
2204	中村屋	294	294	280	289	34
2205	駿河屋	68	68	67	67	12
2206	グリコ	504	509	502	509	73
2207	名糖産	1021	1021	1000	1000	46
2208	ブルボン	0	0	0	0	0
2209	井村屋	430	430	430	430	2
2211	不二家	264	264	259	260	91
2212	山パン	970	970	930	940	258
2213	ナガサキヤ	72	78	65	78	40
2215	一パン	275	275	270	274	47
2216	カンロ	279	279	272	272	5
2217	モロゾフ	188	188	183	183	31
2219	タカラブネ	112	114	111	112	50
2220	亀田製菓	560	560	519	519	3
2221	岩塚製菓	1000	1000	1000	1000	3
2222	寿製菓	0	0	0	0	0
2224	コモ	2400	2480	2400	2470	18
2261	明乳	686	695	670	675	671
2262	雪印	458	458	446	456	357
2264	森永乳	298	298	291	293	225
2266	六甲バタ	270	270	263	263	4
2267	ヤクルト	950	955	940	949	345
2268	サーティワン	0	0	0	0	0
2281	プリマ	130	131	128	131	184
2282	日ハム	1050	1110	1050	1089	674
2284	伊藤ハ	430	440	427	432	409
2286	林兼	132	136	132	134	83
2287	雪印食品	236	240	236	240	30
2288	丸大食	176	176	172	175	125
2289	相模ハム	630	630	630	630	2
2290	米久	1150	1175	1150	1150	25.5
2291	福留ハ	0	0	0	0	0
2292	ＳＦＯＯＤＳ	718	718	718	718	3
2293	滝沢ハム	0	0	0	0	0
2294	柿安本店	1000	1000	1000	1000	1
2501	サッポロＨＤ	385	425	385	421	1661
2502	アサヒ	1014	1015	1002	1015	1391
2503	キリン	1283	1300	1280	1298	933
2531	宝ＨＤ	2360	2415	2350	2355	973
2533	オエノンＨＤ	270	279	270	279	49
2536	メルシャン	335	350	330	349	467
2538	マルキン忠勇	170	170	163	170	41
2540	養命酒	660	670	660	661	34
2541	ニッカ	265	266	265	266	3
2571	中京コカ	1010	1010	980	986	38
2572	三国コカ	1272	1274	1255	1256	298
2573	北海コカ	0	0	0	0	0
2575	三笠コカ	868	868	850	850	25.1
2576	近畿コカ	1199	1200	1161	1197	69
2577	富士コカ	1048	1050	1044	1046	14
2578	四国コカ	1035	1050	1000	1020	28.3
2579	コカウエスト	3240	3350	3150	3350	87.5
2591	カルピス	526	536	515	515	24
2592	ポッカ	489	490	473	476	81
2593	伊藤園	11210	11400	11090	11240	44
2594	キーコーヒー	1470	1479	1450	1460	15.8
2595	キリンビバ	2200	2200	2155	2190	116
2596	キューサイ	6400	6550	6400	6450	49.2
2597	ユニカフェ	3300	3400	3200	3200	7.4
2598	アサヒ飲料	1050	1050	1002	1002	66
2601	ホーネンコーポ	190	203	190	202	374
2602	日清オイリオ	310	320	309	320	601
2604	吉原製油	245	250	241	241	15
2605	熊沢製油	0	0	0	0	0
2607	不二油	737	740	730	740	91
2608	ボーソー	161	161	161	161	10
2611	摂津油	281	281	281	281	3
2612	かどや製油	850	850	850	850	1
2801	キッコマン	760	780	760	780	567
2802	味の素	1213	1235	1205	1229	1046
2803	丸金醤油	200	240	200	240	9
2804	ブルドック	640	655	640	655	9
2805	エスビー	599	599	599	599	3
2806	ユタカフーズ	1001	1001	1000	1000	2
2808	サンビシ	300	300	300	300	1
2809	キユーピー	738	745	718	726	221
2810	ハウス食品	1650	1650	1535	1595	127
2811	カゴメ	975	980	971	980	77
2812	焼津水化	1650	1690	1649	1650	6
2813	和弘食品	143	143	143	143	1
2814	佐藤食品	0	0	0	0	0
2815	アリアケ	5270	5290	5220	5290	28.6
2816	ダイショー	920	920	920	920	2
2817	ギャバン	501	501	490	490	5
2830	アヲハタ	0	0	0	0	0
2831	はごろも	1475	1480	1455	1455	36
2871	ニチレイ	293	300	293	299	409
2872	セイヒョー	380	380	380	380	1
2873	加ト吉	2230	2230	2195	2200	57
2874	ヨコレイ	521	547	521	547	72
2875	東洋水	775	788	775	788	127
2876	ＪＣコムサ	400	400	400	400	1
2877	日東ベスト	1190	1190	1190	1190	5
2878	赤城水産	410	410	410	410	2
2879	ニチロサンフズ	505	505	500	500	31
2891	酵母工	636	640	630	640	30
2892	日食品	350	350	350	350	5
2893	ローマイヤ	155	155	146	146	4
2894	石井食	295	299	295	295	4
2897	日清食	2240	2240	2200	2200	138.6
2898	ソントン	1040	1040	1040	1040	1
2899	永谷園	990	990	960	963	10
2900	明星食	256	260	240	260	24
2901	石垣食	0	0	0	0	0
2902	太陽化	470	470	470	470	5
2903	シノブフズ	160	160	159	159	16
2904	一正蒲鉾	0	0	0	0	0
2905	オーケー食	115	120	115	120	7
2906	ホッコク	0	0	0	0	0
2907	あじかん	770	790	770	790	2
2908	フジッコ	1840	1879	1757	1770	70
2909	トオカツフズ	300	300	281	285	13
2910	Ｒフィールド	4450	4450	4230	4250	11
2911	旭松食品	780	780	775	775	10
2912	鐘崎	233	233	233	233	1
2913	フジフーズ	255	255	250	250	4
2914	ＪＴ	730000	730000	705000	722000	1.304
2915	ケンコーマヨ	456	533	456	533	3
2916	仙波糖化	355	370	350	350	4
2917	大森屋	720	750	720	740	3
2918	わらべ日洋	1099	1100	1099	1100	9
2920	ケイビー	1160	1220	1150	1200	5
2921	フクシマフズ	790	790	790	790	1
2922	なとり	870	900	870	900	2
3001	片倉	470	474	460	460	17
3002	グンゼ	272	278	269	276	985
3003	昭栄	994	994	983	990	8
3004	神栄	135	135	131	131	11
3007	神戸生絲	58	58	57	57	23
3009	川島織	111	111	106	108	116
3010	上毛	920	940	871	920	63
3011	バナーズ	90	99	90	99	2
3101	東洋紡	155	161	155	158	1636
3102	カネボウ	180	183	178	183	593
3103	ユニチカ	75	79	75	79	442
3104	富士紡Ｈ	102	110	99	105	479
3105	日清紡	499	522	499	517	847
3106	クラボウ	150	151	148	148	432
3107	ダイワボウ	106	109	104	104	36
3109	シキボウ	76	76	75	75	115
3110	日東紡	139	144	135	143	1371
3111	オーミケン	66	66	66	66	4
3113	ＢＳＬ	72	73	72	73	22
3114	同興紡	105	109	105	108	46
3115	テザック	63	67	62	63	67
3116	トヨタ紡織	780	790	775	780	29
3117	興和紡	0	0	0	0	0
3121	アセットイン	0	0	0	0	0
3123	サイボー	585	585	585	585	1
3125	内外綿	62	62	62	62	1
3128	テラボウ	0	0	0	0	0
3129	ファブリカＴ	0	0	0	0	0
3201	日毛	383	383	375	381	107
3202	大東紡	102	102	100	100	13
3203	東亜紡織	93	93	90	90	70
3205	ダイドー	204	204	202	202	93
3206	南海毛糸紡績	100	100	95	95	9
3207	中央毛	158	159	158	158	13
3209	カネヨウ	131	132	131	132	7
3211	太陽毛絲紡	120	120	120	120	4
3216	御幸ＨＤ	407	407	403	407	24
3302	帝繊維	184	184	178	184	10
3304	トスコ	147	170	145	170	111
3306	日本麻	64	70	64	70	26
3401	帝人	450	460	440	458	1253
3402	東レ	363	375	360	370	2700
3403	東邦テナ	183	190	180	190	352
3404	三菱レ	260	263	254	263	1039
3405	クラレ	1004	1020	1003	1018	1272
3407	旭化成	667	694	655	694	2531
3408	サカイオーベ	95	95	83	83	143
3409	北日紡	158	158	158	158	1
3411	オートリ	171	171	169	169	52
3420	ケーエフシー	0	0	0	0	0
3421	稲葉製作	995	1010	995	1010	12.7
3422	丸順	0	0	0	0	0
3423	エスイー	695	695	695	695	2
3501	住江織	125	130	125	130	48
3503	東和織	0	0	0	0	0
3512	フエルト	275	279	265	265	34
3513	イチカワ	170	174	170	173	22
3514	バイリーン	203	204	200	204	35
3515	フジコー	0	0	0	0	0
3521	エコナック	115	115	107	107	60
3524	日東網	101	101	100	101	33
3526	芦森工	223	230	223	230	72
3528	グローベルス	104	109	103	109	50
3529	アツギ	112	115	111	111	226
3532	堀田産	75	79	70	70	6
3533	ダイオ化成	550	630	550	630	10
3534	ＮＢＣ	930	930	920	920	2
3551	ダイニック	177	177	170	171	61
3552	洋クロス	163	163	152	162	12
3553	共和レ	494	494	480	480	6
3569	セーレン	271	271	255	255	176
3570	オリカキャピ	130	130	117	124	46
3571	ソトー	0	0	0	0	0
3572	大同マルタ	63	63	63	63	6
3576	カンボウ	0	0	0	0	0
3577	東海染	135	136	133	134	36
3578	倉庫精	124	124	124	124	1
3580	小松精	370	370	370	370	3
3581	岐セン	0	0	0	0	0
3583	オーベクス	0	0	0	0	0
3584	福助	160	161	158	159	38
3585	トムスエンタ	544	550	495	495	260
3587	ＩＢダイワ	439	439	410	410	108
3588	丸山工	0	0	0	0	0
3591	ワコール	940	948	940	945	276
3592	ＣＨＯＹＡ	215	220	215	220	4
3593	ホギメデ	7250	7250	7100	7250	19.9
3594	モリシタ	680	680	680	680	82
3595	ヤギコーポ	0	0	0	0	0
3596	ワールド	10700	10740	10500	10680	29.1
3597	自重堂	0	0	0	0	0
3598	山喜	300	300	300	300	5
3599	コーコス	0	0	0	0	0
3600	フジックス	439	439	439	439	1
3601	ニチメンイン	1600	1600	1580	1580	6.5
3602	イタリヤード	240	240	240	240	1
3603	チャッコット	635	640	635	640	4
3706	東海パ	399	407	399	403	14
3861	王子紙	640	668	635	667	1718
3863	日本製紙	650	678	637	674	2053
3864	三菱紙	147	155	146	153	631
3865	北越紙	785	819	783	817	1079
3868	高崎三興	80	80	79	80	106
3869	日本板紙	300	300	274	276	127
3870	日本加工製紙	71	72	70	72	56
3871	大昭和紙	560	560	520	523	77
3872	三島紙	178	178	178	178	1
3877	中越パ	170	170	166	166	162
3878	巴川紙	460	464	445	446	51
3880	大王紙	760	769	757	757	33
3881	特種紙	399	404	399	400	131
3882	紀州紙	170	170	170	170	17
3886	チューエツ	94	94	93	93	6
3887	中央板紙	95	99	95	96	27
3889	大平製紙	98	98	98	98	1
3890	ゼネＫＫ	690	717	690	717	6
3891	高度紙	1700	1700	1670	1670	6
3941	レンゴー	530	536	528	534	831
3944	古林紙	139	139	130	130	6
3945	スパバッグ	188	188	185	185	3
3946	トーモク	198	199	196	197	30
3947	ダイナパック	410	410	410	410	2
3948	光ビジネス	701	701	700	700	5
3949	日本ハイパック	324	325	310	310	98
3950	ザ・パック	801	802	801	802	5
3951	朝日印刷	830	840	830	840	6
3952	中央紙器	306	315	306	315	8
3953	大村紙業	410	410	410	410	1
3954	昭和パックス	520	520	520	520	2
3971	東セロ	290	295	285	290	51
4003	コープケミ	100	102	97	102	47
4004	昭電工	135	141	134	141	2286
4005	住友化学	495	530	492	515	4351
4006	チッソ 	14	22	14	22	2325
4007	日化成	149	149	143	145	49
4008	住友精化	264	280	264	279	116
4010	三菱化学	405	428	402	416	3090
4021	日産化	580	589	572	580	449
4022	ラサ工	340	365	340	365	415
4023	呉羽化	272	280	272	280	246
4025	多木化	380	380	360	360	45
4026	神島化	301	301	299	299	2
4027	テイカ	250	259	247	248	59
4028	石原産	195	197	190	197	752
4031	チッカリン	430	430	405	410	20
4032	日東バイオン	210	211	208	208	12
4033	日東エフシー	0	0	0	0	0
4041	日曹達	280	289	277	287	459
4042	東ソー	472	506	470	504	2422
4043	トクヤマ	480	487	465	487	668
4044	セ硝子	243	259	243	247	1432
4045	東合成	180	182	176	182	902
4046	ダイソー	198	199	194	198	14
4047	関電化	357	361	351	355	244
4050	鶴見曹達	384	384	375	375	6
4061	電化	376	390	370	385	3331
4062	イビデン	1375	1399	1340	1350	192
4063	信越化	6170	6330	5900	6130	1417
4064	カーバイド	170	183	168	182	410
4065	紀文フ	399	400	391	396	13
4077	富士チタン工業	560	563	541	563	29
4078	堺化学	784	784	755	760	90
4079	ハクスイテック	0	0	0	0	0
4080	田中化研	5800	6000	5600	5600	23
4086	日本エア・リキード	305	305	292	305	102
4088	エアウォータ	275	281	275	276	116
4089	大阪酸素工業	175	178	173	173	37
4091	大陽日酸	280	284	279	284	222
4092	日本化	296	316	285	302	462
4093	アセチレン	89	89	85	85	12
4094	日化産	340	340	340	340	1
4095	パーカライ	308	315	308	315	76
4096	昭炭酸	312	312	293	295	13
4097	高圧ガス	300	305	299	305	23
4098	チタン	150	155	143	146	25
4099	四国化	336	336	326	334	18
4100	戸田工	431	431	421	421	29
4101	日興酸素	180	180	180	180	2
4102	丸尾カル	215	215	212	212	3
4103	大陽東洋酸素	191	194	185	189	178
4104	タテホ	199	199	187	190	19
4105	メルテックス	750	800	750	750	4
4106	ケムキャット	1180	1180	1180	1180	2
4107	伊勢化	364	364	340	340	7
4108	共同酸素	165	165	159	165	3
4109	ステラケミ	8700	9220	8700	9000	54
4112	保土谷	169	170	165	170	61
4113	田岡化	275	279	275	279	9
4114	日触媒	440	445	428	431	236
4115	本州化	631	631	630	630	6
4116	大日精	390	390	384	390	54
4117	川崎化	143	143	138	138	16
4118	カネカ	1291	1326	1290	1309	387
4119	ピグメント	230	230	225	230	27
4120	スガイ	0	0	0	0	0
4123	山化成	950	951	941	941	11
4151	協発酵	1136	1143	1124	1135	1088
4182	菱ガス化	235	237	227	237	872
4183	三井化学	680	690	661	670	1089
4185	ＪＳＲ	830	830	786	790	345
4186	東応化	2210	2220	2170	2200	160.9
4187	大有機	651	651	620	620	10
4201	日合成	179	188	178	188	347
4202	ダイセル	341	342	317	320	1740
4203	住友ベ	1090	1090	1040	1059	817
4204	積水化	320	323	315	318	1644
4205	ゼオン	561	562	546	554	570
4206	アイカ	750	754	736	754	129
4208	宇部興	225	237	221	237	1936
4209	フドー	105	105	105	105	1
4210	東洋化学	440	457	440	455	188
4212	積水樹	370	370	361	361	52
4213	菱樹脂	156	169	152	161	363
4214	高分子	345	380	344	365	723
4215	タキロン	428	432	420	432	202
4216	旭有機	296	307	296	307	120
4217	日立化	2400	2400	2315	2355	179
4218	ニチバン	400	401	391	392	40
4219	プラス・テク	123	123	123	123	1
4220	リケンテクノ	322	329	315	329	231
4221	大倉工	360	365	355	364	110
4222	児玉化	81	82	80	82	9
4224	ロンシール	82	82	81	81	10
4225	筒中	285	285	280	281	43
4226	テスコ	265	280	265	280	4
4227	郡是高分子	0	0	0	0	0
4228	積化成	184	188	184	188	43
4229	群栄化	156	159	155	157	59
4231	タイガポリ	570	570	560	560	4
4232	東芝ケミカル	340	360	340	355	70
4233	ワコー	621	650	620	630	12
4271	カーリット	769	769	760	760	11
4272	日化薬	554	560	535	560	441
4274	細火工	220	220	220	220	2
4361	川口化	155	155	155	155	2
4362	日精化	408	408	400	406	26
4363	新日鐵化学	187	188	170	170	351
4364	マナック	0	0	0	0	0
4365	松本油脂	1920	1920	1920	1920	1
4366	ダイトーケミ	900	900	891	891	3
4367	広栄化学	340	350	340	350	8
4401	旭電化	820	840	817	837	570
4403	日油脂	274	280	273	276	515
4404	ミヨシ	255	275	254	274	414
4406	日理化	570	590	570	590	26
4409	東邦化	200	200	200	200	19
4410	ハリマ化成	404	405	390	391	41
4452	花王	3050	3080	3030	3080	1068
4461	一工薬	350	380	350	360	36
4462	石原薬品	945	945	940	945	3
4463	日華化学	280	300	280	300	4
4471	三洋化	1050	1060	1020	1046	278
4501	三共	2330	2420	2300	2375	1849
4502	武田	6950	7360	6940	7360	5560
4503	アステラス薬	5410	5700	5360	5600	1133
4505	第一製薬	1565	1583	1561	1575	374
4506	大日薬	829	860	829	848	463
4507	塩野義	1850	1930	1850	1918	843
4508	田辺薬	650	659	641	656	583
4509	三菱ウェルファーマ	1500	1510	1480	1505	379
4511	藤沢薬品	3260	3450	3260	3450	1364
4512	わかもと	510	510	495	501	28
4514	帝臓器	810	830	810	820	24
4515	萬有製薬	1820	1850	1817	1850	400
4516	日新薬	695	698	680	691	57
4517	ビオフェル	931	950	931	950	10.5
4518	富山化	458	463	451	451	131
4519	中外薬	1849	2080	1830	1910	2181
4520	和光堂	3590	3590	3560	3560	0.6
4521	科研薬	629	630	617	622	69
4523	エーザイ	2600	2690	2580	2615	1420
4524	仁丹	851	862	851	861	9
4526	理ビタ	1363	1435	1363	1400	17
4527	ロート	790	803	790	800	40
4528	小野薬	3340	3400	3260	3340	124
4529	日研化	416	420	409	420	72
4530	久光薬	1495	1510	1485	1510	70
4531	有機薬	480	515	470	515	35
4534	持田薬	629	629	618	622	92
4535	大正薬	3210	3350	3200	3290	1309
4536	参天薬	2040	2090	2040	2070	194
4537	エスエス	1250	1250	1223	1245	109
4538	扶桑薬	575	590	571	575	81
4539	ケミファ	260	265	260	263	23
4540	ツムラ	397	397	376	388	82
4541	日医工	179	182	178	182	5
4542	三笠薬	411	411	410	410	9
4543	テルモ	2895	2895	2850	2870	307
4544	みらかＨＤ	590	590	578	590	36
4545	国際試薬	366	400	366	400	19
4546	北陸製薬	830	840	810	817	48
4547	キッセイ	1580	1600	1520	1593	170
4548	生化学	1580	1640	1580	1630	18
4549	栄研化	1369	1380	1320	1380	20
4550	日水薬	720	749	710	720	8
4551	鳥居薬	2395	2440	2395	2420	29
4552	日本ケミカル	881	910	880	890	16
4553	東和薬品	995	1030	995	1030	12
4554	富士製薬	410	425	405	405	35
4555	沢井製薬	1360	1380	1340	1350	3.5
4556	カイノス	860	960	860	940	70
4557	医学生物	9700	9700	8000	9000	44
4558	中京医薬	1800	1800	1800	1800	1.5
4559	ゼリア新薬	1236	1250	1214	1221	39
4560	キョーリン薬	4700	4800	4600	4750	171
4561	デンカ生研	2450	2480	2410	2480	10
4611	大日塗	175	176	170	174	160
4612	日本ペ	271	283	270	282	292
4613	関西ペ	247	254	246	254	423
4614	トウペ	145	145	142	142	14
4615	神東塗	106	106	106	106	2
4616	川上塗	0	0	0	0	0
4617	中国塗	240	240	230	231	94
4619	日特塗	251	257	250	251	37
4620	藤倉化	502	510	500	500	34
4621	ロック	0	0	0	0	0
4622	ユニペイン	0	0	0	0	0
4623	アサヒペン	310	320	310	312	7
4624	イサム	0	0	0	0	0
4625	アトミクス	330	340	295	295	17
4626	太陽インキ	9090	9110	8900	9000	6.5
4627	ナトコ	1150	1150	1120	1120	5
4628	エスケー化研	2300	2340	2190	2200	6
4629	大伸化学	430	430	430	430	2
4631	インキ	419	420	398	400	624
4633	サカタＩＮＸ	266	266	261	265	35
4634	洋インキ	192	194	191	194	485
4635	東インキ	250	250	250	250	3
4636	Ｔ＆Ｋ	3600	3600	3500	3520	6.6
4640	アンドール	600	600	560	560	4
4641	アルプス技	0	0	0	0	0
4642	オリジナル設	1290	1300	1290	1300	5
4643	コナミスポ	9880	9880	8980	9380	56.5
4644	イマジニア	3310	3500	3250	3470	13
4645	市進	242	260	242	260	10
4646	ジャスフォート	935	950	935	950	1.9
4649	大成	598	598	598	598	3
4650	スガイエンタ	680	690	662	662	1.4
4651	サニックス	10300	10490	9900	9900	68.5
4652	ウッドランド	6400	6860	6400	6800	26
4653	ダイオーズ	940	940	940	940	1
4654	ニチゾウテク	395	396	395	396	7
4655	ＮＯＶＡ	970	985	950	960	30
4656	サン・ライフ	3150	3150	3100	3150	3.6
4657	環境管理	1280	1280	1280	1280	1
4658	日本空調	987	987	987	987	1
4659	エイジス	1800	1800	1800	1800	8
4660	ニッポン放送	13240	13240	12500	12560	35
4661	ＯＬＣ	11400	11400	10900	11060	101
4662	フォーカス	5000	5000	4800	4840	40
4663	ＡＴＬ	1680000	1700000	1600000	1620000	0.044
4664	ＲＳＣ	0	0	0	0	0
4666	パーク２４	11800	12000	10800	10900	20.6
4667	アイサンテク	385	395	385	395	5
4668	明光ネット	420	440	420	440	11
4669	ニッパンＲ	345	349	345	345	6
4670	セタ	850	850	820	820	3
4671	ファルコバ	3450	3490	3150	3200	43
4672	ベルックス	0	0	0	0	0
4673	川崎地質	422	480	422	480	6
4674	クレスコ	12300	12300	11800	11900	7.5
4675	エヌエス環境	0	0	0	0	0
4676	フジテレビ	1760000	1810000	1710000	1750000	1.595
4677	デザイ	1130	1140	1050	1050	47
4678	秀英	1340	1350	1340	1350	2
4679	田谷	1902	1930	1900	1900	6
4680	ラウンドワン	605000	620000	603000	605000	0.575
4681	リゾートトラ	2980	2980	2900	2910	21
4682	電通テック	15600	15600	15000	15100	4.1
4683	堀内カラー	0	0	0	0	0
4684	オービック	74000	74500	69000	69100	12.3
4685	菱友システム	689	690	662	662	13
4686	ジャスト	8000	8000	7150	7510	48.2
4687	ＴＤＣソフト	4500	4600	4500	4500	3.2
4688	日本ドレーク	38000	38000	37500	37800	9.9
4689	ヤフー	134400000	134400000	127400000	127400000	0.007
4690	日パレット	0	0	0	0	0
4692	アルゴ２１	4500	4550	4350	4400	22
4694	ＢＭＬ	5050	5300	5000	5100	18
4695	マイスター	820	820	820	820	3
4696	ワタベ	1180	1190	1140	1140	5
4697	ゼロ	5400000	5800000	4900000	4900000	0.092
4699	ウチダエスコ	0	0	0	0	0
4700	アクセス	17400000	17700000	17300000	17400000	0.052
4701	プレック研	721	750	721	750	3
4702	55ステーション	681	700	681	700	3
4703	住商オート	900	900	860	870	165
4704	トレンド	20300	20600	18500	18900	389
4705	クリップ	316	316	316	316	2
4706	富士通サポート	0	0	0	0	0
4707	キタック	500	500	500	500	1
4708	もしもしＨＬ	18000	18000	16400	16700	7.4
4709	ＩＤ	1510	1510	1450	1450	26
4710	ウィン	399	399	399	399	2
4711	コミュニティ	1569	1580	1540	1562	29.7
4712	アドアーズ	510	510	510	510	4
4713	日信電サ	0	0	0	0	0
4714	リソー教育	277000	280000	270000	275000	0.039
4715	クリエイティブ	409	415	409	415	9
4716	日本オラクル	93100	95300	88000	89000	123.5
4717	ソデッソジャパン	4660	4660	4580	4600	9
4718	早稲アカ	520	525	501	525	19
4719	アルファシス	26000	26000	25000	26000	7.4
4720	城南進研	775	800	735	755	66
4721	フジスタッフ	6900	6900	6500	6500	8
4722	フューチャー	36000000	36000000	31100000	31600000	0.017
4723	グッドウィル	5700000	5700000	4980000	5500000	0.245
4724	シチエ	1000	1010	1000	1010	7
4725	ＣＡＣ	5700	5800	5500	5540	19
4726	ソフトバンテク	146000	146000	130000	130000	7
4727	アジアＳ総研	6450	6450	6100	6100	1.7
4728	トーセ	9500	10130	9500	9990	6.7
4729	コナミスタジオ	6830000	6830000	6500000	6500000	0.008
4730	関西メンテ	850	850	805	830	6
4731	ユニバホーム	2410000	2410000	2380000	2410000	0.013
4732	ＵＳＳ	4030	4030	3800	3800	52
4733	ＯＢＣ	65000	65000	60000	62000	13
4734	ビーイング	2650	2650	2400	2500	45
4735	京進	0	0	0	0	0
4736	日本ラッド	2700	2700	2460	2460	6
4737	シダックス	1800	1800	1730	1730	8
4738	日立ビジネス	2850	2850	2660	2850	59
4739	ＣＴＣ	109000	111000	98000	98000	113.7
4740	ニューディル	4800000	4800000	4000000	4000000	0.027
4741	ＩＲＩ	0	0	0	0	0
4743	アイティフォ	9060	9060	8500	8500	7
4744	メッツ	9400000	9400000	8400000	8700000	0.028
4745	東京個別	6000	6800	6000	6500	31
4746	東計電算	2125	2160	2100	2140	46
4747	Ｃフィッシュ	27400000	27400000	24400000	26000000	0.083
4748	構造計画	4350	4650	4000	4000	230
4749	アドバックス	839	850	799	799	241
4751	サイバエージ	15000000	15200000	14990000	15200000	0.096
4901	富士写	4820	4950	4770	4850	878
4902	コニカＨＤ	467	469	454	457	860
4911	資生堂	1355	1356	1330	1345	566
4912	ライオン	388	388	381	383	422
4913	サンスター	373	373	365	368	81
4914	高砂香	450	450	421	422	156
4915	エイボンＪ	222	230	220	230	32
4916	ノエビア	1090	1100	1090	1100	3
4917	マンダム	1780	1780	1680	1700	120
4918	アイビー	515	515	515	515	1
4919	ミルボン	7390	7390	7300	7300	25
4920	日本色材	0	0	0	0	0
4921	ファンケル	20500	20500	19400	19400	54.6
4922	コーセー	2800	2800	2640	2740	38
4951	エステー化	561	565	561	565	32
4953	タイホー工業	390	390	390	390	29
4954	マークテック	375	400	375	400	8
4955	アグロカネシ	670	670	650	650	6
4956	コニシ	1150	1159	1130	1150	19.5
4957	ヤスハラケミ	0	0	0	0	0
4958	長谷川香料	1940	1950	1900	1920	9.3
4959	シーシーアイ	670	670	670	670	1
4960	ケミプロ	505	505	500	500	4
4961	日油技研	0	0	0	0	0
4963	星光ＰＭＣ	595	595	595	595	5
4964	星光化学工業	370	370	350	350	1.4
4965	曽田香料	400	400	400	400	5
4966	上村工	1839	1860	1839	1860	8
4967	小林製薬	10900	11000	10800	10900	14
4968	荒川化工	1090	1100	1070	1070	9
4970	東洋合成	1650	1650	1370	1450	159
4987	寺岡製	710	715	710	711	6
4989	イハラケミ	230	232	227	232	63
4990	昭和化	310	310	300	300	14
4992	北興化	370	371	365	366	22
4996	クミアイ化	195	197	190	190	58
4997	日農薬	224	224	217	218	39
4998	フマキラ	213	220	213	219	24
4999	セメダイン	242	242	242	242	11
5001	新日本石油	375	376	359	360	3991
5002	昭和シェル	385	397	382	397	358
5005	東  燃	592	605	587	605	464
5006	興亜石油	315	315	310	314	200
5007	コスモ石	146	148	143	148	675
5008	東亜石	124	124	120	124	121
5009	富士興	75	75	71	73	54
5010	日精蝋	90	90	89	89	3
5011	ニチレキ	451	460	451	460	30
5012	東燃ゼネ石	218	218	213	217	284
5013	ユシロ	475	490	475	480	23
5014	ジャパンエナジー	89	91	88	91	1878
5015	ＢＰカスト	826	832	821	832	14
5101	浜ゴム	280	302	276	290	1388
5102	大機エンジ	244	244	244	244	2
5103	昭ゴム	110	125	110	123	123
5104	日東化工	97	97	97	97	12
5105	洋ゴム	150	164	150	161	424
5106	オーツタイヤ	186	190	186	190	3
5108	ブリヂストン	2285	2295	2200	2280	1030
5110	住友ゴ	550	554	541	554	709
5121	藤ゴム	227	234	227	234	20
5122	オカモト	237	237	226	230	158
5123	ミサワ東洋	130	130	130	130	4
5142	アキレス	178	178	168	170	208
5143	世界長	189	189	178	182	145
5161	西川ゴム	880	880	880	880	2
5162	朝日ラバー	0	0	0	0	0
5184	ニチリン	0	0	0	0	0
5185	フコク	700	700	700	700	4
5186	ニッタ	795	795	753	753	12.4
5187	クリエート	935	935	902	902	2
5188	帝都ゴム	100	100	100	100	1
5189	桜ゴム	0	0	0	0	0
5191	東海ゴ	766	766	740	750	55
5192	三星ベ	267	269	261	264	46
5193	平成ポリマー	110	110	110	110	11
5194	相模ゴ	600	620	600	600	10
5195	バンドー	212	214	211	214	176
5196	鬼ゴム	80	80	73	74	46
5199	不二ラテ	185	185	184	184	5
5201	旭硝子	895	898	852	857	5105
5202	板硝子	1100	1120	1050	1100	1183
5204	石塚硝	182	195	182	195	19
5205	日本無機	369	369	330	345	80
5208	有沢製	2250	2320	2250	2290	9
5210	日山村硝	184	185	180	181	172
5212	不二硝	0	0	0	0	0
5213	芝セラミ	626	629	601	623	694
5214	日電硝	1470	1490	1460	1484	654
5215	旭テクノグラス	830	830	770	780	75
5216	倉元	1850	1860	1800	1800	18.7
5217	テクノクオツ	2600	2600	2550	2550	14
5232	住友大阪	435	435	420	425	1665
5233	太平洋セメ	170	173	165	168	1733
5234	デイ・シイ	150	154	148	148	57
5237	ノザワ	85	90	80	90	40
5261	ミサワリゾ	275	275	260	267	20
5262	日ヒューム	250	252	245	245	35
5266	テイヒュー	0	0	0	0	0
5267	ハネックス	124	124	123	123	10
5268	旭コン	375	375	375	375	3
5269	日コン	105	110	102	110	74
5271	トヨアサノ	125	125	125	125	1
5272	浅野スレ	90	90	90	90	7
5273	三谷セキ	265	265	265	265	3
5274	ゼニパイプ	0	0	0	0	0
5276	石建工	508	509	507	508	8
5277	スパンクリト	350	350	290	305	16
5278	エバタ	0	0	0	0	0
5279	日本興業	0	0	0	0	0
5280	ヨシコン	0	0	0	0	0
5281	旭ダンケ	350	350	350	350	1
5282	ジオスター	999	1020	999	1020	9
5283	高見沢	0	0	0	0	0
5284	ヤマウ	458	460	458	460	4
5285	ヤマックス	300	300	300	300	6
5286	武井工業	0	0	0	0	0
5287	イトヨーギョ	0	0	0	0	0
5301	東海カ	202	207	202	206	449
5302	カーボン	131	139	130	139	428
5304	エスイ−シ−	220	220	219	219	4
5331	ノリタケ	466	489	465	487	440
5332	ＴＯＴＯ	512	539	512	535	682
5333	ガイシ	917	920	901	920	605
5334	特殊陶	1020	1040	1012	1021	513
5336	INAX	538	539	521	537	666
5337	ダントー	340	340	320	327	56
5338	大トー	278	278	278	278	10
5341	アサヒ陶	120	120	120	120	1
5342	ジャニス	0	0	0	0	0
5343	ニッコー	345	345	345	345	4
5344	ＭＡＲＵＷＡ	2810	2850	2770	2850	25.2
5351	白煉瓦	330	352	330	349	400
5352	黒崎	163	165	156	157	133
5355	ルツボ	128	128	125	125	2
5356	美濃窯	215	230	215	230	7
5357	ヨータイ	181	181	181	181	2
5358	イソライト	176	177	170	177	13
5359	ハリマセ	100	100	99	99	29
5361	東海熱	435	438	416	416	57
5362	九州耐	0	0	0	0	0
5363	ＴＹＫ	200	204	186	186	20
5367	ニッカトー	920	920	865	870	21
5382	中央商事	300	300	300	300	1
5383	三共理化	0	0	0	0	0
5384	フジミインコ	4100	4100	3910	4000	4
5386	鶴弥	0	0	0	0	0
5387	チヨダウーテ	715	730	680	730	29
5388	クニミネ	275	275	270	270	9
5389	日レヂボン	335	335	335	335	4
5390	宇部マテリア	171	173	170	173	12
5391	Ａ＆ＡＭ	126	126	108	115	27
5393	ニチアス	175	175	165	169	258
5395	コランダム	150	150	150	150	1
5397	ＭＩＥテクノ	0	0	0	0	0
5398	日研紙	172	172	171	171	2
5401	新日鉄	221	237	219	232	27388
5403	川崎製鉄	158	163	155	159	10675
5404	日本鋼管	61	62	61	62	6651
5405	住金	65	66	63	65	18573
5406	神戸鋼	63	64	61	62	4519
5407	日新鋼	109	112	109	109	2150
5408	中山鋼	138	138	131	132	111
5410	合同鉄	88	91	88	90	307
5423	東京製鉄	264	264	252	262	431.8
5443	東洋製鋼	47	48	45	45	36
5444	大和工	341	351	340	349	115
5445	東京鉄	79	79	75	75	35
5446	北越メ	0	0	0	0	0
5448	東京鋼鉄	68	68	68	68	2
5449	大阪製鉄	455	455	440	450	12.2
5451	淀川鋼	284	292	284	292	185
5453	洋鋼鈑	381	381	368	369	350
5454	日鉄鋼板	195	204	195	196	29
5457	住友鋼管	315	315	303	306	59
5458	高砂鉄	122	123	120	120	9
5461	中部鋼	121	126	120	125	23
5462	日鉄鋼管	119	144	119	144	6
5463	丸一管	1170	1243	1170	1209	165
5464	モリ工	251	251	240	240	29
5471	大同特鋼	176	176	169	173	659
5476	高周波	85	85	75	76	158
5479	日金工	106	114	106	114	342
5480	冶金工	95	97	93	97	595
5481	山陽鋼	149	149	146	147	113
5482	愛知鋼	316	329	307	310	797
5484	東北鋼	480	480	480	480	4
5486	日立金	722	733	718	725	1044
5491	日金属	110	111	106	111	111
5541	大平金	248	249	240	244	662
5542	報国鉄	0	0	0	0	0
5562	日本重化学	139	140	126	131	763
5563	日本電工	184	190	183	190	734
5566	中央電	168	168	165	165	7
5602	栗本鉄	260	265	255	255	9
5603	虹技	155	155	147	147	13
5605	自動鋳	76	79	76	79	8
5606	旭テック	142	142	135	136	89
5607	中可鍛	250	250	250	250	1
5608	川口金	243	246	227	246	9
5609	日鋳造	98	98	91	93	10
5610	大和重	0	0	0	0	0
5612	鋳鉄管	210	213	210	210	40
5613	日本カタン	270	270	270	270	1
5631	日製鋼	103	108	102	108	596
5632	菱製鋼	90	95	88	89	358
5633	関東特殊製鋼	75	75	73	73	16
5641	ＴＤＦ	209	209	191	200	6
5642	日本鍛工	0	0	0	0	0
5644	メタルアート	101	101	101	101	2
5645	イチタン	0	0	0	0	0
5657	鈴木金	153	154	153	154	3
5658	日亜鋼	412	425	412	413	79
5659	日精線	220	222	205	205	29
5660	神鋼線	85	85	84	84	25
5691	東京シヤリング	90	90	85	85	6
5694	大和綱帯	0	0	0	0	0
5695	パウダテック	0	0	0	0	0
5696	川鉄鋼板	110	110	110	110	3
5697	サンユウ	370	370	370	370	1
5701	日軽金	91	93	90	93	1355
5702	大紀ア	156	170	156	156	23
5706	三井金	559	574	559	574	1245
5707	東邦鉛	231	244	231	240	363
5711	三菱マ	315	323	315	319	5857
5713	住友鉱	298	308	293	308	1465
5714	同和鉱	255	264	247	257	2276
5715	古河機金	183	190	181	190	743
5716	日鉱金属	785	795	781	789	296
5721	Ｓサイエンス	1035	1139	1005	1020	1151
5727	邦チタ	495	500	475	485	62
5728	アライドマテリアル	1170	1170	1070	1090	129
5729	日精鉱	187	187	187	187	4
5734	昭和アルミ	127	127	119	123	658
5738	住軽金	81	82	80	81	95
5739	日製箔	149	149	149	149	4
5740	九州不二サッシ	299	299	299	299	1
5753	日伸銅	60	65	60	60	19
5756	東海アルミ箔	56	56	55	55	34
5757	サンエツ	700	700	700	700	1
5771	菱伸銅	229	250	228	245	603
5781	東邦金	149	155	143	155	12
5801	古河電	1740	1750	1728	1738	3542
5802	住友電	1240	1309	1233	1290	2268
5803	フジクラ	498	510	490	500	1243
5804	菱線工	258	270	248	248	1969
5805	昭電線	174	181	174	179	394
5807	東特線	355	355	330	338	94
5808	理研線	219	219	203	209	20
5809	タツタ	172	176	170	171	96
5810	第一電工	88	107	82	102	640
5811	トヨ電線	349	349	349	349	1
5812	日立線	892	910	892	906	735
5813	花島電線	0	0	0	0	0
5814	京三電線	156	156	150	153	8.5
5815	沖電線	238	240	233	233	53
5816	オーナンバ	190	190	190	190	3
5817	日電線	375	375	370	370	11
5818	東日京三電線	0	0	0	0	0
5819	カナレ電気	1650	1650	1600	1630	7.1
5820	三ッ星	245	255	245	255	2
5851	リョービ	124	124	120	123	65
5852	アーレスティ	243	245	243	245	5
5853	京都ダイカスト	151	151	151	151	6
5854	東京理化工	104	104	96	96	2
5855	アサヒプリテ	3400000	3450000	3400000	3430000	0.019
5900	ダイケン	430	440	430	440	2
5901	洋カン	1800	1867	1790	1860	655
5902	北カン	210	210	205	206	35
5903	シンポ	650	650	635	635	5
5904	アルコアシステム	475	475	475	475	1
5905	日カン	180	180	176	176	3
5906	エムケー精工	0	0	0	0	0
5907	ＪＦＥコンテ	122	122	122	122	5
5908	日鉄ドラム	329	329	329	329	2
5909	コロナ	1010	1010	1000	1000	2
5910	立山アルミ	0	0	0	0	0
5911	横河ブ	319	328	317	320	258
5912	日本橋	116	116	115	115	11
5913	松尾橋	200	205	200	201	55
5914	宮地鐵工所	204	204	199	201	65
5915	駒井鉄	361	363	353	360	97
5916	ハルテック	215	215	213	213	17
5917	サクラダ	80	80	76	78	18
5918	滝上工	350	359	350	350	16
5919	日鉄塔	270	270	270	270	5
5920	鈴木シャ	245	271	210	210	172
5921	川岸工	265	265	265	265	1
5922	那須鉄	185	185	185	185	2
5923	高田機	455	459	450	450	23
5924	新日軽	75	82	75	77	70
5925	酒井鉄工所	112	112	112	112	7
5926	安治川鉄工	119	119	103	110	22
5927	ホリー	128	129	121	121	22
5928	アルメタクス	260	260	260	260	3
5929	三和シャタ	322	325	322	324	220
5930	文化シヤタ	267	267	255	262	168
5931	川田工	212	212	206	207	37
5932	三協アルミ	95	95	90	90	360
5933	アルインコ	185	210	185	210	49
5934	日本ア	59	59	57	57	3
5935	元旦	0	0	0	0	0
5936	洋シヤタ	111	111	105	108	68
5937	洋エクス	642	679	642	679	47
5938	住生活Ｇ	1400	1445	1381	1445	670
5939	大谷工業	170	170	170	170	7
5940	不二サッシ	142	145	142	145	5.1
5941	中西製	789	789	789	789	3
5942	フイルコン	310	310	310	310	16
5943	ノーリツ	1080	1120	1079	1120	62
5944	日立粉末	680	685	671	671	27
5945	天竜製鋸	1310	1310	1310	1310	1
5946	長府製	1431	1461	1405	1414	5.4
5947	リンナイ	1730	1770	1720	1770	55.8
5949	ユニプレス	220	232	220	232	19
5950	パワーファス	127	127	126	126	2
5951	ダイニチ工業	340	370	330	335	138.4
5952	アマテイ	86	86	85	85	2
5954	トープラ	135	137	135	137	3
5955	ヤマシナ	330	330	310	328	312
5956	トーソー	301	301	301	301	10
5957	日東精	170	180	165	173	52
5958	三洋工	152	155	141	141	113
5959	岡部	270	275	270	270	14
5961	トーカロ	0	0	0	0	0
5962	浅香工	0	0	0	0	0
5963	日立ツール	381	395	380	391	10
5964	洋刃物	105	105	101	101	3
5965	フジマック	490	490	490	490	1
5966	ＫＴＣ	0	0	0	0	0
5967	前田金	135	135	135	135	3
5969	ロブテックス	115	115	115	115	4
5970	菊池プレス	378	380	378	380	6
5971	共和工業	0	0	0	0	0
5972	日本建鐵	288	298	286	298	20.5
5973	トーアミ	530	531	530	530	6
5974	中国工	163	164	161	162	65
5975	東プレ	343	344	333	333	30
5976	ネツレン	260	268	253	262	41
5977	コマツ電子	1220	1220	1159	1160	9.3
5979	カネソウ	0	0	0	0	0
5980	田中亜鉛	0	0	0	0	0
5981	東京綱	140	144	137	144	381
5982	マルゼン	340	340	340	340	5
5983	イワブチ	400	400	400	400	2
5984	兼房	0	0	0	0	0
5985	サンコール	441	441	430	430	26
5986	モリテック	260	265	260	265	16
5987	オーネックス	0	0	0	0	0
5988	パイオラクス	800	800	800	800	1
5989	ヒラタ	382	395	382	395	2
5990	スーパツール	140	140	135	137	11
5991	ニッパツ	325	325	317	320	630
5992	中央発條	370	378	364	364	13
5993	知多鋼	635	640	635	640	2
5994	ファインＳ	295	315	295	315	29
5995	科学冶金	500	500	494	494	3
5996	新立川	0	0	0	0	0
5997	協立エアテク	720	720	695	695	1.1
5998	アドバネクス	245	263	245	259	92
5999	イハラサイエ	225	225	215	215	11
6005	三浦工	1190	1190	1178	1190	57.6
6011	新潟鉄工所	85	85	82	85	758
6013	タクマ	980	985	942	953	195
6016	神発動	0	0	0	0	0
6018	阪神燃	85	85	85	85	1
6020	神鋼造機	0	0	0	0	0
6021	ロビン	230	230	230	230	5
6022	赤阪鉄	95	95	95	95	17
6023	ダイハツデ	160	160	160	160	4
6041	ボッシュ	130	133	126	127	506
6042	ニッキ	0	0	0	0	0
6101	ツガミ	659	665	640	640	735
6102	池貝	202	207	201	204	291
6103	オークマ	415	425	410	416	410
6104	東芝機	200	210	200	209	200
6106	日立精機	175	175	170	173	99
6107	アマダマシ	201	202	197	198	293
6108	アマダワシノ	96	97	95	95	390
6111	旭精機	230	235	230	235	7
6112	小島鉄	151	151	145	145	4
6113	アマダ	846	850	827	830	945
6114	住倉工業	170	185	170	180	98
6118	アイダ	400	420	397	409	146
6119	ゼィープラス	250	255	250	255	13
6121	滝澤鉄	85	85	85	85	8
6122	若山精密	260	260	254	254	7
6125	岡本工	122	125	120	125	76
6126	大ダイヤ	230	230	200	209	66
6130	日平トヤマ	210	210	201	201	28
6131	浜井産	186	198	186	198	61
6134	富機製	6950	6950	6810	6830	25.3
6135	牧野フ	925	971	910	940	353
6136	ＯＳＧ	450	450	445	446	48
6137	小池工	145	155	145	150	19
6138	ダイジェト	127	127	125	125	8
6139	東芝タンガロイ	224	245	223	236	735
6140	旭ダイヤ	629	648	629	637	439
6141	森精機	1619	1670	1560	1561	324
6142	富士精	0	0	0	0	0
6143	ソディック	798	798	780	790	138
6144	西部電機	235	235	235	235	7
6145	日特エンジ	1880	2000	1850	1920	78
6146	ディスコ	25780	25780	23400	24200	47.1
6147	ヤマザキ	0	0	0	0	0
6148	UHT	2040	2040	1950	2000	16
6149	小田原エンジ	705	705	705	705	1
6150	タケダ機械	0	0	0	0	0
6151	日東工器	2505	2510	2500	2500	15.1
6201	豊田織	1900	1949	1886	1897	282
6203	豊和工	128	128	126	128	113
6204	キリウ	175	180	175	180	3
6205	ＯＫＫ	112	114	110	110	71
6206	豊田工	887	917	883	903	102
6208	石川製	114	115	111	112	32
6210	東洋機械	630	630	601	601	25
6211	倉敷機	89	89	89	89	1
6212	帝人製機	165	165	165	165	1
6213	ＯＭ製	145	145	145	145	15
6214	大隈豊和機械	192	193	190	191	38
6216	寿工業	0	0	0	0	0
6217	津田駒	135	135	131	131	6
6218	エンシュウ	149	149	143	143	35
6221	大東製機	289	289	279	279	8
6222	島精機	2300	2300	2265	2290	77.2
6242	スピンドル	186	195	180	195	114
6245	ヒラノテク	321	321	321	321	21
6246	井上金	149	149	149	149	4
6247	日阪製	460	460	450	451	29
6271	ニッセイ	0	0	0	0	0
6272	レオン	375	378	361	368	56
6273	ＳＭＣ	20990	20990	19990	19990	91.2
6274	新川	4360	4410	4280	4290	82.8
6275	イセキ開発工	135	135	125	125	36
6276	ナビタス	0	0	0	0	0
6277	ホソミクロン	609	610	599	599	21
6278	ユニオンツル	17000	17000	15800	15870	12.6
6279	瑞光	1610	1650	1560	1560	3.7
6280	名機製	1751	1770	1750	1750	8
6281	前田製作	0	0	0	0	0
6282	オイレス	1690	1690	1649	1655	71.9
6283	オリイメック	400	400	400	400	4
6284	ＡＳＢ機械	663	684	650	650	60
6286	静甲	0	0	0	0	0
6287	サトー	3460	3460	3200	3260	52.1
6288	ハマダ印刷機	170	170	160	160	11
6289	技研製	340	340	340	340	2
6290	ＳＥＳ	1870	1870	1840	1860	96
6291	エアーテック	660	660	660	660	2
6292	カワタ	1030	1040	1030	1030	8
6293	日精樹脂	940	950	940	950	18
6294	オカアイヨン	195	195	195	195	6
6295	富士変速	0	0	0	0	0
6296	ロキテクノ	1100	1100	1050	1100	7
6297	鉱研工業	540	540	540	540	56.8
6298	ワイエイシイ	2550	2550	2370	2370	6
6299	神鋼環境Ｓ	286	286	286	286	15
6300	アピクヤマダ	926	930	900	900	33
6301	コマツ	457	458	444	450	4287
6302	住友機	242	243	231	231	1704
6303	ササクラ	450	450	425	425	7
6304	マキ製作所	680	680	680	680	1
6305	日立建機	407	419	407	410	134
6306	日工	223	223	212	222	28
6307	サンセイ	0	0	0	0	0
6309	巴工業	750	750	750	750	2
6310	井関農	98	110	98	110	403
6311	セイレイ工業	300	313	300	310	23
6312	フロイント	723	750	723	750	2
6313	共立	130	131	128	131	39
6314	石井工研	970	970	970	970	0.5
6315	ＴＯＷＡ	4100	4150	3970	4040	53.3
6316	丸山製	145	147	139	147	135
6317	北川鉄	132	136	132	134	31
6319	シンニッタン	200	205	198	205	61
6320	新ダイワ	0	0	0	0	0
6321	石搬機	365	365	365	365	3
6322	タクミナ	451	470	451	470	3
6323	ローツェ	2530	2530	2490	2500	10
6324	ハーモニック	3480000	3480000	3480000	3480000	0.002
6325	タカキタ	180	180	179	179	4
6326	クボタ	333	355	331	348	2081
6327	北川精機	0	0	0	0	0
6328	荏原実業	1540	1540	1540	1540	3
6329	ＨＥＣ	630	632	610	628	26
6330	東洋エンジ	103	105	101	105	146
6331	化工機	214	218	214	216	83
6332	月島機	712	712	702	710	61
6333	帝国電	613	645	613	645	24
6334	明治機	361	400	355	370	571
6335	東京機	434	445	430	442	206
6336	石井表記	3610	3610	3300	3300	3
6339	新東工	245	249	245	249	51
6340	渋谷工	880	881	880	880	16
6341	日立造船富岡	205	205	165	180	9
6342	太平製	90	90	90	90	2
6343	フリージア	94	95	93	94	25
6345	アイチコーポ	167	172	167	168	43.2
6346	菊川鉄	196	196	196	196	2
6347	プラコー	130	130	130	130	1
6348	日本マリンテクノ	0	0	0	0	0
6349	小森	1540	1600	1539	1600	329
6350	新日本造機	0	0	0	0	0
6351	鶴見製	520	536	520	524	22
6352	トヨコケン	137	137	136	136	2
6354	日立機電	401	410	401	410	67
6355	住友精	341	357	338	354	83
6356	日ギア	191	191	191	191	6
6357	三精輸	316	316	305	310	45
6358	酒井重	222	224	220	222	46
6359	粟村製作所	143	143	143	143	1
6360	東自機	370	370	370	370	1
6361	荏原	1650	1667	1645	1665	985
6362	石井鉄	219	219	194	200	7
6363	酉島	490	498	490	497	21
6364	北越工	168	168	155	156	32
6365	電業社	5000	5000	5000	5000	1.4
6366	千代建	161	169	161	169	437
6367	ダイキン	1740	1740	1690	1720	390
6368	オルガノ	400	400	395	396	63
6369	トヨカネツ	108	108	105	105	112
6370	栗田工	2100	2100	2000	2050	134
6371	椿本チ	407	407	398	402	359
6372	セイサ	93	93	92	92	2
6373	大同工	189	191	188	191	21
6374	ＴＣＭ	160	165	150	159	109
6375	コンベヤ	113	117	113	115	98
6376	日機装	528	528	500	505	133
6377	甲陽建設	410	410	380	390	42
6378	木村化	166	167	159	162	15
6379	新興プラン	106	106	105	106	13
6380	オリチェン	97	99	96	96	20
6381	アネスト岩田	149	157	149	155	98
6382	トリニ工	235	235	234	234	10
6383	ダイフク	1010	1010	980	980	192
6386	扶桑レクセ	1200	1230	1200	1229	10
6388	ミサワバン	410	410	390	390	131
6389	内田油圧	85	85	79	79	9
6390	加藤製	157	160	156	160	41
6391	加地テック	180	180	176	176	4
6392	ヤマダコーポ	156	156	154	154	17
6393	油研工	115	119	115	115	20
6394	大江工業	146	150	145	150	6
6395	タダノ	205	205	190	200	88
6396	宇野鉄	179	179	165	165	4
6397	郷鉄工	0	0	0	0	0
6398	日本電産シンポ	890	890	890	890	5
6403	水道機	340	340	339	339	5
6406	フジテック	910	917	890	910	129
6407	シーケーディ	539	543	520	527	537
6408	クラッチ	0	0	0	0	0
6409	キトー	320	340	320	340	10
6411	中野冷	470	470	470	470	5
6412	平和	2245	2250	2155	2200	127.5
6413	理想科学	2960	2960	2890	2890	11.1
6414	川重冷熱	465	485	465	485	5
6415	ニスカ	0	0	0	0	0
6416	桂川電機	320	320	315	315	7
6417	ＳＡＮＫＹＯ	6650	6700	6300	6310	297.9
6418	日金銭	1998	2000	1950	1950	26
6419	マース	2485	2600	2485	2520	30.3
6420	福島工業	668	668	668	668	1
6421	キヤノンＦ	734	734	701	710	10
6422	キヤノン化成	1090	1100	1090	1100	65
6423	アビリット	6210	6300	6000	6010	27.7
6424	高見サイ	500	500	500	500	1
6425	アルゼ	7000	7050	6700	6720	26
6426	サミー	4300	4350	4150	4200	22.1
6427	東北リコー	1180	1180	1085	1090	23
6431	キャノンＮＴＣ	288	288	283	283	10
6436	アマノ	742	742	730	742	102
6437	三条機	150	150	145	145	6
6439	中日鋳	0	0	0	0	0
6440	ＪＵＫＩ	190	190	180	183	107
6442	コピア	266	266	265	266	8
6443	東洋製	135	135	135	135	8
6444	サンデン	548	570	546	558	604
6445	蛇の目	97	97	94	97	112
6448	ブラザー	260	261	254	255	243
6453	シルバ精	219	235	214	214	2052
6454	マックス	842	850	840	840	131
6455	モリタ	290	290	285	290	41
6457	グローリー	1620	1660	1620	1649	35
6458	新晃工	140	141	138	141	15
6459	大和冷	298	303	295	296	80
6461	日ピス	152	160	147	160	438
6462	リケン	236	237	225	227	104
6463	ＴＰＲ	275	275	250	251	11
6466	トウアバルブ	146000	149000	145000	146000	0.013
6467	ニチダイ	520	525	510	525	28
6468	駿河精機	1960	2250	1920	2250	116
6469	放電精密	700	700	685	685	5
6470	大豊工業	1084	1084	1050	1080	14
6471	日精工	800	813	792	800	1612
6472	ＮＴＮ	305	305	295	298	2203
6473	光洋精	819	865	815	825	545
6474	不二越	188	196	188	195	602
6475	天辻	921	921	910	910	6
6476	富士テクニカ	540	540	540	540	1
6477	ツバキ・ナカ	1168	1180	1119	1131	50.5
6478	ダイベア	0	0	0	0	0
6479	ミネベア	1295	1319	1251	1300	1390
6480	トムソン	1025	1025	1000	1001	152
6481	ＴＨＫ	4730	4750	4650	4700	134.7
6482	ユーシン精機	10500	10800	10000	10200	9.8
6483	川重防災	545	545	540	540	7
6484	ＫＶＫ	240	240	235	235	7
6485	前沢給装	586	606	586	606	2
6486	イーグル工	332	332	317	317	32
6487	積水工機	280	280	280	280	4
6488	ヨシタケ	280	280	275	275	2
6489	前沢工業	875	876	867	869	105.2
6490	ピラー	782	832	782	830	9
6492	岡野バ	150	150	150	150	2
6493	日鍛バ	195	195	194	194	10
6494	ファネス	418	418	392	400	24
6495	宮入バ	98	98	98	98	2
6496	中北製	190	190	185	185	4
6497	ハマイ	470	470	470	470	1
6498	キッツ	176	176	167	171	177
6499	大隈エンジニア	0	0	0	0	0
6501	日立	1234	1250	1198	1250	6374
6502	東芝	975	975	938	950	6959
6503	三菱電	970	971	955	960	5751
6504	富士電機ＨＤ	341	344	339	340	2191
6505	東洋電	166	169	161	162	48
6506	安川電	1389	1391	1340	1340	481
6507	神鋼電	156	163	156	162	184
6508	明電舎	211	229	208	222	985
6513	オリジン	1300	1300	1160	1162	422
6516	山洋電	475	481	455	464	255
6517	デンヨー	710	715	710	712	36
6518	三相電機	610	630	610	630	4
6581	日立工	265	266	256	263	176
6583	松下冷機	535	539	526	526	264
6584	三桜工	585	594	581	594	20
6585	サーボ	305	305	271	281	22
6586	マキタ	920	934	898	905	74
6587	松下精工	410	415	409	415	51
6588	東芝テック	450	452	440	448	265
6590	芝浦	1160	1160	1120	1160	419
6591	西芝電	171	171	171	171	1
6592	マブチ	10960	11550	10900	11400	147.7
6593	ローヤル電	459	459	459	459	1
6594	日電産	20000	20090	19720	19900	140.3
6621	高岳	185	185	176	176	130
6622	ダイヘン	231	231	227	230	153
6623	愛電機	210	235	210	235	24
6624	田淵電	296	300	291	291	12
6641	日新電	240	241	235	237	173
6643	戸上電	158	159	158	158	11
6644	大崎電	477	477	470	476	38
6645	オムロン	2700	2805	2700	2800	705
6646	エナジーサポ	326	326	326	326	10
6647	森尾電	180	180	162	162	11
6648	かわでん	83	85	83	83	31
6650	春日電	180	186	180	185	13
6651	日東工	580	591	575	591	46
6652	和泉電	1185	1185	1160	1160	113
6654	不二電機	749	749	720	720	8
6655	東洋電機	0	0	0	0	0
6701	ＮＥＣ	2780	2815	2700	2750	4296
6702	富士通	2980	3070	2980	3050	5529
6703	沖電気	679	717	662	704	3163
6704	岩崎通	261	261	252	260	248
6705	ＮＥＣインフ	602	605	578	599	98
6706	電気興	1120	1129	1050	1087	327
6707	サンケン	618	618	601	601	362
6708	東洋通	2300	2370	2210	2285	788
6709	明星電	150	150	136	141	13
6710	大興電機製作	188	188	184	184	16
6711	高見澤電機	180	182	180	182	3
6712	田村電機製作	335	335	311	320	82
6714	神田通信工業	263	263	262	263	5
6715	ナカヨ通	337	337	335	335	9
6716	中央無	510	550	510	550	15
6717	富士通アクセ	2550	2700	2495	2695	68.1
6718	アイホン	1500	1520	1480	1480	15
6741	信号	468	468	457	462	59
6742	京三	254	254	246	248	106
6743	大同信	213	213	212	212	3
6744	能美防災	339	349	338	339	77
6745	ホーチキ	299	305	298	304	28
6747	小糸工	353	355	345	350	101
6748	星和電	430	439	430	435	5
6749	マスプロ	1150	1200	1143	1185	20
6751	日無線	1010	1010	990	999	463
6752	松下	2905	2905	2830	2860	2707
6753	シャープ	2240	2290	2210	2270	2547
6754	アンリツ	1010	1014	980	985	502
6755	富士通ゼ	690	699	667	674	107
6756	日立国際	1450	1450	1376	1380	265
6758	ソニー	26050	26150	25700	25700	2260.6
6759	ＮＥＣトーキ	700	758	695	736	488
6761	アイワ	1680	1680	1640	1670	102.3
6762	ＴＤＫ	13350	13410	12500	12550	617
6763	帝通工	376	376	360	360	44
6764	三洋電	630	630	611	620	2548
6765	ケンウッド	400	400	390	396	175
6766	宮越商	64	64	60	60	45
6767	ミツミ	3780	3850	3650	3790	105
6768	タムラ	494	494	480	490	56
6770	アルプス	1346	1440	1346	1403	6514
6771	池上通	423	438	422	427	117
6772	コスモス	147	147	140	141	14
6773	パイオニア	2845	2990	2845	2985	567
6775	東和メクス	164	164	153	153	41
6776	天昇電	142	142	142	142	2
6779	日電波	3800	3840	3630	3700	83.9
6780	日立電子	600	604	595	604	18
6781	松下通信工業	18580	18600	17940	17950	175
6782	九州松下電器	1240	1244	1224	1233	264
6783	松下寿電子	2380	2480	2370	2415	1066
6791	コロムビア	188	188	181	182	39
6792	ビクター	682	684	670	680	251
6793	山水電	24	25	24	24	858
6794	フォスター	680	714	680	700	69
6796	クラリオン	598	598	582	585	434
6798	ＳＭＫ	1060	1080	1038	1059	120
6799	日本マランツ	220	220	220	220	3
6800	ヨコオ	3740	3740	3600	3600	74
6801	東光	838	879	838	870	473
6802	赤井電機	45	46	42	44	2329
6803	ティアック	426	450	425	447	502
6804	ホシデン	5390	5430	5010	5360	87
6805	八木アン	702	710	680	680	21
6806	ヒロセ電	14110	14460	13700	14290	76.7
6807	航空電子	649	670	640	644	225
6808	シントム	90	97	85	89	6728
6809	ＴＯＡ	337	337	330	330	64
6810	マクセル	2555	2565	2500	2550	135
6811	クオンツ	950	955	890	901	57
6812	ジャルコ	500	500	490	490	3
6813	ナカミチ	157	157	136	136	214
6814	古野電	427	435	427	435	7
6815	ユニデン	870	879	860	864	279
6816	アルパイン	1490	1490	1479	1490	73
6817	スミダコーポ	4970	5100	4800	5000	12.9
6818	島田理	1130	1159	1120	1150	33.7
6819	オメガ・プロ	2400	2590	2390	2410	169
6820	アイコム	1980	2000	1880	1880	15
6821	バーテクスＳ	1200	1200	1200	1200	1
6822	大井電気	400	415	400	415	18
6823	リオン	0	0	0	0	0
6824	新コスモス	390	390	390	390	4
6826	本多通信	5020	5020	4500	4500	24
6827	東北パイオ	7200	7620	7010	7360	329
6837	京写	2350	2380	2260	2300	28
6838	多摩川電	2300	2300	2300	2300	2
6839	船井電	73000	73200	67900	68500	20.7
6840	アドテック	1270	1270	1190	1230	13
6841	横河電	1070	1085	1036	1062	558
6842	ユニパルス	1130	1140	1050	1050	5
6843	東光精機	187	187	187	187	1
6844	新電元	568	568	557	565	92
6845	山武	777	790	777	786	104
6846	中央製	147	147	147	147	3
6847	安藤電気	2000	2000	1920	1950	56
6848	東亜ＤＫＫ	320	320	320	320	7
6849	日本光電	333	333	321	321	34
6850	チノー	231	241	231	237	31
6851	大倉電気	230	231	230	230	17
6852	テクノセブン	254	254	225	225	13
6853	共和電	248	248	235	239	20
6855	電子材料	3200	3200	3190	3200	22
6856	堀場製	830	830	808	808	47
6857	アドバンテスト	19350	19400	18790	19200	143
6858	小野測器	210	223	210	210	17
6859	エスペック	828	835	810	828	53
6860	サンクス	780	780	780	780	5
6861	キーエンス	39500	41350	39500	40700	100.7
6862	ミナトエレ	284	284	260	260	14
6863	ニレコ	600	600	600	600	1
6864	ＮＦ回路	380	385	380	385	6
6866	ＨＩＯＫＩ	750	835	750	835	59
6867	リーダー電子	550	550	550	550	3
6868	東カソード	1300	1350	1300	1350	5
6869	シスメックス	3100	3250	3100	3110	36.8
6870	フェンオール	729	750	729	750	2
6871	日本マイクロ	1910	1960	1880	1880	5.8
6872	日本コーリン	10000	10000	9490	9880	24
6873	日立電子Ｅ	900	900	855	857	14
6874	協立電機	4550	4570	4450	4450	6.2
6875	メガチップス	7520	7620	7100	7400	38
6876	光波	6130	6300	6100	6100	19
6877	ＯＢＡＲＡ	0	0	0	0	0
6878	長野日無	600	620	600	600	6
6879	フォトロン	480	480	450	450	4
6880	シンワ	1370	1420	1260	1260	13.7
6881	キョウデン	4200	4400	4200	4360	74
6882	三社電機	670	670	650	650	4
6883	電産コ電	1330	1330	1300	1300	5
6884	デジタル	3600	3600	3590	3590	6
6885	ミヤチテクノ	1070	1070	1060	1060	0.7
6886	グラフィック	650	650	650	650	3
6887	日本ＬＳＩカード	610000	620000	610000	620000	0.002
6888	アクモス	930000	930000	890000	910000	0.036
6889	オーデリック	665	665	655	660	7
6890	フェローテク	1640	1640	1600	1600	22
6891	イーター電機	1170	1170	1170	1170	3
6892	シチズン電子	19500	20400	19100	20200	12.2
6893	タイテック	840	865	840	855	15
6894	パルステック	1970	1970	1950	1966	23
6895	ダイヤ電機	485	485	485	485	2
6896	北川工業	1470	1470	1380	1390	6.2
6897	ツインバード	318	318	318	318	1
6898	トミタ電機	330	330	330	330	1
6899	ＡＳＴＩ	681	681	680	680	2
6900	東京電波	9200	9200	9000	9000	8
6901	沢藤電	354	366	352	353	24
6902	デンソー	2350	2415	2330	2390	1887
6904	原田工業	420	430	420	430	4
6905	コーセル	3410	3520	3410	3520	12.3
6906	キヤ･コンポ	0	0	0	0	0
6907	ジオマテック	1510	1550	1500	1540	19.2
6908	イリソ電子	470	470	450	450	2
6909	北部通信工業	425	425	425	425	2
6910	日立メディコ	1050	1099	1050	1056	119
6911	新日無	991	991	990	990	13
6912	菊水電子	500	500	485	485	4
6913	メルコ	2700	2740	2620	2650	26.8
6914	オプテックス	1050	1050	1000	1000	2
6915	千代田インテ	1440	1440	1400	1400	36
6916	アイオデータ	2840	2950	2840	2950	22.4
6917	デンセラムダ	2680	2725	2680	2700	43.1
6918	アバール	1300	1360	1300	1300	5
6919	ケル	840	840	810	810	3
6920	レーザーテク	2700	2720	2700	2700	9
6921	東光電	315	316	312	312	9
6922	昭和情報	525	540	525	525	8
6923	スタンレー	760	760	700	721	1323
6924	岩崎電	215	215	206	210	69
6925	ウシオ電	2150	2200	2110	2130	504
6926	岡谷電	259	259	259	259	2
6928	エノモト	1250	1250	1200	1200	5
6929	日セラ	1252	1252	1200	1201	17
6930	日本アンテナ	1400	1400	1370	1370	7
6931	日本電池	399	414	390	408	1133
6932	ユアサコーポ	250	250	250	250	10
6933	ＹＵＡＳＡ	300	303	287	288	1349
6934	新神戸	710	718	704	705	64
6935	日デジタル	1840	1841	1815	1828	47.4
6936	東洋高砂乾	135	139	135	139	8
6937	古河池	315	315	310	311	19
6938	双信電機	850	860	840	850	38
6939	ＵＭＣＪ	1100000	1150000	1100000	1110000	0.225
6940	多摩電気	300	300	300	300	1
6941	山一電機	3680	3700	3590	3650	159
6942	ソフィア	336	339	335	335	7
6943	開閉器	675	680	675	680	11
6944	アイレックス	320	320	300	300	6
6945	ＦＴＥＣ	671	690	671	690	5
6946	日本アビオ	310	310	290	290	12
6947	図研	2600	2600	2560	2600	44.6
6948	住友電装	790	790	790	790	5
6949	キンセキ	908	908	895	895	68
6950	ＹＥデータ	641	641	633	633	11
6951	日電子	550	558	548	558	29
6952	カシオ	1029	1029	1001	1009	652
6953	日ＮＣＲ	496	510	496	510	14
6954	ファナック	10000	10000	9750	9760	348.6
6955	ＦＤＫ	845	845	825	828	40
6956	神明電	1420	1460	1380	1450	12
6957	芝浦電子	320	321	320	321	3.3
6958	日本ＣＭＫ	1249	1261	1235	1257	170
6959	アマダメ	739	740	718	725	242
6960	フクダ電	1820	1820	1750	1750	8
6961	エンプラス	6300	6300	5500	5600	57.5
6962	大真空	651	661	650	650	120
6963	ローム	35700	36200	34800	35000	278.2
6964	サンコー	2150	2255	2150	2230	26
6965	ホトニクス	7300	7400	7160	7250	47.2
6966	三井ハイテク	1830	1861	1820	1860	56.6
6967	新光電工	5150	5150	4940	5100	73.2
6968	グラフテック	182	189	182	186	27
6969	松尾電	925	950	900	939	145
6970	日本コンラックス	590	590	565	580	44
6971	京セラ	15510	15580	15110	15390	558.3
6972	エルナー	491	493	470	485	46
6973	協栄産	356	362	345	349	16
6974	日本インター	339	339	320	326	20
6975	ＮＥＯＭＡＸ	1050	1070	1050	1050	256
6976	太陽電	6800	6920	6480	6590	476
6977	抵抗器	202	202	202	202	9
6979	松尾電機	3900	3940	3850	3850	35
6980	日立ＡＩＣ	1231	1232	1190	1195	100
6981	村田製	23160	23500	22750	23200	753
6982	リード	100	110	100	110	4
6984	朝日ナショナ	365	365	365	365	1
6985	ユーシン	505	505	490	490	43
6986	双葉電	4340	4390	4300	4360	63.6
6988	日東電	4050	4150	3860	3930	804
6989	北電工	207	207	202	206	66
6991	松電工	940	954	930	944	2096
6992	国産電	215	234	215	215	19
6993	森電機	225	225	207	207	269
6994	指月電	279	280	274	280	98
6995	東海理	974	984	954	954	22
6996	ニチコン	3070	3080	3000	3010	265
6997	日ケミコン	500	500	482	482	228
6998	タングス	290	292	280	280	18
6999	ＫＯＡ	2740	2750	2650	2650	37
7003	三井造	69	71	68	71	897
7004	日立造	92	93	89	91	2940
7007	佐世保	73	73	71	71	68
7011	三菱重	307	310	302	305	5438
7012	川重	121	127	116	122	3502
7013	石川島	116	118	115	118	1291
7014	名村造	123	124	122	122	184
7018	内海造	116	116	116	116	2
7020	サノヤス	250	253	248	248	39
7021	ニッチツ	143	143	140	140	10
7052	信貴造船所	135	135	135	135	5
7102	日車両	216	226	216	224	391
7104	富士車輌	100	100	90	90	20
7105	ニチユ	175	175	163	164	34
7122	近畿車	141	141	135	137	67
7123	東急車輌製造	90	90	87	87	53
7124	輸送機工業	370	370	370	370	2
7142	ナブコ	180	180	170	170	34
7201	日産自	410	412	405	408	2549
7202	いすゞ	241	245	233	241	1230
7203	トヨタ	5010	5160	4950	5110	10173
7204	小松ゼノア	238	244	238	240	22
7205	日野自	305	310	303	305	456
7207	日野車体	95	95	84	85	30
7210	日産ディ	87	93	86	91	199
7211	三菱自	420	420	402	419	926
7212	エフテック	461	461	461	461	3
7219	ＨＫＳ	670	690	670	690	18
7220	武蔵精密	1050	1050	1030	1050	19
7221	トヨ車	765	765	740	755	65
7222	産車体	111	116	111	116	91
7223	関東自	625	625	607	610	36
7224	新明和	160	160	152	156	138
7225	小松フォーク	149	150	146	149	83
7226	極東開発	510	511	500	510	8.2
7227	アスカ	0	0	0	0	0
7228	デイトナ	0	0	0	0	0
7229	ユタカ技研	760	760	720	720	8
7230	日信工業	1350	1350	1350	1350	4
7231	トピー	153	163	152	161	315
7232	トキコ	149	149	143	143	111
7233	自部品	97	97	86	88	13
7234	橋本フォーミング	67	69	67	69	9
7235	東ラヂ	130	130	120	120	8
7236	ティラド	295	304	277	285	966
7237	ボッシュブレーキ	184	184	182	182	3
7238	ブレーキ	199	200	190	191	40
7239	タチエス	480	480	470	480	73
7240	ＮＯＫ	363	363	354	354	200
7241	フタバ	1025	1100	1025	1085	359
7242	カヤバ	179	179	170	170	300
7243	シロキ	223	223	215	217	38
7244	市光工	213	220	210	215	114
7245	大同メ	300	300	298	300	8
7246	プレス工	92	92	85	87	255
7247	ミクニ	135	135	126	126	21
7248	カルソニック	229	230	220	228	255
7249	尾張精	220	220	220	220	2
7250	太平洋工	274	277	260	264	71
7251	ケーヒン	949	949	935	940	159
7252	富士機	0	0	0	0	0
7253	日本ガスケット	250	250	250	250	1
7254	フジユニ	162	170	162	169	7
7255	桜井製	0	0	0	0	0
7256	河西工	195	214	195	214	25
7257	自転車電機工	201	209	201	209	7
7258	栃木富士産業	202	202	194	194	16
7259	アイシン	1340	1377	1340	1365	201
7260	富士機工	185	192	185	190	18
7261	マツダ	299	302	295	296	1701
7262	ダイハツ	557	567	546	567	195
7263	愛知機	128	132	127	132	211
7264	ＭＵＲＯ	709	709	709	709	1
7265	エイケン工業	900	900	900	900	2
7266	今仙電機	0	0	0	0	0
7267	ホンダ	3930	4000	3910	3970	1719
7268	タツミ	0	0	0	0	0
7269	スズキ	1595	1600	1570	1590	1045
7270	富士重	760	766	745	765	1463
7271	安永	400	400	380	380	15
7272	ヤマハ発	795	808	789	801	316
7273	イクヨ	185	186	185	186	2
7274	ショーワ	440	445	435	443	123
7275	ユニシア	124	124	112	112	178
7276	小糸製	518	518	500	510	120
7277	ＴＢＫ	116	116	115	115	16
7278	エクセディ	870	890	860	890	3.2
7279	ケーブル	1076	1080	1040	1050	15
7280	ミツバ	457	464	452	457	78
7281	カンセイ	220	222	216	222	92
7282	豊田合	6820	6820	6610	6630	325
7283	愛三工	480	480	460	480	7
7284	盟和産	247	247	247	247	3
7285	池田物産	111	125	111	123	196
7286	イズミ工業	125	130	125	130	65
7287	日精機	1570	1610	1570	1610	16
7288	テクノエイト	234	240	234	240	5
7289	マーレ テネックス	201	205	201	205	3
7290	日発精密工業	200	200	200	200	1
7291	日本プラスト	301	301	301	301	5
7292	村上開明	490	500	490	500	8
7293	大井製作所	233	233	230	230	3
7294	ヨロズ	240	250	236	237	28.5
7295	アイエス製機	332	332	325	325	2
7296	ＦＣＣ	1120	1130	1120	1120	7
7297	カーメイト	830	830	830	830	1.3
7298	八千代工	489	489	489	489	1
7299	フジオーゼ	210	210	210	210	5
7301	宮田	171	171	170	170	10
7305	新家工	129	129	127	129	9
7306	丸石自転車	510	615	510	548	310
7308	ツノダ	0	0	0	0	0
7309	シマノ	2100	2120	2080	2115	113.2
7399	ナンシン	345	345	320	320	12
7404	昭和飛	319	319	311	313	10
7407	日本飛行機	235	235	225	227	45
7408	ジャムコ	440	440	415	415	18
7410	横浜鋼業	129	129	129	129	2
7411	成和産業	670	670	670	670	6
7412	アトム	1550	1580	1550	1580	14
7413	創健社	0	0	0	0	0
7414	小野建	800	800	800	800	2
7415	新星堂	270	271	270	271	3
7416	はるやま	601	620	601	620	3
7418	ヤマキ	0	0	0	0	0
7419	ノジマ	1350	1350	1280	1300	8.5
7420	佐鳥電機	1001	1001	1000	1000	6
7421	カッパクリエ	2050	2050	2050	2050	3
7422	東邦レマック	515	520	515	520	2
7423	フォンテーヌ	1160	1160	1090	1109	4.1
7424	ニコニコ堂	190	190	190	190	2
7425	初穂商事	310	315	310	315	3
7426	山大	0	0	0	0	0
7427	エコーＴＤ	0	0	0	0	0
7428	江戸沢	770	790	770	790	2.5
7429	セイジョー	1650	1650	1620	1620	3.2
7430	サンワドー	0	0	0	0	0
7431	ニューフ	0	0	0	0	0
7432	ダルトン	461	461	460	460	2
7433	伯東	3700	3800	3700	3800	46.2
7434	オータケ	0	0	0	0	0
7435	ナ・デックス	522	522	500	505	18
7437	シーアンドエス	4200	4400	4170	4400	75.9
7438	コンドー	450	455	440	440	34
7439	サンミック千代田	195	195	195	195	8
7440	クラフト	1020	1020	995	995	10
7442	中山福	349	350	340	345	35
7443	横浜魚類	0	0	0	0	0
7444	ハリマ共和	710	710	710	710	2.8
7445	ライトオン	10500	10500	10200	10350	11.8
7446	東北化学	450	450	450	450	1
7447	ナガイレーベ	2800	2800	2750	2750	2.2
7448	ジンズメイト	2400	2500	2350	2350	8.9
7449	太洋興業	209	209	209	209	5
7450	サンデー	756	756	756	756	1
7451	菱食	4500	4590	4300	4360	19.6
7452	マツヤ	0	0	0	0	0
7453	良品計画	17000	17000	16500	16510	68.2
7454	ホットスパー	234	234	234	234	2
7455	三城	8000	8100	7180	7490	38
7456	松田産業	2355	2355	2295	2295	11
7457	セキテクノ	545	545	500	500	10
7458	第一興商	3400	3400	3210	3250	34.4
7459	メディセオＨＤ	755	755	735	735	53.6
7460	ヤギ	465	465	455	455	8
7461	キムラ	0	0	0	0	0
7462	ダイヤ通商	0	0	0	0	0
7463	アドヴァン	3890	3890	3780	3790	76.5
7464	セフテック	350	350	350	350	1
7465	ＭＶ北海道	0	0	0	0	0
7466	ＳＰＫ	1100	1100	1090	1090	3.1
7467	萩原電気	975	975	975	975	3
7468	アムスク	0	0	0	0	0
7470	サロモンメイド	601	610	601	610	6
7471	ふじ	0	0	0	0	0
7472	鳥羽洋行	910	910	895	900	7
7473	静岡スバル	0	0	0	0	0
7474	パオ	651	651	650	650	3
7475	アルビス	460	510	460	499	10
7476	アズワン	1750	1750	1720	1750	8.5
7477	ムラキ	0	0	0	0	0
7478	ブルーグラス	645	645	590	590	3
7479	サンマルク	3350	3350	3300	3350	5
7480	スズデン	0	0	0	0	0
7481	尾家産	700	700	680	700	12
7482	シモジマ	1190	1270	1190	1270	9
7483	ドウシシャ	2280	2280	2230	2280	15
7485	岡谷鋼機	0	0	0	0	0
7486	サンリン	0	0	0	0	0
7487	小津産業	0	0	0	0	0
7488	ヤガミ	0	0	0	0	0
7490	日新商	335	335	335	335	4
7491	ＯＡシステム	1130	1180	1080	1100	14
7492	タイカン	465	520	465	520	23
7494	コナカ	691	705	690	705	14.9
7495	レオ	0	0	0	0	0
7496	八千代ムセン	1380	1380	1370	1370	5
7497	マインマート	656	660	655	655	4.8
7498	ジャパン	2400	2400	2250	2350	12.5
7500	西川計測	442	450	442	450	6
7501	ティムコ	1160	1160	1160	1160	2
7502	プラザクリエ	9600	9600	9410	9450	28.7
7503	ＩＭＩ	1660	1660	1660	1660	1
7504	高速	780	780	750	750	8
7505	扶桑電通	971	990	960	960	6
7506	ハウスローゼ	950	980	940	950	14
7507	浜 勝	905	905	905	905	1
7508	オートセブ	830	830	830	830	2
7509	アイエー	632	640	630	640	9
7510	竹菱電機	1140	1150	1110	1150	5
7511	ジプロ	400	400	400	400	1
7512	ポスフール	1120	1250	1120	1169	7.3
7513	コジマ	2600	2650	2550	2550	112.7
7514	ヒマラヤ	851	856	845	845	7
7515	マルヨシ	0	0	0	0	0
7516	コーナン	1390	1390	1320	1350	6.2
7517	黒田電気	3900	3900	3510	3510	8.7
7518	ネットワン	4700000	4700000	4310000	4310000	0.987
7519	五洋インテ	280	285	280	285	6
7520	エコス	1150	1190	1150	1190	2.4
7521	ムサシ	1200	1300	1200	1200	9
7522	ワタミ	8700	8800	8510	8800	13
7523	アールビバン	5850	5990	5800	5850	10.5
7524	マルシェ	1475	1499	1475	1490	7.5
7527	システムソフ	780	780	750	750	3
7528	安藤薬業公司	475	475	475	475	2
7529	はるやま	200	200	200	200	1
7530	ナブコドア	0	0	0	0	0
7531	清和鋼業	0	0	0	0	0
7532	ドンキホーテ	15200	15290	15110	15120	19.3
7535	グッドマン	3550	3600	3500	3500	6.2
7536	船橋薬品	900	900	900	900	1.1
7537	丸文	1479	1479	1360	1420	12
7538	大水	479	480	473	480	25
7539	アベルコ	630	650	630	630	10
7540	エルエスフェンス	221	221	220	220	2
7541	メガネトップ	2800	2900	2720	2900	2.5
7542	ビスケーＨＤ	880	880	860	860	6
7543	ミスタージョン	0	0	0	0	0
7544	スリーエフ	1740	1740	1740	1740	38
7545	西松屋チェ	2050	2050	2050	2050	2
7547	オートハローズ	300	300	300	300	2
7548	サンクスＪＰ	1180	1200	1120	1120	7
7549	エス・エス・ブイ	578	578	578	578	1
7550	ゼンショー	1610	1610	1550	1600	24
7551	ウェッズ	0	0	0	0	0
7552	ハピネット	4740	4800	4450	4550	50.2
7553	サザビー	6450	6450	6300	6300	2
7554	幸楽苑	1250	1350	1250	1350	3
7555	大田花き	520	520	490	490	21
7556	住商エレク	2320	2350	2320	2350	5
7557	サンクス	6300	6300	6100	6280	16.3
7558	トーメンエレ	5010	5600	5010	5600	8
7559	ジーエフシー	820	820	820	820	3
7560	ユニマット	2650	2700	2645	2690	15.5
7561	ハークスレイ	3100	3100	3090	3090	7
7562	安楽亭	1600	1640	1580	1640	35
7563	ニッパン	227	228	227	228	3
7564	ワークマン	1800	1800	1750	1750	2
7565	万世電機	0	0	0	0	0
7566	ジャパンケア	2100	2100	1950	2050	5
7567	栄電子	560	560	532	532	3
7568	クレックス	700	715	697	710	47
7569	モンテカルロ	270	270	270	270	2
7570	橋本総業	0	0	0	0	0
7571	ヤマノＨＣ	990	990	980	980	6
7573	ツルハ	8200	8200	7800	7800	7.9
7574	共信テクノ	2250	2270	2210	2270	4
7575	日本ライフＬ	1720	1720	1650	1650	7.3
7576	ベターライフ	0	0	0	0	0
7577	パスポート	241	260	235	260	7
7578	ニチリョク	841	841	841	841	1
7579	オリジン東	2280	2280	2200	2240	34
7580	フーズネット	0	0	0	0	0
7581	サイゼリヤ	6800	6990	6700	6900	78.5
7582	富デバイス	3050	3170	3050	3070	18
7583	通商	310	330	310	330	3
7584	丸紅インフォ	582	600	582	582	4
7585	かんなん	0	0	0	0	0
7586	寺島薬局	1800	1800	1800	1800	2
7587	ＰＡＬＴＥＫ	3200	3200	3100	3100	13
7588	シートゥーネット	17800	17800	17300	17550	12.7
7589	デジキューブ	3850000	3900000	3600000	3600000	0.041
7590	タカショー	727	730	707	730	17
7591	エクセル	1610	1700	1610	1650	17
7592	アイ・ユー・ケイ	0	0	0	0	0
7593	ＶＴＨＤ	1421	1500	1421	1500	3
7594	マルカキカイ	400	400	400	400	3
7595	アルゴグラフ	3550	3550	3450	3450	1.5
7596	魚力	5700	5700	5550	5550	29
7597	東京貴宝	580	580	580	580	2
7598	ナイスクラ	570	570	545	555	33
7599	ガリバー	5800	5800	5300	5600	7
7600	日本ＭＤＭ	3810	3950	3810	3950	213
7601	ポプラ	1800	1800	1700	1750	20
7602	ジャック	20290	21550	20290	20450	15.3
7603	マックハウス	669	669	669	669	1
7604	梅の花	2310000	2400000	2310000	2400000	0.006
7605	フジコーポ	420	430	420	420	15
7606	Ｕアローズ	8290	8290	8000	8100	15
7607	進和	960	960	960	960	2
7608	ＳＫジャパン	700	700	650	650	2
7609	ダイトエレク	2790	2790	2640	2660	6
7610	テイツー	2080000	2090000	2000000	2000000	0.01
7611	ハイデ日高	1000	1000	1000	1000	5
7612	コモンウェル	2020	2120	2000	2120	7
7613	シークス	2000	2090	1960	2090	15
7614	オーエムツー	6250	6450	6100	6450	1.4
7615	京都友禅	776000	810000	775000	810000	0.04
7616	コロワイド	3800	3800	3560	3580	31.5
7617	オオゼキ	4910	4910	4900	4900	5
7618	ＰＣＤＥＰＯ	3800000	3800000	3800000	3800000	0.001
7619	田中商事	391	391	391	391	2
7620	ヤマト硝子	445	465	445	450	4
7621	うかい	1300	1300	1250	1250	4
7622	焼肉サカイ	2950	2980	2900	2980	9
7623	サンオータス	719	740	719	730	7
7624	内藤	751	770	741	751	43
7625	ダイニング	6850	6850	6850	6850	2
7626	ドッドウエル	5230	5400	5200	5340	10
7627	なか卯	1720	1800	1720	1800	4
7628	オーハシテク	1010	1040	1010	1040	36
7629	ムラチク	1150	1150	1150	1150	1
7630	壱番屋	1530	1570	1480	1500	47
7631	マクニカ	24000	24300	23300	24300	91
7632	住商メタレックス	603	620	603	610	14
7633	明響社	2050	2100	1950	2000	35
7634	星医療	1510	1600	1500	1600	5
7635	杉田エース	595	600	595	595	9
7636	ハンズマン	1180	1180	1100	1180	7
7637	白 銅	1050	1110	1030	1100	20
7638	シーマ	749	750	720	720	7
7639	贔屓屋	906	930	906	910	25
7701	島津	514	540	506	532	1051
7702	ＪＭＳ	424	430	424	428	33
7703	川澄化	1065	1115	1060	1074	28
7704	アロカ	1220	1230	1210	1210	35
7705	ジーエル	1900	1900	1900	1900	5
7706	セントラユニ	605	610	605	610	5
7711	助川電気	340	350	340	350	3
7713	シグマ光機	0	0	0	0	0
7714	モリテックス	9320	9490	9200	9200	34
7715	長野計器	1830	1830	1770	1770	10
7718	スター精	1750	1770	1750	1750	4
7719	東衡機	121	121	121	121	3
7720	ソキア	144	145	139	140	15
7721	トキメック	132	144	132	139	152
7723	愛時計	270	276	270	274	15
7724	金門	120	120	118	119	15
7726	黒田精	320	320	320	320	1
7727	オーバル	159	159	159	159	4
7728	電産トーソク	1100	1140	1100	1140	4
7729	東京精	11500	11710	11050	11050	103.8
7731	ニコン	3650	3780	3610	3630	1031
7732	トプコン	420	431	402	402	55
7733	オリンパス	1540	1548	1500	1517	396
7734	理計器	350	357	340	340	44
7735	スクリン	650	658	645	650	491
7736	ユニオンＨＤ	137	145	135	135	15
7737	キャビン工業	0	0	0	0	0
7738	チノン	320	320	301	302	7
7739	キヤノン電	1000	1000	980	980	14
7740	タムロン	710	710	700	710	13
7741	ＨＯＹＡ	10300	10300	9800	9850	261
7742	ノリタ光	708	710	685	685	16
7743	シード	0	0	0	0	0
7744	ノーリツ鋼機	3380	3400	3350	3380	42.9
7750	ペンタックス	271	271	247	254	136
7751	キヤノン	4100	4160	4030	4100	1140
7752	リコー	2265	2330	2225	2290	1497
7753	ミノルタ	415	415	398	401	319
7756	電産コパル	1848	1851	1810	1821	82
7757	三協精	1169	1240	1169	1226	583
7758	セコニック	397	400	397	400	11
7762	シチズン	850	851	820	836	1199
7764	オリエント時計	159	160	155	160	7
7765	リコーエレメ	856	858	855	858	9
7768	ジェコー	447	447	446	446	4
7769	リズム	248	250	240	241	177
7770	ミヨタ	2800	2860	2770	2860	11
7771	日本精密	294	294	294	294	1
7857	セキ	1700	1750	1700	1700	11
7858	小野産業	1450	1520	1450	1500	18
7859	アルメディオ	1700	1730	1700	1730	18
7860	エイベックス	23200	23390	23200	23200	42.5
7861	東京リスマ	990	990	990	990	1
7862	トッパンフォ	2360	2360	2235	2250	97.8
7864	フジシール	5600	5660	5500	5550	23.7
7865	ピープル	1400	1430	1400	1400	5
7866	アトラス	2200	2200	2100	2200	20.4
7867	トミー	7020	7140	6950	7100	33.9
7868	広済堂	1120	1145	1090	1140	24.9
7869	日本フォーム	0	0	0	0	0
7870	福島印刷	0	0	0	0	0
7871	フクビ	0	0	0	0	0
7872	エステール	575	585	575	585	1.3
7873	アーク	3740	3760	3700	3760	14
7874	スルガ	6200	6210	5990	6000	36
7875	竹田印刷	654	654	654	654	1
7876	三陽PAX	560	560	560	560	1
7877	永大化工	820	825	820	820	87
7878	光彩工芸	300	300	300	300	3
7879	ノダ	455	474	455	474	4.7
7880	南部化成	380	380	380	380	2
7881	ニッソー	115	118	115	117	10
7882	アロン化成	434	434	421	427	32
7883	サンメッセ	1600	1600	1600	1600	1
7884	本間ゴルフ	415	440	410	440	35.8
7885	タカノ	1150	1150	1100	1100	0.3
7886	ヤマト・イン	270	275	270	275	4
7887	南プラ	447	447	447	447	4
7888	三光合成	360	360	351	351	6
7889	桑山	535	550	515	550	12
7890	アテナ工業	860	860	825	825	5
7891	日本ユピカ	222	222	210	210	4
7892	宇部日東化成	343	350	343	344	23
7893	亜細亜	1799	1820	1799	1800	18
7895	中央化学	1370	1370	1340	1340	5
7896	セブン工業	415	430	415	429	44
7897	ホクシン	170	174	165	170	11.8
7898	ウッドワン	528	539	528	539	37
7899	オザキ軽化	460	460	450	450	9
7900	大出産業	0	0	0	0	0
7901	マツモト	510	510	510	510	1
7902	ソノコム	1030	1030	1010	1030	11
7903	名木材	5000	5000	5000	5000	0.1
7904	天竜木	48	48	48	48	7
7905	大建工	290	290	286	286	68
7906	ヨネックス	380	380	371	380	21
7907	日防腐	0	0	0	0	0
7908	きもと	0	0	0	0	0
7909	シーアイ化	395	395	381	385	16
7910	段谷産業	111	135	111	130	303
7911	凸版	1149	1170	1138	1159	935
7912	大日印	1695	1709	1667	1700	1355
7913	図書印	217	217	215	215	30
7914	共同印	354	354	340	345	81
7915	日写印	650	655	640	655	82
7916	光村印	265	265	260	260	6
7917	藤森工業	680	680	650	651	12
7918	ヴィアＨＤ	0	0	0	0	0
7919	野崎紙	280	285	280	285	4
7920	三浦印	313	313	313	313	5
7921	宝印刷	1950	1950	1901	1930	7
7922	三光産業	1000	1000	900	900	2
7923	トーイン	275	275	275	275	2
7925	前沢化成	1400	1420	1400	1420	12.2
7926	ベルテクノ	0	0	0	0	0
7927	ムトー精工	1610	1610	1550	1580	20
7928	旭化学	600	600	600	600	1
7929	新輝合成	0	0	0	0	0
7931	未来工業	1200	1200	1190	1199	17
7932	ニッピ	400	400	400	400	3
7933	ファイリング	0	0	0	0	0
7934	メルクス	81	82	81	82	9
7935	コンビ	1160	1170	1150	1150	18
7936	アシックス	109	110	108	109	341
7937	ツツミ	2170	2170	2050	2100	30.9
7938	リーガル	200	222	200	220	185
7939	研創	361	361	361	361	1
7940	ウェーブＨＤ	262	262	262	262	1
7942	ＪＳＰ	830	832	830	832	9
7943	ニチハ	780	780	772	772	27.7
7944	ローランド	1890	1890	1850	1868	54.3
7945	コマニー	0	0	0	0	0
7946	光陽社	237	237	237	237	1
7947	エフピコ	4850	4960	4450	4450	43.7
7948	ＡＷ・エモト	160	165	160	165	8
7949	小松ウオール	880	880	866	866	4
7950	日デコラ	0	0	0	0	0
7951	ヤマハ	800	819	795	819	448
7952	河合楽	164	164	156	157	46
7953	菊水化	524	524	524	524	3
7954	ジャレコ	400	400	390	391	11
7955	クリナップ	463	463	456	456	12
7956	ピジョン	1299	1299	1267	1267	23.3
7957	フジコピアン	220	220	220	220	1
7958	天馬	1101	1120	1101	1107	78
7959	オリバー	0	0	0	0	0
7960	パラマウント	9950	9950	9430	9550	30
7961	兼松日産農	189	206	180	201	34
7962	キングジム	640	641	640	640	15
7963	興研	0	0	0	0	0
7964	セガ	2055	2095	1900	1911	926.5
7965	象印	510	510	500	500	19
7966	リンテック	989	989	930	930	166
7967	バンダイ	3930	4050	3880	3880	155
7968	田崎真珠	453	455	442	442	13
7969	タカラ	460	480	450	478	56
7970	信越ポリ	630	630	617	617	58
7971	東リ	220	220	205	207	67
7972	イトーキ	424	435	424	430	155
7973	ホウトク	0	0	0	0	0
7974	任天堂	17250	17290	16900	17000	331.2
7975	リヒトラブ	221	221	221	221	5
7976	菱鉛筆	725	725	711	711	24
7977	フランスベッド	490	490	473	474	41
7979	松風	899	899	860	860	4
7980	重松製	241	241	241	241	1
7981	タカラスタ	450	459	436	439	180
7983	ミロク	150	150	150	150	1
7984	コクヨ	1285	1349	1275	1330	309
7985	ネポン	0	0	0	0	0
7986	キング工	232	238	220	221	64
7987	ナカバヤシ	363	370	361	362	37
7988	ニフコ	1155	1160	1120	1145	226
7989	ブラインド	940	949	916	948	7.3
7990	ダイワ精	147	147	140	144	34
7991	マミヤＯＰ	382	385	360	363	71
7992	セーラー	1820	1840	1810	1820	142
7993	サンウエブ	215	215	200	200	35
7994	岡村製	290	290	281	286	55
7995	バルカー	175	176	172	176	57
7996	パイロット	400	400	400	400	15
7997	くろ工	370	390	370	390	10
7998	高島屋工作	256	256	256	256	1
7999	武藤工	414	417	400	417	36
8000	カイゲン	525	525	525	525	9
8001	伊藤忠	537	545	523	530	2279
8002	丸紅	370	370	355	355	2257
8003	トーメン	65	67	64	67	2062
8004	ニチメン	120	122	120	122	542
8005	ムトウ	581	600	581	597	26
8006	ユアサフナ	178	178	175	178	59
8007	高島	108	109	100	109	143
8008	アスティ	749	749	749	749	2
8010	新興産業	128	129	128	128	11
8011	三陽商	289	290	287	288	153
8012	長瀬産	397	400	385	399	209
8013	ナイガイ	98	105	96	102	208
8014	蝶理	113	114	105	112	486
8015	豊田通商	310	312	306	308	352
8016	オンワード	1180	1200	1153	1153	400
8017	阪急共栄物産	150	150	150	150	2
8018	三共興	276	278	268	278	16
8019	市田	62	68	62	65	286
8020	兼松	79	83	77	81	813
8021	レナウン	104	118	103	113	2257
8022	ミズノ	260	266	260	263	176
8023	大興電子	690	690	690	690	4
8024	シルバーＯＸ	436	440	434	439	38
8025	ツカモトＣ	159	159	150	151	29
8027	ルシアン	170	178	155	169	356
8028	ファミリーＭ	4420	4420	4330	4390	216
8029	ルック	190	193	189	189	61
8030	中央魚	185	185	185	185	6
8031	三井物	781	785	767	775	2254
8032	紙パ商	337	350	337	345	66
8033	ジーネット	95	95	95	95	2
8035	東エレク	14500	14610	14360	14500	397
8036	日立ハイテク	1300	1301	1299	1301	20
8037	カメイ	510	524	510	513	57
8038	東都水	407	407	397	400	28
8039	築地魚	174	176	174	174	35
8040	東ソワール	214	214	210	214	29
8041	魚市場	320	320	315	315	14
8042	マタイ	237	237	212	212	20
8043	スターゼン	234	234	225	227	58
8044	大都魚	145	146	145	146	6
8045	浜丸魚	0	0	0	0	0
8046	丸藤パ	162	166	162	165	32
8047	デジ・ネット	3800	4000	3800	3850	5
8048	シャディ	2750	2780	2520	2655	14.6
8049	ＥＩＥ	590	610	560	565	39
8050	セイコー	518	528	518	522	121
8051	山善	170	176	167	171	158
8052	椿本興	170	178	170	173	39
8053	住友商	1210	1258	1204	1243	1866
8056	ユニシス	2940	2995	2800	2875	146
8057	内田洋	490	496	490	494	69
8058	三菱商	862	862	842	851	1774
8059	第一実	186	199	186	199	106
8060	キヤノン販	1395	1438	1395	1438	156
8061	西華産	196	212	196	212	398
8063	日商岩井	110	110	101	101	4022
8064	金商	86	92	85	86	17
8065	佐藤商	375	410	370	410	12
8066	三谷商	0	0	0	0	0
8067	トミヤアパ	369	369	369	369	1
8068	菱洋エレク	1566	1566	1510	1520	61
8069	加  商	396	400	396	398	18
8070	東京産	320	326	320	325	14
8071	東海物産	420	424	420	424	5
8072	出版貿	0	0	0	0	0
8073	Ｔ・ＺＯＮＥ	570	570	560	570	22
8074	ユアサ商	130	130	118	119	131
8075	神鋼商	167	167	158	158	47
8076	カノークス	86	92	86	92	13
8077	小林産	181	181	175	175	4
8078	阪和興	105	108	101	105	204
8079	正栄食	424	424	420	420	15
8080	ジョイス	1290	1290	1290	1290	7
8081	カナデン	477	487	471	475	63
8083	サンテレ	306	311	300	300	13
8084	菱電商	411	411	402	402	85
8085	ナラサキ産業	171	175	165	165	35
8086	ニプロ	910	920	910	919	12
8087	フルサト	600	660	598	660	14
8088	岩谷産	230	238	230	238	429
8089	ナイス	176	183	176	177	220
8090	昭光通商	136	146	136	143	311
8091	ニチモウ	145	149	143	146	36
8092	富士通シス	3750	3750	3600	3650	35.6
8093	極東貿易	955	959	904	929	117
8095	イワキ	230	230	230	230	11
8096	兼松エレク	480	480	460	461	23
8097	三愛石	294	295	280	280	26
8098	稲畑産	519	524	510	515	53
8100	藤井	80	80	79	80	57
8101	ＧＳＩクレ	101	105	98	98	122
8103	明和産	102	102	100	101	25
8105	丸正	249	255	245	255	43
8107	キムラタン	85	85	78	80	31
8109	山洋工	100	100	100	100	1
8110	川鉄商事	115	115	105	105	238
8111	ゴルドウイン	123	123	117	121	59
8112	東スタイル	869	890	863	885	244
8113	ユニチャーム	6710	6780	6600	6720	88.5
8114	デサント	187	190	187	189	22
8115	ムーンバット	125	125	121	123	9
8116	ダーバン	345	345	335	339	227
8117	中央自	256	256	248	248	12
8118	キング	177	210	173	190	177
8119	三栄コ	660	663	655	660	13
8120	大木	290	290	260	260	6
8123	川辺	123	123	123	123	3
8125	ワキタ	265	275	265	270	40
8126	三光純薬	295	300	295	300	2
8127	ヤマトインタ	135	135	135	135	5
8128	エフワン	85	85	85	85	2
8129	東邦薬	369	369	365	365	2
8130	サンゲツ	1905	1999	1905	1945	33
8131	ミツウロコ	532	557	532	540	22
8132	シナネン	420	420	395	395	102
8133	伊藤忠エネ	306	320	305	307	85
8134	ＴＯＫＡＩ	1285	1295	1220	1230	337
8135	ゼット	126	126	126	126	3
8136	サンリオ	3590	3630	3500	3540	85
8137	サンワテク	740	740	710	711	12
8138	三京化	260	260	259	259	10
8139	ナガホリ	245	260	245	260	4
8140	リョーサン	1920	1923	1881	1899	96
8141	新光商	990	998	980	981	40
8142	トーホー	810	810	810	810	10
8143	ラピーヌ	81	87	81	87	38
8144	電響社	335	339	335	335	29
8145	中部水産	390	390	390	390	3
8146	小杉産	169	169	169	169	22
8147	トミタ	181	181	180	180	2
8148	上原成	291	291	290	290	4
8150	三信電	720	735	720	735	61
8151	東陽テク	2680	2680	2505	2505	48
8152	ソマール	260	265	255	255	12
8153	モスフード	1117	1130	1088	1122	71
8154	加賀電子	1280	1326	1265	1310	20
8155	三益半導	1900	1930	1856	1862	72.6
8156	ガステック	521	521	521	521	11
8157	都築電	606	616	606	616	11
8158	ソーダニッカ	190	190	190	190	6
8159	立花エレ	616	616	603	603	26
8160	木曽路	1100	1101	1100	1100	6
8161	エイデン	910	928	909	925	75
8163	サトＲＳ	715	715	712	715	13
8164	キャビン	115	118	115	117	33
8165	千趣会	1151	1189	1144	1144	71
8166	タカキュー	226	241	224	225	100
8167	丸久	183	183	170	170	16
8168	ケーヨー	374	374	337	340	96.6
8169	宝船	319	350	310	350	7
8170	アデランス	3350	3400	3260	3370	181.2
8171	ＭＶ中部	0	0	0	0	0
8172	第一家庭電器	64	64	61	62	213
8173	上新電	285	295	285	290	9
8174	日ガス	581	585	576	576	11
8175	ベスト電	690	690	660	661	45
8176	西洋フードシス	398	410	397	410	70
8178	マルエツ	299	299	290	294	105
8179	ロイヤルＨＤ	911	920	910	915	39
8180	すかいらく	2750	2775	2720	2775	115
8181	東天紅	1381	1450	1360	1450	63
8182	いなげや	793	793	763	789	35
8183	セブン−イレブン	10900	11650	10550	11000	754
8184	島忠	1169	1190	1169	1184	66.1
8185	チヨダ	549	550	526	530	18.5
8186	大塚家具	25600	25700	23800	24000	10
8188	ヨークベニ	2440	2490	2440	2490	102.9
8189	マツヤデンキ	300	300	285	285	12
8190	ヤマナカ	1800	1800	1800	1800	1.5
8191	光製作	600	600	600	600	1
8192	中川無線	85	89	83	87	71
8193	鈴丹	118	120	118	118	51
8194	ライフコーポ	576	576	565	566	58
8195	デニーズジャパン	1787	1789	1760	1789	20
8196	カスミ	400	406	395	395	28
8197	東急ストア	281	292	281	284	122
8199	デオデオ	850	865	848	860	103.3
8200	リンガハット	1010	1010	1010	1010	5.5
8201	さが美	227	227	218	220	11
8202	ラオックス	550	550	530	542	92
8203	ＭｒＭａｘ	340	340	335	338	17.7
8204	ジョナサン	1230	1240	1230	1230	7
8205	シャクリー	850	850	850	850	1
8206	アポロイン	0	0	0	0	0
8207	テンアライド	433	441	432	440	20.3
8208	エンチョー	550	560	550	560	3
8209	フレンドリ	510	515	510	510	4
8210	フットワーク	249	250	248	248	18
8211	相鉄ローゼ	555	555	545	551	12
8212	オーク	171	171	171	171	1
8213	トステムビバ	307	307	297	307	91
8214	アオキインタ	325	330	322	323	94.8
8215	銀座山形屋	286	286	286	286	6
8216	フォルクス	500	535	500	535	5
8217	オークワ	889	889	889	889	5
8218	コメリ	3390	3390	3180	3250	38.1
8219	青山商	1401	1462	1401	1455	190.6
8225	タカチホ	0	0	0	0	0
8226	理経	600	600	556	580	23
8227	しまむら	10980	11500	10800	11500	42.7
8228	マルイチ	1100	1100	1100	1100	3
8229	ＣＦＳコーポ	831	931	811	889	7
8230	はせがわ	389	410	389	410	25
8231	三越	420	432	410	432	1250
8232	東急百貨店	95	96	90	90	703
8233	高島屋	757	757	730	738	338
8234	大丸	309	315	306	314	363
8235	松坂屋	240	245	238	245	75
8236	丸善	237	250	234	250	442
8237	松屋	400	400	380	380	20
8238	伊勢丹	870	870	826	850	329
8239	横浜松坂屋	77	77	75	77	28
8240	サッポロライオン	560	560	551	551	10
8241	阪神百貨店	0	0	0	0	0
8242	阪急百	434	460	434	460	206
8243	そごう	97	99	90	99	626
8244	近鉄百貨店	145	150	142	146	49
8245	丸栄	202	210	202	202	4
8247	大和	192	195	192	195	4
8248	ニッセン	530	530	510	518	14.2
8249	東洋物	621	621	620	620	2
8250	小松ストアー	0	0	0	0	0
8251	パルコ	286	286	280	281	59
8252	丸井	1538	1630	1538	1620	989
8253	クレセゾン	1499	1519	1480	1511	400.1
8254	さいか屋	464	464	464	464	9
8255	原信	960	960	960	960	5
8256	プロルート	221	221	220	220	17.5
8257	山陽百	0	0	0	0	0
8258	ＯＭＣカード	401	408	399	403	244
8259	十字屋	69	72	68	71	226
8260	井筒屋	204	207	200	201	514
8261	ｼ鉄百貨店	264	264	264	264	1
8262	長崎屋	24	40	20	27	72105
8263	ダイエー	360	360	344	351	1031
8264	イトーヨーカ堂	6700	6920	6600	6600	664
8265	壽屋	134	138	130	138	19
8266	イズミヤ	650	670	650	670	55
8267	イオン	1355	1395	1355	1395	269
8268	西友	200	202	199	201	366
8269	マイカル	327	330	325	329	488
8270	ユニー	790	826	790	790	134
8273	イズミ	595	603	595	603	36
8274	東武ストア	179	179	169	170	53
8275	フォーバル	3100	3200	3010	3130	14
8276	平和堂	585	585	565	575	43
8278	フジ	1950	1961	1921	1959	13.1
8279	ヤオコー	1400	1440	1400	1430	2.9
8280	富士冷機	416	416	411	415	53
8281	ゼビオ	1641	1641	1599	1601	25.3
8282	ギガスケーズ	2350	2350	2270	2280	35.4
8283	パルタック	470	480	470	480	8
8285	三谷産業	0	0	0	0	0
8286	藍  屋	1590	1600	1580	1600	15
8287	ＭＶ西日本	1079	1079	1012	1012	4
8289	オリンピック	2350	2400	2295	2295	8.1
8290	デンコードー	715	715	699	699	6
8291	東日カーライフ	200	200	194	194	12
8292	東いすず	0	0	0	0	0
8293	愛トヨ	768	768	766	766	22
8295	キャノンシステム	600	615	600	600	28
8298	ファミリー	270	275	270	275	4
8299	大栄太源	0	0	0	0	0
8301	日銀	91500	91500	91100	91100	0.2
8302	興業銀行	830	845	828	840	3089
8311	第一勧銀	849	850	827	850	3881
8314	さくら銀行	716	716	685	700	6163
8315	東京三菱銀	1415	1460	1404	1441	4858
8317	富士銀行	885	900	869	875	5679
8318	三井住友銀行	1381	1433	1381	1432	4990
8319	大和銀行	290	291	281	281	1706
8320	三和銀行	1014	1020	995	1015	3644
8321	東海銀行	559	580	550	576	3126
8322	あさひ銀行	510	547	504	547	4662
8324	第四銀	399	400	384	387	89
8325	北越銀	269	270	264	270	100
8326	福岡銀	610	640	607	640	1211
8327	西日本シティ銀	381	381	362	371	103
8331	千葉銀	436	440	430	436	722
8332	横浜銀	375	380	360	364	1618
8333	常陽銀	390	394	390	394	474
8334	群馬銀	571	577	560	577	458
8335	足利銀行	225	226	215	225	224
8336	武蔵銀	4400	4450	4400	4400	5.1
8337	千葉興	1200	1203	1152	1152	19.2
8338	関東つくば銀	1425	1446	1420	1420	3.8
8339	都民銀	3260	3310	3240	3270	8.9
8341	七十七	848	850	838	840	169
8342	青森銀	500	504	495	495	28
8343	秋田銀	411	411	400	403	143
8344	山形銀	532	540	520	540	85
8345	岩手銀	3890	3900	3850	3900	7.2
8346	東邦銀	390	390	381	382	63
8349	東北銀	0	0	0	0	0
8350	みちのく銀	600	602	586	602	60
8353	北海道銀行	150	150	146	150	131
8355	静岡銀	855	861	845	849	470
8356	十六銀	461	462	435	450	152
8357	北陸銀行	260	260	255	259	182
8358	スルガ銀	1401	1410	1395	1410	304
8359	八十二	596	600	580	582	303
8360	山梨銀	403	414	401	413	171
8361	大垣共立	535	536	520	535	47
8362	福井銀	285	300	285	297	182
8363	北国銀	384	384	370	374	252
8364	清水銀	4290	4290	4220	4240	3.1
8365	富山銀	0	0	0	0	0
8366	滋賀銀	515	515	502	511	25
8367	南都銀	730	730	680	700	51
8368	百五銀	496	496	470	494	63
8369	京都銀	505	505	499	500	156
8370	紀陽銀	289	291	278	284	67
8371	近畿大阪銀	210	210	210	210	4
8372	泉州銀	365	365	360	365	77
8374	三重銀	540	540	515	515	34
8375	池田銀	5400	5400	5210	5250	4.6
8379	広島銀	412	414	398	410	389
8380	山口銀	718	718	695	699	177
8381	山陰合銀	542	542	529	534	140
8382	中国銀	1030	1030	930	930	122
8383	鳥取銀	356	370	331	336	13
8385	伊予銀	680	680	650	651	114
8386	百十四	665	665	635	642	61
8387	四国銀	630	631	620	630	49
8388	阿波銀	517	517	510	511	42
8390	鹿児銀	415	415	400	401	86
8391	親和銀行	325	335	325	335	38
8392	大分銀	466	480	461	475	58
8393	宮崎銀	378	378	352	352	24
8394	肥後銀	450	450	443	446	158
8395	佐賀銀	340	340	334	340	141
8396	十八銀	315	328	315	321	154
8397	沖縄銀	2445	2445	2410	2420	3.3
8399	琉球銀	1363	1400	1345	1365	8.3
8401	三井信託	159	160	157	157	7348
8402	三菱信託	883	915	871	915	1016
8403	住友信	697	705	694	698	1185
8404	みずほ信託銀	138	138	134	138	2415
8405	日本信託	159	164	145	158	358
8407	東洋信託	336	338	326	332	1000
8408	中央三井信	557	557	541	544	702
8489	アプレック	615	615	615	615	12
8493	インター	2500	2500	2300	2300	6.1
8507	学研クレジット	705	705	702	702	4
8508	イッコー	748	750	740	740	26
8511	日証金	753	771	750	766	356
8512	大証金	375	378	362	374	134
8513	中証金	0	0	0	0	0
8515	アイフル	15700	15700	13800	14500	43.2
8518	アジア投資	815	815	780	790	652
8519	ポケットＣ	3120	3220	3110	3180	18
8520	殖産銀行	393	393	393	393	1
8521	長野銀	499	499	474	479	9
8522	名古屋銀	610	610	595	604	46
8523	近畿銀行	0	0	0	0	0
8524	北洋銀行	537	537	513	523	56
8527	愛知銀	7190	7260	7100	7110	1.7
8528	岐阜銀	0	0	0	0	0
8529	第三銀	456	460	445	451	132
8530	中京銀	447	450	419	434	38
8533	広島総合銀行	440	449	435	439	19
8536	東日銀	649	663	641	663	45
8537	大光銀	287	288	287	288	8
8539	福岡シティ銀	454	455	449	455	117
8541	愛媛銀	462	462	451	461	30
8542	トマト銀	0	0	0	0	0
8543	みなと銀	224	227	220	221	85
8544	京葉銀	314	314	307	311	158
8545	関西アーバン	195	201	195	200	33
8548	九州銀行	315	315	312	313	24
8549	せとうち銀行	400	400	399	399	21
8550	栃木銀	700	704	671	703	20
8551	北日銀	5480	5480	5220	5440	2.4
8552	びわこ銀	330	330	325	325	15
8556	香川銀	556	556	555	555	9
8558	東和銀	444	444	436	440	107
8561	徳島銀	790	790	781	790	28
8562	福島銀	335	345	335	345	21
8563	大東銀	330	335	321	334	33
8564	武富士	10160	10350	9900	10000	251
8565	三洋クレ	4200	4200	4010	4190	19.5
8566	リコーリース	2840	2840	2660	2745	35
8567	クレディア	2200	2205	2100	2120	13.5
8568	シンキ	2585	2585	2495	2495	26.9
8569	ユニココーポ	0	0	0	0	0
8570	イオンクレ	5050	5300	5050	5300	255.9
8571	ニッシン	4950	4950	4800	4810	2.3
8572	アコム	10900	11240	10720	10920	70.6
8573	三洋信販	3150	3180	3000	3040	100.1
8574	プロミス	6840	7150	6840	6990	129.8
8577	ロプロ	1809	1850	1780	1820	92.4
8579	東京リース	601	651	601	601	6
8580	ファーストクレジット	315	330	301	314	646
8582	日貿信	68	69	65	65	117
8583	日信販	276	276	265	269	584
8584	ジャックス	365	365	356	360	224
8585	オリコ	464	464	440	440	1085
8586	日立キャピ	1680	1720	1671	1720	150
8587	ライフ	240	240	231	233	47
8588	セントラル	391	391	350	350	95
8589	アプラス	147	148	143	146	25
8591	オリックス	17000	17100	16470	16650	205.8
8592	住商リース	1370	1410	1365	1398	70
8593	ダイヤリース	1490	1566	1490	1558	17
8595	ジャフコ	24500	24700	20600	22800	533
8597	ＳＦＣＧ	15000	15070	14650	14900	43.91
8599	ＵＦＪセント	0	0	0	0	0
8601	大和証Ｇ	1860	1909	1840	1898	7328
8603	日興コーデ	1439	1439	1405	1415	3895
8604	野村ＨＤ	3110	3130	3050	3130	4326
8606	新光	586	588	572	580	1796
8607	みずほイン証	298	298	285	290	934
8608	和光証券	580	583	575	580	1642
8609	岡三ＨＤ	1082	1100	1060	1060	679
8610	さくらフレンド	409	411	400	410	759
8611	コスモ証	340	340	330	332	261
8612	第一証券	225	227	222	224	1868
8613	丸三	920	920	908	914	201
8614	東洋	611	611	591	591	293
8615	三菱証	1730	1735	1720	1730	183
8616	東海東京	518	518	497	508	620
8617	光世	387	390	382	383	306
8618	太平洋証	299	305	299	299	649
8620	東海丸万	890	890	860	870	262
8621	ＵＦＪつばさ証券	815	815	800	805	245
8622	水戸	590	600	590	600	239
8623	ＳＭＢＣ証	481	490	473	475	163.5
8624	いちよし証	1320	1380	1320	1322	447
8625	高木	464	475	450	464	37
8691	証券代	1200	1200	1200	1200	7
8692	だいこう	860	860	860	860	54
8742	小林洋行	1220	1230	1200	1200	3
8743	ひまわり証	280	281	280	281	14
8744	日本ユニコム	960	990	960	990	3
8745	グローバリー	1280	1300	1280	1300	9
8746	第一商品	350	363	345	362	137
8747	豊商事	0	0	0	0	0
8748	岡藤商事	465	465	450	450	4
8749	エース交易	410	417	403	403	50
8751	東京海上火災	1056	1057	1040	1049	2204
8752	三井住友海上	457	467	455	463	794
8753	住友海上火災	485	495	485	489	905
8754	日本興亜	259	259	255	258	131
8755	損害保険Ｊ	443	445	431	440	1386
8756	日産火災海上	269	271	266	268	269
8757	日新火	266	266	263	265	57
8758	千代田火災	275	275	268	271	273
8759	ニッセイ同和	273	273	260	262	214
8760	日動火災海上	435	437	429	436	556
8761	あいおい損保	280	282	272	274	695
8762	興亜火災	237	242	237	242	173
8763	富士火	213	213	207	209	390
8764	太陽火災	0	0	0	0	0
8765	大成火災海上	215	215	211	213	112
8801	三井不	904	938	898	925	2319
8802	菱地所	968	997	954	985	1818
8803	平和不	270	279	265	278	386.5
8804	東建物	193	193	182	185	229
8805	中央地	120	120	120	120	5
8806	ダイビル	601	604	595	603	138
8809	サンケビル	317	317	316	316	8
8810	港振興	0	0	0	0	0
8815	東急不	105	105	101	105	313
8817	阪急不動産	360	360	355	355	30
8818	京阪神不	296	310	291	310	56
8821	立飛企	2385	2400	2385	2400	3
8826	エルカク	2	3	1	3	7032
8829	大和団地	226	227	213	215	154
8830	住友不	312	319	310	318	1442
8832	小田急不	169	169	154	154	19
8833	東宝不	388	388	370	379	43
8834	藤和不	59	60	57	60	315
8835	太平発	114	114	110	112	53
8836	ヒューネット	860	860	780	799	2203
8838	有楽地	100	100	98	100	32
8839	ニチモ	81	81	76	77	57
8840	大京	210	212	208	210	404
8841	テーオーシー	641	660	638	639	72
8842	楽天地	345	345	330	331	17
8844	リクコスモス	533	533	500	501	17
8845	セザール	220	224	220	221	49
8846	積和不動産	418	430	415	425	18
8848	レオパレス	375	375	366	367	82
8850	スターツ	500	500	500	500	18
8851	アバンライフ	199	199	199	199	2
8852	積和不動関西	360	395	352	362	34
8853	ダイヤシティ	340	350	340	350	10
8854	日住	268	268	268	268	1
8855	全日空ビル	0	0	0	0	0
8857	三井不動販売	410	415	400	400	91
8858	ダイア建	204	204	195	200	24
8860	フジ住	520	520	505	505	40
8863	積和不動中部	630	630	630	630	8
8864	空港施設	497	505	496	505	70
8865	神鋼興産	302	302	300	302	18
8866	コマーシャル	460	470	460	470	10
8867	横浜地下街	0	0	0	0	0
8868	ＵＲＢＡＮ	7100	7200	6750	6900	77
8869	明和地所	2430	2500	2380	2380	19.3
8870	住不販売	2500	2500	2400	2410	9
8871	ゴールドクレ	10000	10000	9810	9990	19.5
8872	エイブル	6000	6200	6000	6000	41
8873	積和不動中国	665	665	665	665	1
8874	ジョイント	4240	4240	4100	4100	45
8875	東栄住宅	1900	1960	1900	1930	6
8876	リロＨＤ	0	0	0	0	0
8877	エスリード	2385	2385	2260	2270	19
8878	日綜地所	1320	1340	1300	1300	16
8879	東急リバブル	559	560	559	560	3
8880	飯田産業	1900	1900	1850	1850	3
9001	東武	318	325	318	323	740
9002	西武鉄道	1540	1540	1450	1451	128
9003	相鉄	301	303	290	295	200
9004	箱根登山鉄道	300	300	286	295	10
9005	東急	458	469	451	469	2160
9006	京急	410	415	408	415	570
9007	小田急	359	371	357	370	771
9008	京王	385	390	382	390	485
9009	京成	293	300	293	300	568
9010	富士急	352	352	316	326	36
9012	秩父鉄	0	0	0	0	0
9013	伊豆箱根鉄道	14000	14000	13000	13000	0.5
9014	新京成	320	320	315	315	7
9017	新潟交	0	0	0	0	0
9019	伊豆急行	2750	2750	2700	2730	2.1
9020	ＪＲ東日本	490000	492000	471000	486000	5.905
9021	ＪＲ西日本	357000	359000	350000	352000	0.519
9022	ＪＲ東海	696000	705000	691000	700000	1.505
9031	西鉄	280	284	273	280	113
9033	広電鉄	1330	1330	1330	1330	4
9036	東部ネット	585	640	585	635	18
9037	ハマキョウ	1650	1650	1600	1650	5
9038	東海西濃	0	0	0	0	0
9039	サカイ引越	2450	2470	2430	2430	3.3
9040	大宝運輸	0	0	0	0	0
9041	近鉄	440	455	438	455	912
9042	阪急ＨＤ	348	355	348	355	684
9043	阪神	312	312	307	310	85
9044	南海電	465	470	460	461	193
9045	京阪電	359	362	358	362	108
9046	神電鉄	439	439	432	432	33
9047	名糖運輸	1488	1500	1453	1500	12
9048	名鉄	304	310	302	303	215
9049	京福電	0	0	0	0	0
9050	三重交	350	360	350	350	27
9051	センコン物流	0	0	0	0	0
9052	山陽電	295	295	293	295	13
9053	中央運輸	0	0	0	0	0
9054	大和物流	540	550	540	550	3
9055	アルプス物流	550	559	550	550	11
9056	ヒューテック	1230	1230	1230	1230	3
9057	遠州トラック	0	0	0	0	0
9058	トランコム	1300	1340	1200	1340	48
9059	カンダ	280	280	277	277	5
9060	日ロジテム	290	290	290	290	17
9061	富士物流	185	185	165	165	26
9062	日通	820	820	790	790	1878
9063	岡県運送	0	0	0	0	0
9064	ヤマト運	2695	2825	2695	2730	1771
9065	山九	123	125	119	125	339
9066	日新	163	170	163	170	181
9067	丸運	241	243	240	243	7
9068	丸全運	196	196	189	189	90
9069	センコー	215	216	208	208	146
9070	トナミ	200	203	198	199	51
9072	日梱包	608	615	590	599	44
9073	京極運	0	0	0	0	0
9074	日石輸	176	176	170	171	40
9075	福山運	604	609	591	600	315
9076	西濃運	504	525	504	520	168
9077	名鉄運	0	0	0	0	0
9078	エスライン	0	0	0	0	0
9079	東急ロジ	0	0	0	0	0
9080	関東西濃	0	0	0	0	0
9081	神奈交	446	453	446	453	11
9082	大和自	0	0	0	0	0
9083	神姫バ	520	530	520	530	11
9086	日立物流	491	491	483	490	220
9087	タカセ	0	0	0	0	0
9088	濃飛西濃	0	0	0	0	0
9089	ロジパル	398	398	397	397	4
9101	郵船	425	448	425	440	2312
9104	商船三井	205	208	200	205	5010
9107	川崎汽	175	182	175	182	1660
9110	新和海	70	70	69	70	186
9113	乾汽船	75	75	75	75	6
9114	日之出汽船	50	50	49	49	57
9115	明治海	151	152	150	150	14
9119	飯野海	163	165	160	165	245
9123	太平海	54	55	53	53	37
9127	玉井船	46	46	46	46	1
9130	共栄タ	115	115	108	111	19
9132	第一汽	56	58	56	58	210
9133	東栄リーファ	0	0	0	0	0
9151	東京船舶	95	99	94	99	19
9152	関西汽	59	60	55	56	125
9171	栗林船	230	235	230	235	5
9173	東海汽	345	345	340	340	4
9174	ワンダーＴ	290	290	280	287	25
9176	佐渡汽	0	0	0	0	0
9178	日鉄物流	350	350	320	320	7
9179	川崎近海	211	211	210	210	13
9180	新和内航	0	0	0	0	0
9193	東京汽	327	327	327	327	3
9201	日本航空	246	265	244	265	3892
9202	ＡＮＡ	279	300	277	300	1857
9203	日本エアシス	3900	4200	3900	4200	27
9231	国際航	610	627	608	611	25
9232	パスコ	531	599	531	599	146
9233	アジア航	342	343	342	343	8
9301	三菱倉	860	918	860	888	590
9302	三井倉	251	264	251	262	393
9303	住友倉	278	283	276	280	393
9304	渋沢倉	266	266	256	266	36
9305	ヤマタネ	115	115	114	114	37
9306	東陽倉	219	223	219	223	7
9307	杉村倉	569	570	569	570	3
9308	イヌイ建	399	399	380	380	6
9309	京神倉庫	0	0	0	0	0
9310	トランシティ	203	208	194	196	73
9311	アサガミ	239	239	239	239	3
9312	ケイヒン	150	151	149	150	30
9313	丸八倉	160	160	156	156	7
9314	品川倉	155	155	155	155	1
9317	オーナミ	0	0	0	0	0
9318	Ｊブリッジ	274	274	273	273	2
9319	中央倉	539	590	539	590	12
9320	三和倉	152	152	150	150	5
9321	アイロジステ	160	161	160	160	11
9322	川西倉	0	0	0	0	0
9323	ロジステック	0	0	0	0	0
9324	安田倉	360	360	359	360	17
9351	洋埠頭	145	145	139	140	42
9353	桜島埠	175	175	175	175	10
9355	リンコー	150	150	150	150	2
9357	名港海	334	334	334	334	9
9358	宇徳運	124	128	123	123	19
9359	伊勢湾	275	279	271	279	10
9360	鈴与シンワ	170	170	170	170	5
9361	伏木運	0	0	0	0	0
9362	兵機海	0	0	0	0	0
9363	大運	60	60	60	60	2
9364	上組	495	495	458	467	452
9365	トレーディア	93	93	93	93	18
9366	サンリツ	781	785	773	773	7.5
9367	大東港運	0	0	0	0	0
9368	キムラユニテ	0	0	0	0	0
9369	キユソ流通	1730	1730	1730	1730	4
9370	郵船航空	2650	2730	2490	2500	18.5
9373	ニッコウトラ	2150	2150	2100	2130	22
9401	ＴＢＳ	4230	4420	3920	4280	986
9402	ＣＢＣ	980	980	975	980	3
9404	日テレ	107000	118000	105000	108000	145.77
9405	朝日放	10500	10500	10490	10500	1.5
9408	新潟放	960	960	900	900	0.2
9431	ＫＤＤ	8500	8680	8450	8540	141.8
9432	ＮＴＴ	1550000	1560000	1510000	1520000	24.724
9433	ＫＤＤＩ	841000	848000	828000	840000	7.184
9434	ボーダフォン	4900000	4900000	4730000	4790000	0.693
9435	光通信	80300	81300	78800	78800	159.9
9436	沖縄セルラー	800000	800000	790000	800000	0.029
9437	ＮＴＴドコモ	4350000	4390000	4120000	4180000	12.867
9438	ＭＴＩ	5000000	5000000	4800000	4850000	0.086
9439	ビーアイジー	11000000	11000000	10500000	10500000	0.01
9449	ＧＭＯインター	50000	51000	45000	48000	34
9470	学研	235	239	232	238	323
9471	文渓堂	650	650	650	650	1
9472	エスコム	609	609	550	550	81
9473	アスキー	2840	2880	2700	2730	54
9474	ゼンリン	3200	3240	3150	3240	41.4
9475	昭文社	6110	6250	6030	6030	43.9
9476	中央経済	0	0	0	0	0
9477	角川ＨＤ	30750	31000	29600	29600	19.9
9478	翔泳社	14500000	14500000	13500000	13500000	0.006
9501	東電	2305	2395	2300	2320	1554.4
9502	中部電	1610	1630	1581	1599	337.2
9503	関西電	1590	1616	1520	1528	1642.5
9504	中国電	1369	1378	1349	1350	202.3
9505	北陸電	1367	1379	1360	1374	120.3
9506	東北電	1350	1350	1320	1345	434.6
9507	四国電	1320	1325	1300	1310	232.3
9508	九州電	1302	1320	1302	1311	425.4
9509	北海電	1298	1310	1291	1298	369.1
9511	沖縄電	1951	1961	1951	1960	3.7
9531	東ガス	213	214	209	214	4760
9532	大ガス	252	260	250	260	4051
9533	邦ガス	169	175	165	170	355
9534	北ガス	195	195	180	185	36
9535	広ガス	0	0	0	0	0
9536	西部ガス	163	163	154	163	151
9537	北陸ガ	0	0	0	0	0
9539	葉ガス	269	269	250	250	9
9540	中ガス	223	223	223	223	1
9541	大多喜ガス	345	345	345	345	4
9542	新日ガス	0	0	0	0	0
9600	アイネット	1550	1600	1540	1600	15
9601	松竹	589	589	560	564	40
9602	東宝	24000	24000	22800	23500	37.4
9603	ＨＩＳ	7100	7300	6920	7300	46.9
9604	際放映	280	280	276	276	2
9605	東映	907	920	893	895	563
9607	葵プロ	2250	2320	2180	2300	41
9608	福山コンサル	0	0	0	0	0
9609	ベンチャーリ	9350	9350	8900	9000	16.7
9610	ウィルソン	6500	6600	6400	6500	2.9
9611	Ｄワンダー	0	0	0	0	0
9612	ラックランド	2110	2110	2110	2110	0.1
9613	ＮＴＴデータ	1880000	1920000	1860000	1900000	7.235
9614	ベルシス24	92800	92900	89500	89500	7.55
9615	東京美装	837	837	837	837	2
9616	共立メンテ	3600	3750	3520	3570	22.2
9618	エームサービス	1230	1250	1230	1250	2
9619	イチネン	960	1000	960	1000	4.5
9620	スクウェア	14800	14800	13500	13500	78
9621	建設技研	560	590	560	572	23.3
9622	スペース	436	450	435	450	11.5
9623	キヤノンソフ	800	800	790	790	4
9624	長大	550	550	545	545	10
9625	セレスポ	225	225	225	225	1
9626	日本技開	230	230	230	230	1
9627	アインファマ	0	0	0	0	0
9628	燦ＨＤ	3720	3750	3710	3710	1.8
9629	ＰＣＡ	4880	4890	4800	4800	5
9630	アップ	495	495	490	490	2
9631	東急レク	570	570	564	565	3
9632	スバル	335	349	335	349	8
9633	テアトル	182	185	182	185	126
9634	修学社	730	803	706	803	116
9635	武蔵野	0	0	0	0	0
9636	きんえい	0	0	0	0	0
9637	オーエス	0	0	0	0	0
9638	情報技術	1210	1210	1200	1200	4
9639	三協フロンテ	332	336	332	336	2
9640	セゾン情報	930	930	920	920	4
9641	サコス	165	170	165	170	5.2
9642	コマスタ	10000	10000	10000	10000	0.2
9643	中日興	18700	18700	18700	18700	0.1
9644	タナベ経営	960	1020	900	970	146
9645	ダイヤモンドコン	2070	2190	2050	2190	14
9646	タイトー	125000	125000	121000	121000	1.547
9647	協和コンサル	334	334	330	330	5
9648	ウエスコ	360	360	355	355	5.9
9649	明電エンジニア	630	630	608	611	14.3
9650	テクモ	3520	3550	3360	3360	62.1
9651	日本プロセス	0	0	0	0	0
9652	日本医療	2740	2740	2650	2690	48
9653	ＳＢＩパートナ	2460	2700	2450	2700	43
9654	コーエー	5380	5590	5360	5500	77.7
9656	三井ランド	590	593	590	593	7.1
9657	コムテック	475	475	470	470	3
9658	ビジ太田昭	1050	1060	980	1000	18
9660	ＣＲＣソリュ	2630	2630	2600	2620	3
9661	歌舞伎	3790	3790	3700	3700	5
9662	アイフル	650	650	635	635	16
9663	ナガワ	770	770	740	760	10
9664	御園座	1049	1050	1049	1049	14
9665	吉本興	1475	1483	1465	1466	24
9667	ホリプロ	1150	1170	1150	1160	10
9668	相鉄企業	0	0	0	0	0
9669	オークネット	5900	5960	5730	5840	71.4
9671	よみランド	325	325	310	315	27
9672	東競馬	139	140	137	137	146
9673	甲子園土地	0	0	0	0	0
9674	花月園	215	215	214	215	7
9675	常磐興	138	141	135	141	184
9676	松戸公産	460	480	460	480	10
9677	日本ジャンボ	799	820	799	820	5.6
9678	カナモト	880	890	870	884	97
9679	ホウライ	0	0	0	0	0
9680	共成レンテム	720	720	715	715	5
9681	東京ドーム	550	563	536	558	454
9682	ＤＴＳ	7850	7850	7500	7700	53.8
9684	スク・エニ	9500	9500	9240	9300	60.3
9685	共同コンＨＤ	410	410	410	410	6
9686	東洋テック	500	500	490	500	13
9687	ＫＳＫ	811	811	811	811	2
9689	グリンハウス	0	0	0	0	0
9691	両毛システム	0	0	0	0	0
9692	シーイーシー	1965	2000	1960	1970	19
9694	日立ソフト	12000	12130	11400	11450	165.5
9695	鴨川グランド	385	390	385	390	6
9696	ウィザス	461	461	450	455	8
9697	カプコン	7440	7580	6900	7100	378.1
9698	クレオ	1560	1560	1500	1520	8
9699	西尾レント	700	700	689	689	9.1
9700	エスアールエル	1458	1458	1405	1420	21
9701	会舘	292	295	290	290	21
9702	アイエスビー	3400	3500	3200	3500	7
9703	ジェネラスコーポ	96	98	95	96	42
9704	東海観	97	104	95	97	3657
9706	日本空港ビル	1060	1060	1018	1035	205
9707	メデカＪ	1560	1580	1510	1510	40
9708	帝ホテル	1724	1724	1724	1724	1
9709	日コンピュタ	772	773	772	772	5
9710	第一ホテ	300	305	288	288	93
9711	日コンシス	472	472	472	472	2
9712	ファイ	1070	1070	990	1030	145
9713	ロイヤルホ	270	280	270	280	13
9714	ＳＲＡ	2150	2150	2150	2150	1
9715	トランスコス	30800	32000	29300	29700	282.4
9716	乃村工芸社	369	369	359	359	5
9717	ジャステック	3300	3300	3270	3300	6
9718	国際観光会館	150	164	150	164	2
9719	住商情報	6060	6060	5600	5600	30
9720	グランド	0	0	0	0	0
9722	藤田観	600	600	590	600	48
9724	新阪急ホテル	229	239	229	239	11
9725	東急ホテル	222	222	205	207	148
9726	近ツーリスト	300	303	290	290	33
9727	東急観光	122	123	121	121	20
9728	日本管財	1990	2000	1990	2000	51
9729	トーカイ	0	0	0	0	0
9730	ワオコーポ	0	0	0	0	0
9731	白洋舎	296	296	290	290	5
9732	東映ラボ	232	232	232	232	2
9733	ナガセ	1960	2000	1960	2000	5
9734	精養軒	0	0	0	0	0
9735	セコム	8900	8900	8370	8400	499
9736	白青舎	174	175	172	175	103
9737	ＣＳＫ	5560	5570	4950	5190	788.9
9738	インテック	3340	3440	3300	3300	119
9739	ＮＳＷ	8800	8800	8300	8340	13.1
9740	ＣＳＰ	624	625	624	625	8
9741	日立情報	5010	5100	4900	4900	66
9742	アイネス	2100	2100	2050	2050	99
9743	丹青社	691	692	686	690	20
9744	メイテック	3160	3300	3150	3250	178.6
9746	ＴＫＣ	2620	2625	2510	2530	33.7
9747	アサツーＤＫ	5590	5590	5130	5150	165.8
9748	ＮＪＫ	820	820	800	805	20
9749	富士ソフト	6250	6300	6100	6150	50.7
9750	ソラン	2720	2720	2680	2710	30
9751	ＴＩＳ	6700	6770	6200	6300	77
9752	ナムコ	4850	4870	4510	4600	408.1
9753	ＩＸナレッジ	860	870	860	870	4
9755	応用地質	1230	1250	1190	1250	31.1
9756	ＡＳＫ	830	830	770	800	20
9757	船井研	952	952	941	950	19
9758	ジシステム	960	960	940	950	38
9759	日システムデ	12510	12700	11750	11750	20.9
9760	進学会	350	370	350	370	4
9761	東海リース	206	210	200	210	34
9762	大和リース	298	299	292	299	675
9763	丸紅リ	195	199	194	199	51
9764	技研興	215	215	210	210	34
9765	オオバ	170	170	170	170	6
9766	コナミ	14460	14460	13420	13700	475.1
9767	日建工学	280	280	270	280	12
9768	国土環境	1050	1050	1000	1000	8
9769	学究社	551	551	551	551	3
9776	札臨	381	381	381	381	2
9777	日電計算	2870	2895	2835	2890	14.9
9778	昴	0	0	0	0	0
9779	メフォス	1120	1120	1120	1120	2
9780	ビステム	0	0	0	0	0
9781	石川島汎サ	443	443	443	443	1
9782	ＤＭＳ	1120	1120	1120	1120	1
9783	ベネッセ	18400	18400	16800	16990	155.6
9784	日工検	1500	1500	1500	1500	1.5
9785	大新東	370	380	370	380	13
9786	キャッツ	1590	1680	1590	1612	39
9787	Ｊメンテ	987	992	956	956	15.7
9788	ナック	1050	1080	1010	1080	16.7
9789	栄光	420	420	415	419	5
9790	福井コン	710	738	700	700	12.5
9791	ビケンテクノ	852	852	810	810	17
9792	ニチイ学館	12850	13000	12000	12490	83.9
9793	ダイセキ	2090	2090	2020	2045	15.8
9794	カラカミ観光	1050	1050	1050	1050	8
9795	ステップ	785	785	785	785	2
9796	ダイテック	1470	1470	1430	1430	6.3
9797	大日本コン	290	290	290	290	0.8
9798	シダックス	2910	2910	2900	2900	5.3
9799	旭情報	1600	1620	1570	1610	13
9810	日鉄商	108	108	105	105	19
9811	アスティス	0	0	0	0	0
9812	テーオー	0	0	0	0	0
9813	トッキ	2650	2650	2520	2520	8
9814	アシックス商	690	705	690	695	5
9815	カテナ	851	860	830	832	74
9816	バーテックス	720	731	720	730	7
9817	ゴトー	1030	1030	1030	1030	13
9818	大丸エナ	710	710	710	710	1
9820	エムティＧ	0	0	0	0	0
9821	日アムウ	840	840	840	840	0.7
9822	なが多	82	86	80	85	521
9823	マミーマート	1190	1200	1100	1100	3.1
9824	泉州電	650	650	650	650	2
9825	アズウェル	425	430	425	430	61
9826	ＪＥＵＧＩＡ	220	220	220	220	1
9827	リリカラ	190	200	183	183	12
9828	元気寿司	1195	1195	1130	1152	5
9829	ながの東急	360	360	360	360	1
9830	トラスコ中山	1245	1245	1241	1241	11.5
9831	ヤマダ電	9250	9390	9200	9380	28
9832	オートバクス	2930	2935	2875	2930	38.8
9833	エルクコーポ	687	735	687	735	3
9834	リオチェン	400	401	400	401	5.4
9835	ジュンテン	0	0	0	0	0
9836	リーバイス	665	680	665	680	9
9837	モリト	500	500	490	490	8
9838	トラベラー	820	820	800	800	2
9839	ゲッツブラザーズ	504	504	500	501	7.5
9840	ホーマック	2150	2155	2090	2090	15.7
9841	ＢＭＢ	474	480	440	445	208
9842	アークランド	1020	1020	1020	1020	13
9844	ユーエスシー	1590	1600	1500	1500	34
9845	パーカー	304	304	300	300	5
9846	天満屋ス	0	0	0	0	0
9847	ソリスト	430	440	407	440	14
9848	トヨタカローラ岐阜	0	0	0	0	0
9849	河内屋紙	563	563	563	563	2
9850	グルメ杵屋	700	700	698	700	29
9852	中央物産	326	326	291	291	18
9853	銀座ルノア	531	531	531	531	1
9854	愛眼	1140	1140	1090	1102	15.1
9855	くろがねや	445	445	440	445	14
9856	ケーユー	800	848	800	800	13.9
9857	英和	345	350	345	350	3.5
9858	明光商会	1980	2000	1980	2000	6.6
9859	ユーストア	765	795	735	795	19
9860	岐阜日野	0	0	0	0	0
9861	吉野家ディー	1870000	1880000	1800000	1800000	0.047
9862	メモレックス・テレ	385	385	381	381	10
9863	靴のマルトミ	173	173	170	170	6.1
9864	ナカイ	306	306	300	300	6
9865	日商エレク	4400	4610	4400	4450	88
9867	ソレキア	850	850	790	800	75
9868	トリイ	0	0	0	0	0
9869	加藤産	650	660	650	660	11
9870	ハナテン	1860	1880	1860	1880	1.9
9871	イトーキ	230	230	229	229	12
9872	北恵	190	191	190	190	6
9873	ケンタッキー	1052	1075	1050	1050	12
9875	マツモトキヨ	8400	8900	8370	8500	83.9
9876	コックス	520	520	509	509	8
9877	マルフル	0	0	0	0	0
9878	セキド	580	580	580	580	1
9879	フタタ	158	158	158	158	2
9880	イノテック	5000	5100	4590	4880	164.9
9882	イエロハット	947	1001	947	992	22.2
9883	富士エレ	1960	2000	1910	1910	7
9884	都築電産	1120	1120	1100	1120	10
9885	シャルレ	740	756	740	740	30
9887	松屋フーズ	3070	3070	2950	2950	17
9888	ＵＥＸ	326	326	326	326	1
9889	ＪＢＣＣ	5960	6050	5730	5760	58
9890	マキヤ	1200	1200	1200	1200	5
9892	卑弥呼	1000	1010	995	1000	100
9893	ホームワイド	415	420	415	420	2
9894	アトル	510	510	510	510	1
9895	コンセック	0	0	0	0	0
9896	Ｊ建材	551	560	551	560	7
9897	ユニダックス	702	702	700	700	10
9898	サハダイヤ	440	450	400	415	414
9899	サンデサン	690	690	680	680	2
9900	サガミ	705	705	692	701	30
9901	宮	900	940	900	940	6
9902	日伝	1410	1410	1410	1410	3
9903	カンセキ	113	114	113	114	2
9904	ベリテ	220	220	220	220	15
9905	コージツ	0	0	0	0	0
9906	藤井産業	544	544	544	544	3
9907	大電社	755	755	750	750	4
9908	日本電計	600	600	600	600	2
9909	愛光電気	292	300	292	300	3
9911	真電	0	0	0	0	0
9912	ダイワボ情	1610	1660	1580	1580	94.5
9913	日邦産業	337	337	337	337	3
9914	植松商会	310	310	310	310	3
9915	アサヒビールＳ	420	420	420	420	1
9916	バイタルＮ	630	630	590	599	16.3
9917	マツモト電器	0	0	0	0	0
9918	ダイワラクダ	375	380	370	380	15
9919	関西スーパ	520	520	520	520	5
9920	シービーエム	1500	1500	1500	1500	0.3
9921	ギガス	498	498	490	495	6
9922	日立機材	620	620	620	620	1
9923	ダイトーエム	415	430	415	425	11
9924	ドミー	498	500	498	500	3
9925	北の家族	1160	1160	1100	1100	9
9926	ダイカ	380	399	380	395	11
9927	ワットマン	370	370	370	370	2
9928	ミロク情報	1650	1650	1610	1610	14.5
9929	平和紙業	470	480	470	470	10
9930	北沢産	241	250	241	241	9
9931	家族亭	660	670	660	670	2
9932	杉本商	480	480	470	471	10.5
9934	因幡電産	1140	1140	1130	1135	15.3
9935	あずみ	0	0	0	0	0
9936	王将フード	1500	1510	1490	1505	21
9937	セシール	3800	3890	3600	3600	29.1
9938	住金物産	83	88	83	88	16
9939	すみや	0	0	0	0	0
9940	クラヤ薬	1212	1225	1198	1225	56.8
9941	太洋物産	179	180	179	180	6
9943	ココス	600	600	599	599	2
9944	インパクト	1640	1650	1549	1550	17.6
9945	プレナス	5360	5400	5360	5380	42
9946	ミニストップ	2400	2400	2325	2350	23.8
9947	シムリー	1400	1400	1200	1230	18.6
9948	アークス	1310	1390	1300	1300	10
9949	タイヨー	0	0	0	0	0
9950	ハチバン	0	0	0	0	0
9951	カーマ	520	550	518	545	43
9952	ドトール	7500	7900	7500	7700	24.5
9953	ダイキ	1323	1380	1323	1380	14.9
9954	東京小僧寿し	610	612	610	610	10
9955	ヨンキュウ	2390	2400	2330	2350	2.1
9956	バロー	0	0	0	0	0
9957	バイテック	1800	1800	1730	1800	11
9958	サリ	380	380	320	320	19
9959	アシード	931	1000	931	980	15
9960	東テク	430	455	430	450	11
9961	エムオーテック	160	160	160	160	8
9962	駿河製機	11800	12640	11750	12640	35.6
9963	江守商事	0	0	0	0	0
9964	アイ・テック	800	800	800	800	2
9965	福原	520	530	505	510	39
9966	藤久	2290	2290	2170	2170	1.9
9967	堺商事	250	250	250	250	2
9968	イチヤ	201	210	200	205	19
9969	ショクブン	1080	1090	1040	1040	24
9970	東洋オフィス	500	500	500	500	1
9971	カウボーイ	540	540	530	540	36
9972	アルテック	1330	1380	1300	1370	12.8
9973	小僧本部	1080	1080	1080	1080	2
9974	ベルク	1050	1050	1050	1050	2
9975	マルヤ	0	0	0	0	0
9976	セキチュー	594	594	594	594	4
9977	アオキスーパ	0	0	0	0	0
9978	文教堂	3000	3000	2860	2860	6
9979	大庄	918	919	880	880	12.5
9980	マルコ	1000	1060	990	1037	4.6
9981	ニック産業	634	634	634	634	5
9982	タキヒヨー	450	480	450	480	20
9983	ファストリ	38800	39100	37600	38000	43.6
9984	ソフトバンク	99500	104000	87000	87000	749.8
9985	榮太郎	900	905	900	905	2
9986	蔵王産業	0	0	0	0	0
9987	スズケン	2500	2510	2390	2400	245.8
9988	神港魚類	460	460	460	460	1
9989	サンドラッグ	7000	7100	6970	7030	17.1
9990	東京デリカ	600	610	600	600	5
9991	ジェコス	400	400	385	385	24.9
9992	理研グリン	324	339	324	339	8
9993	ヤマザワ	1390	1400	1390	1400	5
9994	やまや	670	670	660	660	5.3
9995	イーストン	875	880	865	865	8
9996	サトー商会	650	650	650	650	4
9997	ベルーナ	2925	2925	2880	2900	20
