20000914
1001	日経２２５	16208	16311	16144	16213	57.314
1002	ＴＯＰＩＸ	1485	1491	1482	1484	57.314
1301	極洋	144	144	140	143	269
1319	日経300F	285	286	285	286	40
1331	ニチロ	163	163	162	163	93
1332	日水	186	187	184	185	610
1333	マルハ	125	128	125	128	418
1351	宝幸水産	70	70	69	70	59
1352	ホウスイ	85	88	84	88	10
1376	カネコ種	773	773	773	773	1
1377	サカタタネ	2065	2075	2060	2060	20.6
1378	雪国まいたけ	651	655	651	655	2
1379	ホクト	3090	3100	3020	3030	31.8
1380	秋川牧園	605	605	605	605	2
1491	中外鉱	270	278	267	276	5784
1501	三井鉱山	103	104	96	100	1446
1503	住友炭	80	80	76	78	117
1515	日鉄鉱	243	243	239	241	19
1518	三井松島	165	167	165	165	45
1601	帝石	500	508	475	498	4816
1603	アラビア石油	356	370	345	370	171.1
1661	ガス開	554	560	530	550	718
1701	昭和鉱	335	347	330	347	174
1702	共立マテリア	443	443	443	443	1
1735	伊田テクノス	0	0	0	0	0
1736	オーテック	295	300	295	300	4
1737	三井エンジ	360	365	355	355	3
1738	ＮＩＴＴＯＨ	375	375	375	375	1
1739	ＳＥＥＤ	350000	350000	350000	350000	0.003
1740	極東工業	352	352	352	352	1
1741	ミサワサンイ	0	0	0	0	0
1742	セコムテクノ	2610	2655	2610	2650	7
1743	コーアツ工業	0	0	0	0	0
1744	キョーエイ	570	580	570	580	14
1745	ミサワホーム東海	0	0	0	0	0
1746	光和建設	0	0	0	0	0
1748	ミサワ北日	0	0	0	0	0
1750	カナック	445	445	445	445	5
1751	日立プラサ	0	0	0	0	0
1752	富士通シス	1210	1210	1210	1210	4
1753	土屋ツバイ	0	0	0	0	0
1754	東新住建	815	830	815	830	6
1755	JFE工建	370	370	370	370	2
1756	和興エンジ	0	0	0	0	0
1757	千年の杜	0	0	0	0	0
1758	太洋基礎	455	460	455	460	5
1759	ジオトップ	246	250	246	250	5
1762	高松建設	1350	1350	1300	1350	5.5
1763	北陸ミサワ	0	0	0	0	0
1764	工藤建設	0	0	0	0	0
1765	イビデンテック	302000	302000	302000	302000	0.008
1766	東建コーポ	1330	1330	1330	1330	7
1767	沖ウィン	500	500	500	500	2
1768	ソネック	260	260	260	260	7
1770	藤田エンジ	970	990	956	970	15
1772	東北エンタープライズ	0	0	0	0	0
1774	機動建	208	228	208	228	102
1775	富士電Ｅ＆Ｃ	210	220	210	216	22
1776	三井住建道路	100	100	95	95	15
1777	川崎設備	0	0	0	0	0
1778	古河総設	245	245	245	245	2
1779	松本建工	440	440	420	420	11
1780	ヤマウラ	345	345	345	345	0.5
1781	国土総合	309	309	309	309	5
1782	常磐開発	0	0	0	0	0
1783	南野建設	75	75	75	75	2
1784	サワコー	201	204	181	190	179
1785	ナナボシ	0	0	0	0	0
1786	オリ建	381	385	381	382	6.7
1787	ナカボテック	215	215	215	215	1
1788	三東工業	195	195	195	195	1
1789	山加電業	305	305	300	305	3.5
1790	平和奥田	0	0	0	0	0
1791	三井木材	130	131	130	131	2
1792	みらい建設Ｇ	190	198	190	198	10
1793	大本組	0	0	0	0	0
1795	マサル	0	0	0	0	0
1796	トヨタウッド	285	285	280	280	2.9
1797	藤木工務店	0	0	0	0	0
1798	守谷商会	450	450	450	450	2
1799	第一建設	0	0	0	0	0
1800	利塚地下技術	180	180	180	180	2
1801	大成建	154	155	153	154	695
1802	大林組	401	405	398	400	1127
1803	清水建	308	311	307	309	480
1804	佐藤工業	50	50	48	49	251
1805	飛島建	42	42	40	41	405
1806	ACリアル	37	38	36	37	954
1807	渡辺組	0	0	0	0	0
1808	長谷工	34	34	33	33	856
1809	富士工	63	63	61	63	13
1810	松井建	308	308	301	308	22
1811	銭高組	0	0	0	0	0
1812	鹿島	280	285	280	284	1090
1813	不動建	132	135	132	135	36
1814	大末建	68	69	68	69	21
1815	鉄建	96	98	94	94	608
1816	安藤建	198	200	196	200	21
1817	勝村建	125	125	122	122	19
1818	日産建設	82	82	77	80	87
1819	太平工	139	139	138	139	17
1820	西松建	343	347	337	338	611
1821	三井住友建	62	64	62	63	53
1822	大豊建	154	154	151	153	20
1823	住友建設	75	77	75	77	45
1824	前田建	395	418	395	408	673
1825	環境建設	90	90	86	88	129
1826	佐田建	135	138	135	138	10
1827	ナカノフドー建	81	81	79	80	22
1828	田辺工業	0	0	0	0	0
1829	大和建設	77	77	77	77	1
1830	共栄冷機工業	0	0	0	0	0
1831	積水ハ北陸	665	670	665	670	17
1833	奥村組	345	365	344	361	324
1834	小田急建	231	231	231	231	0.5
1835	東鉄工	220	220	210	210	12
1836	大日本土木	150	150	148	148	20
1837	間組	49	50	49	49	373
1838	古久根建設	89	90	83	90	24
1839	真柄建	140	141	140	141	18
1840	土屋ホーム	294	294	285	286	16.6
1841	サンユ	0	0	0	0	0
1842	昭和テクノ	860	860	860	860	1
1844	大盛工業	115	115	112	112	7
1845	森本組	103	105	95	95	7
1846	鈴縫工	0	0	0	0	0
1847	イチケン	100	103	90	103	27
1848	富士ＰＳ	0	0	0	0	0
1850	南海辰村建	75	75	75	75	3
1851	大木建設	188	188	188	188	5
1852	浅沼組	141	145	141	145	77
1853	森組	0	0	0	0	0
1854	新井組	101	103	100	101	50.3
1855	東急建設	89	89	87	88	270
1856	ジェイオー建設	261	261	240	240	3
1857	松村組	99	104	99	104	31
1858	井上工	68	68	68	68	1
1860	戸田建	396	400	390	390	273
1861	熊谷組	40	40	39	39	5131
1862	横河工事	355	360	355	360	0.9
1863	テトラ	210	210	208	208	6
1865	青木あすなろ建	125	125	125	125	3
1866	北野建	237	240	236	240	35
1867	植木組	170	175	170	175	4
1868	三井ホーム	401	402	400	401	35
1869	名工建	0	0	0	0	0
1870	矢作建	371	380	371	380	9
1871	ピーエス三菱	378	378	378	378	10.1
1872	アゼル	296	299	296	299	102
1873	東ハウス	380	383	380	383	2
1874	佐藤秀	0	0	0	0	0
1875	青木マリン	280	280	280	280	6
1877	川田建設	535	550	535	550	2
1878	大東建	1712	1769	1712	1769	113.9
1879	新日本建	206	206	205	205	11
1880	スルガコーポ	0	0	0	0	0
1881	ＮＩＰＰＯ	445	447	435	437	316
1882	東亜道	202	212	200	212	15
1883	前田道	480	480	468	475	67
1884	日道路	149	155	149	150	37
1885	東亜建	121	124	118	120	338
1886	青木建設	31	31	30	30	705
1888	若築建	93	96	90	90	400
1889	佐伯建	126	129	126	129	4
1890	東洋建	78	78	76	76	118
1892	徳倉建	270	270	270	270	1
1893	五洋建	124	126	121	122	1108
1895	大成ロテック	152	152	150	152	79
1896	大林道	245	248	241	241	37
1897	金下建	510	510	506	510	9
1898	世紀東急	83	85	83	83	78
1899	福田組	269	272	262	272	21
1900	白石	413	413	405	405	7
1902	山崎建設	260	260	260	260	3
1904	大成温調	320	320	320	320	1
1905	テノックス	0	0	0	0	0
1906	細田工務	0	0	0	0	0
1907	東北ミサワ	565	573	565	572	7
1908	三平建設	0	0	0	0	0
1909	日本ドライ	397	398	397	398	160.5
1910	フドウ建研	160	160	160	160	1
1911	住友林	759	774	759	770	73
1912	ミサワセラミ	316	318	316	318	13
1913	旭ホームズ	0	0	0	0	0
1914	日基技	475	479	471	479	18.2
1915	東京ミサワホーム	0	0	0	0	0
1916	日成ビルド	150	158	150	150	19
1917	ニッセキハウス	131	131	128	130	234
1919	エスバイエル	248	248	246	248	34
1920	殖産住宅相互	87	89	85	86	277
1921	巴	156	156	154	154	5
1922	大成ユーレック	115	115	115	115	1
1923	ミサワホーム	315	320	315	316	378
1924	パナホーム	675	686	663	669	96
1925	大和ハウス	674	705	674	699	1168
1926	ライト	406	406	400	404	160.9
1927	中 部	0	0	0	0	0
1928	積ハウス	1066	1070	1052	1059	1133
1929	日特建	183	183	181	182	72
1930	北陸電工	251	251	250	250	8
1931	日本電通	310	310	310	310	3
1932	コミュチュア	0	0	0	0	0
1933	西シス建	235	235	235	235	8
1934	ユアテック	338	338	337	338	16
1935	ＴＴＫ	237	237	236	236	17
1936	シーキューブ	265	270	265	270	1.1
1937	西部電工	305	310	305	310	5
1938	千歳電	240	240	240	240	1
1939	四電工	370	371	370	370	7
1940	つうけん	240	240	240	240	1
1941	中電工	1216	1241	1216	1231	71
1942	関電工	542	565	540	560	94
1943	大明	980	980	968	974	53
1944	きんでん	640	646	637	640	142
1945	東京エネシス	369	385	369	385	23
1946	トーエネク	404	404	401	401	17
1947	日本コムシス	1980	2030	1980	2030	432
1948	弘電社	465	465	460	460	12
1949	住友電設	535	537	520	520	9.6
1950	電設工	375	388	375	380	116
1951	協エクシオ	1169	1195	1169	1188	452
1952	新日空調	341	342	340	340	9.7
1953	国際電設	0	0	0	0	0
1954	日工営	200	204	200	204	56
1955	東電通	385	390	383	390	114
1956	日電設	420	422	420	421	22
1957	保安工	0	0	0	0	0
1958	三和エレック	290	290	285	285	5
1959	九電工	412	428	412	428	80
1960	サンテック	375	375	373	373	20
1961	三機工	657	658	653	653	164
1962	エルゴテック	0	0	0	0	0
1963	日揮	583	589	570	582	3063
1964	中外炉	360	363	360	360	68
1965	テクノ菱和	452	480	452	480	0.5
1966	高田工	0	0	0	0	0
1967	ヤマト	306	308	303	308	184
1968	太平電	249	251	249	250	62
1969	高砂熱	766	766	744	751	104
1970	日立プラ	270	272	269	270	46
1971	ビルト工	77	77	77	77	2
1972	三晃金	103	107	103	107	35
1973	ＮＥＣシス建	2080	2100	2075	2100	42.6
1974	宮地建設工業	0	0	0	0	0
1975	朝日工	288	291	285	285	16
1976	明星工	139	139	137	137	7
1977	ジェイコス	0	0	0	0	0
1978	アタカ	258	258	258	258	1
1979	大気社	1002	1009	1002	1005	10
1980	ダイダン	469	478	469	478	7
1981	協和日成	0	0	0	0	0
1982	日比谷設	480	495	479	495	88
1983	東芝プラ	230	233	230	230	35
1984	三信建	0	0	0	0	0
1985	大和電設	291	291	291	291	2
1986	日商インター	910	910	900	900	3.6
1987	ソルコム	261	261	261	261	1
1988	シボンド建	1234	1252	1234	1240	40
1989	北陸電話	280	295	280	295	2
1990	東邦建	0	0	0	0	0
1991	都築通技	0	0	0	0	0
1992	神田通機	330	330	330	330	1
1993	ニッタン	0	0	0	0	0
1994	高橋ウォール	0	0	0	0	0
1995	鈴木工務店	0	0	0	0	0
1996	三菱建設	178	178	178	178	3
1997	暁飯島工業	135	151	135	151	2
1998	日本土建	0	0	0	0	0
2001	日本粉	241	243	238	239	602
2002	日清粉	960	982	960	982	229
2003	日東粉	208	220	208	219	11
2004	昭和産	180	182	179	182	98
2006	東福粉	85	85	85	85	3
2007	富士粉	0	0	0	0	0
2008	増田粉	209	209	209	209	1
2009	鳥越粉	363	367	362	367	7
2051	農産工	181	182	177	177	145
2052	協同飼	112	113	111	113	87
2053	中部飼	0	0	0	0	0
2055	日和産	0	0	0	0	0
2056	日配飼	132	138	130	134	273
2057	雪印種	586	586	585	585	3
2102	台糖	251	252	250	252	21
2107	東洋糖	145	145	141	141	6
2108	甜菜糖	140	142	140	140	136
2109	三井糖	208	209	204	208	43
2111	フジ製糖	180	180	177	177	2
2112	塩水糖	295	300	295	300	6
2113	新光糖	0	0	0	0	0
2114	フジ日本精糖	237	237	237	237	1
2116	日新糖	123	123	122	122	3
2201	森永	240	242	233	238	382
2202	明菓	621	628	620	625	231
2204	中村屋	310	317	295	300	161
2205	駿河屋	0	0	0	0	0
2206	グリコ	660	660	645	645	98
2207	名糖産	1063	1074	1063	1074	4
2208	ブルボン	880	880	880	880	5
2209	井村屋	0	0	0	0	0
2211	不二家	242	248	241	243	70
2212	山パン	853	864	840	840	113
2213	ナガサキヤ	3	3	3	3	30
2215	一パン	255	274	255	264	54
2216	カンロ	260	260	260	260	7
2217	モロゾフ	201	205	201	205	16
2219	タカラブネ	107	107	106	106	7
2220	亀田製菓	495	495	490	490	2
2221	岩塚製菓	0	0	0	0	0
2222	寿製菓	0	0	0	0	0
2224	コモ	1400	1410	1400	1400	4
2261	明乳	487	493	487	493	413
2262	雪印	410	411	407	408	651
2264	森永乳	259	268	258	259	848
2266	六甲バタ	399	401	399	400	21
2267	ヤクルト	1051	1070	1050	1053	183
2268	サーティワン	720	720	720	720	2
2281	プリマ	129	130	125	128	185
2282	日ハム	1460	1478	1458	1465	119
2284	伊藤ハ	425	426	411	411	222
2286	林兼	141	145	135	140	99
2287	雪印食品	195	195	195	195	4
2288	丸大食	163	166	163	164	78
2289	相模ハム	0	0	0	0	0
2290	米久	1260	1270	1255	1270	14
2291	福留ハ	0	0	0	0	0
2292	ＳＦＯＯＤＳ	963	970	920	923	17
2293	滝沢ハム	0	0	0	0	0
2294	柿安本店	1150	1150	1140	1140	2
2501	サッポロＨＤ	343	344	340	343	258
2502	アサヒ	940	947	937	937	400
2503	キリン	1122	1130	1104	1104	890
2531	宝ＨＤ	2235	2245	2210	2210	570
2533	オエノンＨＤ	235	235	229	232	71
2536	メルシャン	273	275	264	267	313
2538	マルキン忠勇	155	159	155	155	18
2540	養命酒	719	724	701	714	59
2541	ニッカ	287	287	265	265	21
2571	中京コカ	905	906	902	906	19
2572	三国コカ	1200	1210	1200	1200	42
2573	北海コカ	900	906	900	900	9
2575	三笠コカ	780	795	780	795	0.4
2576	近畿コカ	1220	1260	1205	1206	30
2577	富士コカ	875	879	865	870	37
2578	四国コカ	1039	1039	999	999	62.8
2579	コカウエスト	3730	3760	3600	3600	173.6
2591	カルピス	437	445	435	437	189
2592	ポッカ	429	429	420	421	15
2593	伊藤園	7750	7800	7680	7780	78.5
2594	キーコーヒー	1401	1410	1390	1410	7.1
2595	キリンビバ	2800	2800	2720	2730	76
2596	キューサイ	2800	3120	2800	3120	55.5
2597	ユニカフェ	2240	2270	2220	2270	9.1
2598	アサヒ飲料	801	811	801	803	34
2599	ジャパンＦ	0	0	0	0	0
2601	ホーネンコーポ	218	218	209	213	379
2602	日清オイリオ	325	329	320	329	403
2604	吉原製油	259	268	257	268	15
2605	熊沢製油	271	271	271	271	1
2607	不二油	850	860	841	841	103
2608	ボーソー	0	0	0	0	0
2611	摂津油	0	0	0	0	0
2612	かどや製油	830	830	825	825	0.4
2650	橘テクトロン	1100	1140	1100	1130	5
2651	ローソン	4810	4840	4410	4480	380.4
2652	まんだらけ	410000	410000	366000	370000	0.046
2653	イオン九州	785	785	780	780	14
2654	シンワ	291	291	290	290	6
2655	マックス東北	610	613	601	613	5
2656	ベクター	2780000	2780000	2610000	2650000	0.016
2657	インタニクス	3210	3210	2960	3000	20
2658	ウライ	250	260	240	245	33
2659	サンエー	2140	2140	2000	2050	30
2660	キリン堂	575	575	555	560	19
2661	キンレイ	815	835	650	700	697
2662	ダイユエイト	450	450	450	450	169
2801	キッコマン	781	781	772	774	205
2802	味の素	1162	1162	1138	1149	617
2804	ブルドック	611	611	611	611	1
2805	エスビー	0	0	0	0	0
2806	ユタカフーズ	0	0	0	0	0
2808	サンビシ	0	0	0	0	0
2809	キユーピー	867	868	847	847	74
2810	ハウス食品	1405	1413	1400	1408	74
2811	カゴメ	1098	1098	1075	1075	14
2812	焼津水化	1630	1670	1630	1659	37
2813	和弘食品	117	117	113	117	5
2814	佐藤食品	0	0	0	0	0
2815	アリアケ	7310	7310	7200	7200	18
2816	ダイショー	0	0	0	0	0
2817	ギャバン	486	486	486	486	1
2830	アヲハタ	0	0	0	0	0
2831	はごろも	1132	1133	1132	1133	5
2871	ニチレイ	395	395	388	395	355
2872	セイヒョー	0	0	0	0	0
2873	加ト吉	2585	2585	2540	2580	55.5
2874	ヨコレイ	659	665	659	660	16
2875	東洋水	999	1030	993	1009	95
2876	ＪＣコムサ	0	0	0	0	0
2877	日東ベスト	0	0	0	0	0
2878	赤城水産	359	359	340	340	2
2879	ニチロサンフズ	0	0	0	0	0
2891	酵母工	488	488	483	483	10
2892	日食品	330	330	330	330	2
2893	ローマイヤ	114	114	111	111	4
2894	石井食	266	266	265	265	2
2897	日清食	2765	2800	2715	2745	76.7
2898	ソントン	921	921	906	906	3
2899	永谷園	862	870	862	870	5
2900	明星食	237	237	233	233	11
2901	石垣食	366	366	366	366	1
2902	太陽化	505	505	505	505	22
2903	シノブフズ	153	153	153	153	1
2904	一正蒲鉾	0	0	0	0	0
2905	オーケー食	133	133	125	125	6
2906	ホッコク	383	383	380	380	4
2907	あじかん	560	560	550	550	1.5
2908	フジッコ	1481	1528	1481	1481	21
2909	トオカツフズ	0	0	0	0	0
2910	Ｒフィールド	4990	5000	4890	4900	16.4
2911	旭松食品	0	0	0	0	0
2912	鐘崎	0	0	0	0	0
2913	フジフーズ	231	231	231	231	1
2914	ＪＴ	846000	853000	838000	848000	3.13
2915	ケンコーマヨ	465	465	465	465	1
2916	仙波糖化	330	330	330	330	1
2917	大森屋	769	770	763	770	5
2918	わらべ日洋	1060	1060	1052	1052	2
2920	ケイビー	0	0	0	0	0
2921	フクシマフズ	0	0	0	0	0
2922	なとり	1100	1100	1100	1100	4
3001	片倉	496	499	495	495	10
3002	グンゼ	335	335	325	325	205
3003	昭栄	1020	1020	1015	1018	7
3004	神栄	150	150	148	150	28
3007	神戸生絲	45	48	42	45	76
3009	川島織	156	156	151	155	77
3010	上毛	197	240	195	238	1816
3011	バナーズ	90	90	90	90	2
3101	東洋紡	187	190	183	185	803
3102	カネボウ	292	295	289	295	715
3103	ユニチカ	69	69	67	68	1010
3104	富士紡Ｈ	70	70	66	66	158
3105	日清紡	509	513	493	501	376
3106	クラボウ	150	154	144	147	791
3107	ダイワボウ	103	110	102	110	136
3109	シキボウ	72	78	72	76	67
3110	日東紡	154	154	150	152	386
3111	オーミケン	80	80	75	75	8
3113	ＢＳＬ	65	65	63	65	44
3114	同興紡	109	113	109	113	34
3115	テザック	56	56	55	55	75
3116	トヨタ紡織	770	776	763	776	26
3117	興和紡	310	310	310	310	4
3121	アセットイン	67	67	67	67	10
3123	サイボー	0	0	0	0	0
3125	内外綿	0	0	0	0	0
3128	テラボウ	0	0	0	0	0
3129	ファブリカＴ	96	96	96	96	2
3201	日毛	429	430	428	429	47
3202	大東紡	94	95	92	95	56
3203	東亜紡織	86	86	86	86	5
3205	ダイドー	316	316	315	315	60
3206	南海毛糸紡績	87	89	86	89	23
3207	中央毛	150	155	150	150	6
3209	カネヨウ	108	110	108	110	4
3211	太陽毛絲紡	0	0	0	0	0
3216	御幸ＨＤ	415	415	415	415	1
3302	帝繊維	195	198	195	198	11
3304	トスコ	84	84	83	83	14
3306	日本麻	55	60	55	60	15
3401	帝人	413	418	409	410	1387
3402	東レ	401	405	394	400	3171
3403	東邦テナ	101	103	101	103	47
3404	三菱レ	274	279	274	276	571
3405	クラレ	955	960	932	937	663
3407	旭化成	624	628	604	610	2641
3408	サカイオーベ	92	94	92	94	36
3409	北日紡	0	0	0	0	0
3411	オートリ	163	170	161	170	20
3420	ケーエフシー	1030	1030	1030	1030	3
3421	稲葉製作	1260	1320	1260	1320	10
3422	丸順	0	0	0	0	0
3423	エスイー	445	445	445	445	3
3424	ミヤコ	405	440	405	430	14
3425	本郷	732	732	731	731	7
3426	アトムリビン	425	430	420	425	34
3501	住江織	112	112	112	112	17
3503	東和織	51	52	51	52	2
3512	フエルト	306	308	306	308	5
3513	イチカワ	215	215	210	210	2
3514	バイリーン	270	280	270	280	54
3515	フジコー	410	410	410	410	1
3521	エコナック	80	80	78	79	15
3524	日東網	86	95	86	87	12
3526	芦森工	207	208	206	208	23
3528	グローベルス	142	148	141	148	38
3529	アツギ	91	92	91	92	115
3532	堀田産	0	0	0	0	0
3533	ダイオ化成	670	670	670	670	2
3534	ＮＢＣ	0	0	0	0	0
3551	ダイニック	168	170	168	170	28
3552	洋クロス	235	235	230	234	4
3553	共和レ	452	453	452	453	4
3569	セーレン	380	389	380	389	12
3570	オリカキャピ	151	155	151	152	26
3571	ソトー	0	0	0	0	0
3572	大同マルタ	0	0	0	0	0
3576	カンボウ	0	0	0	0	0
3577	東海染	121	121	115	118	47
3578	倉庫精	105	105	105	105	2
3580	小松精	0	0	0	0	0
3581	岐セン	0	0	0	0	0
3583	オーベクス	0	0	0	0	0
3584	福助	150	150	145	146	34
3585	トムスエンタ	370	378	360	361	153
3587	ＩＢダイワ	125	125	120	122	653
3588	丸山工	0	0	0	0	0
3591	ワコール	901	902	893	896	173
3592	ＣＨＯＹＡ	0	0	0	0	0
3593	ホギメデ	6710	6850	6710	6750	8.4
3594	モリシタ	790	790	790	790	1
3595	ヤギコーポ	0	0	0	0	0
3596	ワールド	3030	3030	2960	2980	125.7
3597	自重堂	690	690	690	690	1
3598	山喜	0	0	0	0	0
3599	コーコス	0	0	0	0	0
3600	フジックス	0	0	0	0	0
3601	ニチメンイン	1282	1305	1281	1300	10.3
3602	イタリヤード	0	0	0	0	0
3603	チャッコット	515	515	515	515	1
3706	東海パ	414	415	410	410	12
3861	王子紙	639	644	634	643	1745
3863	日本製紙	635	639	628	630	1008
3864	三菱紙	215	218	215	216	406
3865	北越紙	830	846	827	831	221
3868	高崎三興	98	98	95	95	55
3869	日本板紙	214	214	210	210	24
3870	日本加工製紙	78	80	76	80	25
3871	大昭和紙	380	387	379	379	25
3872	三島紙	0	0	0	0	0
3877	中越パ	288	290	275	277	490
3878	巴川紙	507	515	507	515	5
3880	大王紙	1031	1034	1026	1026	66
3881	特種紙	423	423	410	413	32
3882	紀州紙	185	190	185	186	22
3886	チューエツ	0	0	0	0	0
3887	中央板紙	96	97	96	97	10
3889	大平製紙	67	67	67	67	2
3890	ゼネＫＫ	601	601	591	595	6
3891	高度紙	1620	1620	1620	1620	13
3941	レンゴー	537	540	531	535	401
3944	古林紙	0	0	0	0	0
3945	スパバッグ	168	168	168	168	1
3946	トーモク	207	208	207	208	17
3947	ダイナパック	0	0	0	0	0
3948	光ビジネス	0	0	0	0	0
3949	日本ハイパック	232	232	230	230	3
3950	ザ・パック	0	0	0	0	0
3951	朝日印刷	0	0	0	0	0
3952	中央紙器	0	0	0	0	0
3953	大村紙業	420	420	420	420	2
3954	昭和パックス	0	0	0	0	0
3955	イムラ封筒	728	728	728	728	1
3971	東セロ	290	295	290	295	8
4003	コープケミ	95	98	95	98	27
4004	昭電工	136	137	133	134	925
4005	住友化学	494	494	478	486	1686
4007	日化成	157	157	153	154	13
4008	住友精化	259	265	255	255	30
4010	三菱化学	355	358	349	349	2521
4021	日産化	809	818	795	817	508
4022	ラサ工	288	292	286	290	124
4023	呉羽化	267	274	266	266	497
4025	多木化	374	374	365	365	6
4026	神島化	0	0	0	0	0
4027	テイカ	258	258	257	257	7
4028	石原産	173	176	170	175	1315
4031	チッカリン	361	363	361	363	6
4032	日東バイオン	192	195	192	194	7
4033	日東エフシー	405	411	405	411	6
4041	日曹達	342	346	332	336	294
4042	東ソー	349	349	338	340	1350
4043	トクヤマ	533	542	531	533	263
4044	セ硝子	571	578	550	551	1064
4045	東合成	225	227	223	224	265
4046	ダイソー	206	206	195	202	14
4047	関電化	0	0	0	0	0
4050	鶴見曹達	450	450	450	450	1
4061	電化	404	408	389	390	760
4062	イビデン	2300	2300	2275	2290	149
4063	信越化	5220	5230	5060	5060	486
4064	カーバイド	122	123	120	123	116
4065	紀文フ	390	400	390	400	4
4077	富士チタン工業	547	570	545	570	49
4078	堺化学	725	725	700	711	127
4079	ハクスイテック	0	0	0	0	0
4080	田中化研	2210	2290	2210	2210	7
4086	日本エア・リキード	543	545	522	527	33
4088	エアウォータ	360	360	355	357	41
4089	大阪酸素工業	224	224	224	224	2
4091	大陽日酸	355	355	340	341	239
4092	日本化	363	365	353	354	271
4093	アセチレン	85	85	83	83	8
4094	日化産	346	360	346	357	77
4095	パーカライ	340	341	320	320	45
4096	昭炭酸	276	276	271	272	4
4097	高圧ガス	307	307	306	306	17
4098	チタン	168	180	168	180	13
4099	四国化	332	333	331	333	14
4100	戸田工	585	586	560	560	55
4101	日興酸素	0	0	0	0	0
4102	丸尾カル	220	220	220	220	1
4103	大陽東洋酸素	201	202	199	199	130
4104	タテホ	230	230	230	230	1
4105	メルテックス	800	800	800	800	5
4106	ケムキャット	0	0	0	0	0
4107	伊勢化	395	397	395	395	11
4109	ステラケミ	6450	6570	6300	6570	6.8
4112	保土谷	166	170	164	170	51
4113	田岡化	305	348	305	348	8
4114	日触媒	510	510	502	504	153
4115	本州化	720	720	720	720	1
4116	大日精	351	351	348	348	15
4117	川崎化	135	135	133	133	7
4118	カネカ	1105	1130	1105	1125	287
4119	ピグメント	300	300	270	275	69
4120	スガイ	0	0	0	0	0
4123	山化成	760	760	760	760	1
4151	協発酵	939	947	921	921	683
4182	菱ガス化	314	316	312	313	484
4183	三井化学	515	518	504	505	1517
4185	ＪＳＲ	682	688	668	685	588
4186	東応化	2150	2150	2110	2110	194
4187	大有機	560	565	550	550	13
4201	日合成	144	146	144	146	141
4202	ダイセル	300	302	299	299	250
4203	住友ベ	1330	1347	1317	1327	527
4204	積水化	361	362	360	361	788
4205	ゼオン	504	504	498	500	809
4206	アイカ	749	755	747	752	92
4208	宇部興	246	248	240	243	1324
4209	フドー	100	100	100	100	3
4210	東洋化学	439	440	431	440	13
4212	積水樹	380	380	375	378	44
4213	菱樹脂	200	205	195	199	157
4214	高分子	354	354	345	345	61
4215	タキロン	390	395	389	390	28
4216	旭有機	318	321	318	318	35
4217	日立化	2800	2835	2700	2830	487.5
4218	ニチバン	362	366	361	362	23
4219	プラス・テク	0	0	0	0	0
4220	リケンテクノ	303	304	301	301	62
4221	大倉工	352	357	352	355	129
4222	児玉化	70	70	70	70	24
4224	ロンシール	75	75	75	75	2
4225	筒中	316	320	308	308	161
4226	テスコ	0	0	0	0	0
4227	郡是高分子	209	209	209	209	1
4228	積化成	180	180	174	179	57
4229	群栄化	159	162	159	160	13
4231	タイガポリ	0	0	0	0	0
4232	東芝ケミカル	369	369	350	368	23
4233	ワコー	490	530	490	530	6
4234	サンエー化研	800	800	770	770	4
4271	カーリット	770	770	750	750	50
4272	日化薬	640	647	634	634	446
4274	細火工	0	0	0	0	0
4361	川口化	141	141	141	141	1
4362	日精化	405	405	400	400	18
4363	新日鐵化学	179	180	176	180	97
4364	マナック	0	0	0	0	0
4365	松本油脂	1960	1960	1960	1960	1
4366	ダイトーケミ	820	820	820	820	2
4367	広栄化学	0	0	0	0	0
4401	旭電化	825	840	825	825	175
4403	日油脂	231	238	230	232	366
4404	ミヨシ	242	244	241	241	37
4406	日理化	594	595	582	595	20
4409	東邦化	0	0	0	0	0
4410	ハリマ化成	413	414	413	414	2
4452	花王	2845	2855	2840	2850	2186
4461	一工薬	326	326	326	326	4
4462	石原薬品	0	0	0	0	0
4463	日華化学	400	400	400	400	1
4471	三洋化	900	910	900	900	83
4501	三共	2470	2495	2415	2415	554
4502	武田	6450	6460	6300	6300	1551
4503	アステラス薬	4840	4850	4750	4770	634
4505	第一製薬	2650	2670	2590	2640	265
4506	大日薬	1405	1405	1386	1396	223
4507	塩野義	1885	1885	1850	1850	276
4508	田辺薬	741	752	741	745	227
4509	三菱ウェルファーマ	830	840	826	834	358
4511	藤沢薬品	3850	3910	3760	3800	777
4512	わかもと	440	440	430	431	12
4514	帝臓器	730	735	730	731	5
4515	萬有製薬	2240	2265	2190	2240	584
4516	日新薬	998	1000	990	998	40
4517	ビオフェル	902	910	900	900	3.5
4518	富山化	535	544	516	525	1002
4519	中外薬	1860	1863	1800	1820	434
4520	和光堂	3100	3100	3100	3100	1.8
4521	科研薬	657	665	657	664	99
4523	エーザイ	3390	3390	3270	3350	1061
4524	仁丹	1750	1760	1730	1760	19
4526	理ビタ	1480	1500	1480	1489	24
4527	ロート	1162	1200	1162	1194	96
4528	小野薬	4050	4090	4040	4040	71
4529	日研化	365	365	361	362	31
4530	久光薬	1691	1710	1691	1703	252
4531	有機薬	425	440	420	440	21
4534	持田薬	677	677	663	663	53
4535	大正薬	3140	3190	3130	3130	484
4536	参天薬	2280	2280	2255	2255	15
4537	エスエス	1030	1033	1028	1028	44
4538	扶桑薬	605	609	592	609	13
4539	ケミファ	251	252	250	252	22
4540	ツムラ	362	362	350	350	16
4541	日医工	157	158	157	157	7
4542	三笠薬	0	0	0	0	0
4543	テルモ	3010	3080	3010	3070	277.3
4544	みらかＨＤ	755	770	755	767	115
4545	国際試薬	377	378	377	377	34
4546	北陸製薬	1506	1521	1465	1480	46
4547	キッセイ	1992	2005	1992	2005	62
4548	生化学	1200	1200	1130	1130	8
4549	栄研化	1850	1850	1800	1810	8
4550	日水薬	0	0	0	0	0
4551	鳥居薬	2750	2750	2650	2750	12.8
4552	日本ケミカル	753	753	746	746	26
4553	東和薬品	730	730	730	730	12
4554	富士製薬	380	380	370	370	3
4555	沢井製薬	1250	1290	1250	1290	2
4556	カイノス	1210	1230	1190	1220	10
4557	医学生物	4990	4990	4750	4850	26
4558	中京医薬	943	950	943	950	1.5
4559	ゼリア新薬	1070	1120	1070	1100	24
4560	キョーリン薬	3950	4060	3950	3950	120
4561	デンカ生研	2020	2020	1840	1840	15
4611	大日塗	167	171	167	171	32
4612	日本ペ	328	339	321	321	500
4613	関西ペ	293	300	293	295	538
4614	トウペ	144	145	144	145	7
4615	神東塗	131	131	129	129	28
4616	川上塗	0	0	0	0	0
4617	中国塗	210	216	210	212	78
4619	日特塗	251	251	240	245	21
4620	藤倉化	380	383	370	379	31
4621	ロック	780	780	780	780	1
4622	ユニペイン	0	0	0	0	0
4623	アサヒペン	283	283	281	281	7
4624	イサム	0	0	0	0	0
4625	アトミクス	340	340	340	340	6
4626	太陽インキ	5800	6050	5800	6000	32.2
4627	ナトコ	815	815	815	815	3
4628	エスケー化研	0	0	0	0	0
4629	大伸化学	400	400	400	400	1
4631	インキ	375	379	373	379	1770
4633	サカタＩＮＸ	265	265	260	263	16
4634	洋インキ	190	192	189	190	867
4635	東インキ	237	237	237	237	5
4636	Ｔ＆Ｋ	3000	3000	2980	3000	22.4
4640	アンドール	445	445	433	435	6
4641	アルプス技	1990	1990	1940	1940	3
4642	オリジナル設	960	960	960	960	1
4643	コナミスポ	6720	6720	6600	6640	6.3
4644	イマジニア	1640	1680	1630	1630	7.7
4645	市進	0	0	0	0	0
4646	ジャスフォート	880	880	876	876	0.6
4649	大成	500	500	500	500	1
4650	スガイエンタ	0	0	0	0	0
4651	サニックス	6400	6600	6380	6600	28.4
4652	ウッドランド	2190	2190	2170	2170	1.6
4653	ダイオーズ	0	0	0	0	0
4654	ニチゾウテク	313	313	313	313	1
4655	ＮＯＶＡ	600	600	600	600	5
4656	サン・ライフ	0	0	0	0	0
4657	環境管理	0	0	0	0	0
4658	日本空調	0	0	0	0	0
4659	エイジス	0	0	0	0	0
4660	ニッポン放送	5790	5810	5720	5720	21
4661	ＯＬＣ	9160	9240	9130	9140	58.2
4662	フォーカス	3480	3510	3450	3490	39.5
4663	ＡＴＬ	520000	640000	520000	640000	0.038
4664	ＲＳＣ	0	0	0	0	0
4666	パーク２４	12960	12960	12400	12620	14.8
4667	アイサンテク	275	290	275	290	2
4668	明光ネット	0	0	0	0	0
4669	ニッパンＲ	0	0	0	0	0
4670	セタ	480	480	470	470	2
4671	ファルコバ	2205	2265	2180	2180	24
4672	ベルックス	0	0	0	0	0
4673	川崎地質	0	0	0	0	0
4674	クレスコ	9400	9400	9110	9300	9.3
4675	エヌエス環境	0	0	0	0	0
4676	フジテレビ	1460000	1460000	1420000	1450000	1.856
4677	デザイ	569	569	569	569	1
4678	秀英	0	0	0	0	0
4679	田谷	2900	2900	2860	2860	0.6
4680	ラウンドワン	187000	187000	181000	181000	0.354
4681	リゾートトラ	2580	2590	2560	2560	14.9
4682	電通テック	11500	11600	11100	11100	4.4
4683	堀内カラー	525	525	520	520	3
4684	オービック	44600	44600	42500	42500	19.6
4685	菱友システム	0	0	0	0	0
4686	ジャスト	5200	5600	5200	5450	101.9
4687	ＴＤＣソフト	3840	3840	3790	3790	2.4
4688	日本ドレーク	11500	11900	11200	11200	2.3
4689	ヤフー	28900000	28900000	28000000	28050000	0.014
4690	日パレット	0	0	0	0	0
4692	アルゴ２１	4500	4510	4400	4400	49.9
4694	ＢＭＬ	3990	3990	3990	3990	0.5
4695	マイスター	0	0	0	0	0
4696	ワタベ	1030	1040	1000	1010	9
4697	ゼロ	351000	360000	350000	357000	0.033
4699	ウチダエスコ	0	0	0	0	0
4700	アクセス	6700000	6990000	6700000	6800000	0.017
4701	プレック研	0	0	0	0	0
4702	55ステーション	650	650	650	650	1
4703	住商オート	840	840	825	825	22.3
4704	トレンド	15010	15190	14950	15000	169.5
4705	クリップ	205	205	205	205	1
4706	富士通サポート	15590	15590	14990	15130	75.4
4707	キタック	0	0	0	0	0
4708	もしもしＨＬ	9100	9150	9080	9090	28.9
4709	ＩＤ	1150	1190	1140	1140	6.4
4710	ウィン	299	299	299	299	2
4711	コミュニティ	1100	1100	1062	1080	2.5
4712	アドアーズ	405	405	405	405	1
4713	日信電サ	0	0	0	0	0
4714	リソー教育	200000	200000	200000	200000	0.012
4715	クリエイティブ	0	0	0	0	0
4716	日本オラクル	27970	28600	27280	28600	77.8
4717	ソデッソジャパン	0	0	0	0	0
4718	早稲アカ	0	0	0	0	0
4719	アルファシス	16940	17400	16000	17290	154.9
4720	城南進研	475	475	475	475	1
4721	フジスタッフ	2180	2290	2180	2200	13.6
4722	フューチャー	0	0	0	0	0
4723	グッドウィル	299000	299000	290000	295000	0.124
4724	シチエ	960	970	945	955	12.9
4725	ＣＡＣ	6130	6200	6100	6150	12
4726	ソフトバンテク	7600	7600	7500	7600	9
4727	アジアＳ総研	2270	2290	2270	2290	2.3
4728	トーセ	5400	5700	5350	5380	20.7
4729	コナミスタジオ	422000	425000	420000	423000	0.009
4730	関西メンテ	698	698	698	698	3
4731	ユニバホーム	919000	919000	900000	900000	0.009
4732	ＵＳＳ	3170	3170	3080	3080	25
4733	ＯＢＣ	11800	12000	11700	12000	11.7
4734	ビーイング	720	740	710	740	11
4735	京進	410	410	410	410	2
4736	日本ラッド	1190	1230	1180	1230	12
4737	シダックス	1140	1150	1130	1140	5
4738	日立ビジネス	1890	1890	1845	1845	10.1
4739	ＣＴＣ	19300	19500	19000	19200	163.2
4740	ニューディル	1500000	1590000	1500000	1570000	0.17
4741	ＩＲＩ	7100000	7200000	7020000	7200000	0.007
4742	エイトコン	750000	750000	740000	740000	0.068
4743	アイティフォ	4740	4850	4730	4850	7.2
4744	メッツ	740000	742000	740000	742000	0.008
4745	東京個別	4200	4200	4200	4200	4
4746	東計電算	1141	1142	1140	1140	5
4747	Ｃフィッシュ	2970000	2970000	2970000	2970000	0.001
4748	構造計画	0	0	0	0	0
4749	アドバックス	305	305	305	305	6
4750	ダイサン	316	316	316	316	1
4751	サイバエージ	840000	840000	811000	811000	0.007
4752	昭和システム	0	0	0	0	0
4753	ライブドア	2760000	2760000	2760000	2760000	0.001
4754	トスネット	395	400	395	400	3
4755	楽天	2970000	2970000	2880000	2910000	0.148
4756	ＣＣＣ	0	0	0	0	0
4757	インテリ	2270000	2290000	2270000	2290000	0.012
4758	シーアイエス	4700000	4800000	4700000	4700000	0.003
4759	ライブＭ	2040000	2350000	2040000	2350000	0.004
4760	ＡＬＰＨＡ	0	0	0	0	0
4761	さくらＫＣＳ	0	0	0	0	0
4762	エクスネット	3450000	3450000	3450000	3450000	0.001
4763	クリークリバ	2290000	2290000	2290000	2290000	0.042
4764	Ｄデザイン	1650000	1700000	1600000	1700000	0.012
4765	モーニングＳ	3800000	3850000	3800000	3800000	0.005
4766	ピーエイ	1060	1060	1050	1050	2
4767	ＴＯＷ	950	982	930	940	48
4768	大塚商会	6700	6900	6450	6900	19
4769	インフォクリ	600	605	595	600	8
4770	エルミック	1380	1400	1320	1320	5
4771	Ｆ＆Ｍ	2850000	2850000	2850000	2850000	0.002
4772	デジタルアド	4900	5900	4750	5600	130
4773	Ａ＆Ｉ	1580	1800	1580	1800	7
4774	NECソフト	15910	17300	15900	17000	182.6
4775	総合メディカ	1620	1650	1620	1650	1.9
4776	ＣＹＢＯＺＵ	2980000	2990000	2670000	2850000	0.079
4777	ガーラ	1730000	1750000	1650000	1670000	0.019
4778	ヒューマネジ	1650000	1670000	1640000	1640000	0.004
4780	コナミ東京	2510	2600	2400	2600	14
4781	日本ハウズ	515	530	515	525	14
4782	オリコンサル	275	285	265	285	23
4783	日ダイナミク	790	815	790	790	13
4784	まぐクリック	3500000	3500000	3260000	3310000	0.035
4785	Ｓサイエンス	816	820	760	760	18
4786	ディジット	940000	941000	930000	930000	1.118
4901	富士写	3900	3910	3810	3870	1179
4902	コニカＨＤ	854	868	850	865	1132
4911	資生堂	1225	1225	1202	1203	678
4912	ライオン	381	383	380	382	72
4913	サンスター	341	342	341	341	20
4914	高砂香	426	429	425	425	36
4915	エイボンＪ	220	220	220	220	1
4916	ノエビア	1150	1150	1100	1100	12
4917	マンダム	1220	1280	1220	1260	189.9
4918	アイビー	0	0	0	0	0
4919	ミルボン	6630	6660	6400	6400	10.2
4920	日本色材	0	0	0	0	0
4921	ファンケル	8600	8700	8570	8590	29.7
4922	コーセー	3300	3390	3250	3390	11.4
4951	エステー化	613	615	605	605	22
4953	タイホー工業	390	390	390	390	1
4954	マークテック	375	380	375	380	2
4955	アグロカネシ	865	865	839	850	14
4956	コニシ	1000	1000	990	992	5
4957	ヤスハラケミ	850	850	849	849	3
4958	長谷川香料	1780	1780	1750	1780	2.6
4959	シーシーアイ	570	570	570	570	3
4960	ケミプロ	340	340	340	340	2
4961	日油技研	0	0	0	0	0
4963	星光ＰＭＣ	540	540	540	540	1
4964	星光化学工業	360	360	360	360	0.2
4965	曽田香料	439	439	439	439	1
4966	上村工	2450	2450	2450	2450	5
4967	小林製薬	7500	7630	7450	7600	45.4
4968	荒川化工	881	881	880	880	6
4970	東洋合成	1400	1450	1400	1450	4
4987	寺岡製	731	731	731	731	4
4989	イハラケミ	212	212	210	210	31
4990	昭和化	0	0	0	0	0
4992	北興化	318	318	315	315	22
4996	クミアイ化	180	181	180	181	28
4997	日農薬	257	263	257	263	52
4998	フマキラ	185	187	185	187	4
4999	セメダイン	279	279	279	279	1
5001	新日本石油	655	660	645	647	1070
5002	昭和シェル	543	561	540	558	506
5006	興亜石油	306	306	300	304	105
5007	コスモ石	219	221	215	218	945
5008	東亜石	117	117	114	114	32
5009	富士興	79	79	75	75	25
5010	日精蝋	88	89	87	87	10
5011	ニチレキ	451	451	450	451	7
5012	東燃ゼネ石	602	602	585	585	676
5013	ユシロ	550	570	550	570	9
5014	ジャパンエナジー	129	129	126	127	5112
5015	ＢＰカスト	635	635	625	630	1.9
5101	浜ゴム	245	249	240	240	328
5102	大機エンジ	0	0	0	0	0
5103	昭ゴム	198	209	185	203	446
5104	日東化工	109	115	109	115	7
5105	洋ゴム	144	149	143	145	129
5106	オーツタイヤ	184	185	180	180	42
5108	ブリヂストン	1239	1246	1216	1226	4091
5110	住友ゴ	621	630	607	630	149
5121	藤ゴム	206	206	201	204	21
5122	オカモト	259	261	258	260	58
5123	ミサワ東洋	141	141	141	141	2
5142	アキレス	155	157	155	155	71
5143	世界長	128	130	127	127	41
5161	西川ゴム	690	690	690	690	1
5162	朝日ラバー	1460	1650	1450	1650	81.5
5184	ニチリン	321	321	321	321	3
5185	フコク	595	595	585	585	2
5186	ニッタ	1265	1310	1264	1309	32.8
5187	クリエート	0	0	0	0	0
5188	帝都ゴム	0	0	0	0	0
5189	桜ゴム	189	189	189	189	2
5191	東海ゴ	1065	1070	1065	1065	21
5192	三星ベ	269	269	261	261	12
5193	平成ポリマー	105	105	105	105	1
5194	相模ゴ	555	560	551	555	12
5195	バンドー	211	212	209	209	65
5196	鬼ゴム	88	89	88	89	15
5199	不二ラテ	0	0	0	0	0
5201	旭硝子	1044	1056	1035	1048	4126
5202	板硝子	1566	1649	1565	1630	2615
5204	石塚硝	230	230	230	230	3
5205	日本無機	420	420	410	410	18
5208	有沢製	3350	3380	3150	3370	24.8
5210	日山村硝	168	185	167	174	183
5212	不二硝	0	0	0	0	0
5213	芝セラミ	721	721	705	711	233
5214	日電硝	2420	2485	2420	2445	354
5215	旭テクノグラス	1120	1120	1080	1100	21
5216	倉元	1900	2000	1880	1960	36.2
5217	テクノクオツ	2100	2100	2100	2100	1
5232	住友大阪	503	507	488	495	1484
5233	太平洋セメ	165	166	163	166	2011
5234	デイ・シイ	161	168	161	168	7
5237	ノザワ	93	93	93	93	1
5261	ミサワリゾ	255	275	254	275	29
5262	日ヒューム	258	258	253	255	26
5266	テイヒュー	146	146	146	146	1
5267	ハネックス	110	115	106	106	9
5268	旭コン	304	304	304	304	2
5269	日コン	112	115	108	115	22
5271	トヨアサノ	135	135	135	135	2
5272	浅野スレ	126	127	125	127	44
5273	三谷セキ	0	0	0	0	0
5274	ゼニパイプ	0	0	0	0	0
5276	石建工	375	380	371	380	35
5277	スパンクリト	345	345	340	340	2
5278	エバタ	0	0	0	0	0
5279	日本興業	218	218	218	218	1
5280	ヨシコン	0	0	0	0	0
5281	旭ダンケ	0	0	0	0	0
5282	ジオスター	940	959	925	935	5
5283	高見沢	280	280	280	280	2
5284	ヤマウ	380	380	380	380	4
5285	ヤマックス	415	440	415	440	17
5286	武井工業	280	280	279	280	5
5287	イトヨーギョ	0	0	0	0	0
5301	東海カ	253	255	250	251	645
5302	カーボン	107	107	105	107	143
5304	エスイ−シ−	0	0	0	0	0
5331	ノリタケ	447	447	444	444	55
5332	ＴＯＴＯ	831	835	810	823	460
5333	ガイシ	1501	1558	1501	1551	3564
5334	特殊陶	1910	1930	1910	1917	552
5336	INAX	535	540	534	540	373
5337	ダントー	367	370	367	370	18
5338	大トー	0	0	0	0	0
5341	アサヒ陶	130	130	130	130	1
5342	ジャニス	0	0	0	0	0
5343	ニッコー	485	485	450	450	6
5344	ＭＡＲＵＷＡ	3950	3950	3850	3900	26
5351	白煉瓦	222	222	216	218	129
5352	黒崎	168	168	165	168	84
5355	ルツボ	138	140	138	138	12
5356	美濃窯	0	0	0	0	0
5357	ヨータイ	200	205	200	205	6
5358	イソライト	0	0	0	0	0
5361	東海熱	691	691	690	690	33
5362	九州耐	300	305	300	305	6
5363	ＴＹＫ	192	193	192	193	16
5367	ニッカトー	841	849	831	846	8
5382	中央商事	0	0	0	0	0
5383	三共理化	0	0	0	0	0
5384	フジミインコ	4350	4450	4300	4300	4
5386	鶴弥	0	0	0	0	0
5387	チヨダウーテ	0	0	0	0	0
5388	クニミネ	270	270	270	270	2
5389	日レヂボン	0	0	0	0	0
5390	宇部マテリア	142	142	139	139	5
5391	Ａ＆ＡＭ	130	131	130	130	15
5393	ニチアス	394	401	388	394	492
5395	コランダム	0	0	0	0	0
5397	ＭＩＥテクノ	0	0	0	0	0
5398	日研紙	0	0	0	0	0
5401	新日鉄	188	189	185	185	26374
5403	川崎製鉄	127	128	124	125	9128
5404	日本鋼管	66	67	66	67	2788
5405	住金	65	65	63	64	4370
5406	神戸鋼	68	69	67	68	1623
5407	日新鋼	91	92	90	90	665
5408	中山鋼	132	133	131	131	39
5410	合同鉄	107	107	102	102	197
5423	東京製鉄	438	475	437	451	632.4
5444	大和工	366	370	357	360	309
5445	東京鉄	73	75	72	75	21
5446	北越メ	0	0	0	0	0
5448	東京鋼鉄	51	51	51	51	6
5449	大阪製鉄	408	408	403	405	4.9
5451	淀川鋼	281	284	281	283	170
5453	洋鋼鈑	307	310	305	307	196
5454	日鉄鋼板	202	203	202	203	11
5457	住友鋼管	345	345	330	337	31
5458	高砂鉄	111	111	111	111	3
5461	中部鋼	158	158	158	158	2
5462	日鉄鋼管	0	0	0	0	0
5463	丸一管	1499	1534	1499	1530	85
5464	モリ工	223	223	222	223	18
5471	大同特鋼	283	284	278	278	879
5476	高周波	97	99	97	98	150
5479	日金工	83	83	79	79	128
5480	冶金工	66	68	66	68	297
5481	山陽鋼	175	176	172	172	114
5482	愛知鋼	303	303	290	290	88
5484	東北鋼	0	0	0	0	0
5486	日立金	870	870	850	860	388
5491	日金属	102	107	101	107	18
5541	大平金	230	236	225	236	1231
5542	報国鉄	495	495	495	495	0.2
5562	日本重化学	139	139	135	138	227
5563	日本電工	164	166	163	164	175
5566	中央電	181	190	181	190	2
5602	栗本鉄	243	243	239	239	161
5603	虹技	103	103	101	103	21
5605	自動鋳	66	66	66	66	3
5606	旭テック	156	160	156	160	6
5607	中可鍛	309	309	309	309	3
5608	川口金	213	213	213	213	2
5609	日鋳造	86	86	85	85	9
5610	大和重	140	140	140	140	7
5612	鋳鉄管	207	207	206	206	8
5613	日本カタン	289	289	289	289	2
5631	日製鋼	105	107	101	102	1335
5632	菱製鋼	86	86	83	83	177
5633	関東特殊製鋼	73	76	73	76	11
5641	ＴＤＦ	392	399	385	397	66
5642	日本鍛工	0	0	0	0	0
5644	メタルアート	119	133	119	133	6
5645	イチタン	0	0	0	0	0
5657	鈴木金	148	148	148	148	7
5658	日亜鋼	343	344	341	342	25
5659	日精線	215	217	215	217	11
5660	神鋼線	75	75	74	74	6
5691	東京シヤリング	102	105	102	104	17
5694	大和綱帯	0	0	0	0	0
5695	パウダテック	340	340	340	340	1
5696	川鉄鋼板	115	115	115	115	2
5697	サンユウ	0	0	0	0	0
5701	日軽金	95	96	93	93	2554
5702	大紀ア	176	176	172	172	14
5706	三井金	877	880	860	864	1174
5707	東邦鉛	211	214	210	213	546
5711	三菱マ	327	330	320	322	2041
5713	住友鉱	590	592	571	578	3026
5714	同和鉱	347	347	330	336	1033
5715	古河機金	250	250	243	247	825
5716	日鉱金属	575	577	568	572	153
5721	Ｓサイエンス	790	805	780	800	457
5727	邦チタ	454	454	453	454	11
5728	アライドマテリアル	960	980	960	980	12
5729	日精鉱	344	350	342	348	102
5734	昭和アルミ	150	150	145	145	66
5738	住軽金	88	88	86	86	53
5739	日製箔	219	219	210	210	18
5740	九州不二サッシ	0	0	0	0	0
5753	日伸銅	70	74	68	74	7
5756	東海アルミ箔	0	0	0	0	0
5757	サンエツ	0	0	0	0	0
5771	菱伸銅	347	352	337	337	98
5781	東邦金	0	0	0	0	0
5801	古河電	2995	3070	2845	2900	8218
5802	住友電	1856	1894	1845	1850	1643
5803	フジクラ	819	848	799	815	2127
5804	菱線工	369	372	360	364	1046
5805	昭電線	260	263	254	255	1561
5807	東特線	335	339	334	335	21
5808	理研線	424	439	400	414	255
5809	タツタ	181	184	179	182	97
5810	第一電工	116	116	112	115	74
5811	トヨ電線	0	0	0	0	0
5812	日立線	1358	1401	1358	1378	991
5813	花島電線	0	0	0	0	0
5815	沖電線	272	279	270	279	14
5816	オーナンバ	214	214	214	214	3
5817	日電線	380	380	380	380	1
5818	東日京三電線	336	336	336	336	4
5819	カナレ電気	1920	2150	1920	2150	5.9
5820	三ッ星	0	0	0	0	0
5851	リョービ	173	175	172	172	96
5852	アーレスティ	355	355	350	350	2
5853	京都ダイカスト	147	147	147	147	3
5854	東京理化工	99	99	99	99	4
5855	アサヒプリテ	2000000	2050000	2000000	2030000	0.013
5900	ダイケン	390	395	390	395	3
5901	洋カン	1812	1850	1812	1839	151
5902	北カン	255	260	250	260	398
5903	シンポ	630	630	620	620	2
5904	アルコアシステム	0	0	0	0	0
5905	日カン	160	160	160	160	1
5906	エムケー精工	0	0	0	0	0
5907	ＪＦＥコンテ	123	123	123	123	2
5908	日鉄ドラム	260	260	260	260	12
5909	コロナ	1190	1190	1190	1190	2.4
5910	立山アルミ	0	0	0	0	0
5911	横河ブ	443	443	437	438	31
5912	日本橋	130	130	130	130	1
5913	松尾橋	210	210	210	210	12
5914	宮地鐵工所	188	191	188	188	10
5915	駒井鉄	288	289	287	288	50
5916	ハルテック	0	0	0	0	0
5917	サクラダ	100	100	100	100	12
5918	滝上工	327	327	320	321	45
5919	日鉄塔	321	321	320	320	3
5920	鈴木シャ	196	196	196	196	15
5921	川岸工	0	0	0	0	0
5922	那須鉄	0	0	0	0	0
5923	高田機	431	432	431	431	6
5925	酒井鉄工所	0	0	0	0	0
5926	安治川鉄工	104	105	104	105	5
5927	ホリー	0	0	0	0	0
5928	アルメタクス	220	220	220	220	0.5
5929	三和シャタ	316	317	311	311	151
5930	文化シヤタ	234	239	234	234	67
5931	川田工	205	210	205	209	36
5932	三協アルミ	81	83	81	83	69
5933	アルインコ	200	201	200	201	4
5934	日本ア	0	0	0	0	0
5935	元旦	0	0	0	0	0
5936	洋シヤタ	85	86	84	86	76
5937	洋エクス	710	715	708	713	27
5938	住生活Ｇ	1548	1550	1540	1541	163
5939	大谷工業	0	0	0	0	0
5940	不二サッシ	120	121	120	121	3.4
5941	中西製	731	731	731	731	1
5942	フイルコン	306	306	306	306	1
5943	ノーリツ	1121	1129	1120	1129	48
5944	日立粉末	1214	1250	1200	1200	17
5945	天竜製鋸	0	0	0	0	0
5946	長府製	1224	1233	1220	1230	12.2
5947	リンナイ	2150	2180	2150	2155	28.4
5949	ユニプレス	173	173	173	173	4
5950	パワーファス	0	0	0	0	0
5951	ダイニチ工業	273	274	270	274	14.2
5952	アマテイ	0	0	0	0	0
5954	トープラ	517	555	512	540	1065
5955	ヤマシナ	160	164	156	164	437
5956	トーソー	0	0	0	0	0
5957	日東精	202	203	202	203	18
5958	三洋工	550	566	542	565	598
5959	岡部	353	353	336	340	29
5961	トーカロ	860	860	852	852	3.3
5962	浅香工	0	0	0	0	0
5963	日立ツール	700	715	695	707	29
5964	洋刃物	0	0	0	0	0
5965	フジマック	432	432	432	432	9
5966	ＫＴＣ	0	0	0	0	0
5967	前田金	130	130	130	130	1
5969	ロブテックス	0	0	0	0	0
5970	菊池プレス	572	595	572	595	2
5971	共和工業	0	0	0	0	0
5972	日本建鐵	255	260	255	260	2.5
5973	トーアミ	0	0	0	0	0
5974	中国工	164	164	161	164	27
5975	東プレ	321	325	320	323	23
5976	ネツレン	283	289	282	289	26
5977	コマツ電子	1130	1148	1100	1110	22.8
5979	カネソウ	0	0	0	0	0
5980	田中亜鉛	210	215	210	215	2
5981	東京綱	128	129	128	128	66
5982	マルゼン	372	372	365	365	4
5983	イワブチ	0	0	0	0	0
5984	兼房	0	0	0	0	0
5985	サンコール	374	374	360	361	44
5986	モリテック	230	235	230	233	6
5987	オーネックス	0	0	0	0	0
5988	パイオラクス	0	0	0	0	0
5989	ヒラタ	0	0	0	0	0
5990	スーパツール	126	126	126	126	2
5991	ニッパツ	403	404	390	390	270
5992	中央発條	355	356	353	353	15
5993	知多鋼	0	0	0	0	0
5994	ファインＳ	305	310	305	310	3
5995	科学冶金	0	0	0	0	0
5996	新立川	0	0	0	0	0
5997	協立エアテク	515	515	501	515	5.4
5998	アドバネクス	310	320	309	320	168
5999	イハラサイエ	0	0	0	0	0
6005	三浦工	1370	1384	1370	1384	36.5
6011	新潟鉄工所	76	77	75	77	325
6013	タクマ	775	779	765	766	147
6016	神発動	102	105	98	105	11
6018	阪神燃	82	82	82	82	2
6020	神鋼造機	94	94	94	94	2
6021	ロビン	0	0	0	0	0
6022	赤阪鉄	0	0	0	0	0
6023	ダイハツデ	0	0	0	0	0
6041	ボッシュ	136	138	130	135	1339
6042	ニッキ	150	150	150	150	2
6101	ツガミ	450	450	440	441	309
6102	池貝	141	144	140	144	94
6103	オークマ	470	472	450	450	338
6104	東芝機	583	593	573	579	1013
6106	日立精機	201	203	193	194	210
6107	アマダマシ	276	288	276	284	56
6111	旭精機	200	200	200	200	7
6112	小島鉄	153	153	153	153	1
6113	アマダ	861	870	840	840	307
6114	住倉工業	175	180	170	180	58
6118	アイダ	556	560	549	549	67
6119	ゼィープラス	339	339	339	339	5
6121	滝澤鉄	85	87	85	87	2
6125	岡本工	158	162	156	158	65
6126	大ダイヤ	153	157	151	155	21
6130	日平トヤマ	339	340	333	340	102
6131	浜井産	140	147	139	139	6
6134	富機製	4290	4390	4270	4390	97.9
6135	牧野フ	851	870	851	855	78
6136	ＯＳＧ	580	583	571	583	20
6137	小池工	155	159	155	155	4
6138	ダイジェト	168	170	168	170	10
6139	東芝タンガロイ	720	720	700	700	87
6140	旭ダイヤ	615	625	615	619	50
6141	森精機	1410	1410	1380	1395	70
6142	富士精	250	250	250	250	5
6143	ソディック	720	730	717	725	107
6144	西部電機	0	0	0	0	0
6145	日特エンジ	2020	2100	2020	2050	56
6146	ディスコ	14900	15000	14780	14850	297.2
6147	ヤマザキ	0	0	0	0	0
6148	UHT	2510	2560	2500	2560	15.2
6149	小田原エンジ	610	630	610	630	3.5
6150	タケダ機械	113	113	113	113	2
6151	日東工器	2850	2850	2825	2830	2.7
6201	豊田織	2170	2170	2055	2055	796
6203	豊和工	146	146	141	142	42
6204	キリウ	180	180	178	178	4
6205	ＯＫＫ	172	172	165	170	34
6206	豊田工	900	905	886	892	127
6208	石川製	111	113	110	113	28
6210	東洋機械	446	450	437	437	4
6211	倉敷機	89	89	89	89	1
6212	帝人製機	233	240	230	240	20
6213	ＯＭ製	140	143	131	143	28
6214	大隈豊和機械	202	202	200	202	12
6216	寿工業	126	126	126	126	6
6217	津田駒	148	154	148	151	31
6218	エンシュウ	185	188	180	188	20
6221	大東製機	0	0	0	0	0
6222	島精機	2130	2165	2020	2020	65.6
6242	スピンドル	240	245	227	227	15
6245	ヒラノテク	0	0	0	0	0
6246	井上金	0	0	0	0	0
6247	日阪製	500	501	498	498	22
6271	ニッセイ	981	988	980	988	4
6272	レオン	380	380	370	370	10
6273	ＳＭＣ	17680	17820	17000	17400	159.8
6274	新川	4860	4900	4800	4880	57.9
6275	イセキ開発工	83	83	83	83	3
6276	ナビタス	740	740	740	740	1
6277	ホソミクロン	700	710	700	710	4
6278	ユニオンツル	9500	9640	9250	9250	30
6279	瑞光	1100	1100	1005	1030	7.8
6280	名機製	921	930	919	919	22
6281	前田製作	0	0	0	0	0
6282	オイレス	1845	1845	1810	1821	3.4
6283	オリイメック	350	360	350	360	4
6284	ＡＳＢ機械	401	401	400	400	4
6286	静甲	0	0	0	0	0
6287	サトー	2880	2900	2880	2880	10.2
6288	ハマダ印刷機	0	0	0	0	0
6289	技研製	301	301	301	301	5
6290	ＳＥＳ	1420	1450	1410	1430	26
6291	エアーテック	910	910	905	905	3
6292	カワタ	780	780	760	760	8
6293	日精樹脂	1305	1315	1290	1300	170
6294	オカアイヨン	0	0	0	0	0
6295	富士変速	250	280	236	280	4
6296	ロキテクノ	1510	1530	1500	1520	32
6297	鉱研工業	360	360	348	350	7
6298	ワイエイシイ	1750	1750	1680	1700	14
6299	神鋼環境Ｓ	285	285	285	285	1
6300	アピクヤマダ	1111	1140	1111	1140	9
6301	コマツ	628	635	622	625	2190
6302	住友機	258	264	256	263	869
6303	ササクラ	389	389	389	389	3
6304	マキ製作所	0	0	0	0	0
6305	日立建機	455	460	450	457	126
6306	日工	235	236	231	235	25
6307	サンセイ	87	87	86	86	3
6309	巴工業	0	0	0	0	0
6310	井関農	89	90	85	89	275
6311	セイレイ工業	242	242	237	237	6
6312	フロイント	0	0	0	0	0
6313	共立	133	135	132	135	12
6314	石井工研	1200	1240	1180	1200	2.6
6315	ＴＯＷＡ	3780	3950	3780	3780	53.5
6316	丸山製	147	147	140	145	35
6317	北川鉄	146	149	144	149	37
6319	シンニッタン	235	240	233	235	9
6320	新ダイワ	0	0	0	0	0
6321	石搬機	348	348	345	348	19
6322	タクミナ	0	0	0	0	0
6323	ローツェ	2200	2200	2200	2200	3
6324	ハーモニック	2800000	2800000	2700000	2700000	0.025
6325	タカキタ	0	0	0	0	0
6326	クボタ	356	358	347	353	894
6327	北川精機	650	710	650	695	100
6328	荏原実業	0	0	0	0	0
6329	ＨＥＣ	458	458	440	441	7
6330	東洋エンジ	99	100	98	99	91
6331	化工機	225	225	223	225	55
6332	月島機	610	610	605	605	26
6333	帝国電	600	600	590	590	4
6334	明治機	150	190	145	170	2074
6335	東京機	392	394	391	391	52
6336	石井表記	3370	3370	3290	3350	43
6337	テセック	5310	5310	5310	5310	1
6338	タカトリ	1050	1050	1050	1050	2
6339	新東工	263	270	263	265	53
6340	渋谷工	810	810	800	800	16
6341	日立造船富岡	152	152	152	152	1
6342	太平製	0	0	0	0	0
6343	フリージア	56	56	40	55	59
6345	アイチコーポ	170	171	165	170	18
6346	菊川鉄	0	0	0	0	0
6347	プラコー	104	104	103	103	8
6348	日本マリンテクノ	0	0	0	0	0
6349	小森	1440	1440	1396	1420	354
6350	新日本造機	133	134	133	134	3
6351	鶴見製	510	518	510	518	6
6352	トヨコケン	106	106	106	106	2
6354	日立機電	415	432	415	432	10
6355	住友精	366	371	356	358	27
6356	日ギア	178	178	178	178	1
6357	三精輸	339	350	339	345	20
6358	酒井重	230	230	227	230	16
6359	粟村製作所	150	150	150	150	1
6360	東自機	290	290	280	280	4
6361	荏原	1615	1623	1598	1598	962
6362	石井鉄	200	200	197	200	9
6363	酉島	514	528	498	504	24
6364	北越工	155	155	155	155	2
6365	電業社	4520	4560	4510	4560	0.5
6366	千代建	83	86	82	82	516
6367	ダイキン	2110	2115	2055	2070	372
6368	オルガノ	428	449	428	440	93
6369	トヨカネツ	113	113	109	111	210
6370	栗田工	2095	2160	2095	2105	95
6371	椿本チ	385	389	382	387	315
6372	セイサ	0	0	0	0	0
6373	大同工	260	260	252	256	23
6374	ＴＣＭ	306	309	304	306	106
6375	コンベヤ	96	98	95	96	115
6376	日機装	584	586	571	580	76
6377	甲陽建設	263	263	247	251	35
6378	木村化	211	213	206	209	20
6379	新興プラン	107	111	105	111	23
6380	オリチェン	102	110	102	110	3
6381	アネスト岩田	156	160	155	160	17
6382	トリニ工	0	0	0	0	0
6383	ダイフク	1019	1057	1017	1052	181
6386	扶桑レクセ	1285	1357	1285	1330	6
6388	ミサワバン	362	365	350	350	54
6389	内田油圧	56	58	55	58	29
6390	加藤製	152	155	151	155	17
6391	加地テック	166	169	165	165	3
6392	ヤマダコーポ	160	160	150	159	7
6393	油研工	124	127	122	127	14
6394	大江工業	121	121	121	121	9
6395	タダノ	190	192	188	192	58
6396	宇野鉄	160	160	160	160	4
6397	郷鉄工	0	0	0	0	0
6398	日本電産シンポ	909	909	909	909	1
6403	水道機	310	310	310	310	1
6406	フジテック	854	861	835	840	46
6407	シーケーディ	1010	1030	991	991	290
6408	クラッチ	0	0	0	0	0
6409	キトー	295	305	295	295	18
6411	中野冷	0	0	0	0	0
6412	平和	2090	2145	2090	2105	80.4
6413	理想科学	2290	2290	2260	2290	57.1
6414	川重冷熱	0	0	0	0	0
6415	ニスカ	0	0	0	0	0
6416	桂川電機	0	0	0	0	0
6417	ＳＡＮＫＹＯ	3900	4100	3900	4030	220.3
6418	日金銭	1599	1601	1580	1600	13
6419	マース	3100	3110	3000	3050	10.5
6420	福島工業	0	0	0	0	0
6421	キヤノンＦ	1100	1101	1100	1100	4
6422	キヤノン化成	1120	1150	1120	1140	13
6423	アビリット	5000	5100	4990	5040	34.7
6424	高見サイ	530	530	530	530	44
6425	アルゼ	6500	6700	6500	6650	15.3
6426	サミー	4450	4770	4400	4770	32.4
6427	東北リコー	950	950	920	950	4
6431	キャノンＮＴＣ	379	379	369	376	50
6436	アマノ	1140	1147	1140	1144	78
6437	三条機	130	130	130	130	1
6439	中日鋳	119	144	119	142	6
6440	ＪＵＫＩ	481	495	480	491	1860
6442	コピア	400	400	396	400	12
6443	東洋製	0	0	0	0	0
6444	サンデン	570	570	530	540	366
6445	蛇の目	95	95	92	93	117
6448	ブラザー	237	239	229	231	615
6453	シルバ精	186	187	180	184	199
6454	マックス	1131	1148	1131	1148	18
6455	モリタ	280	282	280	282	7
6457	グローリー	1994	1994	1940	1940	20
6458	新晃工	190	190	185	190	25
6459	大和冷	332	332	326	330	42
6461	日ピス	100	101	99	100	107
6462	リケン	208	208	205	208	36
6463	ＴＰＲ	290	290	290	290	2
6466	トウアバルブ	105000	110000	105000	110000	0.004
6467	ニチダイ	555	555	549	549	4
6468	駿河精機	6950	7000	6800	6950	15
6469	放電精密	820	820	820	820	1
6470	大豊工業	950	950	940	950	7.3
6471	日精工	815	817	805	810	846
6472	ＮＴＮ	438	438	415	415	560
6473	光洋精	830	835	818	822	230
6474	不二越	181	185	176	177	633
6475	天辻	0	0	0	0	0
6476	富士テクニカ	0	0	0	0	0
6477	ツバキ・ナカ	1435	1460	1430	1445	54
6478	ダイベア	226	245	226	245	5
6479	ミネベア	1250	1285	1235	1285	1081
6480	トムソン	1449	1480	1449	1475	165
6481	ＴＨＫ	4910	4930	4820	4900	214.7
6482	ユーシン精機	7570	7600	7530	7590	6.4
6483	川重防災	0	0	0	0	0
6484	ＫＶＫ	0	0	0	0	0
6485	前沢給装	645	645	635	635	6
6486	イーグル工	327	328	324	324	3
6487	積水工機	244	244	244	244	1
6488	ヨシタケ	290	290	290	290	4
6489	前沢工業	827	829	810	820	63.1
6490	ピラー	865	870	865	867	19
6492	岡野バ	0	0	0	0	0
6493	日鍛バ	210	210	205	205	14
6494	ファネス	520	555	520	555	132
6495	宮入バ	81	81	80	80	5
6496	中北製	193	198	193	198	4
6497	ハマイ	635	636	635	636	3
6498	キッツ	186	187	183	186	90
6499	大隈エンジニア	0	0	0	0	0
6501	日立	1295	1323	1294	1315	13241
6502	東芝	998	1022	992	1015	18681
6503	三菱電	904	927	893	927	11770
6504	富士電機ＨＤ	383	384	377	380	697
6505	東洋電	131	137	131	137	31
6506	安川電	1149	1149	1120	1120	884
6507	神鋼電	215	220	210	212	187
6508	明電舎	236	236	220	223	1013
6513	オリジン	860	875	855	870	56
6516	山洋電	655	686	655	674	1008
6517	デンヨー	681	681	680	680	9
6518	三相電機	0	0	0	0	0
6519	エネサーブ	4650	4800	4600	4680	52
6581	日立工	335	336	333	336	73
6584	三桜工	542	570	540	540	25
6585	サーボ	289	289	289	289	2
6586	マキタ	863	891	863	889	253
6587	松下精工	408	410	407	409	58
6588	東芝テック	469	475	459	475	285
6590	芝浦	1070	1070	1020	1037	152
6591	西芝電	172	172	170	171	6
6592	マブチ	13000	13050	12900	13000	119.3
6593	ローヤル電	0	0	0	0	0
6594	日電産	8360	8570	8220	8330	60.1
6621	高岳	164	167	163	164	87
6622	ダイヘン	212	212	201	207	187
6623	愛電機	220	220	215	220	45
6624	田淵電	222	223	221	221	10
6641	日新電	298	303	296	299	102
6643	戸上電	150	150	150	150	2
6644	大崎電	800	800	769	780	27
6645	オムロン	2850	2930	2815	2830	660
6646	エナジーサポ	369	384	360	384	19
6647	森尾電	128	128	128	128	4
6648	かわでん	96	96	88	91	510
6650	春日電	150	150	145	149	13
6651	日東工	871	901	871	900	69
6652	和泉電	1220	1230	1215	1218	44
6654	不二電機	640	640	640	640	1
6655	東洋電機	0	0	0	0	0
6701	ＮＥＣ	2800	2860	2800	2830	4567
6702	富士通	2870	2950	2860	2880	5337
6703	沖電気	750	770	750	770	1943
6704	岩崎通	257	261	255	260	54
6705	ＮＥＣインフ	576	610	575	603	416
6706	電気興	855	875	855	870	389
6707	サンケン	855	855	836	839	256
6708	東洋通	1310	1318	1292	1307	128
6709	明星電	0	0	0	0	0
6710	大興電機製作	304	308	285	304	219
6711	高見澤電機	0	0	0	0	0
6712	田村電機製作	279	280	275	280	239
6714	神田通信工業	219	219	217	217	4
6715	ナカヨ通	272	274	272	274	8
6716	中央無	400	400	400	400	2
6717	富士通アクセ	1810	1815	1789	1800	41.9
6718	アイホン	1230	1230	1224	1230	4
6741	信号	445	450	441	441	43
6742	京三	232	240	232	234	30
6743	大同信	210	210	210	210	1
6744	能美防災	405	409	397	409	11
6745	ホーチキ	290	291	289	289	11
6747	小糸工	298	298	296	297	5
6748	星和電	545	545	545	545	1
6749	マスプロ	1160	1170	1155	1170	14.9
6751	日無線	1080	1093	1050	1062	294
6752	松下	2715	2755	2715	2745	3156
6753	シャープ	1694	1720	1680	1706	3531
6754	アンリツ	2870	2890	2830	2865	379
6755	富士通ゼ	681	690	681	689	45
6756	日立国際	1115	1115	1107	1111	82
6758	ソニー	11700	11750	11370	11430	1758.6
6759	ＮＥＣトーキ	1022	1070	1012	1070	271
6761	アイワ	1480	1495	1470	1478	46.2
6762	ＴＤＫ	15480	15650	15150	15570	368
6763	帝通工	404	419	404	413	260
6764	三洋電	945	954	937	941	2360
6765	ケンウッド	430	430	415	418	233
6766	宮越商	37	38	37	38	34
6767	ミツミ	4200	4300	4200	4270	440
6768	タムラ	509	509	500	500	84
6770	アルプス	2335	2370	2300	2355	584
6771	池上通	311	311	303	305	53
6772	コスモス	155	158	155	155	8
6773	パイオニア	4700	4740	4580	4690	887
6775	東和メクス	115	117	115	115	34
6776	天昇電	0	0	0	0	0
6779	日電波	4620	4620	4520	4580	54.2
6780	日立電子	482	488	482	482	43
6781	松下通信工業	14200	14340	14000	14000	260.8
6782	九州松下電器	1127	1139	1121	1130	102
6783	松下寿電子	1930	1938	1906	1909	74
6791	コロムビア	207	210	206	206	41
6792	ビクター	869	874	855	857	193
6793	山水電	13	14	13	14	641
6794	フォスター	735	735	730	735	31
6796	クラリオン	397	400	391	399	210
6797	名古屋電機	1930	1930	1902	1920	50
6798	ＳＭＫ	840	855	840	848	83
6799	日本マランツ	218	218	211	211	2
6800	ヨコオ	2450	2490	2360	2490	11.6
6801	東光	686	695	681	681	134
6802	赤井電機	15	16	15	15	1073
6803	ティアック	375	375	365	365	60
6804	ホシデン	3570	3690	3500	3520	251
6805	八木アン	568	569	568	569	4
6806	ヒロセ電	15030	15200	15000	15080	26.8
6807	航空電子	773	799	770	790	129
6808	シントム	69	70	68	68	750
6809	ＴＯＡ	350	352	350	350	9
6810	マクセル	2540	2580	2540	2560	79
6811	クオンツ	582	630	582	630	74
6812	ジャルコ	490	500	490	499	7
6813	ナカミチ	86	88	85	86	197
6814	古野電	400	400	390	390	5
6815	ユニデン	636	647	636	642	141
6816	アルパイン	1628	1665	1628	1650	61
6817	スミダコーポ	5500	5510	5450	5500	18.4
6818	島田理	1480	1485	1470	1485	6.7
6819	オメガ・プロ	721	785	721	780	330
6820	アイコム	1890	1900	1850	1880	17.4
6821	バーテクスＳ	1150	1270	1150	1270	9
6822	大井電気	367	367	365	366	7
6823	リオン	785	785	781	781	4
6824	新コスモス	490	490	490	490	6
6825	パトライト	2200	2200	2200	2200	5
6826	本多通信	5150	5210	5150	5210	3
6827	東北パイオ	4800	4800	4650	4700	26
6828	シメオ精密	7960	7990	7100	7210	105
6829	ソーテック	1700000	1800000	1510000	1780000	0.647
6830	ＹＯＺＡＮ	16000000	16000000	14450000	15100000	0.134
6832	アオイ電子	4500	4580	4320	4320	38
6833	日電産リード	2335	2390	2335	2390	18
6834	精工技研	57000	59800	55800	57000	24.1
6835	アライドＨＤ	10000	10000	9600	9800	11.3
6836	ぷらっと	6810000	6810000	6800000	6800000	0.007
6837	京写	0	0	0	0	0
6838	多摩川電	1950	1950	1880	1890	6
6839	船井電	13090	13090	12300	12400	54.5
6840	アドテック	2030	2110	1970	2000	46
6841	横河電	1085	1090	1042	1056	422
6842	ユニパルス	2850	2850	2790	2850	26
6843	東光精機	0	0	0	0	0
6844	新電元	745	745	734	737	97
6845	山武	1280	1296	1279	1291	22
6846	中央製	144	144	144	144	1
6847	安藤電気	1950	1980	1945	1950	122
6848	東亜ＤＫＫ	380	420	380	415	50
6849	日本光電	304	305	303	305	21
6850	チノー	241	243	240	242	18
6851	大倉電気	211	221	211	216	52
6852	テクノセブン	150	155	150	155	13
6853	共和電	290	291	290	290	23
6855	電子材料	2020	2050	2000	2000	9
6856	堀場製	1054	1094	1054	1066	12
6857	アドバンテスト	19800	19900	19400	19800	206.6
6858	小野測器	222	223	222	223	3
6859	エスペック	1200	1220	1190	1205	74
6860	サンクス	1500	1500	1475	1495	16
6861	キーエンス	35250	35500	34950	35050	26.3
6862	ミナトエレ	190	190	190	190	1
6863	ニレコ	0	0	0	0	0
6864	ＮＦ回路	0	0	0	0	0
6866	ＨＩＯＫＩ	860	900	860	900	3
6867	リーダー電子	0	0	0	0	0
6868	東カソード	1340	1340	1320	1320	11.1
6869	シスメックス	3050	3150	3050	3080	5.9
6870	フェンオール	0	0	0	0	0
6871	日本マイクロ	2340	2380	2300	2350	4.5
6872	日本コーリン	7290	7290	7190	7290	137.6
6873	日立電子Ｅ	880	885	860	860	15
6874	協立電機	2900	2900	2800	2810	2.4
6875	メガチップス	4990	5050	4800	4850	11.6
6876	光波	2910	2980	2880	2980	7.7
6877	ＯＢＡＲＡ	650	650	650	650	1
6878	長野日無	0	0	0	0	0
6879	フォトロン	400	400	400	400	2
6880	シンワ	960	960	960	960	0.5
6881	キョウデン	3300	3300	3150	3230	132
6882	三社電機	921	930	910	910	7
6883	電産コ電	1430	1430	1380	1380	5
6884	デジタル	0	0	0	0	0
6885	ミヤチテクノ	4310	4420	4100	4250	96.9
6886	グラフィック	456	456	456	456	1
6887	日本ＬＳＩカード	350000	350000	341000	349000	0.003
6888	アクモス	420000	430000	413000	415000	0.011
6889	オーデリック	475	520	475	510	6
6890	フェローテク	1710	1720	1710	1710	21
6891	イーター電機	640	640	640	640	3
6892	シチズン電子	10100	10200	9670	9670	16.7
6893	タイテック	790	790	780	780	19
6894	パルステック	2000	2000	1960	1960	5
6895	ダイヤ電機	680	680	671	671	2
6896	北川工業	1100	1100	1050	1050	17.3
6897	ツインバード	210	221	207	221	3
6898	トミタ電機	311	311	311	311	1
6899	ＡＳＴＩ	603	649	602	649	5
6900	東京電波	5820	6050	5820	5900	23.2
6901	沢藤電	246	252	244	245	30
6902	デンソー	2670	2675	2625	2670	921
6904	原田工業	340	340	340	340	1
6905	コーセル	4000	4050	3950	4030	17.4
6906	キヤ･コンポ	0	0	0	0	0
6907	ジオマテック	2470	2600	2470	2600	266.2
6908	イリソ電子	0	0	0	0	0
6909	北部通信工業	316	320	316	320	8
6910	日立メディコ	1190	1205	1160	1173	24
6911	新日無	1530	1550	1470	1520	54
6912	菊水電子	0	0	0	0	0
6913	メルコ	4200	4310	4060	4100	82.5
6914	オプテックス	990	1000	990	1000	3
6915	千代田インテ	1610	1610	1590	1600	39
6916	アイオデータ	2330	2350	2300	2340	13
6917	デンセラムダ	2400	2480	2355	2355	39.2
6918	アバール	1200	1200	1160	1180	13
6919	ケル	755	755	750	755	4
6920	レーザーテク	2310	2310	2310	2310	1
6921	東光電	285	286	285	285	3
6922	昭和情報	430	430	430	430	2
6923	スタンレー	1265	1265	1228	1235	424
6924	岩崎電	245	246	240	245	57
6925	ウシオ電	2585	2600	2560	2570	155
6926	岡谷電	280	285	278	285	16
6928	エノモト	1340	1340	1290	1300	26
6929	日セラ	2350	2400	2350	2380	31
6930	日本アンテナ	1120	1120	1090	1090	3
6931	日本電池	478	480	455	470	240
6932	ユアサコーポ	370	375	370	375	12
6933	ＹＵＡＳＡ	280	285	275	277	661
6934	新神戸	661	661	650	651	32
6935	日デジタル	1671	1699	1671	1689	17.2
6936	東洋高砂乾	120	120	120	120	1
6937	古河池	285	285	285	285	2
6938	双信電機	960	980	945	960	24
6939	ＵＭＣＪ	1490000	1540000	1490000	1500000	0.244
6940	多摩電気	271	271	271	271	2
6941	山一電機	2760	2800	2760	2795	1.1
6942	ソフィア	0	0	0	0	0
6943	開閉器	680	680	671	680	10
6944	アイレックス	225	225	225	225	1
6945	ＦＴＥＣ	586	586	570	570	21
6946	日本アビオ	281	290	281	290	3
6947	図研	2490	2575	2475	2570	55.6
6948	住友電装	860	860	831	831	2
6949	キンセキ	1291	1320	1291	1320	101
6950	ＹＥデータ	468	470	468	470	10
6951	日電子	889	889	856	865	422
6952	カシオ	1240	1265	1240	1251	409
6954	ファナック	11900	11900	11610	11850	248.7
6955	ＦＤＫ	1061	1090	1040	1060	160
6956	神明電	1800	1800	1700	1700	11
6957	芝浦電子	305	305	300	305	13.6
6958	日本ＣＭＫ	2165	2165	2090	2120	166
6960	フクダ電	2190	2190	2100	2100	3
6961	エンプラス	6200	6200	5930	5930	125
6962	大真空	880	888	866	880	112
6963	ローム	31200	31500	30650	31350	299.9
6964	サンコー	1999	2000	1999	1999	6
6965	ホトニクス	6880	7150	6880	7070	581.2
6966	三井ハイテク	1862	1902	1862	1902	34.2
6967	新光電工	5330	5370	5260	5280	43.8
6968	グラフテック	178	178	173	174	14
6969	松尾電	620	620	600	610	16
6970	日本コンラックス	617	622	617	618	33
6971	京セラ	18350	18350	17910	17950	571.2
6972	エルナー	547	554	533	543	36
6973	協栄産	302	333	302	332	8
6974	日本インター	405	412	387	399	165
6975	ＮＥＯＭＡＸ	1221	1250	1221	1243	76
6976	太陽電	5750	5750	5500	5610	1150
6977	抵抗器	245	245	232	232	25
6980	日立ＡＩＣ	1428	1430	1408	1420	96
6981	村田製	16380	16500	16320	16450	586.6
6982	リード	95	95	95	95	5
6984	朝日ナショナ	410	410	410	410	1
6985	ユーシン	370	372	360	365	26
6986	双葉電	4450	4500	4340	4340	135.4
6988	日東電	4140	4180	4080	4080	309.7
6989	北電工	209	215	205	215	112
6991	松電工	1286	1293	1278	1286	592
6992	国産電	210	210	210	210	1
6993	森電機	105	130	105	125	121
6994	指月電	251	251	245	245	14
6995	東海理	989	989	966	986	11
6996	ニチコン	2630	2630	2600	2600	115.8
6997	日ケミコン	870	871	850	858	738
6998	タングス	310	310	310	310	7
6999	ＫＯＡ	3080	3200	3080	3190	112
7003	三井造	93	94	91	91	984
7004	日立造	89	90	88	88	915
7007	佐世保	71	72	71	72	132
7011	三菱重	367	372	366	369	2175
7012	川重	130	133	130	132	1223
7013	石川島	180	185	180	182	3510
7014	名村造	128	128	123	124	100
7018	内海造	0	0	0	0	0
7020	サノヤス	175	175	171	171	8
7021	ニッチツ	167	177	167	177	12
7052	信貴造船所	0	0	0	0	0
7102	日車両	197	198	191	195	248
7104	富士車輌	141	150	141	150	19
7105	ニチユ	182	207	182	207	7
7122	近畿車	135	137	133	137	20
7123	東急車輌製造	78	79	78	78	32
7124	輸送機工業	0	0	0	0	0
7142	ナブコ	145	145	142	143	15
7201	日産自	527	533	520	520	6564
7202	いすゞ	219	219	215	217	461
7203	トヨタ	4320	4330	4230	4240	4288.8
7204	小松ゼノア	250	250	241	241	30
7205	日野自	434	435	415	420	215
7210	日産ディ	103	104	97	102	134
7211	三菱自	349	349	326	331	5011
7212	エフテック	0	0	0	0	0
7219	ＨＫＳ	620	620	620	620	2
7220	武蔵精密	0	0	0	0	0
7221	トヨ車	1040	1043	1030	1030	18
7222	産車体	140	140	138	140	96
7223	関東自	585	585	580	580	23
7224	新明和	168	169	167	167	113
7225	小松フォーク	160	161	158	160	45
7226	極東開発	530	530	498	502	17.3
7227	アスカ	0	0	0	0	0
7228	デイトナ	0	0	0	0	0
7229	ユタカ技研	535	535	535	535	1
7230	日信工業	1750	1780	1690	1690	15
7231	トピー	176	180	172	176	211
7232	トキコ	200	200	194	197	157
7233	自部品	85	85	85	85	4
7234	橋本フォーミング	66	66	66	66	1
7235	東ラヂ	115	115	115	115	1
7236	ティラド	430	435	428	431	74
7237	ボッシュブレーキ	0	0	0	0	0
7238	ブレーキ	206	211	206	206	12
7239	タチエス	470	470	470	470	3
7240	ＮＯＫ	877	878	861	861	96
7241	フタバ	1305	1316	1301	1303	34
7242	カヤバ	196	199	195	195	93
7243	シロキ	213	213	210	211	21
7244	市光工	195	197	195	197	38
7245	大同メ	700	710	700	705	9
7246	プレス工	77	80	77	77	26
7247	ミクニ	135	135	135	135	1
7248	カルソニック	240	241	230	233	317
7249	尾張精	0	0	0	0	0
7250	太平洋工	264	284	263	284	30
7251	ケーヒン	785	788	765	768	13
7252	富士機	205	205	205	205	2
7253	日本ガスケット	331	331	331	331	1
7254	フジユニ	170	170	170	170	1
7255	桜井製	0	0	0	0	0
7256	河西工	253	253	248	252	18
7257	自転車電機工	471	471	451	460	108
7258	栃木富士産業	229	234	229	234	8
7259	アイシン	1630	1635	1611	1619	281
7260	富士機工	205	214	203	214	10
7261	マツダ	223	238	220	234	2771
7262	ダイハツ	825	832	798	800	859
7263	愛知機	201	204	201	202	65
7264	ＭＵＲＯ	790	790	790	790	1
7265	エイケン工業	0	0	0	0	0
7266	今仙電機	350	350	350	350	6
7267	ホンダ	4110	4180	4010	4010	1269
7268	タツミ	0	0	0	0	0
7269	スズキ	1070	1215	1070	1135	4034
7270	富士重	712	719	697	701	1066
7271	安永	418	418	418	418	1
7272	ヤマハ発	774	777	767	770	274
7273	イクヨ	162	162	162	162	2
7274	ショーワ	600	601	598	600	22
7275	ユニシア	166	175	161	175	71
7276	小糸製	510	515	504	504	66
7277	ＴＢＫ	119	120	117	120	12
7278	エクセディ	713	718	713	716	12.6
7279	ケーブル	1055	1070	1050	1070	27
7280	ミツバ	414	414	412	412	8
7282	豊田合	6650	7000	6620	7000	379
7283	愛三工	860	860	840	841	24
7284	盟和産	246	246	246	246	4
7285	池田物産	82	83	77	81	19
7286	イズミ工業	116	116	113	113	2
7287	日精機	729	730	721	721	16
7288	テクノエイト	239	239	239	239	1
7289	マーレ テネックス	196	196	195	195	5
7290	日発精密工業	400	400	380	380	4
7291	日本プラスト	0	0	0	0	0
7292	村上開明	0	0	0	0	0
7293	大井製作所	229	229	221	221	3
7294	ヨロズ	401	410	401	403	3.5
7295	アイエス製機	321	330	321	330	2
7296	ＦＣＣ	1060	1060	1060	1060	5
7297	カーメイト	0	0	0	0	0
7298	八千代工	0	0	0	0	0
7299	フジオーゼ	179	179	179	179	11
7301	宮田	130	130	130	130	12
7305	新家工	111	116	110	110	12
7306	丸石自転車	295	300	295	295	7
7308	ツノダ	0	0	0	0	0
7309	シマノ	2035	2130	2025	2035	134.7
7399	ナンシン	265	270	265	265	4
7404	昭和飛	285	285	285	285	1
7407	日本飛行機	294	294	290	290	74
7408	ジャムコ	464	466	463	463	42
7410	横浜鋼業	96	96	96	96	4
7411	成和産業	0	0	0	0	0
7412	アトム	1579	1580	1579	1580	2
7413	創健社	0	0	0	0	0
7414	小野建	0	0	0	0	0
7415	新星堂	300	300	300	300	1
7416	はるやま	732	732	720	720	9.5
7418	ヤマキ	150	150	150	150	1
7419	ノジマ	1370	1380	1370	1380	1.2
7420	佐鳥電機	1240	1335	1230	1330	148
7421	カッパクリエ	2800	2800	2760	2790	10
7422	東邦レマック	600	607	600	600	8
7423	フォンテーヌ	1210	1240	1202	1205	1.8
7424	ニコニコ堂	180	180	170	170	2
7425	初穂商事	315	325	310	325	3
7426	山大	0	0	0	0	0
7427	エコーＴＤ	1550	1550	1550	1550	11
7428	江戸沢	761	761	760	760	1.5
7429	セイジョー	1590	1590	1560	1560	4.4
7430	サンワドー	460	460	460	460	0.1
7432	ダルトン	0	0	0	0	0
7433	伯東	3010	3070	2970	2970	16
7434	オータケ	1490	1500	1490	1500	3
7435	ナ・デックス	500	500	490	490	6
7437	シーアンドエス	3450	3510	3420	3440	37.8
7438	コンドー	520	521	520	520	12
7439	サンミック千代田	0	0	0	0	0
7440	クラフト	790	790	790	790	1
7442	中山福	0	0	0	0	0
7443	横浜魚類	315	315	312	312	2
7444	ハリマ共和	540	540	540	540	0.1
7445	ライトオン	6090	6090	5900	6090	4.4
7446	東北化学	0	0	0	0	0
7447	ナガイレーベ	2000	2010	2000	2000	2.1
7448	ジンズメイト	1320	1320	1281	1300	7
7449	太洋興業	160	160	160	160	1
7450	サンデー	0	0	0	0	0
7451	菱食	5100	5190	5020	5020	13.5
7452	マツヤ	880	880	880	880	1
7453	良品計画	8720	8720	8500	8640	119.9
7454	ホットスパー	170	170	170	170	1
7455	三城	5590	5610	5400	5610	43.6
7456	松田産業	1860	1860	1820	1820	2
7457	セキテクノ	650	650	650	650	5
7458	第一興商	1560	1560	1510	1540	20.2
7459	メディセオＨＤ	920	923	917	919	30.5
7460	ヤギ	480	480	480	480	4
7461	キムラ	1150	1150	1150	1150	3
7462	ダイヤ通商	0	0	0	0	0
7463	アドヴァン	1621	1660	1621	1630	9.9
7464	セフテック	0	0	0	0	0
7465	ＭＶ北海道	0	0	0	0	0
7466	ＳＰＫ	1030	1030	1030	1030	0.5
7467	萩原電気	0	0	0	0	0
7468	アムスク	1370	1410	1370	1400	7
7470	サロモンメイド	570	570	570	570	1
7471	ふじ	435	435	435	435	2
7472	鳥羽洋行	1050	1050	1050	1050	1
7473	静岡スバル	0	0	0	0	0
7474	パオ	0	0	0	0	0
7475	アルビス	450	460	450	460	20
7476	アズワン	1721	1750	1721	1730	8
7477	ムラキ	170	170	170	170	2
7478	ブルーグラス	530	530	530	530	2
7479	サンマルク	3750	3750	3650	3650	1.9
7480	スズデン	0	0	0	0	0
7481	尾家産	0	0	0	0	0
7482	シモジマ	1000	1050	1000	1050	4
7483	ドウシシャ	2250	2250	2200	2200	4.5
7485	岡谷鋼機	939	939	934	939	7
7486	サンリン	0	0	0	0	0
7487	小津産業	890	920	890	920	3.1
7488	ヤガミ	0	0	0	0	0
7490	日新商	0	0	0	0	0
7491	ＯＡシステム	860	860	850	850	12
7492	タイカン	395	399	395	399	7
7494	コナカ	730	732	730	731	10
7495	レオ	250	250	245	250	6
7496	八千代ムセン	1150	1150	1100	1100	1
7497	マインマート	1130	1150	1060	1060	2
7498	ジャパン	2190	2300	2190	2300	3
7500	西川計測	0	0	0	0	0
7501	ティムコ	780	780	780	780	1.1
7502	プラザクリエ	4600	4600	4510	4600	2.3
7503	ＩＭＩ	0	0	0	0	0
7504	高速	660	660	660	660	1
7505	扶桑電通	0	0	0	0	0
7506	ハウスローゼ	780	800	760	800	4.1
7507	浜 勝	1040	1040	1040	1040	0.5
7508	オートセブ	690	690	685	685	2
7509	アイエー	0	0	0	0	0
7510	竹菱電機	0	0	0	0	0
7511	ジプロ	0	0	0	0	0
7512	ポスフール	1080	1080	1050	1056	11.1
7513	コジマ	2820	2820	2780	2790	35.6
7514	ヒマラヤ	709	709	700	700	8.5
7515	マルヨシ	0	0	0	0	0
7516	コーナン	1200	1230	1200	1210	11.3
7517	黒田電気	3680	3690	3500	3650	10
7518	ネットワン	3170000	3170000	3090000	3100000	0.585
7519	五洋インテ	267	270	265	270	3
7520	エコス	720	720	705	705	4.5
7521	ムサシ	0	0	0	0	0
7522	ワタミ	6200	6240	6150	6180	11.8
7523	アールビバン	1280	1300	1270	1280	8.8
7524	マルシェ	1240	1245	1239	1245	9
7527	システムソフ	0	0	0	0	0
7528	安藤薬業公司	315	315	310	315	3
7529	はるやま	138	138	138	138	0.7
7530	ナブコドア	0	0	0	0	0
7531	清和鋼業	0	0	0	0	0
7532	ドンキホーテ	11400	11400	11210	11300	18.3
7535	グッドマン	2710	2710	2650	2650	1.2
7536	船橋薬品	0	0	0	0	0
7537	丸文	1990	2140	1970	2060	101
7538	大水	0	0	0	0	0
7539	アベルコ	370	370	370	370	2
7540	エルエスフェンス	0	0	0	0	0
7541	メガネトップ	2710	2720	2650	2700	3.6
7542	ビスケーＨＤ	810	810	810	810	1
7543	ミスタージョン	499	499	499	499	6
7544	スリーエフ	1201	1201	1201	1201	0.1
7545	西松屋チェ	1434	1460	1434	1450	4.7
7547	オートハローズ	0	0	0	0	0
7548	サンクスＪＰ	1180	1180	1180	1180	3
7549	エス・エス・ブイ	0	0	0	0	0
7550	ゼンショー	1600	1665	1580	1665	8.6
7551	ウェッズ	401	401	401	401	0.5
7552	ハピネット	2240	2265	2200	2240	19.2
7553	サザビー	4900	4900	4590	4600	6
7554	幸楽苑	1030	1050	1030	1050	2
7555	大田花き	450	450	450	450	3
7556	住商エレク	1540	1550	1490	1490	4.5
7557	サンクス	3080	3080	3010	3010	29.3
7558	トーメンエレ	5110	5130	5000	5090	19.5
7559	ジーエフシー	0	0	0	0	0
7560	ユニマット	1020	1020	1000	1020	8.8
7561	ハークスレイ	2050	2050	1950	2000	7.8
7562	安楽亭	840	840	835	840	4
7563	ニッパン	198	200	198	200	4
7564	ワークマン	1610	1690	1600	1600	1.7
7565	万世電機	0	0	0	0	0
7566	ジャパンケア	1500	1510	1500	1500	19
7567	栄電子	1100	1100	1100	1100	2
7568	クレックス	430	430	400	420	7
7569	モンテカルロ	0	0	0	0	0
7570	橋本総業	0	0	0	0	0
7571	ヤマノＨＣ	830	830	830	830	4
7573	ツルハ	3060	3060	2960	2990	12.1
7574	共信テクノ	1420	1420	1370	1370	2
7575	日本ライフＬ	1060	1080	1060	1080	2.7
7576	ベターライフ	0	0	0	0	0
7577	パスポート	230	230	230	230	1
7578	ニチリョク	0	0	0	0	0
7579	オリジン東	3120	3230	3050	3220	49
7580	フーズネット	1149	1149	1100	1100	3
7581	サイゼリヤ	5850	5920	5800	5800	28.8
7582	富デバイス	2530	2550	2520	2550	14
7583	通商	0	0	0	0	0
7584	丸紅インフォ	585	585	585	585	1
7585	かんなん	880	880	880	880	1
7586	寺島薬局	1600	1600	1600	1600	1
7587	ＰＡＬＴＥＫ	3840	3950	3800	3930	47.3
7588	シートゥーネット	14800	14800	14700	14800	7.7
7589	デジキューブ	1440000	1450000	1400000	1440000	0.014
7590	タカショー	0	0	0	0	0
7591	エクセル	1690	1700	1690	1690	3
7592	アイ・ユー・ケイ	0	0	0	0	0
7593	ＶＴＨＤ	0	0	0	0	0
7594	マルカキカイ	380	380	380	380	2
7595	アルゴグラフ	2410	2410	2400	2410	1.2
7596	魚力	2710	2710	2710	2710	5.3
7597	東京貴宝	580	580	580	580	2
7598	ナイスクラ	320	320	300	305	38
7599	ガリバー	3400	3480	3350	3480	2.6
7600	日本ＭＤＭ	3350	3490	3350	3430	25.5
7601	ポプラ	1340	1340	1320	1340	9.1
7602	ジャック	3450	3680	3450	3610	25.3
7603	マックハウス	0	0	0	0	0
7604	梅の花	1780000	1780000	1740000	1740000	0.005
7605	フジコーポ	200	205	195	200	6
7606	Ｕアローズ	2000	2000	1950	1950	8
7607	進和	949	949	949	949	1
7608	ＳＫジャパン	0	0	0	0	0
7609	ダイトエレク	0	0	0	0	0
7610	テイツー	690000	750000	690000	750000	0.051
7611	ハイデ日高	949	949	945	945	4
7612	コモンウェル	0	0	0	0	0
7613	シークス	2030	2050	2010	2050	2.2
7614	オーエムツー	3800	3800	3800	3800	1
7615	京都友禅	600000	600000	590000	600000	0.038
7616	コロワイド	2650	2660	2630	2660	12.5
7617	オオゼキ	5690	5690	5690	5690	0.1
7618	ＰＣＤＥＰＯ	990000	990000	990000	990000	0.002
7619	田中商事	0	0	0	0	0
7620	ヤマト硝子	470	470	450	460	5
7621	うかい	1120	1120	1100	1100	5
7622	焼肉サカイ	1480	1480	1380	1400	16.7
7623	サンオータス	441	441	441	441	2
7624	内藤	980	980	980	980	6
7625	ダイニング	3760	3970	3750	3850	4.2
7626	ドッドウエル	1400	1410	1400	1410	2
7627	なか卯	0	0	0	0	0
7628	オーハシテク	2000	2000	2000	2000	15
7629	ムラチク	0	0	0	0	0
7630	壱番屋	1400	1400	1390	1390	7
7631	マクニカ	17200	17500	17000	17500	12
7632	住商メタレックス	500	507	500	500	37
7633	明響社	680	680	660	670	9
7634	星医療	1430	1450	1400	1450	3
7635	杉田エース	550	590	550	590	4
7636	ハンズマン	930	960	930	960	4
7637	白 銅	1430	1430	1400	1400	2
7638	シーマ	450	450	450	450	3
7639	贔屓屋	884	900	884	900	3
7640	トップカル	1490	1490	1440	1440	4
7641	フォーユー	920000	938000	920000	920000	0.006
7642	ビジョン	1420	1420	1420	1420	2
7643	ダイイチ	460	465	460	465	7
7644	常盤薬品	632	675	630	675	4
7645	日本トイザ	15600	16000	15600	16000	13.5
7646	ＰＬＡＮＴ	2180	2190	2180	2190	2
7647	音通	0	0	0	0	0
7648	トーカン	1388	1388	1388	1388	1
7649	スギ薬局	0	0	0	0	0
7701	島津	459	459	455	458	165
7702	ＪＭＳ	416	416	410	410	21
7703	川澄化	965	965	960	961	15
7704	アロカ	1270	1283	1270	1280	26
7705	ジーエル	1710	1710	1710	1710	1
7706	セントラユニ	456	460	456	460	4
7711	助川電気	229	229	220	227	13
7713	シグマ光機	2600	2630	2390	2580	48
7714	モリテックス	12900	12900	12700	12800	10.6
7715	長野計器	2280	2280	2270	2280	4
7716	ナカニシ	2210	2210	2000	2080	47
7718	スター精	1347	1348	1335	1348	17
7719	東衡機	0	0	0	0	0
7720	ソキア	222	228	218	218	63
7721	トキメック	169	169	159	166	241
7723	愛時計	283	283	270	271	15
7724	金門	161	165	161	165	8
7726	黒田精	0	0	0	0	0
7727	オーバル	156	156	155	155	4
7728	電産トーソク	910	939	910	939	7
7729	東京精	12340	12490	12000	12350	258.2
7731	ニコン	2800	2810	2685	2730	1593
7732	トプコン	379	379	368	368	9
7733	オリンパス	1636	1648	1610	1626	807
7734	理計器	384	391	375	375	17
7735	スクリン	895	898	883	887	231
7736	ユニオンＨＤ	101	101	101	101	1
7737	キャビン工業	210	215	210	215	4
7738	チノン	376	399	371	399	15
7739	キヤノン電	1038	1070	1038	1060	6
7740	タムロン	1150	1150	1090	1090	11
7741	ＨＯＹＡ	9400	9480	9310	9480	91.8
7743	シード	0	0	0	0	0
7744	ノーリツ鋼機	2820	2850	2810	2810	21
7750	ペンタックス	298	298	294	295	68
7751	キヤノン	4590	4660	4590	4640	1693
7752	リコー	2030	2090	2025	2075	2568
7753	ミノルタ	579	588	563	567	247
7756	電産コパル	1439	1439	1419	1433	35
7757	三協精	1006	1020	1000	1010	123
7758	セコニック	360	360	360	360	4
7762	シチズン	1203	1209	1196	1200	1025
7764	オリエント時計	203	207	202	207	13
7765	リコーエレメ	778	778	766	766	22
7768	ジェコー	401	401	401	401	2
7769	リズム	202	203	200	203	167
7770	ミヨタ	2710	2710	2710	2710	3
7771	日本精密	400	400	350	350	3
7855	カーディナル	460	460	460	460	3
7856	萩原工業	791	791	790	790	16
7857	セキ	0	0	0	0	0
7858	小野産業	1100	1100	1100	1100	1
7859	アルメディオ	1260	1290	1260	1290	4
7860	エイベックス	10600	10900	10550	10900	15.6
7861	東京リスマ	1050	1060	1050	1060	2.5
7862	トッパンフォ	2220	2240	2200	2220	71.5
7864	フジシール	4500	4520	4480	4480	9.9
7865	ピープル	1020	1020	1020	1020	1
7866	アトラス	1360	1490	1350	1390	41.7
7867	トミー	3010	3060	2960	2975	32.4
7868	広済堂	1252	1350	1232	1350	28.5
7869	日本フォーム	0	0	0	0	0
7870	福島印刷	0	0	0	0	0
7871	フクビ	0	0	0	0	0
7872	エステール	0	0	0	0	0
7873	アーク	5150	5220	5150	5220	26
7874	スルガ	4260	4400	4200	4300	3.4
7875	竹田印刷	0	0	0	0	0
7876	三陽PAX	0	0	0	0	0
7877	永大化工	870	870	860	860	5
7878	光彩工芸	0	0	0	0	0
7879	ノダ	0	0	0	0	0
7880	南部化成	381	381	381	381	1
7881	ニッソー	0	0	0	0	0
7882	アロン化成	400	401	392	392	59
7883	サンメッセ	0	0	0	0	0
7884	本間ゴルフ	390	400	380	385	16.6
7885	タカノ	1350	1550	1350	1550	93.8
7886	ヤマト・イン	0	0	0	0	0
7887	南プラ	401	401	401	401	1
7888	三光合成	0	0	0	0	0
7889	桑山	570	570	570	570	1.1
7890	アテナ工業	0	0	0	0	0
7891	日本ユピカ	0	0	0	0	0
7892	宇部日東化成	335	335	322	322	17
7893	亜細亜	1350	1350	1350	1350	6
7895	中央化学	1350	1350	1350	1350	0.3
7896	セブン工業	329	330	329	330	7
7897	ホクシン	140	141	140	140	2.7
7898	ウッドワン	770	780	770	771	8
7899	オザキ軽化	410	410	400	405	12
7900	大出産業	0	0	0	0	0
7901	マツモト	0	0	0	0	0
7902	ソノコム	1500	1500	1420	1470	10
7903	名木材	0	0	0	0	0
7904	天竜木	48	48	47	47	10
7905	大建工	344	346	344	345	82
7906	ヨネックス	390	390	390	390	3
7907	日防腐	534	534	534	534	1
7908	きもと	0	0	0	0	0
7909	シーアイ化	368	368	353	353	4
7910	段谷産業	84	84	83	84	61
7911	凸版	1025	1030	1011	1011	549
7912	大日印	1690	1710	1685	1700	634
7913	図書印	215	216	215	216	9
7914	共同印	353	354	350	350	39
7915	日写印	600	605	600	605	63
7916	光村印	371	375	365	375	9
7917	藤森工業	0	0	0	0	0
7918	ヴィアＨＤ	350	350	350	350	2
7919	野崎紙	266	266	252	252	11
7920	三浦印	420	420	391	391	21
7921	宝印刷	1371	1371	1350	1360	16
7922	三光産業	0	0	0	0	0
7923	トーイン	0	0	0	0	0
7925	前沢化成	1160	1165	1151	1160	7.1
7926	ベルテクノ	0	0	0	0	0
7927	ムトー精工	1220	1220	1220	1220	1
7928	旭化学	0	0	0	0	0
7929	新輝合成	350	350	350	350	2
7931	未来工業	1201	1201	1201	1201	0.3
7932	ニッピ	0	0	0	0	0
7933	ファイリング	0	0	0	0	0
7934	メルクス	0	0	0	0	0
7935	コンビ	740	750	740	740	32.5
7936	アシックス	113	114	112	113	91
7937	ツツミ	1960	2035	1960	2035	4.5
7938	リーガル	0	0	0	0	0
7939	研創	0	0	0	0	0
7940	ウェーブＨＤ	0	0	0	0	0
7942	ＪＳＰ	597	597	590	590	2
7943	ニチハ	700	705	696	698	3.6
7944	ローランド	2220	2260	2220	2250	8.2
7945	コマニー	0	0	0	0	0
7946	光陽社	0	0	0	0	0
7947	エフピコ	3950	3950	3890	3920	10.4
7948	ＡＷ・エモト	150	150	150	150	1
7949	小松ウオール	838	838	838	838	0.5
7950	日デコラ	0	0	0	0	0
7951	ヤマハ	983	985	959	973	302
7952	河合楽	153	153	149	149	56
7953	菊水化	500	500	500	500	7
7954	ジャレコ	1980	2240	1980	2100	313
7955	クリナップ	446	447	446	447	6
7956	ピジョン	1020	1020	1006	1006	9.8
7957	フジコピアン	200	200	200	200	1
7958	天馬	1256	1263	1255	1255	30
7959	オリバー	1080	1080	1080	1080	10
7960	パラマウント	5480	5480	5340	5370	11.7
7961	兼松日産農	0	0	0	0	0
7962	キングジム	619	619	619	619	1
7963	興研	0	0	0	0	0
7964	セガ	1110	1133	1101	1110	357.7
7965	象印	520	520	520	520	4
7966	リンテック	1035	1035	1020	1025	6
7967	バンダイ	3300	3330	3200	3200	25.5
7968	田崎真珠	439	440	439	440	7
7969	タカラ	485	494	481	494	41
7970	信越ポリ	734	737	710	722	39
7971	東リ	198	198	197	198	29
7972	イトーキ	396	401	396	399	67
7973	ホウトク	117	117	117	117	1
7974	任天堂	18350	18500	18050	18100	82.2
7975	リヒトラブ	221	221	221	221	1
7976	菱鉛筆	830	830	820	828	9
7977	フランスベッド	395	395	380	380	61
7979	松風	740	750	730	750	3
7980	重松製	0	0	0	0	0
7981	タカラスタ	401	402	400	400	34
7983	ミロク	0	0	0	0	0
7984	コクヨ	1799	1800	1750	1750	57
7985	ネポン	228	228	228	228	1
7986	キング工	135	136	135	136	6
7987	ナカバヤシ	321	321	320	320	15
7988	ニフコ	1200	1201	1183	1187	293
7989	ブラインド	700	700	655	655	3.1
7990	ダイワ精	133	136	133	136	30
7991	マミヤＯＰ	272	280	271	280	8
7992	セーラー	780	780	750	758	113
7993	サンウエブ	200	205	200	205	9
7994	岡村製	359	359	350	352	97
7995	バルカー	181	181	177	179	72
7996	パイロット	430	430	430	430	1
7997	くろ工	0	0	0	0	0
7998	高島屋工作	0	0	0	0	0
7999	武藤工	305	306	300	301	65
8000	カイゲン	0	0	0	0	0
8001	伊藤忠	483	484	475	475	1860
8002	丸紅	277	284	276	282	1751
8003	トーメン	109	112	108	109	401
8004	ニチメン	90	91	89	90	467
8005	ムトウ	700	725	700	725	15
8006	ユアサフナ	163	163	162	163	18
8007	高島	136	140	135	140	28
8008	アスティ	0	0	0	0	0
8010	新興産業	116	116	116	116	1
8011	三陽商	275	276	274	275	73
8012	長瀬産	532	579	532	579	189
8013	ナイガイ	90	90	88	90	78
8014	蝶理	111	115	108	108	45
8015	豊田通商	402	402	396	396	46
8016	オンワード	1000	1008	987	988	229
8017	阪急共栄物産	0	0	0	0	0
8018	三共興	257	259	256	258	31
8019	市田	62	63	62	62	125
8020	兼松	85	86	82	84	233
8021	レナウン	100	101	99	100	531
8022	ミズノ	314	314	309	309	126
8023	大興電子	420	430	420	430	8
8024	シルバーＯＸ	449	449	445	445	5
8025	ツカモトＣ	151	151	151	151	1
8027	ルシアン	109	112	109	109	8
8028	ファミリーＭ	2850	2865	2790	2795	285.8
8029	ルック	249	255	249	255	19
8030	中央魚	180	185	180	185	5
8031	三井物	682	694	681	681	2256
8032	紙パ商	345	351	342	342	22
8033	ジーネット	0	0	0	0	0
8035	東エレク	12200	12340	12190	12250	814.6
8036	日立ハイテク	1484	1500	1470	1470	18
8037	カメイ	500	504	500	504	6
8038	東都水	340	340	335	336	44
8039	築地魚	162	162	162	162	3
8040	東ソワール	203	205	202	205	5
8041	魚市場	306	306	306	306	2
8042	マタイ	206	208	204	208	4
8043	スターゼン	198	199	196	196	17
8044	大都魚	136	136	136	136	1
8045	浜丸魚	450	450	450	450	1
8046	丸藤パ	152	160	152	160	78
8047	デジ・ネット	790	854	790	854	23
8048	シャディ	2205	2230	2200	2200	19.7
8049	ＥＩＥ	335	339	327	327	19
8050	セイコー	491	501	490	496	380
8051	山善	203	209	203	205	51
8052	椿本興	180	180	175	175	17
8053	住友商	880	889	873	880	1072
8056	ユニシス	2470	2625	2470	2605	577.7
8057	内田洋	602	612	602	606	53
8058	三菱商	812	852	812	841	3800
8059	第一実	214	219	208	219	111
8060	キヤノン販	1730	1763	1730	1755	178
8061	西華産	167	170	164	165	101
8063	日商岩井	105	108	104	105	1533
8064	金商	135	135	124	134	32
8065	佐藤商	370	370	370	370	3
8066	三谷商	465	465	465	465	9
8067	トミヤアパ	330	337	330	334	11
8068	菱洋エレク	1820	1837	1819	1837	58
8070	東京産	307	310	307	309	16.5
8071	東海物産	361	361	351	351	2
8072	出版貿	0	0	0	0	0
8073	Ｔ・ＺＯＮＥ	320	320	320	320	8
8074	ユアサ商	135	135	133	133	81
8075	神鋼商	167	167	161	161	67
8076	カノークス	0	0	0	0	0
8077	小林産	0	0	0	0	0
8078	阪和興	101	103	101	103	124
8079	正栄食	460	460	453	453	4
8080	ジョイス	1120	1150	1120	1150	2.3
8081	カナデン	475	475	461	461	16
8083	サンテレ	0	0	0	0	0
8084	菱電商	365	368	358	358	124
8085	ナラサキ産業	137	146	137	146	3
8086	ニプロ	844	860	844	860	83
8087	フルサト	373	373	373	373	3
8088	岩谷産	218	237	213	232	1858
8089	ナイス	248	250	246	248	267
8090	昭光通商	145	145	141	143	48
8091	ニチモウ	134	134	133	133	19
8092	富士通シス	2860	2920	2860	2870	20.2
8093	極東貿易	600	605	591	596	72
8095	イワキ	211	212	211	212	5
8096	兼松エレク	480	485	480	480	4
8097	三愛石	295	295	287	290	20
8098	稲畑産	630	650	630	641	57
8100	藤井	67	67	67	67	1
8101	ＧＳＩクレ	120	120	113	120	48
8103	明和産	99	99	97	97	5
8105	丸正	194	194	189	189	2
8107	キムラタン	70	70	66	66	5
8109	山洋工	0	0	0	0	0
8110	川鉄商事	123	123	118	121	113
8111	ゴルドウイン	138	140	138	140	12
8112	東スタイル	924	930	918	928	135
8113	ユニチャーム	5150	5200	5060	5200	87.9
8114	デサント	240	241	236	237	17
8115	ムーンバット	102	103	98	103	15
8116	ダーバン	226	240	222	240	116
8117	中央自	236	236	236	236	2
8118	キング	160	160	160	160	7
8119	三栄コ	406	421	406	420	10
8120	大木	0	0	0	0	0
8123	川辺	0	0	0	0	0
8125	ワキタ	269	270	269	270	22
8126	三光純薬	470	470	469	470	7
8127	ヤマトインタ	128	128	128	128	7
8128	エフワン	52	52	51	51	5
8129	東邦薬	425	430	425	425	36
8130	サンゲツ	1670	1671	1668	1671	74
8131	ミツウロコ	575	579	575	579	10
8132	シナネン	385	391	385	390	29
8133	伊藤忠エネ	373	373	369	371	23
8134	ＴＯＫＡＩ	921	934	911	925	245
8135	ゼット	0	0	0	0	0
8136	サンリオ	2350	2370	2295	2325	132
8137	サンワテク	0	0	0	0	0
8138	三京化	225	225	225	225	4
8139	ナガホリ	0	0	0	0	0
8140	リョーサン	2125	2170	2075	2075	77
8141	新光商	912	919	900	907	34
8142	トーホー	855	864	850	850	3
8143	ラピーヌ	81	84	81	84	3
8144	電響社	420	420	420	420	4
8145	中部水産	300	300	298	300	13
8146	小杉産	0	0	0	0	0
8147	トミタ	240	240	231	231	2
8148	上原成	284	284	282	282	11
8150	三信電	750	750	741	741	19
8151	東陽テク	2670	2700	2670	2700	36
8152	ソマール	0	0	0	0	0
8153	モスフード	1156	1157	1155	1156	18
8154	加賀電子	1518	1538	1501	1501	73
8155	三益半導	1748	1750	1740	1740	12.9
8156	ガステック	440	440	436	436	18
8157	都築電	520	525	520	525	10
8158	ソーダニッカ	180	192	180	192	6
8159	立花エレ	675	675	675	675	1
8160	木曽路	1200	1200	1150	1150	22.5
8161	エイデン	800	800	790	793	18
8163	サトＲＳ	710	720	710	720	9
8164	キャビン	116	116	115	116	23
8165	千趣会	700	700	695	700	98
8166	タカキュー	131	131	130	130	20.5
8167	丸久	0	0	0	0	0
8168	ケーヨー	630	650	610	640	80.8
8169	宝船	176	176	171	171	3
8170	アデランス	4500	4500	4230	4300	106.7
8171	ＭＶ中部	0	0	0	0	0
8172	第一家庭電器	56	56	54	55	89
8173	上新電	294	294	291	291	5
8174	日ガス	614	624	614	624	11
8175	ベスト電	699	699	670	699	31
8176	西洋フードシス	386	388	377	381	22
8178	マルエツ	314	320	314	320	15
8179	ロイヤルＨＤ	1011	1024	1005	1010	88
8180	すかいらく	3930	4000	3870	3970	212
8181	東天紅	380	384	380	380	37
8182	いなげや	697	714	697	714	6
8183	セブン−イレブン	6110	6350	6050	6350	774
8184	島忠	1661	1691	1650	1656	44.2
8185	チヨダ	550	555	550	550	6.2
8186	大塚家具	7750	7800	7700	7800	60.3
8188	ヨークベニ	2540	2580	2515	2550	43.7
8189	マツヤデンキ	306	310	304	304	27
8190	ヤマナカ	1685	1685	1685	1685	3
8191	光製作	0	0	0	0	0
8192	中川無線	92	92	91	91	10
8193	鈴丹	123	127	122	122	53
8194	ライフコーポ	601	620	601	620	2
8195	デニーズジャパン	1860	1929	1860	1898	114
8196	カスミ	416	418	415	415	12
8197	東急ストア	305	305	300	301	24
8199	デオデオ	840	850	835	837	19.6
8200	リンガハット	1080	1080	1065	1069	2
8201	さが美	348	348	344	344	18
8202	ラオックス	520	529	520	529	10
8203	ＭｒＭａｘ	332	342	332	333	12.8
8204	ジョナサン	1490	1490	1490	1490	2
8205	シャクリー	0	0	0	0	0
8206	アポロイン	0	0	0	0	0
8207	テンアライド	412	417	406	416	33.3
8208	エンチョー	510	510	490	510	5
8209	フレンドリ	520	520	520	520	1
8210	フットワーク	195	201	195	201	25
8211	相鉄ローゼ	505	505	505	505	6
8212	オーク	147	150	147	150	4
8213	トステムビバ	342	345	342	345	10
8214	アオキインタ	345	347	341	347	14.8
8215	銀座山形屋	0	0	0	0	0
8216	フォルクス	533	535	533	535	2
8217	オークワ	870	870	860	860	7
8218	コメリ	2880	2945	2880	2925	8.3
8219	青山商	1154	1160	1120	1120	281.9
8225	タカチホ	0	0	0	0	0
8226	理経	420	420	415	416	17
8227	しまむら	7650	7740	7500	7500	34.3
8228	マルイチ	0	0	0	0	0
8229	ＣＦＳコーポ	800	800	799	800	3
8230	はせがわ	644	650	644	650	10
8231	三越	358	360	356	360	434
8232	東急百貨店	87	87	83	85	368
8233	高島屋	693	700	685	689	234
8234	大丸	299	300	298	298	128
8235	松坂屋	223	229	214	225	788
8236	丸善	366	374	358	366	3863
8237	松屋	402	409	400	409	13
8238	伊勢丹	880	885	872	872	331
8239	横浜松坂屋	81	81	80	80	6
8240	サッポロライオン	0	0	0	0	0
8241	阪神百貨店	420	420	420	420	1
8242	阪急百	468	468	461	461	171
8243	そごう	4	5	4	5	3603
8244	近鉄百貨店	120	120	120	120	2
8245	丸栄	261	261	251	251	6
8247	大和	0	0	0	0	0
8248	ニッセン	390	390	385	390	7
8249	東洋物	600	600	600	600	1
8250	小松ストアー	590	590	590	590	2
8251	パルコ	324	330	320	320	48
8252	丸井	1553	1588	1548	1550	760
8253	クレセゾン	2410	2445	2355	2375	522.2
8254	さいか屋	0	0	0	0	0
8255	原信	900	900	900	900	1.9
8256	プロルート	215	220	215	216	3.5
8257	山陽百	0	0	0	0	0
8258	ＯＭＣカード	385	395	385	386	96
8259	十字屋	53	53	51	52	107
8260	井筒屋	191	193	188	189	208
8261	ｼ鉄百貨店	0	0	0	0	0
8263	ダイエー	282	285	281	281	598
8264	イトーヨーカ堂	5200	5220	4980	5030	551
8265	壽屋	138	138	137	138	8
8266	イズミヤ	682	740	674	740	397
8267	イオン	1877	1877	1860	1860	369
8268	西友	415	415	400	408	277
8269	マイカル	295	302	295	297	479
8270	ユニー	1100	1170	1100	1120	171
8273	イズミ	1160	1250	1160	1250	28
8274	東武ストア	158	158	151	151	42
8275	フォーバル	1690	1700	1600	1640	15
8276	平和堂	697	700	690	694	27
8278	フジ	1853	1858	1853	1854	1.8
8279	ヤオコー	1174	1187	1174	1180	9.7
8280	富士冷機	396	397	391	392	22
8281	ゼビオ	2300	2300	2280	2280	35.4
8282	ギガスケーズ	2650	2660	2640	2660	25.1
8283	パルタック	491	491	491	491	2
8285	三谷産業	459	459	459	459	1
8287	ＭＶ西日本	1000	1000	990	990	3
8289	オリンピック	1920	1950	1900	1930	2.1
8290	デンコードー	0	0	0	0	0
8291	東日カーライフ	184	189	184	189	8
8292	東いすず	0	0	0	0	0
8293	愛トヨ	802	802	798	798	9
8295	キャノンシステム	799	799	799	799	1
8298	ファミリー	0	0	0	0	0
8299	大栄太源	500	500	500	500	1
8301	日銀	0	0	0	0	0
8302	興業銀行	782	812	782	785	5943
8311	第一勧銀	791	815	784	795	7177
8314	さくら銀行	787	787	780	781	4173
8315	東京三菱銀	1264	1268	1250	1252	5881
8317	富士銀行	791	815	781	794	9830
8318	三井住友銀行	1331	1331	1314	1318	2473
8319	大和銀行	244	244	239	242	1093
8320	三和銀行	978	983	970	970	1181
8321	東海銀行	501	506	500	501	2048
8322	あさひ銀行	393	397	390	394	2909
8324	第四銀	381	387	380	381	56
8325	北越銀	291	340	291	340	128
8326	福岡銀	621	625	618	619	316
8327	西日本シティ銀	434	444	433	440	86
8331	千葉銀	427	429	421	423	496
8332	横浜銀	483	483	472	476	915
8333	常陽銀	397	400	384	385	321
8334	群馬銀	536	554	536	548	124
8335	足利銀行	200	202	198	202	214
8336	武蔵銀	3990	4070	3990	4070	4
8337	千葉興	1220	1240	1200	1200	3.2
8338	関東つくば銀	1400	1400	1395	1400	5.5
8339	都民銀	3060	3300	3030	3300	45.4
8341	七十七	770	790	770	783	264
8342	青森銀	480	484	477	477	13
8343	秋田銀	410	420	410	420	38
8344	山形銀	535	537	535	536	11
8345	岩手銀	3550	3600	3550	3570	5.7
8346	東邦銀	395	398	395	398	19
8349	東北銀	0	0	0	0	0
8350	みちのく銀	649	650	633	645	27
8353	北海道銀行	132	133	131	131	143
8355	静岡銀	874	880	871	879	453
8356	十六銀	445	457	444	444	34
8357	北陸銀行	238	240	237	238	215
8358	スルガ銀	1630	1635	1615	1635	209
8359	八十二	601	610	600	600	102
8360	山梨銀	346	348	341	342	31
8361	大垣共立	570	650	570	650	212
8362	福井銀	287	291	287	287	82
8363	北国銀	443	452	443	450	46
8364	清水銀	4200	4200	4170	4170	1.7
8365	富山銀	0	0	0	0	0
8366	滋賀銀	471	479	471	479	21
8367	南都銀	453	460	453	460	43
8368	百五銀	411	415	411	415	77
8369	京都銀	510	513	503	512	105
8370	紀陽銀	273	279	273	277	29
8371	近畿大阪銀	202	202	202	202	1
8372	泉州銀	347	347	345	345	7
8374	三重銀	510	510	510	510	20
8375	池田銀	5410	5420	5400	5420	2.5
8379	広島銀	380	385	378	381	1460
8380	山口銀	680	680	678	680	24
8381	山陰合銀	514	515	512	514	115
8382	中国銀	910	916	908	915	45
8383	鳥取銀	362	362	361	362	14
8385	伊予銀	631	645	630	634	24
8386	百十四	630	631	623	626	82
8387	四国銀	606	606	600	606	29
8388	阿波銀	499	500	498	498	65
8390	鹿児銀	383	389	380	380	70
8391	親和銀行	334	336	328	336	39
8392	大分銀	459	461	459	461	14
8393	宮崎銀	360	360	360	360	13
8394	肥後銀	402	405	402	405	26
8395	佐賀銀	368	368	360	360	6
8396	十八銀	384	385	379	379	378
8397	沖縄銀	2350	2450	2350	2400	7.9
8399	琉球銀	1491	1550	1491	1498	1.7
8402	三菱信託	855	873	855	863	1872
8403	住友信	746	752	731	737	3013
8404	みずほ信託銀	119	120	118	120	1164
8405	日本信託	167	167	164	167	8227
8407	東洋信託	362	373	358	358	1336
8408	中央三井信	389	389	384	386	275
8489	アプレック	330	330	330	330	4
8493	インター	1190	1190	1115	1116	10.6
8507	学研クレジット	601	602	601	602	3
8508	イッコー	709	709	700	705	6
8511	日証金	505	515	501	510	269
8512	大証金	251	252	250	250	26
8513	中証金	205	205	170	170	2
8515	アイフル	9070	9850	9070	9850	128.25
8518	アジア投資	596	603	572	588	1188
8519	ポケットＣ	2445	2450	2350	2380	17.4
8520	殖産銀行	400	402	400	402	10
8521	長野銀	448	448	448	448	10
8522	名古屋銀	586	586	584	584	25
8524	北洋銀行	610	679	604	650	211
8527	愛知銀	6960	7130	6960	7130	1.6
8528	岐阜銀	204	206	202	206	51
8529	第三銀	455	460	451	454	61
8530	中京銀	413	433	413	433	18
8533	広島総合銀行	425	435	425	434	44
8536	東日銀	601	601	594	600	84
8537	大光銀	298	301	298	301	5
8539	福岡シティ銀	479	479	470	470	23
8541	愛媛銀	460	460	459	460	12
8542	トマト銀	0	0	0	0	0
8543	みなと銀	244	250	242	242	36
8544	京葉銀	303	304	300	303	51
8545	関西アーバン	146	146	138	138	41
8548	九州銀行	305	310	305	310	18
8549	せとうち銀行	385	385	385	385	2
8550	栃木銀	630	631	630	631	5
8551	北日銀	5700	5750	5700	5750	2.3
8552	びわこ銀	280	280	280	280	10
8556	香川銀	535	535	535	535	20
8558	東和銀	421	422	419	422	60
8561	徳島銀	701	703	680	702	38
8562	福島銀	316	320	316	320	5
8563	大東銀	320	325	315	323	13
8564	武富士	10640	11130	10450	11130	295.1
8565	三洋クレ	4100	4150	4100	4120	25.1
8566	リコーリース	2500	2530	2485	2530	21.3
8567	クレディア	1948	1980	1930	1950	7.4
8568	シンキ	2320	2345	2270	2300	33.4
8569	ユニココーポ	0	0	0	0	0
8570	イオンクレ	5700	5750	5460	5740	64.9
8571	ニッシン	4210	4320	4210	4320	9.9
8572	アコム	8810	8880	8570	8590	95
8573	三洋信販	2900	2970	2870	2970	37.3
8574	プロミス	7400	7890	7400	7700	285.9
8577	ロプロ	924	925	889	899	433.5
8579	東京リース	0	0	0	0	0
8580	ファーストクレジット	266	271	265	265	52
8583	日信販	234	238	228	233	625
8584	ジャックス	406	409	402	404	100
8585	オリコ	395	404	395	400	350
8586	日立キャピ	2900	2900	2770	2770	225.5
8588	セントラル	305	315	300	315	38
8589	アプラス	117	119	117	117	49
8591	オリックス	13970	14070	13800	13800	161.6
8592	住商リース	1568	1568	1513	1537	14
8593	ダイヤリース	1400	1430	1384	1384	32
8595	ジャフコ	16700	16900	16000	16100	127.9
8597	ＳＦＣＧ	16850	17180	16850	16900	10.52
8599	ＵＦＪセント	470	470	470	470	1
8601	大和証Ｇ	1290	1308	1290	1297	1453
8603	日興コーデ	1010	1010	980	980	2512
8604	野村ＨＤ	2290	2305	2240	2250	3817
8606	新光	386	387	381	384	1598
8607	みずほイン証	198	200	192	194	941
8609	岡三ＨＤ	709	714	695	700	244
8610	さくらフレンド	265	265	263	264	128
8611	コスモ証	220	221	214	214	156
8613	丸三	605	609	601	608	129
8614	東洋	282	287	281	287	91
8615	三菱証	1221	1250	1220	1220	171
8616	東海東京	284	284	281	284	214
8617	光世	235	239	232	232	159
8620	東海丸万	485	494	485	489	73
8621	ＵＦＪつばさ証券	461	467	460	461	221
8622	水戸	345	350	341	341	21
8623	ＳＭＢＣ証	270	275	260	260	45
8624	いちよし証	605	609	600	604	99
8625	高木	350	350	348	350	21
8626	マネックス	75500	75900	72000	72500	2.106
8627	イー・トレード	980000	990000	832000	875000	1.435
8691	証券代	850	850	850	850	1
8692	だいこう	430	430	430	430	2
8742	小林洋行	1331	1350	1300	1345	3.5
8743	ひまわり証	211	211	211	211	1
8744	日本ユニコム	1040	1040	1040	1040	1
8745	グローバリー	1470	1470	1470	1470	1
8746	第一商品	295	295	295	295	3
8747	豊商事	0	0	0	0	0
8748	岡藤商事	351	351	351	351	1
8749	エース交易	0	0	0	0	0
8751	東京海上火災	1073	1078	1058	1075	2182
8752	三井住友海上	523	535	512	514	1174
8753	住友海上火災	664	673	654	658	898
8754	日本興亜	441	443	430	430	690
8755	損害保険Ｊ	564	564	543	559	731
8756	日産火災海上	348	348	333	335	153
8757	日新火	232	236	227	234	91
8758	千代田火災	325	328	320	320	281
8759	ニッセイ同和	261	264	258	258	158
8760	日動火災海上	620	620	600	610	158
8761	あいおい損保	350	350	345	345	196
8762	興亜火災	420	429	413	416	195
8763	富士火	197	203	194	201	856
8764	太陽火災	0	0	0	0	0
8765	大成火災海上	215	215	212	215	9
8801	三井不	1100	1119	1075	1095	3598
8802	菱地所	998	1032	997	1020	3535
8803	平和不	281	285	277	280	213
8804	東建物	198	202	197	199	168
8805	中央地	104	105	102	102	14
8806	ダイビル	780	785	779	780	34
8809	サンケビル	350	359	350	359	9
8810	港振興	0	0	0	0	0
8815	東急不	113	118	113	114	666
8817	阪急不動産	341	349	340	340	26
8818	京阪神不	315	325	315	325	10
8821	立飛企	2390	2390	2390	2390	1
8829	大和団地	205	215	205	211	118
8830	住友不	493	505	492	500	1302
8832	小田急不	181	181	180	180	6
8833	東宝不	366	366	366	366	1
8834	藤和不	51	51	50	51	125
8835	太平発	123	123	118	120	35
8836	ヒューネット	791	792	777	783	530
8838	有楽地	190	190	183	184	54
8839	ニチモ	87	87	85	85	31
8840	大京	216	217	215	216	291
8841	テーオーシー	715	725	714	719	34
8842	楽天地	345	346	345	346	11
8844	リクコスモス	431	432	422	431	16
8845	セザール	222	222	220	222	49
8846	積和不動産	415	415	410	411	5
8848	レオパレス	343	350	340	350	17
8850	スターツ	700	700	690	690	5
8851	アバンライフ	160	160	155	155	5
8852	積和不動関西	340	345	340	345	4
8853	ダイヤシティ	0	0	0	0	0
8854	日住	245	245	240	240	7
8855	全日空ビル	135	135	135	135	2
8857	三井不動販売	541	548	534	538	18
8858	ダイア建	223	223	220	220	11
8860	フジ住	486	492	486	486	11
8863	積和不動中部	0	0	0	0	0
8864	空港施設	397	400	397	400	24
8865	神鋼興産	245	245	245	245	7
8866	コマーシャル	229	235	229	230	8
8867	横浜地下街	0	0	0	0	0
8868	ＵＲＢＡＮ	2120	2160	2070	2090	23.4
8869	明和地所	2535	2535	2430	2470	23.6
8870	住不販売	4000	4050	3990	4050	41.4
8871	ゴールドクレ	11300	11300	11120	11300	32
8872	エイブル	1780	1780	1710	1710	4
8873	積和不動中国	398	398	390	390	6
8874	ジョイント	3500	3570	3500	3500	4
8875	東栄住宅	1500	1500	1440	1450	14.6
8876	リロＨＤ	7200	7300	7100	7300	11
8877	エスリード	1071	1100	1071	1100	0.8
8878	日綜地所	1510	1530	1490	1530	10
8879	東急リバブル	640	660	640	645	5.5
8880	飯田産業	1290	1310	1290	1300	9.3
8881	日神不動産	1370	1410	1350	1410	7.7
8882	ゼファー	3310000	3460000	3060000	3150000	0.138
9001	東武	314	315	312	314	677
9002	西武鉄道	1444	1484	1391	1395	591
9003	相鉄	296	298	295	295	54
9004	箱根登山鉄道	0	0	0	0	0
9005	東急	519	520	509	510	1657
9006	京急	422	422	416	419	326
9007	小田急	395	400	392	393	271
9008	京王	418	422	413	415	552
9009	京成	266	270	266	268	347
9010	富士急	380	380	379	379	8
9012	秩父鉄	0	0	0	0	0
9013	伊豆箱根鉄道	0	0	0	0	0
9014	新京成	0	0	0	0	0
9017	新潟交	0	0	0	0	0
9019	伊豆急行	0	0	0	0	0
9020	ＪＲ東日本	565000	571000	563000	570000	2.065
9021	ＪＲ西日本	433000	440000	432000	432000	0.798
9022	ＪＲ東海	611000	616000	606000	606000	0.628
9031	西鉄	296	296	291	292	103
9033	広電鉄	0	0	0	0	0
9036	東部ネット	585	585	580	580	16
9037	ハマキョウ	0	0	0	0	0
9038	東海西濃	0	0	0	0	0
9039	サカイ引越	2270	2350	2270	2350	0.7
9040	大宝運輸	280	280	270	270	2
9041	近鉄	465	475	465	466	299
9042	阪急ＨＤ	354	356	351	352	634
9043	阪神	302	303	300	300	155
9044	南海電	350	375	345	351	2147
9045	京阪電	347	350	347	348	94
9046	神電鉄	438	438	435	435	9
9047	名糖運輸	1049	1058	989	1058	1.4
9048	名鉄	303	305	302	302	294
9049	京福電	0	0	0	0	0
9050	三重交	354	354	354	354	2
9051	センコン物流	0	0	0	0	0
9052	山陽電	290	290	290	290	1
9053	中央運輸	0	0	0	0	0
9054	大和物流	0	0	0	0	0
9055	アルプス物流	733	735	733	735	3
9056	ヒューテック	1200	1200	1200	1200	1
9057	遠州トラック	710	710	700	700	4
9058	トランコム	465	465	455	455	3
9059	カンダ	0	0	0	0	0
9060	日ロジテム	378	378	375	375	2
9061	富士物流	205	205	205	205	5
9062	日通	586	589	580	581	738
9063	岡県運送	160	160	160	160	1
9064	ヤマト運	2380	2385	2325	2325	1213
9065	山九	91	93	91	93	412
9066	日新	195	199	183	183	67
9067	丸運	0	0	0	0	0
9068	丸全運	201	202	199	200	26
9069	センコー	210	211	204	206	41
9070	トナミ	200	201	198	200	58
9072	日梱包	688	690	679	685	48
9073	京極運	0	0	0	0	0
9074	日石輸	190	196	190	195	59
9075	福山運	577	587	573	576	112
9076	西濃運	531	532	525	525	187
9077	名鉄運	0	0	0	0	0
9078	エスライン	0	0	0	0	0
9079	東急ロジ	0	0	0	0	0
9080	関東西濃	0	0	0	0	0
9081	神奈交	450	450	445	450	5
9082	大和自	0	0	0	0	0
9083	神姫バ	480	480	480	480	5
9086	日立物流	560	560	555	557	30
9087	タカセ	215	215	215	215	1
9088	濃飛西濃	0	0	0	0	0
9089	ロジパル	380	380	380	380	1
9101	郵船	530	536	526	528	4451
9104	商船三井	233	236	231	231	2137
9107	川崎汽	220	224	219	223	1609
9110	新和海	70	70	67	70	24
9113	乾汽船	70	70	70	70	3
9114	日之出汽船	46	47	46	47	12
9115	明治海	163	170	163	170	8
9119	飯野海	157	158	153	158	55
9123	太平海	54	54	54	54	30
9127	玉井船	0	0	0	0	0
9130	共栄タ	114	114	110	112	12
9132	第一汽	52	53	52	53	48
9133	東栄リーファ	0	0	0	0	0
9151	東京船舶	81	81	81	81	2
9152	関西汽	52	53	52	53	69
9171	栗林船	0	0	0	0	0
9173	東海汽	320	320	320	320	1
9174	ワンダーＴ	0	0	0	0	0
9176	佐渡汽	0	0	0	0	0
9178	日鉄物流	0	0	0	0	0
9179	川崎近海	181	184	181	181	9
9180	新和内航	0	0	0	0	0
9193	東京汽	0	0	0	0	0
9201	日本航空	364	369	360	362	1804
9202	ＡＮＡ	350	355	348	352	2783
9203	日本エアシス	3720	3720	3700	3700	6.1
9204	スカイマーク	200000	200000	200000	200000	0.109
9231	国際航	590	593	581	581	23
9232	パスコ	500	504	499	504	24
9233	アジア航	352	352	351	351	2
9301	三菱倉	876	876	852	859	137
9302	三井倉	210	210	207	208	180
9303	住友倉	288	295	288	292	295
9304	渋沢倉	245	246	244	244	25
9305	ヤマタネ	115	116	115	116	13
9306	東陽倉	195	198	195	198	3
9307	杉村倉	0	0	0	0	0
9308	イヌイ建	405	405	405	405	3
9309	京神倉庫	301	301	301	301	1
9310	トランシティ	191	198	191	197	12
9311	アサガミ	175	175	170	170	8
9312	ケイヒン	138	140	138	140	10
9313	丸八倉	169	169	169	169	1
9314	品川倉	0	0	0	0	0
9317	オーナミ	113	113	113	113	2
9318	Ｊブリッジ	265	265	260	260	2
9319	中央倉	538	538	538	538	3
9320	三和倉	144	146	144	146	3
9321	アイロジステ	164	164	164	164	1
9322	川西倉	0	0	0	0	0
9323	ロジステック	485	485	485	485	1
9324	安田倉	0	0	0	0	0
9351	洋埠頭	143	146	143	145	19
9353	桜島埠	0	0	0	0	0
9355	リンコー	145	145	145	145	1
9357	名港海	0	0	0	0	0
9358	宇徳運	136	136	136	136	3
9359	伊勢湾	246	246	246	246	2
9360	鈴与シンワ	0	0	0	0	0
9361	伏木運	255	255	250	250	11
9362	兵機海	0	0	0	0	0
9363	大運	0	0	0	0	0
9364	上組	495	500	495	500	262
9365	トレーディア	101	101	101	101	1
9366	サンリツ	730	764	730	764	7.2
9367	大東港運	0	0	0	0	0
9368	キムラユニテ	0	0	0	0	0
9369	キユソ流通	1380	1380	1380	1380	1
9370	郵船航空	2300	2300	2230	2260	2.5
9373	ニッコウトラ	2050	2090	1960	2040	10
9375	近鉄エクス	1395	1395	1280	1300	137
9401	ＴＢＳ	4130	4200	4060	4130	474
9402	ＣＢＣ	1250	1250	1200	1200	0.5
9404	日テレ	62900	63000	61500	62800	21.61
9405	朝日放	11200	11500	11200	11500	0.73
9408	新潟放	0	0	0	0	0
9431	ＫＤＤ	8520	9000	8520	8950	208.7
9432	ＮＴＴ	1250000	1270000	1240000	1260000	10.626
9433	ＫＤＤＩ	815000	831000	808000	816000	11.741
9434	ボーダフォン	3490000	3550000	3390000	3450000	1.106
9435	光通信	4780	4800	4700	4730	50.1
9436	沖縄セルラー	399000	400000	397000	400000	0.069
9437	ＮＴＴドコモ	3330000	3380000	3320000	3330000	13.3
9438	ＭＴＩ	713000	724000	683000	685000	0.154
9439	ビーアイジー	765000	765000	750000	750000	0.016
9441	ベルパーク	1850000	1900000	1850000	1900000	0.015
9442	ＪＳＡＴ	1280000	1290000	1250000	1270000	0.793
9449	ＧＭＯインター	3240	3240	3080	3230	36
9470	学研	199	200	198	198	165
9471	文渓堂	0	0	0	0	0
9472	エスコム	374	393	373	380	49
9473	アスキー	950	978	940	968	23
9474	ゼンリン	2605	2650	2600	2600	4.9
9475	昭文社	2235	2250	2205	2220	64.4
9476	中央経済	0	0	0	0	0
9477	角川ＨＤ	9740	9900	9740	9800	20.5
9478	翔泳社	2250000	2260000	2250000	2250000	0.008
9501	東電	2390	2395	2365	2380	1850
9502	中部電	1778	1783	1741	1741	732.7
9503	関西電	1690	1700	1677	1677	603.1
9504	中国電	1615	1615	1568	1568	554
9505	北陸電	1515	1515	1460	1460	69.3
9506	東北電	1516	1522	1471	1500	444.2
9507	四国電	1569	1570	1538	1538	166.8
9508	九州電	1610	1640	1551	1551	397.6
9509	北海電	1481	1499	1481	1481	105.3
9511	沖縄電	1926	1926	1921	1921	8.5
9531	東ガス	275	275	270	270	2445
9532	大ガス	264	266	261	262	2058
9533	邦ガス	207	208	205	205	167
9534	北ガス	187	187	187	187	9
9535	広ガス	0	0	0	0	0
9536	西部ガス	158	158	157	157	134
9537	北陸ガ	0	0	0	0	0
9539	葉ガス	0	0	0	0	0
9540	中ガス	223	223	223	223	1
9541	大多喜ガス	350	355	345	355	8
9542	新日ガス	0	0	0	0	0
9600	アイネット	789	798	780	798	5
9601	松竹	463	469	460	466	340
9602	東宝	17090	17150	16960	16960	9.9
9603	ＨＩＳ	2760	2900	2420	2660	446.6
9604	際放映	0	0	0	0	0
9605	東映	805	813	796	798	321
9607	葵プロ	1540	1555	1540	1550	13
9608	福山コンサル	0	0	0	0	0
9609	ベンチャーリ	7200	7400	7200	7250	17.8
9610	ウィルソン	2700	2740	2680	2720	3.3
9611	Ｄワンダー	799	799	799	799	1
9612	ラックランド	2450	2450	2450	2450	0.6
9613	ＮＴＴデータ	1080000	1110000	1080000	1100000	5.805
9614	ベルシス24	54900	55500	54700	55000	12.3
9615	東京美装	515	515	515	515	10
9616	共立メンテ	2540	2620	2500	2620	2.1
9618	エームサービス	1280	1280	1280	1280	1
9619	イチネン	881	881	880	880	1
9620	スクウェア	4970	5030	4740	4760	158.5
9621	建設技研	580	581	580	580	4.9
9622	スペース	475	487	475	487	2.3
9623	キヤノンソフ	0	0	0	0	0
9624	長大	0	0	0	0	0
9625	セレスポ	170	170	170	170	1
9626	日本技開	0	0	0	0	0
9627	アインファマ	1400	1430	1400	1430	3
9628	燦ＨＤ	4500	4500	4500	4500	1.1
9629	ＰＣＡ	3500	3650	3500	3650	15
9630	アップ	355	355	355	355	1
9631	東急レク	0	0	0	0	0
9632	スバル	336	337	336	336	4
9633	テアトル	180	181	178	180	91
9634	修学社	562	576	560	570	23
9635	武蔵野	0	0	0	0	0
9636	きんえい	0	0	0	0	0
9637	オーエス	790	790	790	790	1
9638	情報技術	720	720	720	720	1
9639	三協フロンテ	300	300	300	300	4
9640	セゾン情報	710	710	710	710	1
9641	サコス	110	115	102	110	4.4
9642	コマスタ	0	0	0	0	0
9643	中日興	16000	16000	16000	16000	0.1
9644	タナベ経営	0	0	0	0	0
9645	ダイヤモンドコン	1250	1280	1250	1280	4.2
9646	タイトー	97700	100000	97000	100000	0.329
9647	協和コンサル	0	0	0	0	0
9648	ウエスコ	290	290	290	290	5.3
9649	明電エンジニア	646	647	634	647	9.1
9650	テクモ	1530	1630	1530	1624	47.1
9651	日本プロセス	0	0	0	0	0
9652	日本医療	2130	2250	2130	2250	12.9
9653	ＳＢＩパートナ	880	880	855	880	11
9654	コーエー	4230	4420	4200	4360	125.2
9656	三井ランド	555	555	555	555	0.6
9657	コムテック	0	0	0	0	0
9658	ビジ太田昭	525	526	524	524	9
9660	ＣＲＣソリュ	1700	1700	1400	1410	28
9661	歌舞伎	0	0	0	0	0
9662	アイフル	551	555	551	555	6
9663	ナガワ	665	680	665	680	10
9664	御園座	1100	1120	1100	1120	7
9665	吉本興	1060	1061	1060	1061	5
9667	ホリプロ	729	730	725	725	6
9668	相鉄企業	0	0	0	0	0
9669	オークネット	4890	4890	4840	4890	9.6
9671	よみランド	385	385	379	384	6
9672	東競馬	115	116	115	115	259
9673	甲子園土地	56	56	56	56	1
9674	花月園	0	0	0	0	0
9675	常磐興	139	141	138	141	25
9676	松戸公産	465	465	465	465	1
9677	日本ジャンボ	0	0	0	0	0
9678	カナモト	680	690	665	680	60
9679	ホウライ	0	0	0	0	0
9680	共成レンテム	530	530	530	530	1
9681	東京ドーム	510	513	501	501	202
9682	ＤＴＳ	7500	7980	7500	7950	159.3
9684	スク・エニ	5000	5140	4950	4970	66.3
9685	共同コンＨＤ	350	350	350	350	1
9686	東洋テック	0	0	0	0	0
9687	ＫＳＫ	550	560	550	560	2
9689	グリンハウス	1550	1550	1500	1500	10
9691	両毛システム	0	0	0	0	0
9692	シーイーシー	1670	1799	1670	1789	355.9
9694	日立ソフト	14320	14500	14200	14500	263
9695	鴨川グランド	0	0	0	0	0
9696	ウィザス	325	325	325	325	6
9697	カプコン	4300	4430	4300	4410	728.8
9698	クレオ	1070	1070	1050	1050	4
9699	西尾レント	710	720	710	710	9
9700	エスアールエル	1199	1200	1192	1200	15
9701	会舘	0	0	0	0	0
9702	アイエスビー	1440	1560	1440	1560	23
9703	ジェネラスコーポ	87	90	87	90	51
9704	東海観	84	87	84	87	975
9706	日本空港ビル	869	869	863	865	120
9707	メデカＪ	815	815	801	801	16
9708	帝ホテル	1502	1502	1502	1502	1
9709	日コンピュタ	710	720	710	720	3
9711	日コンシス	0	0	0	0	0
9712	ファイ	590	595	570	570	212
9713	ロイヤルホ	210	216	210	216	3
9714	ＳＲＡ	1770	1810	1770	1800	1.8
9715	トランスコス	15000	15070	14650	14940	93.2
9716	乃村工芸社	360	360	360	360	1
9717	ジャステック	3400	3440	3400	3430	2.8
9718	国際観光会館	281	281	281	281	1
9719	住商情報	7830	8140	7800	8140	125.4
9720	グランド	0	0	0	0	0
9722	藤田観	480	485	455	458	457
9724	新阪急ホテル	189	189	180	180	6
9725	東急ホテル	152	152	152	152	19
9726	近ツーリスト	300	305	299	305	22
9727	東急観光	120	122	120	122	4
9728	日本管財	1560	1590	1550	1587	14
9729	トーカイ	0	0	0	0	0
9730	ワオコーポ	0	0	0	0	0
9731	白洋舎	320	330	320	330	8
9732	東映ラボ	225	225	221	221	3
9733	ナガセ	1200	1200	1200	1200	1
9734	精養軒	900	900	900	900	0.4
9735	セコム	8210	8370	8140	8320	551
9736	白青舎	0	0	0	0	0
9737	ＣＳＫ	2820	2980	2810	2980	469.8
9738	インテック	2365	2400	2350	2360	132
9739	ＮＳＷ	8300	8750	8300	8710	18.2
9740	ＣＳＰ	0	0	0	0	0
9741	日立情報	4350	4780	4350	4780	622.7
9742	アイネス	1812	1829	1811	1817	74.5
9743	丹青社	555	565	555	560	26
9744	メイテック	4640	4880	4640	4800	82
9746	ＴＫＣ	2195	2220	2195	2210	22
9747	アサツーＤＫ	3780	3800	3750	3780	30.4
9748	ＮＪＫ	630	640	630	640	3
9749	富士ソフト	9400	9480	9200	9400	195.9
9750	ソラン	2400	2470	2400	2430	88
9751	ＴＩＳ	6910	7180	6900	6900	195
9752	ナムコ	2900	3040	2900	3000	219.7
9753	ＩＸナレッジ	650	650	650	650	3
9755	応用地質	1231	1250	1231	1240	12.3
9756	ＡＳＫ	840	870	840	870	6
9757	船井研	730	730	730	730	1
9758	ジシステム	526	540	520	520	7
9759	日システムデ	11700	12200	11500	11900	294
9760	進学会	350	350	350	350	4
9761	東海リース	190	192	190	191	17
9762	大和リース	320	324	320	323	154
9763	丸紅リ	107	109	105	109	30
9764	技研興	0	0	0	0	0
9765	オオバ	165	165	161	161	9
9766	コナミ	9120	10060	9100	9900	1693.9
9767	日建工学	246	249	245	249	6
9768	国土環境	670	670	670	670	3
9769	学究社	0	0	0	0	0
9776	札臨	0	0	0	0	0
9777	日電計算	2060	2140	2060	2095	17.3
9778	昴	663	663	663	663	2
9779	メフォス	865	865	860	860	4
9780	ビステム	0	0	0	0	0
9781	石川島汎サ	0	0	0	0	0
9782	ＤＭＳ	0	0	0	0	0
9783	ベネッセ	6500	6700	6400	6610	274.4
9784	日工検	0	0	0	0	0
9785	大新東	260	260	260	260	2
9786	キャッツ	1890	1890	1840	1850	90
9787	Ｊメンテ	935	945	935	940	9.4
9788	ナック	690	705	690	704	14.9
9789	栄光	407	407	407	407	6
9790	福井コン	0	0	0	0	0
9791	ビケンテクノ	690	691	690	691	3
9792	ニチイ学館	4530	4700	4530	4680	25.2
9793	ダイセキ	1900	1925	1854	1925	29.1
9794	カラカミ観光	690	690	690	690	1
9795	ステップ	750	760	750	760	11
9796	ダイテック	1450	1450	1450	1450	1.1
9797	大日本コン	242	248	228	228	19.1
9798	シダックス	2040	2040	1980	1980	3.2
9799	旭情報	1050	1100	1050	1100	3
9810	日鉄商	91	91	91	91	3
9811	アスティス	515	535	515	535	4
9812	テーオー	2000	2000	2000	2000	1
9813	トッキ	2100	2200	2100	2200	5
9814	アシックス商	605	614	605	614	4
9815	カテナ	1481	1520	1410	1450	323
9816	バーテックス	341	342	341	341	5
9817	ゴトー	0	0	0	0	0
9818	大丸エナ	0	0	0	0	0
9820	エムティＧ	200	201	200	201	2
9821	日アムウ	839	850	815	850	5
9822	なが多	92	114	88	109	2862
9823	マミーマート	0	0	0	0	0
9824	泉州電	680	680	680	680	3
9825	アズウェル	398	402	398	398	15.9
9826	ＪＥＵＧＩＡ	0	0	0	0	0
9827	リリカラ	164	165	164	165	5
9828	元気寿司	1149	1149	1149	1149	1
9829	ながの東急	0	0	0	0	0
9830	トラスコ中山	1379	1393	1379	1393	3.4
9831	ヤマダ電	10100	10900	10100	10200	105.3
9832	オートバクス	3150	3280	3150	3280	23.9
9833	エルクコーポ	0	0	0	0	0
9834	リオチェン	0	0	0	0	0
9835	ジュンテン	0	0	0	0	0
9836	リーバイス	481	481	480	480	6
9837	モリト	536	536	536	536	1
9838	トラベラー	790	790	700	700	7
9839	ゲッツブラザーズ	570	575	565	575	6.5
9840	ホーマック	2190	2190	2100	2110	5.6
9841	ＢＭＢ	378	378	378	378	284
9842	アークランド	1200	1200	1150	1150	3
9844	ユーエスシー	1540	1540	1490	1500	8
9845	パーカー	0	0	0	0	0
9846	天満屋ス	0	0	0	0	0
9847	ソリスト	450	450	450	450	5
9848	トヨタカローラ岐阜	992	992	992	992	2
9849	河内屋紙	0	0	0	0	0
9850	グルメ杵屋	821	821	821	821	4
9852	中央物産	202	202	202	202	1
9853	銀座ルノア	0	0	0	0	0
9854	愛眼	989	990	980	989	4.9
9855	くろがねや	395	395	395	395	10
9856	ケーユー	830	840	800	838	3.2
9857	英和	352	380	352	380	5
9858	明光商会	1710	1730	1710	1730	1.2
9859	ユーストア	810	810	810	810	1
9860	岐阜日野	0	0	0	0	0
9861	吉野家ディー	167000	181000	167000	175000	1.107
9862	メモレックス・テレ	255	265	251	251	6
9863	靴のマルトミ	102	103	102	102	7.6
9864	ナカイ	319	319	319	319	2
9865	日商エレク	2700	2770	2700	2770	20
9867	ソレキア	530	530	510	520	15
9868	トリイ	0	0	0	0	0
9869	加藤産	611	611	611	611	1
9870	ハナテン	1830	1830	1800	1830	1.1
9871	イトーキ	270	270	270	270	2
9872	北恵	208	208	208	208	1
9873	ケンタッキー	1330	1330	1320	1325	7
9875	マツモトキヨ	8700	8700	8570	8570	18.8
9876	コックス	450	450	450	450	1
9877	マルフル	0	0	0	0	0
9878	セキド	625	625	625	625	1
9879	フタタ	168	168	168	168	1
9880	イノテック	3800	3850	3750	3830	9.5
9882	イエロハット	960	971	950	950	16.3
9883	富士エレ	2100	2200	2100	2150	27
9884	都築電産	0	0	0	0	0
9885	シャルレ	0	0	0	0	0
9887	松屋フーズ	1840	1840	1801	1828	20.6
9888	ＵＥＸ	0	0	0	0	0
9889	ＪＢＣＣ	3000	3000	2985	3000	26.8
9890	マキヤ	0	0	0	0	0
9892	卑弥呼	1200	1200	1150	1200	36
9893	ホームワイド	390	395	390	395	3
9894	アトル	0	0	0	0	0
9895	コンセック	208	208	200	201	37
9896	Ｊ建材	0	0	0	0	0
9897	ユニダックス	700	700	690	692	11
9898	サハダイヤ	270	290	265	290	88
9899	サンデサン	0	0	0	0	0
9900	サガミ	835	835	818	819	9
9901	宮	789	790	789	790	3
9902	日伝	1400	1400	1400	1400	1
9903	カンセキ	113	113	113	113	1
9904	ベリテ	0	0	0	0	0
9905	コージツ	0	0	0	0	0
9906	藤井産業	0	0	0	0	0
9907	大電社	0	0	0	0	0
9908	日本電計	0	0	0	0	0
9909	愛光電気	0	0	0	0	0
9911	真電	0	0	0	0	0
9912	ダイワボ情	1991	1998	1950	1970	60
9913	日邦産業	300	305	300	300	4
9914	植松商会	260	260	260	260	8
9915	アサヒビールＳ	0	0	0	0	0
9916	バイタルＮ	624	642	620	637	3.2
9917	マツモト電器	0	0	0	0	0
9918	ダイワラクダ	0	0	0	0	0
9919	関西スーパ	0	0	0	0	0
9920	シービーエム	0	0	0	0	0
9921	ギガス	0	0	0	0	0
9922	日立機材	583	583	560	560	12
9923	ダイトーエム	0	0	0	0	0
9924	ドミー	460	500	460	500	21
9925	北の家族	939	939	920	920	2
9926	ダイカ	300	300	300	300	2
9927	ワットマン	320	320	320	320	2
9928	ミロク情報	1140	1145	1110	1145	14
9929	平和紙業	0	0	0	0	0
9930	北沢産	261	261	261	261	5
9931	家族亭	640	640	640	640	1
9932	杉本商	570	570	562	562	1
9934	因幡電産	1290	1300	1290	1300	0.2
9935	あずみ	295	295	295	295	1
9936	王将フード	1109	1120	1100	1100	5
9937	セシール	1250	1250	1200	1200	12.6
9938	住金物産	92	92	92	92	1
9939	すみや	0	0	0	0	0
9941	太洋物産	0	0	0	0	0
9943	ココス	650	650	649	649	2
9944	インパクト	1350	1350	1310	1320	18.8
9945	プレナス	4270	4270	4100	4100	2.9
9946	ミニストップ	2120	2180	2115	2170	9.2
9947	シムリー	900	900	880	900	3.9
9948	アークス	1050	1050	1020	1020	3
9949	タイヨー	0	0	0	0	0
9950	ハチバン	512	512	505	510	8
9951	カーマ	533	540	530	540	7.7
9952	ドトール	7710	7750	7700	7750	3.8
9953	ダイキ	1240	1240	1240	1240	0.3
9954	東京小僧寿し	608	608	607	607	5
9955	ヨンキュウ	2020	2080	2020	2080	8.9
9956	バロー	0	0	0	0	0
9957	バイテック	1800	1850	1760	1850	5.5
9958	サリ	199	200	196	196	3
9959	アシード	795	830	780	830	9
9960	東テク	0	0	0	0	0
9961	エムオーテック	135	138	135	138	5
9962	駿河製機	9500	9510	9400	9440	50.8
9963	江守商事	0	0	0	0	0
9964	アイ・テック	796	796	796	796	1
9965	福原	0	0	0	0	0
9966	藤久	2070	2080	2070	2070	1.7
9967	堺商事	0	0	0	0	0
9968	イチヤ	350	429	350	400	50
9969	ショクブン	820	820	815	815	2
9970	東洋オフィス	399	400	392	392	3
9971	カウボーイ	0	0	0	0	0
9972	アルテック	995	1006	989	995	20.2
9973	小僧本部	0	0	0	0	0
9974	ベルク	0	0	0	0	0
9975	マルヤ	2740	2995	2740	2900	1.1
9976	セキチュー	0	0	0	0	0
9977	アオキスーパ	0	0	0	0	0
9978	文教堂	1090	1090	1080	1080	5
9979	大庄	930	960	916	960	30
9980	マルコ	771	809	771	772	2.4
9981	ニック産業	602	602	602	602	1
9982	タキヒヨー	0	0	0	0	0
9983	ファストリ	18270	18500	17900	18500	115
9984	ソフトバンク	11700	12090	11130	11480	1538.4
9985	榮太郎	770	774	770	774	3
9986	蔵王産業	427	427	427	427	3
9987	スズケン	4800	4900	4800	4850	131.4
9988	神港魚類	0	0	0	0	0
9989	サンドラッグ	7110	7700	7110	7550	7.8
9990	東京デリカ	459	459	450	450	2
9991	ジェコス	315	315	290	314	74.3
9992	理研グリン	0	0	0	0	0
9993	ヤマザワ	0	0	0	0	0
9994	やまや	589	590	589	590	0.5
9995	イーストン	730	730	720	725	7
9996	サトー商会	555	555	555	555	10
9997	ベルーナ	4000	4000	3820	3940	21.7
