20000310
1001	日経２２５	19735	19982	19686	19750	149.673
1002	ＴＯＰＩＸ	1643	1663	1624	1633	149.673
1301	極洋	153	153	146	147	1890
1319	日経300F	299	303	299	300	625
1331	ニチロ	183	183	172	177	2009
1332	日水	185	185	178	182	2346
1333	マルハ	120	125	120	124	1447
1351	宝幸水産	81	83	79	80	318
1352	ホウスイ	96	96	92	92	38
1376	カネコ種	0	0	0	0	0
1377	サカタタネ	2305	2340	2280	2300	122
1378	雪国まいたけ	780	780	780	780	16
1379	ホクト	5200	5200	5050	5100	59.1
1380	秋川牧園	0	0	0	0	0
1491	中外鉱	139	144	134	142	2275
1501	三井鉱山	113	113	104	106	2132
1503	住友炭	119	119	105	113	1830
1515	日鉄鉱	226	226	219	223	193
1518	三井松島	185	185	160	162	243
1601	帝石	352	352	343	346	2263
1603	アラビア石油	450	465	450	450	231.9
1661	ガス開	398	398	380	380	235
1701	昭和鉱	270	275	265	265	54
1702	共立マテリア	0	0	0	0	0
1738	ＮＩＴＴＯＨ	415	415	415	415	8
1739	ＳＥＥＤ	400000	400000	400000	400000	0.004
1740	極東工業	470	470	460	460	7
1741	ミサワサンイ	760	760	760	760	6
1742	セコムテクノ	2615	2740	2600	2620	27
1743	コーアツ工業	535	535	535	535	13
1744	キョーエイ	649	650	630	650	17
1745	ミサワホーム東海	0	0	0	0	0
1746	7	475	475	475	475	1
1748	ミサワ北日	0	0	0	0	0
1749	大和通信	340	340	330	335	7
1750	カナック	0	0	0	0	0
1751	日立プラサ	400	400	400	400	2
1752	富士通シス	1580	1590	1580	1580	7
1753	土屋ツバイ	142000	145000	142000	145000	0.014
1754	東新住建	919	919	910	910	2
1755	JFE工建	0	0	0	0	0
1756	和興エンジ	0	0	0	0	0
1757	千年の杜	0	0	0	0	0
1758	太洋基礎	465	465	465	465	3
1759	ジオトップ	280	280	280	280	2
1762	高松建設	1800	1850	1750	1800	15
1763	北陸ミサワ	0	0	0	0	0
1764	工藤建設	280	280	280	280	2
1765	イビデンテック	0	0	0	0	0
1766	東建コーポ	1670	1670	1550	1560	17
1767	沖ウィン	531	531	530	530	6
1768	ソネック	0	0	0	0	0
1769	ピコイ	45	45	45	45	31
1770	藤田エンジ	655	655	655	655	1
1772	東北エンタープライズ	370	370	365	365	6
1774	機動建	205	231	205	231	2
1775	富士電Ｅ＆Ｃ	215	225	215	225	5
1776	三井住建道路	107	107	107	107	1
1777	川崎設備	315	315	315	315	1
1778	古河総設	175	175	175	175	1
1779	松本建工	510	510	505	505	3
1780	ヤマウラ	371	371	370	371	25
1781	国土総合	0	0	0	0	0
1782	常磐開発	0	0	0	0	0
1783	南野建設	0	0	0	0	0
1784	サワコー	535	543	535	542	18.7
1785	ナナボシ	0	0	0	0	0
1786	オリ建	450	455	450	452	76.1
1787	ナカボテック	290	290	290	290	1
1788	三東工業	199	199	199	199	1
1789	山加電業	0	0	0	0	0
1790	平和奥田	481	481	481	481	1
1791	三井木材	140	140	130	130	37
1792	みらい建設Ｇ	185	185	180	180	44
1793	大本組	507	508	507	508	5
1795	マサル	450	450	450	450	4
1796	トヨタウッド	0	0	0	0	0
1797	藤木工務店	0	0	0	0	0
1798	守谷商会	0	0	0	0	0
1799	第一建設	243	243	243	243	1
1800	利塚地下技術	285	285	280	280	8
1801	大成建	179	179	174	178	3666
1802	大林組	327	337	320	329	4348
1803	清水建	259	263	256	261	4594
1804	佐藤工業	70	70	60	62	2431
1805	飛島建	68	70	63	63	2161
1806	ACリアル	60	60	55	59	2754
1807	渡辺組	0	0	0	0	0
1808	長谷工	45	45	41	42	4172
1809	富士工	92	92	90	92	123
1810	松井建	332	332	310	313	42
1811	銭高組	286	286	286	286	2
1812	鹿島	283	293	276	289	3858
1813	不動建	155	155	150	155	213
1814	大末建	80	84	79	81	268
1815	鉄建	149	149	141	141	2168
1816	安藤建	208	208	200	201	111
1817	勝村建	135	135	133	133	49
1818	日産建設	90	92	86	89	109
1819	太平工	167	169	165	167	152
1820	西松建	365	372	365	367	1156
1821	三井住友建	80	80	77	80	346
1822	大豊建	160	161	158	158	138
1823	住友建設	95	95	90	92	398
1824	前田建	282	282	275	280	410
1825	環境建設	100	102	99	101	138
1826	佐田建	162	162	156	156	49
1827	ナカノフドー建	100	100	96	96	136
1828	田辺工業	0	0	0	0	0
1829	大和建設	100	100	98	98	6
1830	共栄冷機工業	0	0	0	0	0
1831	積水ハ北陸	450	451	450	450	4
1833	奥村組	314	335	314	325	1001
1834	小田急建	260	260	250	250	28
1835	東鉄工	225	225	210	213	47
1836	大日本土木	134	135	130	130	84
1837	間組	80	80	75	78	2447
1838	古久根建設	99	118	99	115	56
1839	真柄建	193	193	166	166	69
1840	土屋ホーム	259	260	259	260	5.6
1841	サンユ	0	0	0	0	0
1842	昭和テクノ	0	0	0	0	0
1844	大盛工業	170	170	169	169	60
1845	森本組	130	134	130	134	11
1846	鈴縫工	0	0	0	0	0
1847	イチケン	117	117	115	115	36
1848	富士ＰＳ	0	0	0	0	0
1850	南海辰村建	75	90	75	90	23
1851	大木建設	203	203	184	189	128
1852	浅沼組	150	150	145	145	175
1853	森組	0	0	0	0	0
1854	新井組	157	157	140	147	86.2
1855	東急建設	68	68	64	65	788
1856	ジェイオー建設	0	0	0	0	0
1857	松村組	117	123	117	121	29
1858	井上工	55	55	54	54	18
1860	戸田建	361	361	340	346	1697
1861	熊谷組	76	76	70	70	3841
1862	横河工事	310	310	301	301	5.7
1863	テトラ	225	228	211	214	45
1865	青木あすなろ建	140	140	132	132	32
1866	北野建	290	295	288	294	97
1867	植木組	151	165	151	165	127
1868	三井ホーム	413	413	387	391	125
1869	名工建	0	0	0	0	0
1870	矢作建	368	368	350	350	44
1871	ピーエス三菱	375	380	373	380	120.5
1872	アゼル	330	360	325	360	560
1873	東ハウス	460	460	445	445	6
1874	佐藤秀	150	150	150	150	7
1875	青木マリン	0	0	0	0	0
1877	川田建設	435	435	425	435	14
1878	大東建	1710	1729	1690	1700	313.8
1879	新日本建	206	206	206	206	12
1880	スルガコーポ	1280	1280	1260	1260	2
1881	ＮＩＰＰＯ	449	460	445	460	265
1882	東亜道	230	236	225	236	144
1883	前田道	436	449	436	449	310
1884	日道路	154	154	151	152	270
1885	東亜建	140	142	135	138	2648
1886	青木建設	52	52	50	50	3207
1888	若築建	160	160	148	150	293
1889	佐伯建	136	149	135	149	128
1890	東洋建	93	94	88	94	519
1892	徳倉建	245	245	245	245	3
1893	五洋建	130	135	130	135	845
1895	大成ロテック	172	174	171	172	99
1896	大林道	419	425	407	422	195
1897	金下建	510	515	510	515	8
1898	世紀東急	84	84	82	83	63
1899	福田組	265	270	263	265	91
1900	白石	174	174	171	171	3
1902	山崎建設	261	261	260	260	4
1904	大成温調	388	388	386	386	8
1905	テノックス	0	0	0	0	0
1906	細田工務	371	371	356	356	6
1907	東北ミサワ	550	550	550	550	4
1908	三平建設	497000	498000	497000	498000	0.003
1909	日本ドライ	346	348	341	341	69
1910	フドウ建研	200	200	190	190	7
1911	住友林	625	630	620	630	59
1912	ミサワセラミ	0	0	0	0	0
1913	旭ホームズ	83	95	83	95	2
1914	日基技	483	500	475	480	312.9
1915	東京ミサワホーム	280	285	280	285	7
1916	日成ビルド	169	169	160	167	120
1917	ニッセキハウス	112	161	112	152	2469
1919	エスバイエル	281	281	268	276	212
1920	殖産住宅相互	100	100	97	100	1031
1921	巴	190	190	174	174	38
1922	大成ユーレック	86	87	82	87	110
1923	ミサワホーム	339	348	339	348	181
1924	パナホーム	510	515	502	510	704
1925	大和ハウス	755	755	725	727	3617
1926	ライト	490	500	490	500	131.1
1927	中 部	310	314	309	314	2.2
1928	積ハウス	830	832	817	828	2616
1929	日特建	182	183	180	183	118
1930	北陸電工	220	220	220	220	43
1931	日本電通	321	321	321	321	2
1932	コミュチュア	490	490	480	480	40
1933	西シス建	0	0	0	0	0
1934	ユアテック	313	323	313	323	88
1935	ＴＴＫ	311	325	307	307	18
1936	シーキューブ	285	300	281	300	15.7
1937	西部電工	313	313	313	313	31
1938	千歳電	220	220	220	220	8
1939	四電工	281	283	278	280	509
1940	つうけん	0	0	0	0	0
1941	中電工	1360	1452	1360	1390	94
1942	関電工	373	386	373	385	510
1943	大明	900	918	891	902	167
1944	きんでん	750	750	708	718	158
1945	東京エネシス	400	400	380	381	80
1946	トーエネク	376	385	376	385	159
1947	日本コムシス	1563	1565	1550	1558	585
1948	弘電社	290	290	290	290	2
1949	住友電設	568	568	530	530	49.5
1950	電設工	268	284	268	284	484
1951	協エクシオ	758	780	755	780	364
1952	新日空調	419	421	404	404	44.8
1953	国際電設	0	0	0	0	0
1954	日工営	177	178	165	170	454
1955	東電通	425	430	420	424	100
1956	日電設	475	475	440	440	141
1957	保安工	212	212	212	212	1
1958	三和エレック	310	310	309	309	21
1959	九電工	305	317	303	305	177
1960	サンテック	302	305	301	305	41
1961	三機工	465	469	460	468	192
1962	エルゴテック	0	0	0	0	0
1963	日揮	259	267	259	263	879
1964	中外炉	250	255	245	250	116
1965	テクノ菱和	460	460	435	435	6
1966	高田工	0	0	0	0	0
1967	ヤマト	359	360	355	360	39
1968	太平電	264	264	240	245	182
1969	高砂熱	506	515	506	513	154
1970	日立プラ	239	243	237	243	215
1971	ビルト工	70	70	70	70	1
1972	三晃金	110	110	105	108	41
1973	ＮＥＣシス建	1510	1520	1490	1500	189.1
1974	宮地建設工業	419	419	414	415	12
1975	朝日工	190	194	190	190	111
1976	明星工	160	160	151	160	87
1977	ジェイコス	0	0	0	0	0
1978	アタカ	285	285	276	276	4
1979	大気社	690	694	670	680	156
1980	ダイダン	451	473	451	457	18
1981	協和日成	0	0	0	0	0
1982	日比谷設	524	524	521	521	91
1983	東芝プラ	210	213	205	213	160
1984	三信建	201	201	200	200	3
1985	大和電設	0	0	0	0	0
1986	日商インター	1990	2010	1990	2000	14
1987	ソルコム	313	313	310	310	3
1988	シボンド建	1260	1265	1220	1250	111.1
1989	北陸電話	0	0	0	0	0
1990	東邦建	270	275	270	275	6
1991	都築通技	0	0	0	0	0
1992	神田通機	0	0	0	0	0
1993	ニッタン	190	190	190	190	2
1994	高橋ウォール	370	370	370	370	1
1995	鈴木工務店	0	0	0	0	0
1996	三菱建設	170	170	170	170	1
1997	暁飯島工業	136	136	136	136	1
1998	日本土建	0	0	0	0	0
2001	日本粉	242	249	237	245	2368
2002	日清粉	845	850	836	850	2251
2003	日東粉	202	207	197	205	45
2004	昭和産	169	171	168	171	655
2006	東福粉	83	93	80	93	47
2007	富士粉	142	142	142	142	1
2008	増田粉	0	0	0	0	0
2009	鳥越粉	395	395	368	369	57
2051	農産工	199	199	188	197	405
2052	協同飼	125	125	121	125	180
2053	中部飼	0	0	0	0	0
2055	日和産	225	225	220	221	9
2056	日配飼	120	120	115	117	89
2057	雪印種	630	630	620	620	2
2102	台糖	240	250	235	236	86
2107	東洋糖	160	160	145	146	152
2108	甜菜糖	190	190	179	179	1999
2109	三井糖	184	184	181	182	116
2111	フジ製糖	0	0	0	0	0
2112	塩水糖	352	366	350	365	31
2113	新光糖	0	0	0	0	0
2114	フジ日本精糖	0	0	0	0	0
2116	日新糖	120	130	120	125	22
2201	森永	249	249	240	246	3458
2202	明菓	756	765	746	765	2773
2204	中村屋	269	273	266	273	66
2205	駿河屋	67	67	67	67	3
2206	グリコ	491	505	491	495	312
2207	名糖産	1030	1030	1010	1010	36
2208	ブルボン	0	0	0	0	0
2209	井村屋	405	405	405	405	2
2211	不二家	270	273	267	268	172
2212	山パン	928	932	910	910	497
2213	ナガサキヤ	70	71	70	71	2
2215	一パン	282	282	259	259	123
2216	カンロ	0	0	0	0	0
2217	モロゾフ	194	194	188	188	48
2219	タカラブネ	108	108	105	107	18
2220	亀田製菓	0	0	0	0	0
2221	岩塚製菓	0	0	0	0	0
2222	寿製菓	505	505	505	505	1
2224	コモ	2030	2040	2000	2040	10
2261	明乳	707	710	690	690	2916
2262	雪印	423	439	423	435	612
2264	森永乳	276	280	270	275	487
2266	六甲バタ	265	265	265	265	6
2267	ヤクルト	896	929	896	928	448
2268	サーティワン	700	700	700	700	1
2281	プリマ	127	127	125	127	319
2282	日ハム	1000	1020	999	1012	791
2284	伊藤ハ	425	435	425	435	409
2286	林兼	144	149	125	132	275
2287	雪印食品	234	235	234	234	8
2288	丸大食	171	180	171	180	322
2289	相模ハム	620	620	620	620	1
2290	米久	1100	1102	1085	1090	75
2291	福留ハ	199	199	199	199	1
2292	ＳＦＯＯＤＳ	717	717	716	716	2
2293	滝沢ハム	749	749	749	749	1
2294	柿安本店	992	1000	992	1000	2
2501	サッポロＨＤ	351	370	350	370	3040
2502	アサヒ	1032	1032	1015	1028	3786
2503	キリン	1313	1313	1275	1275	3467
2531	宝ＨＤ	2770	2810	2685	2685	3229
2533	オエノンＨＤ	270	270	257	260	85
2536	メルシャン	323	323	315	323	2052
2538	マルキン忠勇	154	160	150	160	12
2540	養命酒	700	700	695	695	51
2541	ニッカ	285	285	265	265	9
2571	中京コカ	960	960	928	949	106
2572	三国コカ	1252	1280	1245	1250	222
2573	北海コカ	0	0	0	0	0
2575	三笠コカ	880	880	880	880	3.8
2576	近畿コカ	1161	1200	1160	1200	20
2577	富士コカ	1050	1050	1000	1050	30
2578	四国コカ	1120	1130	1120	1130	10.8
2579	コカウエスト	2700	2730	2685	2730	184.2
2591	カルピス	550	550	540	541	100
2592	ポッカ	550	554	532	554	58
2593	伊藤園	11450	11700	11450	11650	233.6
2594	キーコーヒー	1310	1310	1295	1295	48.4
2595	キリンビバ	2050	2070	1932	1932	179
2596	キューサイ	6000	6080	6000	6000	33
2597	ユニカフェ	3200	3250	3150	3150	5.4
2598	アサヒ飲料	1030	1100	1029	1048	258.5
2601	ホーネンコーポ	198	198	181	188	1949
2602	日清オイリオ	301	301	292	294	2067
2604	吉原製油	255	255	250	250	41
2605	熊沢製油	0	0	0	0	0
2607	不二油	668	689	668	676	168
2608	ボーソー	163	163	163	163	1
2611	摂津油	0	0	0	0	0
2612	かどや製油	760	765	750	760	7
2801	キッコマン	710	744	700	740	2361
2802	味の素	1200	1237	1194	1237	3917
2803	丸金醤油	240	265	240	250	6
2804	ブルドック	650	650	650	650	3
2805	エスビー	560	570	560	570	3
2806	ユタカフーズ	1000	1000	1000	1000	1
2808	サンビシ	0	0	0	0	0
2809	キユーピー	759	786	759	780	320
2810	ハウス食品	1452	1530	1451	1518	298
2811	カゴメ	892	912	892	910	164
2812	焼津水化	1560	1605	1560	1598	13.5
2813	和弘食品	132	132	131	131	2
2814	佐藤食品	970	970	970	970	2
2815	アリアケ	5180	5290	5130	5270	3.5
2816	ダイショー	940	970	920	920	8
2817	ギャバン	620	620	580	580	4
2830	アヲハタ	0	0	0	0	0
2831	はごろも	1505	1505	1500	1500	37
2871	ニチレイ	302	302	294	299	2163
2872	セイヒョー	0	0	0	0	0
2873	加ト吉	2100	2130	2085	2090	140
2874	ヨコレイ	491	495	485	488	147
2875	東洋水	680	700	680	695	238
2876	ＪＣコムサ	0	0	0	0	0
2877	日東ベスト	0	0	0	0	0
2878	赤城水産	405	405	400	405	3
2879	ニチロサンフズ	490	510	490	510	10
2891	酵母工	691	700	670	670	56
2892	日食品	310	315	310	312	4
2893	ローマイヤ	150	150	145	145	3
2894	石井食	285	285	285	285	2
2897	日清食	2145	2240	2145	2240	320.8
2898	ソントン	1050	1050	1050	1050	3
2899	永谷園	930	930	920	924	53
2900	明星食	235	239	235	239	15
2901	石垣食	390	390	390	390	1
2902	太陽化	479	479	454	454	8
2903	シノブフズ	160	160	160	160	5
2904	一正蒲鉾	0	0	0	0	0
2905	オーケー食	125	125	120	125	18
2906	ホッコク	0	0	0	0	0
2907	あじかん	830	830	830	830	3
2908	フジッコ	1671	1690	1650	1679	53
2909	トオカツフズ	280	280	280	280	3
2910	Ｒフィールド	4200	4250	4160	4250	36.6
2911	旭松食品	0	0	0	0	0
2912	鐘崎	0	0	0	0	0
2913	フジフーズ	0	0	0	0	0
2914	ＪＴ	688000	729000	688000	729000	2.793
2915	ケンコーマヨ	460	460	460	460	4
2916	仙波糖化	0	0	0	0	0
2917	大森屋	690	690	685	690	5
2918	わらべ日洋	1120	1120	1120	1120	4
2920	ケイビー	1400	1400	1340	1400	9
2921	フクシマフズ	0	0	0	0	0
2922	なとり	785	785	785	785	7
3001	片倉	456	456	436	436	48
3002	グンゼ	260	268	255	262	931
3003	昭栄	980	980	980	980	2
3004	神栄	141	141	128	136	46
3007	神戸生絲	56	58	55	58	60
3009	川島織	125	125	120	124	199
3010	上毛	1150	1150	1050	1050	34
3011	バナーズ	80	85	76	85	20
3101	東洋紡	150	150	143	150	3520
3102	カネボウ	181	181	172	177	2570
3103	ユニチカ	79	79	72	76	2450
3104	富士紡Ｈ	106	106	98	101	1807
3105	日清紡	513	549	505	527	3363
3106	クラボウ	141	158	141	149	3826
3107	ダイワボウ	109	109	102	103	191
3109	シキボウ	73	75	73	73	194
3110	日東紡	158	158	144	146	2184
3111	オーミケン	70	70	66	70	15
3113	ＢＳＬ	70	75	70	71	46
3114	同興紡	80	80	80	80	2
3115	テザック	57	64	56	64	171
3116	トヨタ紡織	730	791	725	791	172
3117	興和紡	291	300	290	290	9
3121	アセットイン	55	60	55	59	21
3123	サイボー	0	0	0	0	0
3125	内外綿	61	61	61	61	2
3128	テラボウ	63	63	63	63	4
3129	ファブリカＴ	99	100	99	100	5
3201	日毛	365	373	357	372	173
3202	大東紡	95	98	95	97	76
3203	東亜紡織	100	100	95	98	59
3205	ダイドー	210	210	199	199	129
3206	南海毛糸紡績	98	98	98	98	1
3207	中央毛	122	123	120	122	26
3209	カネヨウ	131	131	131	131	2
3211	太陽毛絲紡	140	140	134	134	2
3216	御幸ＨＤ	405	405	402	405	49
3302	帝繊維	180	180	170	180	34
3304	トスコ	168	168	168	168	445
3306	日本麻	59	62	59	62	8
3401	帝人	440	454	435	454	3666
3402	東レ	358	365	351	365	5091
3403	東邦テナ	193	193	178	180	1781
3404	三菱レ	241	249	233	249	3352
3405	クラレ	960	960	941	944	3328
3407	旭化成	680	695	675	695	5927
3408	サカイオーベ	95	95	85	85	123
3409	北日紡	120	120	120	120	1
3411	オートリ	178	178	177	178	9
3420	ケーエフシー	0	0	0	0	0
3421	稲葉製作	1110	1110	1070	1070	7.9
3422	丸順	0	0	0	0	0
3423	エスイー	645	645	645	645	1
3501	住江織	106	108	105	106	113
3503	東和織	55	55	55	55	1
3512	フエルト	240	252	240	251	45
3513	イチカワ	168	169	153	153	53
3514	バイリーン	209	209	204	208	90
3515	フジコー	0	0	0	0	0
3521	エコナック	111	115	111	111	118
3524	日東網	98	102	98	102	29
3526	芦森工	215	224	210	221	168
3528	グローベルス	105	105	102	102	22
3529	アツギ	125	125	115	117	694
3532	堀田産	64	65	60	60	11
3533	ダイオ化成	0	0	0	0	0
3534	ＮＢＣ	830	830	810	810	4
3551	ダイニック	173	173	169	170	87
3552	洋クロス	150	150	150	150	3
3553	共和レ	447	450	446	446	30
3569	セーレン	277	283	268	270	22
3570	オリカキャピ	113	120	112	120	32
3571	ソトー	456	458	456	458	13
3572	大同マルタ	66	66	66	66	3
3576	カンボウ	92	92	92	92	3
3577	東海染	139	139	136	136	58
3578	倉庫精	0	0	0	0	0
3580	小松精	340	340	340	340	46
3581	岐セン	127	132	127	132	2
3583	オーベクス	116	116	116	116	1
3584	福助	175	178	169	173	92
3585	トムスエンタ	739	755	710	755	185
3587	ＩＢダイワ	280	280	265	265	41
3588	丸山工	0	0	0	0	0
3591	ワコール	883	890	883	890	350
3592	ＣＨＯＹＡ	0	0	0	0	0
3593	ホギメデ	7000	7000	6870	6870	29.2
3594	モリシタ	700	700	700	700	1
3595	ヤギコーポ	325	325	320	320	11
3596	ワールド	10500	10820	10500	10820	129.1
3597	自重堂	0	0	0	0	0
3598	山喜	0	0	0	0	0
3599	コーコス	699	699	699	699	199
3600	フジックス	0	0	0	0	0
3601	ニチメンイン	1700	1714	1650	1650	13.4
3602	イタリヤード	0	0	0	0	0
3603	チャッコット	635	635	635	635	1
3706	東海パ	426	426	405	406	97
3861	王子紙	623	630	600	630	4671
3863	日本製紙	599	615	593	610	4688
3864	三菱紙	145	148	142	145	2372
3865	北越紙	685	740	675	722	3719
3868	高崎三興	85	86	78	85	216
3869	日本板紙	225	225	218	219	94
3870	日本加工製紙	70	72	70	70	156
3871	大昭和紙	502	522	502	519	310
3872	三島紙	160	160	160	160	6
3877	中越パ	149	149	145	145	217
3878	巴川紙	498	498	480	486	74
3880	大王紙	702	725	702	724	131
3881	特種紙	405	407	398	401	181
3882	紀州紙	175	175	160	170	96
3886	チューエツ	90	90	90	90	2
3887	中央板紙	101	101	80	80	87
3889	大平製紙	97	97	97	97	3
3890	ゼネＫＫ	651	651	645	650	14
3891	高度紙	1670	1700	1670	1700	2
3941	レンゴー	554	559	553	558	793
3944	古林紙	121	124	121	124	14
3945	スパバッグ	181	181	181	181	2
3946	トーモク	194	194	183	184	178
3947	ダイナパック	410	410	410	410	2
3948	光ビジネス	0	0	0	0	0
3949	日本ハイパック	289	291	289	290	31
3950	ザ・パック	0	0	0	0	0
3951	朝日印刷	0	0	0	0	0
3952	中央紙器	0	0	0	0	0
3953	大村紙業	400	400	400	400	1
3954	昭和パックス	518	519	515	515	10
3971	東セロ	269	269	261	267	9
4003	コープケミ	97	97	86	95	85
4004	昭電工	130	134	127	134	3349
4005	住友化学	459	461	452	460	7196
4006	チッソ 	40	40	34	40	1497
4007	日化成	140	142	139	142	156
4008	住友精化	270	270	255	258	116
4010	三菱化学	375	393	370	386	5635
4021	日産化	580	580	560	574	2833
4022	ラサ工	373	373	363	366	2030
4023	呉羽化	261	271	261	270	408
4025	多木化	336	345	330	330	36
4026	神島化	301	301	301	301	1
4027	テイカ	252	252	240	240	125
4028	石原産	155	159	153	159	2108
4031	チッカリン	420	420	400	400	57
4032	日東バイオン	240	240	230	240	15
4033	日東エフシー	395	396	395	396	5
4041	日曹達	303	303	292	293	2210
4042	東ソー	524	531	504	505	7060
4043	トクヤマ	470	486	467	480	1045
4044	セ硝子	221	233	220	233	949
4045	東合成	197	202	187	195	2843
4046	ダイソー	190	205	190	199	46
4047	関電化	300	300	287	287	105
4050	鶴見曹達	340	350	340	350	11
4061	電化	340	345	331	342	4673
4062	イビデン	1261	1280	1255	1280	441
4063	信越化	6150	6150	6030	6110	2794
4064	カーバイド	155	155	148	155	1743
4065	紀文フ	391	391	391	391	1
4077	富士チタン工業	550	555	540	548	42
4078	堺化学	740	746	716	730	108
4079	ハクスイテック	1860	1860	1860	1860	0.5
4080	田中化研	6000	6200	5110	5110	27
4086	日本エア・リキード	309	309	279	284	172
4088	エアウォータ	255	258	253	258	167
4089	大阪酸素工業	172	172	165	167	153
4091	大陽日酸	257	272	257	272	956
4092	日本化	298	303	290	296	2095
4093	アセチレン	80	85	80	85	7
4094	日化産	325	326	325	326	9
4095	パーカライ	328	328	322	328	99
4096	昭炭酸	300	300	290	290	13
4097	高圧ガス	288	290	280	290	65
4098	チタン	150	154	150	154	30
4099	四国化	328	330	302	305	93
4100	戸田工	419	438	419	428	144
4101	日興酸素	0	0	0	0	0
4102	丸尾カル	0	0	0	0	0
4103	大陽東洋酸素	180	180	176	179	178
4104	タテホ	193	193	188	189	11
4105	メルテックス	0	0	0	0	0
4106	ケムキャット	1120	1120	1120	1120	1
4107	伊勢化	349	350	349	349	5
4108	共同酸素	144	146	143	143	25
4109	ステラケミ	7900	8200	7900	8000	42
4112	保土谷	180	180	165	172	89
4113	田岡化	250	255	250	255	6
4114	日触媒	405	414	405	414	669
4115	本州化	650	650	640	645	6
4116	大日精	387	390	372	380	128
4117	川崎化	142	145	142	142	10
4118	カネカ	1247	1297	1247	1277	3047
4119	ピグメント	200	202	195	195	57
4120	スガイ	330	330	330	330	8
4123	山化成	1040	1040	1040	1040	5
4151	協発酵	1322	1366	1302	1303	3477
4182	菱ガス化	195	205	194	205	1279
4183	三井化学	650	720	642	698	2596
4185	ＪＳＲ	780	849	779	849	924
4186	東応化	2090	2160	2080	2100	130.6
4187	大有機	675	675	675	675	1
4201	日合成	184	184	173	179	2082
4202	ダイセル	340	350	339	350	1356
4203	住友ベ	1032	1045	1032	1040	752
4204	積水化	335	342	335	342	1676
4205	ゼオン	585	610	585	600	1255
4206	アイカ	785	794	770	778	184
4208	宇部興	210	215	205	209	4094
4209	フドー	0	0	0	0	0
4210	東洋化学	449	449	435	440	79
4212	積水樹	363	368	360	360	60
4213	菱樹脂	160	160	151	156	428
4214	高分子	299	304	296	300	119
4215	タキロン	450	455	421	428	504
4216	旭有機	275	281	270	281	190
4217	日立化	2280	2325	2265	2265	529
4218	ニチバン	393	396	388	391	57
4219	プラス・テク	0	0	0	0	0
4220	リケンテクノ	342	342	330	335	157
4221	大倉工	385	390	380	385	166
4222	児玉化	82	84	82	84	10
4224	ロンシール	85	89	80	89	20
4225	筒中	276	279	275	279	74
4226	テスコ	0	0	0	0	0
4227	郡是高分子	240	240	240	240	2
4228	積化成	205	205	195	199	137
4229	群栄化	177	177	168	176	680
4231	タイガポリ	520	530	520	530	19
4232	東芝ケミカル	368	380	365	365	77
4233	ワコー	780	780	780	780	1
4271	カーリット	775	775	760	762	38
4272	日化薬	583	583	551	551	2261
4274	細火工	0	0	0	0	0
4361	川口化	150	165	150	160	8
4362	日精化	410	420	408	409	29
4363	新日鐵化学	179	181	165	177	1086
4364	マナック	0	0	0	0	0
4365	松本油脂	1830	1830	1830	1830	2
4366	ダイトーケミ	0	0	0	0	0
4367	広栄化学	0	0	0	0	0
4401	旭電化	824	835	801	801	2211
4403	日油脂	274	275	267	274	2438
4404	ミヨシ	249	249	244	247	144
4406	日理化	620	638	610	630	47
4409	東邦化	0	0	0	0	0
4410	ハリマ化成	402	403	398	398	53
4452	花王	2750	2835	2670	2835	2477
4461	一工薬	400	400	380	389	110
4462	石原薬品	930	930	930	930	2
4463	日華化学	260	260	260	260	2
4471	三洋化	882	898	882	898	408
4501	三共	2445	2445	2340	2390	2550
4502	武田	6250	6250	6100	6200	3685
4503	アステラス薬	5550	5550	5350	5400	2436
4505	第一製薬	1510	1539	1510	1539	669
4506	大日薬	885	894	873	888	2663
4507	塩野義	1761	1769	1715	1768	2300
4508	田辺薬	625	630	625	629	571
4509	三菱ウェルファーマ	1590	1610	1590	1600	830
4511	藤沢薬品	3380	3470	3380	3470	1039
4512	わかもと	509	520	509	515	75
4514	帝臓器	878	880	875	878	34
4515	萬有製薬	1804	1839	1804	1839	492
4516	日新薬	635	635	615	620	89
4517	ビオフェル	915	925	915	925	2
4518	富山化	470	496	470	489	1066
4519	中外薬	1825	1850	1800	1815	2088
4520	和光堂	0	0	0	0	0
4521	科研薬	633	640	633	640	167
4523	エーザイ	2450	2490	2415	2490	730
4524	仁丹	939	960	939	940	4
4526	理ビタ	1401	1419	1390	1410	68
4527	ロート	720	736	720	722	53
4528	小野薬	3110	3160	3100	3150	86
4529	日研化	431	439	431	432	93
4530	久光薬	1285	1295	1285	1290	90
4531	有機薬	440	441	430	441	10
4534	持田薬	575	599	575	599	319
4535	大正薬	2945	3120	2940	3120	746
4536	参天薬	2300	2360	2240	2360	539
4537	エスエス	1268	1277	1239	1275	208
4538	扶桑薬	610	620	610	615	178
4539	ケミファ	296	300	281	296	110
4540	ツムラ	397	399	384	389	268
4541	日医工	180	182	180	182	6
4542	三笠薬	420	420	420	420	3
4543	テルモ	2660	2700	2660	2695	566
4544	みらかＨＤ	649	649	607	608	115
4545	国際試薬	380	388	376	388	20
4546	北陸製薬	875	900	875	890	94
4547	キッセイ	1625	1700	1625	1679	129
4548	生化学	1950	1950	1900	1900	46
4549	栄研化	1356	1356	1306	1306	22
4550	日水薬	719	719	705	708	8
4551	鳥居薬	2350	2600	2345	2590	59.1
4552	日本ケミカル	821	830	820	820	9
4553	東和薬品	1140	1140	1120	1120	2
4554	富士製薬	405	410	396	400	13
4555	沢井製薬	1330	1330	1320	1320	4
4556	カイノス	800	830	790	800	12
4557	医学生物	11700	12100	11700	11800	69
4558	中京医薬	1600	1800	1600	1750	4
4559	ゼリア新薬	1220	1230	1190	1210	86
4560	キョーリン薬	4200	4200	4000	4000	229
4561	デンカ生研	2850	2850	2730	2730	12
4611	大日塗	199	199	177	182	255
4612	日本ペ	285	302	281	290	1956
4613	関西ペ	249	255	249	252	784
4614	トウペ	140	140	140	140	27
4615	神東塗	96	96	95	95	2
4616	川上塗	0	0	0	0	0
4617	中国塗	235	235	223	225	182
4619	日特塗	246	265	238	252	62
4620	藤倉化	493	500	488	500	74
4621	ロック	0	0	0	0	0
4622	ユニペイン	0	0	0	0	0
4623	アサヒペン	301	301	297	300	16
4624	イサム	0	0	0	0	0
4625	アトミクス	325	325	325	325	1
4626	太陽インキ	9990	9990	9500	9500	18
4627	ナトコ	1400	1430	1390	1390	23
4628	エスケー化研	1800	1800	1750	1800	8
4629	大伸化学	430	430	430	430	3
4631	インキ	361	387	361	387	1964
4633	サカタＩＮＸ	276	276	267	267	74
4634	洋インキ	197	199	196	199	858
4635	東インキ	256	256	254	256	6
4636	Ｔ＆Ｋ	3500	3500	3450	3500	6.1
4640	アンドール	900	910	790	800	42
4641	アルプス技	1220	1220	1220	1220	1
4642	オリジナル設	1280	1320	1280	1300	6
4643	コナミスポ	8330	8750	8330	8710	46.6
4644	イマジニア	3500	3500	3300	3300	12.5
4645	市進	245	245	245	245	1
4646	ジャスフォート	970	970	950	950	0.2
4649	大成	555	555	555	555	1
4650	スガイエンタ	690	690	690	690	0.4
4651	サニックス	10000	10400	10000	10400	57.3
4652	ウッドランド	7790	8300	7780	8300	34
4653	ダイオーズ	850	850	850	850	1
4654	ニチゾウテク	319	319	319	319	2
4655	ＮＯＶＡ	1080	1080	1050	1060	9
4656	サン・ライフ	3250	3250	3150	3150	0.8
4657	環境管理	0	0	0	0	0
4658	日本空調	0	0	0	0	0
4659	エイジス	1760	1760	1750	1750	3
4660	ニッポン放送	14100	14100	12550	12600	43
4661	ＯＬＣ	11460	11700	11000	11200	212.8
4662	フォーカス	6050	6200	5700	5700	56
4663	ＡＴＬ	1900000	1900000	1750000	1750000	0.025
4664	ＲＳＣ	0	0	0	0	0
4666	パーク２４	9710	9790	9550	9790	27.4
4667	アイサンテク	500	500	500	500	3
4668	明光ネット	470	470	470	470	3
4669	ニッパンＲ	0	0	0	0	0
4670	セタ	0	0	0	0	0
4671	ファルコバ	5670	5670	4830	4830	95
4672	ベルックス	0	0	0	0	0
4673	川崎地質	0	0	0	0	0
4674	クレスコ	13900	13900	12700	12700	11.1
4675	エヌエス環境	506	506	506	506	1
4676	フジテレビ	2100000	2230000	1860000	1860000	3.088
4677	デザイ	670	670	650	650	12
4678	秀英	1300	1300	1300	1300	1
4679	田谷	1990	1990	1901	1901	9
4680	ラウンドワン	760000	770000	740000	741000	0.741
4681	リゾートトラ	2890	2900	2850	2850	10
4682	電通テック	16200	17000	16000	16000	5.3
4683	堀内カラー	0	0	0	0	0
4684	オービック	82100	82100	75600	75600	40.9
4685	菱友システム	666	666	666	666	1
4686	ジャスト	9300	9800	9000	9000	30.1
4687	ＴＤＣソフト	5020	5100	4850	4860	2.9
4688	日本ドレーク	34700	37000	34700	35500	4.3
4689	ヤフー	134400000	141400000	133000000	133000000	0.015
4690	日パレット	0	0	0	0	0
4692	アルゴ２１	5280	5320	4900	4990	52.4
4694	ＢＭＬ	5850	5850	5650	5790	19
4695	マイスター	0	0	0	0	0
4696	ワタベ	1275	1275	1250	1250	3
4697	ゼロ	6200000	6200000	5200000	5200000	0.033
4699	ウチダエスコ	396	396	396	396	1
4700	アクセス	17400000	18000000	16600000	17000000	0.043
4701	プレック研	0	0	0	0	0
4702	55ステーション	0	0	0	0	0
4703	住商オート	1090	1100	1080	1100	12
4704	トレンド	22300	23400	21600	22500	221.5
4705	クリップ	0	0	0	0	0
4706	富士通サポート	55400	58000	54000	55100	43.2
4707	キタック	0	0	0	0	0
4708	もしもしＨＬ	21100	21200	19000	19000	6.1
4709	ＩＤ	1750	1750	1670	1680	16
4710	ウィン	0	0	0	0	0
4711	コミュニティ	1550	1550	1500	1502	14.9
4712	アドアーズ	500	500	500	500	1
4713	日信電サ	1500	1500	1500	1500	1
4714	リソー教育	280000	280000	270000	275000	0.039
4715	クリエイティブ	420	420	402	402	8
4716	日本オラクル	101000	101000	94000	94000	519
4717	ソデッソジャパン	4990	4990	4650	4650	26
4718	早稲アカ	455	455	455	455	2
4719	アルファシス	25700	27300	25300	26000	39.2
4720	城南進研	765	765	755	755	2
4721	フジスタッフ	7810	7950	7700	7800	10
4722	フューチャー	39000000	39000000	36100000	36100000	0.033
4723	グッドウィル	5700000	6100000	5590000	5600000	0.429
4724	シチエ	1010	1010	1010	1010	3
4725	ＣＡＣ	6050	6050	5450	5600	90
4726	ソフトバンテク	164000	170000	158000	162000	8.5
4727	アジアＳ総研	6600	6900	6500	6500	6.2
4728	トーセ	11000	11000	10500	10500	10.5
4729	コナミスタジオ	8010000	8010000	7010000	7010000	0.022
4730	関西メンテ	820	820	801	801	12
4731	ユニバホーム	2750000	2750000	2730000	2730000	0.004
4732	ＵＳＳ	5240	5240	4500	4500	54
4733	ＯＢＣ	73100	73100	68000	70000	22
4734	ビーイング	3710	3750	3400	3400	21
4735	京進	465	500	465	500	4
4736	日本ラッド	2790	2790	2720	2750	8
4737	シダックス	1800	1800	1800	1800	4
4738	日立ビジネス	2965	3000	2880	2880	48
4739	ＣＴＣ	99500	107000	93500	94000	134
4740	ニューディル	6200000	7000000	6200000	6500000	0.017
4741	ＩＲＩ	39400000	41600000	39000000	41600000	0.042
4743	アイティフォ	11700	11700	9980	9980	44
4744	メッツ	12500000	12700000	10800000	11300000	0.092
4745	東京個別	6000	6800	5500	5500	70
4746	東計電算	3080	3500	2730	2910	489
4747	Ｃフィッシュ	0	0	0	0	0
4901	富士写	4630	4630	4350	4350	2795
4902	コニカＨＤ	520	528	495	528	2975
4911	資生堂	1338	1356	1323	1325	1002
4912	ライオン	372	379	365	365	679
4913	サンスター	350	350	345	345	3
4914	高砂香	432	444	432	444	146
4915	エイボンＪ	230	230	230	230	5
4916	ノエビア	1110	1110	1110	1110	3
4917	マンダム	1530	1600	1500	1540	503
4918	アイビー	0	0	0	0	0
4919	ミルボン	7200	7400	7200	7260	10
4920	日本色材	450	450	450	450	3
4921	ファンケル	23530	23530	22800	23000	71.8
4922	コーセー	3010	3020	3000	3000	21
4951	エステー化	586	586	568	568	58
4953	タイホー工業	0	0	0	0	0
4954	マークテック	415	415	410	414	8
4955	アグロカネシ	720	720	719	719	2
4956	コニシ	990	1000	962	966	51
4957	ヤスハラケミ	840	840	840	840	1
4958	長谷川香料	1700	1710	1700	1710	0.8
4959	シーシーアイ	675	675	675	675	1
4960	ケミプロ	465	465	460	460	6
4961	日油技研	0	0	0	0	0
4963	星光ＰＭＣ	0	0	0	0	0
4964	星光化学工業	0	0	0	0	0
4965	曽田香料	0	0	0	0	0
4966	上村工	1670	1670	1600	1600	17
4967	小林製薬	12700	13250	12700	13250	73
4968	荒川化工	1045	1050	1030	1030	7
4987	寺岡製	697	697	680	680	6
4989	イハラケミ	220	220	212	214	207
4990	昭和化	0	0	0	0	0
4992	北興化	380	386	366	378	74
4996	クミアイ化	209	209	185	195	151
4997	日農薬	223	223	212	215	112
4998	フマキラ	211	220	211	220	11
4999	セメダイン	0	0	0	0	0
5001	新日本石油	425	432	410	414	5334
5002	昭和シェル	408	408	373	397	2551
5005	東  燃	602	610	565	610	2789
5006	興亜石油	300	305	300	305	295
5007	コスモ石	121	126	121	126	1329
5008	東亜石	113	115	113	113	87
5009	富士興	76	76	65	66	197
5010	日精蝋	90	90	90	90	7
5011	ニチレキ	446	460	446	451	52
5012	東燃ゼネ石	204	212	204	212	1125
5013	ユシロ	530	530	501	501	35
5014	ジャパンエナジー	93	93	89	91	4541
5015	ＢＰカスト	0	0	0	0	0
5101	浜ゴム	305	307	291	296	2874
5102	大機エンジ	250	268	250	265	3
5103	昭ゴム	95	95	90	90	10
5104	日東化工	90	90	90	90	8
5105	洋ゴム	158	160	154	157	2296
5106	オーツタイヤ	168	192	168	186	291
5108	ブリヂストン	2230	2230	2150	2185	3586
5110	住友ゴ	478	500	478	499	645
5121	藤ゴム	217	220	216	220	33
5122	オカモト	223	231	223	231	321
5123	ミサワ東洋	150	150	140	140	5
5142	アキレス	180	190	178	189	482
5143	世界長	190	195	180	180	533
5161	西川ゴム	880	880	880	880	7
5162	朝日ラバー	1820	1850	1740	1750	17
5184	ニチリン	300	300	300	300	1
5185	フコク	700	700	690	690	5
5186	ニッタ	846	846	781	783	64.3
5187	クリエート	821	821	815	815	5
5188	帝都ゴム	0	0	0	0	0
5189	桜ゴム	0	0	0	0	0
5191	東海ゴ	733	751	733	744	235
5192	三星ベ	270	274	250	250	181
5193	平成ポリマー	100	100	100	100	3
5194	相模ゴ	615	615	600	600	18
5195	バンドー	205	218	205	214	440
5196	鬼ゴム	80	80	72	74	91
5199	不二ラテ	165	165	165	165	2
5201	旭硝子	774	778	756	773	5637
5202	板硝子	1180	1180	1135	1137	4443
5204	石塚硝	190	190	175	185	50
5205	日本無機	325	330	320	321	10
5208	有沢製	2420	2445	2390	2390	29
5210	日山村硝	169	180	169	178	386
5212	不二硝	0	0	0	0	0
5213	芝セラミ	560	583	555	565	1515
5214	日電硝	1310	1355	1301	1340	1054
5215	旭テクノグラス	855	880	848	880	400
5216	倉元	1710	1890	1710	1820	61.6
5217	テクノクオツ	2750	2750	2690	2690	3
5232	住友大阪	463	480	455	475	8993
5233	太平洋セメ	163	168	160	165	6585
5234	デイ・シイ	154	154	150	150	29
5237	ノザワ	81	90	81	90	7
5261	ミサワリゾ	226	230	225	230	51
5262	日ヒューム	294	294	275	285	153
5266	テイヒュー	0	0	0	0	0
5267	ハネックス	168	170	160	160	121
5268	旭コン	331	332	315	315	8
5269	日コン	98	103	98	102	141
5271	トヨアサノ	0	0	0	0	0
5272	浅野スレ	82	82	82	82	2
5273	三谷セキ	0	0	0	0	0
5274	ゼニパイプ	170	170	170	170	3
5276	石建工	520	597	520	570	149
5277	スパンクリト	285	285	270	270	38
5278	エバタ	0	0	0	0	0
5279	日本興業	299	299	299	299	2
5280	ヨシコン	0	0	0	0	0
5281	旭ダンケ	280	280	280	280	1
5282	ジオスター	920	930	890	930	85
5283	高見沢	0	0	0	0	0
5284	ヤマウ	470	470	470	470	1
5285	ヤマックス	0	0	0	0	0
5286	武井工業	0	0	0	0	0
5287	イトヨーギョ	1210	1210	1210	1210	4
5301	東海カ	212	214	205	210	3291
5302	カーボン	138	138	131	131	2059
5304	エスイ−シ−	218	220	218	220	8
5331	ノリタケ	447	469	437	462	2058
5332	ＴＯＴＯ	580	590	562	562	2557
5333	ガイシ	930	943	894	900	2846
5334	特殊陶	1060	1080	1051	1067	679
5336	INAX	550	564	545	564	970
5337	ダントー	340	340	330	330	49
5338	大トー	290	300	231	300	8
5341	アサヒ陶	115	115	115	115	2
5342	ジャニス	63	63	63	63	2
5343	ニッコー	365	365	350	350	13
5344	ＭＡＲＵＷＡ	2780	2780	2650	2650	22.1
5351	白煉瓦	335	338	325	334	1791
5352	黒崎	173	173	168	172	97
5355	ルツボ	106	106	105	105	3
5356	美濃窯	0	0	0	0	0
5357	ヨータイ	190	190	180	180	12
5358	イソライト	180	180	177	180	7
5359	ハリマセ	99	100	99	100	17
5361	東海熱	330	343	330	340	14
5362	九州耐	200	201	190	190	10
5363	ＴＹＫ	187	195	185	194	94
5367	ニッカトー	911	920	860	880	47
5382	中央商事	0	0	0	0	0
5383	三共理化	0	0	0	0	0
5384	フジミインコ	4200	4250	4050	4050	11.7
5386	鶴弥	899	900	840	840	12
5387	チヨダウーテ	520	530	500	500	12
5388	クニミネ	0	0	0	0	0
5389	日レヂボン	0	0	0	0	0
5390	宇部マテリア	160	160	160	160	16
5391	Ａ＆ＡＭ	109	109	105	105	49
5393	ニチアス	175	176	164	170	389
5395	コランダム	130	140	130	140	5
5397	ＭＩＥテクノ	0	0	0	0	0
5398	日研紙	0	0	0	0	0
5401	新日鉄	221	223	220	222	25673
5403	川崎製鉄	153	157	152	156	13951
5404	日本鋼管	63	64	62	64	12104
5405	住金	69	70	66	68	16393
5406	神戸鋼	61	63	61	61	12801
5407	日新鋼	108	110	108	110	1887
5408	中山鋼	141	148	141	148	146
5410	合同鉄	94	95	93	94	343
5423	東京製鉄	250	267	250	267	564
5443	東洋製鋼	49	49	49	49	13
5444	大和工	342	355	342	355	324
5445	東京鉄	74	75	73	75	94
5446	北越メ	0	0	0	0	0
5448	東京鋼鉄	56	56	56	56	1
5449	大阪製鉄	513	513	457	490	26.1
5451	淀川鋼	300	305	300	305	462
5453	洋鋼鈑	437	437	399	404	300
5454	日鉄鋼板	204	205	199	205	77
5457	住友鋼管	325	325	311	325	116
5458	高砂鉄	118	118	118	118	2
5461	中部鋼	120	123	120	123	31
5462	日鉄鋼管	118	118	118	118	8
5463	丸一管	1097	1120	1097	1120	160
5464	モリ工	260	260	250	250	68
5471	大同特鋼	165	174	164	174	1451
5476	高周波	85	89	80	81	180
5479	日金工	114	114	109	109	1874
5480	冶金工	98	98	88	89	1937
5481	山陽鋼	154	154	145	148	657
5482	愛知鋼	266	276	261	268	725
5484	東北鋼	509	511	509	510	10
5486	日立金	558	625	558	618	2170
5491	日金属	113	115	111	111	117
5541	大平金	265	285	261	264	1893
5542	報国鉄	610	615	610	615	11
5562	日本重化学	133	135	132	134	557
5563	日本電工	191	191	186	188	2174
5566	中央電	166	170	165	165	24
5602	栗本鉄	241	255	241	255	180
5603	虹技	146	155	144	155	30
5605	自動鋳	78	78	75	75	17
5606	旭テック	130	137	130	136	149
5607	中可鍛	240	240	240	240	1
5608	川口金	225	225	225	225	7
5609	日鋳造	90	93	88	88	23
5610	大和重	105	110	105	110	4
5612	鋳鉄管	222	222	193	193	53
5613	日本カタン	0	0	0	0	0
5631	日製鋼	108	108	100	101	2214
5632	菱製鋼	100	100	90	93	1921
5633	関東特殊製鋼	71	75	71	75	141
5641	ＴＤＦ	185	190	160	190	24
5642	日本鍛工	55	55	55	55	3
5644	メタルアート	100	100	96	100	9
5645	イチタン	150	150	135	135	6
5657	鈴木金	137	144	137	143	10
5658	日亜鋼	413	425	413	414	113
5659	日精線	250	250	214	214	49
5660	神鋼線	81	85	81	85	24
5691	東京シヤリング	78	78	78	78	2
5694	大和綱帯	0	0	0	0	0
5695	パウダテック	0	0	0	0	0
5696	川鉄鋼板	0	0	0	0	0
5697	サンユウ	349	349	349	349	1
5701	日軽金	81	81	75	80	3571
5702	大紀ア	150	153	150	152	25
5706	三井金	591	591	559	575	3545
5707	東邦鉛	252	252	243	247	2147
5711	三菱マ	393	396	380	390	8636
5713	住友鉱	336	336	316	325	5018
5714	同和鉱	230	244	225	238	4548
5715	古河機金	200	200	185	186	2819
5716	日鉱金属	732	744	730	734	645
5721	Ｓサイエンス	885	914	836	836	3541
5727	邦チタ	460	460	451	452	19
5728	アライドマテリアル	1050	1050	1010	1033	23
5729	日精鉱	186	186	186	186	1
5734	昭和アルミ	136	150	135	142	331
5738	住軽金	74	74	69	72	735
5739	日製箔	126	127	126	126	6
5740	九州不二サッシ	0	0	0	0	0
5753	日伸銅	63	66	63	65	9
5756	東海アルミ箔	54	54	51	51	12
5757	サンエツ	670	670	670	670	2
5771	菱伸銅	210	210	205	209	145
5781	東邦金	141	142	141	142	4
5801	古河電	1700	1716	1650	1710	5363
5802	住友電	1466	1466	1427	1433	3379
5803	フジクラ	491	510	484	503	2852
5804	菱線工	230	247	227	236	4191
5805	昭電線	183	183	179	181	2294
5807	東特線	405	420	405	410	140
5808	理研線	0	0	0	0	0
5809	タツタ	170	177	169	177	163
5810	第一電工	85	86	82	82	181
5811	トヨ電線	350	350	350	350	2
5812	日立線	923	964	923	960	2528
5813	花島電線	0	0	0	0	0
5814	京三電線	154	160	154	155	6
5815	沖電線	270	271	265	268	114
5816	オーナンバ	185	185	180	180	2
5817	日電線	0	0	0	0	0
5818	東日京三電線	340	340	340	340	1
5819	カナレ電気	1560	1560	1500	1510	4.4
5820	三ッ星	260	260	260	260	2
5851	リョービ	113	119	110	119	357
5852	アーレスティ	245	245	245	245	1
5853	京都ダイカスト	149	150	149	150	13
5854	東京理化工	94	94	94	94	1
5855	アサヒプリテ	3400000	3500000	3300000	3300000	0.012
5900	ダイケン	430	440	430	440	2
5901	洋カン	1779	1797	1712	1795	2278
5902	北カン	186	196	186	190	193
5903	シンポ	660	680	660	665	9
5904	アルコアシステム	0	0	0	0	0
5905	日カン	172	172	172	172	4
5906	エムケー精工	500	520	500	500	15
5907	ＪＦＥコンテ	131	131	131	131	1
5908	日鉄ドラム	0	0	0	0	0
5909	コロナ	1000	1000	1000	1000	3
5910	立山アルミ	260	280	260	280	26
5911	横河ブ	294	298	286	297	89
5912	日本橋	120	121	120	120	43
5913	松尾橋	199	199	190	194	38
5914	宮地鐵工所	202	202	197	200	102
5915	駒井鉄	320	320	315	316	127
5916	ハルテック	193	195	191	195	32
5917	サクラダ	80	80	73	73	77
5918	滝上工	342	342	335	339	20
5919	日鉄塔	260	260	260	260	2
5920	鈴木シャ	175	175	175	175	1
5921	川岸工	240	240	237	237	14
5922	那須鉄	190	190	190	190	2
5923	高田機	430	440	425	435	77
5924	新日軽	71	73	71	71	6
5925	酒井鉄工所	114	114	114	114	1
5926	安治川鉄工	105	106	105	106	2
5927	ホリー	136	136	128	134	24
5928	アルメタクス	240	240	240	240	0.5
5929	三和シャタ	310	325	310	318	520
5930	文化シヤタ	225	225	210	219	268
5931	川田工	210	210	199	199	106
5932	三協アルミ	100	100	95	97	531
5933	アルインコ	178	179	178	178	16
5934	日本ア	61	61	59	59	3
5935	元旦	810	810	810	810	1
5936	洋シヤタ	112	112	104	108	118
5937	洋エクス	685	700	685	700	75
5938	住生活Ｇ	1388	1409	1375	1396	845
5939	大谷工業	0	0	0	0	0
5940	不二サッシ	132	142	132	142	30.7
5941	中西製	0	0	0	0	0
5942	フイルコン	0	0	0	0	0
5943	ノーリツ	1020	1080	1020	1080	104
5944	日立粉末	677	700	673	700	60
5945	天竜製鋸	0	0	0	0	0
5946	長府製	1390	1460	1380	1460	53.6
5947	リンナイ	1732	1740	1715	1732	111.6
5949	ユニプレス	238	238	230	230	6
5950	パワーファス	123	123	123	123	2
5951	ダイニチ工業	258	265	255	255	27.3
5952	アマテイ	80	80	80	80	1
5954	トープラ	0	0	0	0	0
5955	ヤマシナ	354	355	319	330	484
5956	トーソー	309	309	309	309	20
5957	日東精	159	160	150	150	51
5958	三洋工	143	146	140	144	58
5959	岡部	238	243	238	239	76
5961	トーカロ	0	0	0	0	0
5962	浅香工	0	0	0	0	0
5963	日立ツール	380	385	380	385	25
5964	洋刃物	0	0	0	0	0
5965	フジマック	500	540	500	540	3
5966	ＫＴＣ	295	295	294	294	36
5967	前田金	115	115	115	115	3
5969	ロブテックス	0	0	0	0	0
5970	菊池プレス	0	0	0	0	0
5971	共和工業	0	0	0	0	0
5972	日本建鐵	305	305	299	299	37.5
5973	トーアミ	530	530	480	480	5
5974	中国工	170	170	161	167	84
5975	東プレ	305	321	305	321	390
5976	ネツレン	238	246	236	236	143
5977	コマツ電子	1170	1230	1170	1195	19.7
5979	カネソウ	0	0	0	0	0
5980	田中亜鉛	310	310	310	310	5
5981	東京綱	144	144	131	131	2276
5982	マルゼン	340	340	340	340	2
5983	イワブチ	400	400	400	400	1
5984	兼房	500	500	500	500	2.5
5985	サンコール	459	460	443	445	145
5986	モリテック	241	241	240	240	8
5987	オーネックス	280	280	280	280	1
5988	パイオラクス	0	0	0	0	0
5989	ヒラタ	398	398	390	390	6
5990	スーパツール	152	152	145	150	13
5991	ニッパツ	325	340	325	333	487
5992	中央発條	320	349	320	349	88
5993	知多鋼	640	640	640	640	1
5994	ファインＳ	0	0	0	0	0
5995	科学冶金	550	550	550	550	1
5996	新立川	0	0	0	0	0
5997	協立エアテク	651	651	651	651	0.1
5998	アドバネクス	220	224	217	224	8
5999	イハラサイエ	236	236	220	230	9
6005	三浦工	1193	1195	1184	1195	106.7
6011	新潟鉄工所	93	93	88	91	2430
6013	タクマ	895	910	890	890	469
6016	神発動	112	112	112	112	1
6018	阪神燃	80	80	80	80	3
6020	神鋼造機	93	93	93	93	1
6021	ロビン	0	0	0	0	0
6022	赤阪鉄	105	105	99	99	3
6023	ダイハツデ	0	0	0	0	0
6041	ボッシュ	135	142	135	142	669
6042	ニッキ	160	165	146	165	3
6101	ツガミ	660	665	617	622	3016
6102	池貝	178	186	178	185	605
6103	オークマ	391	410	386	403	2545
6104	東芝機	141	150	141	149	984
6106	日立精機	160	161	152	155	250
6107	アマダマシ	185	193	185	192	426
6108	アマダワシノ	92	93	88	88	236
6111	旭精機	239	239	237	237	9
6112	小島鉄	0	0	0	0	0
6113	アマダ	915	945	891	945	5319
6114	住倉工業	158	168	156	161	243
6118	アイダ	390	400	390	399	210
6119	ゼィープラス	0	0	0	0	0
6121	滝澤鉄	89	89	85	86	3
6122	若山精密	270	275	270	275	30
6125	岡本工	113	140	113	130	83
6126	大ダイヤ	186	190	186	186	4
6130	日平トヤマ	200	205	195	195	13
6131	浜井産	225	239	210	215	600
6134	富機製	7000	7030	6800	6900	71.4
6135	牧野フ	897	956	878	936	1302
6136	ＯＳＧ	390	410	390	400	287
6137	小池工	140	140	135	135	28
6138	ダイジェト	119	120	119	119	31
6139	東芝タンガロイ	208	212	206	208	232
6140	旭ダイヤ	573	577	560	571	487
6141	森精機	1330	1388	1320	1388	214
6142	富士精	0	0	0	0	0
6143	ソディック	750	770	735	735	343
6144	西部電機	230	230	230	230	1
6145	日特エンジ	2000	2050	1790	1800	145
6146	ディスコ	25800	26200	25500	25500	51.3
6147	ヤマザキ	0	0	0	0	0
6148	UHT	1890	1930	1880	1930	7
6149	小田原エンジ	737	737	737	737	0.5
6150	タケダ機械	145	150	130	150	6
6151	日東工器	2485	2495	2460	2495	51.7
6201	豊田織	1888	1924	1870	1890	756
6203	豊和工	131	132	127	132	237
6204	キリウ	190	192	186	192	6
6205	ＯＫＫ	100	100	95	98	155
6206	豊田工	816	900	816	899	406
6208	石川製	120	121	111	115	76
6210	東洋機械	699	710	670	710	18
6211	倉敷機	70	71	70	71	2
6212	帝人製機	164	177	164	172	91
6213	ＯＭ製	145	154	145	154	47
6214	大隈豊和機械	208	208	195	195	132
6216	寿工業	139	139	135	135	9
6217	津田駒	145	145	130	140	108
6218	エンシュウ	148	150	140	140	98
6221	大東製機	290	290	290	290	1
6222	島精機	1939	1950	1870	1900	22.3
6242	スピンドル	160	166	160	161	91
6245	ヒラノテク	310	310	310	310	3
6246	井上金	151	151	149	149	5
6247	日阪製	446	450	443	446	76
6271	ニッセイ	760	760	760	760	5
6272	レオン	383	385	365	366	46
6273	ＳＭＣ	17180	18210	17180	18210	233
6274	新川	4490	4540	4170	4200	146.8
6275	イセキ開発工	142	142	136	137	9
6276	ナビタス	1040	1110	1040	1110	16
6277	ホソミクロン	600	600	590	590	34
6278	ユニオンツル	15100	16100	15100	15800	35.5
6279	瑞光	1380	1450	1380	1440	1.9
6280	名機製	2070	2075	2000	2010	26
6281	前田製作	0	0	0	0	0
6282	オイレス	1560	1612	1560	1612	54
6283	オリイメック	375	380	375	380	7
6284	ＡＳＢ機械	658	719	650	695	359
6286	静甲	700	700	700	700	4
6287	サトー	3400	3600	3390	3460	53.9
6288	ハマダ印刷機	181	182	181	182	3
6289	技研製	350	350	343	350	10
6290	ＳＥＳ	1990	2000	1860	1890	63
6291	エアーテック	0	0	0	0	0
6292	カワタ	1090	1110	1090	1110	7
6293	日精樹脂	1045	1045	971	971	10
6294	オカアイヨン	156	156	156	156	15
6295	富士変速	294	294	294	294	0.8
6296	ロキテクノ	1050	1050	1030	1030	6
6297	鉱研工業	306	310	290	290	3.3
6298	ワイエイシイ	2580	2800	2580	2630	25
6299	神鋼環境Ｓ	0	0	0	0	0
6300	アピクヤマダ	949	949	880	880	11
6301	コマツ	473	483	463	467	4859
6302	住友機	244	244	234	239	3464
6303	ササクラ	475	475	475	475	2
6304	マキ製作所	0	0	0	0	0
6305	日立建機	389	410	389	402	283
6306	日工	248	253	228	238	69
6307	サンセイ	105	106	105	105	10
6309	巴工業	0	0	0	0	0
6310	井関農	108	108	103	104	2090
6311	セイレイ工業	0	0	0	0	0
6312	フロイント	0	0	0	0	0
6313	共立	145	145	131	139	104
6314	石井工研	960	960	930	960	1
6315	ＴＯＷＡ	3830	4040	3800	3900	55.7
6316	丸山製	152	153	147	149	73
6317	北川鉄	135	140	135	137	223
6319	シンニッタン	205	208	201	205	29
6320	新ダイワ	0	0	0	0	0
6321	石搬機	370	370	369	369	3
6322	タクミナ	480	480	480	480	5
6323	ローツェ	2150	2200	2150	2160	11
6324	ハーモニック	3450000	3500000	3350000	3400000	0.009
6325	タカキタ	199	199	194	194	6
6326	クボタ	309	327	305	327	5991
6327	北川精機	342	342	339	339	4
6328	荏原実業	1620	1650	1620	1650	4
6329	ＨＥＣ	533	534	527	527	7
6330	東洋エンジ	116	116	109	111	441
6331	化工機	216	225	216	222	100
6332	月島機	681	701	676	676	118
6333	帝国電	567	567	567	567	1
6334	明治機	225	225	215	215	112
6335	東京機	393	405	393	401	211
6336	石井表記	3850	3900	3850	3900	10
6339	新東工	245	251	245	251	137
6340	渋谷工	900	900	892	893	38
6341	日立造船富岡	150	150	150	150	1
6342	太平製	90	90	90	90	2
6343	フリージア	110	110	103	103	116
6345	アイチコーポ	168	170	164	165	82.9
6346	菊川鉄	195	195	195	195	1
6347	プラコー	138	138	136	136	4
6348	日本マリンテクノ	640	640	640	640	1
6349	小森	1254	1260	1241	1250	498
6350	新日本造機	150	150	150	150	3
6351	鶴見製	500	510	500	505	79
6352	トヨコケン	130	130	130	130	1
6354	日立機電	345	345	340	340	27
6355	住友精	322	326	321	326	113
6356	日ギア	220	220	220	220	4
6357	三精輸	304	309	300	305	30
6358	酒井重	210	212	210	212	84
6359	粟村製作所	0	0	0	0	0
6360	東自機	330	335	330	330	3
6361	荏原	1635	1635	1590	1602	2820
6362	石井鉄	230	230	211	211	49
6363	酉島	449	449	438	438	40
6364	北越工	0	0	0	0	0
6365	電業社	4800	4800	4730	4730	0.8
6366	千代建	170	172	167	168	2211
6367	ダイキン	1550	1625	1550	1620	791
6368	オルガノ	405	415	402	405	260
6369	トヨカネツ	107	108	100	106	419
6370	栗田工	1894	2005	1894	1960	348
6371	椿本チ	400	413	400	413	466
6372	セイサ	86	95	85	95	5
6373	大同工	187	187	175	186	57
6374	ＴＣＭ	165	165	153	160	138
6375	コンベヤ	119	119	109	110	282
6376	日機装	529	529	509	510	171
6377	甲陽建設	350	359	333	333	40
6378	木村化	160	164	157	161	37
6379	新興プラン	101	101	101	101	7
6380	オリチェン	90	91	90	91	9
6381	アネスト岩田	130	130	128	129	107
6382	トリニ工	255	255	255	255	1
6383	ダイフク	825	867	824	845	329
6386	扶桑レクセ	1300	1310	1270	1270	9
6388	ミサワバン	280	285	260	280	200
6389	内田油圧	68	68	68	68	3
6390	加藤製	152	153	152	152	115
6391	加地テック	181	181	181	181	6
6392	ヤマダコーポ	161	161	161	161	11
6393	油研工	119	120	114	119	63
6394	大江工業	0	0	0	0	0
6395	タダノ	192	204	192	201	313
6396	宇野鉄	0	0	0	0	0
6397	郷鉄工	0	0	0	0	0
6398	日本電産シンポ	950	950	950	950	1
6403	水道機	313	356	311	350	71
6406	フジテック	922	932	922	927	207
6407	シーケーディ	520	525	506	510	250
6408	クラッチ	980	980	980	980	1
6409	キトー	370	370	365	365	3
6411	中野冷	470	470	470	470	2
6412	平和	2015	2050	1980	2000	340.5
6413	理想科学	2900	2950	2900	2900	22.3
6414	川重冷熱	0	0	0	0	0
6415	ニスカ	740	740	740	740	1
6416	桂川電機	345	345	320	320	10
6417	ＳＡＮＫＹＯ	6520	6600	6350	6470	230.5
6418	日金銭	1900	1960	1900	1920	24
6419	マース	2945	2990	2870	2910	9.9
6420	福島工業	582	650	582	650	242
6421	キヤノンＦ	682	690	680	690	8
6422	キヤノン化成	941	941	933	934	13
6423	アビリット	7200	7390	6610	6650	30.1
6424	高見サイ	500	500	500	500	2
6425	アルゼ	6560	6750	6500	6550	38.7
6426	サミー	4710	4770	4550	4600	14
6431	キャノンＮＴＣ	283	298	283	284	31
6436	アマノ	665	680	665	666	644
6437	三条機	0	0	0	0	0
6439	中日鋳	0	0	0	0	0
6440	ＪＵＫＩ	176	180	173	179	294
6442	コピア	250	250	247	247	4
6443	東洋製	136	136	136	136	2
6444	サンデン	513	542	513	531	380
6445	蛇の目	94	98	94	98	212
6448	ブラザー	278	286	270	276	1001
6453	シルバ精	176	179	170	170	357
6454	マックス	815	850	815	849	201
6455	モリタ	300	300	283	283	77
6457	グローリー	1600	1600	1570	1570	57
6458	新晃工	143	153	143	153	20
6459	大和冷	286	329	286	304	110
6461	日ピス	160	160	148	148	1968
6462	リケン	230	235	222	232	306
6463	ＴＰＲ	270	270	264	268	37
6467	ニチダイ	615	625	605	605	49
6468	駿河精機	1690	1690	1620	1620	11
6469	放電精密	750	750	750	750	2
6470	大豊工業	1150	1150	1140	1150	12
6471	日精工	729	735	710	720	3624
6472	ＮＴＮ	263	263	250	259	3028
6473	光洋精	816	818	796	806	2506
6474	不二越	172	179	166	170	2257
6475	天辻	0	0	0	0	0
6476	富士テクニカ	560	560	560	560	1
6477	ツバキ・ナカ	1294	1294	1204	1242	152
6478	ダイベア	211	211	211	211	1
6479	ミネベア	1305	1325	1268	1288	4240
6480	トムソン	965	1010	965	1001	128
6481	ＴＨＫ	5210	5230	5000	5010	443.8
6482	ユーシン精機	9400	9800	9150	9200	29
6483	川重防災	0	0	0	0	0
6484	ＫＶＫ	273	285	273	285	20
6485	前沢給装	602	602	595	600	15
6486	イーグル工	316	320	316	320	32
6487	積水工機	0	0	0	0	0
6488	ヨシタケ	0	0	0	0	0
6489	前沢工業	935	942	935	935	55.3
6490	ピラー	806	810	790	800	75
6492	岡野バ	155	160	155	160	3
6493	日鍛バ	185	185	184	185	11
6494	ファネス	481	481	470	470	13
6495	宮入バ	97	97	97	97	5
6496	中北製	175	176	170	170	8
6497	ハマイ	0	0	0	0	0
6498	キッツ	165	165	154	159	318
6499	大隈エンジニア	0	0	0	0	0
6501	日立	1400	1405	1355	1364	16742
6502	東芝	890	904	885	896	10465
6503	三菱電	947	960	930	960	8148
6504	富士電機ＨＤ	410	412	403	409	3998
6505	東洋電	186	190	185	186	164
6506	安川電	1480	1510	1457	1480	3251
6507	神鋼電	154	158	154	157	353
6508	明電舎	200	207	191	202	2484
6513	オリジン	1260	1260	1230	1240	191
6516	山洋電	419	419	386	386	248
6517	デンヨー	740	740	710	740	30
6518	三相電機	529	529	529	529	2
6581	日立工	255	259	252	252	317
6583	松下冷機	556	564	552	559	377
6584	三桜工	638	665	629	665	254
6585	サーボ	295	311	291	291	18
6586	マキタ	880	903	880	903	278
6587	松下精工	414	415	405	415	227
6588	東芝テック	495	510	471	476	1054
6590	芝浦	1289	1312	1260	1270	457
6591	西芝電	150	150	145	145	6
6592	マブチ	10710	10900	10100	10400	308.5
6593	ローヤル電	0	0	0	0	0
6594	日電産	18620	18700	17700	17810	69.2
6621	高岳	180	180	168	171	195
6622	ダイヘン	252	253	239	246	343
6623	愛電機	200	200	200	200	5
6624	田淵電	295	304	295	304	8
6641	日新電	266	270	258	258	343
6643	戸上電	148	149	148	148	7
6644	大崎電	510	510	481	481	99
6645	オムロン	2815	2830	2750	2830	379
6646	エナジーサポ	306	328	306	328	2
6647	森尾電	165	169	165	165	19
6648	かわでん	63	82	63	82	200
6650	春日電	190	190	180	190	20
6651	日東工	629	629	610	616	95
6652	和泉電	1311	1311	1280	1285	66
6654	不二電機	790	800	790	800	2
6655	東洋電機	388	388	388	388	2
6701	ＮＥＣ	2775	2810	2700	2765	15068
6702	富士通	3420	3440	3340	3390	9478
6703	沖電気	800	800	775	779	4718
6704	岩崎通	260	260	251	252	315
6705	ＮＥＣインフ	586	599	580	588	272
6706	電気興	846	895	846	885	273
6707	サンケン	629	635	620	635	359
6708	東洋通	1923	1943	1855	1880	523
6709	明星電	160	160	160	160	12
6710	大興電機製作	175	183	175	183	13
6711	高見澤電機	181	181	181	181	1
6712	田村電機製作	374	380	355	370	222
6714	神田通信工業	260	278	260	265	17
6715	ナカヨ通	355	355	350	350	16
6716	中央無	503	550	503	528	26
6717	富士通アクセ	2890	2900	2700	2700	75.5
6718	アイホン	1600	1700	1590	1661	43.9
6741	信号	480	480	467	470	160
6742	京三	260	260	245	249	181
6743	大同信	214	214	214	214	3
6744	能美防災	332	342	330	337	155
6745	ホーチキ	286	300	286	289	54
6747	小糸工	0	0	0	0	0
6748	星和電	430	430	430	430	12
6749	マスプロ	1225	1225	1160	1160	36.8
6751	日無線	1090	1110	1050	1060	909
6752	松下	3080	3080	3010	3060	6989
6753	シャープ	2320	2320	2220	2255	4635
6754	アンリツ	1000	1025	1000	1015	614
6755	富士通ゼ	670	700	670	688	204
6756	日立国際	1400	1400	1391	1400	172
6758	ソニー	28100	28170	26100	26300	5750
6759	ＮＥＣトーキ	631	660	631	650	131
6761	アイワ	1580	1599	1490	1500	552.8
6762	ＴＤＫ	11860	11940	11700	11800	1329
6763	帝通工	384	384	375	380	98
6764	三洋電	605	642	600	630	32868
6765	ケンウッド	407	420	405	405	490
6766	宮越商	61	61	60	61	69
6767	ミツミ	4100	4180	3880	3880	472
6768	タムラ	500	515	500	504	326
6770	アルプス	1058	1058	999	1000	1524
6771	池上通	400	400	392	397	239
6772	コスモス	130	140	130	140	29
6773	パイオニア	2885	3010	2885	2940	2363
6775	東和メクス	162	168	157	161	121
6776	天昇電	160	160	160	160	11
6779	日電波	3700	3770	3500	3530	137.5
6780	日立電子	580	608	580	597	69
6781	松下通信工業	17000	17140	15950	15950	567
6782	九州松下電器	1224	1260	1224	1248	320
6783	松下寿電子	2040	2135	2040	2130	350
6791	コロムビア	223	223	205	215	116
6792	ビクター	684	700	645	691	706
6793	山水電	26	26	25	25	941
6794	フォスター	657	660	650	660	78
6796	クラリオン	690	690	662	662	2121
6798	ＳＭＫ	1060	1066	1000	1015	363
6799	日本マランツ	245	245	235	235	6
6800	ヨコオ	2800	2935	2800	2890	270
6801	東光	819	850	816	849	813
6802	赤井電機	43	44	42	44	777
6803	ティアック	380	389	375	380	156
6804	ホシデン	5500	5500	5250	5300	185
6805	八木アン	672	681	672	672	8
6806	ヒロセ電	12700	12700	12350	12520	124.7
6807	航空電子	610	630	610	620	434
6808	シントム	56	56	53	54	749
6809	ＴＯＡ	335	335	332	335	82
6810	マクセル	2630	2655	2600	2610	478
6811	クオンツ	1000	1100	951	1000	269
6812	ジャルコ	510	510	500	500	3
6813	ナカミチ	150	160	140	144	1083
6814	古野電	420	420	420	420	5
6815	ユニデン	910	918	910	910	135
6816	アルパイン	1545	1562	1537	1560	116
6817	スミダコーポ	5000	5020	4900	4900	34.8
6818	島田理	1262	1320	1230	1230	15
6819	オメガ・プロ	2440	2450	2300	2310	82
6820	アイコム	1980	1980	1950	1950	8
6821	バーテクスＳ	0	0	0	0	0
6822	大井電気	407	407	407	407	1
6823	リオン	0	0	0	0	0
6824	新コスモス	405	405	400	401	18
6826	本多通信	5020	5190	5010	5030	15
6837	京写	2900	2900	2550	2550	33
6838	多摩川電	2500	2600	2500	2500	11
6839	船井電	82500	83000	76500	76800	37.8
6840	アドテック	1360	1400	1290	1380	71
6841	横河電	1037	1075	1021	1021	2300
6842	ユニパルス	1180	1220	1180	1220	25
6843	東光精機	0	0	0	0	0
6844	新電元	536	550	530	530	202
6845	山武	823	835	823	829	232
6846	中央製	0	0	0	0	0
6847	安藤電気	1904	1960	1900	1950	120
6848	東亜ＤＫＫ	310	315	310	310	17
6849	日本光電	356	356	332	340	84
6850	チノー	245	245	227	231	172
6851	大倉電気	221	226	220	226	47
6852	テクノセブン	215	239	215	220	22
6853	共和電	250	250	249	249	3
6855	電子材料	3060	3060	2980	3000	23
6856	堀場製	755	762	751	754	163
6857	アドバンテスト	19300	19350	18300	18550	379.2
6858	小野測器	220	223	213	213	53
6859	エスペック	724	724	714	715	66
6860	サンクス	770	788	770	788	6
6861	キーエンス	34150	36500	34150	36400	62.7
6862	ミナトエレ	294	295	260	260	9
6863	ニレコ	600	600	600	600	1
6864	ＮＦ回路	477	477	475	475	5
6866	ＨＩＯＫＩ	0	0	0	0	0
6867	リーダー電子	549	549	549	549	1
6868	東カソード	1100	1100	1080	1100	5.2
6869	シスメックス	3250	3300	3000	3110	63.5
6870	フェンオール	670	670	650	650	10
6871	日本マイクロ	2010	2030	1960	1960	8
6872	日本コーリン	12900	12900	12100	12200	12
6873	日立電子Ｅ	904	906	903	903	8
6874	協立電機	5050	5100	5000	5000	3.9
6875	メガチップス	7490	8000	7490	7650	95
6876	光波	6900	6900	5900	6010	31
6877	ＯＢＡＲＡ	740	740	740	740	2
6878	長野日無	610	635	605	635	10
6879	フォトロン	0	0	0	0	0
6880	シンワ	1230	1300	1200	1200	5.6
6881	キョウデン	4000	4000	3910	3950	58
6882	三社電機	760	789	760	780	7
6883	電産コ電	1440	1500	1440	1450	16
6884	デジタル	3300	3450	3300	3400	13
6885	ミヤチテクノ	1080	1080	1080	1080	0.4
6886	グラフィック	690	690	680	680	2
6887	日本ＬＳＩカード	750000	780000	750000	755000	0.013
6888	アクモス	1010000	1020000	995000	1010000	0.035
6889	オーデリック	650	660	640	640	6
6890	フェローテク	1540	1560	1540	1550	16
6891	イーター電機	1460	1470	1300	1450	236
6892	シチズン電子	20100	20100	19600	19900	9
6893	タイテック	980	983	925	925	62
6894	パルステック	1860	1920	1850	1860	13
6895	ダイヤ電機	450	450	450	450	5
6896	北川工業	1415	1415	1350	1350	22.3
6897	ツインバード	0	0	0	0	0
6898	トミタ電機	360	360	360	360	7
6899	ＡＳＴＩ	720	750	720	750	11
6900	東京電波	8500	8600	8100	8100	56
6901	沢藤電	350	350	330	332	32
6902	デンソー	2180	2230	2150	2230	3736
6904	原田工業	430	430	430	430	1
6905	コーセル	3300	3350	3260	3300	21.1
6906	キヤ･コンポ	300	300	300	300	2
6907	ジオマテック	1520	1570	1480	1480	36.5
6908	イリソ電子	439	439	439	439	1
6909	北部通信工業	0	0	0	0	0
6910	日立メディコ	1068	1068	1061	1065	97
6911	新日無	1110	1150	1100	1100	61
6912	菊水電子	486	486	451	451	14
6913	メルコ	2750	2750	2660	2750	47.8
6914	オプテックス	1100	1100	1100	1100	3
6915	千代田インテ	1360	1470	1360	1470	36
6916	アイオデータ	3550	3590	3380	3380	29.8
6917	デンセラムダ	2860	2950	2800	2840	66.1
6918	アバール	1450	1450	1400	1400	4
6919	ケル	0	0	0	0	0
6920	レーザーテク	0	0	0	0	0
6921	東光電	345	345	330	330	46
6922	昭和情報	544	545	530	535	10
6923	スタンレー	769	785	750	756	922
6924	岩崎電	218	218	205	209	155
6925	ウシオ電	2290	2290	2150	2165	466
6926	岡谷電	254	256	253	256	6
6928	エノモト	1140	1140	1070	1090	18
6929	日セラ	1201	1201	1163	1165	42
6930	日本アンテナ	1340	1370	1340	1370	3
6931	日本電池	380	400	380	390	396
6932	ユアサコーポ	250	250	250	250	2
6933	ＹＵＡＳＡ	275	276	265	265	2073
6934	新神戸	730	754	723	724	431
6935	日デジタル	1850	1855	1835	1850	93
6936	東洋高砂乾	139	139	139	139	1
6937	古河池	339	345	310	310	67
6938	双信電機	690	690	650	675	16
6939	ＵＭＣＪ	1230000	1250000	1120000	1150000	0.289
6940	多摩電気	0	0	0	0	0
6941	山一電機	2570	2650	2570	2570	285
6942	ソフィア	355	370	355	370	3
6943	開閉器	541	555	541	555	7
6944	アイレックス	370	370	370	370	1
6945	ＦＴＥＣ	665	670	660	661	19
6946	日本アビオ	290	290	290	290	1
6947	図研	2700	2730	2600	2615	75.3
6948	住友電装	0	0	0	0	0
6949	キンセキ	950	969	940	945	56
6950	ＹＥデータ	680	690	665	690	24
6951	日電子	523	530	521	522	193
6952	カシオ	1072	1085	1060	1065	714
6953	日ＮＣＲ	525	530	525	530	140
6954	ファナック	10250	10300	9700	9730	749.3
6955	ＦＤＫ	920	963	920	921	148
6956	神明電	1270	1320	1270	1320	5
6957	芝浦電子	360	360	325	330	6.3
6958	日本ＣＭＫ	1146	1146	1101	1114	236
6959	アマダメ	727	805	716	796	905
6960	フクダ電	1870	1870	1870	1870	1
6961	エンプラス	5700	5950	5400	5400	237
6962	大真空	550	609	550	551	796
6963	ローム	35150	35150	33800	34500	230.5
6964	サンコー	2210	2210	2165	2165	14
6965	ホトニクス	7200	7230	6810	6810	227.5
6966	三井ハイテク	1984	2000	1957	1989	83.4
6967	新光電工	5970	5970	5500	5850	138.5
6968	グラフテック	200	202	200	201	41
6969	松尾電	790	850	790	850	282
6970	日本コンラックス	590	595	580	592	141
6971	京セラ	17790	17910	17390	17770	839.5
6972	エルナー	460	520	460	485	720
6973	協栄産	370	370	350	350	57
6974	日本インター	331	340	330	340	28
6975	ＮＥＯＭＡＸ	1025	1031	1013	1025	169
6976	太陽電	6050	6050	5920	5960	726
6977	抵抗器	192	207	192	192	12
6979	松尾電機	0	0	0	0	0
6980	日立ＡＩＣ	1275	1289	1220	1220	154
6981	村田製	20770	21000	20070	20900	600
6982	リード	118	118	118	118	2
6984	朝日ナショナ	0	0	0	0	0
6985	ユーシン	570	570	567	567	65
6986	双葉電	4530	4780	4490	4780	231.7
6988	日東電	3960	4050	3930	3940	319
6989	北電工	214	214	210	214	146
6991	松電工	875	891	875	887	2068
6992	国産電	211	211	211	211	3
6993	森電機	170	180	170	173	127
6994	指月電	280	280	262	262	11
6995	東海理	1000	1020	962	962	125
6996	ニチコン	3200	3200	3000	3070	400
6997	日ケミコン	453	464	450	460	522
6998	タングス	285	285	285	285	13
6999	ＫＯＡ	2660	2740	2660	2690	160
7003	三井造	62	65	62	65	3610
7004	日立造	76	79	75	79	4921
7007	佐世保	70	77	70	77	466
7011	三菱重	283	299	282	299	12577
7012	川重	133	133	124	130	5520
7013	石川島	120	125	115	123	5163
7014	名村造	121	129	121	127	175
7018	内海造	86	86	86	86	1
7020	サノヤス	217	220	215	215	35
7021	ニッチツ	153	154	145	145	11
7052	信貴造船所	0	0	0	0	0
7102	日車両	229	229	204	209	2188
7104	富士車輌	93	93	89	89	34
7105	ニチユ	174	174	169	174	49
7122	近畿車	148	148	141	141	102
7123	東急車輌製造	85	88	85	86	228
7124	輸送機工業	300	300	300	300	2
7142	ナブコ	177	178	167	172	187
7201	日産自	430	440	423	433	12073
7202	いすゞ	257	257	220	255	3383
7203	トヨタ	4650	4820	4650	4820	13854
7204	小松ゼノア	265	265	243	243	83
7205	日野自	367	367	367	367	2150
7207	日野車体	91	110	90	109	51
7210	日産ディ	93	93	90	90	376
7211	三菱自	380	387	370	380	2917
7212	エフテック	500	500	500	500	1
7219	ＨＫＳ	720	720	715	715	3
7220	武蔵精密	1140	1140	1140	1140	1
7221	トヨ車	767	767	747	750	101
7222	産車体	123	123	112	113	237
7223	関東自	602	630	602	616	81
7224	新明和	148	156	148	151	386
7225	小松フォーク	145	150	145	147	129
7226	極東開発	510	510	508	510	36.2
7227	アスカ	0	0	0	0	0
7228	デイトナ	0	0	0	0	0
7229	ユタカ技研	0	0	0	0	0
7230	日信工業	1300	1300	1250	1300	3
7231	トピー	162	162	155	162	2103
7232	トキコ	145	145	135	144	346
7233	自部品	92	92	91	91	24
7234	橋本フォーミング	70	71	70	71	13
7235	東ラヂ	129	129	129	129	1
7236	ティラド	247	247	220	220	255
7237	ボッシュブレーキ	185	185	185	185	4
7238	ブレーキ	190	190	176	190	175
7239	タチエス	430	450	430	450	6
7240	ＮＯＫ	333	355	333	350	265
7241	フタバ	965	1011	965	990	518
7242	カヤバ	163	171	163	171	380
7243	シロキ	231	232	230	232	125
7244	市光工	240	265	235	248	1299
7245	大同メ	295	295	290	290	7
7246	プレス工	70	70	68	68	158
7247	ミクニ	139	139	131	131	19
7248	カルソニック	241	245	230	234	297
7249	尾張精	0	0	0	0	0
7250	太平洋工	266	266	261	266	85
7251	ケーヒン	930	997	930	997	155
7252	富士機	210	210	202	202	4
7253	日本ガスケット	295	295	216	216	6
7254	フジユニ	170	170	170	170	5
7255	桜井製	0	0	0	0	0
7256	河西工	185	219	185	219	101
7257	自転車電機工	210	210	210	210	2
7258	栃木富士産業	200	200	198	198	77
7259	アイシン	1356	1411	1356	1411	833
7260	富士機工	180	180	165	170	39
7261	マツダ	306	312	305	312	4725
7262	ダイハツ	549	549	539	546	1150
7263	愛知機	138	139	135	139	222
7264	ＭＵＲＯ	0	0	0	0	0
7265	エイケン工業	865	865	865	865	1
7266	今仙電機	316	316	316	316	1
7267	ホンダ	3930	3980	3830	3850	3585
7268	タツミ	0	0	0	0	0
7269	スズキ	1715	1715	1670	1689	2418
7270	富士重	740	750	740	750	1585
7271	安永	400	400	400	400	8
7272	ヤマハ発	819	860	819	854	504
7273	イクヨ	0	0	0	0	0
7274	ショーワ	414	420	393	400	166
7275	ユニシア	96	103	96	103	312
7276	小糸製	515	540	515	540	246
7277	ＴＢＫ	95	95	95	95	3
7278	エクセディ	840	840	805	810	47.5
7279	ケーブル	975	1005	975	1005	16
7280	ミツバ	450	470	450	458	85
7281	カンセイ	250	250	231	234	63
7282	豊田合	6950	7050	6940	6980	379
7283	愛三工	515	540	515	540	10
7284	盟和産	240	240	235	235	4
7285	池田物産	95	100	95	100	18
7286	イズミ工業	126	130	126	126	12
7287	日精機	1701	1730	1660	1660	32
7288	テクノエイト	221	221	220	220	11
7289	マーレ テネックス	225	230	221	230	4
7290	日発精密工業	181	181	181	181	2
7291	日本プラスト	450	450	381	390	22
7292	村上開明	550	550	550	550	4
7293	大井製作所	290	290	260	260	12
7294	ヨロズ	258	260	251	260	58.9
7295	アイエス製機	0	0	0	0	0
7296	ＦＣＣ	1180	1190	1160	1160	17
7297	カーメイト	930	930	900	900	1.8
7298	八千代工	505	510	505	510	5
7299	フジオーゼ	199	200	199	199	4
7301	宮田	162	173	162	170	24
7305	新家工	100	102	100	101	82
7306	丸石自転車	591	680	591	619	327
7308	ツノダ	0	0	0	0	0
7309	シマノ	1957	1976	1909	1976	246.3
7399	ナンシン	285	285	285	285	3
7404	昭和飛	310	330	310	315	25
7407	日本飛行機	214	215	209	210	78
7408	ジャムコ	456	456	456	456	4
7410	横浜鋼業	0	0	0	0	0
7411	成和産業	0	0	0	0	0
7412	アトム	1604	1604	1583	1583	4
7413	創健社	230	250	230	250	6
7414	小野建	800	800	800	800	20
7415	新星堂	281	281	281	281	3
7416	はるやま	600	600	600	600	0.5
7418	ヤマキ	0	0	0	0	0
7419	ノジマ	1400	1450	1340	1400	13.2
7420	佐鳥電機	941	950	940	940	7
7421	カッパクリエ	1890	1990	1890	1950	6
7422	東邦レマック	0	0	0	0	0
7423	フォンテーヌ	960	980	950	960	5.2
7424	ニコニコ堂	210	210	210	210	5
7425	初穂商事	290	335	290	335	19
7426	山大	190	200	190	199	5
7427	エコーＴＤ	1450	1530	1430	1530	11
7428	江戸沢	750	780	750	780	1.5
7429	セイジョー	1600	1650	1600	1620	0.9
7430	サンワドー	480	480	465	470	2.1
7431	ニューフ	0	0	0	0	0
7432	ダルトン	460	460	460	460	1
7433	伯東	3850	3850	3750	3830	44.9
7434	オータケ	0	0	0	0	0
7435	ナ・デックス	531	535	530	530	4
7437	シーアンドエス	4080	4150	4060	4100	86.1
7438	コンドー	476	476	476	476	2.5
7439	サンミック千代田	185	185	185	185	1
7440	クラフト	1080	1080	1010	1010	11
7442	中山福	330	330	325	325	11
7443	横浜魚類	370	370	370	370	1
7444	ハリマ共和	0	0	0	0	0
7445	ライトオン	11500	11500	10800	10800	20.2
7446	東北化学	499	499	480	480	3
7447	ナガイレーベ	2780	2780	2780	2780	0.4
7448	ジンズメイト	2600	2600	2450	2460	15.5
7449	太洋興業	182	182	182	182	1
7450	サンデー	0	0	0	0	0
7451	菱食	4620	4940	4620	4930	57.9
7452	マツヤ	0	0	0	0	0
7453	良品計画	17900	18010	17520	18000	171.8
7454	ホットスパー	230	230	230	230	10
7455	三城	8000	8200	7990	8200	82.2
7456	松田産業	2420	2500	2420	2500	4.5
7457	セキテクノ	544	544	510	510	4
7458	第一興商	3600	3690	3400	3500	34.6
7459	メディセオＨＤ	740	748	722	722	72.5
7460	ヤギ	467	467	467	467	5
7461	キムラ	0	0	0	0	0
7462	ダイヤ通商	0	0	0	0	0
7463	アドヴァン	4800	4990	4650	4790	162.5
7464	セフテック	345	345	336	336	5
7465	ＭＶ北海道	0	0	0	0	0
7466	ＳＰＫ	0	0	0	0	0
7467	萩原電気	0	0	0	0	0
7468	アムスク	1380	1380	1320	1360	6
7470	サロモンメイド	640	640	615	615	7
7471	ふじ	665	665	665	665	9
7472	鳥羽洋行	880	880	880	880	1
7473	静岡スバル	340	340	340	340	1
7474	パオ	610	610	570	570	2
7475	アルビス	425	425	425	425	3
7476	アズワン	1700	1720	1700	1720	7
7477	ムラキ	160	160	160	160	5
7478	ブルーグラス	569	569	569	569	8
7479	サンマルク	3300	3420	3300	3420	27.3
7480	スズデン	500	500	500	500	1
7481	尾家産	0	0	0	0	0
7482	シモジマ	1230	1230	1190	1190	15
7483	ドウシシャ	2150	2150	2070	2150	9
7485	岡谷鋼機	0	0	0	0	0
7486	サンリン	0	0	0	0	0
7487	小津産業	820	820	820	820	0.5
7488	ヤガミ	0	0	0	0	0
7490	日新商	0	0	0	0	0
7491	ＯＡシステム	1110	1140	1110	1140	23
7492	タイカン	430	430	420	430	9
7494	コナカ	681	720	681	700	51.5
7495	レオ	0	0	0	0	0
7496	八千代ムセン	1250	1250	1211	1211	11
7497	マインマート	610	620	601	617	9.9
7498	ジャパン	1800	1810	1760	1760	11
7500	西川計測	490	490	490	490	6
7501	ティムコ	1170	1170	1170	1170	1
7502	プラザクリエ	10200	10200	9600	9600	6.1
7503	ＩＭＩ	1750	1750	1750	1750	2
7504	高速	780	780	780	780	3
7505	扶桑電通	1090	1130	1090	1130	6
7506	ハウスローゼ	855	870	850	860	3.8
7507	浜 勝	0	0	0	0	0
7508	オートセブ	889	889	889	889	1
7509	アイエー	731	751	731	751	6
7510	竹菱電機	0	0	0	0	0
7511	ジプロ	430	430	374	389	6
7512	ポスフール	1346	1346	1306	1316	31.7
7513	コジマ	2700	2800	2700	2770	106.6
7514	ヒマラヤ	720	730	700	700	29.5
7515	マルヨシ	0	0	0	0	0
7516	コーナン	1350	1350	1320	1320	7
7517	黒田電気	4010	4010	3940	3940	25.8
7518	ネットワン	4100000	4100000	3550000	3550000	0.819
7519	五洋インテ	260	260	250	250	2
7520	エコス	1180	1190	1170	1170	4
7521	ムサシ	0	0	0	0	0
7522	ワタミ	8420	8550	8350	8550	31
7523	アールビバン	5300	5400	5300	5400	10.3
7524	マルシェ	1280	1280	1261	1261	4
7527	システムソフ	811	825	810	825	11
7528	安藤薬業公司	500	505	500	505	7
7529	はるやま	0	0	0	0	0
7530	ナブコドア	0	0	0	0	0
7531	清和鋼業	0	0	0	0	0
7532	ドンキホーテ	16400	16990	16200	16830	25.3
7535	グッドマン	3780	3800	3700	3700	11
7536	船橋薬品	950	950	920	920	0.4
7537	丸文	1490	1490	1440	1440	6
7538	大水	475	475	475	475	2
7539	アベルコ	580	580	580	580	2
7540	エルエスフェンス	0	0	0	0	0
7541	メガネトップ	3000	3000	3000	3000	5.5
7542	ビスケーＨＤ	930	930	930	930	4
7543	ミスタージョン	0	0	0	0	0
7544	スリーエフ	1610	1740	1610	1740	5
7545	西松屋チェ	1611	1626	1611	1626	7
7547	オートハローズ	360	360	360	360	3
7548	サンクスＪＰ	1330	1330	1260	1330	11
7549	エス・エス・ブイ	0	0	0	0	0
7550	ゼンショー	1650	1650	1600	1630	18
7551	ウェッズ	0	0	0	0	0
7552	ハピネット	5910	5950	5710	5710	18
7553	サザビー	6600	6650	6500	6500	53
7554	幸楽苑	1210	1210	1200	1200	3
7555	大田花き	470	470	470	470	1
7556	住商エレク	2400	2400	2300	2300	13
7557	サンクス	5770	5780	5540	5590	35.4
7558	トーメンエレ	5220	5220	5100	5200	11
7559	ジーエフシー	828	828	828	828	12
7560	ユニマット	2470	2470	2390	2400	23.4
7561	ハークスレイ	3040	3040	3040	3040	1
7562	安楽亭	1600	1600	1580	1580	6
7563	ニッパン	227	250	227	245	24
7564	ワークマン	0	0	0	0	0
7565	万世電機	0	0	0	0	0
7566	ジャパンケア	2250	2250	2230	2230	8
7567	栄電子	550	560	532	560	10
7569	モンテカルロ	275	275	270	275	4
7570	橋本総業	0	0	0	0	0
7571	ヤマノＨＣ	1050	1050	1000	1040	6
7573	ツルハ	7800	8000	7500	7590	6.3
7574	共信テクノ	2070	2140	2070	2110	23
7575	日本ライフＬ	1650	1690	1650	1690	9.4
7576	ベターライフ	750	750	750	750	1
7577	パスポート	0	0	0	0	0
7578	ニチリョク	780	780	773	773	6
7579	オリジン東	2250	2270	2200	2200	25
7580	フーズネット	0	0	0	0	0
7581	サイゼリヤ	6850	7190	6850	7060	40.5
7582	富デバイス	3040	3040	2970	2970	10
7583	通商	0	0	0	0	0
7584	丸紅インフォ	550	550	550	550	1
7585	かんなん	1060	1060	1060	1060	1
7586	寺島薬局	1990	1990	1990	1990	1
7587	ＰＡＬＴＥＫ	3000	3100	3000	3000	8
7588	シートゥーネット	20500	21000	19500	20700	37.4
7589	デジキューブ	3320000	3320000	3070000	3080000	0.064
7590	タカショー	0	0	0	0	0
7591	エクセル	1850	1940	1820	1900	383
7592	アイ・ユー・ケイ	1170	1200	1170	1200	2
7593	ＶＴＨＤ	0	0	0	0	0
7594	マルカキカイ	394	395	394	395	8
7595	アルゴグラフ	3410	3460	3300	3300	6
7596	魚力	5920	5960	5910	5950	12
7597	東京貴宝	575	575	575	575	16
7598	ナイスクラ	510	515	495	515	8
7599	ガリバー	6200	6200	6200	6200	7
7600	日本ＭＤＭ	4780	4800	4750	4750	19
7601	ポプラ	1730	1750	1700	1700	14
7602	ジャック	23800	24980	23800	24400	7.1
7603	マックハウス	749	749	720	720	11
7604	梅の花	1970000	1970000	1950000	1950000	0.007
7605	フジコーポ	430	435	420	435	6
7606	Ｕアローズ	6970	7200	6970	7180	14
7607	進和	900	900	890	890	2
7608	ＳＫジャパン	621	622	621	622	4
7609	ダイトエレク	2810	2810	2680	2680	14
7610	テイツー	2200000	2250000	2200000	2250000	0.01
7611	ハイデ日高	900	901	900	900	3
7612	コモンウェル	2220	2280	2200	2280	6
7613	シークス	2000	2050	1950	1950	6
7614	オーエムツー	7500	7500	7500	7500	4.9
7615	京都友禅	800000	820000	800000	810000	0.035
7616	コロワイド	3200	3500	3190	3400	25
7617	オオゼキ	5200	5200	5200	5200	1
7618	ＰＣＤＥＰＯ	4690000	4690000	4400000	4590000	0.004
7619	田中商事	0	0	0	0	0
7620	ヤマト硝子	490	500	490	490	9
7621	うかい	1230	1230	1200	1200	4
7622	焼肉サカイ	3050	3090	3000	3000	7
7623	サンオータス	700	711	700	700	6
7624	内藤	650	650	650	650	1
7625	ダイニング	6800	7000	6800	6900	10
7626	ドッドウエル	6100	6600	6000	6000	32
7627	なか卯	1700	1700	1610	1690	11
7628	オーハシテク	980	980	921	940	32
7629	ムラチク	1120	1120	1100	1100	6
7630	壱番屋	1520	1530	1460	1520	112
7631	マクニカ	21690	21690	20000	20000	58
7632	住商メタレックス	501	502	501	501	10
7633	明響社	2460	2500	2340	2400	36
7634	星医療	1800	1800	1770	1800	11
7635	杉田エース	615	630	615	625	32
7636	ハンズマン	1130	1170	1120	1150	20
7637	白 銅	1300	1400	1300	1330	288
7701	島津	560	573	538	542	4498
7702	ＪＭＳ	446	450	430	450	66
7703	川澄化	1086	1110	1086	1100	9
7704	アロカ	1380	1380	1320	1320	51
7705	ジーエル	0	0	0	0	0
7706	セントラユニ	0	0	0	0	0
7711	助川電気	235	235	232	235	5
7713	シグマ光機	699	720	690	690	8
7714	モリテックス	8500	9100	8500	8940	81
7715	長野計器	1900	1970	1900	1970	2
7718	スター精	1800	1800	1772	1788	58
7719	東衡機	120	145	120	145	15
7720	ソキア	140	146	140	144	78
7721	トキメック	165	183	163	179	522
7723	愛時計	268	273	268	268	58
7724	金門	125	125	120	124	42
7726	黒田精	0	0	0	0	0
7727	オーバル	135	150	135	150	5
7728	電産トーソク	1090	1090	1090	1090	3
7729	東京精	11500	11700	10800	11000	206.5
7731	ニコン	3800	3800	3710	3710	2483
7732	トプコン	424	424	414	415	85
7733	オリンパス	1495	1550	1491	1550	773
7734	理計器	360	361	356	357	35
7735	スクリン	640	662	630	659	894
7736	ユニオンＨＤ	149	149	140	140	9
7737	キャビン工業	201	201	190	190	3
7738	チノン	305	310	305	310	4
7739	キヤノン電	1020	1020	943	943	37
7740	タムロン	791	791	720	750	12
7741	ＨＯＹＡ	8860	9100	8850	9100	401
7742	ノリタ光	645	680	645	670	78
7743	シード	498	498	495	498	15
7744	ノーリツ鋼機	3450	3470	3320	3380	30.5
7750	ペンタックス	240	247	238	241	185
7751	キヤノン	4380	4380	4280	4280	3999
7752	リコー	2120	2185	2080	2185	4661
7753	ミノルタ	398	410	398	410	1037
7756	電産コパル	1935	1935	1890	1891	146
7757	三協精	1222	1222	1180	1180	418
7758	セコニック	420	420	415	420	12
7762	シチズン	782	818	775	776	3292
7764	オリエント時計	175	175	174	174	3
7765	リコーエレメ	820	832	810	810	13
7768	ジェコー	502	502	475	494	13
7769	リズム	255	260	248	255	272
7770	ミヨタ	2420	2810	2420	2750	30
7771	日本精密	0	0	0	0	0
7857	セキ	1710	1710	1680	1680	12
7858	小野産業	1700	1750	1690	1730	9
7859	アルメディオ	1850	1850	1810	1810	11
7860	エイベックス	22110	23300	22110	22320	59.3
7861	東京リスマ	1050	1050	1000	1000	7
7862	トッパンフォ	2170	2240	2170	2240	259.3
7864	フジシール	6050	6150	5950	6040	15.6
7865	ピープル	1400	1400	1390	1390	8
7866	アトラス	2400	2580	2300	2350	49.3
7867	トミー	7000	7050	6650	6690	62
7868	広済堂	1100	1120	1100	1100	7.8
7869	日本フォーム	1010	1010	1010	1010	1
7870	福島印刷	0	0	0	0	0
7871	フクビ	505	505	500	500	2
7872	エステール	0	0	0	0	0
7873	アーク	4190	4480	4150	4220	39
7874	スルガ	6680	6680	6100	6390	8
7875	竹田印刷	0	0	0	0	0
7876	三陽PAX	0	0	0	0	0
7877	永大化工	850	850	845	845	7
7878	光彩工芸	0	0	0	0	0
7879	ノダ	490	490	490	490	0.1
7880	南部化成	0	0	0	0	0
7881	ニッソー	98	100	97	97	6
7882	アロン化成	425	425	400	400	51
7883	サンメッセ	1550	1550	1550	1550	4
7884	本間ゴルフ	335	375	330	360	69.6
7885	タカノ	1080	1100	1080	1080	32.3
7886	ヤマト・イン	280	280	280	280	2
7887	南プラ	449	450	449	450	12
7888	三光合成	362	362	362	362	7
7889	桑山	525	525	525	525	1.2
7890	アテナ工業	961	961	940	960	3
7891	日本ユピカ	0	0	0	0	0
7892	宇部日東化成	360	360	355	360	38
7893	亜細亜	1849	1849	1780	1780	8
7895	中央化学	1290	1290	1290	1290	1
7896	セブン工業	434	435	430	430	7
7897	ホクシン	162	162	152	158	38.9
7898	ウッドワン	557	557	527	553	125
7899	オザキ軽化	450	450	445	445	2
7900	大出産業	0	0	0	0	0
7901	マツモト	0	0	0	0	0
7902	ソノコム	950	950	950	950	1
7903	名木材	0	0	0	0	0
7904	天竜木	0	0	0	0	0
7905	大建工	285	295	280	288	270
7906	ヨネックス	380	380	370	370	13
7907	日防腐	485	485	485	485	1
7908	きもと	560	560	560	560	2
7909	シーアイ化	410	410	393	393	59
7910	段谷産業	116	117	112	113	114
7911	凸版	1200	1215	1180	1215	3148
7912	大日印	1705	1705	1660	1683	3113
7913	図書印	220	220	215	220	95
7914	共同印	351	360	351	360	224
7915	日写印	668	668	650	650	130
7916	光村印	249	262	249	262	3
7917	藤森工業	710	710	710	710	3
7918	ヴィアＨＤ	0	0	0	0	0
7919	野崎紙	305	320	301	320	3
7920	三浦印	311	311	311	311	9
7921	宝印刷	1990	2000	1900	1920	22
7922	三光産業	1000	1000	1000	1000	1
7923	トーイン	305	305	305	305	6
7925	前沢化成	1351	1400	1351	1370	20.2
7926	ベルテクノ	299	299	299	299	1
7927	ムトー精工	1770	1800	1750	1780	7
7928	旭化学	0	0	0	0	0
7929	新輝合成	355	355	355	355	1
7931	未来工業	1290	1290	1290	1290	7
7932	ニッピ	410	410	410	410	1
7933	ファイリング	400	400	400	400	1
7934	メルクス	75	75	73	75	15
7935	コンビ	1250	1260	1250	1250	11
7936	アシックス	120	120	114	116	426
7937	ツツミ	2520	2760	2520	2600	37.1
7938	リーガル	182	182	180	180	15
7939	研創	380	380	380	380	2
7940	ウェーブＨＤ	236	240	230	230	6
7942	ＪＳＰ	860	899	860	899	13
7943	ニチハ	803	807	780	780	55
7944	ローランド	1900	1900	1880	1890	23.8
7945	コマニー	459	459	459	459	3
7946	光陽社	0	0	0	0	0
7947	エフピコ	3990	4000	3900	3940	37.9
7948	ＡＷ・エモト	160	160	150	150	10
7949	小松ウオール	857	907	857	907	9.5
7950	日デコラ	490	490	480	480	2
7951	ヤマハ	812	812	793	808	2075
7952	河合楽	163	166	160	161	89
7953	菊水化	550	550	550	550	8
7954	ジャレコ	475	485	450	480	25
7955	クリナップ	500	500	485	489	116
7956	ピジョン	1330	1330	1260	1290	50.7
7957	フジコピアン	200	201	199	201	5
7958	天馬	1111	1120	1111	1115	54
7959	オリバー	1000	1000	1000	1000	5
7960	パラマウント	9900	10000	9800	9840	73.2
7961	兼松日産農	215	215	189	195	82
7962	キングジム	700	700	665	665	6
7963	興研	535	535	535	535	5
7964	セガ	2410	2450	2270	2270	896.1
7965	象印	520	520	520	520	12
7966	リンテック	922	928	896	910	268
7967	バンダイ	3870	3950	3850	3860	143
7968	田崎真珠	440	440	427	430	56
7969	タカラ	0	0	0	0	0
7970	信越ポリ	616	618	600	600	149
7971	東リ	221	221	192	192	164
7972	イトーキ	430	430	420	420	157
7973	ホウトク	114	114	101	101	10
7974	任天堂	20900	20900	18780	19100	362.9
7975	リヒトラブ	0	0	0	0	0
7976	菱鉛筆	727	727	725	725	54
7977	フランスベッド	510	520	500	518	165
7979	松風	850	855	850	855	5
7980	重松製	240	245	240	240	4
7981	タカラスタ	390	400	386	400	666
7983	ミロク	167	167	166	166	4
7984	コクヨ	1119	1135	1110	1135	353
7985	ネポン	320	320	320	320	1
7986	キング工	208	230	207	220	72
7987	ナカバヤシ	366	368	355	355	245
7988	ニフコ	1020	1060	1020	1030	258
7989	ブラインド	890	890	890	890	0.5
7990	ダイワ精	144	145	140	145	311
7991	マミヤＯＰ	414	415	401	411	175
7992	セーラー	2170	2170	2030	2050	247
7993	サンウエブ	202	202	190	190	78
7994	岡村製	271	279	271	275	298
7995	バルカー	194	194	185	188	521
7996	パイロット	385	390	381	390	43
7997	くろ工	0	0	0	0	0
7998	高島屋工作	0	0	0	0	0
7999	武藤工	450	450	405	405	142
8000	カイゲン	0	0	0	0	0
8001	伊藤忠	545	549	535	544	5785
8002	丸紅	380	383	375	380	9122
8003	トーメン	64	64	60	63	3264
8004	ニチメン	109	110	108	110	832
8005	ムトウ	645	645	620	630	55
8006	ユアサフナ	177	179	177	179	19
8007	高島	110	110	109	110	76
8008	アスティ	0	0	0	0	0
8010	新興産業	118	118	118	118	10
8011	三陽商	298	299	288	299	201
8012	長瀬産	361	369	361	368	828
8013	ナイガイ	97	97	87	88	157
8014	蝶理	106	109	105	109	120
8015	豊田通商	307	319	306	319	543
8016	オンワード	1036	1065	1030	1063	686
8017	阪急共栄物産	0	0	0	0	0
8018	三共興	270	275	270	270	74
8019	市田	63	65	61	62	148
8020	兼松	65	65	60	60	1026
8021	レナウン	139	140	128	130	1755
8022	ミズノ	252	257	250	253	375
8023	大興電子	690	690	685	685	2
8024	シルバーＯＸ	461	463	440	445	73
8025	ツカモトＣ	158	162	158	160	40
8027	ルシアン	85	115	85	115	206
8028	ファミリーＭ	4550	4900	4550	4890	353.5
8029	ルック	178	178	175	176	50
8030	中央魚	184	184	184	184	2
8031	三井物	800	800	776	786	5319
8032	紙パ商	368	368	355	358	190
8033	ジーネット	71	85	71	85	18
8035	東エレク	16050	16250	15820	16250	973
8036	日立ハイテク	1266	1289	1222	1222	155
8037	カメイ	512	522	512	516	57
8038	東都水	390	390	375	376	104
8039	築地魚	162	163	162	163	12
8040	東ソワール	0	0	0	0	0
8041	魚市場	344	344	330	330	35
8042	マタイ	209	209	202	209	46
8043	スターゼン	228	228	208	210	138
8044	大都魚	147	147	143	143	5
8045	浜丸魚	489	489	489	489	1
8046	丸藤パ	160	160	156	156	10
8047	デジ・ネット	4200	4200	4200	4200	2
8048	シャディ	2385	2385	2260	2350	33.2
8049	ＥＩＥ	500	510	480	490	44
8050	セイコー	506	539	506	539	134
8051	山善	132	132	129	130	153
8052	椿本興	175	175	165	169	54
8053	住友商	1380	1385	1330	1357	7022
8056	ユニシス	2620	2660	2570	2610	658
8057	内田洋	495	495	485	485	174
8058	三菱商	853	880	835	869	5003
8059	第一実	191	191	161	169	95
8060	キヤノン販	1380	1394	1380	1394	433
8061	西華産	200	200	187	187	1916
8063	日商岩井	92	95	90	95	4322
8064	金商	82	82	80	82	48
8065	佐藤商	364	364	351	351	22
8066	三谷商	0	0	0	0	0
8067	トミヤアパ	350	350	347	347	28
8068	菱洋エレク	1468	1500	1468	1487	123
8069	加  商	401	415	386	397	89
8070	東京産	304	308	302	308	41.5
8071	東海物産	380	385	380	385	4
8072	出版貿	0	0	0	0	0
8073	Ｔ・ＺＯＮＥ	678	700	675	675	13
8074	ユアサ商	130	130	125	129	260
8075	神鋼商	165	170	163	169	106
8076	カノークス	75	76	75	75	12
8077	小林産	185	185	185	185	1
8078	阪和興	120	122	114	118	1101
8079	正栄食	430	430	430	430	2
8080	ジョイス	0	0	0	0	0
8081	カナデン	452	460	450	455	111
8083	サンテレ	330	330	326	326	54
8084	菱電商	370	378	360	377	117
8085	ナラサキ産業	170	171	170	171	11
8086	ニプロ	885	885	860	860	89
8087	フルサト	0	0	0	0	0
8088	岩谷産	215	217	202	217	2119
8089	ナイス	180	207	180	195	1932
8090	昭光通商	125	126	124	125	228
8091	ニチモウ	145	145	138	145	89
8092	富士通シス	4000	4030	3940	3990	69.8
8093	極東貿易	1140	1160	1090	1090	129
8095	イワキ	240	240	237	237	6
8096	兼松エレク	480	480	465	465	40
8097	三愛石	297	299	287	299	136
8098	稲畑産	519	530	518	518	133
8100	藤井	74	78	74	78	64
8101	ＧＳＩクレ	97	97	96	97	140
8103	明和産	95	100	95	100	74
8105	丸正	221	221	196	206	82
8107	キムラタン	70	73	70	70	34
8109	山洋工	100	100	100	100	1
8110	川鉄商事	117	117	112	115	161
8111	ゴルドウイン	125	128	123	128	52
8112	東スタイル	863	880	855	880	286
8113	ユニチャーム	6200	6710	6200	6500	312.8
8114	デサント	193	193	186	190	147
8115	ムーンバット	115	125	115	125	13
8116	ダーバン	333	344	324	329	342
8117	中央自	260	262	250	250	11
8118	キング	140	140	140	140	11
8119	三栄コ	730	730	670	670	15
8120	大木	0	0	0	0	0
8123	川辺	120	120	120	120	5
8125	ワキタ	270	283	269	283	25
8126	三光純薬	295	295	295	295	2
8127	ヤマトインタ	130	132	130	132	8
8128	エフワン	65	70	65	70	11
8129	東邦薬	360	360	358	358	3
8130	サンゲツ	1619	1620	1601	1614	85
8131	ミツウロコ	560	560	551	560	108
8132	シナネン	386	390	385	390	121
8133	伊藤忠エネ	319	324	314	324	218
8134	ＴＯＫＡＩ	1154	1255	1130	1200	1633
8135	ゼット	0	0	0	0	0
8136	サンリオ	3950	3950	3850	3880	247
8137	サンワテク	0	0	0	0	0
8138	三京化	270	271	255	255	11
8139	ナガホリ	221	222	221	222	3
8140	リョーサン	1800	1815	1780	1811	184
8141	新光商	850	850	810	810	69
8142	トーホー	790	790	780	780	8
8143	ラピーヌ	83	85	83	83	15
8144	電響社	0	0	0	0	0
8145	中部水産	390	400	390	400	8
8146	小杉産	150	150	141	141	5
8147	トミタ	160	160	160	160	6
8148	上原成	275	279	260	279	10
8150	三信電	650	660	650	651	89
8151	東陽テク	2460	2540	2400	2400	63
8152	ソマール	232	232	231	231	3
8153	モスフード	1000	1030	999	1030	178
8154	加賀電子	1400	1400	1301	1301	69
8155	三益半導	1980	2020	1951	1951	79.7
8156	ガステック	590	590	571	571	44
8157	都築電	590	595	556	556	14
8158	ソーダニッカ	187	187	178	178	40
8159	立花エレ	602	604	602	604	4
8160	木曽路	1095	1098	1090	1090	4
8161	エイデン	919	919	891	900	69
8163	サトＲＳ	677	681	676	680	6
8164	キャビン	110	115	110	114	94
8165	千趣会	1400	1400	1390	1400	108
8166	タカキュー	260	269	260	269	333.5
8167	丸久	0	0	0	0	0
8168	ケーヨー	378	378	358	363	126.6
8169	宝船	340	415	340	371	56
8170	アデランス	2955	2960	2860	2900	160.5
8171	ＭＶ中部	0	0	0	0	0
8172	第一家庭電器	63	63	59	59	393
8173	上新電	289	295	280	295	95
8174	日ガス	594	594	574	575	68
8175	ベスト電	650	680	650	672	157
8176	西洋フードシス	396	396	380	383	127
8178	マルエツ	305	305	300	302	168
8179	ロイヤルＨＤ	835	887	835	850	205
8180	すかいらく	2700	2730	2650	2695	323
8181	東天紅	1080	1150	1080	1130	70
8182	いなげや	810	810	786	805	67
8183	セブン−イレブン	10520	11100	10520	11050	1718
8184	島忠	1124	1137	1115	1136	140.6
8185	チヨダ	525	525	522	524	7.4
8186	大塚家具	26800	26800	26000	26100	9.3
8188	ヨークベニ	2040	2065	2040	2040	118.8
8189	マツヤデンキ	300	310	300	310	76
8190	ヤマナカ	1780	1780	1780	1780	1.3
8191	光製作	580	600	580	600	2
8192	中川無線	97	99	95	95	7
8193	鈴丹	142	142	128	130	121
8194	ライフコーポ	600	600	576	580	69
8195	デニーズジャパン	1850	1850	1840	1846	92
8196	カスミ	456	456	451	451	81
8197	東急ストア	289	289	270	271	121
8199	デオデオ	950	951	948	950	248.1
8200	リンガハット	1089	1089	1050	1050	22.5
8201	さが美	224	225	219	224	57
8202	ラオックス	550	550	530	530	24
8203	ＭｒＭａｘ	339	339	306	306	64.1
8204	ジョナサン	1250	1250	1240	1240	6
8205	シャクリー	0	0	0	0	0
8206	アポロイン	0	0	0	0	0
8207	テンアライド	422	432	422	425	58.7
8208	エンチョー	535	570	535	570	5
8209	フレンドリ	460	460	460	460	1
8210	フットワーク	222	225	222	222	19
8211	相鉄ローゼ	517	559	517	556	40
8212	オーク	183	183	170	170	22
8213	トステムビバ	324	324	310	310	79
8214	アオキインタ	348	348	333	334	57
8215	銀座山形屋	275	275	247	247	3
8216	フォルクス	500	500	500	500	4
8217	オークワ	930	930	930	930	6
8218	コメリ	3480	3480	3280	3470	112.4
8219	青山商	1470	1505	1470	1489	142
8225	タカチホ	0	0	0	0	0
8226	理経	625	632	620	620	50
8227	しまむら	10480	11280	10480	11100	96.7
8228	マルイチ	0	0	0	0	0
8229	ＣＦＳコーポ	890	890	860	860	31
8230	はせがわ	285	309	285	305	20
8231	三越	378	378	360	360	3633
8232	東急百貨店	99	99	89	96	2580
8233	高島屋	693	730	693	730	911
8234	大丸	323	346	323	336	587
8235	松坂屋	238	250	238	241	371
8236	丸善	263	271	258	263	2053
8237	松屋	370	370	370	370	59
8238	伊勢丹	859	859	849	849	777
8239	横浜松坂屋	80	80	78	78	25
8240	サッポロライオン	581	581	580	580	9
8241	阪神百貨店	0	0	0	0	0
8242	阪急百	420	441	420	432	349
8243	そごう	78	82	75	76	889
8244	近鉄百貨店	138	138	135	135	5
8245	丸栄	210	210	200	200	57
8247	大和	205	205	200	200	8
8248	ニッセン	490	495	480	480	38.3
8249	東洋物	700	700	700	700	1
8250	小松ストアー	0	0	0	0	0
8251	パルコ	285	290	270	274	162
8252	丸井	1600	1603	1503	1531	3433
8253	クレセゾン	1730	1730	1636	1688	580.9
8254	さいか屋	450	450	450	450	1
8255	原信	955	965	955	965	9
8256	プロルート	205	210	205	205	5
8257	山陽百	0	0	0	0	0
8258	ＯＭＣカード	400	400	390	398	350
8259	十字屋	63	78	63	75	713
8260	井筒屋	184	189	184	189	370
8261	ｼ鉄百貨店	255	255	255	255	3
8262	長崎屋	4	4	3	3	1426
8263	ダイエー	345	360	345	360	1460
8264	イトーヨーカ堂	6700	6850	6500	6840	1052
8265	壽屋	137	137	137	137	33
8266	イズミヤ	582	630	582	609	154
8267	イオン	1420	1434	1416	1430	1021
8268	西友	205	215	205	210	1233
8269	マイカル	360	360	339	345	1378
8270	ユニー	770	781	759	770	805
8273	イズミ	467	467	463	465	107
8274	東武ストア	217	217	198	200	150
8275	フォーバル	3310	3490	3310	3310	20.2
8276	平和堂	565	567	562	564	133
8278	フジ	1970	1970	1921	1934	33
8279	ヤオコー	1387	1400	1380	1386	27.9
8280	富士冷機	417	419	414	419	114
8281	ゼビオ	1522	1570	1522	1562	133.5
8282	ギガスケーズ	2100	2110	2010	2010	32.8
8283	パルタック	430	435	405	405	50
8285	三谷産業	0	0	0	0	0
8286	藍  屋	1550	1550	1550	1550	2
8287	ＭＶ西日本	1021	1021	1021	1021	3
8289	オリンピック	2200	2210	2200	2210	1.6
8290	デンコードー	720	720	720	720	1
8291	東日カーライフ	188	193	188	192	46
8292	東いすず	0	0	0	0	0
8293	愛トヨ	859	859	859	859	7
8295	キャノンシステム	626	626	600	600	5
8298	ファミリー	280	280	280	280	1
8299	大栄太源	0	0	0	0	0
8301	日銀	90000	90000	87000	87100	0.9
8302	興業銀行	911	925	890	913	11670
8311	第一勧銀	906	921	888	904	9680
8314	さくら銀行	680	680	646	659	20759
8315	東京三菱銀	1480	1480	1436	1465	15344
8317	富士銀行	965	965	903	940	13435
8318	三井住友銀行	1376	1376	1328	1339	10875
8319	大和銀行	283	294	276	285	6711
8320	三和銀行	1119	1145	1062	1088	16918
8321	東海銀行	620	657	588	630	6901
8322	あさひ銀行	627	629	557	600	11043
8324	第四銀	380	394	380	394	530
8325	北越銀	269	275	268	275	375
8326	福岡銀	588	610	588	600	1039
8327	西日本シティ銀	380	385	375	375	609
8331	千葉銀	425	441	425	438	1674
8332	横浜銀	389	389	375	385	1983
8333	常陽銀	385	395	379	385	1737
8334	群馬銀	586	586	564	573	927
8335	足利銀行	202	204	200	204	685
8336	武蔵銀	4540	4550	4450	4540	29.3
8337	千葉興	1140	1161	1081	1082	67.9
8338	関東つくば銀	1480	1499	1420	1496	18.8
8339	都民銀	3330	3350	3280	3350	53.9
8341	七十七	802	808	800	808	578
8342	青森銀	455	460	445	455	282
8343	秋田銀	418	427	418	427	301
8344	山形銀	530	530	529	530	189
8345	岩手銀	3560	3600	3500	3580	33.6
8346	東邦銀	387	390	385	390	414
8349	東北銀	218	220	218	220	30
8350	みちのく銀	608	610	607	610	205
8353	北海道銀行	152	152	147	152	564
8355	静岡銀	905	912	888	898	1414
8356	十六銀	452	470	452	470	470
8357	北陸銀行	252	253	245	253	911
8358	スルガ銀	1709	1709	1660	1680	511
8359	八十二	591	602	580	588	893
8360	山梨銀	388	395	387	395	296
8361	大垣共立	525	529	524	529	342
8362	福井銀	263	290	263	290	451
8363	北国銀	388	398	388	392	648
8364	清水銀	3780	4000	3780	4000	15.7
8365	富山銀	0	0	0	0	0
8366	滋賀銀	533	540	525	540	340
8367	南都銀	599	600	586	595	39
8368	百五銀	450	455	448	450	347
8369	京都銀	489	523	489	523	556
8370	紀陽銀	242	247	241	244	327
8371	近畿大阪銀	225	225	222	222	296
8372	泉州銀	371	371	371	371	5
8374	三重銀	555	555	508	513	196
8375	池田銀	5710	5720	5330	5330	22.1
8379	広島銀	401	412	401	412	1197
8380	山口銀	694	704	685	704	473
8381	山陰合銀	570	590	570	590	358
8382	中国銀	852	878	852	878	522
8383	鳥取銀	360	364	360	364	29
8385	伊予銀	636	639	633	639	376
8386	百十四	613	627	613	627	381
8387	四国銀	596	599	590	599	281
8388	阿波銀	494	510	494	510	321
8390	鹿児銀	401	438	395	438	290
8391	親和銀行	314	320	314	320	230
8392	大分銀	515	515	505	515	238
8393	宮崎銀	360	360	345	350	183
8394	肥後銀	400	421	400	418	370
8395	佐賀銀	325	333	325	333	314
8396	十八銀	330	340	330	336	273
8397	沖縄銀	2500	2510	2480	2480	11.7
8399	琉球銀	1400	1400	1320	1360	31.5
8401	三井信託	179	183	175	177	10952
8402	三菱信託	985	985	930	956	9037
8403	住友信	790	800	735	755	11285
8404	みずほ信託銀	153	158	144	147	6791
8405	日本信託	171	178	168	173	1026
8407	東洋信託	355	358	337	340	2504
8408	中央三井信	607	614	601	608	473
8489	アプレック	635	655	635	635	8
8493	インター	1940	2060	1820	2060	10.9
8507	学研クレジット	760	760	740	740	10
8508	イッコー	760	810	753	800	44
8511	日証金	770	770	740	755	2119
8512	大証金	352	358	336	336	76
8513	中証金	0	0	0	0	0
8515	アイフル	17490	17490	17000	17260	268.45
8518	アジア投資	980	980	895	901	720
8519	ポケットＣ	3300	3300	3060	3140	47.2
8520	殖産銀行	393	393	393	393	10
8521	長野銀	460	460	450	453	103
8522	名古屋銀	630	630	591	610	234
8523	近畿銀行	338	339	335	339	264
8524	北洋銀行	550	550	536	550	344
8527	愛知銀	7000	7200	7000	7200	12.2
8528	岐阜銀	0	0	0	0	0
8529	第三銀	455	455	450	450	238
8530	中京銀	416	420	415	420	148
8533	広島総合銀行	425	425	410	410	246
8536	東日銀	645	645	641	645	209
8537	大光銀	240	250	240	250	8
8539	福岡シティ銀	462	482	462	482	300
8541	愛媛銀	421	425	415	425	156
8542	トマト銀	490	490	490	490	62
8543	みなと銀	198	230	198	210	159
8544	京葉銀	310	315	310	310	480
8545	関西アーバン	208	208	190	190	87
8548	九州銀行	326	326	304	326	240
8549	せとうち銀行	0	0	0	0	0
8550	栃木銀	660	660	649	649	67
8551	北日銀	5200	5200	5050	5050	12
8552	びわこ銀	327	327	327	327	4
8556	香川銀	570	570	570	570	86
8558	東和銀	440	440	429	434	231
8561	徳島銀	790	790	778	785	86
8562	福島銀	356	360	355	360	90
8563	大東銀	335	335	334	334	98
8564	武富士	10750	11200	10690	10960	433.3
8565	三洋クレ	4270	4270	4050	4110	62.7
8566	リコーリース	2890	2950	2880	2890	21
8567	クレディア	2050	2050	1992	1999	63.3
8568	シンキ	2255	2320	2255	2300	27.9
8569	ユニココーポ	0	0	0	0	0
8570	イオンクレ	5180	5220	5130	5210	193
8571	ニッシン	5680	5680	5200	5350	22.1
8572	アコム	10600	10600	10060	10350	481.2
8573	三洋信販	3200	3280	3200	3260	103.9
8574	プロミス	7380	7490	7000	7170	263.9
8577	ロプロ	1901	1905	1830	1837	246
8579	東京リース	570	570	570	570	17
8580	ファーストクレジット	395	408	360	365	549
8582	日貿信	66	67	63	66	274
8583	日信販	269	270	255	261	2332
8584	ジャックス	343	352	342	347	395
8585	オリコ	450	450	420	431	1101
8586	日立キャピ	1649	1700	1641	1679	312.8
8587	ライフ	275	275	251	251	123
8588	セントラル	314	317	309	316	147
8589	アプラス	130	135	130	130	112
8591	オリックス	17450	17700	17250	17700	261.2
8592	住商リース	1200	1250	1171	1201	54
8593	ダイヤリース	1690	1700	1600	1630	199
8595	ジャフコ	30500	31500	29200	29200	330
8597	ＳＦＣＧ	14600	15100	14490	14490	138.29
8599	ＵＦＪセント	0	0	0	0	0
8601	大和証Ｇ	1700	1720	1686	1699	8103
8603	日興コーデ	1478	1479	1438	1450	5501
8604	野村ＨＤ	3130	3210	3090	3120	12945
8606	新光	600	604	580	593	3491
8607	みずほイン証	279	286	273	277	2436
8608	和光証券	610	610	591	600	1567
8609	岡三ＨＤ	980	997	975	989	684
8610	さくらフレンド	340	343	335	340	708
8611	コスモ証	333	340	321	328	830
8612	第一証券	200	203	197	199	1473
8613	丸三	836	840	810	811	345
8614	東洋	450	466	448	461	599
8615	三菱証	1730	1756	1730	1748	506
8616	東海東京	445	465	443	450	951
8617	光世	371	380	369	369	482
8618	太平洋証	263	270	258	263	990
8620	東海丸万	760	760	755	760	195
8621	ＵＦＪつばさ証券	703	730	703	720	287
8622	水戸	425	425	407	407	144
8623	ＳＭＢＣ証	400	400	390	390	123
8624	いちよし証	1111	1130	1091	1092	179
8625	高木	445	445	420	431	50
8691	証券代	0	0	0	0	0
8692	だいこう	430	430	430	430	1
8742	小林洋行	1700	1700	1700	1700	1
8743	ひまわり証	280	280	280	280	1
8744	日本ユニコム	1010	1040	1010	1030	8
8745	グローバリー	1420	1470	1420	1430	11
8746	第一商品	336	336	336	336	1
8747	豊商事	519	519	500	500	5
8748	岡藤商事	0	0	0	0	0
8749	エース交易	360	375	360	364	24
8751	東京海上火災	1170	1170	1103	1127	4691
8752	三井住友海上	481	481	469	470	3027
8753	住友海上火災	500	509	499	502	2425
8754	日本興亜	261	268	257	261	928
8755	損害保険Ｊ	457	457	440	447	3546
8756	日産火災海上	270	285	270	285	382
8757	日新火	264	264	258	264	255
8758	千代田火災	306	306	285	290	711
8759	ニッセイ同和	269	275	260	275	448
8760	日動火災海上	450	458	450	458	790
8761	あいおい損保	295	299	292	297	1233
8762	興亜火災	231	242	230	231	1548
8763	富士火	206	216	206	216	433
8764	太陽火災	0	0	0	0	0
8765	大成火災海上	203	218	203	215	194
8801	三井不	970	973	940	970	6894
8802	菱地所	997	1008	990	995	4213
8803	平和不	288	288	267	275	2024.5
8804	東建物	179	195	178	193	501
8805	中央地	126	130	125	125	52
8806	ダイビル	595	596	589	592	107
8809	サンケビル	355	355	345	345	76
8810	港振興	0	0	0	0	0
8815	東急不	95	106	95	105	1423
8817	阪急不動産	351	352	350	352	9
8818	京阪神不	256	260	255	256	211
8821	立飛企	2500	2500	2405	2405	2
8826	エルカク	1	2	1	1	547
8829	大和団地	210	219	210	219	172
8830	住友不	307	320	307	317	2338
8832	小田急不	170	170	167	169	44
8833	東宝不	410	410	396	400	65
8834	藤和不	60	61	59	60	285
8835	太平発	118	118	111	116	92
8836	ヒューネット	755	819	714	811	4178
8838	有楽地	98	98	96	96	9
8839	ニチモ	73	75	73	73	218
8840	大京	245	245	240	240	502
8841	テーオーシー	603	603	590	590	133
8842	楽天地	330	330	315	329	83
8844	リクコスモス	530	550	510	540	36
8845	セザール	240	240	210	229	224
8846	積和不動産	440	440	430	430	2
8848	レオパレス	385	388	383	386	62
8850	スターツ	500	500	500	500	2
8851	アバンライフ	0	0	0	0	0
8852	積和不動関西	340	340	332	332	4
8853	ダイヤシティ	310	310	310	310	1
8854	日住	261	261	252	252	7
8855	全日空ビル	110	110	110	110	17
8857	三井不動販売	408	443	408	443	148
8858	ダイア建	217	217	212	215	22
8860	フジ住	430	435	426	426	13
8863	積和不動中部	0	0	0	0	0
8864	空港施設	500	501	500	500	76
8865	神鋼興産	252	252	252	252	1
8866	コマーシャル	451	455	450	450	8
8867	横浜地下街	0	0	0	0	0
8868	ＵＲＢＡＮ	8190	8280	7510	7510	31
8869	明和地所	2290	2450	2290	2360	53.6
8870	住不販売	2630	2650	2570	2600	8.8
8871	ゴールドクレ	10200	10800	10200	10750	28
8872	エイブル	6800	7000	6800	7000	12
8873	積和不動中国	670	670	670	670	1
8874	ジョイント	3510	3560	3380	3380	40
8875	東栄住宅	1900	1900	1800	1800	4
8876	リロＨＤ	9300	9300	9300	9300	1
8877	エスリード	2750	2750	2750	2750	1
8878	日綜地所	1550	1550	1550	1550	1
8879	東急リバブル	506	530	506	530	8
8880	飯田産業	1800	1800	1760	1780	11
9001	東武	276	289	274	289	4926
9002	西武鉄道	1415	1475	1415	1436	491
9003	相鉄	282	282	273	278	943
9004	箱根登山鉄道	299	310	290	310	51
9005	東急	461	491	442	479	22908
9006	京急	397	399	392	398	2487
9007	小田急	339	357	331	344	3689
9008	京王	357	362	350	355	3978
9009	京成	294	294	282	289	2194
9010	富士急	315	330	315	330	120
9012	秩父鉄	0	0	0	0	0
9013	伊豆箱根鉄道	0	0	0	0	0
9014	新京成	300	300	300	300	2
9017	新潟交	0	0	0	0	0
9019	伊豆急行	2600	2750	2600	2750	1.3
9020	ＪＲ東日本	500000	515000	490000	500000	8.802
9021	ＪＲ西日本	370000	374000	361000	374000	4.926
9022	ＪＲ東海	681000	699000	681000	699000	2.591
9031	西鉄	241	255	241	253	494
9033	広電鉄	0	0	0	0	0
9036	東部ネット	570	570	555	555	3
9037	ハマキョウ	0	0	0	0	0
9038	東海西濃	0	0	0	0	0
9039	サカイ引越	2595	2595	2500	2520	9.4
9040	大宝運輸	0	0	0	0	0
9041	近鉄	417	430	417	430	2350
9042	阪急ＨＤ	340	343	340	342	1834
9043	阪神	315	315	305	310	483
9044	南海電	443	443	439	439	70
9045	京阪電	357	358	355	355	128
9046	神電鉄	430	430	430	430	14
9047	名糖運輸	1461	1461	1431	1461	5
9048	名鉄	300	306	299	306	1254
9049	京福電	170	170	170	170	3
9050	三重交	0	0	0	0	0
9051	センコン物流	0	0	0	0	0
9052	山陽電	290	290	290	290	12
9053	中央運輸	0	0	0	0	0
9054	大和物流	540	550	535	550	5
9055	アルプス物流	455	460	450	455	27
9056	ヒューテック	0	0	0	0	0
9057	遠州トラック	0	0	0	0	0
9058	トランコム	1170	1170	1120	1140	54
9059	カンダ	280	280	280	280	1
9060	日ロジテム	0	0	0	0	0
9061	富士物流	0	0	0	0	0
9062	日通	723	723	692	702	4666
9063	岡県運送	0	0	0	0	0
9064	ヤマト運	2685	2700	2615	2635	1706
9065	山九	136	136	127	127	2359
9066	日新	158	159	156	157	262
9067	丸運	245	249	244	249	35
9068	丸全運	190	190	180	180	159
9069	センコー	225	225	223	223	135
9070	トナミ	192	199	190	199	219
9072	日梱包	531	560	530	541	85
9073	京極運	0	0	0	0	0
9074	日石輸	170	170	167	167	66
9075	福山運	658	668	650	668	527
9076	西濃運	513	513	512	513	325
9077	名鉄運	295	295	295	295	1
9078	エスライン	0	0	0	0	0
9079	東急ロジ	0	0	0	0	0
9080	関東西濃	0	0	0	0	0
9081	神奈交	450	455	447	450	70
9082	大和自	0	0	0	0	0
9083	神姫バ	0	0	0	0	0
9086	日立物流	536	536	525	532	219
9087	タカセ	0	0	0	0	0
9088	濃飛西濃	0	0	0	0	0
9089	ロジパル	390	400	390	400	2
9101	郵船	399	399	389	394	4207
9104	商船三井	174	179	173	179	5546
9107	川崎汽	159	159	152	155	3583
9110	新和海	57	60	56	60	216
9113	乾汽船	74	74	74	74	33
9114	日之出汽船	43	46	43	46	3
9115	明治海	160	160	150	157	53
9119	飯野海	160	160	150	150	538
9123	太平海	54	54	53	53	60
9127	玉井船	45	45	45	45	4
9130	共栄タ	108	110	108	110	45
9132	第一汽	53	53	50	53	328
9133	東栄リーファ	0	0	0	0	0
9151	東京船舶	90	90	86	86	7
9152	関西汽	60	60	58	58	162
9171	栗林船	240	240	219	220	38
9173	東海汽	335	335	335	335	1
9174	ワンダーＴ	232	265	232	265	37
9176	佐渡汽	0	0	0	0	0
9178	日鉄物流	375	375	375	375	3
9179	川崎近海	186	186	186	186	1
9180	新和内航	200	200	200	200	2
9193	東京汽	325	325	321	321	10
9201	日本航空	246	253	242	246	5960
9202	ＡＮＡ	237	257	228	255	5990
9203	日本エアシス	3840	3850	3840	3850	1.5
9231	国際航	650	650	629	629	48
9232	パスコ	572	572	530	540	117
9233	アジア航	380	380	370	370	21
9301	三菱倉	829	845	815	815	2041
9302	三井倉	261	265	259	265	2002
9303	住友倉	273	276	270	270	565
9304	渋沢倉	270	270	256	268	177
9305	ヤマタネ	110	110	100	109	234
9306	東陽倉	245	245	243	245	40
9307	杉村倉	0	0	0	0	0
9308	イヌイ建	370	370	370	370	41
9309	京神倉庫	0	0	0	0	0
9310	トランシティ	202	202	199	199	70
9311	アサガミ	208	250	208	250	6
9312	ケイヒン	154	154	141	147	149
9313	丸八倉	0	0	0	0	0
9314	品川倉	0	0	0	0	0
9317	オーナミ	0	0	0	0	0
9318	Ｊブリッジ	285	285	285	285	5
9319	中央倉	520	521	520	520	15
9320	三和倉	152	152	152	152	1
9321	アイロジステ	197	197	167	194	41
9322	川西倉	0	0	0	0	0
9323	ロジステック	0	0	0	0	0
9324	安田倉	350	354	350	352	10
9351	洋埠頭	128	138	128	136	211
9353	桜島埠	170	170	170	170	1
9355	リンコー	142	155	142	145	16
9357	名港海	341	341	340	340	4
9358	宇徳運	130	130	117	121	33
9359	伊勢湾	249	250	249	250	2
9360	鈴与シンワ	0	0	0	0	0
9361	伏木運	0	0	0	0	0
9362	兵機海	0	0	0	0	0
9363	大運	57	57	57	57	1
9364	上組	444	464	444	464	593
9365	トレーディア	90	90	90	90	4
9366	サンリツ	791	800	791	792	3.4
9367	大東港運	133	133	133	133	5
9368	キムラユニテ	715	715	715	715	5
9369	キユソ流通	1700	1700	1700	1700	1
9370	郵船航空	2900	2900	2780	2800	4.2
9373	ニッコウトラ	2100	2100	2100	2100	2
9401	ＴＢＳ	4610	4750	4200	4260	460
9402	ＣＢＣ	980	1100	980	1100	5.1
9404	日テレ	141000	149000	135000	137000	71.56
9405	朝日放	11580	11590	11400	11580	1
9408	新潟放	780	780	780	780	0.7
9431	ＫＤＤ	9300	9400	9130	9270	486
9432	ＮＴＴ	1480000	1480000	1410000	1430000	30.412
9433	ＫＤＤＩ	892000	903000	885000	898000	13.249
9434	ボーダフォン	5010000	5330000	5010000	5300000	1.248
9435	光通信	120000	131000	94000	94000	594.7
9436	沖縄セルラー	920000	920000	840000	875000	0.064
9437	ＮＴＴドコモ	4030000	4060000	3820000	3880000	24.621
9438	ＭＴＩ	7300000	7300000	6710000	7300000	0.764
9439	ビーアイジー	14000000	14000000	12500000	13100000	0.018
9449	ＧＭＯインター	64500	65000	62500	62500	14
9470	学研	253	264	253	260	366
9471	文渓堂	0	0	0	0	0
9472	エスコム	670	670	630	659	188
9473	アスキー	3490	3500	3060	3060	85
9474	ゼンリン	3250	3300	3160	3210	85.2
9475	昭文社	6930	7050	6700	6750	120.2
9476	中央経済	0	0	0	0	0
9477	角川ＨＤ	35500	35800	34000	34000	21.1
9478	翔泳社	14300000	15500000	14000000	14500000	0.046
9501	東電	2450	2450	2400	2445	2616.4
9502	中部電	1601	1630	1580	1630	1208.8
9503	関西電	1560	1580	1560	1580	2059.7
9504	中国電	1330	1350	1325	1350	519.6
9505	北陸電	1330	1365	1330	1365	268.1
9506	東北電	1301	1319	1298	1319	1149.7
9507	四国電	1308	1329	1300	1325	443.5
9508	九州電	1285	1307	1285	1307	962.4
9509	北海電	1280	1300	1280	1299	483
9511	沖縄電	1981	2000	1980	1981	1.9
9531	東ガス	205	206	203	205	9481
9532	大ガス	215	222	215	222	8483
9533	邦ガス	158	161	158	161	1049
9534	北ガス	168	177	168	176	113
9535	広ガス	281	281	280	280	2
9536	西部ガス	153	154	152	154	430
9537	北陸ガ	300	300	300	300	3
9539	葉ガス	245	245	240	240	26
9540	中ガス	0	0	0	0	0
9541	大多喜ガス	342	342	342	342	1
9542	新日ガス	0	0	0	0	0
9600	アイネット	1701	1780	1700	1770	57
9601	松竹	597	597	565	565	141
9602	東宝	21280	21500	21110	21500	42.4
9603	ＨＩＳ	6900	6900	6500	6510	45.8
9604	際放映	277	277	277	277	1
9605	東映	926	926	900	907	2106
9607	葵プロ	2630	2630	2520	2520	16.5
9608	福山コンサル	0	0	0	0	0
9609	ベンチャーリ	10200	10200	9600	9600	29.2
9610	ウィルソン	7150	7150	6810	6810	0.9
9611	Ｄワンダー	0	0	0	0	0
9612	ラックランド	2100	2100	2100	2100	0.1
9613	ＮＴＴデータ	1890000	1890000	1830000	1840000	24.775
9614	ベルシス24	86500	88000	85000	85000	18.05
9615	東京美装	969	969	950	950	6
9616	共立メンテ	3280	3350	3200	3300	8.6
9618	エームサービス	1280	1290	1280	1290	2
9619	イチネン	979	979	979	979	1
9620	スクウェア	16000	17300	14000	14000	159.8
9621	建設技研	650	663	630	649	24.8
9622	スペース	470	470	440	450	11.7
9623	キヤノンソフ	780	780	780	780	3
9624	長大	616	616	616	616	0.5
9625	セレスポ	0	0	0	0	0
9626	日本技開	220	220	210	210	19
9627	アインファマ	1670	1730	1670	1690	21
9628	燦ＨＤ	3750	3950	3750	3830	16.9
9629	ＰＣＡ	5100	5100	4950	4950	14
9630	アップ	455	455	448	448	6
9631	東急レク	570	570	565	570	8
9632	スバル	360	360	360	360	29
9633	テアトル	189	189	184	188	118
9634	修学社	500	600	490	600	189
9635	武蔵野	0	0	0	0	0
9636	きんえい	0	0	0	0	0
9637	オーエス	780	780	780	780	1
9638	情報技術	1280	1280	1270	1280	13
9639	三協フロンテ	345	345	345	345	2
9640	セゾン情報	979	980	960	960	8
9641	サコス	165	167	163	165	5.1
9642	コマスタ	9500	9500	9400	9400	0.3
9643	中日興	18600	18600	18600	18600	0.2
9644	タナベ経営	450	528	450	528	129.1
9645	ダイヤモンドコン	2180	2200	2150	2150	50
9646	タイトー	136000	139000	133000	133000	0.576
9647	協和コンサル	270	270	265	265	8
9648	ウエスコ	344	356	344	348	12.5
9649	明電エンジニア	598	598	585	585	57.5
9650	テクモ	3260	3400	3050	3100	46.6
9651	日本プロセス	1000	1000	990	990	2
9652	日本医療	2990	3000	2920	2950	32
9653	ＳＢＩパートナ	3050	3050	2800	2990	67
9654	コーエー	4920	4920	4500	4540	52.4
9656	三井ランド	560	580	560	575	3.2
9657	コムテック	520	520	497	497	3
9658	ビジ太田昭	1080	1090	1050	1050	4
9660	ＣＲＣソリュ	2750	2750	2700	2700	9
9661	歌舞伎	3850	3930	3810	3810	6
9662	アイフル	590	590	580	580	2
9663	ナガワ	760	774	735	745	34
9664	御園座	1100	1100	1100	1100	1
9665	吉本興	1376	1429	1376	1410	27
9667	ホリプロ	1100	1140	1100	1100	19
9668	相鉄企業	405	405	401	401	5
9669	オークネット	5140	5150	5000	5100	17.8
9671	よみランド	329	329	315	322	164
9672	東競馬	137	138	134	135	381
9673	甲子園土地	81	81	81	81	1
9674	花月園	205	205	205	205	1
9675	常磐興	140	140	139	140	90
9676	松戸公産	530	530	529	530	7
9677	日本ジャンボ	770	770	750	765	15.5
9678	カナモト	813	815	781	783	419
9679	ホウライ	0	0	0	0	0
9680	共成レンテム	0	0	0	0	0
9681	東京ドーム	515	520	511	520	2058
9682	ＤＴＳ	8800	8870	8400	8600	54.4
9684	スク・エニ	9200	9270	9000	9040	108.8
9685	共同コンＨＤ	450	450	421	421	4
9686	東洋テック	550	550	550	550	15
9687	ＫＳＫ	0	0	0	0	0
9689	グリンハウス	0	0	0	0	0
9691	両毛システム	0	0	0	0	0
9692	シーイーシー	2000	2100	1990	1990	27
9694	日立ソフト	13500	13900	12660	12790	344.7
9695	鴨川グランド	380	380	380	380	1
9696	ウィザス	0	0	0	0	0
9697	カプコン	7000	7200	6810	7190	220.5
9698	クレオ	1440	1450	1440	1450	6
9699	西尾レント	590	592	585	588	22.7
9700	エスアールエル	1600	1619	1511	1600	35
9701	会舘	291	295	290	295	8
9702	アイエスビー	3510	3600	3500	3520	76
9703	ジェネラスコーポ	95	95	91	91	66
9704	東海観	79	90	75	89	1866
9706	日本空港ビル	845	900	844	900	153
9707	メデカＪ	1690	1700	1650	1660	45
9708	帝ホテル	0	0	0	0	0
9709	日コンピュタ	800	800	790	790	2
9710	第一ホテ	245	260	240	253	287
9711	日コンシス	0	0	0	0	0
9712	ファイ	871	900	850	890	116
9713	ロイヤルホ	210	225	210	225	4
9714	ＳＲＡ	0	0	0	0	0
9715	トランスコス	40150	41000	36550	36550	266.3
9716	乃村工芸社	360	360	340	340	14
9717	ジャステック	3200	3260	3200	3200	3
9718	国際観光会館	160	160	160	160	6
9719	住商情報	6790	6950	6550	6550	64
9720	グランド	0	0	0	0	0
9722	藤田観	500	514	500	514	151
9724	新阪急ホテル	215	215	213	215	7
9725	東急ホテル	200	200	193	195	151
9726	近ツーリスト	262	266	260	266	186
9727	東急観光	125	125	122	125	38
9728	日本管財	2260	2260	2240	2250	11
9729	トーカイ	705	705	705	705	5
9730	ワオコーポ	392	392	380	380	9
9731	白洋舎	287	287	281	282	47
9732	東映ラボ	0	0	0	0	0
9733	ナガセ	2500	2510	2500	2500	12
9734	精養軒	0	0	0	0	0
9735	セコム	9260	9300	9080	9300	1008
9736	白青舎	176	176	176	176	4
9737	ＣＳＫ	6600	6900	6210	6300	994.7
9738	インテック	3950	4060	3620	3620	129
9739	ＮＳＷ	9800	9810	9510	9800	10.3
9740	ＣＳＰ	600	600	540	540	11
9741	日立情報	5380	5650	5350	5350	87
9742	アイネス	2325	2390	2270	2300	212
9743	丹青社	815	815	740	741	28
9744	メイテック	2710	2845	2710	2750	395.4
9746	ＴＫＣ	2800	2840	2680	2740	106.4
9747	アサツーＤＫ	5600	5740	5440	5450	169.4
9748	ＮＪＫ	830	850	820	820	11
9749	富士ソフト	7000	7000	6800	6800	130.2
9750	ソラン	3000	3000	2850	2890	52
9751	ＴＩＳ	7300	7420	6800	6990	132
9752	ナムコ	5350	5500	4860	4860	575.2
9753	ＩＸナレッジ	915	915	910	910	5
9755	応用地質	1300	1300	1290	1295	71
9756	ＡＳＫ	900	910	800	900	74
9757	船井研	830	840	820	820	14
9758	ジシステム	1350	1380	1280	1280	62
9759	日システムデ	13800	13990	13500	13650	75.8
9760	進学会	350	350	350	350	1
9761	東海リース	195	199	195	199	6
9762	大和リース	265	270	262	265	574
9763	丸紅リ	243	243	225	240	105
9764	技研興	198	200	198	198	7
9765	オオバ	171	171	165	165	17
9766	コナミ	15000	15080	13500	13650	561.4
9767	日建工学	265	265	255	255	7
9768	国土環境	0	0	0	0	0
9769	学究社	540	600	540	600	24
9776	札臨	401	401	400	400	9
9777	日電計算	3150	3150	2960	3000	41.3
9778	昴	0	0	0	0	0
9779	メフォス	0	0	0	0	0
9780	ビステム	0	0	0	0	0
9781	石川島汎サ	420	420	420	420	1
9782	ＤＭＳ	1200	1250	1200	1250	25
9783	ベネッセ	19600	19800	18080	18130	160.3
9784	日工検	0	0	0	0	0
9785	大新東	302	345	302	345	9
9786	キャッツ	1630	1660	1630	1650	45
9787	Ｊメンテ	995	1000	980	981	34.7
9788	ナック	1080	1100	1050	1065	20.1
9789	栄光	403	403	403	403	3
9790	福井コン	750	750	750	750	0.5
9791	ビケンテクノ	905	905	861	861	11
9792	ニチイ学館	15800	15800	14400	14500	121.8
9793	ダイセキ	2060	2070	2020	2060	36.5
9794	カラカミ観光	0	0	0	0	0
9795	ステップ	0	0	0	0	0
9796	ダイテック	1540	1540	1540	1540	1.4
9797	大日本コン	284	284	267	267	3.5
9798	シダックス	2920	2950	2920	2940	2.4
9799	旭情報	1610	1610	1610	1610	2
9810	日鉄商	110	110	110	110	3
9811	アスティス	0	0	0	0	0
9812	テーオー	0	0	0	0	0
9813	トッキ	3080	3080	2900	2900	22
9814	アシックス商	690	690	690	690	3
9815	カテナ	891	901	875	875	72
9816	バーテックス	970	970	870	870	12
9817	ゴトー	0	0	0	0	0
9818	大丸エナ	701	701	701	701	3
9820	エムティＧ	0	0	0	0	0
9821	日アムウ	880	880	880	880	2
9822	なが多	90	94	87	91	536
9823	マミーマート	0	0	0	0	0
9824	泉州電	520	530	490	490	9
9825	アズウェル	416	435	416	435	12.1
9826	ＪＥＵＧＩＡ	0	0	0	0	0
9827	リリカラ	195	195	189	189	2
9828	元気寿司	0	0	0	0	0
9829	ながの東急	0	0	0	0	0
9830	トラスコ中山	1250	1250	1198	1210	50.1
9831	ヤマダ電	9210	9510	9210	9350	57
9832	オートバクス	2795	2830	2780	2830	36
9833	エルクコーポ	740	740	740	740	2
9834	リオチェン	0	0	0	0	0
9835	ジュンテン	605	605	605	605	3
9836	リーバイス	710	720	710	720	8
9837	モリト	0	0	0	0	0
9838	トラベラー	729	729	721	721	10
9839	ゲッツブラザーズ	525	525	525	525	13.5
9840	ホーマック	2200	2200	2120	2175	53.1
9841	ＢＭＢ	600	615	573	573	183
9842	アークランド	1200	1210	1050	1060	44
9844	ユーエスシー	1650	1660	1600	1600	12
9845	パーカー	301	301	290	290	6
9846	天満屋ス	0	0	0	0	0
9847	ソリスト	0	0	0	0	0
9848	トヨタカローラ岐阜	0	0	0	0	0
9849	河内屋紙	563	565	563	565	4
9850	グルメ杵屋	680	680	679	679	72
9852	中央物産	291	291	291	291	1
9853	銀座ルノア	0	0	0	0	0
9854	愛眼	1050	1079	1050	1079	5.9
9855	くろがねや	470	470	470	470	3
9856	ケーユー	720	720	703	703	5.7
9857	英和	330	330	330	330	0.5
9858	明光商会	2150	2150	2060	2090	9.8
9859	ユーストア	800	800	800	800	1
9860	岐阜日野	0	0	0	0	0
9861	吉野家ディー	1820000	1830000	1800000	1810000	0.053
9862	メモレックス・テレ	405	410	400	400	37
9863	靴のマルトミ	122	140	122	140	21.2
9864	ナカイ	301	301	280	280	3
9865	日商エレク	4420	4450	3960	3960	119
9867	ソレキア	865	865	840	845	39
9868	トリイ	0	0	0	0	0
9869	加藤産	660	660	660	660	2
9870	ハナテン	1799	1800	1789	1800	1.9
9871	イトーキ	219	219	219	219	22
9872	北恵	191	191	191	191	1
9873	ケンタッキー	1080	1084	1080	1080	9
9875	マツモトキヨ	8200	8350	8200	8350	121
9876	コックス	510	520	510	520	6
9877	マルフル	0	0	0	0	0
9878	セキド	600	600	560	560	2
9879	フタタ	175	176	170	170	4
9880	イノテック	6210	6600	6030	6200	240.1
9882	イエロハット	950	957	930	940	61.7
9883	富士エレ	1930	1930	1850	1870	12
9884	都築電産	1056	1065	1056	1065	2
9885	シャルレ	660	671	660	660	9
9887	松屋フーズ	2665	2730	2665	2730	16
9888	ＵＥＸ	250	250	250	250	2
9889	ＪＢＣＣ	7200	7350	6490	6590	47
9890	マキヤ	0	0	0	0	0
9892	卑弥呼	890	900	885	890	27
9893	ホームワイド	365	366	365	366	3
9894	アトル	0	0	0	0	0
9895	コンセック	293	293	293	293	2
9896	Ｊ建材	520	520	510	515	10
9897	ユニダックス	680	680	680	680	14
9898	サハダイヤ	371	371	350	350	420
9899	サンデサン	700	700	700	700	1
9900	サガミ	700	700	680	688	71
9901	宮	950	950	900	950	6
9902	日伝	1300	1300	1300	1300	5
9903	カンセキ	0	0	0	0	0
9904	ベリテ	216	217	210	217	3
9905	コージツ	0	0	0	0	0
9906	藤井産業	0	0	0	0	0
9907	大電社	741	750	741	750	3
9908	日本電計	0	0	0	0	0
9909	愛光電気	0	0	0	0	0
9911	真電	0	0	0	0	0
9912	ダイワボ情	1620	1681	1610	1630	82.5
9913	日邦産業	331	331	331	331	1
9914	植松商会	0	0	0	0	0
9915	アサヒビールＳ	0	0	0	0	0
9916	バイタルＮ	620	622	615	620	51.8
9917	マツモト電器	355	355	355	355	1
9918	ダイワラクダ	381	390	381	390	4
9919	関西スーパ	590	590	590	590	32
9920	シービーエム	1570	1570	1570	1570	0.2
9921	ギガス	481	481	480	480	5
9922	日立機材	619	665	619	645	21
9923	ダイトーエム	380	380	370	370	2
9924	ドミー	504	504	504	504	10
9925	北の家族	0	0	0	0	0
9926	ダイカ	332	332	332	332	5
9927	ワットマン	0	0	0	0	0
9928	ミロク情報	1600	1600	1580	1600	22.5
9929	平和紙業	0	0	0	0	0
9930	北沢産	250	250	236	240	33
9931	家族亭	0	0	0	0	0
9932	杉本商	500	500	499	500	4
9934	因幡電産	1150	1150	1121	1125	50.5
9935	あずみ	0	0	0	0	0
9936	王将フード	1420	1450	1420	1420	11
9937	セシール	3730	3800	3500	3500	35.6
9938	住金物産	72	74	70	74	69
9939	すみや	481	481	481	481	1
9940	クラヤ薬	1197	1211	1196	1210	90.1
9941	太洋物産	180	180	180	180	2
9943	ココス	0	0	0	0	0
9944	インパクト	1600	1600	1481	1520	33.4
9945	プレナス	5900	5900	5900	5900	1
9946	ミニストップ	2360	2380	2350	2380	76
9947	シムリー	1210	1250	1195	1200	15.2
9948	アークス	1430	1430	1370	1370	11
9949	タイヨー	0	0	0	0	0
9950	ハチバン	531	531	531	531	1
9951	カーマ	520	520	519	519	47.6
9952	ドトール	7900	7900	7600	7700	21.4
9953	ダイキ	1320	1320	1290	1290	45.6
9954	東京小僧寿し	0	0	0	0	0
9955	ヨンキュウ	2300	2350	2300	2320	5.9
9956	バロー	0	0	0	0	0
9957	バイテック	1840	1850	1750	1750	23
9958	サリ	311	313	305	305	12
9959	アシード	850	850	840	840	6
9960	東テク	0	0	0	0	0
9961	エムオーテック	151	151	148	150	3
9962	駿河製機	11900	13000	11750	12950	83
9963	江守商事	0	0	0	0	0
9964	アイ・テック	0	0	0	0	0
9965	福原	510	515	505	515	6
9966	藤久	2150	2200	2100	2200	8.5
9967	堺商事	240	240	240	240	1
9968	イチヤ	110	110	110	110	7
9969	ショクブン	1020	1030	1020	1020	17
9970	東洋オフィス	513	513	480	480	53
9971	カウボーイ	620	620	595	595	49
9972	アルテック	1350	1400	1350	1385	13.6
9973	小僧本部	0	0	0	0	0
9974	ベルク	0	0	0	0	0
9975	マルヤ	3200	3200	3200	3200	1.1
9976	セキチュー	440	440	431	431	5
9977	アオキスーパ	419	420	419	420	11
9978	文教堂	3210	3210	3100	3200	21
9979	大庄	900	920	900	907	66.5
9980	マルコ	970	980	958	970	7.6
9981	ニック産業	0	0	0	0	0
9982	タキヒヨー	500	500	500	500	3
9983	ファストリ	35600	36100	35100	35100	113
9984	ソフトバンク	117000	121000	99100	99200	1251.4
9985	榮太郎	880	880	870	880	4
9986	蔵王産業	0	0	0	0	0
9987	スズケン	3000	3200	2900	2905	193.6
9988	神港魚類	450	450	450	450	1
9989	サンドラッグ	5980	6100	5750	6050	12.7
9990	東京デリカ	521	521	520	521	6
9991	ジェコス	348	350	345	345	104.4
9992	理研グリン	260	260	258	258	3
9993	ヤマザワ	1300	1450	1300	1450	4
9994	やまや	700	710	700	700	15.1
9995	イーストン	825	825	800	800	17
9996	サトー商会	640	640	640	640	1
9997	ベルーナ	3070	3070	2900	2900	43
