20000407
1001	日経２２５	20270	20464	20253	20253	58.532
1002	ＴＯＰＩＸ	1660	1688	1660	1678	58.532
1301	極洋	155	155	151	153	128
1319	日経300F	318	326	318	326	860
1331	ニチロ	184	185	180	181	180
1332	日水	190	190	185	186	677
1333	マルハ	143	143	138	141	398
1351	宝幸水産	92	94	90	94	34
1352	ホウスイ	103	105	103	105	19
1376	カネコ種	950	950	950	950	9
1377	サカタタネ	2400	2425	2370	2370	34.4
1378	雪国まいたけ	678	710	670	700	9
1379	ホクト	4500	4600	4490	4500	21.6
1380	秋川牧園	0	0	0	0	0
1491	中外鉱	145	149	141	149	1409
1501	三井鉱山	108	109	105	105	557
1503	住友炭	119	119	114	114	432
1515	日鉄鉱	240	240	232	232	91
1518	三井松島	163	164	162	163	68
1601	帝石	356	363	355	356	424
1603	アラビア石油	350	351	336	340	161
1661	ガス開	411	411	402	402	30
1701	昭和鉱	266	266	259	259	8
1702	共立マテリア	265	265	265	265	1
1737	三井エンジ	352	375	352	375	9
1738	ＮＩＴＴＯＨ	0	0	0	0	0
1739	ＳＥＥＤ	0	0	0	0	0
1740	極東工業	0	0	0	0	0
1741	ミサワサンイ	0	0	0	0	0
1742	セコムテクノ	2570	2590	2525	2590	18
1743	コーアツ工業	0	0	0	0	0
1744	キョーエイ	640	640	630	640	4
1745	ミサワホーム東海	365	365	365	365	5
1746	7	0	0	0	0	0
1748	ミサワ北日	0	0	0	0	0
1750	カナック	0	0	0	0	0
1751	日立プラサ	400	400	400	400	3
1752	富士通シス	1350	1350	1300	1350	30
1753	土屋ツバイ	0	0	0	0	0
1754	東新住建	870	920	870	920	5
1755	JFE工建	0	0	0	0	0
1756	和興エンジ	314	314	314	314	1
1757	千年の杜	400	400	400	400	1
1758	太洋基礎	0	0	0	0	0
1759	ジオトップ	275	275	275	275	8
1762	高松建設	1590	1620	1590	1620	7.5
1763	北陸ミサワ	0	0	0	0	0
1764	工藤建設	0	0	0	0	0
1765	イビデンテック	0	0	0	0	0
1766	東建コーポ	1350	1350	1330	1330	3
1767	沖ウィン	540	540	540	540	1
1768	ソネック	0	0	0	0	0
1770	藤田エンジ	0	0	0	0	0
1772	東北エンタープライズ	230	235	225	225	9
1774	機動建	220	240	217	240	8
1775	富士電Ｅ＆Ｃ	253	260	253	260	6
1776	三井住建道路	114	114	111	111	8
1777	川崎設備	318	318	318	318	1
1778	古河総設	165	165	165	165	5
1779	松本建工	0	0	0	0	0
1780	ヤマウラ	375	375	360	360	3.5
1781	国土総合	0	0	0	0	0
1782	常磐開発	0	0	0	0	0
1783	南野建設	105	105	105	105	3
1784	サワコー	509	540	509	540	1.5
1785	ナナボシ	418	428	418	428	2
1786	オリ建	460	467	452	466	8.1
1787	ナカボテック	0	0	0	0	0
1788	三東工業	0	0	0	0	0
1789	山加電業	0	0	0	0	0
1790	平和奥田	0	0	0	0	0
1791	三井木材	141	147	141	147	4.5
1792	みらい建設Ｇ	215	215	203	203	15
1793	大本組	0	0	0	0	0
1795	マサル	490	490	490	490	2
1796	トヨタウッド	340	340	340	340	0.6
1797	藤木工務店	0	0	0	0	0
1798	守谷商会	400	400	321	321	4
1799	第一建設	0	0	0	0	0
1800	利塚地下技術	240	243	240	243	4
1801	大成建	170	171	165	165	1020
1802	大林組	410	415	408	408	1600
1803	清水建	305	305	300	300	564
1804	佐藤工業	67	68	65	68	321
1805	飛島建	67	67	64	66	348
1806	ACリアル	58	59	57	59	554
1807	渡辺組	198	198	198	198	4
1808	長谷工	44	45	43	44	2802
1809	富士工	89	89	86	88	40
1810	松井建	325	325	320	325	24
1811	銭高組	300	300	280	280	17
1812	鹿島	290	296	287	287	839
1813	不動建	152	152	150	150	78
1814	大末建	82	82	78	79	34
1815	鉄建	132	135	130	130	300
1816	安藤建	210	210	205	206	15
1817	勝村建	138	141	138	141	18
1818	日産建設	105	105	103	103	22
1819	太平工	157	157	156	156	72
1820	西松建	396	397	385	388	299
1821	三井住友建	81	82	81	82	121
1822	大豊建	189	189	185	186	67
1823	住友建設	90	92	90	92	112
1824	前田建	295	299	291	292	100
1825	環境建設	115	119	111	119	38
1826	佐田建	152	154	151	152	14
1827	ナカノフドー建	102	102	98	98	18
1828	田辺工業	0	0	0	0	0
1829	大和建設	103	103	101	101	12
1830	共栄冷機工業	0	0	0	0	0
1831	積水ハ北陸	549	549	549	549	23
1833	奥村組	355	361	355	355	304
1834	小田急建	285	286	285	285	3
1835	東鉄工	211	211	211	211	1
1836	大日本土木	136	140	136	140	21
1837	間組	69	69	67	69	162
1838	古久根建設	128	128	125	128	16
1839	真柄建	192	197	192	192	10
1840	土屋ホーム	280	280	280	280	19.5
1841	サンユ	602	675	602	675	3
1842	昭和テクノ	603	604	603	603	5
1844	大盛工業	185	190	185	190	25
1845	森本組	0	0	0	0	0
1846	鈴縫工	0	0	0	0	0
1847	イチケン	117	117	117	117	1
1848	富士ＰＳ	0	0	0	0	0
1850	南海辰村建	80	80	78	78	3
1851	大木建設	193	196	190	190	24
1852	浅沼組	161	162	158	158	24
1853	森組	0	0	0	0	0
1854	新井組	152	154	151	152	10
1855	東急建設	68	68	66	67	153
1856	ジェイオー建設	0	0	0	0	0
1857	松村組	119	119	117	117	24
1858	井上工	67	70	62	64	11
1860	戸田建	400	405	380	381	479
1861	熊谷組	68	69	67	67	519
1862	横河工事	0	0	0	0	0
1863	テトラ	213	214	212	214	9
1865	青木あすなろ建	136	152	136	152	17
1866	北野建	270	270	267	268	53
1867	植木組	182	182	169	169	2
1868	三井ホーム	405	405	402	403	14
1869	名工建	0	0	0	0	0
1870	矢作建	362	362	362	362	2
1871	ピーエス三菱	420	420	411	411	4
1872	アゼル	299	309	299	309	54
1873	東ハウス	450	450	445	450	19
1874	佐藤秀	0	0	0	0	0
1875	青木マリン	0	0	0	0	0
1877	川田建設	460	460	460	460	6
1878	大東建	1833	1900	1720	1720	352.5
1879	新日本建	210	210	210	210	3
1880	スルガコーポ	1260	1260	1200	1200	2
1881	ＮＩＰＰＯ	465	479	465	474	81
1882	東亜道	241	242	240	240	22
1883	前田道	465	478	465	474	74
1884	日道路	166	167	165	166	41
1885	東亜建	163	164	159	159	111
1886	青木建設	46	47	46	47	402
1888	若築建	148	150	145	146	56
1889	佐伯建	143	143	140	141	34
1890	東洋建	100	102	100	100	130
1892	徳倉建	290	290	290	290	1
1893	五洋建	148	148	140	140	510
1895	大成ロテック	171	172	171	171	14
1896	大林道	358	358	330	330	46
1897	金下建	560	560	538	545	3
1898	世紀東急	85	87	84	84	11
1899	福田組	265	274	265	274	16
1900	白石	175	175	171	171	2
1902	山崎建設	270	270	270	270	2
1904	大成温調	0	0	0	0	0
1905	テノックス	230	235	230	235	4
1906	細田工務	0	0	0	0	0
1907	東北ミサワ	530	550	530	550	1
1908	三平建設	0	0	0	0	0
1909	日本ドライ	317	328	317	318	21
1910	フドウ建研	0	0	0	0	0
1911	住友林	685	688	666	670	53
1912	ミサワセラミ	385	385	385	385	2
1913	旭ホームズ	0	0	0	0	0
1914	日基技	583	594	578	583	21.4
1915	東京ミサワホーム	0	0	0	0	0
1916	日成ビルド	166	170	165	165	45
1917	ニッセキハウス	212	227	209	224	2471
1919	エスバイエル	287	287	280	280	61
1920	殖産住宅相互	111	113	110	112	404
1921	巴	174	174	170	170	10
1922	大成ユーレック	91	91	90	90	6
1923	ミサワホーム	390	395	386	387	46
1924	パナホーム	604	608	591	596	151
1925	大和ハウス	765	765	742	746	608
1926	ライト	485	500	485	492	56.5
1927	中 部	311	311	311	311	1.9
1928	積ハウス	1023	1035	1014	1026	1056
1929	日特建	189	190	188	190	9
1930	北陸電工	280	280	275	275	11
1931	日本電通	306	310	306	310	10
1932	コミュチュア	530	530	530	530	1
1933	西シス建	0	0	0	0	0
1934	ユアテック	313	326	313	315	35
1935	ＴＴＫ	299	300	298	298	13
1936	シーキューブ	270	275	270	275	21
1937	西部電工	310	310	310	310	3
1938	千歳電	0	0	0	0	0
1939	四電工	310	310	309	309	8
1940	つうけん	220	230	220	230	14
1941	中電工	1600	1600	1580	1581	12
1942	関電工	397	401	392	395	190
1943	大明	915	921	905	905	85
1944	きんでん	741	750	716	716	192
1945	東京エネシス	367	368	367	367	3
1946	トーエネク	376	376	367	369	23
1947	日本コムシス	1890	1974	1870	1930	625
1948	弘電社	300	300	300	300	9
1949	住友電設	581	593	530	565	17.2
1950	電設工	299	300	295	295	49
1951	協エクシオ	820	830	812	812	72
1952	新日空調	382	397	378	379	36.8
1953	国際電設	0	0	0	0	0
1954	日工営	177	185	175	175	191
1955	東電通	381	400	381	390	45
1956	日電設	444	449	430	431	16
1957	保安工	0	0	0	0	0
1958	三和エレック	300	300	285	294	21
1959	九電工	315	315	307	310	251
1960	サンテック	320	331	320	331	11
1961	三機工	498	503	493	500	75
1962	エルゴテック	166	166	166	166	1
1963	日揮	281	283	275	278	617
1964	中外炉	310	315	301	310	74
1965	テクノ菱和	400	400	400	400	3
1966	高田工	0	0	0	0	0
1967	ヤマト	365	366	365	366	9
1968	太平電	260	261	255	255	62
1969	高砂熱	620	627	620	621	26
1970	日立プラ	250	253	250	250	42
1971	ビルト工	75	95	75	95	17
1972	三晃金	130	134	128	134	40
1973	ＮＥＣシス建	1770	1770	1761	1769	65.7
1974	宮地建設工業	370	395	370	394	11
1975	朝日工	215	216	212	216	15
1976	明星工	155	156	155	155	3
1977	ジェイコス	0	0	0	0	0
1978	アタカ	265	275	261	275	14
1979	大気社	790	790	765	768	27
1980	ダイダン	459	459	459	459	4
1981	協和日成	0	0	0	0	0
1982	日比谷設	520	520	517	517	15
1983	東芝プラ	227	227	220	220	31
1984	三信建	0	0	0	0	0
1985	大和電設	301	301	301	301	1
1986	日商インター	1350	1380	1350	1350	8
1987	ソルコム	0	0	0	0	0
1988	シボンド建	1430	1435	1400	1400	39.3
1989	北陸電話	0	0	0	0	0
1990	東邦建	240	240	230	240	3
1991	都築通技	890	890	890	890	0.1
1992	神田通機	0	0	0	0	0
1993	ニッタン	0	0	0	0	0
1994	高橋ウォール	375	375	375	375	1
1995	鈴木工務店	0	0	0	0	0
1996	三菱建設	173	175	173	175	4
1997	暁飯島工業	160	160	160	160	6
1998	日本土建	0	0	0	0	0
2001	日本粉	274	275	268	268	251
2002	日清粉	880	881	860	860	214
2003	日東粉	211	218	211	218	3
2004	昭和産	196	196	189	189	100
2006	東福粉	119	119	104	104	2
2007	富士粉	0	0	0	0	0
2008	増田粉	185	185	185	185	2
2009	鳥越粉	400	400	397	398	18
2051	農産工	188	190	187	189	288
2052	協同飼	130	137	128	136	609
2053	中部飼	0	0	0	0	0
2055	日和産	232	232	228	232	3
2056	日配飼	142	152	140	147	959
2057	雪印種	0	0	0	0	0
2102	台糖	248	250	246	250	19
2107	東洋糖	146	148	145	148	44
2108	甜菜糖	185	187	179	179	206
2109	三井糖	185	188	185	185	38
2111	フジ製糖	0	0	0	0	0
2112	塩水糖	360	360	350	350	4
2113	新光糖	208	208	207	208	9
2114	フジ日本精糖	0	0	0	0	0
2116	日新糖	119	120	118	118	6
2201	森永	245	245	239	239	578
2202	明菓	756	756	745	745	403
2204	中村屋	267	271	263	266	18
2205	駿河屋	0	0	0	0	0
2206	グリコ	510	515	508	510	143
2207	名糖産	1020	1057	1020	1041	5
2208	ブルボン	860	860	860	860	2
2209	井村屋	415	415	415	415	1
2211	不二家	262	263	259	263	66
2212	山パン	1007	1019	1003	1009	139
2213	ナガサキヤ	0	0	0	0	0
2215	一パン	275	278	268	278	48
2216	カンロ	275	275	275	275	3
2217	モロゾフ	191	201	191	197	36
2219	タカラブネ	115	115	110	115	27
2220	亀田製菓	600	600	600	600	13
2221	岩塚製菓	0	0	0	0	0
2222	寿製菓	0	0	0	0	0
2224	コモ	1900	1900	1890	1900	6
2261	明乳	616	620	605	610	664
2262	雪印	450	466	449	460	276
2264	森永乳	320	320	309	310	357
2266	六甲バタ	267	267	267	267	13
2267	ヤクルト	912	915	905	905	243
2268	サーティワン	0	0	0	0	0
2281	プリマ	147	152	146	151	338
2282	日ハム	1186	1229	1159	1209	368
2284	伊藤ハ	444	447	436	437	285
2286	林兼	142	143	141	141	79
2287	雪印食品	244	244	232	232	10
2288	丸大食	189	194	187	188	94
2289	相模ハム	610	615	610	615	2
2290	米久	1210	1215	1190	1205	17.5
2291	福留ハ	0	0	0	0	0
2292	ＳＦＯＯＤＳ	810	810	810	810	8
2293	滝沢ハム	0	0	0	0	0
2294	柿安本店	990	990	990	990	1
2501	サッポロＨＤ	457	460	450	454	1144
2502	アサヒ	1180	1202	1170	1189	4601
2503	キリン	1390	1399	1369	1369	1765
2531	宝ＨＤ	2570	2580	2520	2525	1331
2533	オエノンＨＤ	274	281	274	278	20
2536	メルシャン	394	399	382	389	288
2538	マルキン忠勇	155	165	150	160	39
2540	養命酒	700	706	698	706	15
2541	ニッカ	291	295	290	295	6
2571	中京コカ	1041	1076	1041	1062	85
2572	三国コカ	1458	1473	1443	1465	261
2573	北海コカ	1200	1200	1200	1200	10
2575	三笠コカ	875	900	870	885	16.9
2576	近畿コカ	1300	1320	1300	1315	43
2577	富士コカ	1070	1089	1060	1084	53
2578	四国コカ	1206	1240	1206	1240	0.6
2579	コカウエスト	2990	3010	2970	2985	132.6
2591	カルピス	536	551	536	540	52
2592	ポッカ	499	505	499	500	17
2593	伊藤園	12310	12400	11910	11910	88.4
2594	キーコーヒー	1410	1410	1390	1399	4.4
2595	キリンビバ	2365	2385	2330	2330	38
2596	キューサイ	6500	6700	6500	6550	13.9
2597	ユニカフェ	2980	2980	2970	2970	4.6
2598	アサヒ飲料	1117	1170	1117	1163	371.5
2601	ホーネンコーポ	199	200	195	195	101
2602	日清オイリオ	370	374	364	365	422
2604	吉原製油	238	243	238	243	7
2605	熊沢製油	0	0	0	0	0
2607	不二油	753	759	741	742	51
2608	ボーソー	148	148	148	148	2
2611	摂津油	0	0	0	0	0
2612	かどや製油	0	0	0	0	0
2801	キッコマン	809	814	782	783	395
2802	味の素	1330	1345	1310	1335	452
2804	ブルドック	0	0	0	0	0
2805	エスビー	0	0	0	0	0
2806	ユタカフーズ	0	0	0	0	0
2808	サンビシ	0	0	0	0	0
2809	キユーピー	735	739	731	734	113
2810	ハウス食品	1552	1561	1540	1540	56
2811	カゴメ	968	968	955	957	58
2812	焼津水化	1600	1600	1598	1598	1.5
2813	和弘食品	0	0	0	0	0
2814	佐藤食品	970	970	970	970	2
2815	アリアケ	6000	6200	6000	6200	54.6
2816	ダイショー	740	745	740	745	2
2817	ギャバン	496	496	496	496	1
2830	アヲハタ	0	0	0	0	0
2831	はごろも	1220	1270	1200	1270	10
2871	ニチレイ	321	324	316	320	429
2872	セイヒョー	0	0	0	0	0
2873	加ト吉	2185	2200	2165	2195	97
2874	ヨコレイ	554	569	552	567	38
2875	東洋水	761	770	760	760	22
2876	ＪＣコムサ	0	0	0	0	0
2877	日東ベスト	0	0	0	0	0
2878	赤城水産	380	380	371	371	3
2879	ニチロサンフズ	475	500	475	500	5
2891	酵母工	580	620	580	610	34
2892	日食品	312	313	312	313	7
2893	ローマイヤ	126	126	126	126	1
2894	石井食	0	0	0	0	0
2897	日清食	2365	2465	2365	2415	151.6
2898	ソントン	1075	1075	1065	1065	5
2899	永谷園	970	974	970	970	8
2900	明星食	232	241	231	241	7
2901	石垣食	400	400	400	400	1
2902	太陽化	481	481	481	481	2
2903	シノブフズ	160	160	158	158	12
2904	一正蒲鉾	0	0	0	0	0
2905	オーケー食	0	0	0	0	0
2906	ホッコク	419	419	419	419	1
2907	あじかん	0	0	0	0	0
2908	フジッコ	1801	1820	1800	1801	23
2909	トオカツフズ	282	282	282	282	2
2910	Ｒフィールド	4650	4750	4590	4750	94.6
2911	旭松食品	770	770	770	770	2
2912	鐘崎	0	0	0	0	0
2913	フジフーズ	0	0	0	0	0
2914	ＪＴ	777000	785000	735000	743000	2.205
2915	ケンコーマヨ	446	446	446	446	2
2916	仙波糖化	0	0	0	0	0
2917	大森屋	715	715	700	700	2
2918	わらべ日洋	1042	1046	1042	1045	4
2920	ケイビー	1200	1210	1200	1200	3
2921	フクシマフズ	0	0	0	0	0
2922	なとり	850	850	850	850	2
3001	片倉	520	520	510	515	19
3002	グンゼ	291	297	285	295	1171
3003	昭栄	1000	1000	1000	1000	20
3004	神栄	139	140	138	139	53
3007	神戸生絲	63	64	62	62	21
3009	川島織	110	111	109	110	110
3010	上毛	670	690	650	680	66
3011	バナーズ	93	95	93	95	2
3101	東洋紡	161	163	158	158	601
3102	カネボウ	198	198	191	191	687
3103	ユニチカ	80	81	79	79	310
3104	富士紡Ｈ	106	110	104	104	209
3105	日清紡	535	535	525	525	302
3106	クラボウ	152	152	148	148	322
3107	ダイワボウ	114	116	113	115	65
3109	シキボウ	83	83	81	81	53
3110	日東紡	149	152	143	143	425
3111	オーミケン	71	76	71	72	5
3113	ＢＳＬ	92	97	92	92	89
3114	同興紡	111	111	111	111	3
3115	テザック	71	71	70	71	109
3116	トヨタ紡織	750	750	740	750	22
3117	興和紡	0	0	0	0	0
3121	アセットイン	79	80	79	79	13
3123	サイボー	0	0	0	0	0
3125	内外綿	0	0	0	0	0
3128	テラボウ	0	0	0	0	0
3129	ファブリカＴ	0	0	0	0	0
3201	日毛	380	380	374	374	52
3202	大東紡	103	104	103	104	8
3203	東亜紡織	100	100	100	100	8
3205	ダイドー	200	200	199	199	21
3206	南海毛糸紡績	105	106	105	106	5
3207	中央毛	156	157	153	153	9
3209	カネヨウ	131	132	131	132	9
3211	太陽毛絲紡	117	127	117	127	2
3216	御幸ＨＤ	455	455	455	455	9
3302	帝繊維	196	200	195	198	36
3304	トスコ	140	144	135	135	48
3306	日本麻	76	79	76	79	12
3401	帝人	460	474	460	463	2030
3402	東レ	412	413	400	400	3103
3403	東邦テナ	190	190	186	187	99
3404	三菱レ	263	263	256	256	659
3405	クラレ	982	1008	982	1000	1993
3407	旭化成	689	715	689	700	2825
3408	サカイオーベ	85	85	84	85	49
3409	北日紡	0	0	0	0	0
3411	オートリ	166	166	165	165	9
3420	ケーエフシー	0	0	0	0	0
3421	稲葉製作	1080	1100	1060	1060	18.4
3422	丸順	0	0	0	0	0
3423	エスイー	645	650	645	650	8
3501	住江織	131	138	131	138	5
3503	東和織	59	59	59	59	1
3512	フエルト	300	300	297	297	13
3513	イチカワ	189	190	183	183	31
3514	バイリーン	220	221	210	221	67
3515	フジコー	390	390	390	390	5
3521	エコナック	115	115	111	112	48
3524	日東網	104	105	103	103	38
3526	芦森工	227	227	224	224	96
3528	グローベルス	117	117	110	114	42
3529	アツギ	120	122	120	120	258
3532	堀田産	0	0	0	0	0
3533	ダイオ化成	600	640	600	640	3
3534	ＮＢＣ	870	870	870	870	3
3551	ダイニック	182	185	180	185	28
3552	洋クロス	165	169	164	166	11
3553	共和レ	460	469	460	469	4
3569	セーレン	281	285	280	280	44
3570	オリカキャピ	125	125	123	125	16
3571	ソトー	470	470	465	465	6
3572	大同マルタ	0	0	0	0	0
3576	カンボウ	0	0	0	0	0
3577	東海染	144	144	141	142	10
3578	倉庫精	0	0	0	0	0
3580	小松精	380	380	380	380	2
3581	岐セン	0	0	0	0	0
3583	オーベクス	0	0	0	0	0
3584	福助	177	178	173	173	26
3585	トムスエンタ	513	519	494	495	187
3587	ＩＢダイワ	345	345	305	315	56
3588	丸山工	0	0	0	0	0
3591	ワコール	925	929	920	920	137
3592	ＣＨＯＹＡ	218	218	218	218	3
3593	ホギメデ	6910	7000	6830	7000	5.2
3594	モリシタ	0	0	0	0	0
3595	ヤギコーポ	0	0	0	0	0
3596	ワールド	8400	8510	8250	8250	97.4
3597	自重堂	755	758	730	758	4
3598	山喜	0	0	0	0	0
3599	コーコス	0	0	0	0	0
3600	フジックス	0	0	0	0	0
3601	ニチメンイン	1600	1699	1598	1699	13.7
3602	イタリヤード	250	250	250	250	2
3603	チャッコット	670	670	670	670	1
3706	東海パ	413	420	413	420	7
3861	王子紙	736	754	736	740	2166
3863	日本製紙	769	770	747	750	2804
3864	三菱紙	165	165	160	160	439
3865	北越紙	829	839	815	832	296
3868	高崎三興	87	95	87	92	144
3869	日本板紙	300	325	295	325	185
3870	日本加工製紙	85	89	85	85	72
3871	大昭和紙	506	519	498	498	71
3872	三島紙	175	175	175	175	2
3877	中越パ	209	210	206	206	94
3878	巴川紙	490	498	488	493	20
3880	大王紙	774	774	760	760	15
3881	特種紙	449	451	436	450	159
3882	紀州紙	193	193	180	180	23
3886	チューエツ	102	102	100	100	4
3887	中央板紙	104	109	104	105	49
3889	大平製紙	0	0	0	0	0
3890	ゼネＫＫ	645	645	630	630	15
3891	高度紙	1800	1820	1700	1820	24
3941	レンゴー	630	633	621	625	486
3944	古林紙	0	0	0	0	0
3945	スパバッグ	190	190	190	190	1
3946	トーモク	197	200	196	196	67
3947	ダイナパック	440	440	440	440	8
3948	光ビジネス	705	705	705	705	1
3949	日本ハイパック	295	300	290	290	21
3950	ザ・パック	850	850	850	850	3
3951	朝日印刷	0	0	0	0	0
3952	中央紙器	0	0	0	0	0
3953	大村紙業	450	450	450	450	1
3954	昭和パックス	505	505	505	505	102
3971	東セロ	270	270	270	270	2
4003	コープケミ	106	116	106	106	42
4004	昭電工	152	152	145	148	999
4005	住友化学	560	563	540	548	2169
4007	日化成	167	169	157	168	203
4008	住友精化	280	290	279	280	37
4010	三菱化学	459	460	440	440	3218
4021	日産化	570	598	570	590	1177
4022	ラサ工	357	358	345	351	92
4023	呉羽化	289	289	280	283	326
4025	多木化	338	363	338	363	32
4026	神島化	310	310	310	310	1
4027	テイカ	245	245	243	243	26
4028	石原産	185	189	182	182	348
4031	チッカリン	410	420	407	412	26
4032	日東バイオン	200	200	190	191	8
4033	日東エフシー	0	0	0	0	0
4041	日曹達	282	285	280	280	288
4042	東ソー	555	564	548	556	2022
4043	トクヤマ	535	540	520	534	451
4044	セ硝子	247	251	247	249	176
4045	東合成	197	199	196	196	938
4046	ダイソー	200	200	197	198	17
4047	関電化	341	343	338	338	26
4050	鶴見曹達	360	360	360	360	4
4061	電化	389	393	386	386	811
4062	イビデン	1437	1444	1433	1435	360
4063	信越化	5850	6080	5850	6000	824
4064	カーバイド	184	184	178	178	90
4065	紀文フ	395	403	391	403	97
4077	富士チタン工業	560	560	551	556	23
4078	堺化学	792	794	785	788	247
4079	ハクスイテック	2050	2100	2050	2090	3.5
4080	田中化研	2410	2600	2400	2600	15
4086	日本エア・リキード	310	310	305	305	54
4088	エアウォータ	287	289	280	289	126
4089	大阪酸素工業	185	185	182	182	9
4091	大陽日酸	290	293	290	290	91
4092	日本化	316	316	299	299	199
4093	アセチレン	95	96	95	95	7
4094	日化産	306	310	306	310	24
4095	パーカライ	318	318	317	318	9
4096	昭炭酸	289	289	280	280	9
4097	高圧ガス	303	303	298	298	16
4098	チタン	157	157	157	157	1
4099	四国化	319	319	312	313	8
4100	戸田工	429	430	421	422	33
4101	日興酸素	0	0	0	0	0
4102	丸尾カル	0	0	0	0	0
4103	大陽東洋酸素	190	190	185	187	23
4104	タテホ	191	191	190	190	2
4105	メルテックス	0	0	0	0	0
4106	ケムキャット	0	0	0	0	0
4107	伊勢化	355	355	355	355	4
4109	ステラケミ	8700	8700	8480	8480	14
4112	保土谷	170	171	170	170	38
4113	田岡化	0	0	0	0	0
4114	日触媒	451	451	447	448	204
4115	本州化	639	639	639	639	5
4116	大日精	354	357	354	357	3
4117	川崎化	142	142	142	142	3
4118	カネカ	1412	1418	1387	1387	833
4119	ピグメント	231	231	220	220	12
4120	スガイ	326	326	326	326	1
4123	山化成	924	924	900	920	13
4151	協発酵	1200	1204	1170	1170	1468
4182	菱ガス化	263	275	263	271	1291
4183	三井化学	790	820	788	819	2178
4185	ＪＳＲ	830	865	825	826	555
4186	東応化	2340	2380	2340	2345	83.3
4187	大有機	630	630	628	628	4
4201	日合成	185	187	181	181	267
4202	ダイセル	360	374	357	360	910
4203	住友ベ	1087	1122	1087	1102	444
4204	積水化	413	414	402	402	1278
4205	ゼオン	597	603	590	590	625
4206	アイカ	728	741	718	728	61
4208	宇部興	246	249	241	242	1197
4209	フドー	0	0	0	0	0
4210	東洋化学	450	450	436	436	22
4212	積水樹	394	396	381	381	40
4213	菱樹脂	174	174	168	168	118
4214	高分子	374	374	356	362	155
4215	タキロン	450	460	440	459	166
4216	旭有機	303	308	303	305	146
4217	日立化	2560	2630	2540	2600	266
4218	ニチバン	392	395	391	391	15
4219	プラス・テク	130	130	130	130	1
4220	リケンテクノ	351	353	350	350	24
4221	大倉工	361	365	360	363	32
4222	児玉化	86	87	86	87	18
4224	ロンシール	83	83	83	83	1
4225	筒中	322	325	322	325	67
4226	テスコ	0	0	0	0	0
4227	郡是高分子	227	227	227	227	1
4228	積化成	188	190	188	189	30
4229	群栄化	168	168	166	166	70
4231	タイガポリ	605	615	605	615	4
4232	東芝ケミカル	365	380	357	380	26
4233	ワコー	0	0	0	0	0
4271	カーリット	769	770	732	770	5
4272	日化薬	544	550	538	538	304
4274	細火工	0	0	0	0	0
4361	川口化	161	161	161	161	11
4362	日精化	403	408	400	408	6
4363	新日鐵化学	177	177	171	175	173
4364	マナック	0	0	0	0	0
4365	松本油脂	2260	2270	2250	2270	4
4366	ダイトーケミ	840	840	840	840	2
4367	広栄化学	0	0	0	0	0
4401	旭電化	832	835	819	823	142
4403	日油脂	280	280	275	275	223
4404	ミヨシ	268	271	268	268	34
4406	日理化	607	607	590	590	33
4409	東邦化	200	200	195	200	8
4410	ハリマ化成	391	395	385	393	19
4452	花王	3310	3390	3300	3330	1216
4461	一工薬	344	344	330	338	38
4462	石原薬品	0	0	0	0	0
4463	日華化学	305	305	305	305	1
4471	三洋化	1040	1040	1009	1026	208
4501	三共	2785	2800	2695	2775	868
4502	武田	7350	7670	7190	7600	1619
4503	アステラス薬	5960	6000	5790	5790	949
4505	第一製薬	1600	1615	1598	1600	308
4506	大日薬	865	868	841	842	470
4507	塩野義	1818	1880	1794	1850	503
4508	田辺薬	656	662	654	654	184
4509	三菱ウェルファーマ	1478	1590	1478	1560	791
4511	藤沢薬品	3550	3590	3520	3560	658
4512	わかもと	497	501	497	500	11
4514	帝臓器	847	848	826	826	7
4515	萬有製薬	2020	2035	1941	1941	250
4516	日新薬	710	710	691	691	30
4517	ビオフェル	900	940	900	940	2
4518	富山化	458	461	455	456	141
4519	中外薬	2010	2030	1971	2030	660
4520	和光堂	3450	3450	3400	3400	3.5
4521	科研薬	629	629	608	624	93
4523	エーザイ	2760	2800	2700	2800	254
4524	仁丹	0	0	0	0	0
4526	理ビタ	1375	1375	1349	1375	13
4527	ロート	790	804	785	800	23
4528	小野薬	3800	3920	3800	3900	405
4529	日研化	410	414	406	410	31
4530	久光薬	1515	1540	1515	1534	100
4531	有機薬	500	500	482	485	20
4534	持田薬	632	640	630	634	85
4535	大正薬	3700	3840	3700	3800	429
4536	参天薬	2300	2300	2135	2135	180
4537	エスエス	1101	1115	1100	1110	37
4538	扶桑薬	573	581	573	576	19
4539	ケミファ	288	288	285	288	23
4540	ツムラ	399	400	395	395	58
4541	日医工	198	200	190	200	17
4542	三笠薬	0	0	0	0	0
4543	テルモ	2955	3040	2955	3010	163
4544	みらかＨＤ	566	570	566	566	25
4545	国際試薬	380	380	370	380	10
4546	北陸製薬	878	910	875	905	103
4547	キッセイ	1758	1758	1695	1700	21
4548	生化学	1500	1550	1470	1550	49
4549	栄研化	1110	1149	1100	1149	15
4550	日水薬	0	0	0	0	0
4551	鳥居薬	2450	2470	2400	2425	23.3
4552	日本ケミカル	830	840	830	840	4
4553	東和薬品	1080	1100	1070	1090	24
4554	富士製薬	385	385	385	385	2
4555	沢井製薬	0	0	0	0	0
4556	カイノス	800	830	800	810	16
4557	医学生物	7600	8700	7600	8500	88
4558	中京医薬	1380	1380	1380	1380	1
4559	ゼリア新薬	1269	1270	1250	1265	26
4560	キョーリン薬	5000	5100	5000	5100	148
4561	デンカ生研	2390	2400	2260	2400	17
4611	大日塗	195	204	195	204	113
4612	日本ペ	277	278	262	262	162
4613	関西ペ	266	270	261	261	249
4614	トウペ	148	156	148	151	28
4615	神東塗	112	112	112	112	2
4616	川上塗	0	0	0	0	0
4617	中国塗	222	225	220	220	71
4619	日特塗	275	275	260	260	32
4620	藤倉化	484	492	480	492	18
4621	ロック	0	0	0	0	0
4622	ユニペイン	0	0	0	0	0
4623	アサヒペン	296	298	296	298	22
4624	イサム	0	0	0	0	0
4625	アトミクス	300	300	300	300	1
4626	太陽インキ	6400	6450	6300	6400	14.1
4627	ナトコ	920	1080	920	1080	17
4628	エスケー化研	2230	2230	2230	2230	1
4629	大伸化学	0	0	0	0	0
4631	インキ	440	445	420	421	781
4633	サカタＩＮＸ	289	298	282	282	21
4634	洋インキ	220	222	218	220	524
4635	東インキ	261	265	261	265	6
4636	Ｔ＆Ｋ	2900	3000	2900	3000	3.1
4640	アンドール	440	440	440	440	2
4641	アルプス技	1350	1500	1350	1490	25
4642	オリジナル設	1300	1300	1300	1300	3
4643	コナミスポ	8200	8200	8110	8150	8.4
4644	イマジニア	3080	3080	3010	3030	18.6
4645	市進	0	0	0	0	0
4646	ジャスフォート	980	980	960	960	0.4
4649	大成	0	0	0	0	0
4650	スガイエンタ	0	0	0	0	0
4651	サニックス	6350	6800	6350	6750	31.2
4652	ウッドランド	3640	3640	3520	3550	6
4653	ダイオーズ	0	0	0	0	0
4654	ニチゾウテク	330	330	330	330	1
4655	ＮＯＶＡ	990	990	980	980	23
4656	サン・ライフ	2920	2920	2800	2800	1.2
4657	環境管理	0	0	0	0	0
4658	日本空調	0	0	0	0	0
4659	エイジス	1400	1410	1400	1410	8
4660	ニッポン放送	7000	7500	6900	7500	49
4661	ＯＬＣ	11190	11350	10700	10700	126.2
4662	フォーカス	3210	3610	3210	3610	96
4663	ＡＴＬ	1180000	1250000	1160000	1250000	0.036
4664	ＲＳＣ	0	0	0	0	0
4666	パーク２４	12000	12500	12000	12360	57.1
4667	アイサンテク	300	305	300	305	6
4668	明光ネット	405	430	380	430	38
4669	ニッパンＲ	0	0	0	0	0
4670	セタ	0	0	0	0	0
4671	ファルコバ	3530	3610	3350	3520	91
4672	ベルックス	0	0	0	0	0
4673	川崎地質	0	0	0	0	0
4674	クレスコ	10500	11700	10500	11500	9.4
4675	エヌエス環境	0	0	0	0	0
4676	フジテレビ	1570000	1690000	1550000	1670000	2.945
4677	デザイ	730	730	730	730	1
4678	秀英	0	0	0	0	0
4679	田谷	1971	2050	1970	2050	5
4680	ラウンドワン	512000	519000	509000	514000	0.686
4681	リゾートトラ	2900	2900	2700	2770	27.5
4682	電通テック	13400	15000	13400	15000	16.1
4683	堀内カラー	0	0	0	0	0
4684	オービック	62300	65300	62000	65300	13.6
4685	菱友システム	690	690	670	670	3
4686	ジャスト	5050	5050	5050	5050	34.7
4687	ＴＤＣソフト	3940	3940	3900	3910	5.4
4688	日本ドレーク	24700	24700	23700	23700	3.8
4689	ヤフー	42900000	50000000	42500000	50000000	0.069
4690	日パレット	0	0	0	0	0
4692	アルゴ２１	3700	4090	3600	4090	30
4694	ＢＭＬ	4100	4250	4100	4250	18
4695	マイスター	0	0	0	0	0
4696	ワタベ	1211	1211	1210	1210	2
4697	ゼロ	3060000	3490000	3050000	3490000	0.061
4699	ウチダエスコ	0	0	0	0	0
4700	アクセス	13800000	14950000	13600000	14450000	0.038
4701	プレック研	701	701	700	700	3
4702	55ステーション	0	0	0	0	0
4703	住商オート	845	860	840	840	27
4704	トレンド	15400	16400	15200	16400	385.5
4705	クリップ	260	260	260	260	2
4706	富士通サポート	16630	18100	16500	17600	179.4
4707	キタック	0	0	0	0	0
4708	もしもしＨＬ	14400	15700	14400	15500	16
4709	ＩＤ	1380	1380	1310	1310	2
4710	ウィン	320	320	320	320	1
4711	コミュニティ	1381	1381	1282	1300	5.7
4712	アドアーズ	0	0	0	0	0
4713	日信電サ	0	0	0	0	0
4714	リソー教育	243000	250000	236000	236000	0.046
4715	クリエイティブ	406	410	406	410	7
4716	日本オラクル	79000	84100	78800	84100	109.7
4717	ソデッソジャパン	2050	2150	2050	2110	337
4718	早稲アカ	425	425	415	415	18
4719	アルファシス	19900	22000	19500	22000	34.9
4720	城南進研	725	735	725	735	2
4721	フジスタッフ	4390	4650	4140	4600	33
4722	フューチャー	30800000	30800000	30800000	30800000	0.004
4723	グッドウィル	2010000	2190000	1950000	2190000	1.587
4724	シチエ	1160	1250	1120	1190	60
4725	ＣＡＣ	6000	6130	5940	6050	95
4726	ソフトバンテク	28100	35500	28100	35500	27
4727	アジアＳ総研	4300	4400	4100	4160	6.4
4728	トーセ	8100	8390	8100	8190	22.4
4729	コナミスタジオ	5400000	5500000	5350000	5500000	0.03
4730	関西メンテ	790	790	789	789	3
4731	ユニバホーム	1470000	1470000	1430000	1430000	0.004
4732	ＵＳＳ	3810	4070	3800	4070	51
4733	ＯＢＣ	47100	49100	47100	49100	17.5
4734	ビーイング	2280	2280	2200	2220	32
4735	京進	450	450	450	450	1
4736	日本ラッド	2240	2290	2210	2210	13
4737	シダックス	1420	1430	1400	1410	23
4738	日立ビジネス	2485	2500	2450	2480	35
4739	ＣＴＣ	88000	90500	87500	90500	73.2
4740	ニューディル	3300000	3660000	3300000	3660000	0.049
4741	ＩＲＩ	18700000	20200000	18700000	20000000	0.042
4743	アイティフォ	6100	7100	6100	7100	35
4744	メッツ	2760000	2760000	2550000	2550000	0.018
4745	東京個別	5780	6000	5280	5900	17
4746	東計電算	1661	1750	1661	1750	12
4747	Ｃフィッシュ	14000000	15000000	14000000	14700000	0.074
4748	構造計画	2510	2900	2500	2900	14
4749	アドバックス	500	510	490	500	17
4750	ダイサン	346	390	346	351	26
4751	サイバエージ	8300000	9700000	8300000	9700000	0.021
4752	昭和システム	850	850	850	850	410
4753	ライブドア	4400000	4620000	4350000	4400000	0.263
4901	富士写	4310	4390	4300	4300	767
4902	コニカＨＤ	472	482	470	470	527
4911	資生堂	1430	1455	1420	1455	751
4912	ライオン	410	415	404	407	231
4913	サンスター	350	350	348	348	20
4914	高砂香	435	440	435	437	74
4915	エイボンＪ	231	231	230	230	19
4916	ノエビア	1050	1050	1050	1050	5
4917	マンダム	1760	1800	1730	1730	65
4918	アイビー	0	0	0	0	0
4919	ミルボン	0	0	0	0	0
4920	日本色材	0	0	0	0	0
4921	ファンケル	16000	16400	15900	16050	28.9
4922	コーセー	2360	2450	2350	2450	6
4951	エステー化	545	547	545	547	19
4953	タイホー工業	355	355	349	349	35
4954	マークテック	370	370	370	370	1
4955	アグロカネシ	670	670	652	652	7
4956	コニシ	1110	1150	1110	1120	4.2
4957	ヤスハラケミ	0	0	0	0	0
4958	長谷川香料	1850	1850	1810	1820	1.4
4959	シーシーアイ	0	0	0	0	0
4960	ケミプロ	490	490	475	475	2
4961	日油技研	0	0	0	0	0
4963	星光ＰＭＣ	556	556	555	555	2
4964	星光化学工業	0	0	0	0	0
4965	曽田香料	0	0	0	0	0
4966	上村工	1860	1890	1860	1890	13
4967	小林製薬	10900	11000	10900	11000	30
4968	荒川化工	0	0	0	0	0
4970	東洋合成	1390	1390	1250	1350	56
4987	寺岡製	695	695	691	691	3
4989	イハラケミ	231	240	229	229	23
4990	昭和化	294	294	294	294	1
4992	北興化	355	358	353	354	20
4996	クミアイ化	195	197	195	195	57
4997	日農薬	219	223	214	223	64
4998	フマキラ	220	220	215	215	15
4999	セメダイン	253	253	253	253	2
5001	新日本石油	400	402	390	390	2187
5002	昭和シェル	450	457	450	455	309
5005	東  燃	644	650	640	645	310
5006	興亜石油	282	287	282	285	136
5007	コスモ石	140	146	139	142	1095
5008	東亜石	118	118	116	116	78
5009	富士興	75	77	75	77	38
5010	日精蝋	95	95	95	95	2
5011	ニチレキ	447	448	442	448	8
5012	東燃ゼネ石	240	244	237	237	557
5013	ユシロ	460	460	455	460	20
5014	ジャパンエナジー	111	113	107	108	5523
5015	ＢＰカスト	615	615	615	615	2
5101	浜ゴム	301	304	290	290	585
5102	大機エンジ	225	225	225	225	1
5103	昭ゴム	159	160	145	158	59
5104	日東化工	101	101	100	100	5
5105	洋ゴム	156	158	155	155	248
5106	オーツタイヤ	187	188	182	182	13
5108	ブリヂストン	2340	2365	2290	2290	1280
5110	住友ゴ	551	554	540	540	184
5121	藤ゴム	215	215	212	212	3
5122	オカモト	233	233	231	233	52
5123	ミサワ東洋	135	135	135	135	1
5142	アキレス	169	174	168	173	182
5143	世界長	200	205	196	205	83
5161	西川ゴム	0	0	0	0	0
5162	朝日ラバー	1260	1330	1260	1330	8
5184	ニチリン	300	300	300	300	3
5185	フコク	0	0	0	0	0
5186	ニッタ	920	926	920	922	21.7
5187	クリエート	820	820	820	820	1
5188	帝都ゴム	95	95	91	92	8
5189	桜ゴム	0	0	0	0	0
5191	東海ゴ	830	841	830	841	34
5192	三星ベ	292	295	285	286	69
5193	平成ポリマー	102	102	100	100	17
5194	相模ゴ	575	600	550	550	5
5195	バンドー	234	234	230	230	101
5196	鬼ゴム	83	83	82	83	46
5199	不二ラテ	170	170	170	170	2
5201	旭硝子	880	896	870	883	1807
5202	板硝子	1085	1100	1058	1090	1081
5204	石塚硝	182	182	182	182	11
5205	日本無機	355	380	350	375	68
5208	有沢製	2340	2350	2300	2350	13
5210	日山村硝	206	212	205	207	152
5212	不二硝	0	0	0	0	0
5213	芝セラミ	665	709	665	705	803
5214	日電硝	1780	1950	1779	1910	2885
5215	旭テクノグラス	840	880	840	860	135
5216	倉元	1600	1660	1580	1600	12.1
5217	テクノクオツ	2450	2530	2410	2530	10
5232	住友大阪	382	387	375	380	1047
5233	太平洋セメ	180	180	174	175	2157
5234	デイ・シイ	158	158	152	152	2
5237	ノザワ	90	90	90	90	4
5261	ミサワリゾ	251	256	250	250	12
5262	日ヒューム	243	245	243	244	6
5266	テイヒュー	140	140	140	140	2
5267	ハネックス	120	121	120	120	4
5268	旭コン	325	325	325	325	1
5269	日コン	110	110	108	108	15
5271	トヨアサノ	0	0	0	0	0
5272	浅野スレ	80	80	80	80	2
5273	三谷セキ	247	247	247	247	2
5274	ゼニパイプ	0	0	0	0	0
5276	石建工	499	499	499	499	126
5277	スパンクリト	270	275	255	265	34
5278	エバタ	0	0	0	0	0
5279	日本興業	243	244	243	244	3
5280	ヨシコン	0	0	0	0	0
5281	旭ダンケ	0	0	0	0	0
5282	ジオスター	990	1009	990	1009	53
5283	高見沢	359	359	359	359	5
5284	ヤマウ	0	0	0	0	0
5285	ヤマックス	0	0	0	0	0
5286	武井工業	290	290	290	290	1
5287	イトヨーギョ	1090	1090	1080	1080	3
5301	東海カ	239	240	234	234	692
5302	カーボン	142	145	140	140	513
5304	エスイ−シ−	0	0	0	0	0
5331	ノリタケ	492	507	492	495	326
5332	ＴＯＴＯ	653	653	653	653	444
5333	ガイシ	906	924	900	919	838
5334	特殊陶	1192	1254	1192	1240	1520
5336	INAX	585	623	585	622	1278
5337	ダントー	340	345	335	345	229
5338	大トー	284	284	265	265	10
5341	アサヒ陶	120	120	120	120	2
5342	ジャニス	70	70	70	70	1
5343	ニッコー	0	0	0	0	0
5344	ＭＡＲＵＷＡ	2430	2500	2400	2500	19
5351	白煉瓦	350	354	331	331	176
5352	黒崎	169	170	168	170	43
5355	ルツボ	0	0	0	0	0
5356	美濃窯	244	244	244	244	1
5357	ヨータイ	175	180	175	176	5
5358	イソライト	179	180	179	180	3
5361	東海熱	639	639	590	621	370
5362	九州耐	210	210	210	210	4
5363	ＴＹＫ	193	195	192	192	14
5367	ニッカトー	852	878	851	852	10
5382	中央商事	0	0	0	0	0
5383	三共理化	0	0	0	0	0
5384	フジミインコ	3750	3770	3730	3750	8.1
5386	鶴弥	660	660	660	660	1
5387	チヨダウーテ	945	970	945	950	7
5388	クニミネ	250	250	250	250	2
5389	日レヂボン	0	0	0	0	0
5390	宇部マテリア	160	160	158	158	21
5391	Ａ＆ＡＭ	117	118	117	117	5
5393	ニチアス	190	199	187	196	564
5395	コランダム	167	170	167	170	2
5397	ＭＩＥテクノ	0	0	0	0	0
5398	日研紙	200	200	191	191	9
5401	新日鉄	253	257	251	256	15528
5403	川崎製鉄	187	190	185	189	8323
5404	日本鋼管	75	75	73	73	8190
5405	住金	82	83	80	81	7666
5406	神戸鋼	73	75	73	74	2975
5407	日新鋼	120	123	119	120	405
5408	中山鋼	177	178	172	172	85
5410	合同鉄	98	102	97	102	336
5423	東京製鉄	311	311	298	298	172.2
5443	東洋製鋼	60	60	57	57	18
5444	大和工	438	447	436	441	73
5445	東京鉄	82	83	82	82	32
5446	北越メ	135	135	135	135	6
5448	東京鋼鉄	0	0	0	0	0
5449	大阪製鉄	456	461	456	460	22.1
5451	淀川鋼	296	300	294	294	130
5453	洋鋼鈑	391	400	391	397	64
5454	日鉄鋼板	210	230	210	214	92
5457	住友鋼管	328	336	327	328	53
5458	高砂鉄	120	120	115	115	7
5461	中部鋼	133	133	129	131	21
5462	日鉄鋼管	0	0	0	0	0
5463	丸一管	1240	1251	1233	1233	53
5464	モリ工	256	256	250	250	12
5471	大同特鋼	198	200	191	193	1298
5476	高周波	90	95	90	90	438
5479	日金工	110	110	105	105	281
5480	冶金工	94	96	92	96	284
5481	山陽鋼	154	156	153	154	144
5482	愛知鋼	344	355	338	338	162
5484	東北鋼	470	470	470	470	1
5486	日立金	810	848	801	834	2044
5491	日金属	117	117	113	113	77
5541	大平金	222	230	215	219	1226
5542	報国鉄	0	0	0	0	0
5562	日本重化学	135	138	133	134	459
5563	日本電工	204	205	195	195	752
5566	中央電	201	210	200	203	30
5602	栗本鉄	0	0	0	0	0
5603	虹技	147	148	146	148	39
5605	自動鋳	79	79	79	79	2
5606	旭テック	151	158	150	152	46
5607	中可鍛	249	249	249	249	15
5608	川口金	0	0	0	0	0
5609	日鋳造	93	93	92	92	12
5610	大和重	0	0	0	0	0
5612	鋳鉄管	220	220	210	211	17
5613	日本カタン	0	0	0	0	0
5631	日製鋼	117	120	117	117	442
5632	菱製鋼	94	97	94	94	199
5633	関東特殊製鋼	79	80	79	80	49
5641	ＴＤＦ	184	200	184	200	58
5642	日本鍛工	0	0	0	0	0
5644	メタルアート	0	0	0	0	0
5645	イチタン	111	112	111	112	5
5657	鈴木金	160	165	160	165	5
5658	日亜鋼	452	453	445	449	28
5659	日精線	221	221	217	217	8
5660	神鋼線	87	87	86	87	10
5691	東京シヤリング	0	0	0	0	0
5694	大和綱帯	0	0	0	0	0
5695	パウダテック	405	405	405	405	1
5696	川鉄鋼板	115	115	114	114	3
5697	サンユウ	0	0	0	0	0
5701	日軽金	92	92	89	89	659
5702	大紀ア	165	169	165	167	5
5706	三井金	626	638	626	630	1173
5707	東邦鉛	236	240	229	229	566
5711	三菱マ	375	376	366	371	5588
5713	住友鉱	339	345	336	341	2954
5714	同和鉱	290	292	280	283	685
5715	古河機金	230	230	223	224	793
5716	日鉱金属	810	860	810	850	394
5721	Ｓサイエンス	1060	1117	1020	1090	1875
5727	邦チタ	462	462	462	462	4
5728	アライドマテリアル	1063	1063	1041	1041	6
5729	日精鉱	198	198	195	196	6
5734	昭和アルミ	133	133	129	129	101
5738	住軽金	84	84	82	83	108
5739	日製箔	147	147	147	147	1
5740	九州不二サッシ	0	0	0	0	0
5753	日伸銅	65	65	65	65	7
5756	東海アルミ箔	54	54	54	54	21
5757	サンエツ	0	0	0	0	0
5771	菱伸銅	263	264	255	258	202
5781	東邦金	155	155	147	147	3
5801	古河電	1602	1710	1602	1700	1483
5802	住友電	1470	1490	1463	1466	1712
5803	フジクラ	521	534	520	523	979
5804	菱線工	266	270	265	266	401
5805	昭電線	183	185	180	180	541
5807	東特線	342	345	331	335	26
5808	理研線	210	210	210	210	2
5809	タツタ	189	194	185	194	253
5810	第一電工	103	106	102	105	102
5811	トヨ電線	0	0	0	0	0
5812	日立線	1019	1058	1010	1058	1657
5813	花島電線	0	0	0	0	0
5815	沖電線	250	250	245	245	13
5816	オーナンバ	0	0	0	0	0
5817	日電線	0	0	0	0	0
5818	東日京三電線	0	0	0	0	0
5819	カナレ電気	1500	1550	1500	1550	2.3
5820	三ッ星	0	0	0	0	0
5851	リョービ	132	133	130	130	119
5852	アーレスティ	250	250	250	250	1
5853	京都ダイカスト	152	152	151	151	2
5854	東京理化工	134	134	131	131	7
5855	アサヒプリテ	2330000	2340000	2330000	2330000	0.005
5900	ダイケン	410	410	395	400	3
5901	洋カン	1989	1989	1899	1899	317
5902	北カン	212	213	206	207	102
5903	シンポ	610	610	600	600	3
5904	アルコアシステム	0	0	0	0	0
5905	日カン	0	0	0	0	0
5906	エムケー精工	0	0	0	0	0
5907	ＪＦＥコンテ	129	129	125	125	4
5908	日鉄ドラム	295	295	295	295	3
5909	コロナ	1022	1022	1022	1022	3
5910	立山アルミ	230	230	230	230	3
5911	横河ブ	332	332	321	321	37
5912	日本橋	122	122	120	120	4
5913	松尾橋	200	200	188	195	36
5914	宮地鐵工所	198	198	190	190	15
5915	駒井鉄	345	350	337	345	65
5916	ハルテック	203	203	201	201	8
5917	サクラダ	89	89	89	89	7
5918	滝上工	335	340	335	340	2
5919	日鉄塔	0	0	0	0	0
5920	鈴木シャ	212	212	212	212	1
5921	川岸工	250	250	250	250	5
5922	那須鉄	0	0	0	0	0
5923	高田機	457	457	450	450	17
5924	新日軽	75	75	74	74	26
5925	酒井鉄工所	0	0	0	0	0
5926	安治川鉄工	105	105	105	105	1
5927	ホリー	122	122	122	122	8
5928	アルメタクス	230	230	220	223	15
5929	三和シャタ	314	319	311	313	204
5930	文化シヤタ	231	233	228	232	66
5931	川田工	225	225	216	225	47
5932	三協アルミ	99	99	95	98	80
5933	アルインコ	200	220	200	206	93
5934	日本ア	64	64	61	61	4
5935	元旦	0	0	0	0	0
5936	洋シヤタ	117	120	116	117	61
5937	洋エクス	752	773	750	750	80
5938	住生活Ｇ	1685	1685	1635	1644	426
5939	大谷工業	0	0	0	0	0
5940	不二サッシ	156	156	151	152	3.4
5941	中西製	0	0	0	0	0
5942	フイルコン	315	315	315	315	1
5943	ノーリツ	1300	1340	1280	1280	123
5944	日立粉末	698	709	698	705	16
5945	天竜製鋸	0	0	0	0	0
5946	長府製	1499	1500	1490	1490	8.2
5947	リンナイ	1960	1990	1960	1961	13.6
5949	ユニプレス	200	209	200	205	5
5950	パワーファス	0	0	0	0	0
5951	ダイニチ工業	293	299	293	299	2
5952	アマテイ	100	100	100	100	1
5954	トープラ	138	143	137	137	5
5955	ヤマシナ	256	294	250	280	497
5956	トーソー	291	291	290	290	15
5957	日東精	183	185	183	184	33
5958	三洋工	204	222	201	220	140
5959	岡部	280	283	277	283	15
5961	トーカロ	600	600	600	600	1
5962	浅香工	0	0	0	0	0
5963	日立ツール	360	361	360	361	11
5964	洋刃物	0	0	0	0	0
5965	フジマック	0	0	0	0	0
5966	ＫＴＣ	280	280	280	280	1
5967	前田金	0	0	0	0	0
5969	ロブテックス	120	120	120	120	6
5970	菊池プレス	0	0	0	0	0
5971	共和工業	0	0	0	0	0
5972	日本建鐵	305	307	305	305	15.5
5973	トーアミ	540	540	525	525	2
5974	中国工	167	168	166	166	35
5975	東プレ	349	353	342	342	88
5976	ネツレン	265	265	263	263	18
5977	コマツ電子	1180	1180	1120	1140	8.9
5979	カネソウ	0	0	0	0	0
5980	田中亜鉛	0	0	0	0	0
5981	東京綱	153	153	142	142	287
5982	マルゼン	340	340	331	331	5
5983	イワブチ	0	0	0	0	0
5984	兼房	498	498	498	498	1
5985	サンコール	436	449	436	449	11
5986	モリテック	241	245	240	245	3
5987	オーネックス	0	0	0	0	0
5988	パイオラクス	800	800	800	800	3
5989	ヒラタ	370	370	361	361	3
5990	スーパツール	125	125	121	121	3
5991	ニッパツ	366	370	361	365	386
5992	中央発條	375	375	367	370	12
5993	知多鋼	0	0	0	0	0
5994	ファインＳ	481	481	440	456	53
5995	科学冶金	0	0	0	0	0
5996	新立川	990	990	980	980	0.3
5997	協立エアテク	0	0	0	0	0
5998	アドバネクス	280	318	280	311	340
5999	イハラサイエ	215	220	215	216	12
6005	三浦工	1280	1290	1215	1253	78.9
6011	新潟鉄工所	105	105	98	102	2307
6013	タクマ	1025	1040	1015	1025	275
6016	神発動	114	116	114	114	9
6018	阪神燃	84	84	84	84	2
6020	神鋼造機	96	96	96	96	1
6021	ロビン	0	0	0	0	0
6022	赤阪鉄	97	97	97	97	1
6023	ダイハツデ	0	0	0	0	0
6041	ボッシュ	153	154	151	153	312
6042	ニッキ	150	150	150	150	1
6101	ツガミ	618	637	615	618	941
6102	池貝	195	197	190	197	206
6103	オークマ	443	450	436	436	244
6104	東芝機	225	225	216	223	102
6106	日立精機	175	178	175	178	55
6107	アマダマシ	240	245	230	238	346
6111	旭精機	233	233	233	233	1
6112	小島鉄	152	155	152	152	13
6113	アマダ	980	1015	980	990	3615
6114	住倉工業	207	214	199	210	128
6118	アイダ	458	467	455	465	108
6119	ゼィープラス	250	250	250	250	1
6121	滝澤鉄	85	86	85	86	2
6125	岡本工	130	130	124	125	40
6126	大ダイヤ	183	183	183	183	1
6130	日平トヤマ	206	206	203	203	10
6131	浜井産	177	185	177	185	27
6134	富機製	7400	7480	7400	7450	34.2
6135	牧野フ	1090	1119	1076	1090	778
6136	ＯＳＧ	518	555	510	546	260
6137	小池工	155	155	150	150	33
6138	ダイジェト	136	136	133	135	11
6139	東芝タンガロイ	240	245	240	245	126
6140	旭ダイヤ	638	660	638	655	372
6141	森精機	1769	1840	1769	1823	425
6142	富士精	0	0	0	0	0
6143	ソディック	736	746	730	746	126
6144	西部電機	244	245	244	245	13
6145	日特エンジ	1750	1750	1680	1720	89
6146	ディスコ	17910	18490	17510	18300	56.3
6147	ヤマザキ	0	0	0	0	0
6148	UHT	2160	2220	2150	2150	16
6149	小田原エンジ	700	700	680	680	3.5
6150	タケダ機械	0	0	0	0	0
6151	日東工器	2650	2650	2500	2520	4.4
6201	豊田織	2125	2140	2110	2110	324
6203	豊和工	140	145	140	141	67
6204	キリウ	171	171	170	170	16
6205	ＯＫＫ	126	127	125	125	70
6206	豊田工	869	889	869	882	77
6208	石川製	142	145	137	145	411
6210	東洋機械	580	584	580	581	5
6211	倉敷機	76	76	76	76	1
6212	帝人製機	174	174	167	167	24
6213	ＯＭ製	155	155	150	150	5
6214	大隈豊和機械	181	184	176	179	29
6216	寿工業	0	0	0	0	0
6217	津田駒	143	145	140	141	23
6218	エンシュウ	164	164	156	156	14
6221	大東製機	275	275	275	275	2
6222	島精機	2130	2290	2130	2200	29.5
6242	スピンドル	200	200	195	200	34
6245	ヒラノテク	262	262	262	262	6
6246	井上金	149	149	148	148	5
6247	日阪製	449	450	439	450	52
6271	ニッセイ	850	850	850	850	19
6272	レオン	381	400	381	396	16
6273	ＳＭＣ	20520	21300	20380	21300	147.2
6274	新川	4010	4110	3950	4100	51.5
6275	イセキ開発工	0	0	0	0	0
6276	ナビタス	925	930	910	910	5
6277	ホソミクロン	611	629	611	619	16
6278	ユニオンツル	16700	16800	16460	16460	23.4
6279	瑞光	1410	1420	1400	1400	18.2
6280	名機製	1440	1450	1420	1450	34
6281	前田製作	460	460	460	460	1
6282	オイレス	1611	1625	1580	1580	39.7
6283	オリイメック	0	0	0	0	0
6284	ＡＳＢ機械	553	570	552	570	29
6286	静甲	0	0	0	0	0
6287	サトー	2990	3130	2990	3070	34.2
6288	ハマダ印刷機	0	0	0	0	0
6289	技研製	320	320	320	320	1
6290	ＳＥＳ	1560	1560	1520	1550	22
6291	エアーテック	0	0	0	0	0
6292	カワタ	950	950	900	950	11
6293	日精樹脂	1166	1166	1160	1166	15
6294	オカアイヨン	199	220	199	220	37
6295	富士変速	0	0	0	0	0
6296	ロキテクノ	980	980	960	970	10
6297	鉱研工業	450	480	450	461	34
6298	ワイエイシイ	1900	2000	1870	1870	80
6299	神鋼環境Ｓ	275	275	275	275	3
6300	アピクヤマダ	862	862	862	862	1
6301	コマツ	550	560	547	553	2339
6302	住友機	271	273	264	267	2097
6303	ササクラ	402	402	402	402	2
6304	マキ製作所	0	0	0	0	0
6305	日立建機	427	447	427	435	122
6306	日工	227	233	227	230	17
6307	サンセイ	107	108	107	108	7
6309	巴工業	0	0	0	0	0
6310	井関農	110	113	109	109	244
6311	セイレイ工業	302	306	302	306	13
6312	フロイント	0	0	0	0	0
6313	共立	138	138	134	134	22
6314	石井工研	900	900	880	880	0.9
6315	ＴＯＷＡ	3580	3840	3560	3790	53.5
6316	丸山製	166	166	160	165	131
6317	北川鉄	137	139	137	139	110
6319	シンニッタン	199	199	196	198	25
6320	新ダイワ	0	0	0	0	0
6321	石搬機	357	357	355	355	3
6322	タクミナ	0	0	0	0	0
6323	ローツェ	2550	2600	2500	2600	6
6324	ハーモニック	2990000	3130000	2990000	3130000	0.006
6325	タカキタ	185	185	181	182	10
6326	クボタ	393	395	375	375	1301
6327	北川精機	0	0	0	0	0
6328	荏原実業	1210	1300	1200	1300	17
6329	ＨＥＣ	605	610	590	590	17
6330	東洋エンジ	114	116	113	115	306
6331	化工機	225	229	225	227	70
6332	月島機	675	675	667	670	59
6333	帝国電	0	0	0	0	0
6334	明治機	399	400	375	382	394
6335	東京機	414	418	414	415	58
6336	石井表記	2900	2900	2900	2900	3
6337	テセック	6300	7140	6300	7140	50
6339	新東工	251	251	245	245	31
6340	渋谷工	875	900	875	900	5
6341	日立造船富岡	210	210	179	179	4
6342	太平製	0	0	0	0	0
6343	フリージア	84	90	84	90	9
6345	アイチコーポ	172	180	172	172	38.1
6346	菊川鉄	0	0	0	0	0
6347	プラコー	0	0	0	0	0
6348	日本マリンテクノ	0	0	0	0	0
6349	小森	1400	1412	1380	1412	197
6350	新日本造機	0	0	0	0	0
6351	鶴見製	486	495	481	486	54
6352	トヨコケン	0	0	0	0	0
6354	日立機電	405	409	405	409	5
6355	住友精	395	395	376	379	25
6356	日ギア	181	181	181	181	1
6357	三精輸	340	340	335	335	55
6358	酒井重	245	265	245	258	374
6359	粟村製作所	0	0	0	0	0
6360	東自機	369	369	334	334	16
6361	荏原	1385	1400	1361	1381	1260
6362	石井鉄	215	215	207	210	5
6363	酉島	488	495	482	490	14
6364	北越工	0	0	0	0	0
6365	電業社	4510	4700	4510	4600	2.6
6366	千代建	168	170	162	163	375
6367	ダイキン	1860	1877	1800	1860	477
6368	オルガノ	390	394	385	390	30
6369	トヨカネツ	120	126	118	119	1185
6370	栗田工	2040	2140	2035	2120	143
6371	椿本チ	462	505	460	483	1826
6372	セイサ	87	87	86	86	13
6373	大同工	195	196	195	196	14
6374	ＴＣＭ	163	165	161	163	105
6375	コンベヤ	130	138	130	132	465
6376	日機装	502	512	502	510	90
6377	甲陽建設	320	334	320	320	45
6378	木村化	155	160	155	160	3
6379	新興プラン	120	120	113	113	22
6380	オリチェン	90	90	90	90	2
6381	アネスト岩田	154	154	154	154	4
6382	トリニ工	0	0	0	0	0
6383	ダイフク	1140	1219	1140	1217	1090
6386	扶桑レクセ	1181	1200	1165	1190	10
6388	ミサワバン	260	280	255	276	78
6389	内田油圧	80	80	80	80	2
6390	加藤製	163	167	161	167	48
6391	加地テック	180	180	176	176	7
6392	ヤマダコーポ	167	167	163	163	8
6393	油研工	127	132	127	132	20
6394	大江工業	0	0	0	0	0
6395	タダノ	201	205	201	201	102
6396	宇野鉄	160	160	160	160	10
6397	郷鉄工	0	0	0	0	0
6398	日本電産シンポ	0	0	0	0	0
6403	水道機	0	0	0	0	0
6406	フジテック	880	888	877	883	89
6407	シーケーディ	570	580	563	570	141
6408	クラッチ	990	990	990	990	4
6409	キトー	330	330	330	330	1
6411	中野冷	0	0	0	0	0
6412	平和	2150	2195	2130	2130	115.8
6413	理想科学	2950	2960	2950	2950	8.4
6414	川重冷熱	0	0	0	0	0
6415	ニスカ	0	0	0	0	0
6416	桂川電機	325	325	320	320	8
6417	ＳＡＮＫＹＯ	4390	4460	4350	4360	113.9
6418	日金銭	1750	1750	1720	1749	17
6419	マース	2520	2590	2500	2550	11.7
6420	福島工業	612	612	602	602	2
6421	キヤノンＦ	702	723	702	723	11
6422	キヤノン化成	1020	1050	1020	1050	7
6423	アビリット	5900	5900	5680	5690	108.1
6424	高見サイ	464	464	464	464	1
6425	アルゼ	5900	6100	5850	5970	51.3
6426	サミー	4000	4050	4000	4020	14.9
6427	東北リコー	923	923	922	923	3
6431	キャノンＮＴＣ	290	290	290	290	9
6436	アマノ	895	930	876	925	233
6437	三条機	156	156	156	156	1
6439	中日鋳	137	137	137	137	1
6440	ＪＵＫＩ	189	228	189	220	1765
6442	コピア	290	290	285	288	6
6443	東洋製	140	140	140	140	1
6444	サンデン	550	564	550	561	390
6445	蛇の目	115	115	107	108	524
6448	ブラザー	265	268	264	264	185
6453	シルバ精	181	190	181	188	190
6454	マックス	820	824	810	810	112
6455	モリタ	290	290	286	287	31
6457	グローリー	1740	1750	1660	1709	81
6458	新晃工	145	156	144	156	31
6459	大和冷	301	310	301	305	20
6461	日ピス	158	158	153	153	173
6462	リケン	230	235	225	235	75
6463	ＴＰＲ	270	270	270	270	1
6466	トウアバルブ	185000	195000	170000	170000	0.027
6467	ニチダイ	530	535	520	525	15
6468	駿河精機	2660	2980	2660	2980	13
6469	放電精密	0	0	0	0	0
6470	大豊工業	901	930	900	930	34
6471	日精工	818	825	788	791	1081
6472	ＮＴＮ	360	361	346	350	1028
6473	光洋精	769	770	745	745	429
6474	不二越	190	193	188	188	263
6475	天辻	950	950	950	950	1
6476	富士テクニカ	0	0	0	0	0
6477	ツバキ・ナカ	1320	1430	1320	1396	214
6478	ダイベア	204	204	204	204	2
6479	ミネベア	1400	1405	1360	1366	955
6480	トムソン	1021	1050	1021	1034	150
6481	ＴＨＫ	4480	4600	4450	4520	531.2
6482	ユーシン精機	8900	9000	8510	8910	9.9
6483	川重防災	0	0	0	0	0
6484	ＫＶＫ	0	0	0	0	0
6485	前沢給装	592	600	592	600	5
6486	イーグル工	325	325	324	324	8
6487	積水工機	0	0	0	0	0
6488	ヨシタケ	286	286	286	286	1
6489	前沢工業	990	993	985	992	28.9
6490	ピラー	771	800	771	795	183
6492	岡野バ	150	150	150	150	1
6493	日鍛バ	185	185	185	185	11
6494	ファネス	360	365	360	365	4
6495	宮入バ	100	100	100	100	6
6496	中北製	0	0	0	0	0
6497	ハマイ	470	470	445	445	10
6498	キッツ	176	177	170	172	89
6499	大隈エンジニア	158	158	158	158	3
6501	日立	1330	1358	1325	1326	9445
6502	東芝	1000	1024	1000	1005	4741
6503	三菱電	944	965	935	948	2976
6504	富士電機ＨＤ	354	357	349	353	1056
6505	東洋電	178	178	172	175	33
6506	安川電	1420	1480	1410	1480	1109
6507	神鋼電	173	178	171	171	238
6508	明電舎	225	227	220	220	260
6513	オリジン	1160	1251	1160	1215	228
6516	山洋電	447	455	445	450	63
6517	デンヨー	706	712	706	712	8
6518	三相電機	0	0	0	0	0
6581	日立工	271	274	270	274	77
6584	三桜工	582	600	582	595	51
6585	サーボ	282	282	282	282	1
6586	マキタ	955	979	950	970	111
6587	松下精工	408	418	401	403	49
6588	東芝テック	440	445	430	440	351
6590	芝浦	1165	1220	1161	1218	160
6591	西芝電	169	169	158	158	6
6592	マブチ	12520	12920	12500	12720	66.6
6593	ローヤル電	0	0	0	0	0
6594	日電産	8080	8350	8050	8100	135
6621	高岳	181	181	177	178	86
6622	ダイヘン	226	228	222	228	162
6623	愛電機	0	0	0	0	0
6624	田淵電	299	300	295	295	13
6641	日新電	252	252	247	249	67
6643	戸上電	175	175	175	175	6
6644	大崎電	470	470	467	467	21
6645	オムロン	2950	2995	2870	2995	662
6646	エナジーサポ	320	320	320	320	3
6647	森尾電	165	165	159	160	19
6648	かわでん	78	84	78	80	22
6650	春日電	172	172	172	172	1
6651	日東工	609	611	606	607	49
6652	和泉電	1439	1518	1431	1482	122.5
6654	不二電機	666	695	666	695	3
6655	東洋電機	0	0	0	0	0
6701	ＮＥＣ	2925	2965	2900	2900	3981
6702	富士通	3050	3130	3010	3060	5752
6703	沖電気	692	693	681	681	1326
6704	岩崎通	240	248	240	247	144
6705	ＮＥＣインフ	560	580	550	557	76
6706	電気興	1066	1100	1050	1070	143
6707	サンケン	630	635	626	628	183
6708	東洋通	2210	2295	2180	2220	998
6709	明星電	0	0	0	0	0
6710	大興電機製作	186	186	180	180	10
6711	高見澤電機	189	190	189	190	28
6712	田村電機製作	305	311	305	306	52
6714	神田通信工業	265	266	265	266	11
6715	ナカヨ通	329	329	326	326	4
6716	中央無	470	500	465	500	4
6717	富士通アクセ	2480	2540	2450	2520	35.9
6718	アイホン	1515	1515	1455	1455	15.1
6741	信号	456	461	450	450	65
6742	京三	246	252	245	252	65
6743	大同信	0	0	0	0	0
6744	能美防災	348	350	348	348	17
6745	ホーチキ	300	305	300	301	5
6747	小糸工	345	345	342	343	38
6748	星和電	0	0	0	0	0
6749	マスプロ	1195	1210	1187	1210	5.2
6751	日無線	1000	1000	986	1000	435
6752	松下	2945	2985	2920	2950	2289
6753	シャープ	2035	2085	2035	2040	2186
6754	アンリツ	906	930	906	910	290
6755	富士通ゼ	650	664	649	657	51
6756	日立国際	1205	1289	1200	1289	295
6758	ソニー	14200	14250	13900	14020	2619.2
6759	ＮＥＣトーキ	710	716	702	710	89
6761	アイワ	1700	1700	1651	1651	88.9
6762	ＴＤＫ	12950	13300	12900	13160	392
6763	帝通工	358	362	352	358	26
6764	三洋電	690	704	681	691	9865
6765	ケンウッド	478	487	475	480	378
6766	宮越商	71	71	65	67	29
6767	ミツミ	3850	3950	3800	3810	100
6768	タムラ	471	475	461	470	120
6770	アルプス	1469	1469	1410	1438	654
6771	池上通	401	410	401	405	49
6772	コスモス	0	0	0	0	0
6773	パイオニア	2755	2820	2755	2755	671
6775	東和メクス	151	154	150	151	108
6776	天昇電	0	0	0	0	0
6779	日電波	3990	3990	3810	3900	101.1
6780	日立電子	540	550	535	547	26
6781	松下通信工業	15700	16900	15690	16210	513
6782	九州松下電器	1140	1140	1128	1128	340
6783	松下寿電子	2350	2445	2350	2380	152
6791	コロムビア	191	194	188	188	95
6792	ビクター	642	688	642	676	497
6793	山水電	26	26	25	26	895
6794	フォスター	690	699	690	699	9
6796	クラリオン	540	540	522	530	625
6798	ＳＭＫ	1080	1110	1070	1110	317
6799	日本マランツ	230	230	230	230	1
6800	ヨコオ	3200	3340	3150	3330	101
6801	東光	815	828	815	820	150
6802	赤井電機	45	47	45	46	876
6803	ティアック	434	440	427	440	203
6804	ホシデン	4800	4900	4800	4900	215
6805	八木アン	0	0	0	0	0
6806	ヒロセ電	13410	13900	13300	13700	77.4
6807	航空電子	600	602	590	591	141
6808	シントム	85	89	83	86	3325
6809	ＴＯＡ	345	355	340	341	17
6810	マクセル	2610	2670	2585	2660	103
6811	クオンツ	720	770	720	769	39
6812	ジャルコ	433	433	433	433	1
6813	ナカミチ	138	140	138	140	34
6814	古野電	415	415	415	415	2
6815	ユニデン	910	910	870	881	207
6816	アルパイン	1610	1610	1580	1590	56
6817	スミダコーポ	4500	4640	4500	4580	14.5
6818	島田理	1130	1140	1110	1110	12.5
6819	オメガ・プロ	1600	1750	1600	1690	254
6820	アイコム	2070	2100	2050	2080	21
6821	バーテクスＳ	1110	1110	1100	1100	3
6822	大井電気	400	402	400	400	18
6823	リオン	1240	1300	1240	1300	2
6824	新コスモス	380	390	380	390	7
6826	本多通信	3590	3850	3450	3720	31
6827	東北パイオ	6950	7050	6840	6990	107
6837	京写	1900	1900	1700	1780	40
6838	多摩川電	2000	2000	2000	2000	2
6839	船井電	53000	55500	50500	54200	35.8
6840	アドテック	1030	1030	1030	1030	3
6841	横河電	1009	1018	1009	1010	328
6842	ユニパルス	1200	1200	1200	1200	4
6843	東光精機	0	0	0	0	0
6844	新電元	530	533	529	532	99
6845	山武	888	899	875	890	48
6846	中央製	0	0	0	0	0
6847	安藤電気	1930	1980	1925	1980	27
6848	東亜ＤＫＫ	305	310	295	295	18
6849	日本光電	317	323	316	322	20
6850	チノー	230	237	229	229	46
6851	大倉電気	220	220	215	215	17
6852	テクノセブン	220	225	220	220	62
6853	共和電	270	270	260	260	10
6855	電子材料	2870	2890	2850	2890	23
6856	堀場製	942	950	917	930	95
6857	アドバンテスト	20360	21350	20000	20900	276.8
6858	小野測器	222	225	222	222	14
6859	エスペック	724	760	724	760	10
6860	サンクス	780	780	780	780	2
6861	キーエンス	38300	39600	38300	39100	48.9
6862	ミナトエレ	260	270	260	270	11
6863	ニレコ	550	570	550	570	9
6864	ＮＦ回路	0	0	0	0	0
6866	ＨＩＯＫＩ	780	800	780	800	4
6867	リーダー電子	0	0	0	0	0
6868	東カソード	1240	1240	1240	1240	0.5
6869	シスメックス	2900	2900	2760	2760	16.1
6870	フェンオール	669	669	650	650	6
6871	日本マイクロ	1800	1900	1770	1900	5.7
6872	日本コーリン	13100	14100	12800	14000	68.3
6873	日立電子Ｅ	900	900	870	870	3
6874	協立電機	4050	4050	3900	3990	6.6
6875	メガチップス	6800	6800	6500	6500	15
6876	光波	4500	4750	4450	4650	21
6877	ＯＢＡＲＡ	670	670	670	670	62
6878	長野日無	565	565	560	565	3
6879	フォトロン	425	430	420	420	4
6880	シンワ	1130	1150	1120	1150	2.1
6881	キョウデン	3800	3830	3710	3780	33
6882	三社電機	0	0	0	0	0
6883	電産コ電	0	0	0	0	0
6884	デジタル	0	0	0	0	0
6885	ミヤチテクノ	0	0	0	0	0
6886	グラフィック	600	600	590	600	10
6887	日本ＬＳＩカード	600000	600000	600000	600000	0.001
6888	アクモス	700000	715000	700000	705000	0.053
6889	オーデリック	0	0	0	0	0
6890	フェローテク	1500	1600	1500	1500	9
6891	イーター電機	939	1050	919	1050	26
6892	シチズン電子	17400	18800	17200	18000	5.7
6893	タイテック	821	835	821	830	16
6894	パルステック	1570	1580	1570	1580	7
6895	ダイヤ電機	479	479	475	475	2
6896	北川工業	1300	1321	1300	1320	7.3
6897	ツインバード	0	0	0	0	0
6898	トミタ電機	289	289	289	289	1
6899	ＡＳＴＩ	0	0	0	0	0
6900	東京電波	7290	7300	6960	6960	28
6901	沢藤電	345	355	345	345	24
6902	デンソー	2540	2580	2530	2550	1235
6904	原田工業	410	410	410	410	3
6905	コーセル	3510	3680	3510	3650	12.8
6906	キヤ･コンポ	0	0	0	0	0
6907	ジオマテック	1410	1430	1380	1420	11
6908	イリソ電子	425	425	425	425	2
6909	北部通信工業	0	0	0	0	0
6910	日立メディコ	1150	1150	1130	1150	56
6911	新日無	920	930	900	920	46
6912	菊水電子	474	479	456	456	8
6913	メルコ	2550	2590	2530	2535	34.1
6914	オプテックス	1040	1040	1040	1040	1
6915	千代田インテ	1570	1570	1560	1560	9
6916	アイオデータ	2620	2650	2600	2630	18.5
6917	デンセラムダ	2600	2600	2545	2545	34.8
6918	アバール	1240	1240	1200	1210	5
6919	ケル	760	765	760	765	4
6920	レーザーテク	2610	2700	2600	2650	17
6921	東光電	304	304	300	302	29
6922	昭和情報	530	530	526	526	5
6923	スタンレー	761	761	741	749	574
6924	岩崎電	235	243	231	240	158
6925	ウシオ電	2285	2390	2280	2380	492
6926	岡谷電	250	260	250	260	6
6928	エノモト	1140	1200	1130	1200	17
6929	日セラ	1125	1139	1120	1131	18
6930	日本アンテナ	1200	1220	1200	1220	3
6931	日本電池	429	432	418	420	244
6932	ユアサコーポ	275	280	275	280	2
6933	ＹＵＡＳＡ	279	285	275	275	317
6934	新神戸	640	645	638	640	45
6935	日デジタル	1762	1795	1762	1770	27.8
6936	東洋高砂乾	140	140	140	140	2
6937	古河池	290	300	290	300	7
6938	双信電機	910	915	880	880	68
6939	ＵＭＣＪ	1040000	1070000	1010000	1050000	0.177
6940	多摩電気	0	0	0	0	0
6941	山一電機	3300	3320	3300	3320	72
6942	ソフィア	332	333	330	330	6
6943	開閉器	750	750	720	720	10
6944	アイレックス	0	0	0	0	0
6945	ＦＴＥＣ	630	630	622	630	32
6946	日本アビオ	290	290	290	290	1
6947	図研	2400	2440	2385	2410	102
6948	住友電装	0	0	0	0	0
6949	キンセキ	925	950	920	945	85
6950	ＹＥデータ	561	580	561	573	11
6951	日電子	550	555	550	550	25
6952	カシオ	1068	1080	1058	1065	562
6953	日ＮＣＲ	465	465	430	454	15
6954	ファナック	10900	10950	10630	10800	513.9
6955	ＦＤＫ	765	773	751	751	80
6956	神明電	1850	1900	1830	1850	10
6957	芝浦電子	0	0	0	0	0
6958	日本ＣＭＫ	1183	1184	1150	1150	38
6960	フクダ電	1770	1820	1770	1820	3
6961	エンプラス	5680	5850	5640	5770	79.4
6962	大真空	600	600	580	590	144
6963	ローム	36200	36500	35450	35900	157.4
6964	サンコー	1950	2020	1950	2020	10
6965	ホトニクス	7100	7200	7050	7100	46.8
6966	三井ハイテク	1950	2020	1912	1980	94.6
6967	新光電工	5140	5400	5140	5350	41
6968	グラフテック	215	215	198	204	17
6969	松尾電	821	850	800	839	68
6970	日本コンラックス	531	537	525	535	133
6971	京セラ	15680	15920	15510	15630	417.8
6972	エルナー	415	445	411	445	54
6973	協栄産	341	350	340	349	17
6974	日本インター	303	305	303	305	10
6975	ＮＥＯＭＡＸ	1200	1200	1169	1175	156
6976	太陽電	6150	6330	6150	6200	386
6977	抵抗器	200	200	200	200	1
6980	日立ＡＩＣ	1171	1199	1151	1185	173
6981	村田製	22600	23990	22590	23500	752
6982	リード	108	108	108	108	1
6984	朝日ナショナ	0	0	0	0	0
6985	ユーシン	472	476	472	476	6
6986	双葉電	4060	4120	4050	4050	33.1
6988	日東電	4020	4060	4000	4000	331
6989	北電工	250	260	250	258	448
6991	松電工	1070	1081	1050	1050	679
6992	国産電	220	220	220	220	2
6993	森電機	195	200	194	198	107
6994	指月電	290	290	266	266	7
6995	東海理	975	975	975	975	5
6996	ニチコン	3000	3090	2965	3030	186
6997	日ケミコン	452	455	444	445	227
6998	タングス	282	285	280	285	12
6999	ＫＯＡ	2615	2615	2585	2615	22
7003	三井造	74	76	74	74	1248
7004	日立造	89	90	88	89	2482
7007	佐世保	76	76	74	76	230
7011	三菱重	352	360	352	353	5704
7012	川重	130	134	130	132	1214
7013	石川島	128	131	125	125	1569
7014	名村造	127	129	127	129	10
7018	内海造	0	0	0	0	0
7020	サノヤス	219	224	213	224	16
7021	ニッチツ	148	148	141	141	4
7052	信貴造船所	0	0	0	0	0
7102	日車両	237	238	230	230	289
7104	富士車輌	97	97	95	95	12
7105	ニチユ	167	167	167	167	1
7122	近畿車	151	151	150	151	18
7123	東急車輌製造	87	90	87	90	108
7124	輸送機工業	340	340	340	340	1
7142	ナブコ	185	185	172	180	30
7201	日産自	455	473	455	460	11075
7202	いすゞ	243	251	243	246	1190
7203	トヨタ	5150	5240	5060	5130	4879
7204	小松ゼノア	247	255	247	255	33
7205	日野自	302	304	298	299	324
7207	日野車体	86	86	86	86	1
7210	日産ディ	93	95	91	95	163
7211	三菱自	395	400	391	391	477
7212	エフテック	431	431	431	431	1
7219	ＨＫＳ	690	690	675	680	5
7220	武蔵精密	0	0	0	0	0
7221	トヨ車	844	859	842	850	47
7222	産車体	129	129	120	120	101
7223	関東自	650	650	635	635	21
7224	新明和	169	174	165	167	104
7225	小松フォーク	167	167	164	165	60
7226	極東開発	486	505	486	503	37.8
7227	アスカ	0	0	0	0	0
7228	デイトナ	0	0	0	0	0
7229	ユタカ技研	0	0	0	0	0
7230	日信工業	1350	1350	1300	1350	18
7231	トピー	161	162	155	155	234
7232	トキコ	145	148	142	146	64
7233	自部品	90	90	90	90	1
7234	橋本フォーミング	66	66	66	66	10
7235	東ラヂ	0	0	0	0	0
7236	ティラド	292	295	283	285	130
7237	ボッシュブレーキ	180	180	180	180	1
7238	ブレーキ	207	208	199	199	27
7239	タチエス	430	430	430	430	1
7240	ＮＯＫ	386	390	382	382	123
7241	フタバ	1300	1300	1265	1274	139
7242	カヤバ	169	171	165	166	378
7243	シロキ	218	220	217	217	27
7244	市光工	212	212	206	211	72
7245	大同メ	0	0	0	0	0
7246	プレス工	82	82	79	80	71
7247	ミクニ	136	136	136	136	3
7248	カルソニック	236	236	230	234	210
7249	尾張精	200	200	200	200	2
7250	太平洋工	276	284	276	277	28
7251	ケーヒン	866	870	844	845	113
7252	富士機	0	0	0	0	0
7253	日本ガスケット	0	0	0	0	0
7254	フジユニ	160	160	160	160	1
7255	桜井製	0	0	0	0	0
7256	河西工	200	209	199	199	20
7257	自転車電機工	250	254	246	247	35
7258	栃木富士産業	218	218	205	205	28
7259	アイシン	1416	1437	1416	1425	290
7260	富士機工	177	177	177	177	4
7261	マツダ	349	366	348	348	2690
7262	ダイハツ	565	579	560	560	217
7263	愛知機	142	145	140	145	112
7264	ＭＵＲＯ	0	0	0	0	0
7265	エイケン工業	950	950	950	950	1
7266	今仙電機	321	321	301	301	3
7267	ホンダ	4320	4370	4220	4220	745
7268	タツミ	0	0	0	0	0
7269	スズキ	1626	1670	1590	1590	854
7270	富士重	725	744	719	723	3365
7271	安永	340	340	340	340	10
7272	ヤマハ発	870	875	851	851	426
7273	イクヨ	0	0	0	0	0
7274	ショーワ	454	459	430	436	43
7275	ユニシア	115	119	114	114	64
7276	小糸製	511	518	505	510	158
7277	ＴＢＫ	106	106	102	106	4
7278	エクセディ	910	930	910	930	3.7
7279	ケーブル	1011	1026	1000	1000	40
7280	ミツバ	451	460	450	460	24
7282	豊田合	6600	7000	6600	6850	121
7283	愛三工	0	0	0	0	0
7284	盟和産	230	234	230	231	15
7285	池田物産	102	108	102	108	21
7286	イズミ工業	120	120	120	120	4
7287	日精機	1450	1450	1401	1401	36
7288	テクノエイト	225	225	220	221	3
7289	マーレ テネックス	200	200	200	200	1
7290	日発精密工業	0	0	0	0	0
7291	日本プラスト	0	0	0	0	0
7292	村上開明	481	520	481	520	2
7293	大井製作所	280	280	280	280	5
7294	ヨロズ	246	248	243	248	57.9
7295	アイエス製機	0	0	0	0	0
7296	ＦＣＣ	1100	1100	1100	1100	2
7297	カーメイト	800	840	800	840	2.5
7298	八千代工	0	0	0	0	0
7299	フジオーゼ	0	0	0	0	0
7301	宮田	166	166	166	166	1
7305	新家工	125	125	125	125	6
7306	丸石自転車	404	413	400	413	27
7308	ツノダ	0	0	0	0	0
7309	シマノ	2245	2245	2100	2105	91.7
7399	ナンシン	325	325	325	325	2
7404	昭和飛	379	379	378	378	2
7407	日本飛行機	225	230	221	221	16
7408	ジャムコ	374	374	340	350	32
7410	横浜鋼業	0	0	0	0	0
7411	成和産業	0	0	0	0	0
7412	アトム	1550	1550	1550	1550	1
7413	創健社	0	0	0	0	0
7414	小野建	800	800	800	800	1
7415	新星堂	288	288	288	288	1
7416	はるやま	605	605	605	605	0.5
7418	ヤマキ	0	0	0	0	0
7419	ノジマ	1300	1300	1300	1300	7.1
7420	佐鳥電機	0	0	0	0	0
7421	カッパクリエ	1950	1950	1950	1950	5
7422	東邦レマック	585	585	585	585	1
7423	フォンテーヌ	1135	1135	1135	1135	2.2
7424	ニコニコ堂	195	200	195	200	5
7425	初穂商事	330	340	320	340	3
7426	山大	0	0	0	0	0
7427	エコーＴＤ	1600	1600	1600	1600	5
7428	江戸沢	801	801	801	801	0.5
7429	セイジョー	1600	1600	1450	1450	2.7
7430	サンワドー	510	510	510	510	0.1
7431	ニューフ	260	278	260	278	8
7432	ダルトン	0	0	0	0	0
7433	伯東	3510	3640	3500	3570	26.9
7434	オータケ	0	0	0	0	0
7435	ナ・デックス	495	500	490	500	10
7437	シーアンドエス	4350	4360	4200	4210	37.8
7438	コンドー	435	435	435	435	0.5
7439	サンミック千代田	185	185	185	185	1
7440	クラフト	925	930	915	915	7
7442	中山福	325	325	322	322	44
7443	横浜魚類	0	0	0	0	0
7444	ハリマ共和	0	0	0	0	0
7445	ライトオン	7600	7620	7100	7270	79.1
7446	東北化学	0	0	0	0	0
7447	ナガイレーベ	2950	2960	2950	2950	2.6
7448	ジンズメイト	2750	2850	2700	2830	33
7449	太洋興業	209	209	209	209	1
7450	サンデー	856	856	856	856	4
7451	菱食	4600	4600	4460	4460	38.3
7452	マツヤ	0	0	0	0	0
7453	良品計画	19800	19800	18600	18990	76.5
7454	ホットスパー	244	244	244	244	3
7455	三城	5900	5910	5700	5700	45.7
7456	松田産業	2305	2400	2300	2305	16
7457	セキテクノ	505	505	504	504	2
7458	第一興商	3120	3250	3060	3250	29.5
7459	メディセオＨＤ	750	750	716	728	135.3
7460	ヤギ	450	450	450	450	2
7461	キムラ	0	0	0	0	0
7462	ダイヤ通商	0	0	0	0	0
7463	アドヴァン	1670	1670	1610	1650	20.1
7464	セフテック	0	0	0	0	0
7465	ＭＶ北海道	1750	1750	1750	1750	1
7466	ＳＰＫ	1070	1070	1060	1070	1.2
7467	萩原電気	0	0	0	0	0
7468	アムスク	1250	1250	1110	1110	3
7470	サロモンメイド	0	0	0	0	0
7471	ふじ	0	0	0	0	0
7472	鳥羽洋行	782	782	730	730	25
7473	静岡スバル	0	0	0	0	0
7474	パオ	0	0	0	0	0
7475	アルビス	480	480	480	480	2
7476	アズワン	1570	1600	1569	1600	10
7477	ムラキ	175	175	175	175	6
7478	ブルーグラス	0	0	0	0	0
7479	サンマルク	3000	3040	2850	3000	6.4
7480	スズデン	0	0	0	0	0
7481	尾家産	0	0	0	0	0
7482	シモジマ	1050	1050	1000	1040	6
7483	ドウシシャ	2090	2100	2050	2100	12
7485	岡谷鋼機	0	0	0	0	0
7486	サンリン	541	542	541	541	8
7487	小津産業	880	890	850	850	2.2
7488	ヤガミ	700	700	700	700	1
7490	日新商	340	340	340	340	6
7491	ＯＡシステム	1050	1090	1030	1050	13
7492	タイカン	430	430	430	430	17
7494	コナカ	741	745	730	745	16.1
7495	レオ	235	236	235	236	2
7496	八千代ムセン	0	0	0	0	0
7497	マインマート	611	611	601	601	3.8
7498	ジャパン	2450	2500	2380	2430	32.5
7500	西川計測	487	487	487	487	1
7501	ティムコ	0	0	0	0	0
7502	プラザクリエ	8400	8500	8290	8400	3
7503	ＩＭＩ	0	0	0	0	0
7504	高速	682	682	682	682	1
7505	扶桑電通	951	961	950	961	5
7506	ハウスローゼ	865	869	865	865	1.5
7507	浜 勝	930	930	930	930	3
7508	オートセブ	785	785	785	785	1
7509	アイエー	651	651	651	651	1
7510	竹菱電機	0	0	0	0	0
7511	ジプロ	0	0	0	0	0
7512	ポスフール	1200	1250	1200	1210	6.2
7513	コジマ	3100	3100	3020	3060	98.3
7514	ヒマラヤ	751	775	751	775	5
7515	マルヨシ	0	0	0	0	0
7516	コーナン	1211	1260	1211	1260	15.2
7517	黒田電気	3260	3350	3260	3290	22.5
7518	ネットワン	3470000	3720000	3400000	3720000	1.268
7519	五洋インテ	0	0	0	0	0
7520	エコス	1150	1170	1150	1170	3
7521	ムサシ	1540	1540	1400	1400	10
7522	ワタミ	8000	8250	8000	8160	71
7523	アールビバン	2320	2400	2200	2300	12.7
7524	マルシェ	1300	1300	1280	1280	3.5
7527	システムソフ	0	0	0	0	0
7528	安藤薬業公司	460	460	445	450	3
7529	はるやま	0	0	0	0	0
7530	ナブコドア	570	570	570	570	5
7531	清和鋼業	0	0	0	0	0
7532	ドンキホーテ	16500	16600	16180	16200	19.3
7535	グッドマン	3210	3300	3150	3250	6.2
7536	船橋薬品	910	910	910	910	0.6
7537	丸文	1220	1245	1220	1245	30
7538	大水	460	463	460	460	28
7539	アベルコ	0	0	0	0	0
7540	エルエスフェンス	0	0	0	0	0
7541	メガネトップ	2700	2800	2700	2800	8
7542	ビスケーＨＤ	970	990	970	990	3
7543	ミスタージョン	0	0	0	0	0
7544	スリーエフ	1710	1760	1710	1760	2
7545	西松屋チェ	1900	1910	1870	1875	19
7547	オートハローズ	300	300	300	300	3
7548	サンクスＪＰ	1130	1170	1130	1150	26
7549	エス・エス・ブイ	0	0	0	0	0
7550	ゼンショー	1500	1560	1500	1560	20
7551	ウェッズ	0	0	0	0	0
7552	ハピネット	3520	3590	3400	3480	8.1
7553	サザビー	6090	6250	6090	6250	6
7554	幸楽苑	0	0	0	0	0
7555	大田花き	0	0	0	0	0
7556	住商エレク	1850	1870	1800	1870	13
7557	サンクス	5700	5800	5700	5720	15.3
7558	トーメンエレ	4050	4450	4000	4210	16
7559	ジーエフシー	0	0	0	0	0
7560	ユニマット	1590	1620	1580	1600	5.6
7561	ハークスレイ	2780	2780	2710	2710	4
7562	安楽亭	1100	1100	1100	1100	6
7563	ニッパン	227	227	227	227	2
7564	ワークマン	0	0	0	0	0
7565	万世電機	0	0	0	0	0
7566	ジャパンケア	2050	2110	2030	2060	44
7567	栄電子	0	0	0	0	0
7568	クレックス	710	710	710	710	9
7569	モンテカルロ	251	251	251	251	1
7570	橋本総業	0	0	0	0	0
7571	ヤマノＨＣ	880	910	880	910	9
7573	ツルハ	5700	6000	5600	6000	68.5
7574	共信テクノ	1810	1850	1810	1850	9
7575	日本ライフＬ	1530	1590	1520	1530	10.8
7576	ベターライフ	0	0	0	0	0
7577	パスポート	0	0	0	0	0
7578	ニチリョク	820	820	760	790	37
7579	オリジン東	1790	1840	1750	1800	16
7580	フーズネット	0	0	0	0	0
7581	サイゼリヤ	6660	6980	6660	6790	82
7582	富デバイス	3050	3190	3050	3100	16
7583	通商	0	0	0	0	0
7584	丸紅インフォ	650	650	630	650	10
7585	かんなん	1170	1170	1170	1170	2
7586	寺島薬局	1510	1530	1510	1530	5
7587	ＰＡＬＴＥＫ	2240	2420	2240	2420	20
7588	シートゥーネット	17200	17200	15790	16300	2.8
7589	デジキューブ	2610000	2790000	2580000	2780000	0.081
7590	タカショー	720	720	720	720	14
7591	エクセル	1500	1540	1500	1520	16
7592	アイ・ユー・ケイ	970	970	970	970	2
7593	ＶＴＨＤ	0	0	0	0	0
7594	マルカキカイ	0	0	0	0	0
7595	アルゴグラフ	2970	2980	2700	2800	12.5
7596	魚力	5600	5700	5500	5600	12
7597	東京貴宝	0	0	0	0	0
7598	ナイスクラ	530	550	530	550	8
7599	ガリバー	5050	5300	5000	5300	10
7600	日本ＭＤＭ	3420	3500	3370	3450	11.5
7601	ポプラ	1643	1651	1643	1650	3
7602	ジャック	7040	7100	6900	7010	51.9
7603	マックハウス	679	680	679	680	3
7604	梅の花	0	0	0	0	0
7605	フジコーポ	430	430	430	430	2
7606	Ｕアローズ	6410	6410	6000	6000	3
7607	進和	0	0	0	0	0
7608	ＳＫジャパン	580	580	572	572	3
7609	ダイトエレク	2450	2500	2450	2500	4
7610	テイツー	2150000	2150000	2150000	2150000	0.001
7611	ハイデ日高	0	0	0	0	0
7612	コモンウェル	1500	1500	1500	1500	1
7613	シークス	2200	2200	2200	2200	1
7614	オーエムツー	5000	5010	4800	5000	3.4
7615	京都友禅	620000	620000	605000	605000	0.041
7616	コロワイド	2550	2550	2550	2550	2
7617	オオゼキ	5010	5010	4960	4960	6
7618	ＰＣＤＥＰＯ	2570000	2710000	2570000	2710000	0.005
7619	田中商事	0	0	0	0	0
7620	ヤマト硝子	0	0	0	0	0
7621	うかい	1200	1200	1170	1170	2
7622	焼肉サカイ	2850	2850	2820	2820	13
7623	サンオータス	760	770	760	770	4
7624	内藤	675	675	675	675	2
7625	ダイニング	6610	7000	6600	7000	14
7626	ドッドウエル	5050	5200	5000	5000	11
7627	なか卯	1630	1630	1600	1630	3
7628	オーハシテク	1620	1620	1620	1620	81
7629	ムラチク	1060	1060	1050	1050	5
7630	壱番屋	1550	1570	1550	1550	10
7631	マクニカ	16010	17600	16010	17600	52
7632	住商メタレックス	485	485	485	485	2
7633	明響社	1740	1740	1630	1650	12
7634	星医療	1350	1350	1350	1350	1
7635	杉田エース	500	500	495	495	2
7636	ハンズマン	1090	1100	1090	1100	4
7637	白 銅	1080	1090	1040	1060	12
7638	シーマ	532	550	520	550	7
7639	贔屓屋	801	820	801	813	5
7701	島津	562	575	549	570	1158
7702	ＪＭＳ	425	427	415	415	32
7703	川澄化	1130	1130	990	1000	134
7704	アロカ	1200	1210	1180	1180	33
7705	ジーエル	1680	1700	1680	1700	4
7706	セントラユニ	600	600	580	580	6
7711	助川電気	300	300	300	300	1
7713	シグマ光機	640	640	640	640	4
7714	モリテックス	9150	9200	9000	9200	66
7715	長野計器	0	0	0	0	0
7718	スター精	1700	1750	1700	1720	5
7719	東衡機	144	148	135	135	33
7720	ソキア	142	145	142	143	63
7721	トキメック	145	147	143	145	51
7723	愛時計	304	305	300	305	29
7724	金門	250	251	224	232	320
7726	黒田精	315	315	315	315	1
7727	オーバル	148	154	148	149	7
7728	電産トーソク	1045	1045	985	985	4
7729	東京精	11980	12970	11620	12630	122.2
7731	ニコン	4100	4140	3990	4000	577
7732	トプコン	410	420	410	412	24
7733	オリンパス	1701	1750	1666	1680	308
7734	理計器	330	337	329	329	46
7735	スクリン	660	690	660	684	339
7736	ユニオンＨＤ	160	160	156	156	21
7737	キャビン工業	0	0	0	0	0
7738	チノン	306	306	302	302	15
7739	キヤノン電	951	980	951	980	4
7740	タムロン	685	685	670	672	9
7741	ＨＯＹＡ	9780	9800	9580	9690	508
7742	ノリタ光	650	675	650	675	20
7743	シード	0	0	0	0	0
7744	ノーリツ鋼機	3300	3450	3300	3310	6.8
7750	ペンタックス	246	250	245	247	63
7751	キヤノン	4200	4240	4140	4190	1055
7752	リコー	2275	2295	2200	2200	1683
7753	ミノルタ	414	418	411	411	230
7756	電産コパル	1850	1851	1840	1841	20
7757	三協精	1030	1065	1030	1043	370
7758	セコニック	381	387	381	387	10
7762	シチズン	910	930	903	927	2397
7764	オリエント時計	163	163	163	163	2
7765	リコーエレメ	840	840	830	830	8
7768	ジェコー	0	0	0	0	0
7769	リズム	232	233	227	231	194
7770	ミヨタ	2800	3000	2800	3000	13
7771	日本精密	0	0	0	0	0
7857	セキ	1600	1600	1600	1600	4
7858	小野産業	1690	1800	1670	1800	17
7859	アルメディオ	1360	1430	1330	1430	38
7860	エイベックス	16100	17500	16100	17500	93.5
7861	東京リスマ	950	950	911	911	11
7862	トッパンフォ	2140	2155	2130	2150	207.3
7864	フジシール	5900	6000	5800	5950	10.7
7865	ピープル	1300	1300	1280	1280	2
7866	アトラス	1810	1810	1700	1770	18.3
7867	トミー	4010	4100	4010	4040	22.6
7868	広済堂	1111	1111	1100	1100	6.9
7869	日本フォーム	0	0	0	0	0
7870	福島印刷	0	0	0	0	0
7871	フクビ	0	0	0	0	0
7872	エステール	560	560	560	560	0.1
7873	アーク	3700	3800	3700	3740	16
7874	スルガ	6390	6490	6390	6400	10
7875	竹田印刷	0	0	0	0	0
7876	三陽PAX	610	611	610	611	4
7877	永大化工	810	816	805	805	11
7878	光彩工芸	0	0	0	0	0
7879	ノダ	440	440	440	440	1
7880	南部化成	0	0	0	0	0
7881	ニッソー	0	0	0	0	0
7882	アロン化成	384	384	375	375	68
7883	サンメッセ	0	0	0	0	0
7884	本間ゴルフ	380	380	365	375	8.1
7885	タカノ	1100	1100	1100	1100	1.9
7886	ヤマト・イン	0	0	0	0	0
7887	南プラ	420	420	420	420	5
7888	三光合成	350	350	350	350	7
7889	桑山	565	585	565	585	0.6
7890	アテナ工業	880	880	880	880	2
7891	日本ユピカ	0	0	0	0	0
7892	宇部日東化成	340	340	330	339	30
7893	亜細亜	1700	1700	1660	1690	9
7895	中央化学	1440	1440	1440	1440	3
7896	セブン工業	0	0	0	0	0
7897	ホクシン	161	166	160	162	10.1
7898	ウッドワン	510	520	510	520	69
7899	オザキ軽化	435	440	435	435	5
7900	大出産業	0	0	0	0	0
7901	マツモト	0	0	0	0	0
7902	ソノコム	1050	1050	1050	1050	5
7903	名木材	0	0	0	0	0
7904	天竜木	51	51	50	50	6
7905	大建工	272	281	272	272	108
7906	ヨネックス	400	401	400	401	12
7907	日防腐	0	0	0	0	0
7908	きもと	0	0	0	0	0
7909	シーアイ化	369	371	369	370	19
7910	段谷産業	120	121	114	121	74
7911	凸版	1150	1170	1135	1135	841
7912	大日印	1773	1780	1751	1751	806
7913	図書印	230	237	230	235	32
7914	共同印	366	368	360	367	40
7915	日写印	635	637	625	626	90
7916	光村印	275	355	275	355	183
7917	藤森工業	681	681	681	681	1
7918	ヴィアＨＤ	0	0	0	0	0
7919	野崎紙	293	300	293	300	8
7920	三浦印	320	320	320	320	1
7921	宝印刷	1900	2000	1880	1900	16
7922	三光産業	0	0	0	0	0
7923	トーイン	0	0	0	0	0
7925	前沢化成	1240	1241	1200	1230	11.8
7926	ベルテクノ	318	318	318	318	5
7927	ムトー精工	1380	1400	1370	1400	8
7928	旭化学	0	0	0	0	0
7929	新輝合成	0	0	0	0	0
7931	未来工業	1344	1400	1344	1400	12
7932	ニッピ	0	0	0	0	0
7933	ファイリング	0	0	0	0	0
7934	メルクス	86	86	82	82	3
7935	コンビ	1190	1190	1140	1140	12
7936	アシックス	113	115	112	114	307
7937	ツツミ	2100	2350	2100	2300	21.9
7938	リーガル	187	190	183	183	20
7939	研創	380	380	380	380	1
7940	ウェーブＨＤ	235	235	235	235	3
7942	ＪＳＰ	780	780	761	761	24
7943	ニチハ	760	783	760	783	32.5
7944	ローランド	2000	2000	1971	1971	67.1
7945	コマニー	0	0	0	0	0
7946	光陽社	0	0	0	0	0
7947	エフピコ	4600	4650	4450	4650	28.8
7948	ＡＷ・エモト	0	0	0	0	0
7949	小松ウオール	856	863	856	863	3
7950	日デコラ	480	480	480	480	6
7951	ヤマハ	850	860	838	838	227
7952	河合楽	167	174	167	168	184
7953	菊水化	0	0	0	0	0
7954	ジャレコ	331	331	320	321	19
7955	クリナップ	455	464	452	464	10
7956	ピジョン	1220	1270	1220	1241	13.6
7957	フジコピアン	220	220	220	220	1
7958	天馬	1250	1265	1220	1220	36
7959	オリバー	0	0	0	0	0
7960	パラマウント	9550	9560	9400	9450	27.3
7961	兼松日産農	190	190	185	185	7
7962	キングジム	630	630	630	630	2
7963	興研	0	0	0	0	0
7964	セガ	1965	2030	1963	2000	352.4
7965	象印	505	510	505	510	3
7966	リンテック	1020	1040	999	1021	78
7967	バンダイ	3620	3860	3620	3750	188
7968	田崎真珠	471	476	471	476	13
7969	タカラ	430	430	416	416	24
7970	信越ポリ	680	699	680	697	159
7971	東リ	211	212	210	212	17
7972	イトーキ	428	433	427	428	47
7973	ホウトク	115	130	115	130	4
7974	任天堂	16700	17390	16590	17100	327.8
7975	リヒトラブ	235	235	235	235	3
7976	菱鉛筆	761	761	760	760	7
7977	フランスベッド	475	481	473	476	44
7979	松風	890	890	890	890	3
7980	重松製	235	235	235	235	2
7981	タカラスタ	450	465	445	455	290
7983	ミロク	0	0	0	0	0
7984	コクヨ	1300	1330	1292	1295	48
7985	ネポン	0	0	0	0	0
7986	キング工	205	205	182	185	57
7987	ナカバヤシ	334	341	334	341	29
7988	ニフコ	1122	1150	1119	1150	90
7989	ブラインド	884	884	884	884	0.3
7990	ダイワ精	145	146	140	140	116
7991	マミヤＯＰ	353	353	340	350	41
7992	セーラー	1501	1570	1501	1555	431
7993	サンウエブ	198	198	195	195	9
7994	岡村製	283	285	275	275	137
7995	バルカー	181	183	176	176	116
7996	パイロット	450	450	415	415	11
7997	くろ工	440	440	440	440	21
7998	高島屋工作	306	330	306	328	15
7999	武藤工	382	391	382	388	36
8000	カイゲン	531	531	531	531	2
8001	伊藤忠	545	548	533	539	2679
8002	丸紅	370	372	367	370	2488
8003	トーメン	71	72	70	72	1009
8004	ニチメン	119	120	117	117	272
8005	ムトウ	606	606	600	600	25
8006	ユアサフナ	184	184	177	177	6
8007	高島	112	116	112	115	28
8008	アスティ	0	0	0	0	0
8010	新興産業	123	124	123	123	7
8011	三陽商	336	340	332	336	69
8012	長瀬産	402	405	400	401	56
8013	ナイガイ	104	105	104	105	23
8014	蝶理	111	120	111	113	17
8015	豊田通商	325	330	321	323	155
8016	オンワード	1381	1415	1350	1395	949
8017	阪急共栄物産	187	187	170	170	4
8018	三共興	294	305	285	285	45
8019	市田	80	83	80	81	332
8020	兼松	84	86	82	84	345
8021	レナウン	143	145	142	142	599
8022	ミズノ	283	289	283	285	133
8023	大興電子	0	0	0	0	0
8024	シルバーＯＸ	462	462	450	450	45
8025	ツカモトＣ	0	0	0	0	0
8027	ルシアン	153	160	143	160	154
8028	ファミリーＭ	4800	4850	4650	4650	203.3
8029	ルック	230	230	222	225	114
8030	中央魚	184	184	181	181	4
8031	三井物	847	847	828	828	2584
8032	紙パ商	337	340	337	337	26
8033	ジーネット	0	0	0	0	0
8035	東エレク	15810	16460	15760	16200	711
8036	日立ハイテク	1240	1240	1200	1230	66
8037	カメイ	515	518	510	511	9
8038	東都水	380	392	380	392	65
8039	築地魚	0	0	0	0	0
8040	東ソワール	205	209	203	209	37
8041	魚市場	300	300	300	300	3
8042	マタイ	221	225	220	225	7
8043	スターゼン	215	221	213	213	65
8044	大都魚	150	150	150	150	2
8045	浜丸魚	0	0	0	0	0
8046	丸藤パ	155	155	153	154	13
8047	デジ・ネット	2030	2030	2030	2030	1
8048	シャディ	2685	2690	2600	2605	19.9
8049	ＥＩＥ	500	510	490	490	44
8050	セイコー	498	506	498	500	28
8051	山善	156	159	152	159	37
8052	椿本興	179	179	176	177	18
8053	住友商	1324	1350	1300	1337	2488
8056	ユニシス	2760	2805	2740	2750	333
8057	内田洋	576	605	575	585	561
8058	三菱商	939	942	925	925	1933
8059	第一実	196	210	196	205	159
8060	キヤノン販	1477	1510	1460	1482	83
8061	西華産	212	212	202	202	154
8063	日商岩井	105	106	103	103	1705
8064	金商	97	97	97	97	4
8065	佐藤商	384	395	384	390	8
8066	三谷商	0	0	0	0	0
8067	トミヤアパ	364	364	360	361	26
8068	菱洋エレク	1530	1530	1510	1530	54
8070	東京産	315	320	311	313	41.5
8071	東海物産	0	0	0	0	0
8072	出版貿	220	220	220	220	5
8073	Ｔ・ＺＯＮＥ	540	560	540	560	11
8074	ユアサ商	132	136	132	134	73
8075	神鋼商	150	154	150	152	24
8076	カノークス	0	0	0	0	0
8077	小林産	195	195	195	195	1
8078	阪和興	111	119	111	115	476
8079	正栄食	443	443	442	442	6
8080	ジョイス	1260	1260	1260	1260	2
8081	カナデン	475	487	466	466	25
8083	サンテレ	305	310	305	310	5
8084	菱電商	377	391	377	380	51
8085	ナラサキ産業	176	176	170	170	7
8086	ニプロ	860	880	855	855	13
8087	フルサト	520	585	520	585	4.5
8088	岩谷産	240	240	231	231	195
8089	ナイス	205	210	201	210	578
8090	昭光通商	154	158	154	158	60
8091	ニチモウ	144	144	137	144	44
8092	富士通シス	3500	3500	3390	3390	38.3
8093	極東貿易	885	885	851	881	81
8095	イワキ	232	233	230	230	17
8096	兼松エレク	475	475	465	465	4
8097	三愛石	292	292	287	287	13
8098	稲畑産	510	515	501	515	42
8100	藤井	85	85	85	85	10
8101	ＧＳＩクレ	118	120	114	115	88
8103	明和産	109	110	109	109	10
8105	丸正	236	246	236	240	18
8107	キムラタン	85	85	83	83	8
8109	山洋工	0	0	0	0	0
8110	川鉄商事	116	116	114	115	83
8111	ゴルドウイン	140	144	140	140	25
8112	東スタイル	980	983	960	962	234
8113	ユニチャーム	7300	7500	7300	7310	242.4
8114	デサント	187	190	187	189	38
8115	ムーンバット	130	130	130	130	4
8116	ダーバン	349	355	344	349	204
8117	中央自	242	242	241	241	10
8118	キング	168	188	168	188	6
8119	三栄コ	620	640	620	640	8
8120	大木	255	255	255	255	1
8123	川辺	0	0	0	0	0
8125	ワキタ	297	298	291	298	9
8126	三光純薬	260	260	250	250	11
8127	ヤマトインタ	140	140	140	140	3
8128	エフワン	85	85	76	77	8
8129	東邦薬	375	380	375	380	3
8130	サンゲツ	1927	1927	1883	1885	21
8131	ミツウロコ	526	527	525	526	11
8132	シナネン	370	370	370	370	16
8133	伊藤忠エネ	314	316	311	313	39
8134	ＴＯＫＡＩ	1025	1025	999	1013	55
8135	ゼット	125	125	125	125	3
8136	サンリオ	3250	3290	3210	3220	120
8137	サンワテク	0	0	0	0	0
8138	三京化	252	260	250	250	9
8139	ナガホリ	240	240	240	240	2
8140	リョーサン	1860	1878	1853	1853	36
8141	新光商	891	909	881	891	39
8142	トーホー	780	780	780	780	48
8143	ラピーヌ	96	99	95	99	26
8144	電響社	340	340	335	335	51
8145	中部水産	379	379	379	379	13
8146	小杉産	161	162	161	162	9
8147	トミタ	0	0	0	0	0
8148	上原成	294	294	294	294	11
8150	三信電	681	681	665	666	64
8151	東陽テク	2460	2485	2450	2470	131
8152	ソマール	241	241	241	241	2
8153	モスフード	1075	1075	1062	1062	15
8154	加賀電子	1212	1220	1200	1206	28
8155	三益半導	1950	1960	1940	1940	31.2
8156	ガステック	542	542	542	542	2
8157	都築電	621	621	605	620	16
8158	ソーダニッカ	174	175	174	175	3
8159	立花エレ	0	0	0	0	0
8160	木曽路	1030	1030	1030	1030	1
8161	エイデン	940	954	910	910	35
8163	サトＲＳ	0	0	0	0	0
8164	キャビン	145	150	145	145	21
8165	千趣会	1110	1148	1110	1138	11
8166	タカキュー	237	239	236	237	49
8167	丸久	0	0	0	0	0
8168	ケーヨー	402	420	402	419	39.5
8169	宝船	320	320	320	320	2
8170	アデランス	3450	3510	3410	3480	149.9
8171	ＭＶ中部	0	0	0	0	0
8172	第一家庭電器	73	77	73	77	174
8173	上新電	283	283	283	283	3
8174	日ガス	531	531	531	531	1
8175	ベスト電	645	650	638	646	81
8176	西洋フードシス	370	375	368	368	17
8178	マルエツ	340	358	340	350	121
8179	ロイヤルＨＤ	1199	1200	1185	1187	61
8180	すかいらく	2870	2925	2870	2910	417
8181	東天紅	1285	1360	1230	1280	72
8182	いなげや	745	745	730	730	34
8183	セブン−イレブン	11700	11960	11350	11500	597
8184	島忠	1400	1410	1361	1363	72.1
8185	チヨダ	555	570	555	570	4.3
8186	大塚家具	26200	26200	25200	25500	20.5
8188	ヨークベニ	2500	2520	2350	2350	83.4
8189	マツヤデンキ	283	284	283	283	11
8190	ヤマナカ	1750	1750	1750	1750	0.5
8191	光製作	0	0	0	0	0
8192	中川無線	90	90	89	89	15
8193	鈴丹	149	149	145	145	35
8194	ライフコーポ	590	600	590	599	13
8195	デニーズジャパン	1865	1870	1865	1865	12
8196	カスミ	430	430	421	424	21
8197	東急ストア	295	295	285	285	38
8199	デオデオ	983	1053	975	1053	859.1
8200	リンガハット	1010	1020	1010	1020	9
8201	さが美	239	254	237	254	44
8202	ラオックス	535	535	521	525	15
8203	ＭｒＭａｘ	340	344	340	340	10.2
8204	ジョナサン	1390	1390	1380	1380	3
8205	シャクリー	0	0	0	0	0
8206	アポロイン	140	140	140	140	4
8207	テンアライド	420	420	410	411	6.4
8208	エンチョー	0	0	0	0	0
8209	フレンドリ	475	475	475	475	1
8210	フットワーク	243	243	240	240	9
8211	相鉄ローゼ	538	550	538	549	4
8212	オーク	175	175	175	175	7
8213	トステムビバ	379	379	355	363	19
8214	アオキインタ	351	351	345	345	26.4
8215	銀座山形屋	0	0	0	0	0
8216	フォルクス	526	530	526	530	2
8217	オークワ	890	890	890	890	3
8218	コメリ	3260	3350	3220	3300	18.7
8219	青山商	1500	1551	1480	1480	262.8
8225	タカチホ	0	0	0	0	0
8226	理経	520	535	515	515	26
8227	しまむら	13500	13660	13200	13400	97.2
8228	マルイチ	0	0	0	0	0
8229	ＣＦＳコーポ	1025	1025	991	1010	9
8230	はせがわ	390	410	389	410	58
8231	三越	500	500	493	495	1392
8232	東急百貨店	115	115	111	111	508
8233	高島屋	900	905	883	885	859
8234	大丸	381	387	371	387	729
8235	松坂屋	290	298	290	290	117
8236	丸善	251	252	240	240	183
8237	松屋	390	395	390	390	20
8238	伊勢丹	900	905	880	898	258
8239	横浜松坂屋	95	95	94	94	29
8240	サッポロライオン	570	575	570	575	3
8241	阪神百貨店	425	425	425	425	1
8242	阪急百	564	570	564	567	185
8243	そごう	84	84	77	81	3644
8244	近鉄百貨店	0	0	0	0	0
8245	丸栄	211	216	211	213	14
8247	大和	0	0	0	0	0
8248	ニッセン	468	499	468	473	9.3
8249	東洋物	605	611	605	611	2
8250	小松ストアー	0	0	0	0	0
8251	パルコ	330	330	326	326	45
8252	丸井	1836	1855	1800	1800	1291
8253	クレセゾン	1860	1900	1860	1895	693.4
8254	さいか屋	0	0	0	0	0
8255	原信	0	0	0	0	0
8256	プロルート	207	207	205	205	2
8257	山陽百	0	0	0	0	0
8258	ＯＭＣカード	375	377	373	373	231
8259	十字屋	73	75	73	74	67
8260	井筒屋	193	194	190	190	165
8261	ｼ鉄百貨店	300	300	300	300	1
8262	長崎屋	10	11	10	11	3537
8263	ダイエー	365	370	360	360	840
8264	イトーヨーカ堂	7200	7200	6980	6980	548
8265	壽屋	0	0	0	0	0
8266	イズミヤ	715	720	695	696	77
8267	イオン	1730	1731	1650	1660	412
8268	西友	345	392	345	377	5739
8269	マイカル	402	410	400	404	529
8270	ユニー	920	921	904	915	327
8273	イズミ	700	700	699	700	29
8274	東武ストア	188	189	186	189	13
8275	フォーバル	2880	3190	2880	3190	8.3
8276	平和堂	650	652	610	610	15
8278	フジ	1920	1929	1920	1920	5.1
8279	ヤオコー	1371	1400	1350	1350	12
8280	富士冷機	415	418	413	414	42
8281	ゼビオ	1950	2060	1950	2055	120.3
8282	ギガスケーズ	2330	2420	2330	2420	15.3
8283	パルタック	488	489	480	480	21
8285	三谷産業	0	0	0	0	0
8286	藍  屋	1685	1700	1685	1700	30
8287	ＭＶ西日本	1055	1065	1055	1065	3
8289	オリンピック	2170	2170	2155	2160	3.9
8290	デンコードー	620	631	620	630	4
8291	東日カーライフ	215	215	214	214	2
8292	東いすず	220	220	220	220	1
8293	愛トヨ	0	0	0	0	0
8295	キャノンシステム	680	680	680	680	3
8298	ファミリー	230	230	230	230	10
8299	大栄太源	0	0	0	0	0
8301	日銀	83000	83200	83000	83200	0.3
8302	興業銀行	1029	1073	1029	1040	3956
8311	第一勧銀	1026	1074	1026	1045	3083
8314	さくら銀行	780	815	773	790	6756
8315	東京三菱銀	1542	1550	1515	1515	3201
8317	富士銀行	1065	1111	1065	1085	5136
8318	三井住友銀行	1590	1614	1581	1581	2525
8319	大和銀行	300	303	298	301	1660
8320	三和銀行	1129	1145	1112	1115	2696
8321	東海銀行	632	668	630	668	2829
8322	あさひ銀行	597	619	592	613	3188
8324	第四銀	386	386	375	376	50
8325	北越銀	278	280	278	278	33
8326	福岡銀	740	755	733	742	757
8327	西日本シティ銀	378	378	370	370	32
8331	千葉銀	418	427	418	423	436
8332	横浜銀	399	410	395	404	646
8333	常陽銀	407	410	400	400	350
8334	群馬銀	572	580	565	574	316
8335	足利銀行	225	226	217	225	192
8336	武蔵銀	4470	4470	4380	4450	2.8
8337	千葉興	1100	1100	1099	1099	48.4
8338	関東つくば銀	1423	1464	1423	1440	6.3
8339	都民銀	3360	3520	3360	3380	7.5
8341	七十七	766	768	759	768	1393
8342	青森銀	498	499	488	488	32
8343	秋田銀	399	400	398	398	61
8344	山形銀	530	530	522	522	14
8345	岩手銀	3860	3860	3800	3800	1.6
8346	東邦銀	375	384	375	375	50
8349	東北銀	230	230	230	230	12
8350	みちのく銀	617	617	601	613	14
8353	北海道銀行	146	147	142	143	100
8355	静岡銀	870	897	870	871	912
8356	十六銀	474	474	440	450	47
8357	北陸銀行	248	255	248	249	133
8358	スルガ銀	1600	1655	1600	1647	402
8359	八十二	605	610	591	591	227
8360	山梨銀	377	390	377	379	20
8361	大垣共立	530	546	522	533	43
8362	福井銀	298	298	275	275	34
8363	北国銀	357	358	352	356	104
8364	清水銀	4030	4040	4030	4030	1.3
8365	富山銀	0	0	0	0	0
8366	滋賀銀	472	484	472	477	40
8367	南都銀	630	630	590	592	42
8368	百五銀	457	468	450	450	26
8369	京都銀	540	540	521	521	56
8370	紀陽銀	276	276	263	267	100
8371	近畿大阪銀	0	0	0	0	0
8372	泉州銀	360	361	360	361	26
8374	三重銀	510	515	510	515	75
8375	池田銀	5400	5510	5400	5510	0.5
8379	広島銀	393	398	390	390	77
8380	山口銀	682	690	682	687	86
8381	山陰合銀	520	520	515	518	62
8382	中国銀	900	919	899	911	56
8383	鳥取銀	350	350	349	350	6
8385	伊予銀	640	660	640	650	31
8386	百十四	630	650	630	630	24
8387	四国銀	623	631	620	620	43
8388	阿波銀	511	511	501	502	40
8390	鹿児銀	401	401	400	400	23
8391	親和銀行	320	326	320	325	32
8392	大分銀	460	467	460	466	11
8393	宮崎銀	350	350	343	344	18
8394	肥後銀	440	450	435	435	19
8395	佐賀銀	318	328	318	325	48
8396	十八銀	318	320	318	319	27
8397	沖縄銀	2495	2495	2460	2460	1.1
8399	琉球銀	1500	1500	1468	1468	2.2
8402	三菱信託	1000	1000	951	951	852
8403	住友信	835	837	822	823	3194
8404	みずほ信託銀	145	145	143	143	1060
8405	日本信託	158	160	155	155	181
8407	東洋信託	447	470	444	458	2144
8408	中央三井信	590	600	578	592	1039
8489	アプレック	602	602	602	602	1
8493	インター	2290	2290	2160	2290	4.3
8507	学研クレジット	660	665	660	665	2
8508	イッコー	820	825	778	800	25
8511	日証金	725	744	711	711	409
8512	大証金	333	351	333	348	46
8513	中証金	0	0	0	0	0
8515	アイフル	10810	10950	10350	10360	45.2
8518	アジア投資	743	778	740	778	527
8519	ポケットＣ	3590	3590	3460	3490	7.7
8520	殖産銀行	400	400	400	400	5
8521	長野銀	477	477	470	471	4
8522	名古屋銀	628	628	603	603	11
8524	北洋銀行	484	487	480	480	39
8527	愛知銀	7030	7200	7030	7200	1.7
8528	岐阜銀	220	220	220	220	10
8529	第三銀	448	451	448	450	100
8530	中京銀	424	424	411	413	7
8533	広島総合銀行	476	476	461	470	13
8536	東日銀	645	645	638	639	32
8537	大光銀	300	300	300	300	52
8539	福岡シティ銀	486	486	485	485	29
8541	愛媛銀	465	467	455	465	31
8542	トマト銀	395	395	395	395	1
8543	みなと銀	228	228	218	218	36
8544	京葉銀	333	335	314	314	74
8545	関西アーバン	188	190	188	190	10
8548	九州銀行	306	306	300	305	15
8549	せとうち銀行	390	400	390	400	2
8550	栃木銀	635	650	635	650	13
8551	北日銀	5360	5370	5330	5350	3.9
8552	びわこ銀	325	325	325	325	31
8556	香川銀	559	560	556	560	14
8558	東和銀	425	427	415	426	19
8561	徳島銀	768	769	768	769	9
8562	福島銀	339	340	333	339	52
8563	大東銀	339	339	334	338	35
8564	武富士	11330	11550	11150	11330	151.2
8565	三洋クレ	4200	4400	4200	4350	46.8
8566	リコーリース	2180	2220	2180	2180	17
8567	クレディア	2200	2200	2100	2135	14.1
8568	シンキ	2740	2800	2735	2775	129.3
8569	ユニココーポ	0	0	0	0	0
8570	イオンクレ	6400	6630	6400	6530	86.2
8571	ニッシン	4580	4580	4400	4470	35.1
8572	アコム	10750	10760	10420	10480	121.6
8573	三洋信販	3650	3680	3470	3470	23.2
8574	プロミス	8390	8530	8290	8410	294.5
8577	ロプロ	2825	2825	2465	2570	703.7
8579	東京リース	0	0	0	0	0
8580	ファーストクレジット	300	305	295	305	123
8582	日貿信	7	7	6	7	1591
8583	日信販	272	275	266	270	428
8584	ジャックス	360	362	355	359	75
8585	オリコ	469	485	465	470	596
8586	日立キャピ	2170	2240	2165	2190	475
8587	ライフ	206	207	200	200	59
8588	セントラル	330	330	325	325	50
8589	アプラス	142	144	139	144	94
8591	オリックス	15400	15590	15000	15060	247.6
8592	住商リース	1750	1790	1733	1766	33
8593	ダイヤリース	1560	1560	1560	1560	2
8595	ジャフコ	20000	22200	19700	22100	333
8597	ＳＦＣＧ	21500	24900	21100	24900	255.05
8599	ＵＦＪセント	0	0	0	0	0
8601	大和証Ｇ	1751	1798	1751	1775	3845
8603	日興コーデ	1400	1460	1400	1441	3460
8604	野村ＨＤ	3070	3200	3070	3160	6550
8606	新光	550	574	545	574	2821
8607	みずほイン証	273	285	272	284	891
8609	岡三ＨＤ	1000	1050	1000	1040	383
8610	さくらフレンド	401	427	401	421	355
8611	コスモ証	304	315	302	315	809
8613	丸三	840	865	830	863	100
8614	東洋	515	548	515	548	220
8615	三菱証	1610	1650	1610	1630	844
8616	東海東京	480	487	479	480	481
8617	光世	402	426	401	410	491
8620	東海丸万	850	850	826	845	203
8621	ＵＦＪつばさ証券	770	819	762	800	701
8622	水戸	541	560	540	540	108
8623	ＳＭＢＣ証	430	450	427	450	121
8624	いちよし証	1220	1270	1210	1270	100
8625	高木	430	440	420	440	52
8691	証券代	1100	1100	1100	1100	1
8692	だいこう	850	859	815	815	21
8742	小林洋行	1050	1100	1001	1020	6.5
8743	ひまわり証	0	0	0	0	0
8744	日本ユニコム	889	889	889	889	1
8745	グローバリー	1190	1190	1190	1190	2
8746	第一商品	331	331	331	331	2
8747	豊商事	477	477	477	477	2
8748	岡藤商事	432	432	432	432	1
8749	エース交易	329	350	329	350	19
8751	東京海上火災	1125	1136	1090	1090	1439
8752	三井住友海上	540	550	540	544	1985
8753	住友海上火災	602	619	595	611	2886
8754	日本興亜	294	298	294	295	877
8755	損害保険Ｊ	505	507	493	493	2036
8756	日産火災海上	294	300	293	295	120
8757	日新火	258	259	254	258	111
8758	千代田火災	323	331	322	324	283
8759	ニッセイ同和	305	305	300	300	191
8760	日動火災海上	492	497	480	491	350
8761	あいおい損保	325	330	320	320	671
8762	興亜火災	296	296	290	290	162
8763	富士火	223	223	213	213	251
8764	太陽火災	0	0	0	0	0
8765	大成火災海上	223	223	216	216	24
8801	三井不	1056	1061	1030	1040	1318
8802	菱地所	1170	1177	1150	1153	1383
8803	平和不	270	273	264	264	285.5
8804	東建物	210	210	204	204	323
8805	中央地	118	118	116	118	12
8806	ダイビル	720	720	700	708	58
8809	サンケビル	390	400	390	400	80
8810	港振興	1040	1040	1040	1040	1
8815	東急不	116	116	113	114	285
8817	阪急不動産	355	360	355	356	42
8818	京阪神不	306	308	305	306	18
8821	立飛企	2350	2350	2350	2350	1
8826	エルカク	2	3	2	2	4154
8829	大和団地	252	252	239	248	64
8830	住友不	347	348	339	343	942
8832	小田急不	200	201	199	199	12
8833	東宝不	395	397	395	395	10
8834	藤和不	65	66	64	65	227
8835	太平発	112	113	112	113	27
8836	ヒューネット	800	860	791	860	2244
8838	有楽地	120	120	119	119	7
8839	ニチモ	83	87	83	87	71
8840	大京	230	231	227	228	149
8841	テーオーシー	609	609	589	598	107
8842	楽天地	334	357	334	339	12
8844	リクコスモス	480	490	460	460	19
8845	セザール	225	225	215	217	185
8846	積和不動産	420	420	410	410	14
8848	レオパレス	355	360	355	360	43
8850	スターツ	550	555	550	555	6
8851	アバンライフ	150	155	150	155	27
8852	積和不動関西	379	379	379	379	10
8853	ダイヤシティ	0	0	0	0	0
8854	日住	272	272	260	260	5
8855	全日空ビル	124	124	124	124	1
8857	三井不動販売	454	455	430	431	39
8858	ダイア建	219	230	219	225	19
8860	フジ住	460	465	460	462	29
8863	積和不動中部	0	0	0	0	0
8864	空港施設	475	475	472	472	16
8865	神鋼興産	0	0	0	0	0
8866	コマーシャル	395	400	373	400	19
8867	横浜地下街	0	0	0	0	0
8868	ＵＲＢＡＮ	2450	2640	2390	2500	32
8869	明和地所	2400	2400	2270	2270	25.5
8870	住不販売	2590	2600	2550	2600	2.6
8871	ゴールドクレ	9500	10000	9400	10000	31
8872	エイブル	4100	4250	3900	4190	105
8873	積和不動中国	630	630	630	630	1
8874	ジョイント	3400	3900	3300	3900	20
8875	東栄住宅	1680	1700	1650	1660	17
8876	リロＨＤ	0	0	0	0	0
8877	エスリード	1355	1400	1305	1310	18
8878	日綜地所	1180	1180	1120	1150	10
8879	東急リバブル	541	541	541	541	7
8880	飯田産業	1800	1820	1800	1810	6
9001	東武	289	291	288	288	576
9002	西武鉄道	1484	1508	1460	1479	73
9003	相鉄	280	281	276	276	125
9004	箱根登山鉄道	298	298	298	298	1
9005	東急	425	427	414	414	2269
9006	京急	377	379	372	372	439
9007	小田急	342	344	338	338	259
9008	京王	392	399	387	387	634
9009	京成	295	295	285	285	243
9010	富士急	327	327	327	327	2
9012	秩父鉄	0	0	0	0	0
9013	伊豆箱根鉄道	0	0	0	0	0
9014	新京成	300	300	300	300	19
9017	新潟交	0	0	0	0	0
9019	伊豆急行	0	0	0	0	0
9020	ＪＲ東日本	548000	556000	539000	540000	4.936
9021	ＪＲ西日本	369000	373000	350000	350000	0.825
9022	ＪＲ東海	623000	645000	606000	619000	0.963
9031	西鉄	265	265	253	253	66
9033	広電鉄	1017	1017	1017	1017	7
9036	東部ネット	575	575	565	570	14
9037	ハマキョウ	1510	1510	1510	1510	4
9038	東海西濃	0	0	0	0	0
9039	サカイ引越	2200	2210	2160	2200	5.3
9040	大宝運輸	0	0	0	0	0
9041	近鉄	418	419	415	415	427
9042	阪急ＨＤ	340	343	340	340	406
9043	阪神	296	299	294	295	60
9044	南海電	439	440	436	440	27
9045	京阪電	350	350	347	348	37
9046	神電鉄	420	420	417	417	11
9047	名糖運輸	1372	1372	1372	1372	2
9048	名鉄	296	299	295	295	302
9049	京福電	0	0	0	0	0
9050	三重交	340	340	340	340	2
9051	センコン物流	0	0	0	0	0
9052	山陽電	286	290	285	285	9
9053	中央運輸	250	250	250	250	1
9054	大和物流	0	0	0	0	0
9055	アルプス物流	490	490	465	465	49
9056	ヒューテック	1280	1280	1280	1280	1
9057	遠州トラック	0	0	0	0	0
9058	トランコム	540	545	530	545	10
9059	カンダ	0	0	0	0	0
9060	日ロジテム	282	282	261	262	11
9061	富士物流	165	165	165	165	8
9062	日通	740	745	730	730	1466
9063	岡県運送	0	0	0	0	0
9064	ヤマト運	2710	2740	2640	2720	1984
9065	山九	124	125	121	121	181
9066	日新	170	170	166	166	15
9067	丸運	248	248	248	248	1
9068	丸全運	181	184	181	183	19
9069	センコー	210	212	206	211	58
9070	トナミ	208	208	203	203	39
9072	日梱包	605	619	605	619	27
9073	京極運	0	0	0	0	0
9074	日石輸	185	185	180	181	75
9075	福山運	650	650	630	630	83
9076	西濃運	514	524	510	513	128
9077	名鉄運	269	269	269	269	4
9078	エスライン	0	0	0	0	0
9079	東急ロジ	0	0	0	0	0
9080	関東西濃	0	0	0	0	0
9081	神奈交	439	439	435	435	3
9082	大和自	0	0	0	0	0
9083	神姫バ	0	0	0	0	0
9086	日立物流	540	552	540	550	52
9087	タカセ	220	220	220	220	1
9088	濃飛西濃	0	0	0	0	0
9089	ロジパル	0	0	0	0	0
9101	郵船	441	444	438	438	1432
9104	商船三井	215	217	208	210	4028
9107	川崎汽	188	188	183	183	721
9110	新和海	71	73	70	73	72
9113	乾汽船	80	81	79	80	22
9114	日之出汽船	46	46	46	46	10
9115	明治海	170	173	170	170	5
9119	飯野海	174	175	169	171	76
9123	太平海	59	60	58	60	69
9127	玉井船	50	50	50	50	5
9130	共栄タ	114	115	114	114	15
9132	第一汽	59	62	58	62	376
9133	東栄リーファ	0	0	0	0	0
9151	東京船舶	98	98	98	98	2
9152	関西汽	60	60	58	58	122
9171	栗林船	238	240	238	240	4
9173	東海汽	360	360	360	360	1
9174	ワンダーＴ	271	271	271	271	6
9176	佐渡汽	1000	1000	1000	1000	0.5
9178	日鉄物流	340	340	330	330	3
9179	川崎近海	190	190	180	180	32
9180	新和内航	0	0	0	0	0
9193	東京汽	316	316	312	312	11
9201	日本航空	340	350	338	338	2832
9202	ＡＮＡ	333	335	325	326	786
9203	日本エアシス	4000	4000	3800	3800	0.7
9231	国際航	626	636	624	624	18
9232	パスコ	648	670	630	648	55
9233	アジア航	338	350	338	350	7
9301	三菱倉	980	999	971	980	791
9302	三井倉	273	278	269	269	382
9303	住友倉	290	290	286	288	266
9304	渋沢倉	266	267	264	264	24
9305	ヤマタネ	130	130	127	128	40
9306	東陽倉	217	217	217	217	1
9307	杉村倉	0	0	0	0	0
9308	イヌイ建	391	391	391	391	4
9309	京神倉庫	324	324	324	324	1
9310	トランシティ	207	209	207	207	14
9311	アサガミ	0	0	0	0	0
9312	ケイヒン	150	150	146	146	20
9313	丸八倉	161	161	161	161	1
9314	品川倉	0	0	0	0	0
9317	オーナミ	120	120	120	120	3
9318	Ｊブリッジ	275	290	270	290	17
9319	中央倉	502	502	501	501	3
9320	三和倉	168	168	168	168	5
9321	アイロジステ	157	160	155	160	6
9322	川西倉	610	610	610	610	338
9323	ロジステック	0	0	0	0	0
9324	安田倉	360	360	360	360	4
9351	洋埠頭	141	143	141	142	29
9353	桜島埠	0	0	0	0	0
9355	リンコー	0	0	0	0	0
9357	名港海	317	326	317	326	2
9358	宇徳運	127	127	124	124	8
9359	伊勢湾	266	266	261	261	16
9360	鈴与シンワ	0	0	0	0	0
9361	伏木運	0	0	0	0	0
9362	兵機海	0	0	0	0	0
9363	大運	63	63	63	63	8
9364	上組	480	500	480	494	365
9365	トレーディア	100	100	100	100	2
9366	サンリツ	725	750	725	726	3.7
9367	大東港運	0	0	0	0	0
9368	キムラユニテ	0	0	0	0	0
9369	キユソ流通	0	0	0	0	0
9370	郵船航空	1980	1980	1950	1980	10.3
9373	ニッコウトラ	1750	1750	1720	1750	19
9401	ＴＢＳ	4220	4300	4050	4050	583
9402	ＣＢＣ	999	1000	990	1000	3
9404	日テレ	70000	71800	69000	71700	59.17
9405	朝日放	10900	11300	10900	11150	3
9408	新潟放	760	760	760	760	0.3
9431	ＫＤＤ	9880	10380	9850	10380	241.6
9432	ＮＴＴ	1460000	1510000	1460000	1480000	17.675
9433	ＫＤＤＩ	950000	1010000	945000	1010000	15.656
9434	ボーダフォン	4400000	4920000	4400000	4900000	1.039
9435	光通信	0	0	0	0	0
9436	沖縄セルラー	620000	669000	620000	663000	0.099
9437	ＮＴＴドコモ	3850000	4020000	3820000	3990000	15.406
9438	ＭＴＩ	2490000	2800000	2490000	2750000	0.919
9439	ビーアイジー	5200000	6200000	5200000	6100000	0.021
9449	ＧＭＯインター	25300	27300	23600	27300	20
9470	学研	260	260	250	255	110
9471	文渓堂	571	571	571	571	4
9472	エスコム	420	435	416	420	61
9473	アスキー	2340	2480	2270	2400	65
9474	ゼンリン	3850	3890	3800	3840	9.4
9475	昭文社	4650	4880	4610	4750	178.9
9476	中央経済	0	0	0	0	0
9477	角川ＨＤ	20900	22000	20900	21800	22.8
9478	翔泳社	6690000	7500000	6690000	7450000	0.132
9501	東電	2395	2400	2360	2365	1421.4
9502	中部電	1610	1620	1540	1540	551.9
9503	関西電	1660	1662	1580	1601	617.7
9504	中国電	1290	1300	1261	1261	126.7
9505	北陸電	1270	1308	1260	1262	165.5
9506	東北電	1285	1298	1251	1252	485.1
9507	四国電	1260	1260	1245	1245	209.4
9508	九州電	1260	1278	1250	1251	359.6
9509	北海電	1263	1263	1241	1241	144.3
9511	沖縄電	1911	1911	1900	1900	9.9
9531	東ガス	240	242	238	238	7376
9532	大ガス	286	296	285	285	4364
9533	邦ガス	170	171	165	165	384
9534	北ガス	185	185	185	185	1
9535	広ガス	218	218	218	218	3
9536	西部ガス	157	159	156	156	73
9537	北陸ガ	300	300	300	300	7
9539	葉ガス	270	270	260	260	3
9540	中ガス	215	215	215	215	5
9541	大多喜ガス	367	367	367	367	1
9542	新日ガス	0	0	0	0	0
9600	アイネット	1270	1300	1270	1300	11
9601	松竹	551	555	551	555	44
9602	東宝	20800	22000	20800	21000	46.9
9603	ＨＩＳ	6300	6300	6180	6190	45.5
9604	際放映	0	0	0	0	0
9605	東映	833	841	822	840	329
9607	葵プロ	1531	1570	1515	1530	45.5
9608	福山コンサル	0	0	0	0	0
9609	ベンチャーリ	7710	8200	7700	8040	27
9610	ウィルソン	5800	5950	5780	5950	5.4
9611	Ｄワンダー	0	0	0	0	0
9612	ラックランド	2120	2150	2120	2150	2.4
9613	ＮＴＴデータ	1640000	1670000	1610000	1610000	8.252
9614	ベルシス24	64000	72000	64000	72000	24.45
9615	東京美装	811	830	811	814	3
9616	共立メンテ	3350	3400	3300	3300	1.7
9618	エームサービス	0	0	0	0	0
9619	イチネン	0	0	0	0	0
9620	スクウェア	8040	8300	8020	8280	71.3
9621	建設技研	670	670	630	630	5.4
9622	スペース	450	450	440	440	3.9
9623	キヤノンソフ	732	732	720	720	2
9624	長大	560	560	530	530	3.5
9625	セレスポ	0	0	0	0	0
9626	日本技開	0	0	0	0	0
9627	アインファマ	1640	1680	1640	1680	6
9628	燦ＨＤ	3700	3800	3700	3710	2.7
9629	ＰＣＡ	3410	3490	3410	3410	9
9630	アップ	441	441	441	441	0.5
9631	東急レク	575	575	571	571	2
9632	スバル	350	350	346	348	5
9633	テアトル	178	180	175	180	21
9634	修学社	1060	1090	1000	1010	207
9635	武蔵野	530	530	530	530	1
9636	きんえい	0	0	0	0	0
9637	オーエス	0	0	0	0	0
9638	情報技術	1060	1060	1030	1030	6
9639	三協フロンテ	335	335	320	335	5
9640	セゾン情報	850	870	850	870	3
9641	サコス	152	152	151	151	2
9642	コマスタ	0	0	0	0	0
9643	中日興	0	0	0	0	0
9644	タナベ経営	600	696	600	682	24.3
9645	ダイヤモンドコン	1920	2000	1920	1962	28
9646	タイトー	116000	116000	112000	114000	0.179
9647	協和コンサル	0	0	0	0	0
9648	ウエスコ	348	348	335	338	30.6
9649	明電エンジニア	575	580	574	577	11.5
9650	テクモ	1839	1839	1790	1820	19.4
9651	日本プロセス	720	720	700	700	5
9652	日本医療	1850	1900	1840	1900	33
9653	ＳＢＩパートナ	1690	1890	1600	1890	21
9654	コーエー	4200	4300	4120	4300	39.4
9656	三井ランド	525	526	523	526	6.5
9657	コムテック	0	0	0	0	0
9658	ビジ太田昭	902	902	895	900	8
9660	ＣＲＣソリュ	2060	2200	2060	2200	13
9661	歌舞伎	3840	3840	3700	3700	6
9662	アイフル	0	0	0	0	0
9663	ナガワ	715	800	700	750	17
9664	御園座	0	0	0	0	0
9665	吉本興	1460	1465	1455	1465	118
9667	ホリプロ	999	999	901	920	20
9668	相鉄企業	0	0	0	0	0
9669	オークネット	5590	5700	5550	5690	10.6
9671	よみランド	329	329	329	329	12
9672	東競馬	141	144	140	143	139
9673	甲子園土地	0	0	0	0	0
9674	花月園	0	0	0	0	0
9675	常磐興	149	150	146	146	32
9676	松戸公産	486	486	486	486	6
9677	日本ジャンボ	895	900	891	898	6.3
9678	カナモト	889	902	880	889	262
9679	ホウライ	420	420	410	410	4
9680	共成レンテム	737	737	737	737	1
9681	東京ドーム	569	570	540	540	313
9682	ＤＴＳ	6180	6980	6090	6850	126.6
9684	スク・エニ	5450	5680	5400	5680	98.7
9685	共同コンＨＤ	380	380	380	380	1
9686	東洋テック	508	508	508	508	4
9687	ＫＳＫ	751	751	741	741	4
9689	グリンハウス	0	0	0	0	0
9691	両毛システム	0	0	0	0	0
9692	シーイーシー	1900	1900	1850	1900	20
9694	日立ソフト	11500	12300	11400	11990	152.4
9695	鴨川グランド	0	0	0	0	0
9696	ウィザス	480	490	480	490	3
9697	カプコン	3900	3960	3840	3960	270.9
9698	クレオ	1380	1400	1350	1400	9
9699	西尾レント	695	695	676	677	5.7
9700	エスアールエル	1299	1319	1290	1301	60
9701	会舘	0	0	0	0	0
9702	アイエスビー	0	0	0	0	0
9703	ジェネラスコーポ	107	107	103	104	47
9704	東海観	78	81	76	80	2964
9706	日本空港ビル	983	985	975	982	28
9707	メデカＪ	1520	1530	1490	1500	33
9708	帝ホテル	0	0	0	0	0
9709	日コンピュタ	770	790	770	770	4
9710	第一ホテ	119	125	106	117	606
9711	日コンシス	0	0	0	0	0
9712	ファイ	950	960	890	915	77
9713	ロイヤルホ	230	230	222	223	13
9714	ＳＲＡ	1800	1800	1800	1800	5
9715	トランスコス	21130	23130	20800	23130	236.9
9716	乃村工芸社	355	370	355	370	4
9717	ジャステック	3050	3200	2950	3100	8.2
9718	国際観光会館	0	0	0	0	0
9719	住商情報	5700	5800	5700	5700	35
9720	グランド	0	0	0	0	0
9722	藤田観	619	619	602	602	18
9724	新阪急ホテル	208	208	208	208	1
9725	東急ホテル	190	195	190	191	48
9726	近ツーリスト	330	330	325	326	75
9727	東急観光	135	135	131	131	14
9728	日本管財	2090	2095	2090	2095	2
9729	トーカイ	0	0	0	0	0
9730	ワオコーポ	385	386	385	385	14
9731	白洋舎	310	310	301	301	3
9732	東映ラボ	0	0	0	0	0
9733	ナガセ	2000	2100	2000	2100	4
9734	精養軒	0	0	0	0	0
9735	セコム	8710	9100	8700	9030	561
9736	白青舎	0	0	0	0	0
9737	ＣＳＫ	4290	4560	4230	4540	934.1
9738	インテック	2675	2970	2660	2945	282
9739	ＮＳＷ	8170	8210	8000	8210	11
9740	ＣＳＰ	668	670	668	670	3
9741	日立情報	4650	4880	4650	4880	65
9742	アイネス	1741	1850	1720	1830	334
9743	丹青社	620	626	616	616	22
9744	メイテック	3120	3340	3120	3320	86.2
9746	ＴＫＣ	2550	2750	2530	2630	26
9747	アサツーＤＫ	4550	4900	4500	4890	84.5
9748	ＮＪＫ	0	0	0	0	0
9749	富士ソフト	6340	6470	6330	6450	177.3
9750	ソラン	2100	2100	2010	2040	99
9751	ＴＩＳ	5730	6200	5730	6000	104
9752	ナムコ	3790	3810	3710	3770	177.8
9753	ＩＸナレッジ	810	820	810	810	8
9755	応用地質	1380	1380	1360	1360	10
9756	ＡＳＫ	630	731	630	731	12
9757	船井研	910	971	900	971	11
9758	ジシステム	885	900	880	900	18
9759	日システムデ	9300	9600	9120	9590	73.4
9760	進学会	321	321	321	321	1
9761	東海リース	187	192	187	192	16
9762	大和リース	324	329	324	329	355
9763	丸紅リ	170	180	170	175	36
9764	技研興	0	0	0	0	0
9765	オオバ	0	0	0	0	0
9766	コナミ	6220	6800	6150	6800	291.5
9767	日建工学	260	260	250	250	36
9768	国土環境	900	900	880	880	2
9769	学究社	509	510	509	510	4
9776	札臨	0	0	0	0	0
9777	日電計算	2685	2700	2645	2670	19.3
9778	昴	0	0	0	0	0
9779	メフォス	1120	1120	1120	1120	3
9780	ビステム	0	0	0	0	0
9781	石川島汎サ	0	0	0	0	0
9782	ＤＭＳ	0	0	0	0	0
9783	ベネッセ	9050	9600	9000	9200	120.3
9784	日工検	0	0	0	0	0
9785	大新東	0	0	0	0	0
9786	キャッツ	1570	1570	1510	1521	24
9787	Ｊメンテ	974	1000	962	962	3.1
9788	ナック	985	1010	985	992	12.6
9789	栄光	403	403	403	403	2
9790	福井コン	705	710	705	710	2.5
9791	ビケンテクノ	790	790	765	765	9
9792	ニチイ学館	11700	12100	11700	11730	46.5
9793	ダイセキ	2115	2140	2100	2140	15.1
9794	カラカミ観光	719	719	629	640	20
9795	ステップ	0	0	0	0	0
9796	ダイテック	1400	1420	1390	1420	3.8
9797	大日本コン	280	280	280	280	0.3
9798	シダックス	3000	3000	3000	3000	0.2
9799	旭情報	1360	1380	1310	1310	5
9810	日鉄商	115	115	110	110	32
9811	アスティス	0	0	0	0	0
9812	テーオー	0	0	0	0	0
9813	トッキ	2120	2350	2120	2340	23
9814	アシックス商	652	655	652	655	4
9815	カテナ	830	840	810	820	90
9816	バーテックス	689	689	679	679	2
9817	ゴトー	0	0	0	0	0
9818	大丸エナ	650	650	650	650	2
9820	エムティＧ	211	211	209	210	10
9821	日アムウ	0	0	0	0	0
9822	なが多	90	97	82	90	2418
9823	マミーマート	0	0	0	0	0
9824	泉州電	570	570	570	570	1
9825	アズウェル	410	420	410	410	4.6
9826	ＪＥＵＧＩＡ	191	191	191	191	1
9827	リリカラ	186	200	186	186	19
9828	元気寿司	1180	1180	1180	1180	4
9829	ながの東急	0	0	0	0	0
9830	トラスコ中山	1310	1311	1261	1280	19.6
9831	ヤマダ電	8850	9450	8800	9450	84
9832	オートバクス	2890	2940	2800	2810	125.6
9833	エルクコーポ	690	690	690	690	1
9834	リオチェン	411	420	411	420	0.2
9835	ジュンテン	625	625	625	625	1
9836	リーバイス	660	660	650	650	12
9837	モリト	499	499	499	499	1
9838	トラベラー	852	852	852	852	2
9839	ゲッツブラザーズ	601	601	600	600	23
9840	ホーマック	2235	2260	2230	2250	10.4
9841	ＢＭＢ	433	440	420	430	81
9842	アークランド	1070	1070	1000	1000	32
9844	ユーエスシー	1450	1450	1380	1380	6
9845	パーカー	265	266	260	260	4
9846	天満屋ス	0	0	0	0	0
9847	ソリスト	440	440	440	440	1
9848	トヨタカローラ岐阜	0	0	0	0	0
9849	河内屋紙	550	550	550	550	1
9850	グルメ杵屋	709	709	700	700	15
9852	中央物産	280	280	276	276	6
9853	銀座ルノア	0	0	0	0	0
9854	愛眼	999	999	985	999	9.2
9855	くろがねや	0	0	0	0	0
9856	ケーユー	832	850	832	850	0.3
9857	英和	343	343	342	342	2
9858	明光商会	1950	1950	1900	1920	17.4
9859	ユーストア	0	0	0	0	0
9860	岐阜日野	680	680	680	680	1
9861	吉野家ディー	1800000	1800000	1780000	1800000	0.025
9862	メモレックス・テレ	335	335	335	335	3
9863	靴のマルトミ	0	0	0	0	0
9864	ナカイ	0	0	0	0	0
9865	日商エレク	3040	3350	2990	3090	55
9867	ソレキア	620	625	615	615	24
9868	トリイ	0	0	0	0	0
9869	加藤産	645	645	636	645	11
9870	ハナテン	1880	1900	1880	1900	0.5
9871	イトーキ	230	236	230	236	7
9872	北恵	0	0	0	0	0
9873	ケンタッキー	1089	1090	1089	1090	14
9875	マツモトキヨ	7890	8000	7800	7980	27.2
9876	コックス	0	0	0	0	0
9877	マルフル	247	247	247	247	1
9878	セキド	695	695	670	670	3
9879	フタタ	0	0	0	0	0
9880	イノテック	4930	5100	4900	5000	50.4
9882	イエロハット	1010	1020	1010	1010	15.3
9883	富士エレ	1800	1820	1800	1800	16
9884	都築電産	853	853	853	853	8
9885	シャルレ	691	691	691	691	1
9887	松屋フーズ	3000	3050	2930	3050	31
9888	ＵＥＸ	0	0	0	0	0
9889	ＪＢＣＣ	4720	5020	4710	4800	108
9890	マキヤ	0	0	0	0	0
9892	卑弥呼	1200	1200	1180	1200	13
9893	ホームワイド	410	419	410	410	6
9894	アトル	481	481	480	480	2
9895	コンセック	260	270	260	270	2
9896	Ｊ建材	497	498	497	498	2
9897	ユニダックス	700	705	698	698	10
9898	サハダイヤ	364	370	360	369	237
9899	サンデサン	0	0	0	0	0
9900	サガミ	806	806	800	800	17
9901	宮	930	930	910	930	3
9902	日伝	1320	1320	1320	1320	1
9903	カンセキ	0	0	0	0	0
9904	ベリテ	0	0	0	0	0
9905	コージツ	190	190	190	190	3
9906	藤井産業	0	0	0	0	0
9907	大電社	0	0	0	0	0
9908	日本電計	530	530	525	525	11
9909	愛光電気	0	0	0	0	0
9911	真電	440	440	440	440	1
9912	ダイワボ情	1284	1340	1284	1325	56.5
9913	日邦産業	0	0	0	0	0
9914	植松商会	0	0	0	0	0
9915	アサヒビールＳ	0	0	0	0	0
9916	バイタルＮ	619	619	591	600	3.9
9917	マツモト電器	0	0	0	0	0
9918	ダイワラクダ	393	395	393	395	8
9919	関西スーパ	551	552	551	552	2
9920	シービーエム	1680	1710	1660	1700	9.5
9921	ギガス	491	491	491	491	3
9922	日立機材	602	602	602	602	2
9923	ダイトーエム	0	0	0	0	0
9924	ドミー	0	0	0	0	0
9925	北の家族	1010	1010	988	988	12
9926	ダイカ	385	385	380	385	3
9927	ワットマン	0	0	0	0	0
9928	ミロク情報	1360	1360	1298	1321	23
9929	平和紙業	0	0	0	0	0
9930	北沢産	253	255	250	255	9.5
9931	家族亭	650	650	650	650	1
9932	杉本商	472	472	472	472	1.5
9934	因幡電産	1125	1125	1100	1101	5.9
9935	あずみ	0	0	0	0	0
9936	王将フード	1350	1350	1340	1340	3
9937	セシール	3120	3200	3000	3170	17.7
9938	住金物産	104	104	103	104	36
9939	すみや	0	0	0	0	0
9941	太洋物産	176	176	176	176	1
9943	ココス	600	610	595	595	5
9944	インパクト	1750	1800	1700	1765	7.6
9945	プレナス	5100	5150	5100	5120	15
9946	ミニストップ	2375	2375	2310	2320	11.2
9947	シムリー	1350	1350	1300	1350	4.3
9948	アークス	1300	1300	1280	1280	6
9949	タイヨー	2570	2570	2570	2570	1
9950	ハチバン	0	0	0	0	0
9951	カーマ	525	525	524	524	3.9
9952	ドトール	8500	8600	8480	8490	36
9953	ダイキ	1349	1349	1335	1339	42.5
9954	東京小僧寿し	580	580	580	580	1
9955	ヨンキュウ	2330	2330	2290	2330	4
9956	バロー	0	0	0	0	0
9957	バイテック	1520	1600	1520	1600	9
9958	サリ	312	320	312	320	4
9959	アシード	785	805	785	805	3
9960	東テク	475	475	475	475	1
9961	エムオーテック	168	168	143	155	13
9962	駿河製機	10110	11010	10020	11000	51.6
9963	江守商事	0	0	0	0	0
9964	アイ・テック	810	810	810	810	1
9965	福原	505	510	505	510	12
9966	藤久	2120	2150	2050	2050	5.7
9967	堺商事	0	0	0	0	0
9968	イチヤ	0	0	0	0	0
9969	ショクブン	930	930	920	920	6
9970	東洋オフィス	485	500	485	490	6
9971	カウボーイ	550	550	545	550	32
9972	アルテック	1150	1240	1150	1200	22.5
9973	小僧本部	0	0	0	0	0
9974	ベルク	900	900	900	900	5
9975	マルヤ	3250	3250	3250	3250	0.3
9976	セキチュー	0	0	0	0	0
9977	アオキスーパ	0	0	0	0	0
9978	文教堂	1990	2220	1980	2200	21
9979	大庄	1000	1050	1000	1015	22
9980	マルコ	931	931	920	920	12.1
9981	ニック産業	518	518	518	518	2
9982	タキヒヨー	0	0	0	0	0
9983	ファストリ	45000	46000	44550	45950	112.7
9984	ソフトバンク	68800	73900	68300	70500	1553
9985	榮太郎	820	820	820	820	4
9986	蔵王産業	0	0	0	0	0
9987	スズケン	2590	2600	2530	2560	110.7
9988	神港魚類	0	0	0	0	0
9989	サンドラッグ	7370	8000	7370	8000	21.5
9990	東京デリカ	490	501	490	501	3
9991	ジェコス	370	378	366	374	3.2
9992	理研グリン	0	0	0	0	0
9993	ヤマザワ	1300	1300	1300	1300	1
9994	やまや	680	680	679	679	1.4
9995	イーストン	750	765	725	745	46
9996	サトー商会	0	0	0	0	0
9997	ベルーナ	2010	2140	2000	2140	30
