20000531
1001	日経２２５	16274	16539	16224	16332	60.952
1002	ＴＯＰＩＸ	1522	1542	1512	1523	60.952
1301	極洋	139	143	139	140	125
1319	日経300F	304	304	294	294	84
1331	ニチロ	169	169	166	167	280
1332	日水	178	178	174	174	631
1333	マルハ	149	150	146	147	599
1351	宝幸水産	83	84	81	84	33
1352	ホウスイ	92	94	89	94	10
1376	カネコ種	0	0	0	0	0
1377	サカタタネ	2375	2375	2330	2360	14.5
1378	雪国まいたけ	690	695	680	680	15
1379	ホクト	3770	3830	3750	3750	15
1380	秋川牧園	0	0	0	0	0
1491	中外鉱	193	194	183	184	6297
1501	三井鉱山	88	88	86	86	366
1503	住友炭	76	77	76	77	60
1515	日鉄鉱	227	227	221	225	39
1518	三井松島	150	150	145	148	23
1601	帝石	320	323	318	320	341
1603	アラビア石油	383	385	372	372	97.7
1661	ガス開	420	434	416	426	136
1701	昭和鉱	247	250	247	250	6
1702	共立マテリア	320	320	320	320	3
1736	オーテック	335	335	335	335	1
1737	三井エンジ	305	317	305	317	3
1738	ＮＩＴＴＯＨ	399	399	399	399	1
1739	ＳＥＥＤ	360000	400000	360000	380000	0.004
1740	極東工業	362	362	362	362	3
1741	ミサワサンイ	0	0	0	0	0
1742	セコムテクノ	2900	3000	2900	2950	53
1743	コーアツ工業	524	524	524	524	2
1744	キョーエイ	510	510	500	510	9
1745	ミサワホーム東海	0	0	0	0	0
1746	7	0	0	0	0	0
1748	ミサワ北日	310	310	310	310	1
1750	カナック	430	430	430	430	4
1751	日立プラサ	0	0	0	0	0
1752	富士通シス	1100	1100	1100	1100	11
1753	土屋ツバイ	0	0	0	0	0
1754	東新住建	870	890	870	890	2
1755	JFE工建	358	358	358	358	1
1756	和興エンジ	225	225	225	225	1
1757	千年の杜	298	298	296	298	12
1758	太洋基礎	510	520	505	520	4
1759	ジオトップ	216	240	216	240	11
1762	高松建設	1441	1479	1441	1445	1.5
1763	北陸ミサワ	0	0	0	0	0
1764	工藤建設	275	275	275	275	1
1765	イビデンテック	0	0	0	0	0
1766	東建コーポ	1500	1500	1430	1430	13
1767	沖ウィン	498	520	498	520	7
1768	ソネック	0	0	0	0	0
1770	藤田エンジ	690	690	690	690	3
1772	東北エンタープライズ	200	210	200	210	7
1774	機動建	0	0	0	0	0
1775	富士電Ｅ＆Ｃ	239	239	239	239	1
1776	三井住建道路	0	0	0	0	0
1777	川崎設備	0	0	0	0	0
1778	古河総設	163	165	163	165	2
1779	松本建工	490	495	490	490	24
1780	ヤマウラ	362	363	362	363	2
1781	国土総合	350	350	343	343	2
1782	常磐開発	193	195	193	195	4
1783	南野建設	0	0	0	0	0
1784	サワコー	456	470	440	470	8.8
1785	ナナボシ	0	0	0	0	0
1786	オリ建	405	415	400	415	9
1787	ナカボテック	0	0	0	0	0
1788	三東工業	0	0	0	0	0
1789	山加電業	0	0	0	0	0
1790	平和奥田	0	0	0	0	0
1791	三井木材	131	135	131	135	7
1792	みらい建設Ｇ	182	182	180	180	14
1793	大本組	650	650	650	650	2
1795	マサル	479	479	479	479	1
1796	トヨタウッド	310	310	310	310	1
1797	藤木工務店	370	370	370	370	1
1798	守谷商会	0	0	0	0	0
1799	第一建設	292	292	292	292	3
1800	利塚地下技術	201	201	200	200	12
1801	大成建	151	152	148	148	2057
1802	大林組	418	428	410	410	922
1803	清水建	269	269	255	255	1144
1804	佐藤工業	55	57	53	53	436
1805	飛島建	57	58	56	56	547
1806	ACリアル	47	48	47	47	527
1807	渡辺組	0	0	0	0	0
1808	長谷工	40	41	40	41	2071
1809	富士工	75	75	73	75	29
1810	松井建	295	295	285	293	35
1811	銭高組	245	250	245	250	4
1812	鹿島	275	275	266	268	1150
1813	不動建	139	141	137	141	61
1814	大末建	71	71	66	71	186
1815	鉄建	113	115	113	114	176
1816	安藤建	193	193	191	191	9
1817	勝村建	126	129	126	129	7
1818	日産建設	103	108	103	108	12
1819	太平工	148	148	145	148	16
1820	西松建	389	390	384	386	1068
1821	三井住友建	76	76	73	75	62
1822	大豊建	164	167	162	164	22
1823	住友建設	84	86	84	86	75
1824	前田建	267	267	261	261	135
1825	環境建設	99	100	95	99	83
1826	佐田建	141	143	141	143	51
1827	ナカノフドー建	90	95	90	95	34
1828	田辺工業	390	390	390	390	2
1829	大和建設	0	0	0	0	0
1830	共栄冷機工業	0	0	0	0	0
1831	積水ハ北陸	0	0	0	0	0
1833	奥村組	320	328	320	325	186
1834	小田急建	266	270	261	267	16.5
1835	東鉄工	215	215	215	215	4
1836	大日本土木	141	141	141	141	1
1837	間組	48	49	45	46	1293
1838	古久根建設	107	107	103	104	7
1839	真柄建	160	160	156	160	11
1840	土屋ホーム	0	0	0	0	0
1841	サンユ	0	0	0	0	0
1842	昭和テクノ	770	771	770	771	8
1844	大盛工業	165	166	165	165	5
1845	森本組	107	107	107	107	1
1846	鈴縫工	122	122	120	120	2
1847	イチケン	106	113	105	113	12
1848	富士ＰＳ	0	0	0	0	0
1850	南海辰村建	86	95	86	95	6
1851	大木建設	172	175	171	175	8
1852	浅沼組	144	144	142	144	11
1853	森組	130	145	130	145	12
1854	新井組	139	143	139	143	10.5
1855	東急建設	60	61	60	61	129
1856	ジェイオー建設	370	370	370	370	2
1857	松村組	115	115	110	110	33
1858	井上工	57	57	57	57	3
1860	戸田建	445	445	420	420	480
1861	熊谷組	53	53	50	50	1608
1862	横河工事	316	345	316	338	11
1863	テトラ	201	205	201	205	2
1865	青木あすなろ建	139	144	136	136	10
1866	北野建	248	248	232	239	92
1867	植木組	165	170	165	170	7
1868	三井ホーム	382	382	379	379	20
1869	名工建	450	450	450	450	7
1870	矢作建	358	380	358	380	4
1871	ピーエス三菱	386	400	386	387	8.4
1872	アゼル	306	310	302	305	61
1873	東ハウス	401	404	401	401	33
1874	佐藤秀	110	119	110	119	2
1875	青木マリン	0	0	0	0	0
1877	川田建設	0	0	0	0	0
1878	大東建	2000	2050	1910	2050	546.1
1879	新日本建	221	221	212	212	4
1880	スルガコーポ	0	0	0	0	0
1881	ＮＩＰＰＯ	456	457	445	455	86
1882	東亜道	225	230	225	230	17
1883	前田道	437	439	427	430	205
1884	日道路	158	159	156	159	32
1885	東亜建	124	127	121	121	206
1886	青木建設	45	47	44	44	1191
1888	若築建	132	133	131	132	89
1889	佐伯建	123	123	121	123	22
1890	東洋建	89	91	88	91	276
1892	徳倉建	265	265	265	265	1
1893	五洋建	134	135	124	124	567
1895	大成ロテック	151	154	151	154	22
1896	大林道	290	292	290	290	12
1897	金下建	515	515	515	515	4
1898	世紀東急	81	88	81	88	21
1899	福田組	265	265	262	262	11
1900	白石	164	164	164	164	1
1902	山崎建設	0	0	0	0	0
1904	大成温調	315	315	315	315	1
1905	テノックス	0	0	0	0	0
1906	細田工務	350	350	350	350	1
1907	東北ミサワ	477	477	476	476	4
1908	三平建設	487000	487000	487000	487000	0.001
1909	日本ドライ	304	304	304	304	2.5
1910	フドウ建研	0	0	0	0	0
1911	住友林	700	700	670	671	187
1912	ミサワセラミ	0	0	0	0	0
1913	旭ホームズ	0	0	0	0	0
1914	日基技	479	479	469	469	21
1915	東京ミサワホーム	307	307	307	307	1
1916	日成ビルド	180	182	175	178	42
1917	ニッセキハウス	151	152	140	141	1150
1919	エスバイエル	259	260	256	257	59
1920	殖産住宅相互	90	92	90	91	258
1921	巴	160	160	155	160	25
1922	大成ユーレック	88	88	82	88	24
1923	ミサワホーム	345	345	340	341	61
1924	パナホーム	619	619	615	617	172
1925	大和ハウス	795	810	795	799	920
1926	ライト	430	432	420	428	115.4
1927	中 部	0	0	0	0	0
1928	積ハウス	1050	1060	1045	1048	1076
1929	日特建	193	194	191	194	48
1930	北陸電工	240	240	238	238	7
1931	日本電通	305	305	305	305	4
1932	コミュチュア	473	473	465	465	3
1933	西シス建	0	0	0	0	0
1934	ユアテック	295	295	295	295	10
1935	ＴＴＫ	240	245	240	245	11
1936	シーキューブ	269	270	269	270	2.3
1937	西部電工	296	305	295	305	9
1938	千歳電	225	225	225	225	1
1939	四電工	315	320	315	320	20
1940	つうけん	240	240	240	240	5
1941	中電工	1550	1560	1550	1559	27
1942	関電工	400	401	396	400	86
1943	大明	967	970	960	964	98
1944	きんでん	611	615	581	582	480
1945	東京エネシス	374	374	374	374	4
1946	トーエネク	370	372	369	369	33
1947	日本コムシス	2040	2080	2005	2005	271
1948	弘電社	298	298	298	298	2
1949	住友電設	532	545	526	545	18.6
1950	電設工	305	306	297	306	60
1951	協エクシオ	1030	1033	1019	1025	307
1952	新日空調	351	358	350	357	6.9
1953	国際電設	212	215	212	215	2
1954	日工営	174	176	173	174	70
1955	東電通	394	394	385	389	18
1956	日電設	375	385	375	385	45
1957	保安工	202	204	202	204	5
1958	三和エレック	265	265	262	265	36
1959	九電工	305	306	299	302	130
1960	サンテック	320	320	316	316	5
1961	三機工	412	412	405	410	87
1962	エルゴテック	0	0	0	0	0
1963	日揮	305	310	304	310	628
1964	中外炉	375	376	368	368	59
1965	テクノ菱和	400	400	395	395	6.7
1966	高田工	255	255	255	255	1
1967	ヤマト	335	344	335	336	7
1968	太平電	237	237	231	232	27
1969	高砂熱	610	610	598	598	35
1970	日立プラ	246	248	241	241	31
1971	ビルト工	83	83	83	83	1
1972	三晃金	103	105	103	105	12
1973	ＮＥＣシス建	1790	1813	1790	1813	94.7
1974	宮地建設工業	514	563	514	563	65
1975	朝日工	224	225	223	225	43
1976	明星工	140	142	140	142	37
1977	ジェイコス	372	372	370	370	2
1978	アタカ	250	250	249	249	9
1979	大気社	801	801	800	800	17
1980	ダイダン	416	416	416	416	3
1981	協和日成	240	240	235	240	89
1982	日比谷設	485	485	475	475	31
1983	東芝プラ	220	222	218	219	8
1984	三信建	150	150	150	150	1
1985	大和電設	298	298	298	298	1
1986	日商インター	840	850	830	850	13
1987	ソルコム	0	0	0	0	0
1988	シボンド建	1260	1270	1250	1250	44.3
1989	北陸電話	0	0	0	0	0
1990	東邦建	215	215	200	200	7
1991	都築通技	0	0	0	0	0
1992	神田通機	0	0	0	0	0
1993	ニッタン	170	170	163	163	15
1994	高橋ウォール	0	0	0	0	0
1995	鈴木工務店	175	175	175	175	7
1996	三菱建設	0	0	0	0	0
1997	暁飯島工業	0	0	0	0	0
1998	日本土建	0	0	0	0	0
2001	日本粉	251	257	250	250	216
2002	日清粉	977	985	977	980	1489
2003	日東粉	200	200	199	199	14
2004	昭和産	169	170	169	170	47
2006	東福粉	95	95	87	87	15
2007	富士粉	0	0	0	0	0
2008	増田粉	195	195	195	195	1
2009	鳥越粉	388	389	384	387	12
2051	農産工	180	183	178	181	69
2052	協同飼	120	122	120	122	75
2053	中部飼	0	0	0	0	0
2055	日和産	235	235	235	235	1
2056	日配飼	135	136	130	136	64
2057	雪印種	0	0	0	0	0
2102	台糖	275	276	273	273	28
2107	東洋糖	152	156	152	154	55
2108	甜菜糖	138	138	135	136	155
2109	三井糖	186	190	181	189	101
2111	フジ製糖	182	182	182	182	1
2112	塩水糖	322	325	321	322	15
2113	新光糖	0	0	0	0	0
2114	フジ日本精糖	0	0	0	0	0
2116	日新糖	120	120	118	118	5
2201	森永	227	230	226	227	326
2202	明菓	705	710	694	700	746
2204	中村屋	255	260	255	259	12
2205	駿河屋	0	0	0	0	0
2206	グリコ	498	500	498	499	72
2207	名糖産	1060	1080	1060	1080	21
2208	ブルボン	810	810	810	810	1
2209	井村屋	0	0	0	0	0
2211	不二家	259	260	257	259	80
2212	山パン	1006	1006	980	995	202
2213	ナガサキヤ	65	65	40	42	149
2215	一パン	293	295	285	285	30
2216	カンロ	0	0	0	0	0
2217	モロゾフ	200	205	200	205	4
2219	タカラブネ	103	105	102	105	17
2220	亀田製菓	660	700	660	670	48
2221	岩塚製菓	1020	1020	1020	1020	1
2222	寿製菓	422	422	400	400	3
2224	コモ	1610	1630	1600	1630	3
2261	明乳	545	545	526	538	698
2262	雪印	520	540	512	540	487
2264	森永乳	291	291	285	289	140
2266	六甲バタ	310	310	300	300	2
2267	ヤクルト	1121	1170	1101	1170	457
2268	サーティワン	716	716	716	716	1
2281	プリマ	141	143	141	142	153
2282	日ハム	1475	1477	1454	1460	644
2284	伊藤ハ	441	444	439	442	272
2286	林兼	140	140	133	138	28
2287	雪印食品	0	0	0	0	0
2288	丸大食	178	180	176	178	141
2289	相模ハム	0	0	0	0	0
2290	米久	1256	1256	1230	1240	27.5
2291	福留ハ	0	0	0	0	0
2292	ＳＦＯＯＤＳ	824	825	820	820	8
2293	滝沢ハム	0	0	0	0	0
2294	柿安本店	0	0	0	0	0
2501	サッポロＨＤ	420	425	415	415	267
2502	アサヒ	1321	1350	1321	1337	1208
2503	キリン	1356	1357	1300	1300	2128
2531	宝ＨＤ	2400	2445	2400	2400	395
2533	オエノンＨＤ	250	255	250	250	31
2536	メルシャン	325	325	316	316	167
2538	マルキン忠勇	145	150	140	150	6
2540	養命酒	680	684	680	684	7
2541	ニッカ	270	270	270	270	1
2571	中京コカ	1120	1125	1110	1111	13
2572	三国コカ	1597	1597	1513	1521	142
2573	北海コカ	1200	1200	1200	1200	3
2575	三笠コカ	860	864	859	860	33.7
2576	近畿コカ	1351	1370	1350	1370	17
2577	富士コカ	1110	1125	1110	1125	15
2578	四国コカ	1180	1270	1180	1240	3.6
2579	コカウエスト	3360	3400	3190	3300	112.9
2591	カルピス	520	523	516	522	26
2592	ポッカ	435	435	430	434	41
2593	伊藤園	7600	7600	7200	7310	139.9
2594	キーコーヒー	1391	1401	1381	1384	7.2
2595	キリンビバ	2880	2880	2785	2785	19
2596	キューサイ	5900	6010	5900	6000	31
2597	ユニカフェ	3500	3550	3500	3550	2.8
2598	アサヒ飲料	1203	1220	1203	1206	136.5
2601	ホーネンコーポ	165	166	163	163	267
2602	日清オイリオ	329	350	329	346	212
2604	吉原製油	265	265	255	255	43
2605	熊沢製油	0	0	0	0	0
2607	不二油	905	925	895	919	215
2608	ボーソー	149	149	147	147	2
2611	摂津油	240	240	240	240	1
2612	かどや製油	0	0	0	0	0
2801	キッコマン	761	768	751	755	521
2802	味の素	1328	1339	1303	1303	1138
2804	ブルドック	595	600	595	600	2
2805	エスビー	0	0	0	0	0
2806	ユタカフーズ	0	0	0	0	0
2808	サンビシ	0	0	0	0	0
2809	キユーピー	800	833	794	833	390
2810	ハウス食品	1621	1625	1592	1599	96
2811	カゴメ	957	957	944	957	21
2812	焼津水化	1599	1600	1581	1581	2
2813	和弘食品	119	119	116	116	2
2814	佐藤食品	845	850	809	830	11
2815	アリアケ	7250	7250	6900	6920	18.7
2816	ダイショー	0	0	0	0	0
2817	ギャバン	530	530	530	530	1
2830	アヲハタ	777	799	776	795	10
2831	はごろも	1280	1280	1270	1280	8
2871	ニチレイ	314	323	312	316	1175
2872	セイヒョー	0	0	0	0	0
2873	加ト吉	2795	2795	2655	2700	92
2874	ヨコレイ	674	675	637	655	65
2875	東洋水	940	962	935	960	267
2876	ＪＣコムサ	380	380	380	380	1
2877	日東ベスト	0	0	0	0	0
2878	赤城水産	340	340	340	340	1
2879	ニチロサンフズ	498	500	490	490	4
2891	酵母工	550	555	528	555	59
2892	日食品	0	0	0	0	0
2893	ローマイヤ	0	0	0	0	0
2894	石井食	257	257	257	257	3
2897	日清食	2675	2720	2660	2700	135
2898	ソントン	1000	1000	1000	1000	1
2899	永谷園	940	940	923	923	9
2900	明星食	230	230	230	230	9
2901	石垣食	0	0	0	0	0
2902	太陽化	480	480	460	470	70
2903	シノブフズ	153	158	153	158	10
2904	一正蒲鉾	0	0	0	0	0
2905	オーケー食	0	0	0	0	0
2906	ホッコク	0	0	0	0	0
2907	あじかん	0	0	0	0	0
2908	フジッコ	1701	1701	1695	1696	11
2909	トオカツフズ	0	0	0	0	0
2910	Ｒフィールド	5380	5400	5300	5370	5.7
2911	旭松食品	0	0	0	0	0
2912	鐘崎	260	260	260	260	1
2913	フジフーズ	0	0	0	0	0
2914	ＪＴ	851000	854000	825000	825000	1.379
2915	ケンコーマヨ	0	0	0	0	0
2916	仙波糖化	0	0	0	0	0
2917	大森屋	775	785	775	785	3
2918	わらべ日洋	1100	1100	1064	1064	2
2920	ケイビー	1190	1200	1190	1200	3
2921	フクシマフズ	0	0	0	0	0
2922	なとり	960	960	960	960	3
3001	片倉	502	502	485	491	25
3002	グンゼ	328	335	321	322	584
3003	昭栄	912	912	912	912	2
3004	神栄	135	135	132	132	12
3007	神戸生絲	52	53	52	53	16
3009	川島織	105	106	105	105	96
3010	上毛	600	600	575	575	16
3011	バナーズ	0	0	0	0	0
3101	東洋紡	160	180	158	175	15364
3102	カネボウ	228	232	227	227	2175
3103	ユニチカ	72	73	71	71	713
3104	富士紡Ｈ	63	63	62	63	102
3105	日清紡	489	500	489	490	281
3106	クラボウ	143	143	141	143	324
3107	ダイワボウ	101	101	100	100	47
3109	シキボウ	71	71	70	71	68
3110	日東紡	125	126	119	122	1471
3111	オーミケン	62	64	62	63	14
3113	ＢＳＬ	85	85	84	84	19
3114	同興紡	102	102	101	101	3
3115	テザック	54	56	54	54	37
3116	トヨタ紡織	690	700	690	700	8
3117	興和紡	360	360	360	360	3
3121	アセットイン	0	0	0	0	0
3123	サイボー	570	570	570	570	1
3125	内外綿	0	0	0	0	0
3128	テラボウ	0	0	0	0	0
3129	ファブリカＴ	100	100	100	100	1
3201	日毛	365	365	357	364	29
3202	大東紡	100	103	100	101	53
3203	東亜紡織	90	94	90	94	16
3205	ダイドー	260	265	250	259	317
3206	南海毛糸紡績	0	0	0	0	0
3207	中央毛	137	137	135	135	6
3209	カネヨウ	104	110	104	110	6
3211	太陽毛絲紡	0	0	0	0	0
3216	御幸ＨＤ	426	426	412	420	10
3302	帝繊維	185	200	185	200	6
3304	トスコ	125	129	123	129	18
3306	日本麻	61	61	61	61	3
3401	帝人	455	458	448	449	1738
3402	東レ	420	420	410	410	1301
3403	東邦テナ	110	111	108	111	198
3404	三菱レ	288	289	280	284	953
3405	クラレ	1082	1125	1080	1120	1747
3407	旭化成	686	690	669	670	2883
3408	サカイオーベ	80	80	78	80	45
3409	北日紡	115	115	115	115	3
3411	オートリ	159	159	157	157	8
3420	ケーエフシー	1030	1030	1030	1030	1
3421	稲葉製作	1210	1210	1200	1200	30.3
3422	丸順	0	0	0	0	0
3423	エスイー	510	510	510	510	1
3501	住江織	120	120	120	120	2
3503	東和織	0	0	0	0	0
3512	フエルト	298	300	298	300	16
3513	イチカワ	199	200	199	200	11
3514	バイリーン	223	223	218	218	31
3515	フジコー	0	0	0	0	0
3521	エコナック	100	100	97	99	55
3524	日東網	95	95	95	95	1
3526	芦森工	218	218	209	209	52
3528	グローベルス	118	120	111	120	61
3529	アツギ	101	107	101	104	1123
3532	堀田産	0	0	0	0	0
3533	ダイオ化成	470	490	470	490	7
3534	ＮＢＣ	978	978	950	977	14
3551	ダイニック	167	167	167	167	17
3552	洋クロス	178	179	177	177	3
3553	共和レ	469	469	469	469	1
3569	セーレン	326	334	325	333	130
3570	オリカキャピ	157	167	157	165	21
3571	ソトー	439	439	439	439	1
3572	大同マルタ	60	60	58	60	5
3576	カンボウ	0	0	0	0	0
3577	東海染	132	135	131	135	4
3578	倉庫精	0	0	0	0	0
3580	小松精	335	335	335	335	5
3581	岐セン	0	0	0	0	0
3583	オーベクス	122	123	122	123	3
3584	福助	161	166	161	166	6
3585	トムスエンタ	336	345	330	333	93
3587	ＩＢダイワ	422	425	413	413	16
3588	丸山工	0	0	0	0	0
3591	ワコール	923	923	901	903	198
3592	ＣＨＯＹＡ	0	0	0	0	0
3593	ホギメデ	6910	6970	6870	6970	15.6
3594	モリシタ	750	750	750	750	2
3595	ヤギコーポ	268	268	265	265	7
3596	ワールド	4400	4430	4020	4280	450.3
3597	自重堂	0	0	0	0	0
3598	山喜	0	0	0	0	0
3599	コーコス	0	0	0	0	0
3600	フジックス	0	0	0	0	0
3601	ニチメンイン	1592	1610	1577	1577	3.4
3602	イタリヤード	243	243	243	243	1
3603	チャッコット	600	600	600	600	4
3706	東海パ	398	399	398	398	6
3861	王子紙	724	725	690	694	1409
3863	日本製紙	702	709	682	709	1428
3864	三菱紙	150	151	145	145	288
3865	北越紙	835	844	810	839	612
3868	高崎三興	82	83	78	82	130
3869	日本板紙	268	268	268	268	8
3870	日本加工製紙	70	72	70	72	29
3871	大昭和紙	444	448	441	446	97
3872	三島紙	0	0	0	0	0
3877	中越パ	226	244	217	222	1330
3878	巴川紙	499	499	496	499	19
3880	大王紙	831	835	822	832	76
3881	特種紙	412	413	408	409	49
3882	紀州紙	160	160	160	160	3
3886	チューエツ	90	90	90	90	7
3887	中央板紙	93	99	93	99	23
3889	大平製紙	82	82	82	82	1
3890	ゼネＫＫ	600	600	600	600	1
3891	高度紙	1610	1610	1600	1600	6
3941	レンゴー	556	558	545	551	310
3944	古林紙	0	0	0	0	0
3945	スパバッグ	176	176	176	176	3
3946	トーモク	198	198	191	191	57
3947	ダイナパック	445	445	445	445	1
3948	光ビジネス	620	621	620	620	5
3949	日本ハイパック	279	279	263	263	10
3950	ザ・パック	880	880	880	880	1
3951	朝日印刷	0	0	0	0	0
3952	中央紙器	0	0	0	0	0
3953	大村紙業	0	0	0	0	0
3954	昭和パックス	500	500	500	500	2
3971	東セロ	281	281	280	280	4
4003	コープケミ	90	91	90	90	11
4004	昭電工	129	132	128	128	734
4005	住友化学	523	533	520	520	2890
4007	日化成	150	153	150	153	33
4008	住友精化	270	270	256	258	25
4010	三菱化学	431	435	420	421	4333
4021	日産化	610	620	600	610	516
4022	ラサ工	290	293	281	281	177
4023	呉羽化	285	290	280	280	135
4025	多木化	349	349	349	349	1
4026	神島化	325	325	325	325	1
4027	テイカ	245	247	243	244	22
4028	石原産	165	165	161	161	284
4031	チッカリン	400	400	396	400	4
4032	日東バイオン	210	210	210	210	2
4033	日東エフシー	400	400	400	400	2
4041	日曹達	307	315	305	312	3523
4042	東ソー	540	550	532	536	1166
4043	トクヤマ	633	634	591	609	603
4044	セ硝子	286	290	280	284	118
4045	東合成	214	215	206	208	991
4046	ダイソー	237	240	230	240	30
4047	関電化	536	537	520	520	123
4050	鶴見曹達	361	361	361	361	2
4061	電化	373	374	356	356	891
4062	イビデン	2095	2115	2070	2080	486
4063	信越化	5320	5390	5260	5280	973
4064	カーバイド	110	112	108	110	121
4065	紀文フ	418	418	410	418	14
4077	富士チタン工業	575	575	565	565	5
4078	堺化学	850	875	850	870	212
4079	ハクスイテック	0	0	0	0	0
4080	田中化研	1900	2000	1750	1850	36
4086	日本エア・リキード	465	467	451	463	176
4088	エアウォータ	384	388	370	375	307
4089	大阪酸素工業	199	207	199	199	46
4091	大陽日酸	327	328	325	328	285
4092	日本化	337	342	330	331	836
4093	アセチレン	90	95	89	90	8
4094	日化産	300	300	300	300	2
4095	パーカライ	348	348	338	339	26
4096	昭炭酸	295	296	295	296	6
4097	高圧ガス	298	298	292	298	19
4098	チタン	162	183	162	183	13
4099	四国化	320	322	320	322	15
4100	戸田工	535	538	528	528	116
4101	日興酸素	0	0	0	0	0
4102	丸尾カル	210	210	210	210	1
4103	大陽東洋酸素	189	189	185	187	122
4104	タテホ	0	0	0	0	0
4105	メルテックス	0	0	0	0	0
4106	ケムキャット	0	0	0	0	0
4107	伊勢化	333	333	331	331	4
4109	ステラケミ	7200	7200	7200	7200	2
4112	保土谷	166	167	166	167	17
4113	田岡化	0	0	0	0	0
4114	日触媒	539	539	495	495	709
4115	本州化	699	699	688	688	7
4116	大日精	377	377	362	365	25
4117	川崎化	132	132	132	132	7
4118	カネカ	1120	1120	1090	1109	755
4119	ピグメント	334	334	301	303	52
4120	スガイ	320	320	320	320	36
4123	山化成	870	870	870	870	1
4151	協発酵	1012	1020	980	980	929
4182	菱ガス化	280	283	279	279	547
4183	三井化学	748	765	745	761	1645
4185	ＪＳＲ	911	920	895	904	167
4186	東応化	2520	2535	2490	2510	68.1
4187	大有機	0	0	0	0	0
4201	日合成	141	142	140	141	128
4202	ダイセル	330	330	315	318	428
4203	住友ベ	1240	1243	1205	1210	925
4204	積水化	381	384	370	370	962
4205	ゼオン	740	783	725	783	586
4206	アイカ	762	768	751	764	42
4208	宇部興	259	260	243	243	2369
4209	フドー	0	0	0	0	0
4210	東洋化学	439	439	431	431	15
4212	積水樹	359	359	351	351	37
4213	菱樹脂	163	165	160	162	167
4214	高分子	353	354	348	350	38
4215	タキロン	415	415	409	409	30
4216	旭有機	288	293	286	288	31
4217	日立化	2625	2625	2540	2605	239
4218	ニチバン	392	392	385	386	16
4219	プラス・テク	105	105	102	102	3
4220	リケンテクノ	328	333	324	324	28
4221	大倉工	348	351	347	351	23
4222	児玉化	77	78	75	78	13
4224	ロンシール	72	72	72	72	7
4225	筒中	325	325	320	320	30
4226	テスコ	0	0	0	0	0
4227	郡是高分子	220	220	220	220	1
4228	積化成	181	185	180	185	62
4229	群栄化	172	180	171	180	51
4231	タイガポリ	0	0	0	0	0
4232	東芝ケミカル	315	319	315	317	12
4233	ワコー	460	460	460	460	1
4234	サンエー化研	760	790	760	790	10
4271	カーリット	770	775	760	770	66
4272	日化薬	515	521	512	514	170
4274	細火工	0	0	0	0	0
4361	川口化	170	170	170	170	4
4362	日精化	412	413	409	409	5
4363	新日鐵化学	194	198	186	187	404
4364	マナック	0	0	0	0	0
4365	松本油脂	1890	1900	1860	1860	17
4366	ダイトーケミ	840	840	840	840	1
4367	広栄化学	0	0	0	0	0
4401	旭電化	750	750	736	749	286
4403	日油脂	255	256	250	250	367
4404	ミヨシ	249	249	241	245	100
4406	日理化	601	619	600	619	11
4409	東邦化	204	204	204	204	1
4410	ハリマ化成	412	412	396	407	42
4452	花王	3450	3450	3270	3270	747
4461	一工薬	329	330	310	323	25
4462	石原薬品	870	870	870	870	1
4463	日華化学	0	0	0	0	0
4471	三洋化	1021	1025	1012	1021	69
4501	三共	2480	2495	2440	2485	856
4502	武田	7400	7450	7170	7350	976
4503	アステラス薬	5000	5050	4900	4910	519
4505	第一製薬	2010	2020	1995	1995	1141
4506	大日薬	1097	1145	1097	1145	1180
4507	塩野義	1706	1750	1706	1710	274
4508	田辺薬	727	740	727	727	220
4509	三菱ウェルファーマ	1101	1120	1090	1120	1050
4511	藤沢薬品	3910	3990	3910	3980	442
4512	わかもと	480	482	480	481	5
4514	帝臓器	755	760	755	760	9
4515	萬有製薬	2320	2320	2220	2260	109
4516	日新薬	820	829	820	823	40
4517	ビオフェル	900	900	890	890	3.5
4518	富山化	610	617	604	610	435
4519	中外薬	1863	1879	1841	1845	900
4520	和光堂	3210	3210	3200	3200	0.4
4521	科研薬	670	670	655	655	111
4523	エーザイ	2390	2390	2315	2320	635
4524	仁丹	1160	1250	1151	1151	69
4526	理ビタ	1501	1531	1500	1500	21
4527	ロート	870	950	870	935	756
4528	小野薬	3960	3990	3800	3900	229
4529	日研化	383	390	383	388	7
4530	久光薬	3290	3290	3180	3230	123
4531	有機薬	0	0	0	0	0
4534	持田薬	763	765	730	737	151
4535	大正薬	3390	3430	3290	3290	332
4536	参天薬	2290	2290	2105	2200	308
4537	エスエス	1102	1104	1082	1100	35
4538	扶桑薬	570	574	561	561	31
4539	ケミファ	271	280	271	275	19
4540	ツムラ	400	402	398	398	60
4541	日医工	176	176	176	176	11
4542	三笠薬	405	405	391	391	8
4543	テルモ	3410	3450	3390	3440	354
4544	みらかＨＤ	555	560	552	560	25
4545	国際試薬	373	373	373	373	1
4546	北陸製薬	813	819	810	819	19
4547	キッセイ	1730	1750	1730	1745	29
4548	生化学	1250	1280	1240	1280	15
4549	栄研化	2370	2380	2170	2270	169
4550	日水薬	597	607	597	607	5
4551	鳥居薬	2400	2420	2390	2400	29.3
4552	日本ケミカル	800	800	790	790	14
4553	東和薬品	960	960	945	945	5
4554	富士製薬	356	356	350	350	8
4555	沢井製薬	1320	1450	1310	1450	14
4556	カイノス	890	995	880	985	212
4557	医学生物	5150	5250	5050	5100	40
4558	中京医薬	0	0	0	0	0
4559	ゼリア新薬	1200	1200	1190	1200	14
4560	キョーリン薬	4310	4360	4280	4340	107
4561	デンカ生研	0	0	0	0	0
4611	大日塗	175	175	171	172	27
4612	日本ペ	282	288	275	288	197
4613	関西ペ	272	273	265	267	69
4614	トウペ	143	143	143	143	3
4615	神東塗	120	120	117	117	25
4616	川上塗	0	0	0	0	0
4617	中国塗	208	211	206	209	33
4619	日特塗	260	265	252	252	16
4620	藤倉化	420	420	415	416	13
4621	ロック	0	0	0	0	0
4622	ユニペイン	0	0	0	0	0
4623	アサヒペン	285	287	285	287	10
4624	イサム	0	0	0	0	0
4625	アトミクス	280	280	280	280	1
4626	太陽インキ	4950	5150	4950	5100	10.5
4627	ナトコ	795	795	790	790	5
4628	エスケー化研	0	0	0	0	0
4629	大伸化学	0	0	0	0	0
4631	インキ	461	482	450	481	1034
4633	サカタＩＮＸ	300	303	300	303	12
4634	洋インキ	225	225	220	224	136
4635	東インキ	0	0	0	0	0
4636	Ｔ＆Ｋ	2780	2800	2770	2800	5
4640	アンドール	310	310	307	307	7
4641	アルプス技	1720	1850	1720	1820	12
4642	オリジナル設	1000	1000	1000	1000	0.5
4643	コナミスポ	8000	8010	7810	7810	11.2
4644	イマジニア	2200	2380	2200	2260	21.8
4645	市進	270	290	270	290	24
4646	ジャスフォート	1050	1050	1050	1050	1.6
4649	大成	500	500	500	500	1
4650	スガイエンタ	0	0	0	0	0
4651	サニックス	6270	6380	6000	6010	38.8
4652	ウッドランド	2470	2790	2470	2700	18
4653	ダイオーズ	0	0	0	0	0
4654	ニチゾウテク	0	0	0	0	0
4655	ＮＯＶＡ	740	740	720	730	13
4656	サン・ライフ	3020	3020	2910	2950	4.4
4657	環境管理	1150	1150	1150	1150	1
4658	日本空調	0	0	0	0	0
4659	エイジス	1090	1090	1080	1080	4
4660	ニッポン放送	6800	6880	6510	6510	54
4661	ＯＬＣ	11020	11150	10510	10720	86.4
4662	フォーカス	3750	3900	3700	3700	40
4663	ＡＴＬ	850000	880000	820000	850000	0.015
4664	ＲＳＣ	0	0	0	0	0
4666	パーク２４	12800	12900	12450	12700	10.7
4667	アイサンテク	255	255	245	245	3
4668	明光ネット	389	389	380	380	9
4669	ニッパンＲ	0	0	0	0	0
4670	セタ	0	0	0	0	0
4671	ファルコバ	2400	2500	2400	2400	15
4672	ベルックス	0	0	0	0	0
4673	川崎地質	0	0	0	0	0
4674	クレスコ	8000	8650	8000	8650	10.7
4675	エヌエス環境	0	0	0	0	0
4676	フジテレビ	1600000	1650000	1600000	1640000	2.453
4677	デザイ	600	600	600	600	3
4678	秀英	0	0	0	0	0
4679	田谷	2330	2600	2330	2600	27
4680	ラウンドワン	486000	489000	465000	465000	0.165
4681	リゾートトラ	2650	2740	2650	2740	15
4682	電通テック	11800	11900	11500	11500	1.9
4683	堀内カラー	590	595	590	595	5
4684	オービック	40000	40000	39600	39800	38.8
4685	菱友システム	595	595	575	575	16
4686	ジャスト	3690	3800	3550	3650	98
4687	ＴＤＣソフト	2010	2160	2010	2130	6.9
4688	日本ドレーク	15000	15000	14500	15000	23.3
4689	ヤフー	37500000	40000000	32000000	35400000	0.131
4690	日パレット	0	0	0	0	0
4692	アルゴ２１	3830	3950	3550	3560	12.8
4694	ＢＭＬ	3700	3800	3690	3700	8
4695	マイスター	610	650	597	650	9
4696	ワタベ	1150	1150	1100	1100	5
4697	ゼロ	2110000	2110000	2010000	2030000	0.187
4699	ウチダエスコ	345	345	345	345	1
4700	アクセス	7000000	7500000	6900000	7500000	0.128
4701	プレック研	0	0	0	0	0
4702	55ステーション	0	0	0	0	0
4703	住商オート	770	790	765	765	18
4704	トレンド	15000	15500	14600	14700	291.5
4705	クリップ	0	0	0	0	0
4706	富士通サポート	10450	10500	9850	10090	311.1
4707	キタック	455	455	455	455	1
4708	もしもしＨＬ	12300	13300	12300	12700	16.3
4709	ＩＤ	1200	1200	1200	1200	1
4710	ウィン	0	0	0	0	0
4711	コミュニティ	1262	1287	1262	1287	6.7
4712	アドアーズ	385	385	380	380	7
4713	日信電サ	1290	1290	1290	1290	2
4714	リソー教育	230000	240000	230000	240000	0.021
4715	クリエイティブ	407	407	407	407	1
4716	日本オラクル	44200	44200	42100	42350	98.2
4717	ソデッソジャパン	2310	2310	2290	2300	20
4718	早稲アカ	405	410	405	410	5
4719	アルファシス	14500	14600	13600	13910	15.7
4720	城南進研	645	645	620	620	5
4721	フジスタッフ	2720	2800	2520	2580	49
4722	フューチャー	2350000	2350000	2350000	2350000	0.03
4723	グッドウィル	810000	820000	660000	660000	1.133
4724	シチエ	1000	1000	1000	1000	3.7
4725	ＣＡＣ	6200	6600	6150	6430	30.8
4726	ソフトバンテク	17500	17600	15000	15000	22
4727	アジアＳ総研	2860	2980	2860	2900	4
4728	トーセ	6100	6150	5900	5900	2.8
4729	コナミスタジオ	4040000	4040000	3900000	3900000	0.005
4730	関西メンテ	686	700	686	700	18
4731	ユニバホーム	1510000	1510000	1500000	1500000	0.036
4732	ＵＳＳ	3050	3150	3010	3010	43
4733	ＯＢＣ	20500	21000	19600	19700	15
4734	ビーイング	1650	1690	1600	1670	36
4735	京進	0	0	0	0	0
4736	日本ラッド	1600	1600	1590	1600	5
4737	シダックス	1470	1510	1470	1510	3
4738	日立ビジネス	1865	1865	1800	1805	33
4739	ＣＴＣ	56600	56600	51700	53900	47.2
4740	ニューディル	2500000	2800000	2500000	2800000	0.025
4741	ＩＲＩ	10800000	11000000	10000000	10000000	0.009
4743	アイティフォ	5400	5400	5090	5090	8
4744	メッツ	1030000	1140000	1030000	1030000	0.02
4745	東京個別	5750	5750	5750	5750	1
4746	東計電算	1300	1300	1260	1260	11
4747	Ｃフィッシュ	5300000	5300000	5300000	5300000	0.001
4748	構造計画	2090	2090	2000	2050	13
4749	アドバックス	314	320	314	320	3
4750	ダイサン	337	337	337	337	1
4751	サイバエージ	5860000	6010000	5800000	5800000	0.009
4752	昭和システム	616	620	616	620	3
4753	ライブドア	1580000	1650000	1570000	1570000	0.005
4754	トスネット	440	440	435	435	8
4755	楽天	8500000	8800000	7500000	7800000	0.417
4756	ＣＣＣ	3500	3500	3500	3500	7
4757	インテリ	12500000	12500000	12300000	12300000	0.006
4759	ライブＭ	3720000	3800000	3450000	3530000	0.154
4901	富士写	3850	3870	3720	3760	901
4902	コニカＨＤ	685	690	648	660	1494
4911	資生堂	1500	1518	1482	1482	843
4912	ライオン	465	468	454	459	77
4913	サンスター	341	341	341	341	4
4914	高砂香	425	427	416	416	38
4915	エイボンＪ	212	216	212	216	4
4916	ノエビア	1050	1050	1050	1050	1
4917	マンダム	1620	1620	1580	1580	37
4918	アイビー	0	0	0	0	0
4919	ミルボン	7000	7100	7000	7000	9.6
4920	日本色材	0	0	0	0	0
4921	ファンケル	10800	10950	9850	9900	140.4
4922	コーセー	2600	2660	2600	2620	32
4951	エステー化	680	699	680	699	27
4953	タイホー工業	390	390	390	390	3
4954	マークテック	0	0	0	0	0
4955	アグロカネシ	640	640	630	630	6
4956	コニシ	1101	1121	1101	1102	11.2
4957	ヤスハラケミ	0	0	0	0	0
4958	長谷川香料	1750	1750	1750	1750	0.7
4959	シーシーアイ	475	475	470	470	3
4960	ケミプロ	420	420	420	420	2
4961	日油技研	720	740	715	725	7
4963	星光ＰＭＣ	542	542	542	542	1
4964	星光化学工業	0	0	0	0	0
4965	曽田香料	0	0	0	0	0
4966	上村工	1921	1951	1921	1951	10
4967	小林製薬	10000	10000	9550	9550	20
4968	荒川化工	962	962	950	950	16
4970	東洋合成	1950	2000	1860	1920	40
4987	寺岡製	700	700	691	700	6
4989	イハラケミ	221	229	220	222	27
4990	昭和化	271	271	271	271	2
4992	北興化	345	345	340	340	10
4996	クミアイ化	180	180	176	180	33
4997	日農薬	213	214	212	213	16
4998	フマキラ	199	199	195	195	13
4999	セメダイン	279	279	279	279	4
5001	新日本石油	461	469	441	441	3109
5002	昭和シェル	450	461	441	442	392
5005	東  燃	591	593	586	593	302
5006	興亜石油	276	282	275	280	82
5007	コスモ石	153	153	148	150	975
5008	東亜石	104	107	104	104	28
5009	富士興	72	73	69	69	36
5010	日精蝋	82	82	82	82	2
5011	ニチレキ	431	436	431	436	7
5012	東燃ゼネ石	221	221	219	220	468
5013	ユシロ	446	455	446	450	16
5014	ジャパンエナジー	104	104	100	100	2162
5015	ＢＰカスト	590	590	580	580	2
5101	浜ゴム	260	260	250	253	1241
5102	大機エンジ	0	0	0	0	0
5103	昭ゴム	275	280	265	280	56
5104	日東化工	100	100	100	100	11
5105	洋ゴム	150	152	146	147	308
5106	オーツタイヤ	180	180	176	176	14
5108	ブリヂストン	2510	2545	2440	2460	1331
5110	住友ゴ	670	675	650	672	324
5121	藤ゴム	180	180	178	178	17
5122	オカモト	234	235	230	232	97
5123	ミサワ東洋	0	0	0	0	0
5142	アキレス	157	163	157	163	132
5143	世界長	163	165	161	165	6
5161	西川ゴム	0	0	0	0	0
5162	朝日ラバー	1060	1060	1050	1050	3
5184	ニチリン	0	0	0	0	0
5185	フコク	0	0	0	0	0
5186	ニッタ	1010	1050	1000	1009	14.5
5187	クリエート	770	770	770	770	1
5188	帝都ゴム	0	0	0	0	0
5189	桜ゴム	155	162	148	162	7
5191	東海ゴ	1013	1045	1005	1045	152
5192	三星ベ	277	277	269	273	31
5193	平成ポリマー	0	0	0	0	0
5194	相模ゴ	580	580	550	550	10
5195	バンドー	216	217	211	211	38
5196	鬼ゴム	78	80	76	80	24
5199	不二ラテ	160	160	160	160	2
5201	旭硝子	1015	1030	984	999	3629
5202	板硝子	986	993	965	975	1331
5204	石塚硝	207	221	197	221	199
5205	日本無機	344	344	344	344	2
5208	有沢製	2750	2800	2750	2800	58
5210	日山村硝	175	178	170	173	293
5212	不二硝	0	0	0	0	0
5213	芝セラミ	790	794	753	759	622
5214	日電硝	2060	2095	1992	1992	763
5215	旭テクノグラス	790	792	790	790	31
5216	倉元	1390	1390	1370	1390	11.2
5217	テクノクオツ	2370	2370	2300	2300	11
5232	住友大阪	445	446	420	420	1109
5233	太平洋セメ	164	165	160	161	995
5234	デイ・シイ	150	154	150	154	2
5237	ノザワ	89	89	88	88	3
5261	ミサワリゾ	230	250	230	250	15
5262	日ヒューム	223	223	219	219	13
5266	テイヒュー	0	0	0	0	0
5267	ハネックス	112	112	112	112	20
5268	旭コン	291	291	291	291	1
5269	日コン	108	108	103	103	15
5271	トヨアサノ	0	0	0	0	0
5272	浅野スレ	88	88	87	87	2
5273	三谷セキ	0	0	0	0	0
5274	ゼニパイプ	0	0	0	0	0
5276	石建工	380	380	375	380	17
5277	スパンクリト	385	400	370	370	14
5278	エバタ	0	0	0	0	0
5279	日本興業	240	240	215	239	3
5280	ヨシコン	0	0	0	0	0
5281	旭ダンケ	260	260	260	260	1
5282	ジオスター	0	0	0	0	0
5283	高見沢	0	0	0	0	0
5284	ヤマウ	0	0	0	0	0
5285	ヤマックス	300	300	300	300	1
5286	武井工業	0	0	0	0	0
5287	イトヨーギョ	940	940	940	940	2
5301	東海カ	229	235	229	230	610
5302	カーボン	103	103	101	102	142
5304	エスイ−シ−	210	210	206	206	5
5331	ノリタケ	491	507	484	490	171
5332	ＴＯＴＯ	709	734	706	724	1331
5333	ガイシ	1100	1125	1097	1120	1899
5334	特殊陶	1291	1294	1260	1261	493
5336	INAX	615	625	615	615	317
5337	ダントー	338	338	334	335	21
5338	大トー	223	223	223	223	1
5341	アサヒ陶	108	110	108	108	4
5342	ジャニス	60	60	55	60	15
5343	ニッコー	0	0	0	0	0
5344	ＭＡＲＵＷＡ	3850	3900	3710	3780	175.4
5351	白煉瓦	211	213	211	212	64
5352	黒崎	168	168	164	164	45
5355	ルツボ	122	122	122	122	11
5356	美濃窯	0	0	0	0	0
5357	ヨータイ	170	170	161	162	14
5358	イソライト	172	173	172	173	6
5361	東海熱	639	640	621	630	19
5362	九州耐	246	250	246	250	4
5363	ＴＹＫ	194	198	194	194	6
5367	ニッカトー	822	830	821	830	7
5382	中央商事	0	0	0	0	0
5383	三共理化	0	0	0	0	0
5384	フジミインコ	3600	3600	3400	3400	10.5
5386	鶴弥	0	0	0	0	0
5387	チヨダウーテ	0	0	0	0	0
5388	クニミネ	270	270	265	265	3
5389	日レヂボン	0	0	0	0	0
5390	宇部マテリア	141	141	138	141	16
5391	Ａ＆ＡＭ	105	105	102	105	13
5393	ニチアス	222	230	218	226	657
5395	コランダム	0	0	0	0	0
5397	ＭＩＥテクノ	0	0	0	0	0
5398	日研紙	200	200	200	200	5
5401	新日鉄	241	242	235	236	15160
5403	川崎製鉄	166	167	163	163	4460
5404	日本鋼管	70	71	68	69	6218
5405	住金	74	76	72	74	9396
5406	神戸鋼	75	77	74	76	2573
5407	日新鋼	115	115	110	113	611
5408	中山鋼	142	144	140	144	74
5410	合同鉄	91	91	86	90	512
5423	東京製鉄	346	351	340	344	78.4
5443	東洋製鋼	4	4	3	3	480
5444	大和工	501	503	480	480	53
5445	東京鉄	70	72	70	72	26
5446	北越メ	0	0	0	0	0
5448	東京鋼鉄	0	0	0	0	0
5449	大阪製鉄	401	406	401	405	12.9
5451	淀川鋼	270	271	265	270	108
5453	洋鋼鈑	366	370	365	369	48
5454	日鉄鋼板	200	210	195	195	25
5457	住友鋼管	357	357	343	347	72
5458	高砂鉄	115	115	113	113	5
5461	中部鋼	140	140	140	140	32
5462	日鉄鋼管	0	0	0	0	0
5463	丸一管	1251	1270	1216	1217	99
5464	モリ工	237	238	237	238	7
5471	大同特鋼	232	233	220	227	850
5476	高周波	78	78	72	76	49
5479	日金工	79	79	76	77	225
5480	冶金工	68	68	66	66	414
5481	山陽鋼	140	140	136	138	121
5482	愛知鋼	325	333	325	327	86
5484	東北鋼	0	0	0	0	0
5486	日立金	900	905	890	890	265
5491	日金属	107	114	106	107	46
5541	大平金	275	290	270	275	1394
5542	報国鉄	0	0	0	0	0
5562	日本重化学	127	128	125	125	160
5563	日本電工	164	165	162	162	150
5566	中央電	195	195	188	188	2
5602	栗本鉄	242	245	241	241	8
5603	虹技	115	116	111	116	5
5605	自動鋳	0	0	0	0	0
5606	旭テック	142	144	140	142	18
5607	中可鍛	275	275	275	275	1
5608	川口金	229	229	229	229	1
5609	日鋳造	86	86	86	86	11
5610	大和重	120	120	120	120	6
5612	鋳鉄管	201	202	201	202	14
5613	日本カタン	270	270	270	270	1
5631	日製鋼	102	105	102	102	266
5632	菱製鋼	68	68	66	67	335
5633	関東特殊製鋼	72	74	71	74	29
5641	ＴＤＦ	180	189	177	189	4
5642	日本鍛工	60	60	50	50	3
5644	メタルアート	100	100	98	98	5
5645	イチタン	0	0	0	0	0
5657	鈴木金	0	0	0	0	0
5658	日亜鋼	407	407	405	407	25
5659	日精線	215	220	208	208	13
5660	神鋼線	82	82	82	82	1
5691	東京シヤリング	0	0	0	0	0
5694	大和綱帯	0	0	0	0	0
5695	パウダテック	0	0	0	0	0
5696	川鉄鋼板	101	101	101	101	2
5697	サンユウ	0	0	0	0	0
5701	日軽金	76	78	75	75	549
5702	大紀ア	190	190	174	174	154
5706	三井金	723	732	712	712	1416
5707	東邦鉛	184	185	182	182	325
5711	三菱マ	369	371	356	358	2864
5713	住友鉱	460	460	445	455	3395
5714	同和鉱	319	322	315	320	720
5715	古河機金	198	200	194	194	471
5716	日鉱金属	800	800	787	800	129
5721	Ｓサイエンス	798	800	770	795	735
5727	邦チタ	422	422	422	422	6
5728	アライドマテリアル	1000	1000	1000	1000	24
5729	日精鉱	178	178	178	178	2
5734	昭和アルミ	180	181	172	175	784
5738	住軽金	76	78	75	78	172
5739	日製箔	129	129	129	129	1
5740	九州不二サッシ	210	210	205	205	2
5753	日伸銅	0	0	0	0	0
5756	東海アルミ箔	50	50	50	50	3
5757	サンエツ	0	0	0	0	0
5771	菱伸銅	292	298	286	294	1005
5781	東邦金	150	150	150	150	2
5801	古河電	1501	1545	1470	1540	4302
5802	住友電	1571	1600	1570	1570	1992
5803	フジクラ	523	527	512	512	1090
5804	菱線工	224	225	221	223	178
5805	昭電線	147	148	144	144	422
5807	東特線	301	308	301	308	8
5808	理研線	202	202	202	202	1
5809	タツタ	165	167	161	167	55
5810	第一電工	83	83	80	83	91
5811	トヨ電線	0	0	0	0	0
5812	日立線	970	970	962	970	354
5813	花島電線	0	0	0	0	0
5815	沖電線	232	243	232	242	44
5816	オーナンバ	0	0	0	0	0
5817	日電線	0	0	0	0	0
5818	東日京三電線	280	280	280	280	3
5819	カナレ電気	1550	1550	1500	1500	0.6
5820	三ッ星	0	0	0	0	0
5851	リョービ	113	118	112	118	270
5852	アーレスティ	319	319	319	319	2
5853	京都ダイカスト	140	141	140	141	3
5854	東京理化工	0	0	0	0	0
5855	アサヒプリテ	1770000	1800000	1750000	1770000	0.008
5900	ダイケン	355	365	355	360	11
5901	洋カン	1956	1970	1900	1903	338
5902	北カン	217	220	215	219	63
5903	シンポ	605	605	600	605	3
5904	アルコアシステム	0	0	0	0	0
5905	日カン	167	179	167	179	4
5906	エムケー精工	0	0	0	0	0
5907	ＪＦＥコンテ	0	0	0	0	0
5908	日鉄ドラム	0	0	0	0	0
5909	コロナ	0	0	0	0	0
5910	立山アルミ	0	0	0	0	0
5911	横河ブ	373	380	362	367	1007
5912	日本橋	130	138	130	131	58
5913	松尾橋	193	194	193	194	24
5914	宮地鐵工所	177	179	176	176	24
5915	駒井鉄	312	315	309	310	50
5916	ハルテック	254	254	234	236	107
5917	サクラダ	95	96	93	94	77
5918	滝上工	358	358	349	349	10
5919	日鉄塔	360	363	336	343	67
5920	鈴木シャ	0	0	0	0	0
5921	川岸工	254	254	250	250	4
5922	那須鉄	170	175	170	175	3
5923	高田機	459	459	450	451	12
5924	新日軽	64	67	64	67	6
5925	酒井鉄工所	146	146	146	146	1
5926	安治川鉄工	105	105	105	105	1
5927	ホリー	124	124	120	120	5
5928	アルメタクス	0	0	0	0	0
5929	三和シャタ	355	355	340	340	180
5930	文化シヤタ	214	220	212	212	118
5931	川田工	200	201	197	199	52
5932	三協アルミ	91	91	89	90	74
5933	アルインコ	175	175	175	175	2
5934	日本ア	51	51	51	51	1
5935	元旦	0	0	0	0	0
5936	洋シヤタ	105	105	100	103	53
5937	洋エクス	816	824	816	822	14
5938	住生活Ｇ	1795	1821	1775	1775	339
5939	大谷工業	0	0	0	0	0
5940	不二サッシ	127	130	127	130	2.5
5941	中西製	0	0	0	0	0
5942	フイルコン	315	315	315	315	2
5943	ノーリツ	1361	1366	1335	1338	75
5944	日立粉末	811	840	811	840	73
5945	天竜製鋸	0	0	0	0	0
5946	長府製	1410	1420	1401	1420	29.5
5947	リンナイ	2310	2340	2310	2330	82.2
5949	ユニプレス	185	185	180	180	2
5950	パワーファス	0	0	0	0	0
5951	ダイニチ工業	259	259	258	259	11.7
5952	アマテイ	0	0	0	0	0
5954	トープラ	141	158	141	155	4
5955	ヤマシナ	275	298	275	290	465
5956	トーソー	291	291	291	291	1
5957	日東精	199	199	195	198	9
5958	三洋工	368	390	363	385	359
5959	岡部	315	319	315	319	2
5961	トーカロ	0	0	0	0	0
5962	浅香工	175	175	175	175	4
5963	日立ツール	460	510	460	500	176
5964	洋刃物	0	0	0	0	0
5965	フジマック	0	0	0	0	0
5966	ＫＴＣ	0	0	0	0	0
5967	前田金	118	118	118	118	2
5969	ロブテックス	134	135	133	135	4
5970	菊池プレス	400	400	400	400	2
5971	共和工業	0	0	0	0	0
5972	日本建鐵	288	290	287	287	10.5
5973	トーアミ	501	501	500	500	3
5974	中国工	161	163	161	161	9
5975	東プレ	322	324	320	322	24
5976	ネツレン	320	320	310	314	56
5977	コマツ電子	1160	1160	1135	1150	23.2
5979	カネソウ	455	455	455	455	2
5980	田中亜鉛	245	245	231	231	2
5981	東京綱	123	125	122	123	314
5982	マルゼン	385	400	385	400	15
5983	イワブチ	320	320	320	320	1
5984	兼房	470	470	470	470	4.5
5985	サンコール	380	398	380	388	30
5986	モリテック	222	230	222	230	6
5987	オーネックス	238	238	237	237	2
5988	パイオラクス	660	660	660	660	1
5989	ヒラタ	340	340	321	321	3
5990	スーパツール	115	115	115	115	1
5991	ニッパツ	388	393	384	392	643
5992	中央発條	382	395	382	394	24
5993	知多鋼	0	0	0	0	0
5994	ファインＳ	341	341	341	341	1
5995	科学冶金	0	0	0	0	0
5996	新立川	899	899	880	880	0.3
5997	協立エアテク	600	600	600	600	0.5
5998	アドバネクス	288	288	280	280	9
5999	イハラサイエ	311	320	302	306	58
6005	三浦工	1291	1296	1280	1290	64.1
6011	新潟鉄工所	80	81	78	78	1198
6013	タクマ	919	919	903	913	119
6016	神発動	104	104	104	104	2
6018	阪神燃	0	0	0	0	0
6020	神鋼造機	97	99	97	99	4
6021	ロビン	220	220	220	220	3
6022	赤阪鉄	100	100	100	100	2
6023	ダイハツデ	131	131	131	131	1
6041	ボッシュ	141	144	140	142	155
6042	ニッキ	0	0	0	0	0
6101	ツガミ	520	529	495	495	461
6102	池貝	153	155	152	152	109
6103	オークマ	400	420	395	395	220
6104	東芝機	234	234	231	232	96
6106	日立精機	184	184	179	179	25
6107	アマダマシ	224	225	220	223	101
6111	旭精機	0	0	0	0	0
6112	小島鉄	0	0	0	0	0
6113	アマダ	903	944	903	930	246
6114	住倉工業	280	284	272	280	21
6118	アイダ	410	410	401	407	48
6119	ゼィープラス	375	380	375	380	3
6121	滝澤鉄	81	81	81	81	6
6125	岡本工	114	115	110	111	20
6126	大ダイヤ	191	205	191	205	4
6130	日平トヤマ	180	180	179	179	6
6131	浜井産	150	150	135	135	23
6134	富機製	5100	5240	5080	5200	298.2
6135	牧野フ	983	995	970	975	430
6136	ＯＳＧ	475	477	455	455	154
6137	小池工	130	130	130	130	7
6138	ダイジェト	145	145	139	144	9
6139	東芝タンガロイ	488	488	475	477	309
6140	旭ダイヤ	598	598	583	588	72
6141	森精機	1640	1640	1584	1612	75
6142	富士精	0	0	0	0	0
6143	ソディック	876	877	853	869	431
6144	西部電機	0	0	0	0	0
6145	日特エンジ	1500	1510	1440	1440	39
6146	ディスコ	15000	15000	14500	14700	74.5
6147	ヤマザキ	0	0	0	0	0
6148	UHT	2800	2800	2750	2750	14
6149	小田原エンジ	600	600	600	600	2
6150	タケダ機械	140	140	140	140	3
6151	日東工器	2580	2610	2580	2600	12.9
6201	豊田織	2295	2300	2250	2300	220
6203	豊和工	140	141	136	136	84
6204	キリウ	159	159	159	159	2
6205	ＯＫＫ	115	120	115	120	4
6206	豊田工	1030	1030	1005	1010	147
6208	石川製	118	118	113	115	49
6210	東洋機械	530	535	530	531	5
6211	倉敷機	0	0	0	0	0
6212	帝人製機	177	177	170	177	14
6213	ＯＭ製	127	127	122	122	27
6214	大隈豊和機械	205	206	202	205	16
6216	寿工業	0	0	0	0	0
6217	津田駒	138	138	135	135	11
6218	エンシュウ	136	140	136	140	10
6221	大東製機	280	280	270	270	8
6222	島精機	2700	2720	2695	2700	27.3
6242	スピンドル	193	193	180	180	27
6245	ヒラノテク	250	250	250	250	2
6246	井上金	159	159	159	159	5
6247	日阪製	430	438	430	438	20
6271	ニッセイ	945	950	945	950	18
6272	レオン	395	398	393	393	14
6273	ＳＭＣ	18350	18990	18120	18890	84.1
6274	新川	4970	5050	4900	5050	489.6
6275	イセキ開発工	105	105	105	105	2
6276	ナビタス	790	795	790	790	12
6277	ホソミクロン	621	622	621	622	3
6278	ユニオンツル	10400	10600	9870	10350	84.3
6279	瑞光	1420	1420	1420	1420	2.5
6280	名機製	1420	1440	1400	1400	38
6281	前田製作	550	550	550	550	1
6282	オイレス	1690	1700	1690	1690	20.6
6283	オリイメック	330	330	330	330	1
6284	ＡＳＢ機械	445	449	432	432	8
6286	静甲	0	0	0	0	0
6287	サトー	2950	3020	2900	2950	24.6
6288	ハマダ印刷機	158	158	158	158	1
6289	技研製	301	301	296	300	9
6290	ＳＥＳ	1880	1880	1830	1880	96
6291	エアーテック	728	728	728	728	1
6292	カワタ	860	860	860	860	6
6293	日精樹脂	1180	1200	1180	1190	12
6294	オカアイヨン	0	0	0	0	0
6295	富士変速	0	0	0	0	0
6296	ロキテクノ	1070	1080	1050	1060	5
6297	鉱研工業	318	318	300	318	4.5
6298	ワイエイシイ	2150	2250	2150	2150	16
6299	神鋼環境Ｓ	0	0	0	0	0
6300	アピクヤマダ	1005	1010	980	980	18
6301	コマツ	630	663	630	663	1955
6302	住友機	276	279	275	279	1717
6303	ササクラ	0	0	0	0	0
6304	マキ製作所	0	0	0	0	0
6305	日立建機	459	475	459	464	60
6306	日工	230	230	227	228	19
6307	サンセイ	96	96	96	96	3
6309	巴工業	0	0	0	0	0
6310	井関農	89	91	88	88	178
6311	セイレイ工業	245	260	245	248	116
6312	フロイント	0	0	0	0	0
6313	共立	169	169	160	168	47
6314	石井工研	900	900	890	890	1.5
6315	ＴＯＷＡ	4240	4270	4100	4100	81.1
6316	丸山製	151	154	151	154	26
6317	北川鉄	141	145	140	145	27
6319	シンニッタン	181	183	180	181	15
6320	新ダイワ	269	270	269	270	8
6321	石搬機	345	352	340	340	12
6322	タクミナ	0	0	0	0	0
6323	ローツェ	4350	4400	4300	4340	37
6324	ハーモニック	2290000	2330000	2250000	2280000	0.038
6325	タカキタ	189	189	188	188	4
6326	クボタ	394	399	380	380	1544
6327	北川精機	375	375	375	375	4
6328	荏原実業	1270	1280	1250	1270	5
6329	ＨＥＣ	570	570	570	570	19
6330	東洋エンジ	100	101	98	99	166
6331	化工機	210	213	203	211	590
6332	月島機	617	619	615	617	16
6333	帝国電	640	640	640	640	1
6334	明治機	353	353	321	323	165
6335	東京機	405	407	403	407	58
6336	石井表記	0	0	0	0	0
6337	テセック	6530	6530	6500	6500	8
6338	タカトリ	1009	1040	1000	1040	10
6339	新東工	241	241	234	234	19
6340	渋谷工	836	850	836	850	3
6341	日立造船富岡	156	156	156	156	1
6342	太平製	95	95	95	95	6
6343	フリージア	81	86	80	85	110
6345	アイチコーポ	162	162	160	161	22.7
6346	菊川鉄	0	0	0	0	0
6347	プラコー	103	114	101	101	10
6348	日本マリンテクノ	0	0	0	0	0
6349	小森	1695	1701	1680	1697	199
6350	新日本造機	150	150	150	150	4
6351	鶴見製	489	500	489	500	17
6352	トヨコケン	0	0	0	0	0
6354	日立機電	370	371	370	371	2
6355	住友精	362	365	362	362	20
6356	日ギア	175	175	175	175	1
6357	三精輸	325	326	325	325	7
6358	酒井重	219	220	215	220	16
6359	粟村製作所	0	0	0	0	0
6360	東自機	320	320	320	320	2
6361	荏原	1125	1149	1110	1110	570
6362	石井鉄	210	210	209	210	4
6363	酉島	515	525	511	520	17
6364	北越工	160	160	160	160	1
6365	電業社	5000	5000	5000	5000	2.4
6366	千代建	110	112	109	109	352
6367	ダイキン	2170	2180	2140	2145	338
6368	オルガノ	390	391	380	381	53
6369	トヨカネツ	100	101	100	100	132
6370	栗田工	2310	2310	2200	2260	139
6371	椿本チ	532	532	498	503	259
6372	セイサ	85	85	85	85	2
6373	大同工	243	243	228	228	31
6374	ＴＣＭ	237	238	234	235	98
6375	コンベヤ	110	110	107	109	55
6376	日機装	584	584	565	572	88
6377	甲陽建設	320	330	290	300	36
6378	木村化	155	160	155	160	5
6379	新興プラン	96	96	95	96	39
6380	オリチェン	114	115	114	115	10
6381	アネスト岩田	146	150	146	150	7
6382	トリニ工	0	0	0	0	0
6383	ダイフク	923	960	923	942	519
6386	扶桑レクセ	1351	1370	1330	1370	11
6388	ミサワバン	255	275	250	260	17
6389	内田油圧	69	69	69	69	2
6390	加藤製	153	153	151	151	12
6391	加地テック	155	155	155	155	5
6392	ヤマダコーポ	140	140	140	140	1
6393	油研工	112	113	110	113	18
6394	大江工業	135	135	135	135	4
6395	タダノ	168	171	164	168	99
6396	宇野鉄	0	0	0	0	0
6397	郷鉄工	0	0	0	0	0
6398	日本電産シンポ	1020	1020	1020	1020	4
6403	水道機	320	320	320	320	2
6406	フジテック	951	955	944	944	14
6407	シーケーディ	724	724	706	711	48
6408	クラッチ	0	0	0	0	0
6409	キトー	285	285	280	280	3
6411	中野冷	0	0	0	0	0
6412	平和	2180	2180	2150	2180	77.8
6413	理想科学	2690	2690	2650	2660	7.5
6414	川重冷熱	0	0	0	0	0
6415	ニスカ	0	0	0	0	0
6416	桂川電機	0	0	0	0	0
6417	ＳＡＮＫＹＯ	4210	4210	4050	4060	108.5
6418	日金銭	1699	1700	1699	1700	8
6419	マース	2450	2550	2450	2450	12.1
6420	福島工業	610	610	610	610	1.5
6421	キヤノンＦ	1050	1100	1040	1100	498
6422	キヤノン化成	1100	1100	1070	1070	20
6423	アビリット	7450	7450	7290	7300	54.9
6424	高見サイ	0	0	0	0	0
6425	アルゼ	7900	7950	7550	7640	18.6
6426	サミー	4050	4180	3900	3900	16.6
6427	東北リコー	937	937	937	937	1
6431	キャノンＮＴＣ	293	306	293	298	50
6436	アマノ	902	917	894	905	151
6437	三条機	145	145	145	145	1
6439	中日鋳	130	130	126	126	6
6440	ＪＵＫＩ	264	265	255	256	145
6442	コピア	365	374	365	366	17
6443	東洋製	130	131	130	130	8
6444	サンデン	636	636	626	635	126
6445	蛇の目	99	99	96	99	48
6448	ブラザー	262	262	255	256	200
6453	シルバ精	233	239	220	222	277
6454	マックス	1098	1098	1079	1089	150
6455	モリタ	289	289	280	280	17
6457	グローリー	1800	1810	1790	1800	38
6458	新晃工	160	161	159	160	24
6459	大和冷	315	316	313	313	29
6461	日ピス	105	105	102	105	478
6462	リケン	237	237	224	226	95
6463	ＴＰＲ	293	293	283	287	5
6466	トウアバルブ	120000	120000	120000	120000	0.003
6467	ニチダイ	530	530	525	525	3
6468	駿河精機	2910	2910	2900	2900	8
6469	放電精密	610	616	610	616	2
6470	大豊工業	821	821	821	821	1
6471	日精工	825	848	825	829	1247
6472	ＮＴＮ	350	358	348	352	471
6473	光洋精	750	769	750	750	380
6474	不二越	190	191	185	185	179
6475	天辻	967	967	965	965	2
6476	富士テクニカ	0	0	0	0	0
6477	ツバキ・ナカ	1361	1362	1360	1360	14
6478	ダイベア	0	0	0	0	0
6479	ミネベア	1290	1310	1273	1273	1135
6480	トムソン	1345	1350	1325	1343	294
6481	ＴＨＫ	4930	4980	4750	4930	305.2
6482	ユーシン精機	8490	8570	8250	8570	25.4
6483	川重防災	450	450	450	450	1
6484	ＫＶＫ	0	0	0	0	0
6485	前沢給装	674	674	674	674	1
6486	イーグル工	324	325	324	325	9
6487	積水工機	0	0	0	0	0
6488	ヨシタケ	261	271	261	271	2
6489	前沢工業	965	965	945	948	13.4
6490	ピラー	901	901	880	891	164
6492	岡野バ	138	138	138	138	2
6493	日鍛バ	185	210	185	192	68
6494	ファネス	360	360	334	334	4
6495	宮入バ	92	95	92	92	9
6496	中北製	187	187	182	183	5
6497	ハマイ	0	0	0	0	0
6498	キッツ	195	197	193	197	130
6499	大隈エンジニア	0	0	0	0	0
6501	日立	1350	1350	1307	1334	6271
6502	東芝	1049	1051	1040	1040	4912
6503	三菱電	1050	1059	1022	1058	7778
6504	富士電機ＨＤ	395	397	380	391	1948
6505	東洋電	154	156	151	155	19
6506	安川電	1424	1433	1412	1420	397
6507	神鋼電	163	168	160	163	197
6508	明電舎	203	205	196	204	379
6513	オリジン	973	990	973	980	34
6516	山洋電	390	392	390	392	29
6517	デンヨー	719	719	707	707	5
6518	三相電機	650	650	650	650	5
6581	日立工	350	376	350	370	2086
6584	三桜工	591	600	585	590	54
6585	サーボ	275	275	260	261	8
6586	マキタ	1023	1027	1016	1023	120
6587	松下精工	408	415	408	413	30
6588	東芝テック	410	410	404	410	194
6590	芝浦	1040	1048	1036	1044	84
6591	西芝電	145	150	140	150	9
6592	マブチ	11370	11400	11150	11210	91.7
6593	ローヤル電	0	0	0	0	0
6594	日電産	8120	8340	8040	8280	109
6621	高岳	177	178	172	175	90
6622	ダイヘン	200	200	195	196	281
6623	愛電機	201	201	201	201	1
6624	田淵電	251	251	251	251	2
6641	日新電	266	273	265	273	206
6643	戸上電	156	163	156	163	23
6644	大崎電	531	540	526	527	20
6645	オムロン	2800	2805	2725	2780	439
6646	エナジーサポ	0	0	0	0	0
6647	森尾電	154	154	154	154	6
6648	かわでん	40	41	36	36	584
6650	春日電	140	143	136	136	12
6651	日東工	700	705	694	697	28
6652	和泉電	1599	1599	1581	1590	23.5
6654	不二電機	0	0	0	0	0
6655	東洋電機	0	0	0	0	0
6701	ＮＥＣ	2720	2780	2710	2730	7619
6702	富士通	3170	3170	3050	3050	4584
6703	沖電気	817	818	783	789	1151
6704	岩崎通	258	260	255	259	79
6705	ＮＥＣインフ	511	517	505	505	28
6706	電気興	955	981	955	959	44
6707	サンケン	730	735	714	715	330
6708	東洋通	1640	1647	1546	1569	499
6709	明星電	0	0	0	0	0
6710	大興電機製作	190	193	190	193	15
6711	高見澤電機	195	196	190	196	3
6712	田村電機製作	295	299	290	293	42
6714	神田通信工業	250	250	249	249	2
6715	ナカヨ通	274	275	270	270	5
6716	中央無	301	301	301	301	1
6717	富士通アクセ	2345	2345	2210	2210	17.7
6718	アイホン	1352	1380	1352	1374	6.6
6741	信号	468	468	460	462	79
6742	京三	240	240	236	236	26
6743	大同信	195	195	195	195	1
6744	能美防災	355	355	349	349	19
6745	ホーチキ	299	299	290	290	11
6747	小糸工	305	305	297	297	5
6748	星和電	405	405	405	405	1
6749	マスプロ	1200	1201	1170	1200	12.8
6751	日無線	845	854	837	845	375
6752	松下	2590	2590	2510	2545	3231
6753	シャープ	1970	2005	1940	1940	2007
6754	アンリツ	1550	1563	1470	1550	635
6755	富士通ゼ	700	700	686	691	72
6756	日立国際	1267	1290	1266	1281	137
6758	ソニー	10160	10160	9520	9750	4063
6759	ＮＥＣトーキ	910	930	907	920	556
6761	アイワ	1645	1680	1615	1615	89.5
6762	ＴＤＫ	13300	13310	13120	13260	333
6763	帝通工	371	374	365	372	31
6764	三洋電	800	804	785	796	3560
6765	ケンウッド	453	460	447	457	342
6766	宮越商	56	56	55	56	13
6767	ミツミ	3540	3540	3240	3400	498
6768	タムラ	473	475	470	470	134
6770	アルプス	1650	1690	1625	1675	966
6771	池上通	379	380	375	376	85
6772	コスモス	145	150	141	141	19
6773	パイオニア	3270	3340	3240	3290	840
6775	東和メクス	140	140	138	138	17
6776	天昇電	0	0	0	0	0
6779	日電波	5320	5330	5160	5300	611.9
6780	日立電子	529	544	529	544	18
6781	松下通信工業	12110	12200	11600	11600	410
6782	九州松下電器	1183	1220	1182	1220	98
6783	松下寿電子	2380	2410	2360	2370	74
6791	コロムビア	182	184	182	183	49
6792	ビクター	642	649	625	633	322
6793	山水電	20	21	18	18	1968
6794	フォスター	749	749	733	733	18
6796	クラリオン	421	432	416	423	509
6798	ＳＭＫ	1050	1068	1026	1057	116
6799	日本マランツ	0	0	0	0	0
6800	ヨコオ	3000	3020	2950	3020	54
6801	東光	801	805	791	796	180
6802	赤井電機	27	28	25	27	6717
6803	ティアック	385	385	370	379	209
6804	ホシデン	4700	4750	4500	4750	117
6805	八木アン	640	645	640	645	4
6806	ヒロセ電	15090	15600	15010	15090	201.7
6807	航空電子	610	610	589	600	52
6808	シントム	80	82	78	81	2431
6809	ＴＯＡ	350	350	342	342	15
6810	マクセル	2605	2630	2550	2630	157
6811	クオンツ	800	805	790	800	50
6812	ジャルコ	492	492	470	480	7
6813	ナカミチ	115	115	111	111	72
6814	古野電	386	395	386	395	3
6815	ユニデン	742	745	734	734	161
6816	アルパイン	1440	1453	1432	1449	186
6817	スミダコーポ	5540	5540	5250	5250	188.1
6818	島田理	1070	1092	1070	1092	6.4
6819	オメガ・プロ	1160	1170	1110	1110	279
6820	アイコム	1850	1850	1800	1800	4
6821	バーテクスＳ	0	0	0	0	0
6822	大井電気	0	0	0	0	0
6823	リオン	813	850	813	850	5
6824	新コスモス	430	435	430	430	13
6826	本多通信	4300	4300	4160	4160	3
6827	東北パイオ	6900	7000	6900	7000	54
6837	京写	1440	1530	1440	1490	15
6838	多摩川電	1700	1750	1700	1730	6
6839	船井電	51000	51000	49000	49800	23.3
6840	アドテック	1230	1230	1200	1200	10
6841	横河電	909	915	895	900	668
6842	ユニパルス	991	991	991	991	1
6843	東光精機	0	0	0	0	0
6844	新電元	548	559	545	553	66
6845	山武	1061	1081	1041	1070	266
6846	中央製	194	194	194	194	2
6847	安藤電気	1750	1751	1700	1700	15
6848	東亜ＤＫＫ	340	340	330	340	6
6849	日本光電	325	325	312	320	32
6850	チノー	223	225	223	224	9
6851	大倉電気	205	205	203	205	10
6852	テクノセブン	170	175	170	173	10
6853	共和電	296	360	296	360	194
6855	電子材料	2200	2300	2180	2200	23
6856	堀場製	1160	1170	1130	1148	23
6857	アドバンテスト	22700	22800	22000	22700	304.3
6858	小野測器	220	225	220	222	48
6859	エスペック	819	819	795	795	36
6860	サンクス	965	966	945	965	8
6861	キーエンス	33200	34400	32250	32250	161.8
6862	ミナトエレ	209	210	200	201	7
6863	ニレコ	0	0	0	0	0
6864	ＮＦ回路	0	0	0	0	0
6866	ＨＩＯＫＩ	0	0	0	0	0
6867	リーダー電子	0	0	0	0	0
6868	東カソード	1280	1300	1250	1250	7.5
6869	シスメックス	3220	3450	3190	3360	83.1
6870	フェンオール	0	0	0	0	0
6871	日本マイクロ	2200	2270	2100	2190	28.8
6872	日本コーリン	9760	9800	9300	9300	13.7
6873	日立電子Ｅ	850	852	821	851	19
6874	協立電機	3400	3400	3250	3250	0.9
6875	メガチップス	6000	6000	5550	5650	29
6876	光波	3200	3200	3150	3170	6
6877	ＯＢＡＲＡ	0	0	0	0	0
6878	長野日無	600	600	600	600	6
6879	フォトロン	425	425	420	420	2
6880	シンワ	900	900	880	900	4.3
6881	キョウデン	3350	3350	3300	3320	14
6882	三社電機	665	665	665	665	1
6883	電産コ電	1260	1260	1180	1250	6
6884	デジタル	2970	3190	2970	3190	14
6885	ミヤチテクノ	1170	1170	1100	1110	10.6
6886	グラフィック	505	510	505	510	2
6887	日本ＬＳＩカード	400000	430000	400000	430000	0.005
6888	アクモス	515000	530000	500000	510000	0.043
6889	オーデリック	500	500	490	500	6
6890	フェローテク	1180	1290	1180	1250	13
6891	イーター電機	900	900	899	899	3
6892	シチズン電子	11400	12000	11100	11500	19.8
6893	タイテック	740	750	740	747	24
6894	パルステック	1991	2000	1900	1901	10
6895	ダイヤ電機	624	624	585	585	17
6896	北川工業	1450	1471	1401	1421	10.9
6897	ツインバード	261	261	261	261	3
6898	トミタ電機	305	305	305	305	1
6899	ＡＳＴＩ	602	605	602	605	10
6900	東京電波	7200	7200	7100	7120	16
6901	沢藤電	315	315	302	303	7
6902	デンソー	2475	2495	2400	2445	686
6904	原田工業	385	385	385	385	2
6905	コーセル	3900	3930	3790	3790	16.5
6906	キヤ･コンポ	280	280	280	280	2
6907	ジオマテック	1420	1420	1400	1400	6.8
6908	イリソ電子	400	400	400	400	2
6909	北部通信工業	0	0	0	0	0
6910	日立メディコ	1185	1185	1183	1185	13
6911	新日無	880	910	880	900	39
6912	菊水電子	430	430	430	430	1
6913	メルコ	3900	3930	3760	3790	46.8
6914	オプテックス	0	0	0	0	0
6915	千代田インテ	1400	1400	1300	1300	6
6916	アイオデータ	2550	2610	2540	2570	30.2
6917	デンセラムダ	1900	1930	1900	1925	34.8
6918	アバール	1110	1180	1110	1170	10
6919	ケル	690	690	690	690	1
6920	レーザーテク	0	0	0	0	0
6921	東光電	302	302	300	300	3
6922	昭和情報	0	0	0	0	0
6923	スタンレー	895	924	895	920	1578
6924	岩崎電	217	220	216	220	28
6925	ウシオ電	2460	2465	2365	2440	328
6926	岡谷電	240	240	236	236	13
6928	エノモト	1000	1100	1000	1100	24
6929	日セラ	1870	1870	1810	1810	115
6930	日本アンテナ	1210	1210	1210	1210	3
6931	日本電池	395	396	385	386	365
6932	ユアサコーポ	300	320	289	320	60
6933	ＹＵＡＳＡ	233	243	233	237	294
6934	新神戸	630	640	622	639	32
6935	日デジタル	1675	1690	1650	1650	18.6
6936	東洋高砂乾	122	122	122	122	4
6937	古河池	277	280	277	278	10
6938	双信電機	900	910	890	910	20
6939	ＵＭＣＪ	1490000	1530000	1450000	1530000	0.977
6940	多摩電気	0	0	0	0	0
6941	山一電機	3600	3600	3600	3600	13
6942	ソフィア	270	275	270	275	7
6943	開閉器	0	0	0	0	0
6944	アイレックス	235	235	235	235	1
6945	ＦＴＥＣ	601	601	593	593	7
6946	日本アビオ	0	0	0	0	0
6947	図研	2235	2240	2190	2195	41.5
6948	住友電装	899	900	899	900	2
6949	キンセキ	1591	1600	1540	1549	446
6950	ＹＥデータ	580	580	550	550	4
6951	日電子	510	510	490	490	18
6952	カシオ	1051	1085	1030	1030	877
6953	日ＮＣＲ	321	380	321	380	26
6954	ファナック	9400	9500	9200	9390	553.4
6955	ＦＤＫ	773	789	770	789	53
6956	神明電	1360	1400	1330	1350	33
6957	芝浦電子	305	315	305	305	3.8
6958	日本ＣＭＫ	1435	1440	1420	1433	111
6960	フクダ電	2150	2150	2100	2150	111
6961	エンプラス	5590	5600	5500	5550	40
6962	大真空	708	720	690	695	96
6963	ローム	33300	34200	33050	33600	318.5
6964	サンコー	2105	2130	2080	2110	16
6965	ホトニクス	5810	6000	5800	5880	34
6966	三井ハイテク	2140	2150	2060	2095	145.8
6967	新光電工	4300	4400	4200	4250	104
6968	グラフテック	184	190	184	190	21
6969	松尾電	657	657	650	650	7
6970	日本コンラックス	550	550	530	530	45
6971	京セラ	17600	18000	17550	17880	1334.7
6972	エルナー	459	510	459	476	199
6973	協栄産	320	322	320	320	4
6974	日本インター	291	291	291	291	1
6975	ＮＥＯＭＡＸ	1180	1190	1130	1189	104
6976	太陽電	8280	8370	8110	8180	463
6977	抵抗器	214	224	214	219	6
6980	日立ＡＩＣ	1200	1220	1200	1210	133
6981	村田製	18600	18610	18120	18600	665
6982	リード	103	103	103	103	1
6984	朝日ナショナ	400	400	400	400	2
6985	ユーシン	470	471	470	471	3
6986	双葉電	4130	4130	4000	4010	32.1
6988	日東電	4550	4550	4450	4550	220
6989	北電工	225	230	222	225	62
6991	松電工	1246	1247	1228	1233	1302
6992	国産電	218	218	216	216	2
6993	森電機	178	180	167	169	104
6994	指月電	241	246	241	244	8
6995	東海理	1065	1065	1065	1065	3
6996	ニチコン	2985	3130	2970	3130	423
6997	日ケミコン	493	495	485	487	278
6998	タングス	285	285	275	275	15
6999	ＫＯＡ	3050	3200	3040	3190	420
7003	三井造	82	84	81	81	1097
7004	日立造	90	92	90	90	2002
7007	佐世保	75	75	73	75	98
7011	三菱重	377	380	373	374	10895
7012	川重	149	151	141	141	3796
7013	石川島	179	180	166	166	5965
7014	名村造	120	120	119	120	10
7018	内海造	0	0	0	0	0
7020	サノヤス	195	195	195	195	6
7021	ニッチツ	0	0	0	0	0
7052	信貴造船所	121	121	121	121	2
7102	日車両	201	206	201	201	278
7104	富士車輌	86	90	86	90	4
7105	ニチユ	164	165	164	165	4
7122	近畿車	143	148	142	143	27
7123	東急車輌製造	81	82	80	82	52
7124	輸送機工業	310	310	310	310	1
7142	ナブコ	168	170	167	170	8
7201	日産自	578	579	550	565	9872
7202	いすゞ	213	214	207	209	956
7203	トヨタ	5000	5050	4830	4890	3078
7204	小松ゼノア	250	251	245	247	27
7205	日野自	289	293	285	287	299
7207	日野車体	80	80	80	80	11
7210	日産ディ	83	83	80	81	135
7211	三菱自	375	381	350	350	1077
7212	エフテック	0	0	0	0	0
7219	ＨＫＳ	0	0	0	0	0
7220	武蔵精密	1060	1090	1060	1090	3
7221	トヨ車	1031	1031	1011	1018	24
7222	産車体	163	170	157	170	138
7223	関東自	710	710	690	703	11
7224	新明和	169	169	162	164	36
7225	小松フォーク	166	171	166	171	15
7226	極東開発	541	542	539	540	12.2
7227	アスカ	0	0	0	0	0
7228	デイトナ	0	0	0	0	0
7229	ユタカ技研	600	600	600	600	1
7230	日信工業	1734	1784	1700	1700	6
7231	トピー	165	166	160	162	438
7232	トキコ	208	209	204	205	1082
7233	自部品	78	78	78	78	1
7234	橋本フォーミング	0	0	0	0	0
7235	東ラヂ	107	107	107	107	5
7236	ティラド	375	393	375	390	372
7237	ボッシュブレーキ	175	175	175	175	1
7238	ブレーキ	216	216	210	215	17
7239	タチエス	428	430	428	430	6
7240	ＮＯＫ	551	562	545	562	1213
7241	フタバ	1346	1385	1320	1385	56
7242	カヤバ	195	195	191	195	109
7243	シロキ	225	225	217	223	18
7244	市光工	211	211	207	208	19
7245	大同メ	295	295	291	291	22
7246	プレス工	74	75	73	75	22
7247	ミクニ	0	0	0	0	0
7248	カルソニック	219	230	218	230	68
7249	尾張精	0	0	0	0	0
7250	太平洋工	275	281	275	281	19
7251	ケーヒン	705	705	699	699	215
7252	富士機	161	161	161	161	2
7253	日本ガスケット	0	0	0	0	0
7254	フジユニ	0	0	0	0	0
7255	桜井製	815	815	815	815	1
7256	河西工	183	183	178	183	6
7257	自転車電機工	236	236	236	236	4
7258	栃木富士産業	200	205	200	205	7
7259	アイシン	1340	1340	1300	1320	278
7260	富士機工	172	174	170	174	12
7261	マツダ	303	307	293	294	3943
7262	ダイハツ	657	675	655	675	422
7263	愛知機	242	248	233	237	868
7264	ＭＵＲＯ	0	0	0	0	0
7265	エイケン工業	705	705	705	705	2
7266	今仙電機	371	372	371	372	2
7267	ホンダ	3640	3670	3550	3550	1040
7268	タツミ	215	215	215	215	2
7269	スズキ	1320	1330	1305	1325	380
7270	富士重	811	812	785	800	1380
7271	安永	0	0	0	0	0
7272	ヤマハ発	915	915	885	915	233
7273	イクヨ	0	0	0	0	0
7274	ショーワ	575	589	575	576	105
7275	ユニシア	126	129	126	126	101
7276	小糸製	535	540	526	526	161
7277	ＴＢＫ	109	110	108	108	10
7278	エクセディ	830	830	830	830	1.5
7279	ケーブル	1002	1010	1000	1000	17
7280	ミツバ	441	455	441	455	8
7282	豊田合	6370	6380	6100	6150	126
7283	愛三工	686	699	680	690	39
7284	盟和産	221	221	221	221	1
7285	池田物産	113	113	110	110	4
7286	イズミ工業	109	109	109	109	1
7287	日精機	1298	1300	1200	1230	75
7288	テクノエイト	228	228	227	227	3
7289	マーレ テネックス	190	190	190	190	13
7290	日発精密工業	0	0	0	0	0
7291	日本プラスト	281	281	281	281	4
7292	村上開明	515	515	515	515	1
7293	大井製作所	240	240	240	240	2
7294	ヨロズ	310	319	310	319	16.6
7295	アイエス製機	0	0	0	0	0
7296	ＦＣＣ	1200	1200	1200	1200	1
7297	カーメイト	800	800	781	781	1.5
7298	八千代工	401	401	400	400	18
7299	フジオーゼ	0	0	0	0	0
7301	宮田	142	142	141	141	10
7305	新家工	112	112	111	111	5
7306	丸石自転車	349	349	337	340	18
7308	ツノダ	0	0	0	0	0
7309	シマノ	2480	2480	2350	2350	118.6
7399	ナンシン	280	280	280	280	2
7404	昭和飛	300	310	300	310	5
7407	日本飛行機	207	209	207	209	5
7408	ジャムコ	370	370	370	370	2
7410	横浜鋼業	0	0	0	0	0
7411	成和産業	0	0	0	0	0
7412	アトム	0	0	0	0	0
7413	創健社	200	200	200	200	1
7414	小野建	680	680	680	680	1
7415	新星堂	300	300	300	300	2
7416	はるやま	0	0	0	0	0
7418	ヤマキ	0	0	0	0	0
7419	ノジマ	1200	1220	1200	1210	5.6
7420	佐鳥電機	1075	1075	1070	1070	5
7421	カッパクリエ	2700	2900	2700	2900	7
7422	東邦レマック	540	540	540	540	1
7423	フォンテーヌ	1165	1180	1157	1157	5.1
7424	ニコニコ堂	230	230	230	230	4
7425	初穂商事	325	325	320	320	2
7426	山大	0	0	0	0	0
7427	エコーＴＤ	0	0	0	0	0
7428	江戸沢	0	0	0	0	0
7429	セイジョー	1810	1810	1800	1810	3.3
7430	サンワドー	484	484	484	484	2.2
7431	ニューフ	0	0	0	0	0
7432	ダルトン	0	0	0	0	0
7433	伯東	3500	3540	3400	3400	27.5
7434	オータケ	0	0	0	0	0
7435	ナ・デックス	0	0	0	0	0
7437	シーアンドエス	4400	4400	4200	4200	17.2
7438	コンドー	396	409	395	395	4
7439	サンミック千代田	189	189	189	189	4
7440	クラフト	775	790	760	770	35
7442	中山福	320	325	320	325	4
7443	横浜魚類	0	0	0	0	0
7444	ハリマ共和	0	0	0	0	0
7445	ライトオン	7710	7800	7500	7800	7.7
7446	東北化学	0	0	0	0	0
7447	ナガイレーベ	3300	3350	3300	3300	6.8
7448	ジンズメイト	2330	2330	2310	2315	6
7449	太洋興業	0	0	0	0	0
7450	サンデー	0	0	0	0	0
7451	菱食	4800	4950	4770	4800	17.8
7452	マツヤ	0	0	0	0	0
7453	良品計画	16300	16300	15500	15690	95.3
7454	ホットスパー	0	0	0	0	0
7455	三城	6900	7180	6830	7140	45.4
7456	松田産業	2230	2230	2160	2160	3
7457	セキテクノ	520	520	520	520	1
7458	第一興商	2210	2230	2070	2070	37.6
7459	メディセオＨＤ	851	851	820	830	72.7
7460	ヤギ	0	0	0	0	0
7461	キムラ	0	0	0	0	0
7462	ダイヤ通商	0	0	0	0	0
7463	アドヴァン	1302	1339	1280	1301	24.5
7464	セフテック	310	310	306	306	2
7465	ＭＶ北海道	0	0	0	0	0
7466	ＳＰＫ	0	0	0	0	0
7467	萩原電気	887	887	887	887	1
7468	アムスク	1400	1400	1390	1390	3
7470	サロモンメイド	570	570	570	570	7
7471	ふじ	485	495	485	490	4
7472	鳥羽洋行	902	902	900	900	6
7473	静岡スバル	0	0	0	0	0
7474	パオ	0	0	0	0	0
7475	アルビス	460	460	450	450	23
7476	アズワン	1720	1780	1720	1780	20
7477	ムラキ	0	0	0	0	0
7478	ブルーグラス	661	661	652	652	3
7479	サンマルク	3800	3850	3770	3770	10.6
7480	スズデン	450	450	450	450	2
7481	尾家産	657	657	657	657	1
7482	シモジマ	960	962	960	961	3
7483	ドウシシャ	2300	2300	2200	2300	4
7485	岡谷鋼機	945	945	945	945	8
7486	サンリン	0	0	0	0	0
7487	小津産業	859	870	830	830	3.1
7488	ヤガミ	0	0	0	0	0
7490	日新商	0	0	0	0	0
7491	ＯＡシステム	990	1020	990	1020	10
7492	タイカン	340	340	340	340	1
7494	コナカ	720	735	720	735	2.3
7495	レオ	0	0	0	0	0
7496	八千代ムセン	1300	1300	1300	1300	2
7497	マインマート	619	620	590	590	11
7498	ジャパン	2935	3000	2935	3000	25.5
7500	西川計測	0	0	0	0	0
7501	ティムコ	1100	1100	1100	1100	1
7502	プラザクリエ	5600	5800	5500	5500	0.9
7503	ＩＭＩ	0	0	0	0	0
7504	高速	729	729	729	729	1
7505	扶桑電通	891	891	891	891	1
7506	ハウスローゼ	759	765	755	755	7.1
7507	浜 勝	0	0	0	0	0
7508	オートセブ	700	700	700	700	1
7509	アイエー	600	600	600	600	4
7510	竹菱電機	0	0	0	0	0
7511	ジプロ	0	0	0	0	0
7512	ポスフール	1290	1290	1232	1235	3.7
7513	コジマ	3060	3110	2940	2950	279.6
7514	ヒマラヤ	784	784	770	770	6
7515	マルヨシ	345	345	345	345	200
7516	コーナン	1350	1380	1350	1350	10.5
7517	黒田電気	3200	3250	3150	3150	12.7
7518	ネットワン	2650000	2650000	2470000	2550000	0.607
7519	五洋インテ	260	260	260	260	1
7520	エコス	930	930	920	920	7.6
7521	ムサシ	1200	1200	1200	1200	2
7522	ワタミ	7980	8000	6990	7990	43.5
7523	アールビバン	1580	1590	1550	1570	15.1
7524	マルシェ	1250	1250	1250	1250	0.5
7527	システムソフ	400	425	400	425	5
7528	安藤薬業公司	395	395	390	390	4
7529	はるやま	0	0	0	0	0
7530	ナブコドア	594	594	594	594	1
7531	清和鋼業	455	455	455	455	1
7532	ドンキホーテ	17410	17600	16800	17600	12.7
7535	グッドマン	3150	3200	3100	3100	2
7536	船橋薬品	0	0	0	0	0
7537	丸文	1299	1330	1270	1270	203
7538	大水	0	0	0	0	0
7539	アベルコ	330	340	330	330	5
7540	エルエスフェンス	0	0	0	0	0
7541	メガネトップ	2870	2870	2800	2800	0.9
7542	ビスケーＨＤ	895	900	895	900	7
7543	ミスタージョン	0	0	0	0	0
7544	スリーエフ	0	0	0	0	0
7545	西松屋チェ	2200	2200	2050	2120	16
7547	オートハローズ	0	0	0	0	0
7548	サンクスＪＰ	1150	1150	1150	1150	1
7549	エス・エス・ブイ	0	0	0	0	0
7550	ゼンショー	2400	2400	2260	2270	19
7551	ウェッズ	560	560	560	560	1.8
7552	ハピネット	3050	3050	2960	2960	5.5
7553	サザビー	5200	5300	5100	5300	34
7554	幸楽苑	0	0	0	0	0
7555	大田花き	430	430	430	430	1
7556	住商エレク	1650	1680	1630	1650	8
7557	サンクス	3580	3580	3330	3350	29.3
7558	トーメンエレ	4660	4700	4650	4650	6
7559	ジーエフシー	0	0	0	0	0
7560	ユニマット	1181	1210	1181	1199	7.9
7561	ハークスレイ	3120	3120	3100	3100	4
7562	安楽亭	900	910	900	910	4
7563	ニッパン	200	200	200	200	2
7564	ワークマン	1850	1850	1850	1850	1
7565	万世電機	0	0	0	0	0
7566	ジャパンケア	1220	1240	1180	1240	6
7567	栄電子	581	600	581	586	19
7568	クレックス	700	700	700	700	2
7569	モンテカルロ	0	0	0	0	0
7570	橋本総業	0	0	0	0	0
7571	ヤマノＨＣ	820	880	820	880	14
7573	ツルハ	5840	5850	5500	5500	1.9
7574	共信テクノ	1400	1410	1400	1410	3
7575	日本ライフＬ	1460	1490	1460	1470	5.3
7576	ベターライフ	625	625	625	625	3
7577	パスポート	0	0	0	0	0
7578	ニチリョク	655	660	655	655	6
7579	オリジン東	1720	1720	1700	1700	12
7580	フーズネット	0	0	0	0	0
7581	サイゼリヤ	8300	8300	8150	8200	43.3
7582	富デバイス	3310	3380	3200	3200	44
7583	通商	0	0	0	0	0
7584	丸紅インフォ	0	0	0	0	0
7585	かんなん	0	0	0	0	0
7586	寺島薬局	1530	1530	1520	1520	2
7587	ＰＡＬＴＥＫ	3300	3470	3250	3400	22.2
7588	シートゥーネット	18800	19050	18800	19040	9.6
7589	デジキューブ	2620000	2700000	2610000	2680000	0.026
7590	タカショー	0	0	0	0	0
7591	エクセル	1800	1880	1800	1810	26
7592	アイ・ユー・ケイ	0	0	0	0	0
7593	ＶＴＨＤ	1256	1256	1250	1250	2
7594	マルカキカイ	0	0	0	0	0
7595	アルゴグラフ	2400	2550	2400	2550	2.6
7596	魚力	0	0	0	0	0
7597	東京貴宝	540	540	540	540	1
7598	ナイスクラ	395	400	390	400	3
7599	ガリバー	4400	4410	4400	4400	9
7600	日本ＭＤＭ	3050	3050	3000	3000	4
7601	ポプラ	1570	1599	1570	1599	5
7602	ジャック	5600	5600	5350	5400	35
7603	マックハウス	650	650	650	650	1
7604	梅の花	1920000	1920000	1920000	1920000	0.002
7605	フジコーポ	0	0	0	0	0
7606	Ｕアローズ	3930	3950	3760	3760	4.8
7607	進和	0	0	0	0	0
7608	ＳＫジャパン	0	0	0	0	0
7609	ダイトエレク	2900	3000	2900	3000	5
7610	テイツー	2260000	2260000	2240000	2250000	0.012
7611	ハイデ日高	0	0	0	0	0
7612	コモンウェル	1060	1100	1060	1100	10
7613	シークス	2750	2770	2650	2750	6.2
7614	オーエムツー	5300	5600	5300	5500	12.9
7615	京都友禅	700000	700000	698000	698000	0.069
7616	コロワイド	2610	2670	2610	2670	6.5
7617	オオゼキ	7380	7380	7370	7370	4
7618	ＰＣＤＥＰＯ	1610000	1620000	1610000	1620000	0.009
7619	田中商事	300	300	295	295	2
7620	ヤマト硝子	840	910	840	895	75
7621	うかい	0	0	0	0	0
7622	焼肉サカイ	2470	2470	2470	2470	5
7623	サンオータス	520	520	520	520	3
7624	内藤	761	775	761	775	5
7625	ダイニング	7600	7600	7450	7450	2.2
7626	ドッドウエル	3900	3900	3800	3900	9
7627	なか卯	1480	1480	1480	1480	1
7628	オーハシテク	2000	2000	2000	2000	3
7629	ムラチク	0	0	0	0	0
7630	壱番屋	1620	1630	1620	1620	8
7631	マクニカ	14260	14790	14260	14510	20
7632	住商メタレックス	554	554	545	545	2
7633	明響社	1210	1270	1210	1270	17
7634	星医療	1500	1510	1500	1500	13
7635	杉田エース	465	465	465	465	1
7636	ハンズマン	1100	1100	1100	1100	1
7637	白 銅	1490	1490	1400	1410	4
7638	シーマ	510	510	510	510	8
7639	贔屓屋	820	822	820	820	7
7640	トップカル	2000	2000	1900	1900	2
7641	フォーユー	2860000	2900000	2800000	2840000	0.019
7642	ビジョン	1080	1120	1070	1110	119
7643	ダイイチ	450	450	450	450	4
7644	常盤薬品	900	900	870	870	6
7645	日本トイザ	17000	17400	16900	17300	80.5
7647	音通	304	348	296	310	403
7701	島津	560	564	550	556	436
7702	ＪＭＳ	431	435	421	422	17
7703	川澄化	1000	1001	999	1000	60
7704	アロカ	1250	1269	1250	1250	18
7705	ジーエル	1560	1560	1560	1560	5
7706	セントラユニ	550	550	550	550	1
7711	助川電気	0	0	0	0	0
7713	シグマ光機	0	0	0	0	0
7714	モリテックス	8850	9050	8850	8980	12
7715	長野計器	1710	1720	1700	1720	6
7718	スター精	1900	1900	1810	1810	11
7719	東衡機	120	120	116	116	3
7720	ソキア	260	270	260	266	147
7721	トキメック	135	138	133	137	77
7723	愛時計	295	303	295	303	10
7724	金門	202	207	202	202	42
7726	黒田精	291	291	291	291	1
7727	オーバル	0	0	0	0	0
7728	電産トーソク	923	923	920	921	22
7729	東京精	12200	12380	11880	12110	288.5
7731	ニコン	3050	3170	2970	2970	1371
7732	トプコン	415	415	400	401	23
7733	オリンパス	1900	1910	1850	1850	629
7734	理計器	369	370	365	367	36
7735	スクリン	820	847	815	840	793
7736	ユニオンＨＤ	118	118	114	114	16
7737	キャビン工業	165	165	165	165	1
7738	チノン	340	340	340	340	13
7739	キヤノン電	918	918	918	918	1
7740	タムロン	661	661	660	661	4
7741	ＨＯＹＡ	10000	10130	9800	9990	216
7743	シード	460	460	450	450	4
7744	ノーリツ鋼機	3700	3700	3620	3630	9.4
7750	ペンタックス	257	265	251	255	363
7751	キヤノン	4900	5000	4880	4960	2996
7752	リコー	2295	2295	2210	2250	1377
7753	ミノルタ	565	575	545	550	1488
7756	電産コパル	1680	1700	1673	1680	55
7757	三協精	871	886	843	850	510
7758	セコニック	350	351	350	351	5
7762	シチズン	893	925	893	925	2053
7764	オリエント時計	150	159	150	159	4
7765	リコーエレメ	827	838	826	838	9
7768	ジェコー	455	455	455	455	10
7769	リズム	232	233	224	228	406
7770	ミヨタ	0	0	0	0	0
7771	日本精密	0	0	0	0	0
7857	セキ	1590	1600	1550	1600	9
7858	小野産業	1380	1390	1380	1380	3
7859	アルメディオ	1690	1690	1630	1630	8
7860	エイベックス	10200	10300	9800	9970	79.4
7861	東京リスマ	815	815	815	815	0.3
7862	トッパンフォ	2410	2420	2370	2420	149.6
7864	フジシール	5520	5900	5520	5900	1.4
7865	ピープル	1120	1120	1120	1120	1
7866	アトラス	1300	1320	1250	1250	17
7867	トミー	3950	4060	3850	3890	11.8
7868	広済堂	1030	1033	1015	1015	6.1
7869	日本フォーム	0	0	0	0	0
7870	福島印刷	0	0	0	0	0
7871	フクビ	0	0	0	0	0
7872	エステール	669	669	669	669	0.1
7873	アーク	3630	3630	3600	3600	4
7874	スルガ	5630	5990	5620	5990	6
7875	竹田印刷	0	0	0	0	0
7876	三陽PAX	0	0	0	0	0
7877	永大化工	825	840	820	830	9
7878	光彩工芸	0	0	0	0	0
7879	ノダ	415	415	405	405	2.4
7880	南部化成	350	350	350	350	1
7881	ニッソー	93	93	91	91	17
7882	アロン化成	390	390	381	385	28
7883	サンメッセ	0	0	0	0	0
7884	本間ゴルフ	300	320	300	315	11.5
7885	タカノ	1320	1340	1320	1320	0.8
7886	ヤマト・イン	270	270	270	270	3
7887	南プラ	420	420	420	420	3
7888	三光合成	0	0	0	0	0
7889	桑山	500	500	500	500	2.4
7890	アテナ工業	830	830	830	830	0.5
7891	日本ユピカ	0	0	0	0	0
7892	宇部日東化成	281	281	276	276	24
7893	亜細亜	1541	1541	1370	1385	10
7895	中央化学	1420	1440	1420	1440	4.4
7896	セブン工業	334	340	334	340	4
7897	ホクシン	153	155	150	155	8.2
7898	ウッドワン	690	690	660	669	177
7899	オザキ軽化	410	415	405	410	7
7900	大出産業	0	0	0	0	0
7901	マツモト	0	0	0	0	0
7902	ソノコム	1400	1400	1400	1400	1
7903	名木材	0	0	0	0	0
7904	天竜木	49	52	49	51	13
7905	大建工	289	290	274	289	106
7906	ヨネックス	0	0	0	0	0
7907	日防腐	0	0	0	0	0
7908	きもと	550	550	550	550	2
7909	シーアイ化	365	367	365	367	30
7910	段谷産業	118	118	115	118	82
7911	凸版	1151	1163	1142	1142	976
7912	大日印	1845	1859	1821	1837	1103
7913	図書印	223	223	219	221	19
7914	共同印	340	340	338	340	102
7915	日写印	635	641	629	635	39
7916	光村印	425	425	407	407	21
7917	藤森工業	750	750	750	750	2
7918	ヴィアＨＤ	300	300	300	300	1
7919	野崎紙	0	0	0	0	0
7920	三浦印	0	0	0	0	0
7921	宝印刷	1490	1490	1470	1490	9
7922	三光産業	0	0	0	0	0
7923	トーイン	302	302	302	302	1
7925	前沢化成	1155	1160	1130	1131	3.6
7926	ベルテクノ	307	307	307	307	5
7927	ムトー精工	1150	1150	1150	1150	1
7928	旭化学	0	0	0	0	0
7929	新輝合成	0	0	0	0	0
7931	未来工業	1300	1301	1290	1300	27
7932	ニッピ	300	300	300	300	8
7933	ファイリング	0	0	0	0	0
7934	メルクス	74	74	74	74	1
7935	コンビ	850	860	820	820	22
7936	アシックス	113	115	112	114	377
7937	ツツミ	2465	2465	2440	2455	3.3
7938	リーガル	165	165	161	161	13
7939	研創	0	0	0	0	0
7940	ウェーブＨＤ	225	225	225	225	3
7942	ＪＳＰ	605	605	605	605	3
7943	ニチハ	758	777	757	770	24.5
7944	ローランド	2100	2100	2030	2055	23
7945	コマニー	500	500	500	500	2
7946	光陽社	275	275	275	275	2
7947	エフピコ	4330	4330	4100	4300	14.9
7948	ＡＷ・エモト	153	153	153	153	1
7949	小松ウオール	828	830	820	830	4.5
7950	日デコラ	0	0	0	0	0
7951	ヤマハ	953	1000	953	980	1603
7952	河合楽	153	153	148	148	23
7953	菊水化	0	0	0	0	0
7954	ジャレコ	295	300	290	290	8
7955	クリナップ	476	477	470	475	15
7956	ピジョン	1258	1258	1195	1209	12.7
7957	フジコピアン	0	0	0	0	0
7958	天馬	1151	1151	1127	1145	20
7959	オリバー	0	0	0	0	0
7960	パラマウント	8200	8300	7880	7880	35.4
7961	兼松日産農	175	175	170	172	12
7962	キングジム	601	610	600	600	5
7963	興研	460	460	460	460	3
7964	セガ	1647	1649	1590	1610	245.1
7965	象印	500	500	500	500	2
7966	リンテック	1092	1092	1055	1063	55
7967	バンダイ	3760	3770	3700	3760	53
7968	田崎真珠	441	441	437	437	9
7969	タカラ	439	440	435	440	29
7970	信越ポリ	720	720	700	705	62
7971	東リ	194	195	192	192	44
7972	イトーキ	430	430	415	429	74
7973	ホウトク	150	150	150	150	1
7974	任天堂	16550	16550	15810	16000	338.6
7975	リヒトラブ	258	258	258	258	1
7976	菱鉛筆	780	780	780	780	23
7977	フランスベッド	450	450	436	436	63
7979	松風	0	0	0	0	0
7980	重松製	244	244	244	244	2
7981	タカラスタ	464	464	445	445	94
7983	ミロク	147	147	147	147	1
7984	コクヨ	1610	1612	1590	1610	193
7985	ネポン	0	0	0	0	0
7986	キング工	150	150	145	146	13
7987	ナカバヤシ	327	327	325	325	45
7988	ニフコ	1220	1221	1192	1198	95
7989	ブラインド	880	880	871	880	3.3
7990	ダイワ精	132	134	132	133	22
7991	マミヤＯＰ	304	305	300	302	74
7992	セーラー	1890	1910	1870	1888	172
7993	サンウエブ	190	190	190	190	8
7994	岡村製	270	280	270	273	32
7995	バルカー	180	187	180	181	129
7996	パイロット	400	400	399	399	3
7997	くろ工	403	403	403	403	7
7998	高島屋工作	415	415	415	415	1
7999	武藤工	280	303	280	291	88
8000	カイゲン	501	501	500	500	2
8001	伊藤忠	453	454	426	435	6508
8002	丸紅	291	294	284	286	5216
8003	トーメン	58	60	58	59	493
8004	ニチメン	98	99	93	96	1386
8005	ムトウ	640	650	640	641	8
8006	ユアサフナ	168	168	168	168	3
8007	高島	118	118	113	118	12
8008	アスティ	0	0	0	0	0
8010	新興産業	120	120	120	120	6
8011	三陽商	322	322	315	317	69
8012	長瀬産	452	462	447	447	208
8013	ナイガイ	100	100	95	100	16
8014	蝶理	105	109	105	108	24
8015	豊田通商	360	361	356	361	175
8016	オンワード	1480	1480	1428	1440	125
8017	阪急共栄物産	175	175	175	175	1
8018	三共興	273	275	270	275	16
8019	市田	76	78	72	75	156
8020	兼松	79	81	77	80	221
8021	レナウン	125	125	121	121	503
8022	ミズノ	321	325	315	325	65
8023	大興電子	460	461	460	461	2
8024	シルバーＯＸ	474	475	467	475	6
8025	ツカモトＣ	160	160	158	158	3
8027	ルシアン	120	123	119	123	76
8028	ファミリーＭ	4400	4400	4270	4290	141.5
8029	ルック	200	206	200	202	42
8030	中央魚	176	176	176	176	9
8031	三井物	770	770	731	757	2985
8032	紙パ商	339	339	332	339	49
8033	ジーネット	72	72	70	70	17
8035	東エレク	15400	15490	14700	14700	791
8036	日立ハイテク	1345	1380	1345	1380	42
8037	カメイ	482	487	481	481	15
8038	東都水	340	340	340	340	7
8039	築地魚	162	162	160	162	11
8040	東ソワール	205	209	205	209	3
8041	魚市場	299	299	295	296	7
8042	マタイ	207	210	206	210	7
8043	スターゼン	206	206	202	206	30
8044	大都魚	0	0	0	0	0
8045	浜丸魚	420	435	420	435	5
8046	丸藤パ	143	143	140	140	23
8047	デジ・ネット	1300	1300	1250	1250	6
8048	シャディ	2350	2380	2350	2380	14.4
8049	ＥＩＥ	410	410	401	401	15
8050	セイコー	501	501	490	493	112
8051	山善	170	170	165	166	55
8052	椿本興	170	170	162	162	8
8053	住友商	1044	1044	991	1000	2265
8056	ユニシス	1991	2000	1874	1900	226
8057	内田洋	564	573	564	564	87
8058	三菱商	914	914	871	894	2553
8059	第一実	180	184	180	182	29
8060	キヤノン販	1551	1551	1520	1545	71
8061	西華産	161	161	157	159	257
8063	日商岩井	102	102	100	101	666
8064	金商	100	100	99	99	17
8065	佐藤商	365	365	365	365	1
8066	三谷商	366	370	366	370	3
8067	トミヤアパ	0	0	0	0	0
8068	菱洋エレク	1850	1869	1825	1855	616
8070	東京産	335	337	334	337	24
8071	東海物産	0	0	0	0	0
8072	出版貿	290	290	280	290	7
8073	Ｔ・ＺＯＮＥ	400	400	400	400	7
8074	ユアサ商	136	140	126	130	350
8075	神鋼商	155	155	150	152	80
8076	カノークス	0	0	0	0	0
8077	小林産	0	0	0	0	0
8078	阪和興	100	100	98	99	157
8079	正栄食	0	0	0	0	0
8080	ジョイス	0	0	0	0	0
8081	カナデン	434	440	434	437	12
8083	サンテレ	300	315	296	315	20
8084	菱電商	351	354	345	353	46
8085	ナラサキ産業	138	143	131	132	26
8086	ニプロ	861	861	859	859	13
8087	フルサト	490	490	410	410	71.5
8088	岩谷産	176	176	171	171	490
8089	ナイス	264	265	255	256	367
8090	昭光通商	135	136	133	136	57
8091	ニチモウ	132	132	132	132	7
8092	富士通シス	2960	2960	2900	2905	17.6
8093	極東貿易	780	780	750	750	79
8095	イワキ	220	220	200	200	54
8096	兼松エレク	465	470	465	470	8
8097	三愛石	296	298	291	298	29
8098	稲畑産	623	630	610	629	242
8100	藤井	68	68	66	68	14
8101	ＧＳＩクレ	150	154	135	145	1517
8103	明和産	99	100	96	100	16
8105	丸正	165	170	165	170	9
8107	キムラタン	72	72	71	71	10
8109	山洋工	0	0	0	0	0
8110	川鉄商事	106	109	105	107	108
8111	ゴルドウイン	187	187	173	174	273
8112	東スタイル	971	976	967	970	197
8113	ユニチャーム	6460	6460	6300	6300	97.3
8114	デサント	189	190	187	189	20
8115	ムーンバット	115	115	114	114	5
8116	ダーバン	291	292	276	282	323
8117	中央自	262	296	262	292	192
8118	キング	222	222	200	200	102
8119	三栄コ	600	625	600	610	45
8120	大木	0	0	0	0	0
8123	川辺	135	135	135	135	1
8125	ワキタ	285	285	285	285	3
8126	三光純薬	501	501	501	501	192
8127	ヤマトインタ	131	131	131	131	3
8128	エフワン	0	0	0	0	0
8129	東邦薬	386	395	386	395	3
8130	サンゲツ	1880	1880	1880	1880	5
8131	ミツウロコ	538	550	538	550	56
8132	シナネン	368	377	368	370	41
8133	伊藤忠エネ	345	350	337	339	71
8134	ＴＯＫＡＩ	1250	1300	1250	1271	335
8135	ゼット	120	120	115	115	6
8136	サンリオ	2995	3000	2875	2880	294
8137	サンワテク	0	0	0	0	0
8138	三京化	255	255	250	255	8
8139	ナガホリ	242	242	242	242	1
8140	リョーサン	2145	2250	2140	2235	169
8141	新光商	881	898	880	898	27
8142	トーホー	840	840	840	840	3
8143	ラピーヌ	84	84	82	82	8
8144	電響社	379	379	351	351	8
8145	中部水産	340	340	340	340	3
8146	小杉産	136	136	136	136	3
8147	トミタ	227	239	220	220	40
8148	上原成	0	0	0	0	0
8150	三信電	740	745	720	740	403
8151	東陽テク	3290	3340	3250	3330	158
8152	ソマール	230	230	230	230	1
8153	モスフード	1059	1059	1050	1054	22
8154	加賀電子	1350	1368	1329	1345	37
8155	三益半導	1850	1850	1790	1840	21.7
8156	ガステック	518	518	510	510	7
8157	都築電	570	570	561	561	8
8158	ソーダニッカ	181	181	178	178	5
8159	立花エレ	621	621	615	615	4
8160	木曽路	1071	1099	1071	1099	3
8161	エイデン	921	921	900	901	28
8163	サトＲＳ	678	678	678	678	2
8164	キャビン	136	144	128	130	194
8165	千趣会	1154	1154	1125	1149	19
8166	タカキュー	160	160	149	154	60
8167	丸久	0	0	0	0	0
8168	ケーヨー	448	448	421	426	31.1
8169	宝船	219	220	218	218	3
8170	アデランス	4200	4300	4200	4300	55.3
8171	ＭＶ中部	0	0	0	0	0
8172	第一家庭電器	60	61	60	60	369
8173	上新電	266	266	265	265	6
8174	日ガス	560	560	560	560	2
8175	ベスト電	680	680	667	667	30
8176	西洋フードシス	365	366	363	365	31
8178	マルエツ	332	335	330	330	28
8179	ロイヤルＨＤ	1034	1034	1029	1030	22
8180	すかいらく	3830	3840	3750	3770	157
8181	東天紅	880	880	880	880	39
8182	いなげや	725	751	725	750	19
8183	セブン−イレブン	10040	10140	9250	9530	692
8184	島忠	1860	1860	1730	1798	121.6
8185	チヨダ	560	560	550	550	4.3
8186	大塚家具	25500	25500	24500	24600	4
8188	ヨークベニ	3140	3140	3010	3050	28.2
8189	マツヤデンキ	262	266	262	266	13
8190	ヤマナカ	0	0	0	0	0
8191	光製作	0	0	0	0	0
8192	中川無線	72	73	70	73	33
8193	鈴丹	182	183	176	181	196
8194	ライフコーポ	610	620	610	620	3
8195	デニーズジャパン	2020	2020	2005	2020	13
8196	カスミ	430	430	415	430	47
8197	東急ストア	300	301	298	298	31
8199	デオデオ	830	830	825	826	51.9
8200	リンガハット	1039	1040	1020	1021	6
8201	さが美	270	270	261	261	28
8202	ラオックス	470	472	465	468	54
8203	ＭｒＭａｘ	321	329	321	329	6.6
8204	ジョナサン	1550	1560	1540	1550	12
8205	シャクリー	0	0	0	0	0
8206	アポロイン	0	0	0	0	0
8207	テンアライド	403	406	401	406	6.2
8208	エンチョー	520	520	520	520	2
8209	フレンドリ	0	0	0	0	0
8210	フットワーク	246	246	235	241	18
8211	相鉄ローゼ	521	522	521	522	2
8212	オーク	150	150	150	150	10
8213	トステムビバ	395	400	389	390	32
8214	アオキインタ	380	380	360	362	48
8215	銀座山形屋	250	250	245	245	4
8216	フォルクス	504	524	504	524	2
8217	オークワ	790	790	790	790	1
8218	コメリ	3300	3300	3240	3250	15.2
8219	青山商	1320	1324	1280	1290	138.2
8225	タカチホ	166	166	166	166	3
8226	理経	430	430	430	430	8
8227	しまむら	12000	12260	11000	11250	97.2
8228	マルイチ	0	0	0	0	0
8229	ＣＦＳコーポ	957	965	937	940	83
8230	はせがわ	450	470	450	470	17
8231	三越	416	416	400	401	1295
8232	東急百貨店	91	92	88	88	394
8233	高島屋	998	1005	970	970	919
8234	大丸	329	333	307	307	829
8235	松坂屋	282	284	281	283	27
8236	丸善	153	153	147	150	447
8237	松屋	414	414	413	413	3
8238	伊勢丹	1164	1164	1020	1056	1036
8239	横浜松坂屋	95	95	94	95	4
8240	サッポロライオン	601	601	601	601	1
8241	阪神百貨店	410	410	410	410	1
8242	阪急百	540	540	530	531	112
8243	そごう	65	66	54	55	1804
8244	近鉄百貨店	0	0	0	0	0
8245	丸栄	263	265	263	265	9
8247	大和	0	0	0	0	0
8248	ニッセン	500	504	490	492	17.6
8249	東洋物	620	620	620	620	3
8250	小松ストアー	0	0	0	0	0
8251	パルコ	319	319	317	317	18
8252	丸井	2010	2010	1961	1975	1005
8253	クレセゾン	2200	2210	2115	2165	659.1
8254	さいか屋	460	460	460	460	2
8255	原信	849	849	849	849	2
8256	プロルート	280	280	260	266	29
8257	山陽百	2310	2310	2310	2310	0.1
8258	ＯＭＣカード	375	386	375	386	110
8259	十字屋	59	59	58	59	60
8260	井筒屋	235	235	200	203	4870
8261	ｼ鉄百貨店	291	291	290	290	6
8263	ダイエー	331	333	328	328	809
8264	イトーヨーカ堂	6580	6600	6210	6390	643
8265	壽屋	155	160	155	160	29
8266	イズミヤ	701	720	701	705	19
8267	イオン	1920	1930	1841	1847	456
8268	西友	423	440	423	439	2696
8269	マイカル	330	333	325	326	649
8270	ユニー	1350	1350	1316	1328	103
8273	イズミ	1373	1378	1355	1356	25
8274	東武ストア	183	189	183	189	20
8275	フォーバル	2480	2490	2400	2400	9.3
8276	平和堂	690	740	690	730	11
8278	フジ	1910	1940	1910	1940	3.5
8279	ヤオコー	1300	1340	1290	1311	6.1
8280	富士冷機	401	406	401	403	31
8281	ゼビオ	2300	2300	2250	2250	3.7
8282	ギガスケーズ	2150	2180	2120	2180	5.6
8283	パルタック	502	502	501	502	12
8285	三谷産業	445	445	445	445	1
8286	藍  屋	2295	2295	2210	2240	22
8287	ＭＶ西日本	0	0	0	0	0
8289	オリンピック	2500	2500	2360	2360	10.1
8290	デンコードー	700	700	680	689	5
8291	東日カーライフ	185	185	181	181	27
8292	東いすず	242	242	242	242	1
8293	愛トヨ	791	791	790	790	7
8295	キャノンシステム	720	740	720	740	16
8298	ファミリー	275	275	275	275	2
8299	大栄太源	0	0	0	0	0
8301	日銀	0	0	0	0	0
8302	興業銀行	831	840	781	840	4424
8311	第一勧銀	826	835	777	810	4841
8314	さくら銀行	803	812	786	797	5634
8315	東京三菱銀	1357	1365	1336	1350	5136
8317	富士銀行	840	854	790	833	8525
8318	三井住友銀行	1421	1429	1400	1412	4417
8319	大和銀行	271	274	268	273	1242
8320	三和銀行	907	917	872	898	3239
8321	東海銀行	540	545	522	525	3738
8322	あさひ銀行	497	499	476	479	4881
8324	第四銀	388	396	387	395	105
8325	北越銀	303	315	303	315	37
8326	福岡銀	720	730	711	711	420
8327	西日本シティ銀	416	425	416	424	100
8331	千葉銀	461	469	456	468	422
8332	横浜銀	462	465	458	460	997
8333	常陽銀	410	419	406	419	665
8334	群馬銀	576	594	576	587	297
8335	足利銀行	217	222	217	220	445
8336	武蔵銀	4110	4180	4110	4180	6.3
8337	千葉興	1120	1140	1120	1128	1.7
8338	関東つくば銀	1420	1450	1420	1450	3.2
8339	都民銀	3550	3660	3530	3590	7.2
8341	七十七	983	992	962	985	567
8342	青森銀	481	499	481	499	33
8343	秋田銀	362	370	362	365	57
8344	山形銀	541	555	540	553	55
8345	岩手銀	3720	3890	3720	3890	4.2
8346	東邦銀	405	415	400	410	102
8349	東北銀	0	0	0	0	0
8350	みちのく銀	638	650	638	650	43
8353	北海道銀行	140	145	140	145	114
8355	静岡銀	1003	1018	999	1018	761
8356	十六銀	473	480	473	479	60
8357	北陸銀行	247	250	245	249	257
8358	スルガ銀	1830	1855	1811	1854	290
8359	八十二	680	693	673	690	175
8360	山梨銀	352	359	346	353	60
8361	大垣共立	570	585	570	585	50
8362	福井銀	288	295	286	294	43
8363	北国銀	420	434	420	424	139
8364	清水銀	4100	4280	4100	4250	1.7
8365	富山銀	0	0	0	0	0
8366	滋賀銀	487	491	485	485	50
8367	南都銀	556	593	556	580	40
8368	百五銀	460	473	456	472	41
8369	京都銀	551	559	545	559	339
8370	紀陽銀	258	266	257	263	89
8371	近畿大阪銀	215	220	215	218	8
8372	泉州銀	331	331	331	331	3
8374	三重銀	507	510	507	510	32
8375	池田銀	5610	5680	5610	5680	1.1
8379	広島銀	405	405	399	404	140
8380	山口銀	713	715	707	711	91
8381	山陰合銀	555	564	550	564	58
8382	中国銀	901	949	900	949	91
8383	鳥取銀	369	371	369	371	19
8385	伊予銀	655	670	654	657	74
8386	百十四	642	650	638	650	56
8387	四国銀	635	645	635	645	52
8388	阿波銀	507	513	507	513	58
8390	鹿児銀	368	380	368	374	49
8391	親和銀行	310	322	310	311	43
8392	大分銀	490	520	490	520	30
8393	宮崎銀	343	350	343	350	26
8394	肥後銀	391	398	390	398	69
8395	佐賀銀	361	368	360	368	31
8396	十八銀	355	360	350	359	129
8397	沖縄銀	2410	2470	2410	2470	2.5
8399	琉球銀	1522	1590	1505	1515	13.6
8402	三菱信託	869	875	852	870	991
8403	住友信	759	789	754	779	1699
8404	みずほ信託銀	135	136	131	133	1880
8405	日本信託	158	160	153	158	181
8407	東洋信託	380	380	357	364	868
8408	中央三井信	403	434	403	433	1606
8489	アプレック	410	410	410	410	3
8493	インター	2010	2100	2005	2100	2.5
8507	学研クレジット	604	620	603	618	6
8508	イッコー	710	710	705	705	2
8511	日証金	605	620	605	605	431
8512	大証金	290	290	280	283	80
8513	中証金	0	0	0	0	0
8515	アイフル	9400	9490	9200	9470	43
8518	アジア投資	595	635	595	633	990
8519	ポケットＣ	3920	3950	3900	3930	16.2
8520	殖産銀行	399	399	399	399	5
8521	長野銀	490	495	490	495	19
8522	名古屋銀	629	629	619	629	47
8524	北洋銀行	538	550	538	550	72
8527	愛知銀	7220	7400	7220	7400	2.1
8528	岐阜銀	220	220	210	220	20
8529	第三銀	465	470	459	460	165
8530	中京銀	427	434	425	429	30
8533	広島総合銀行	460	461	455	460	41
8536	東日銀	624	628	624	628	41
8537	大光銀	299	299	299	299	4
8539	福岡シティ銀	475	490	475	490	52
8541	愛媛銀	459	459	457	457	29
8542	トマト銀	365	365	350	350	2
8543	みなと銀	216	225	216	224	84
8544	京葉銀	302	310	302	305	72
8545	関西アーバン	157	165	157	165	14
8548	九州銀行	307	325	307	325	29
8549	せとうち銀行	0	0	0	0	0
8550	栃木銀	594	594	590	590	14
8551	北日銀	5380	5450	5380	5450	1.4
8552	びわこ銀	299	300	295	300	15
8556	香川銀	542	550	542	549	29
8558	東和銀	433	440	433	440	31
8561	徳島銀	740	750	732	750	44
8562	福島銀	323	330	323	330	27
8563	大東銀	331	333	329	333	29
8564	武富士	11510	12000	11300	11400	142.5
8565	三洋クレ	5200	5400	5150	5400	26.9
8566	リコーリース	2280	2600	2280	2525	339
8567	クレディア	2050	2050	2030	2035	7.8
8568	シンキ	2130	2200	2110	2200	50.2
8569	ユニココーポ	0	0	0	0	0
8570	イオンクレ	6750	6850	6600	6800	33.1
8571	ニッシン	5510	5700	5510	5700	15.8
8572	アコム	8190	8230	7910	7910	287.2
8573	三洋信販	3900	3940	3850	3900	18
8574	プロミス	9090	9090	8800	9050	165.8
8577	ロプロ	2000	2000	1895	1895	106.2
8579	東京リース	600	600	600	600	1
8580	ファーストクレジット	289	329	280	329	2811
8582	日貿信	5	5	4	4	1148
8583	日信販	225	228	221	221	413
8584	ジャックス	333	335	320	321	108
8585	オリコ	495	503	486	491	450
8586	日立キャピ	2565	2685	2530	2650	338.2
8587	ライフ	5	6	4	5	7031
8588	セントラル	331	332	317	317	34
8589	アプラス	121	122	120	121	77
8591	オリックス	15790	16190	15400	15950	172.5
8592	住商リース	1700	1700	1690	1699	24
8593	ダイヤリース	1580	1580	1569	1569	5
8595	ジャフコ	16500	17300	16000	16200	300
8597	ＳＦＣＧ	22400	23200	22200	23200	15.29
8599	ＵＦＪセント	0	0	0	0	0
8601	大和証Ｇ	1303	1312	1275	1310	3511
8603	日興コーデ	1040	1045	990	998	6489
8604	野村ＨＤ	2450	2480	2405	2470	7218
8606	新光	449	450	438	443	915
8607	みずほイン証	230	232	224	226	412
8609	岡三ＨＤ	800	805	788	799	186
8610	さくらフレンド	316	320	311	320	251
8611	コスモ証	250	254	250	253	136
8613	丸三	700	715	700	709	76
8614	東洋	400	420	395	398	72
8615	三菱証	1395	1395	1361	1378	166
8616	東海東京	395	395	380	384	86
8617	光世	330	330	313	313	182
8620	東海丸万	655	675	655	666	66
8621	ＵＦＪつばさ証券	583	584	570	580	117
8622	水戸	415	417	401	401	15
8623	ＳＭＢＣ証	349	350	342	342	37.5
8624	いちよし証	840	855	840	848	100
8625	高木	370	370	350	370	47
8691	証券代	0	0	0	0	0
8692	だいこう	605	605	600	600	16
8742	小林洋行	1000	1000	980	1000	4.5
8743	ひまわり証	213	213	213	213	1
8744	日本ユニコム	708	708	708	708	1
8745	グローバリー	1200	1200	1200	1200	1
8746	第一商品	300	300	300	300	2
8747	豊商事	0	0	0	0	0
8748	岡藤商事	358	358	350	350	6
8749	エース交易	298	300	285	300	15
8751	東京海上火災	1170	1210	1155	1175	1379
8752	三井住友海上	570	586	570	571	927
8753	住友海上火災	705	707	675	675	1204
8754	日本興亜	299	299	296	299	218
8755	損害保険Ｊ	555	563	551	555	926
8756	日産火災海上	300	305	300	301	83
8757	日新火	231	233	227	233	99
8758	千代田火災	335	345	335	345	244
8759	ニッセイ同和	264	265	263	264	137
8760	日動火災海上	535	550	535	550	107
8761	あいおい損保	345	351	340	350	253
8762	興亜火災	290	295	289	292	112
8763	富士火	190	190	188	188	137
8764	太陽火災	0	0	0	0	0
8765	大成火災海上	223	223	223	223	1
8801	三井不	1144	1150	1110	1111	1404
8802	菱地所	1300	1300	1251	1267	1444
8803	平和不	233	238	233	234	160
8804	東建物	205	205	200	200	188
8805	中央地	106	106	103	104	42
8806	ダイビル	909	909	892	896	104
8809	サンケビル	405	405	401	405	9
8810	港振興	0	0	0	0	0
8815	東急不	100	104	100	104	185
8817	阪急不動産	350	350	350	350	3
8818	京阪神不	310	315	310	312	13
8821	立飛企	0	0	0	0	0
8829	大和団地	220	225	220	224	56
8830	住友不	412	415	393	400	1681
8832	小田急不	198	200	198	200	9
8833	東宝不	371	371	370	371	17
8834	藤和不	63	63	60	62	59
8835	太平発	112	112	110	112	16
8836	ヒューネット	710	789	698	785	3281
8838	有楽地	155	177	150	161	171
8839	ニチモ	75	76	75	76	17
8840	大京	234	235	230	230	215
8841	テーオーシー	686	690	670	670	55
8842	楽天地	370	371	366	370	84
8844	リクコスモス	443	443	430	430	25
8845	セザール	224	225	220	220	45
8846	積和不動産	415	417	403	403	13
8848	レオパレス	300	300	290	295	72
8850	スターツ	929	929	910	929	16
8851	アバンライフ	300	300	290	290	3
8852	積和不動関西	365	365	360	360	13
8853	ダイヤシティ	0	0	0	0	0
8854	日住	0	0	0	0	0
8855	全日空ビル	120	120	120	120	2
8857	三井不動販売	565	570	559	559	34
8858	ダイア建	220	235	215	215	17
8860	フジ住	520	520	515	515	7
8863	積和不動中部	0	0	0	0	0
8864	空港施設	423	424	422	424	17
8865	神鋼興産	249	249	249	249	2
8866	コマーシャル	300	300	295	295	6
8867	横浜地下街	0	0	0	0	0
8868	ＵＲＢＡＮ	2750	2750	2690	2700	7
8869	明和地所	3360	3400	3300	3390	24.3
8870	住不販売	3580	3770	3550	3750	48.6
8871	ゴールドクレ	12500	12500	12000	12000	16.5
8872	エイブル	1450	1450	1450	1450	25
8873	積和不動中国	450	451	440	440	9
8874	ジョイント	4480	4480	4300	4300	7.5
8875	東栄住宅	2000	2020	1960	2010	15
8876	リロＨＤ	6300	6500	6300	6500	6
8877	エスリード	1505	1505	1480	1480	13
8878	日綜地所	1500	1600	1500	1600	66
8879	東急リバブル	590	590	580	589	45
8880	飯田産業	1460	1460	1460	1460	1
9001	東武	290	294	285	287	577
9002	西武鉄道	1380	1390	1370	1390	56
9003	相鉄	283	287	280	287	106
9004	箱根登山鉄道	261	270	261	270	3
9005	東急	480	482	470	474	1458
9006	京急	395	398	392	392	346
9007	小田急	340	345	340	341	258
9008	京王	390	394	390	393	282
9009	京成	253	260	253	255	237
9010	富士急	340	341	340	340	4
9012	秩父鉄	0	0	0	0	0
9013	伊豆箱根鉄道	0	0	0	0	0
9014	新京成	290	290	285	285	4
9017	新潟交	0	0	0	0	0
9019	伊豆急行	2500	2500	2500	2500	1.4
9020	ＪＲ東日本	610000	614000	595000	614000	4.217
9021	ＪＲ西日本	453000	455000	433000	455000	1.278
9022	ＪＲ東海	620000	625000	600000	600000	0.884
9031	西鉄	271	273	270	273	33
9033	広電鉄	0	0	0	0	0
9036	東部ネット	560	560	550	550	2
9037	ハマキョウ	1400	1400	1390	1390	3
9038	東海西濃	0	0	0	0	0
9039	サカイ引越	2300	2300	2200	2200	2.9
9040	大宝運輸	0	0	0	0	0
9041	近鉄	439	439	424	430	718
9042	阪急ＨＤ	336	344	336	344	372
9043	阪神	297	300	297	300	55
9044	南海電	423	425	422	422	52
9045	京阪電	342	343	341	341	26
9046	神電鉄	420	420	418	420	12
9047	名糖運輸	1310	1310	1265	1265	3
9048	名鉄	300	301	299	300	161
9049	京福電	169	170	169	170	3
9050	三重交	0	0	0	0	0
9051	センコン物流	0	0	0	0	0
9052	山陽電	290	293	290	292	17
9053	中央運輸	0	0	0	0	0
9054	大和物流	0	0	0	0	0
9055	アルプス物流	700	700	700	700	9
9056	ヒューテック	0	0	0	0	0
9057	遠州トラック	860	860	830	830	9
9058	トランコム	545	545	530	540	30
9059	カンダ	275	275	275	275	1
9060	日ロジテム	290	290	290	290	5
9061	富士物流	0	0	0	0	0
9062	日通	630	631	600	600	4577
9063	岡県運送	0	0	0	0	0
9064	ヤマト運	2540	2550	2490	2515	570
9065	山九	90	91	90	91	196
9066	日新	162	167	160	166	44
9067	丸運	225	235	225	234	6
9068	丸全運	178	178	176	176	31
9069	センコー	202	203	201	203	13
9070	トナミ	199	199	195	195	28
9072	日梱包	635	665	635	663	141
9073	京極運	390	390	390	390	3
9074	日石輸	200	203	193	200	106
9075	福山運	652	659	651	652	95
9076	西濃運	505	509	491	492	484
9077	名鉄運	0	0	0	0	0
9078	エスライン	270	270	270	270	1
9079	東急ロジ	0	0	0	0	0
9080	関東西濃	0	0	0	0	0
9081	神奈交	459	459	457	457	5
9082	大和自	220	220	210	210	10
9083	神姫バ	0	0	0	0	0
9086	日立物流	511	515	505	510	113
9087	タカセ	210	210	210	210	1
9088	濃飛西濃	0	0	0	0	0
9089	ロジパル	420	420	390	390	4
9101	郵船	458	464	452	464	2088
9104	商船三井	218	220	218	220	1522
9107	川崎汽	170	172	169	169	663
9110	新和海	63	63	60	60	45
9113	乾汽船	69	69	65	69	32
9114	日之出汽船	41	41	41	41	10
9115	明治海	162	175	162	175	8
9119	飯野海	151	152	149	152	124
9123	太平海	50	52	50	52	23
9127	玉井船	0	0	0	0	0
9130	共栄タ	115	115	114	115	20
9132	第一汽	53	53	51	51	38
9133	東栄リーファ	135	135	135	135	3
9151	東京船舶	0	0	0	0	0
9152	関西汽	54	56	54	56	28
9171	栗林船	260	260	260	260	2
9173	東海汽	360	360	360	360	1
9174	ワンダーＴ	340	360	340	359	148
9176	佐渡汽	0	0	0	0	0
9178	日鉄物流	0	0	0	0	0
9179	川崎近海	180	180	177	177	14
9180	新和内航	0	0	0	0	0
9193	東京汽	330	330	330	330	2
9201	日本航空	341	350	322	325	4874
9202	ＡＮＡ	268	268	255	261	2392
9203	日本エアシス	3800	3800	3800	3800	0.1
9204	スカイマーク	150000	156000	143000	150000	3.457
9231	国際航	585	586	580	581	22
9232	パスコ	610	617	596	615	48
9233	アジア航	326	330	326	330	5
9301	三菱倉	877	898	860	860	252
9302	三井倉	223	225	220	221	292
9303	住友倉	292	292	288	290	47
9304	渋沢倉	245	259	240	259	131
9305	ヤマタネ	119	120	119	119	16
9306	東陽倉	205	210	205	210	4
9307	杉村倉	0	0	0	0	0
9308	イヌイ建	391	391	387	387	2
9309	京神倉庫	261	261	261	261	1
9310	トランシティ	190	194	190	192	27
9311	アサガミ	0	0	0	0	0
9312	ケイヒン	138	139	137	139	20
9313	丸八倉	0	0	0	0	0
9314	品川倉	0	0	0	0	0
9317	オーナミ	125	125	125	125	2
9318	Ｊブリッジ	251	253	250	253	4
9319	中央倉	515	515	515	515	1
9320	三和倉	0	0	0	0	0
9321	アイロジステ	154	154	154	154	1
9322	川西倉	605	605	605	605	3
9323	ロジステック	0	0	0	0	0
9324	安田倉	345	345	343	343	9
9351	洋埠頭	139	141	137	141	33
9353	桜島埠	0	0	0	0	0
9355	リンコー	139	139	139	139	1
9357	名港海	0	0	0	0	0
9358	宇徳運	135	135	129	130	34
9359	伊勢湾	0	0	0	0	0
9360	鈴与シンワ	0	0	0	0	0
9361	伏木運	0	0	0	0	0
9362	兵機海	0	0	0	0	0
9363	大運	56	56	56	56	3
9364	上組	515	515	498	515	534
9365	トレーディア	0	0	0	0	0
9366	サンリツ	710	710	710	710	0.8
9367	大東港運	0	0	0	0	0
9368	キムラユニテ	0	0	0	0	0
9369	キユソ流通	1740	1740	1740	1740	4
9370	郵船航空	2100	2100	2000	2000	4.5
9373	ニッコウトラ	2430	2500	2400	2430	17
9401	ＴＢＳ	3860	4000	3820	4000	515
9402	ＣＢＣ	1150	1150	1140	1140	2.2
9404	日テレ	74000	74900	71800	73900	46.65
9405	朝日放	8600	8900	8600	8900	4.9
9408	新潟放	750	750	750	750	1.2
9431	ＫＤＤ	11300	11600	10800	11600	154.9
9432	ＮＴＴ	1290000	1290000	1250000	1280000	16.588
9433	ＫＤＤＩ	1100000	1130000	1050000	1100000	16.648
9434	ボーダフォン	4870000	4870000	4650000	4730000	0.962
9435	光通信	6600	6620	5100	5100	223.9
9436	沖縄セルラー	600000	600000	580000	580000	0.033
9437	ＮＴＴドコモ	2780000	2800000	2700000	2780000	16.655
9438	ＭＴＩ	1100000	1170000	910000	985000	0.524
9439	ビーアイジー	3350000	3350000	2900000	2900000	0.009
9441	ベルパーク	2490000	2490000	2210000	2310000	0.097
9449	ＧＭＯインター	10700	10800	10000	10200	38
9470	学研	201	201	187	188	498
9471	文渓堂	560	560	560	560	1
9472	エスコム	415	415	390	395	209
9473	アスキー	1500	1500	1410	1440	38
9474	ゼンリン	3350	3350	3280	3280	5.9
9475	昭文社	3970	3970	3800	3800	49
9476	中央経済	0	0	0	0	0
9477	角川ＨＤ	11600	12520	10750	10750	51.7
9478	翔泳社	5320000	5320000	5100000	5200000	0.015
9501	東電	2685	2690	2610	2690	1036.3
9502	中部電	1908	1910	1866	1888	500.7
9503	関西電	1880	1885	1855	1856	623.2
9504	中国電	1543	1579	1543	1565	87.2
9505	北陸電	1341	1370	1341	1360	113.6
9506	東北電	1400	1400	1350	1350	291.5
9507	四国電	1341	1347	1341	1342	68.6
9508	九州電	1400	1419	1400	1419	272.4
9509	北海電	1330	1349	1328	1349	87.7
9511	沖縄電	1951	1951	1950	1951	5.7
9531	東ガス	275	275	264	264	5186
9532	大ガス	278	280	273	274	1881
9533	邦ガス	199	199	195	199	142
9534	北ガス	195	195	195	195	3
9535	広ガス	250	250	250	250	6
9536	西部ガス	158	159	157	159	61
9537	北陸ガ	0	0	0	0	0
9539	葉ガス	0	0	0	0	0
9540	中ガス	0	0	0	0	0
9541	大多喜ガス	341	341	340	340	2
9542	新日ガス	0	0	0	0	0
9600	アイネット	1030	1030	980	980	13
9601	松竹	523	525	521	525	26
9602	東宝	18350	18700	18110	18110	32.3
9603	ＨＩＳ	5250	5500	5200	5310	66.3
9604	際放映	0	0	0	0	0
9605	東映	715	730	710	710	228
9607	葵プロ	1472	1530	1472	1520	19
9608	福山コンサル	270	280	270	270	7
9609	ベンチャーリ	6400	6600	6000	6600	12.4
9610	ウィルソン	3750	3800	3690	3690	6
9611	Ｄワンダー	0	0	0	0	0
9612	ラックランド	2440	2440	2440	2440	0.5
9613	ＮＴＴデータ	950000	955000	891000	893000	11.827
9614	ベルシス24	64000	64000	61400	61400	8.4
9615	東京美装	600	600	596	596	34
9616	共立メンテ	2950	3100	2950	3100	8.5
9618	エームサービス	1131	1131	1131	1131	1
9619	イチネン	0	0	0	0	0
9620	スクウェア	7000	7100	6700	6780	126.2
9621	建設技研	600	609	596	596	8.6
9622	スペース	500	507	489	500	5.1
9623	キヤノンソフ	0	0	0	0	0
9624	長大	505	505	505	505	3
9625	セレスポ	0	0	0	0	0
9626	日本技開	0	0	0	0	0
9627	アインファマ	1650	1650	1650	1650	2
9628	燦ＨＤ	3900	3900	3850	3850	0.8
9629	ＰＣＡ	2625	2700	2600	2690	8
9630	アップ	388	388	387	387	3.5
9631	東急レク	620	620	600	618	5
9632	スバル	350	350	350	350	14
9633	テアトル	174	174	168	169	171
9634	修学社	466	535	466	500	48
9635	武蔵野	0	0	0	0	0
9636	きんえい	325	325	325	325	4
9637	オーエス	0	0	0	0	0
9638	情報技術	800	800	800	800	4
9639	三協フロンテ	321	321	305	305	6
9640	セゾン情報	800	815	800	805	5
9641	サコス	0	0	0	0	0
9642	コマスタ	0	0	0	0	0
9643	中日興	0	0	0	0	0
9644	タナベ経営	455	456	435	445	20.5
9645	ダイヤモンドコン	1456	1456	1456	1456	1
9646	タイトー	103000	103000	99000	99200	0.166
9647	協和コンサル	250	250	250	250	2
9648	ウエスコ	312	312	312	312	0.2
9649	明電エンジニア	570	585	570	585	46.9
9650	テクモ	1385	1399	1381	1395	9.5
9651	日本プロセス	0	0	0	0	0
9652	日本医療	1550	1560	1540	1540	11
9653	ＳＢＩパートナ	1070	1150	1070	1130	15
9654	コーエー	3200	3290	3060	3280	36.8
9656	三井ランド	630	630	570	570	0.2
9657	コムテック	400	420	400	420	3
9658	ビジ太田昭	790	790	790	790	2
9660	ＣＲＣソリュ	1750	1780	1750	1780	2
9661	歌舞伎	3800	3800	3800	3800	1
9662	アイフル	626	626	626	626	1
9663	ナガワ	720	725	720	725	4
9664	御園座	1121	1121	1121	1121	3
9665	吉本興	1331	1335	1320	1335	40
9667	ホリプロ	759	770	759	765	9
9668	相鉄企業	0	0	0	0	0
9669	オークネット	5370	5400	5000	5090	48.5
9671	よみランド	357	357	345	356	22
9672	東競馬	132	134	131	133	148
9673	甲子園土地	73	73	73	73	14
9674	花月園	0	0	0	0	0
9675	常磐興	142	145	142	145	35
9676	松戸公産	449	449	449	449	4
9677	日本ジャンボ	800	800	800	800	3.2
9678	カナモト	781	790	780	790	18
9679	ホウライ	355	370	355	370	4
9680	共成レンテム	565	565	565	565	1
9681	東京ドーム	476	483	470	470	242
9682	ＤＴＳ	6500	6500	6150	6210	17.6
9684	スク・エニ	6100	6120	5700	5700	46.1
9685	共同コンＨＤ	296	296	296	296	1
9686	東洋テック	0	0	0	0	0
9687	ＫＳＫ	650	650	640	640	4
9689	グリンハウス	1650	1650	1650	1650	1.5
9691	両毛システム	2850	2850	2850	2850	1
9692	シーイーシー	1647	1690	1630	1639	45
9694	日立ソフト	11400	11600	10400	10560	219.2
9695	鴨川グランド	0	0	0	0	0
9696	ウィザス	395	395	395	395	2
9697	カプコン	3140	3190	3050	3140	126.4
9698	クレオ	1030	1040	1030	1040	18
9699	西尾レント	651	651	651	651	1.5
9700	エスアールエル	1180	1200	1160	1200	24
9701	会舘	268	268	268	268	1
9702	アイエスビー	0	0	0	0	0
9703	ジェネラスコーポ	92	92	90	92	42
9704	東海観	83	83	80	80	390
9706	日本空港ビル	917	917	880	880	50
9707	メデカＪ	1000	1000	970	970	19
9708	帝ホテル	1600	1600	1600	1600	1
9709	日コンピュタ	738	738	738	738	1
9710	第一ホテ	7	7	6	7	2243
9711	日コンシス	380	380	380	380	1
9712	ファイ	720	730	700	727	72
9713	ロイヤルホ	200	200	200	200	20
9714	ＳＲＡ	2030	2030	2000	2000	4
9715	トランスコス	17100	17190	15600	15700	358.4
9716	乃村工芸社	405	405	405	405	3
9717	ジャステック	2850	3000	2850	3000	12.4
9718	国際観光会館	0	0	0	0	0
9719	住商情報	5960	5960	5800	5840	30
9720	グランド	510	510	510	510	1
9722	藤田観	570	570	560	570	18
9724	新阪急ホテル	201	205	201	205	2
9725	東急ホテル	170	175	170	175	31
9726	近ツーリスト	301	309	300	309	26
9727	東急観光	122	122	122	122	4
9728	日本管財	1800	1850	1800	1850	10
9729	トーカイ	0	0	0	0	0
9730	ワオコーポ	0	0	0	0	0
9731	白洋舎	307	310	307	307	20
9732	東映ラボ	210	210	210	210	5
9733	ナガセ	1800	1800	1800	1800	1
9734	精養軒	745	745	730	730	0.8
9735	セコム	7600	7600	7200	7300	531
9736	白青舎	0	0	0	0	0
9737	ＣＳＫ	3510	3510	3310	3310	214.2
9738	インテック	2510	2510	2420	2420	130
9739	ＮＳＷ	7050	7050	6800	6820	6.8
9740	ＣＳＰ	0	0	0	0	0
9741	日立情報	4200	4260	4000	4140	95
9742	アイネス	1635	1635	1575	1575	103
9743	丹青社	730	730	720	722	15
9744	メイテック	4040	4080	3950	3960	235.6
9746	ＴＫＣ	2420	2420	2320	2335	12.4
9747	アサツーＤＫ	3620	3630	3500	3510	145.2
9748	ＮＪＫ	706	725	705	710	9
9749	富士ソフト	5100	5290	5050	5280	220.7
9750	ソラン	1950	2000	1870	1870	59
9751	ＴＩＳ	6090	6100	5810	5810	154
9752	ナムコ	2630	2740	2630	2720	687.6
9753	ＩＸナレッジ	675	675	670	670	4
9755	応用地質	1251	1260	1230	1230	17.6
9756	ＡＳＫ	640	660	640	650	7
9757	船井研	787	790	785	790	13
9758	ジシステム	600	620	590	590	20
9759	日システムデ	9430	9930	9200	9930	41.3
9760	進学会	0	0	0	0	0
9761	東海リース	176	176	170	170	15
9762	大和リース	303	303	290	290	185
9763	丸紅リ	130	130	129	129	7
9764	技研興	210	215	210	215	30
9765	オオバ	159	159	159	159	2
9766	コナミ	5900	5930	5570	5700	254.3
9767	日建工学	240	240	240	240	9
9768	国土環境	0	0	0	0	0
9769	学究社	390	390	380	380	2
9776	札臨	408	408	408	408	1
9777	日電計算	2180	2295	2170	2190	15.9
9778	昴	729	729	729	729	1
9779	メフォス	0	0	0	0	0
9780	ビステム	0	0	0	0	0
9781	石川島汎サ	425	425	425	425	1
9782	ＤＭＳ	770	770	770	770	1
9783	ベネッセ	7350	7400	7160	7170	180.1
9784	日工検	0	0	0	0	0
9785	大新東	276	276	275	275	3
9786	キャッツ	1552	1552	1522	1552	7
9787	Ｊメンテ	962	969	950	969	3.4
9788	ナック	940	940	925	928	9.4
9789	栄光	395	396	395	395	5
9790	福井コン	720	725	710	725	6.5
9791	ビケンテクノ	750	750	716	716	4
9792	ニチイ学館	6470	6630	6340	6470	79.7
9793	ダイセキ	2090	2100	2030	2045	14.8
9794	カラカミ観光	720	730	720	730	4
9795	ステップ	740	755	740	740	5
9796	ダイテック	1530	1530	1470	1470	0.5
9797	大日本コン	257	257	255	255	2
9798	シダックス	2250	2250	2210	2230	2.7
9799	旭情報	1290	1320	1290	1320	5
9810	日鉄商	108	108	108	108	1
9811	アスティス	470	470	470	470	1
9812	テーオー	0	0	0	0	0
9813	トッキ	1950	1950	1860	1860	5
9814	アシックス商	606	606	606	606	1
9815	カテナ	707	707	690	690	67
9816	バーテックス	472	480	465	465	20
9817	ゴトー	0	0	0	0	0
9818	大丸エナ	0	0	0	0	0
9820	エムティＧ	181	181	170	170	3
9821	日アムウ	0	0	0	0	0
9822	なが多	250	265	250	250	620
9823	マミーマート	0	0	0	0	0
9824	泉州電	0	0	0	0	0
9825	アズウェル	400	400	390	390	8.2
9826	ＪＥＵＧＩＡ	180	180	180	180	1
9827	リリカラ	168	173	167	170	33
9828	元気寿司	0	0	0	0	0
9829	ながの東急	0	0	0	0	0
9830	トラスコ中山	1500	1540	1500	1540	9.1
9831	ヤマダ電	8670	8700	8510	8600	162
9832	オートバクス	3210	3300	3120	3130	50.6
9833	エルクコーポ	0	0	0	0	0
9834	リオチェン	0	0	0	0	0
9835	ジュンテン	610	610	610	610	1
9836	リーバイス	556	556	550	551	8
9837	モリト	500	500	500	500	11
9838	トラベラー	900	900	900	900	3
9839	ゲッツブラザーズ	530	530	529	529	24
9840	ホーマック	2815	2860	2805	2860	10.8
9841	ＢＭＢ	320	322	300	300	81
9842	アークランド	1430	1430	1300	1420	15
9844	ユーエスシー	1430	1480	1420	1430	35
9845	パーカー	250	250	245	245	15
9846	天満屋ス	0	0	0	0	0
9847	ソリスト	370	370	370	370	1
9848	トヨタカローラ岐阜	0	0	0	0	0
9849	河内屋紙	540	540	540	540	2
9850	グルメ杵屋	720	720	720	720	3
9852	中央物産	292	292	292	292	1
9853	銀座ルノア	0	0	0	0	0
9854	愛眼	930	950	926	926	7.3
9855	くろがねや	419	420	411	411	10
9856	ケーユー	703	739	703	739	5.9
9857	英和	365	365	365	365	1.5
9858	明光商会	1750	1780	1710	1710	2.5
9859	ユーストア	860	860	830	830	11
9860	岐阜日野	0	0	0	0	0
9861	吉野家ディー	2160000	2230000	2150000	2200000	0.099
9862	メモレックス・テレ	282	282	281	281	5
9863	靴のマルトミ	125	125	121	121	0.9
9864	ナカイ	0	0	0	0	0
9865	日商エレク	2625	2660	2550	2550	46
9867	ソレキア	625	630	620	620	53
9868	トリイ	0	0	0	0	0
9869	加藤産	580	580	580	580	10
9870	ハナテン	1870	1870	1870	1870	0.1
9871	イトーキ	0	0	0	0	0
9872	北恵	0	0	0	0	0
9873	ケンタッキー	1125	1125	1125	1125	5
9875	マツモトキヨ	9910	9970	9710	9800	33.5
9876	コックス	490	490	490	490	3
9877	マルフル	0	0	0	0	0
9878	セキド	600	600	600	600	2
9879	フタタ	165	165	165	165	1
9880	イノテック	5000	5200	5000	5200	45.6
9882	イエロハット	1000	1009	997	997	11.4
9883	富士エレ	2000	2050	1980	1980	20
9884	都築電産	721	740	721	740	4
9885	シャルレ	650	650	650	650	2
9887	松屋フーズ	2850	3080	2850	3050	19
9888	ＵＥＸ	240	240	240	240	1
9889	ＪＢＣＣ	3790	3810	3610	3610	48
9890	マキヤ	0	0	0	0	0
9892	卑弥呼	1320	1350	1320	1330	22
9893	ホームワイド	400	400	400	400	26
9894	アトル	670	670	670	670	3
9895	コンセック	220	230	220	230	7
9896	Ｊ建材	0	0	0	0	0
9897	ユニダックス	730	730	690	690	11
9898	サハダイヤ	300	302	298	298	125
9899	サンデサン	660	660	650	650	2
9900	サガミ	813	815	813	813	18
9901	宮	0	0	0	0	0
9902	日伝	1250	1300	1250	1300	2
9903	カンセキ	0	0	0	0	0
9904	ベリテ	214	214	214	214	3
9905	コージツ	0	0	0	0	0
9906	藤井産業	450	450	450	450	2
9907	大電社	525	525	525	525	1
9908	日本電計	600	600	590	590	4
9909	愛光電気	200	200	200	200	1
9911	真電	380	380	380	380	1
9912	ダイワボ情	1751	1751	1670	1670	25.5
9913	日邦産業	333	359	333	359	17
9914	植松商会	287	287	287	287	1
9915	アサヒビールＳ	470	470	470	470	1
9916	バイタルＮ	600	610	600	610	4.8
9917	マツモト電器	400	400	400	400	1
9918	ダイワラクダ	0	0	0	0	0
9919	関西スーパ	0	0	0	0	0
9920	シービーエム	1600	1600	1580	1580	8.1
9921	ギガス	591	597	591	597	6
9922	日立機材	0	0	0	0	0
9923	ダイトーエム	345	345	345	345	1
9924	ドミー	0	0	0	0	0
9925	北の家族	1030	1050	1030	1030	7
9926	ダイカ	363	363	355	355	9
9927	ワットマン	301	301	300	300	5
9928	ミロク情報	920	930	920	921	58.5
9929	平和紙業	454	454	454	454	2
9930	北沢産	231	231	230	230	8
9931	家族亭	0	0	0	0	0
9932	杉本商	0	0	0	0	0
9934	因幡電産	1178	1180	1155	1155	4.2
9935	あずみ	267	267	267	267	1
9936	王将フード	1237	1237	1215	1215	7
9937	セシール	2090	2090	2040	2045	14.4
9938	住金物産	83	83	81	81	31
9939	すみや	0	0	0	0	0
9941	太洋物産	210	210	200	200	3
9943	ココス	620	620	620	620	10
9944	インパクト	1635	1670	1635	1670	2.6
9945	プレナス	4690	4950	4690	4940	6
9946	ミニストップ	2400	2400	2360	2365	28.1
9947	シムリー	1150	1250	1150	1200	16.3
9948	アークス	1300	1340	1260	1260	10
9949	タイヨー	0	0	0	0	0
9950	ハチバン	0	0	0	0	0
9951	カーマ	521	543	520	543	9.8
9952	ドトール	7970	7970	7800	7900	11.2
9953	ダイキ	1290	1290	1267	1285	8.5
9954	東京小僧寿し	540	540	540	540	3
9955	ヨンキュウ	2450	2460	2440	2440	4.8
9956	バロー	1251	1251	1251	1251	1
9957	バイテック	1440	1500	1420	1500	19
9958	サリ	250	250	250	250	11
9959	アシード	820	820	820	820	1
9960	東テク	0	0	0	0	0
9961	エムオーテック	135	135	135	135	1
9962	駿河製機	9720	9760	9590	9660	59.4
9963	江守商事	440	450	440	450	6
9964	アイ・テック	0	0	0	0	0
9965	福原	490	490	490	490	3
9966	藤久	2010	2050	2000	2000	3.5
9967	堺商事	0	0	0	0	0
9968	イチヤ	0	0	0	0	0
9969	ショクブン	800	815	800	815	4
9970	東洋オフィス	0	0	0	0	0
9971	カウボーイ	510	510	495	500	14
9972	アルテック	1300	1470	1300	1470	69.3
9973	小僧本部	0	0	0	0	0
9974	ベルク	909	909	909	909	1
9975	マルヤ	3180	3180	3180	3180	1.8
9976	セキチュー	0	0	0	0	0
9977	アオキスーパ	0	0	0	0	0
9978	文教堂	1350	1350	1350	1350	3
9979	大庄	1100	1120	1083	1120	31
9980	マルコ	835	835	833	833	0.4
9981	ニック産業	0	0	0	0	0
9982	タキヒヨー	0	0	0	0	0
9983	ファストリ	47200	47200	45550	45950	32.1
9984	ソフトバンク	19020	19130	16020	16500	1677.5
9985	榮太郎	745	745	725	725	6
9986	蔵王産業	0	0	0	0	0
9987	スズケン	3860	3900	3790	3860	79.4
9988	神港魚類	0	0	0	0	0
9989	サンドラッグ	9000	9000	8960	8970	6.5
9990	東京デリカ	430	430	430	430	2
9991	ジェコス	341	341	333	340	5.5
9992	理研グリン	256	256	256	256	1
9993	ヤマザワ	0	0	0	0	0
9994	やまや	652	652	650	651	4.7
9995	イーストン	775	860	770	850	85
9996	サトー商会	0	0	0	0	0
9997	ベルーナ	2520	2600	2485	2510	96
