20000802
1001	日経２２５	16119	16212	16055	16206	52.665
1002	ＴＯＰＩＸ	1481	1484	1478	1483	52.665
1301	極洋	143	145	143	145	56
1319	日経300F	290	293	289	293	33
1331	ニチロ	165	165	164	164	361
1332	日水	182	184	182	183	603
1333	マルハ	138	141	137	141	317
1351	宝幸水産	80	80	77	77	82
1352	ホウスイ	93	93	91	91	18
1376	カネコ種	824	825	824	825	2
1377	サカタタネ	2100	2110	2065	2080	35.4
1378	雪国まいたけ	680	680	680	680	2
1379	ホクト	3600	3610	3540	3550	10.8
1380	秋川牧園	0	0	0	0	0
1491	中外鉱	191	219	191	218	3807
1501	三井鉱山	97	98	96	97	146
1503	住友炭	79	80	77	77	90
1515	日鉄鉱	240	241	237	239	40
1518	三井松島	161	163	161	163	137
1601	帝石	353	358	349	357	349
1603	アラビア石油	346	360	336	360	56.7
1661	ガス開	434	438	426	435	35
1701	昭和鉱	258	260	250	260	38
1702	共立マテリア	0	0	0	0	0
1735	伊田テクノス	400	400	400	400	2
1736	オーテック	335	335	320	320	16
1737	三井エンジ	370	370	370	370	3
1738	ＮＩＴＴＯＨ	0	0	0	0	0
1739	ＳＥＥＤ	370000	370000	368000	370000	0.003
1740	極東工業	0	0	0	0	0
1741	ミサワサンイ	0	0	0	0	0
1742	セコムテクノ	2890	2890	2880	2880	13
1743	コーアツ工業	500	500	500	500	2
1744	キョーエイ	0	0	0	0	0
1745	ミサワホーム東海	0	0	0	0	0
1746	光和建設	0	0	0	0	0
1748	ミサワ北日	0	0	0	0	0
1750	カナック	455	455	455	455	2
1751	日立プラサ	420	420	420	420	2
1752	富士通シス	1186	1190	1180	1190	20
1753	土屋ツバイ	0	0	0	0	0
1754	東新住建	805	805	805	805	2
1755	JFE工建	0	0	0	0	0
1756	和興エンジ	0	0	0	0	0
1757	千年の杜	0	0	0	0	0
1758	太洋基礎	500	520	500	510	11
1759	ジオトップ	260	260	260	260	3
1762	高松建設	0	0	0	0	0
1763	北陸ミサワ	0	0	0	0	0
1764	工藤建設	276	276	276	276	1
1765	イビデンテック	0	0	0	0	0
1766	東建コーポ	1290	1300	1290	1300	6
1767	沖ウィン	0	0	0	0	0
1768	ソネック	0	0	0	0	0
1770	藤田エンジ	760	760	760	760	1
1772	東北エンタープライズ	220	225	220	225	4
1774	機動建	211	211	211	211	2
1775	富士電Ｅ＆Ｃ	223	230	223	230	4
1776	三井住建道路	0	0	0	0	0
1777	川崎設備	307	307	307	307	1
1778	古河総設	230	230	229	230	5
1779	松本建工	405	405	400	400	4
1780	ヤマウラ	370	370	362	362	7
1781	国土総合	321	321	319	319	13
1782	常磐開発	220	220	220	220	3
1783	南野建設	0	0	0	0	0
1784	サワコー	425	440	425	440	4.4
1785	ナナボシ	400	400	400	400	1
1786	オリ建	392	394	390	394	5.9
1787	ナカボテック	230	230	228	228	3
1788	三東工業	226	226	226	226	1
1789	山加電業	385	385	380	380	1.3
1790	平和奥田	493	493	493	493	1
1791	三井木材	155	155	151	151	6.5
1792	みらい建設Ｇ	211	211	211	211	1
1793	大本組	0	0	0	0	0
1795	マサル	0	0	0	0	0
1796	トヨタウッド	272	272	270	270	1.6
1797	藤木工務店	0	0	0	0	0
1798	守谷商会	500	500	500	500	2
1799	第一建設	0	0	0	0	0
1800	利塚地下技術	190	190	190	190	1
1801	大成建	155	161	153	161	562
1802	大林組	427	447	425	440	1205
1803	清水建	285	295	283	295	623
1804	佐藤工業	45	48	45	48	1148
1805	飛島建	44	45	43	45	165
1806	ACリアル	42	42	40	42	1677
1807	渡辺組	264	264	264	264	3
1808	長谷工	38	38	37	38	1129
1809	富士工	71	71	69	69	8
1810	松井建	308	310	308	310	5
1811	銭高組	270	270	260	260	12
1812	鹿島	333	342	333	338	2096
1813	不動建	147	148	145	148	41
1814	大末建	70	70	68	70	53
1815	鉄建	107	109	106	109	133
1816	安藤建	223	223	223	223	1
1817	勝村建	144	144	140	140	4
1818	日産建設	95	95	95	95	5
1819	太平工	146	148	145	146	26
1820	西松建	397	400	395	398	512
1821	三井住友建	71	74	68	70	172
1822	大豊建	159	162	158	160	31
1823	住友建設	80	84	78	84	104
1824	前田建	364	382	360	382	178
1825	環境建設	94	97	94	94	92
1826	佐田建	149	149	148	148	4
1827	ナカノフドー建	82	84	81	84	43
1828	田辺工業	0	0	0	0	0
1829	大和建設	0	0	0	0	0
1830	共栄冷機工業	449	449	420	420	6
1831	積水ハ北陸	610	632	610	631	64
1833	奥村組	377	380	370	370	195
1834	小田急建	256	256	252	256	8.5
1835	東鉄工	227	227	220	220	7
1836	大日本土木	148	148	140	142	10
1837	間組	44	44	42	42	375
1838	古久根建設	99	102	99	102	12
1839	真柄建	161	161	157	157	4
1840	土屋ホーム	310	310	310	310	1.6
1841	サンユ	0	0	0	0	0
1842	昭和テクノ	0	0	0	0	0
1844	大盛工業	155	155	152	152	5
1845	森本組	105	108	102	102	7
1846	鈴縫工	0	0	0	0	0
1847	イチケン	109	109	103	103	21
1848	富士ＰＳ	0	0	0	0	0
1850	南海辰村建	80	80	80	80	1
1851	大木建設	183	199	183	199	16
1852	浅沼組	155	159	155	155	7
1853	森組	0	0	0	0	0
1854	新井組	118	128	113	127	77.1
1855	東急建設	68	70	66	70	181
1856	ジェイオー建設	0	0	0	0	0
1857	松村組	110	110	110	110	28
1858	井上工	84	85	80	85	145
1860	戸田建	467	498	467	481	417
1861	熊谷組	37	39	37	38	4317
1862	横河工事	362	362	360	360	1.5
1863	テトラ	218	219	218	218	5
1865	青木あすなろ建	129	129	129	129	2
1866	北野建	240	245	234	235	205
1867	植木組	184	184	183	183	2
1868	三井ホーム	420	429	411	427	21
1869	名工建	0	0	0	0	0
1870	矢作建	377	378	377	378	8
1871	ピーエス三菱	401	401	400	400	0.6
1872	アゼル	318	318	311	314	77
1873	東ハウス	406	406	405	406	5
1874	佐藤秀	0	0	0	0	0
1875	青木マリン	0	0	0	0	0
1877	川田建設	495	495	495	495	1
1878	大東建	1870	1870	1860	1869	132.5
1879	新日本建	226	239	225	239	3
1880	スルガコーポ	1450	1490	1450	1490	3
1881	ＮＩＰＰＯ	487	488	471	473	96
1882	東亜道	202	204	202	203	11
1883	前田道	508	510	506	509	77
1884	日道路	168	169	162	165	51
1885	東亜建	132	135	131	135	111
1886	青木建設	35	36	35	35	743
1888	若築建	129	132	129	130	65
1889	佐伯建	0	0	0	0	0
1890	東洋建	88	88	86	86	59
1892	徳倉建	0	0	0	0	0
1893	五洋建	144	144	141	142	128
1895	大成ロテック	162	164	162	164	40
1896	大林道	286	291	285	291	12
1897	金下建	515	515	510	510	7
1898	世紀東急	86	90	85	85	19
1899	福田組	283	284	283	284	7
1900	白石	280	280	280	280	12
1902	山崎建設	0	0	0	0	0
1904	大成温調	365	365	355	355	3
1905	テノックス	0	0	0	0	0
1906	細田工務	360	360	359	359	4
1907	東北ミサワ	519	519	519	519	1
1908	三平建設	0	0	0	0	0
1909	日本ドライ	305	305	291	291	30.5
1910	フドウ建研	0	0	0	0	0
1911	住友林	825	830	815	830	124
1912	ミサワセラミ	385	385	385	385	4
1913	旭ホームズ	0	0	0	0	0
1914	日基技	488	491	485	491	20.4
1915	東京ミサワホーム	0	0	0	0	0
1916	日成ビルド	160	164	158	163	19
1917	ニッセキハウス	121	126	121	124	219
1919	エスバイエル	263	263	260	263	40
1920	殖産住宅相互	81	88	81	88	333
1921	巴	185	187	178	178	6
1922	大成ユーレック	120	122	110	112	17
1923	ミサワホーム	341	341	338	339	65
1924	パナホーム	659	661	650	650	115
1925	大和ハウス	704	704	696	698	769
1926	ライト	450	455	447	450	36.9
1927	中 部	340	340	320	320	0.2
1928	積ハウス	1007	1010	990	1008	721
1929	日特建	196	198	195	195	37
1930	北陸電工	0	0	0	0	0
1931	日本電通	300	300	300	300	1
1932	コミュチュア	485	486	485	486	7
1933	西シス建	0	0	0	0	0
1934	ユアテック	340	340	329	330	119
1935	ＴＴＫ	259	259	250	259	17
1936	シーキューブ	261	290	261	271	19.8
1937	西部電工	335	335	335	335	1
1938	千歳電	235	240	235	240	2
1939	四電工	362	365	360	360	17
1940	つうけん	0	0	0	0	0
1941	中電工	1457	1457	1435	1449	7
1942	関電工	484	487	481	487	58
1943	大明	995	1010	988	1003	130
1944	きんでん	676	678	665	673	67
1945	東京エネシス	400	402	400	400	5
1946	トーエネク	409	409	404	404	9
1947	日本コムシス	2055	2135	2035	2060	403
1948	弘電社	326	330	326	330	5
1949	住友電設	550	555	550	555	3.4
1950	電設工	345	349	342	349	21
1951	協エクシオ	1144	1175	1144	1170	107
1952	新日空調	384	384	378	378	1.1
1953	国際電設	0	0	0	0	0
1954	日工営	203	203	198	200	162
1955	東電通	426	426	420	420	81
1956	日電設	398	401	394	394	21
1957	保安工	0	0	0	0	0
1958	三和エレック	300	320	299	320	13
1959	九電工	366	374	363	370	123
1960	サンテック	364	368	364	365	7
1961	三機工	555	570	555	570	174
1962	エルゴテック	154	154	154	154	12
1963	日揮	488	501	486	495	1925
1964	中外炉	367	370	365	365	20
1965	テクノ菱和	530	530	530	530	1.7
1966	高田工	0	0	0	0	0
1967	ヤマト	347	347	327	327	37
1968	太平電	266	266	257	258	27
1969	高砂熱	783	783	765	771	35
1970	日立プラ	301	301	291	292	41
1971	ビルト工	77	77	77	77	8
1972	三晃金	104	104	101	102	11
1973	ＮＥＣシス建	2180	2200	2120	2200	95.8
1974	宮地建設工業	540	570	540	567	6
1975	朝日工	290	290	285	286	16
1976	明星工	140	140	140	140	2
1977	ジェイコス	0	0	0	0	0
1978	アタカ	228	230	225	225	52
1979	大気社	1048	1120	1041	1120	25
1980	ダイダン	507	507	490	503	15
1981	協和日成	0	0	0	0	0
1982	日比谷設	485	500	485	500	20
1983	東芝プラ	246	258	246	258	7
1984	三信建	0	0	0	0	0
1985	大和電設	0	0	0	0	0
1986	日商インター	900	900	870	880	19.9
1987	ソルコム	265	265	265	265	1
1988	シボンド建	1350	1362	1343	1362	49.1
1989	北陸電話	0	0	0	0	0
1990	東邦建	250	250	250	250	1
1991	都築通技	950	950	950	950	0.1
1992	神田通機	0	0	0	0	0
1993	ニッタン	192	192	192	192	2
1994	高橋ウォール	0	0	0	0	0
1995	鈴木工務店	0	0	0	0	0
1996	三菱建設	0	0	0	0	0
1997	暁飯島工業	0	0	0	0	0
1998	日本土建	0	0	0	0	0
2001	日本粉	249	253	248	248	284
2002	日清粉	1026	1062	1006	1061	250
2003	日東粉	206	210	205	207	13
2004	昭和産	183	184	182	182	35
2006	東福粉	0	0	0	0	0
2007	富士粉	0	0	0	0	0
2008	増田粉	0	0	0	0	0
2009	鳥越粉	387	388	387	387	8
2051	農産工	182	182	176	177	233
2052	協同飼	119	119	118	119	35
2053	中部飼	0	0	0	0	0
2055	日和産	231	231	231	231	1
2056	日配飼	134	135	131	132	41
2057	雪印種	530	539	530	539	2
2102	台糖	269	270	265	265	23
2107	東洋糖	154	154	145	147	43
2108	甜菜糖	149	149	145	145	45
2109	三井糖	221	221	213	213	28
2111	フジ製糖	199	199	199	199	1
2112	塩水糖	321	321	321	321	3
2113	新光糖	0	0	0	0	0
2114	フジ日本精糖	0	0	0	0	0
2116	日新糖	129	130	129	129	11
2201	森永	232	240	231	231	359
2202	明菓	650	653	645	646	412
2204	中村屋	294	294	281	281	12
2205	駿河屋	89	89	89	89	1
2206	グリコ	586	586	570	570	30
2207	名糖産	1089	1109	1079	1080	8
2208	ブルボン	0	0	0	0	0
2209	井村屋	0	0	0	0	0
2211	不二家	245	245	241	241	50
2212	山パン	925	925	903	907	162
2213	ナガサキヤ	8	8	6	6	155
2215	一パン	305	322	291	310	368
2216	カンロ	290	290	290	290	1
2217	モロゾフ	207	210	205	210	20
2219	タカラブネ	110	110	105	105	22
2220	亀田製菓	530	530	530	530	4
2221	岩塚製菓	1020	1020	1020	1020	1
2222	寿製菓	462	462	450	450	5
2224	コモ	1430	1430	1420	1430	8
2261	明乳	501	505	497	505	262
2262	雪印	477	477	467	470	1839
2264	森永乳	295	296	290	293	217
2266	六甲バタ	343	343	340	343	9
2267	ヤクルト	1230	1236	1210	1220	386
2268	サーティワン	0	0	0	0	0
2281	プリマ	144	146	143	143	74
2282	日ハム	1549	1549	1524	1538	69
2284	伊藤ハ	408	410	398	410	274
2286	林兼	133	138	132	133	24
2287	雪印食品	225	225	224	225	5
2288	丸大食	180	181	179	179	135
2289	相模ハム	0	0	0	0	0
2290	米久	1276	1276	1246	1246	21
2291	福留ハ	0	0	0	0	0
2292	ＳＦＯＯＤＳ	1099	1099	1050	1055	19
2293	滝沢ハム	790	790	790	790	1
2294	柿安本店	1150	1150	1150	1150	1
2501	サッポロＨＤ	385	385	377	378	271
2502	アサヒ	1065	1070	1050	1060	1406
2503	キリン	1260	1260	1235	1240	1241
2531	宝ＨＤ	2240	2280	2230	2265	471
2533	オエノンＨＤ	243	255	243	247	33
2536	メルシャン	294	294	286	292	126
2538	マルキン忠勇	160	160	150	150	34
2540	養命酒	681	681	670	670	6
2541	ニッカ	276	276	275	275	2
2571	中京コカ	988	988	971	971	17
2572	三国コカ	1423	1423	1385	1386	52
2573	北海コカ	0	0	0	0	0
2575	三笠コカ	810	810	805	805	5.5
2576	近畿コカ	1300	1300	1296	1296	2
2577	富士コカ	968	977	968	975	5
2578	四国コカ	1180	1180	1165	1165	1.9
2579	コカウエスト	3180	3200	3100	3150	65.5
2591	カルピス	508	510	507	507	29
2592	ポッカ	450	450	439	441	82
2593	伊藤園	9000	9000	8720	8790	51.8
2594	キーコーヒー	1390	1390	1385	1388	3.2
2595	キリンビバ	2700	2830	2700	2775	80
2596	キューサイ	2400	2430	2380	2400	57.6
2597	ユニカフェ	2200	2310	2200	2290	17.5
2598	アサヒ飲料	929	930	919	921	22.5
2601	ホーネンコーポ	185	185	180	185	94
2602	日清オイリオ	317	321	310	321	241
2604	吉原製油	290	301	290	300	106
2605	熊沢製油	0	0	0	0	0
2607	不二油	878	890	869	879	145
2608	ボーソー	166	166	166	166	1
2611	摂津油	276	276	276	276	1
2612	かどや製油	780	795	775	775	3.2
2650	橘テクトロン	960	960	938	938	9
2651	ローソン	5500	5650	5500	5570	295.6
2652	まんだらけ	521000	540000	521000	534000	0.057
2801	キッコマン	778	778	768	777	170
2802	味の素	1241	1245	1225	1244	606
2804	ブルドック	0	0	0	0	0
2805	エスビー	589	589	589	589	1
2806	ユタカフーズ	890	890	870	870	13
2808	サンビシ	0	0	0	0	0
2809	キユーピー	887	900	886	900	93
2810	ハウス食品	1600	1600	1577	1584	80
2811	カゴメ	1124	1124	1116	1117	43
2812	焼津水化	1551	1600	1551	1580	11.5
2813	和弘食品	119	119	119	119	2
2814	佐藤食品	870	870	870	870	4
2815	アリアケ	7150	7150	7070	7140	15.8
2816	ダイショー	730	730	730	730	1
2817	ギャバン	500	500	500	500	2
2830	アヲハタ	0	0	0	0	0
2831	はごろも	1191	1250	1191	1250	9
2871	ニチレイ	367	370	362	368	1090
2872	セイヒョー	0	0	0	0	0
2873	加ト吉	2740	2740	2720	2730	25.3
2874	ヨコレイ	700	702	700	701	12
2875	東洋水	929	960	918	960	111
2876	ＪＣコムサ	0	0	0	0	0
2877	日東ベスト	0	0	0	0	0
2878	赤城水産	0	0	0	0	0
2879	ニチロサンフズ	480	480	480	480	3
2891	酵母工	497	500	495	500	27
2892	日食品	0	0	0	0	0
2893	ローマイヤ	0	0	0	0	0
2894	石井食	275	275	275	275	1
2897	日清食	2860	2860	2720	2815	359.2
2898	ソントン	0	0	0	0	0
2899	永谷園	895	899	895	895	7
2900	明星食	233	234	231	231	8
2901	石垣食	0	0	0	0	0
2902	太陽化	568	568	568	568	2
2903	シノブフズ	170	170	164	164	4
2904	一正蒲鉾	0	0	0	0	0
2905	オーケー食	135	135	135	135	2
2906	ホッコク	400	400	400	400	1
2907	あじかん	0	0	0	0	0
2908	フジッコ	1750	1750	1735	1750	15
2909	トオカツフズ	293	293	293	293	1
2910	Ｒフィールド	5190	5190	5090	5140	10.7
2911	旭松食品	750	750	750	750	1
2912	鐘崎	0	0	0	0	0
2913	フジフーズ	0	0	0	0	0
2914	ＪＴ	820000	840000	816000	839000	0.586
2915	ケンコーマヨ	496	496	496	496	2
2916	仙波糖化	0	0	0	0	0
2917	大森屋	760	760	760	760	3
2918	わらべ日洋	1190	1190	1090	1090	6
2920	ケイビー	1200	1200	1200	1200	1
2921	フクシマフズ	760	760	760	760	1
2922	なとり	951	952	951	952	3
3001	片倉	529	529	529	529	4
3002	グンゼ	362	367	362	362	129
3003	昭栄	0	0	0	0	0
3004	神栄	171	171	165	165	15
3007	神戸生絲	52	53	50	50	57
3009	川島織	129	132	128	130	38
3010	上毛	780	780	740	777	14
3011	バナーズ	0	0	0	0	0
3101	東洋紡	189	197	189	197	550
3102	カネボウ	280	298	279	298	1899
3103	ユニチカ	75	76	74	76	246
3104	富士紡Ｈ	64	66	64	64	68
3105	日清紡	475	480	475	480	312
3106	クラボウ	160	160	155	159	168
3107	ダイワボウ	109	110	107	107	30
3109	シキボウ	85	85	82	83	49
3110	日東紡	141	145	140	141	736
3111	オーミケン	87	88	86	86	16
3113	ＢＳＬ	71	74	71	74	24
3114	同興紡	117	120	117	120	24
3115	テザック	56	58	56	57	40
3116	トヨタ紡織	845	845	835	845	18
3117	興和紡	325	325	325	325	5
3121	アセットイン	0	0	0	0	0
3123	サイボー	0	0	0	0	0
3125	内外綿	62	62	62	62	3
3128	テラボウ	0	0	0	0	0
3129	ファブリカＴ	0	0	0	0	0
3201	日毛	438	440	437	437	59
3202	大東紡	99	99	96	96	28
3203	東亜紡織	88	91	88	91	3
3205	ダイドー	315	320	310	320	309
3206	南海毛糸紡績	90	90	90	90	2
3207	中央毛	0	0	0	0	0
3209	カネヨウ	0	0	0	0	0
3211	太陽毛絲紡	83	83	83	83	3
3216	御幸ＨＤ	446	451	446	451	7
3302	帝繊維	192	193	192	192	16
3304	トスコ	111	111	103	110	20
3306	日本麻	63	63	62	62	7
3401	帝人	436	442	434	440	871
3402	東レ	387	389	382	385	2651
3403	東邦テナ	113	113	110	112	35
3404	三菱レ	282	290	282	289	393
3405	クラレ	1010	1032	1001	1032	243
3407	旭化成	695	699	690	699	1693
3408	サカイオーベ	98	99	96	96	39
3409	北日紡	0	0	0	0	0
3411	オートリ	170	173	169	172	14
3420	ケーエフシー	0	0	0	0	0
3421	稲葉製作	1220	1250	1220	1250	3.6
3422	丸順	0	0	0	0	0
3423	エスイー	500	500	500	500	3
3424	ミヤコ	470	470	455	460	12
3425	本郷	690	700	690	700	3
3501	住江織	120	121	111	111	34
3503	東和織	0	0	0	0	0
3512	フエルト	308	310	308	310	12
3513	イチカワ	235	236	235	236	9
3514	バイリーン	259	266	250	251	34
3515	フジコー	0	0	0	0	0
3521	エコナック	95	95	92	92	21
3524	日東網	95	96	94	96	6
3526	芦森工	219	219	215	215	19
3528	グローベルス	141	143	139	139	81
3529	アツギ	106	108	106	106	86
3532	堀田産	65	65	63	65	8
3533	ダイオ化成	690	690	689	689	6
3534	ＮＢＣ	989	990	980	980	5
3551	ダイニック	174	175	172	172	37
3552	洋クロス	0	0	0	0	0
3553	共和レ	475	475	475	475	1
3569	セーレン	394	395	386	386	54
3570	オリカキャピ	150	151	150	150	17
3571	ソトー	529	529	529	529	2
3572	大同マルタ	60	60	60	60	1
3576	カンボウ	0	0	0	0	0
3577	東海染	138	138	132	137	18
3578	倉庫精	124	124	124	124	1
3580	小松精	0	0	0	0	0
3581	岐セン	0	0	0	0	0
3583	オーベクス	135	135	135	135	1
3584	福助	167	169	165	167	8
3585	トムスエンタ	290	303	290	296	110
3587	ＩＢダイワ	225	238	180	195	1910
3588	丸山工	0	0	0	0	0
3591	ワコール	972	976	962	964	145
3592	ＣＨＯＹＡ	211	211	200	200	15
3593	ホギメデ	7000	7200	7000	7170	25.5
3594	モリシタ	0	0	0	0	0
3595	ヤギコーポ	350	350	350	350	1
3596	ワールド	3300	3500	3300	3330	59.8
3597	自重堂	0	0	0	0	0
3598	山喜	0	0	0	0	0
3599	コーコス	450	450	450	450	2
3600	フジックス	0	0	0	0	0
3601	ニチメンイン	1568	1569	1511	1513	5.3
3602	イタリヤード	205	205	205	205	3
3603	チャッコット	590	590	580	580	21
3706	東海パ	415	438	415	438	11
3861	王子紙	738	758	736	755	847
3863	日本製紙	763	780	760	779	1639
3864	三菱紙	259	259	253	253	219
3865	北越紙	865	897	865	877	532
3868	高崎三興	108	108	103	108	84
3869	日本板紙	234	245	234	241	10
3870	日本加工製紙	77	81	76	80	66
3871	大昭和紙	428	434	428	431	6
3872	三島紙	173	178	173	178	9
3877	中越パ	280	289	280	282	156
3878	巴川紙	511	521	510	511	18
3880	大王紙	1029	1053	1019	1050	48
3881	特種紙	437	437	433	435	17
3882	紀州紙	200	200	192	192	11
3886	チューエツ	105	105	105	105	1
3887	中央板紙	111	111	110	110	8
3889	大平製紙	0	0	0	0	0
3890	ゼネＫＫ	581	581	581	581	8
3891	高度紙	1620	1650	1550	1560	5
3941	レンゴー	555	566	551	552	375
3944	古林紙	132	132	132	132	1
3945	スパバッグ	0	0	0	0	0
3946	トーモク	222	222	213	219	41
3947	ダイナパック	460	460	460	460	2
3948	光ビジネス	621	621	621	621	1
3949	日本ハイパック	266	266	266	266	19
3950	ザ・パック	0	0	0	0	0
3951	朝日印刷	0	0	0	0	0
3952	中央紙器	320	325	320	325	5
3953	大村紙業	0	0	0	0	0
3954	昭和パックス	470	499	450	499	5
3955	イムラ封筒	798	800	798	800	11
3971	東セロ	327	327	317	317	2
4003	コープケミ	98	98	90	93	16
4004	昭電工	159	160	153	159	1018
4005	住友化学	538	549	528	530	2517
4007	日化成	163	163	160	160	10
4008	住友精化	281	282	274	279	18
4010	三菱化学	400	414	399	403	2934
4021	日産化	682	706	677	703	270
4022	ラサ工	295	295	288	289	59
4023	呉羽化	290	299	287	288	27
4025	多木化	350	365	350	365	5
4026	神島化	0	0	0	0	0
4027	テイカ	278	278	270	270	29
4028	石原産	166	166	160	164	860
4031	チッカリン	390	390	380	380	5
4032	日東バイオン	190	190	180	180	3
4033	日東エフシー	0	0	0	0	0
4041	日曹達	334	339	330	338	160
4042	東ソー	423	432	417	421	1205
4043	トクヤマ	630	675	630	657	1120
4044	セ硝子	504	505	500	504	116
4045	東合成	242	242	235	240	355
4046	ダイソー	236	236	231	231	21
4047	関電化	484	494	474	474	61
4050	鶴見曹達	454	455	454	454	4
4061	電化	373	385	372	383	597
4062	イビデン	2000	2010	1990	2000	207
4063	信越化	5440	5570	5370	5500	853
4064	カーバイド	129	129	125	125	62
4065	紀文フ	425	425	415	415	4
4077	富士チタン工業	500	500	500	500	5
4078	堺化学	700	702	695	702	121
4079	ハクスイテック	1600	1700	1600	1700	4.5
4080	田中化研	2070	2070	2000	2000	21
4086	日本エア・リキード	451	452	445	451	153
4088	エアウォータ	356	365	353	354	122
4089	大阪酸素工業	222	228	218	226	17
4091	大陽日酸	366	366	359	360	324
4092	日本化	380	394	376	392	261
4093	アセチレン	90	90	90	90	1
4094	日化産	301	301	300	300	7
4095	パーカライ	355	359	355	357	24
4096	昭炭酸	295	295	286	286	7
4097	高圧ガス	323	323	313	318	15
4098	チタン	190	190	185	185	7
4099	四国化	360	360	355	355	16
4100	戸田工	572	593	572	581	54
4101	日興酸素	0	0	0	0	0
4102	丸尾カル	0	0	0	0	0
4103	大陽東洋酸素	208	208	205	207	55
4104	タテホ	225	230	225	230	14
4105	メルテックス	865	865	864	864	4
4106	ケムキャット	0	0	0	0	0
4107	伊勢化	399	400	397	397	6
4109	ステラケミ	6800	6800	6750	6750	1.6
4112	保土谷	179	182	179	182	10
4113	田岡化	374	379	374	379	2
4114	日触媒	580	584	566	566	174
4115	本州化	750	790	750	790	6
4116	大日精	391	391	391	391	1
4117	川崎化	148	148	142	142	8
4118	カネカ	1045	1050	1040	1050	384
4119	ピグメント	336	339	329	333	13
4120	スガイ	300	300	300	300	1
4123	山化成	921	921	910	910	4
4151	協発酵	890	910	890	908	619
4182	菱ガス化	310	313	305	305	127
4183	三井化学	640	659	637	645	1584
4185	ＪＳＲ	810	810	804	810	94
4186	東応化	2160	2210	2150	2210	75.2
4187	大有機	590	590	590	590	1
4201	日合成	149	149	145	146	105
4202	ダイセル	285	288	282	285	463
4203	住友ベ	1333	1350	1318	1340	370
4204	積水化	399	400	380	385	3556
4205	ゼオン	620	624	608	610	218
4206	アイカ	790	810	790	793	116
4208	宇部興	259	264	253	256	2416
4209	フドー	106	107	106	107	4
4210	東洋化学	435	440	432	440	62
4212	積水樹	377	379	377	379	6
4213	菱樹脂	209	210	207	207	75
4214	高分子	370	370	365	368	33
4215	タキロン	435	435	422	424	22
4216	旭有機	320	329	320	327	41
4217	日立化	2405	2405	2300	2325	311.5
4218	ニチバン	385	385	385	385	5
4219	プラス・テク	112	112	112	112	2
4220	リケンテクノ	334	334	326	326	25
4221	大倉工	383	384	383	384	4
4222	児玉化	77	79	77	79	12
4224	ロンシール	78	78	78	78	13
4225	筒中	342	344	335	336	21
4226	テスコ	0	0	0	0	0
4227	郡是高分子	0	0	0	0	0
4228	積化成	205	205	199	200	59
4229	群栄化	175	175	169	169	35
4231	タイガポリ	0	0	0	0	0
4232	東芝ケミカル	330	333	330	333	6
4233	ワコー	470	470	455	455	2
4234	サンエー化研	790	790	790	790	1
4271	カーリット	769	769	743	769	8
4272	日化薬	561	582	559	579	437
4274	細火工	214	214	214	214	1
4361	川口化	155	155	150	155	8
4362	日精化	415	415	410	410	2
4363	新日鐵化学	197	200	195	198	54
4364	マナック	0	0	0	0	0
4365	松本油脂	2030	2030	2030	2030	1
4366	ダイトーケミ	0	0	0	0	0
4367	広栄化学	305	305	300	300	3
4401	旭電化	766	766	762	764	40
4403	日油脂	245	252	241	250	2051
4404	ミヨシ	255	255	247	249	39
4406	日理化	598	610	581	610	22
4409	東邦化	0	0	0	0	0
4410	ハリマ化成	421	430	419	419	12
4452	花王	3290	3310	3170	3170	1295
4461	一工薬	346	346	340	340	40
4462	石原薬品	0	0	0	0	0
4463	日華化学	445	445	440	440	3
4471	三洋化	979	979	960	960	42
4501	三共	2565	2565	2525	2555	575
4502	武田	6780	6800	6680	6750	2844
4503	アステラス薬	5190	5190	5070	5100	961
4505	第一製薬	2500	2540	2495	2505	312
4506	大日薬	1301	1379	1301	1362	728
4507	塩野義	1779	1829	1775	1828	462
4508	田辺薬	830	830	815	822	177
4509	三菱ウェルファーマ	1249	1268	1240	1261	444
4511	藤沢薬品	3770	3810	3710	3710	368
4512	わかもと	457	465	457	462	12
4514	帝臓器	735	750	735	747	29
4515	萬有製薬	2500	2515	2490	2515	196
4516	日新薬	984	984	960	960	18
4517	ビオフェル	0	0	0	0	0
4518	富山化	530	551	515	529	1281
4519	中外薬	1930	1941	1921	1921	676
4520	和光堂	3300	3300	3280	3280	0.2
4521	科研薬	740	748	726	748	244
4523	エーザイ	2890	2910	2835	2910	197
4524	仁丹	1526	1600	1525	1600	17
4526	理ビタ	1564	1564	1510	1550	10
4527	ロート	1179	1191	1169	1170	49
4528	小野薬	4470	4470	4320	4350	87
4529	日研化	395	395	390	391	21
4530	久光薬	1510	1559	1505	1522	114
4531	有機薬	0	0	0	0	0
4534	持田薬	705	709	705	705	61
4535	大正薬	3810	3810	3680	3720	154
4536	参天薬	2400	2400	2330	2355	101
4537	エスエス	990	1013	990	1000	55
4538	扶桑薬	636	636	625	630	41
4539	ケミファ	270	275	270	270	48
4540	ツムラ	399	399	389	390	22
4541	日医工	183	183	183	183	6
4542	三笠薬	426	427	426	427	6
4543	テルモ	3410	3490	3370	3400	189.2
4544	みらかＨＤ	620	641	620	640	36
4545	国際試薬	370	370	363	363	13
4546	北陸製薬	1150	1150	1110	1125	76
4547	キッセイ	2140	2140	2060	2090	94
4548	生化学	1180	1180	1170	1170	3
4549	栄研化	1600	1600	1530	1550	30
4550	日水薬	648	648	643	643	2
4551	鳥居薬	2760	2780	2750	2780	11.7
4552	日本ケミカル	878	878	826	826	10
4553	東和薬品	890	890	870	870	19
4554	富士製薬	380	380	380	380	2
4555	沢井製薬	1450	1450	1430	1450	10.5
4556	カイノス	1200	1200	1080	1150	18
4557	医学生物	4500	4500	4450	4500	18
4558	中京医薬	1010	1010	1010	1010	0.5
4559	ゼリア新薬	1205	1235	1202	1203	6
4560	キョーリン薬	4050	4250	4050	4140	96
4561	デンカ生研	2200	2200	2200	2200	1
4611	大日塗	180	180	173	176	54
4612	日本ペ	302	306	295	302	309
4613	関西ペ	295	299	294	294	101
4614	トウペ	165	165	157	157	4
4615	神東塗	135	135	135	135	1
4616	川上塗	0	0	0	0	0
4617	中国塗	229	230	226	226	17
4619	日特塗	269	269	259	259	4
4620	藤倉化	411	429	411	425	13
4621	ロック	0	0	0	0	0
4622	ユニペイン	0	0	0	0	0
4623	アサヒペン	300	300	295	295	5
4624	イサム	415	415	415	415	1
4625	アトミクス	0	0	0	0	0
4626	太陽インキ	5610	5650	5590	5600	9.6
4627	ナトコ	800	805	800	800	5
4628	エスケー化研	0	0	0	0	0
4629	大伸化学	450	450	450	450	1
4631	インキ	415	418	405	414	1030
4633	サカタＩＮＸ	297	297	290	290	6
4634	洋インキ	211	213	208	211	58
4635	東インキ	0	0	0	0	0
4636	Ｔ＆Ｋ	2830	2830	2830	2830	2.2
4640	アンドール	390	399	390	399	2
4641	アルプス技	1790	1790	1790	1790	1
4642	オリジナル設	1001	1020	1001	1020	2.5
4643	コナミスポ	8500	8510	8480	8480	4.7
4644	イマジニア	1620	1680	1620	1650	8.6
4645	市進	0	0	0	0	0
4646	ジャスフォート	0	0	0	0	0
4649	大成	549	549	530	530	4.5
4650	スガイエンタ	0	0	0	0	0
4651	サニックス	6800	7000	6730	6960	14.2
4652	ウッドランド	2630	2630	2550	2550	9.1
4653	ダイオーズ	0	0	0	0	0
4654	ニチゾウテク	0	0	0	0	0
4655	ＮＯＶＡ	600	625	570	610	33
4656	サン・ライフ	0	0	0	0	0
4657	環境管理	0	0	0	0	0
4658	日本空調	612	612	612	612	528
4659	エイジス	1100	1100	1100	1100	2
4660	ニッポン放送	5250	5250	4900	4980	41
4661	ＯＬＣ	9700	9850	9610	9750	90.8
4662	フォーカス	4000	4100	3880	4100	13.3
4663	ＡＴＬ	560000	560000	540000	540000	0.009
4664	ＲＳＣ	0	0	0	0	0
4666	パーク２４	12700	12700	12550	12600	12.2
4667	アイサンテク	310	310	305	305	2
4668	明光ネット	379	380	372	380	9
4669	ニッパンＲ	0	0	0	0	0
4670	セタ	0	0	0	0	0
4671	ファルコバ	2155	2200	2035	2070	14
4672	ベルックス	1100	1100	1100	1100	3
4673	川崎地質	0	0	0	0	0
4674	クレスコ	7110	7300	7110	7210	3.3
4675	エヌエス環境	0	0	0	0	0
4676	フジテレビ	1510000	1540000	1480000	1500000	2.392
4677	デザイ	0	0	0	0	0
4678	秀英	1350	1350	1350	1350	0.1
4679	田谷	2805	2830	2750	2830	1.7
4680	ラウンドワン	423000	429000	410000	412000	0.194
4681	リゾートトラ	2560	2560	2500	2550	14.2
4682	電通テック	10800	11700	10800	11000	2.1
4683	堀内カラー	0	0	0	0	0
4684	オービック	43650	44050	43300	43400	2.6
4685	菱友システム	650	650	650	650	1
4686	ジャスト	3850	4140	3850	4120	20.9
4687	ＴＤＣソフト	3350	3380	3300	3300	12.5
4688	日本ドレーク	11000	11400	10500	10900	3.3
4689	ヤフー	28200000	28200000	27800000	28050000	0.129
4690	日パレット	0	0	0	0	0
4692	アルゴ２１	3300	3300	3200	3200	6.1
4694	ＢＭＬ	4200	4200	4200	4200	1
4695	マイスター	0	0	0	0	0
4696	ワタベ	1072	1072	1060	1072	5
4697	ゼロ	320000	330000	310000	311000	0.017
4699	ウチダエスコ	0	0	0	0	0
4700	アクセス	6010000	6010000	5700000	5900000	0.026
4701	プレック研	0	0	0	0	0
4702	55ステーション	0	0	0	0	0
4703	住商オート	835	835	825	830	21.6
4704	トレンド	13900	14600	13700	14500	129.5
4705	クリップ	246	246	246	246	1
4706	富士通サポート	10360	10700	9900	10280	196.8
4707	キタック	0	0	0	0	0
4708	もしもしＨＬ	9550	9600	9300	9420	4.1
4709	ＩＤ	1160	1160	1120	1120	2
4710	ウィン	0	0	0	0	0
4711	コミュニティ	1169	1170	1169	1169	1
4712	アドアーズ	440	440	440	440	1
4713	日信電サ	0	0	0	0	0
4714	リソー教育	200000	202000	200000	200000	0.015
4715	クリエイティブ	475	475	475	475	1
4716	日本オラクル	25900	27100	25600	26890	104.2
4717	ソデッソジャパン	2200	2200	2150	2150	3
4718	早稲アカ	345	350	345	350	4
4719	アルファシス	13100	13100	12500	12750	6.3
4720	城南進研	510	510	510	510	3
4721	フジスタッフ	2400	2400	2300	2300	17.8
4722	フューチャー	1590000	1710000	1570000	1700000	0.056
4723	グッドウィル	250000	259000	245000	254000	0.244
4724	シチエ	1000	1030	1000	1030	12.5
4725	ＣＡＣ	5470	5500	5380	5400	12.5
4726	ソフトバンテク	6370	6500	6210	6390	12.5
4727	アジアＳ総研	2550	2560	2510	2510	2.9
4728	トーセ	5000	5460	5000	5460	23.8
4729	コナミスタジオ	0	0	0	0	0
4730	関西メンテ	0	0	0	0	0
4731	ユニバホーム	0	0	0	0	0
4732	ＵＳＳ	3690	3800	3500	3620	43.1
4733	ＯＢＣ	10200	12300	10000	12300	41.2
4734	ビーイング	870	880	840	840	18
4735	京進	0	0	0	0	0
4736	日本ラッド	1420	1420	1420	1420	3
4737	シダックス	1320	1330	1300	1300	8.1
4738	日立ビジネス	1750	1900	1750	1900	11.3
4739	ＣＴＣ	15300	15460	15000	15410	52.8
4740	ニューディル	1070000	1120000	1070000	1120000	0.026
4741	ＩＲＩ	5020000	5020000	4500000	4500000	0.018
4742	エイトコン	700000	700000	700000	700000	0.001
4743	アイティフォ	4650	4800	4600	4700	11.6
4744	メッツ	850000	850000	810000	816000	0.013
4745	東京個別	4800	4800	4800	4800	2
4746	東計電算	1135	1135	1130	1130	5
4747	Ｃフィッシュ	0	0	0	0	0
4748	構造計画	1340	1380	1340	1380	3
4749	アドバックス	0	0	0	0	0
4750	ダイサン	0	0	0	0	0
4751	サイバエージ	1150000	1190000	1130000	1130000	0.005
4752	昭和システム	0	0	0	0	0
4753	ライブドア	2750000	2900000	2750000	2900000	0.007
4754	トスネット	430	430	420	420	3
4755	楽天	3060000	3120000	2980000	3000000	0.169
4756	ＣＣＣ	2470	2470	2470	2470	3
4757	インテリ	2950000	3050000	2850000	3000000	0.023
4758	シーアイエス	7360000	7490000	7360000	7490000	0.004
4759	ライブＭ	2210000	2380000	2200000	2200000	0.008
4760	ＡＬＰＨＡ	631	635	625	635	30
4761	さくらＫＣＳ	920	950	920	950	26
4762	エクスネット	2900000	2900000	2800000	2800000	0.004
4763	クリークリバ	1960000	2000000	1960000	1960000	0.007
4764	Ｄデザイン	1340000	1350000	1340000	1350000	0.002
4765	モーニングＳ	3710000	3710000	3670000	3670000	0.009
4766	ピーエイ	1000	1000	1000	1000	3
4767	ＴＯＷ	925	935	895	925	54
4768	大塚商会	5380	5400	5050	5200	34.1
4769	インフォクリ	590	605	580	580	17
4770	エルミック	1400	1580	1380	1580	30
4771	Ｆ＆Ｍ	2480000	2480000	2400000	2420000	0.014
4772	デジタルアド	2040	2100	2000	2080	42
4773	Ａ＆Ｉ	1700	1700	1640	1700	14
4774	NECソフト	9850	10280	9200	10000	347.9
4901	富士写	4080	4100	4030	4050	554
4902	コニカＨＤ	904	934	902	920	559
4911	資生堂	1361	1361	1337	1350	759
4912	ライオン	413	418	409	417	225
4913	サンスター	360	360	360	360	1
4914	高砂香	447	449	443	443	36
4915	エイボンＪ	210	210	210	210	1
4916	ノエビア	0	0	0	0	0
4917	マンダム	1560	1570	1530	1550	47.8
4918	アイビー	0	0	0	0	0
4919	ミルボン	6000	6300	6000	6300	5.5
4920	日本色材	450	450	450	450	1
4921	ファンケル	9170	9410	9020	9330	58.7
4922	コーセー	2690	2710	2670	2710	28.7
4951	エステー化	700	700	692	692	10
4953	タイホー工業	0	0	0	0	0
4954	マークテック	0	0	0	0	0
4955	アグロカネシ	710	710	710	710	1
4956	コニシ	1002	1002	990	1000	15.3
4957	ヤスハラケミ	0	0	0	0	0
4958	長谷川香料	1700	1700	1630	1630	3.5
4959	シーシーアイ	0	0	0	0	0
4960	ケミプロ	400	400	400	400	1
4961	日油技研	735	740	735	735	7
4963	星光ＰＭＣ	0	0	0	0	0
4964	星光化学工業	363	363	363	363	0.1
4965	曽田香料	0	0	0	0	0
4966	上村工	1870	1900	1870	1900	3
4967	小林製薬	7280	7300	7280	7300	15.2
4968	荒川化工	911	911	911	911	1
4970	東洋合成	1450	1460	1430	1460	3
4987	寺岡製	749	749	749	749	1
4989	イハラケミ	232	232	232	232	2
4990	昭和化	0	0	0	0	0
4992	北興化	347	347	340	340	22
4996	クミアイ化	186	188	185	188	36
4997	日農薬	218	220	214	214	24
4998	フマキラ	198	198	195	196	10
4999	セメダイン	0	0	0	0	0
5001	新日本石油	570	608	569	605	4286
5002	昭和シェル	527	542	520	520	330
5006	興亜石油	289	296	289	296	55
5007	コスモ石	203	205	200	202	1704
5008	東亜石	118	119	109	109	46
5009	富士興	79	79	75	79	35
5010	日精蝋	95	95	95	95	3
5011	ニチレキ	470	470	460	460	20
5012	東燃ゼネ石	534	537	523	532	317
5013	ユシロ	561	580	561	570	10
5014	ジャパンエナジー	104	104	102	104	950
5015	ＢＰカスト	602	603	600	603	6.5
5101	浜ゴム	264	264	261	262	133
5102	大機エンジ	215	215	215	215	3
5103	昭ゴム	220	230	190	195	572
5104	日東化工	111	114	111	113	7
5105	洋ゴム	151	154	151	153	70
5106	オーツタイヤ	225	225	210	212	42
5108	ブリヂストン	2405	2430	2380	2400	1572
5110	住友ゴ	603	615	602	608	391
5121	藤ゴム	213	213	210	210	22
5122	オカモト	258	262	252	262	277
5123	ミサワ東洋	155	155	155	155	1
5142	アキレス	181	181	168	173	87
5143	世界長	163	165	156	165	20
5161	西川ゴム	0	0	0	0	0
5162	朝日ラバー	1110	1210	1110	1210	2
5184	ニチリン	0	0	0	0	0
5185	フコク	735	735	720	725	3
5186	ニッタ	1190	1190	1165	1170	49.6
5187	クリエート	0	0	0	0	0
5188	帝都ゴム	0	0	0	0	0
5189	桜ゴム	170	170	162	162	2
5191	東海ゴ	1074	1074	1059	1059	19
5192	三星ベ	280	281	279	279	25
5193	平成ポリマー	125	125	125	125	1
5194	相模ゴ	590	600	590	590	34
5195	バンドー	215	217	211	217	71
5196	鬼ゴム	93	98	93	93	10
5199	不二ラテ	176	176	170	170	7
5201	旭硝子	1050	1058	1039	1048	2661
5202	板硝子	1447	1510	1447	1485	6986
5204	石塚硝	260	260	251	258	10
5205	日本無機	366	375	366	375	2
5208	有沢製	2755	2800	2755	2760	3.6
5210	日山村硝	184	184	178	181	73
5212	不二硝	0	0	0	0	0
5213	芝セラミ	661	665	655	664	315
5214	日電硝	2255	2345	2200	2330	392
5215	旭テクノグラス	1230	1240	1220	1240	9
5216	倉元	1680	1700	1630	1700	14.1
5217	テクノクオツ	2110	2200	2110	2200	3
5232	住友大阪	492	503	485	493	845
5233	太平洋セメ	185	187	181	182	1022
5234	デイ・シイ	158	163	158	162	4
5237	ノザワ	0	0	0	0	0
5261	ミサワリゾ	252	255	252	254	4
5262	日ヒューム	237	237	232	232	17
5266	テイヒュー	0	0	0	0	0
5267	ハネックス	125	125	125	125	1
5268	旭コン	335	335	335	335	1
5269	日コン	111	116	111	115	39
5271	トヨアサノ	151	151	151	151	1
5272	浅野スレ	125	128	124	128	12
5273	三谷セキ	275	275	270	270	6
5274	ゼニパイプ	167	167	157	157	3
5276	石建工	370	380	370	380	19
5277	スパンクリト	365	365	360	360	4
5278	エバタ	150	150	150	150	2
5279	日本興業	223	223	223	223	2
5280	ヨシコン	0	0	0	0	0
5281	旭ダンケ	0	0	0	0	0
5282	ジオスター	975	975	975	975	1
5283	高見沢	0	0	0	0	0
5284	ヤマウ	380	380	380	380	1
5285	ヤマックス	420	428	420	428	16
5286	武井工業	0	0	0	0	0
5287	イトヨーギョ	0	0	0	0	0
5301	東海カ	264	271	255	264	396
5302	カーボン	114	116	113	114	204
5304	エスイ−シ−	244	262	244	262	2
5331	ノリタケ	492	492	481	483	85
5332	ＴＯＴＯ	819	840	815	826	1614
5333	ガイシ	1276	1363	1270	1355	3596
5334	特殊陶	1800	1860	1790	1841	1097
5336	INAX	624	624	601	604	197
5337	ダントー	382	385	382	385	11
5338	大トー	230	230	230	230	1
5341	アサヒ陶	0	0	0	0	0
5342	ジャニス	62	62	61	61	7
5343	ニッコー	0	0	0	0	0
5344	ＭＡＲＵＷＡ	3290	3400	3250	3290	36.4
5351	白煉瓦	214	215	213	214	26
5352	黒崎	170	170	165	166	32
5355	ルツボ	131	131	131	131	1
5356	美濃窯	0	0	0	0	0
5357	ヨータイ	224	224	211	224	6
5358	イソライト	200	200	185	185	5
5361	東海熱	630	630	620	620	10
5362	九州耐	270	275	270	270	4
5363	ＴＹＫ	198	198	195	198	16
5367	ニッカトー	860	880	850	880	16
5382	中央商事	0	0	0	0	0
5383	三共理化	0	0	0	0	0
5384	フジミインコ	4360	4400	4300	4400	34.2
5386	鶴弥	0	0	0	0	0
5387	チヨダウーテ	0	0	0	0	0
5388	クニミネ	265	265	265	265	2
5389	日レヂボン	0	0	0	0	0
5390	宇部マテリア	149	155	149	155	2
5391	Ａ＆ＡＭ	150	154	150	153	42
5393	ニチアス	349	368	345	365	467
5395	コランダム	170	170	167	170	3
5397	ＭＩＥテクノ	125	125	125	125	4
5398	日研紙	0	0	0	0	0
5401	新日鉄	216	216	213	215	7506
5403	川崎製鉄	148	148	144	146	6069
5404	日本鋼管	68	69	68	68	2859
5405	住金	69	70	68	68	3882
5406	神戸鋼	69	69	68	68	973
5407	日新鋼	102	103	100	103	2243
5408	中山鋼	145	153	145	146	31
5410	合同鉄	129	132	125	126	334
5423	東京製鉄	485	485	458	470	1696
5444	大和工	462	465	453	455	131
5445	東京鉄	85	85	82	82	11
5446	北越メ	130	130	130	130	1
5448	東京鋼鉄	0	0	0	0	0
5449	大阪製鉄	464	468	456	457	5.1
5451	淀川鋼	287	290	279	280	617
5453	洋鋼鈑	341	349	340	348	52
5454	日鉄鋼板	213	215	205	207	44
5457	住友鋼管	359	364	348	361	76
5458	高砂鉄	0	0	0	0	0
5461	中部鋼	0	0	0	0	0
5462	日鉄鋼管	138	138	138	138	1
5463	丸一管	1335	1335	1326	1330	114
5464	モリ工	239	239	231	231	4
5471	大同特鋼	243	254	242	252	933
5476	高周波	97	125	97	125	6572
5479	日金工	83	84	81	82	84
5480	冶金工	70	70	68	68	297
5481	山陽鋼	153	158	153	154	214
5482	愛知鋼	310	310	300	301	40
5484	東北鋼	0	0	0	0	0
5486	日立金	805	818	805	805	213
5491	日金属	113	113	109	109	22
5541	大平金	249	260	249	256	1304
5542	報国鉄	0	0	0	0	0
5562	日本重化学	150	180	150	160	4280
5563	日本電工	163	168	163	167	202
5566	中央電	205	205	201	203	5
5602	栗本鉄	256	257	249	250	64
5603	虹技	115	117	109	117	20
5605	自動鋳	73	73	73	73	1
5606	旭テック	151	155	151	155	33
5607	中可鍛	0	0	0	0	0
5608	川口金	231	239	231	233	8
5609	日鋳造	98	100	98	98	6
5610	大和重	140	140	140	140	5
5612	鋳鉄管	234	234	234	234	4
5613	日本カタン	304	304	304	304	2
5631	日製鋼	112	115	111	115	440
5632	菱製鋼	82	82	81	81	214
5633	関東特殊製鋼	75	78	75	78	17
5641	ＴＤＦ	217	244	217	244	60
5642	日本鍛工	51	52	51	52	4
5644	メタルアート	115	115	115	115	1
5645	イチタン	0	0	0	0	0
5657	鈴木金	160	160	146	146	4
5658	日亜鋼	375	377	374	377	40
5659	日精線	236	236	230	235	35
5660	神鋼線	78	80	78	78	10
5691	東京シヤリング	80	80	80	80	10
5694	大和綱帯	280	280	280	280	1
5695	パウダテック	420	420	420	420	1
5696	川鉄鋼板	121	121	121	121	2
5697	サンユウ	0	0	0	0	0
5701	日軽金	89	91	86	86	672
5702	大紀ア	177	179	177	178	19
5706	三井金	749	763	744	763	1426
5707	東邦鉛	195	200	195	196	431
5711	三菱マ	373	383	372	377	2239
5713	住友鉱	431	440	431	440	611
5714	同和鉱	272	278	272	275	328
5715	古河機金	239	263	238	263	3544
5716	日鉱金属	550	550	543	547	165
5721	Ｓサイエンス	735	753	734	736	428
5727	邦チタ	436	438	436	437	4
5728	アライドマテリアル	1000	1000	981	981	37
5729	日精鉱	310	320	310	315	7
5734	昭和アルミ	139	140	138	138	101
5738	住軽金	90	90	86	88	88
5739	日製箔	198	198	198	198	2
5740	九州不二サッシ	210	210	210	210	1
5753	日伸銅	83	86	75	75	24
5756	東海アルミ箔	67	68	65	68	36
5757	サンエツ	0	0	0	0	0
5771	菱伸銅	339	344	335	339	111
5781	東邦金	184	184	174	175	7
5801	古河電	3290	3480	3280	3370	13919
5802	住友電	1816	1835	1810	1830	1330
5803	フジクラ	670	683	660	680	3005
5804	菱線工	280	287	280	280	434
5805	昭電線	268	275	265	266	1968
5807	東特線	330	330	318	318	12
5808	理研線	0	0	0	0	0
5809	タツタ	194	196	190	194	111
5810	第一電工	129	129	125	125	258
5811	トヨ電線	485	485	485	485	1
5812	日立線	1498	1545	1483	1530	2274
5813	花島電線	0	0	0	0	0
5815	沖電線	305	308	303	303	41
5816	オーナンバ	0	0	0	0	0
5817	日電線	0	0	0	0	0
5818	東日京三電線	0	0	0	0	0
5819	カナレ電気	1800	1800	1780	1780	6.8
5820	三ッ星	0	0	0	0	0
5851	リョービ	164	170	163	163	61
5852	アーレスティ	360	379	360	360	33
5853	京都ダイカスト	0	0	0	0	0
5854	東京理化工	110	110	106	106	21
5855	アサヒプリテ	1930000	1950000	1930000	1950000	0.002
5900	ダイケン	410	425	410	425	4
5901	洋カン	1700	1765	1690	1765	202
5902	北カン	303	310	303	307	74
5903	シンポ	670	710	665	680	26
5904	アルコアシステム	559	559	559	559	1
5905	日カン	177	177	177	177	2
5906	エムケー精工	0	0	0	0	0
5907	ＪＦＥコンテ	0	0	0	0	0
5908	日鉄ドラム	0	0	0	0	0
5909	コロナ	985	985	950	950	0.9
5910	立山アルミ	272	272	272	272	3
5911	横河ブ	454	454	445	446	75
5912	日本橋	142	147	138	138	17
5913	松尾橋	214	219	214	215	9
5914	宮地鐵工所	203	203	200	201	13
5915	駒井鉄	303	304	298	301	28
5916	ハルテック	238	239	235	239	9
5917	サクラダ	108	110	107	107	15
5918	滝上工	393	393	378	378	6
5919	日鉄塔	358	358	358	358	3
5920	鈴木シャ	0	0	0	0	0
5921	川岸工	287	287	287	287	7
5922	那須鉄	0	0	0	0	0
5923	高田機	460	460	450	455	10
5925	酒井鉄工所	160	160	160	160	8
5926	安治川鉄工	0	0	0	0	0
5927	ホリー	105	106	105	106	32
5928	アルメタクス	222	222	221	221	6
5929	三和シャタ	330	330	319	320	424
5930	文化シヤタ	235	236	230	232	57
5931	川田工	209	212	208	212	10
5932	三協アルミ	93	99	93	96	543
5933	アルインコ	215	215	205	205	8
5934	日本ア	55	55	53	53	3
5935	元旦	0	0	0	0	0
5936	洋シヤタ	99	99	97	97	53
5937	洋エクス	690	700	690	700	10
5938	住生活Ｇ	1490	1510	1481	1509	208
5939	大谷工業	0	0	0	0	0
5940	不二サッシ	133	133	133	133	3.9
5941	中西製	0	0	0	0	0
5942	フイルコン	0	0	0	0	0
5943	ノーリツ	1264	1264	1239	1239	20
5944	日立粉末	1100	1100	1081	1099	24
5945	天竜製鋸	1000	1000	1000	1000	1
5946	長府製	1339	1343	1334	1343	12.2
5947	リンナイ	2290	2290	2270	2280	26
5949	ユニプレス	0	0	0	0	0
5950	パワーファス	0	0	0	0	0
5951	ダイニチ工業	271	271	270	270	6
5952	アマテイ	0	0	0	0	0
5954	トープラ	0	0	0	0	0
5955	ヤマシナ	174	174	155	162	521
5956	トーソー	0	0	0	0	0
5957	日東精	190	198	190	198	6
5958	三洋工	596	596	585	588	44
5959	岡部	306	307	306	307	2
5961	トーカロ	0	0	0	0	0
5962	浅香工	0	0	0	0	0
5963	日立ツール	581	600	581	590	9
5964	洋刃物	0	0	0	0	0
5965	フジマック	475	475	475	475	1
5966	ＫＴＣ	350	350	350	350	1
5967	前田金	0	0	0	0	0
5969	ロブテックス	0	0	0	0	0
5970	菊池プレス	480	480	480	480	4
5971	共和工業	250	250	245	245	3
5972	日本建鐵	264	264	260	261	13.5
5973	トーアミ	485	485	485	485	1
5974	中国工	169	169	161	161	13
5975	東プレ	356	356	345	345	17
5976	ネツレン	318	318	302	302	35
5977	コマツ電子	1120	1120	1090	1090	12.1
5979	カネソウ	0	0	0	0	0
5980	田中亜鉛	265	265	265	265	2
5981	東京綱	132	132	130	132	150
5982	マルゼン	385	387	385	385	6
5983	イワブチ	0	0	0	0	0
5984	兼房	0	0	0	0	0
5985	サンコール	380	380	379	379	29
5986	モリテック	0	0	0	0	0
5987	オーネックス	0	0	0	0	0
5988	パイオラクス	0	0	0	0	0
5989	ヒラタ	399	399	399	399	2
5990	スーパツール	135	135	135	135	10
5991	ニッパツ	412	424	404	411	527
5992	中央発條	371	371	371	371	4
5993	知多鋼	0	0	0	0	0
5994	ファインＳ	335	335	330	330	4
5995	科学冶金	0	0	0	0	0
5996	新立川	799	799	799	799	0.2
5997	協立エアテク	600	620	600	620	2.3
5998	アドバネクス	284	285	281	285	6
5999	イハラサイエ	350	350	340	340	3
6005	三浦工	1440	1450	1440	1440	16.5
6011	新潟鉄工所	79	79	76	78	446
6013	タクマ	810	810	765	769	186
6016	神発動	0	0	0	0	0
6018	阪神燃	0	0	0	0	0
6020	神鋼造機	0	0	0	0	0
6021	ロビン	0	0	0	0	0
6022	赤阪鉄	90	90	90	90	1
6023	ダイハツデ	169	170	169	170	3
6041	ボッシュ	151	152	144	150	235
6042	ニッキ	0	0	0	0	0
6101	ツガミ	462	462	452	454	234
6102	池貝	146	152	146	152	38
6103	オークマ	405	413	405	412	105
6104	東芝機	353	358	346	348	211
6106	日立精機	206	215	205	213	219
6107	アマダマシ	276	280	271	271	116
6111	旭精機	0	0	0	0	0
6112	小島鉄	0	0	0	0	0
6113	アマダ	830	830	790	810	416
6114	住倉工業	260	270	250	265	35
6118	アイダ	525	530	518	529	206
6119	ゼィープラス	270	270	270	270	4
6121	滝澤鉄	95	95	93	93	2
6125	岡本工	140	140	131	131	23
6126	大ダイヤ	198	198	198	198	5
6130	日平トヤマ	209	215	206	210	45
6131	浜井産	145	145	142	142	8
6134	富機製	4400	4410	4300	4350	70.7
6135	牧野フ	856	879	850	860	244
6136	ＯＳＧ	650	679	646	677	89
6137	小池工	154	154	149	149	2
6138	ダイジェト	200	200	195	195	11
6139	東芝タンガロイ	660	660	645	645	92
6140	旭ダイヤ	621	621	610	615	169
6141	森精機	1550	1550	1480	1482	40
6142	富士精	228	228	228	228	1
6143	ソディック	850	850	825	830	96
6144	西部電機	253	253	253	253	1
6145	日特エンジ	1980	2150	1940	2150	92
6146	ディスコ	15200	16210	15200	15810	155.3
6147	ヤマザキ	1000	1000	1000	1000	1
6148	UHT	2140	2150	2130	2140	17
6149	小田原エンジ	620	620	620	620	2
6150	タケダ機械	133	133	133	133	2
6151	日東工器	2830	2830	2770	2795	4.2
6201	豊田織	2510	2510	2445	2445	267
6203	豊和工	147	149	146	147	65
6204	キリウ	0	0	0	0	0
6205	ＯＫＫ	157	157	155	155	21
6206	豊田工	960	960	955	955	95
6208	石川製	121	121	119	121	72
6210	東洋機械	499	500	499	500	7
6211	倉敷機	0	0	0	0	0
6212	帝人製機	245	245	235	239	31
6213	ＯＭ製	155	155	150	150	8
6214	大隈豊和機械	210	212	210	212	87
6216	寿工業	130	130	130	130	1
6217	津田駒	177	180	170	170	33
6218	エンシュウ	185	187	183	183	20
6221	大東製機	275	275	270	270	5
6222	島精機	2485	2485	2430	2450	4.5
6242	スピンドル	250	260	250	251	53
6245	ヒラノテク	270	270	270	270	1
6246	井上金	0	0	0	0	0
6247	日阪製	510	510	505	505	8
6271	ニッセイ	940	950	940	950	4
6272	レオン	395	395	386	386	5
6273	ＳＭＣ	19240	19240	18990	19190	22.8
6274	新川	4450	4640	4380	4560	55.9
6275	イセキ開発工	102	102	101	101	5
6276	ナビタス	740	740	735	735	4
6277	ホソミクロン	735	735	703	703	8
6278	ユニオンツル	8200	8980	8120	8850	114.9
6279	瑞光	1298	1298	1290	1290	2.9
6280	名機製	1150	1170	1130	1170	36
6281	前田製作	0	0	0	0	0
6282	オイレス	1850	1880	1850	1851	9
6283	オリイメック	359	359	350	350	4
6284	ＡＳＢ機械	428	430	428	430	5
6286	静甲	0	0	0	0	0
6287	サトー	2500	2610	2500	2575	28.4
6288	ハマダ印刷機	0	0	0	0	0
6289	技研製	320	320	320	320	4
6290	ＳＥＳ	1280	1300	1250	1260	58
6291	エアーテック	899	899	862	862	15
6292	カワタ	850	851	850	851	7
6293	日精樹脂	1250	1250	1250	1250	3
6294	オカアイヨン	0	0	0	0	0
6295	富士変速	253	253	253	253	2
6296	ロキテクノ	1300	1300	1260	1300	14
6297	鉱研工業	300	300	300	300	2.1
6298	ワイエイシイ	1930	1960	1900	1910	14
6299	神鋼環境Ｓ	340	340	340	340	4
6300	アピクヤマダ	1100	1100	1060	1060	11
6301	コマツ	633	640	627	638	1591
6302	住友機	276	282	274	282	772
6303	ササクラ	381	381	380	380	2
6304	マキ製作所	0	0	0	0	0
6305	日立建機	498	498	476	479	92
6306	日工	268	268	257	257	4
6307	サンセイ	105	105	105	105	3
6309	巴工業	800	800	775	775	4
6310	井関農	92	92	89	90	70
6311	セイレイ工業	241	250	241	245	45
6312	フロイント	0	0	0	0	0
6313	共立	153	153	148	148	24
6314	石井工研	1200	1200	1140	1140	8.5
6315	ＴＯＷＡ	4250	4300	4250	4250	24.5
6316	丸山製	154	154	150	151	33
6317	北川鉄	152	152	147	147	30
6319	シンニッタン	245	245	240	240	7
6320	新ダイワ	0	0	0	0	0
6321	石搬機	0	0	0	0	0
6322	タクミナ	0	0	0	0	0
6323	ローツェ	3730	3730	3670	3680	7
6324	ハーモニック	2450000	2480000	2430000	2430000	0.014
6325	タカキタ	177	177	177	177	1
6326	クボタ	365	374	364	370	965
6327	北川精機	450	470	450	470	14
6328	荏原実業	1500	1510	1500	1510	7
6329	ＨＥＣ	443	443	442	442	2
6330	東洋エンジ	99	102	99	101	65
6331	化工機	219	219	215	216	60
6332	月島機	640	640	630	636	9
6333	帝国電	0	0	0	0	0
6334	明治機	229	229	220	221	146
6335	東京機	410	415	406	415	52
6336	石井表記	2800	2845	2800	2800	1.5
6337	テセック	5050	5100	4910	4910	12
6338	タカトリ	1110	1110	1100	1100	2
6339	新東工	306	306	300	300	16
6340	渋谷工	890	890	840	847	9
6341	日立造船富岡	153	153	153	153	1
6342	太平製	0	0	0	0	0
6343	フリージア	59	62	58	62	46
6345	アイチコーポ	198	204	198	202	30.7
6346	菊川鉄	180	180	180	180	2
6347	プラコー	0	0	0	0	0
6348	日本マリンテクノ	0	0	0	0	0
6349	小森	1799	1820	1795	1810	73
6350	新日本造機	0	0	0	0	0
6351	鶴見製	530	530	511	511	5
6352	トヨコケン	116	116	116	116	1
6354	日立機電	392	395	391	395	6
6355	住友精	384	389	382	382	14
6356	日ギア	0	0	0	0	0
6357	三精輸	0	0	0	0	0
6358	酒井重	233	238	233	237	4
6359	粟村製作所	0	0	0	0	0
6360	東自機	311	311	310	311	3
6361	荏原	1485	1490	1460	1489	744
6362	石井鉄	195	196	195	196	3
6363	酉島	545	545	520	520	10
6364	北越工	0	0	0	0	0
6365	電業社	0	0	0	0	0
6366	千代建	99	101	98	101	224
6367	ダイキン	2300	2340	2265	2340	712
6368	オルガノ	500	504	490	490	61
6369	トヨカネツ	108	111	107	108	139
6370	栗田工	1904	1924	1852	1852	247
6371	椿本チ	446	458	441	446	301
6372	セイサ	0	0	0	0	0
6373	大同工	262	262	260	260	12
6374	ＴＣＭ	347	368	347	360	210
6375	コンベヤ	103	106	102	102	36
6376	日機装	610	610	605	610	28
6377	甲陽建設	215	220	212	212	24
6378	木村化	213	213	210	212	34
6379	新興プラン	115	115	110	111	15
6380	オリチェン	110	110	105	105	6
6381	アネスト岩田	171	172	170	170	7
6382	トリニ工	235	235	230	230	3
6383	ダイフク	1035	1040	1010	1018	121
6386	扶桑レクセ	1450	1450	1420	1420	8
6388	ミサワバン	251	260	251	260	93
6389	内田油圧	69	69	69	69	5
6390	加藤製	160	163	158	163	23
6391	加地テック	165	167	165	167	3
6392	ヤマダコーポ	143	155	140	155	15
6393	油研工	137	140	131	131	23
6394	大江工業	0	0	0	0	0
6395	タダノ	199	199	192	196	76
6396	宇野鉄	148	148	148	148	1
6397	郷鉄工	0	0	0	0	0
6398	日本電産シンポ	910	950	910	950	4
6403	水道機	0	0	0	0	0
6406	フジテック	985	987	985	987	22
6407	シーケーディ	935	990	934	960	155
6408	クラッチ	0	0	0	0	0
6409	キトー	310	315	305	310	12
6411	中野冷	0	0	0	0	0
6412	平和	2180	2230	2150	2230	112.4
6413	理想科学	2420	2490	2420	2460	6.3
6414	川重冷熱	0	0	0	0	0
6415	ニスカ	0	0	0	0	0
6416	桂川電機	308	308	308	308	1
6417	ＳＡＮＫＹＯ	4180	4180	4070	4080	74.7
6418	日金銭	1670	1670	1660	1670	6
6419	マース	2760	2790	2700	2790	16.1
6420	福島工業	700	700	700	700	0.5
6421	キヤノンＦ	1150	1179	1150	1179	9
6422	キヤノン化成	1230	1270	1200	1270	14
6423	アビリット	5180	5180	4980	5000	50.1
6424	高見サイ	0	0	0	0	0
6425	アルゼ	7090	7300	7030	7300	17.3
6426	サミー	3880	3880	3810	3810	4.9
6427	東北リコー	940	980	930	980	5
6431	キャノンＮＴＣ	343	345	343	345	6
6436	アマノ	1071	1071	1048	1048	124
6437	三条機	145	145	145	145	1
6439	中日鋳	120	129	120	126	16
6440	ＪＵＫＩ	400	400	390	391	216
6442	コピア	400	401	400	400	11
6443	東洋製	153	153	153	153	10
6444	サンデン	680	686	673	685	129
6445	蛇の目	103	104	100	104	90
6448	ブラザー	269	273	269	273	67
6453	シルバ精	189	190	185	189	110
6454	マックス	1225	1231	1200	1220	57
6455	モリタ	293	293	286	289	15
6457	グローリー	1950	1950	1950	1950	5
6458	新晃工	213	216	210	210	9
6459	大和冷	365	375	365	368	97
6461	日ピス	112	113	112	113	63
6462	リケン	223	229	223	229	73
6463	ＴＰＲ	281	281	281	281	1
6466	トウアバルブ	110000	110000	110000	110000	0.004
6467	ニチダイ	545	545	540	540	7
6468	駿河精機	3160	3160	3100	3150	5
6469	放電精密	815	815	815	815	3
6470	大豊工業	899	949	899	902	3.7
6471	日精工	809	829	809	824	1316
6472	ＮＴＮ	450	450	438	439	452
6473	光洋精	808	829	808	825	146
6474	不二越	182	182	179	182	153
6475	天辻	0	0	0	0	0
6476	富士テクニカ	0	0	0	0	0
6477	ツバキ・ナカ	1349	1349	1290	1295	75
6478	ダイベア	0	0	0	0	0
6479	ミネベア	1220	1229	1218	1227	1228
6480	トムソン	1193	1193	1144	1170	185
6481	ＴＨＫ	4550	4680	4550	4600	96.8
6482	ユーシン精機	7240	7240	6990	7060	5.1
6483	川重防災	0	0	0	0	0
6484	ＫＶＫ	0	0	0	0	0
6485	前沢給装	685	700	685	700	4
6486	イーグル工	350	350	350	350	2
6487	積水工機	0	0	0	0	0
6488	ヨシタケ	280	280	275	275	3
6489	前沢工業	906	910	900	901	45.1
6490	ピラー	848	850	840	841	14
6492	岡野バ	0	0	0	0	0
6493	日鍛バ	196	198	196	198	3
6494	ファネス	300	301	300	300	7
6495	宮入バ	91	91	90	90	8
6496	中北製	0	0	0	0	0
6497	ハマイ	0	0	0	0	0
6498	キッツ	199	200	196	196	64
6499	大隈エンジニア	180	180	180	180	20
6501	日立	1280	1289	1275	1280	4460
6502	東芝	971	975	954	960	6467
6503	三菱電	890	894	869	883	3238
6504	富士電機ＨＤ	390	390	380	385	795
6505	東洋電	146	152	146	152	13
6506	安川電	1089	1125	1070	1119	1625
6507	神鋼電	210	214	206	212	142
6508	明電舎	198	205	197	205	174
6513	オリジン	940	940	918	920	175
6516	山洋電	475	475	461	469	22
6517	デンヨー	704	704	695	700	11
6518	三相電機	690	690	690	690	2
6581	日立工	363	363	348	355	184
6584	三桜工	561	563	560	560	26
6585	サーボ	280	280	280	280	4
6586	マキタ	932	932	907	916	56
6587	松下精工	465	465	459	459	24
6588	東芝テック	463	468	451	462	254
6590	芝浦	1070	1070	1030	1056	35
6591	西芝電	169	170	165	170	11
6592	マブチ	13900	13900	13630	13740	29.9
6593	ローヤル電	480	480	475	475	3
6594	日電産	8100	8360	8100	8360	99.8
6621	高岳	168	173	168	173	97
6622	ダイヘン	205	207	201	204	72
6623	愛電機	200	200	200	200	3
6624	田淵電	240	240	239	239	4
6641	日新電	285	299	285	299	164
6643	戸上電	160	160	160	160	3
6644	大崎電	604	604	571	571	18
6645	オムロン	2580	2600	2525	2600	385
6646	エナジーサポ	375	384	375	384	29
6647	森尾電	138	138	138	138	2
6648	かわでん	42	46	42	46	609
6650	春日電	156	156	154	154	4
6651	日東工	780	780	751	777	17
6652	和泉電	1300	1300	1290	1294	32.5
6654	不二電機	680	680	670	680	8
6655	東洋電機	0	0	0	0	0
6701	ＮＥＣ	3020	3020	2915	2950	3688
6702	富士通	3020	3020	2960	2990	2619
6703	沖電気	700	702	673	692	1212
6704	岩崎通	280	280	270	275	88
6705	ＮＥＣインフ	480	499	480	490	38
6706	電気興	1074	1075	1030	1030	34
6707	サンケン	769	769	731	746	112
6708	東洋通	1310	1310	1282	1282	133
6709	明星電	146	148	146	148	8
6710	大興電機製作	190	190	186	188	14
6711	高見澤電機	225	225	215	215	6
6712	田村電機製作	282	284	280	282	29
6714	神田通信工業	236	236	235	235	11
6715	ナカヨ通	290	290	290	290	1
6716	中央無	0	0	0	0	0
6717	富士通アクセ	2000	2010	1950	1960	24.4
6718	アイホン	1298	1300	1297	1298	10.1
6741	信号	472	475	467	469	31
6742	京三	248	250	240	247	121
6743	大同信	0	0	0	0	0
6744	能美防災	419	419	410	410	23
6745	ホーチキ	314	314	306	312	5
6747	小糸工	305	305	305	305	10
6748	星和電	485	485	485	485	7
6749	マスプロ	1200	1250	1196	1201	4
6751	日無線	993	993	950	959	267
6752	松下	2865	2890	2850	2865	3778
6753	シャープ	1673	1687	1664	1681	1514
6754	アンリツ	2375	2375	2300	2325	492
6755	富士通ゼ	710	720	707	717	49
6756	日立国際	1220	1220	1202	1212	55
6758	ソニー	10180	10500	10120	10400	2321.1
6759	ＮＥＣトーキ	898	900	875	887	84
6761	アイワ	1670	1714	1670	1700	107.2
6762	ＴＤＫ	14150	14300	14070	14240	236.2
6763	帝通工	366	369	366	367	31
6764	三洋電	797	797	784	794	3309
6765	ケンウッド	442	443	433	439	299
6766	宮越商	49	49	47	48	33
6767	ミツミ	3410	3500	3390	3480	201
6768	タムラ	497	498	485	489	61
6770	アルプス	1870	1993	1862	1980	2431
6771	池上通	320	325	315	316	32
6772	コスモス	160	160	150	150	4
6773	パイオニア	3770	4080	3770	4080	1403
6775	東和メクス	139	140	136	136	39
6776	天昇電	0	0	0	0	0
6779	日電波	4160	4200	4120	4200	104.9
6780	日立電子	548	548	531	531	18
6781	松下通信工業	12960	13370	12960	13120	667.3
6782	九州松下電器	1201	1203	1190	1200	71
6783	松下寿電子	1990	2000	1953	1953	186
6791	コロムビア	186	189	185	187	33
6792	ビクター	950	970	948	955	258
6793	山水電	17	18	16	16	781
6794	フォスター	776	776	755	757	8
6796	クラリオン	405	413	388	394	810
6798	ＳＭＫ	908	908	890	895	73
6799	日本マランツ	215	215	210	210	3
6800	ヨコオ	1880	1915	1850	1860	109.8
6801	東光	704	707	668	670	185
6802	赤井電機	24	25	20	22	15603
6803	ティアック	378	387	378	384	49
6804	ホシデン	3570	3670	3560	3670	175
6805	八木アン	656	656	656	656	2
6806	ヒロセ電	15000	15100	14730	14900	113.9
6807	航空電子	675	687	663	683	74
6808	シントム	75	76	71	74	697
6809	ＴＯＡ	380	380	370	370	6
6810	マクセル	2745	2775	2700	2730	232
6811	クオンツ	420	420	400	404	38
6812	ジャルコ	480	500	480	500	2
6813	ナカミチ	101	101	97	98	55
6814	古野電	400	405	400	405	2
6815	ユニデン	680	682	665	682	169
6816	アルパイン	1800	1810	1766	1766	67
6817	スミダコーポ	5000	5000	4800	4800	12.8
6818	島田理	1520	1525	1500	1510	32.2
6819	オメガ・プロ	996	1040	980	990	74
6820	アイコム	1900	1900	1830	1830	30.5
6821	バーテクスＳ	985	990	985	990	4
6822	大井電気	0	0	0	0	0
6823	リオン	0	0	0	0	0
6824	新コスモス	458	465	458	465	5
6825	パトライト	2150	2160	2140	2150	12
6826	本多通信	5200	5400	5150	5300	5.1
6827	東北パイオ	5490	5500	5450	5450	18
6834	精工技研	34800	40500	34400	37100	320.7
6835	アライドＨＤ	9910	10770	9910	10500	131.9
6836	ぷらっと	4390000	4400000	4150000	4200000	0.013
6837	京写	1010	1040	1010	1040	5
6838	多摩川電	1720	1720	1720	1720	1
6839	船井電	12740	13750	12700	13420	56.3
6840	アドテック	1750	1830	1690	1800	51
6841	横河電	1035	1049	1024	1041	254
6842	ユニパルス	1940	2120	1910	2120	20
6843	東光精機	210	210	210	210	1
6844	新電元	689	689	671	684	70
6845	山武	1200	1200	1151	1200	43
6846	中央製	0	0	0	0	0
6847	安藤電気	2075	2080	2000	2000	41
6848	東亜ＤＫＫ	369	369	369	369	1
6849	日本光電	330	330	325	325	26
6850	チノー	260	260	255	259	19
6851	大倉電気	209	210	209	210	3
6852	テクノセブン	190	195	180	180	12
6853	共和電	317	324	300	324	15
6855	電子材料	1520	1540	1500	1500	57
6856	堀場製	1071	1073	1060	1070	26
6857	アドバンテスト	19200	19510	19000	19370	163.1
6858	小野測器	238	238	230	230	4
6859	エスペック	903	906	903	905	18
6860	サンクス	1345	1350	1325	1350	20
6861	キーエンス	34200	34200	33400	33750	24
6862	ミナトエレ	200	200	200	200	5
6863	ニレコ	0	0	0	0	0
6864	ＮＦ回路	0	0	0	0	0
6866	ＨＩＯＫＩ	865	865	865	865	4
6867	リーダー電子	0	0	0	0	0
6868	東カソード	1280	1290	1250	1250	2.6
6869	シスメックス	3140	3190	3100	3160	8.8
6870	フェンオール	0	0	0	0	0
6871	日本マイクロ	2150	2240	2150	2180	19.9
6872	日本コーリン	8400	8500	8000	8200	7.4
6873	日立電子Ｅ	960	960	960	960	4
6874	協立電機	2800	2800	2760	2760	1.2
6875	メガチップス	4420	4420	4100	4330	30.5
6876	光波	2420	2790	2420	2790	70.9
6877	ＯＢＡＲＡ	0	0	0	0	0
6878	長野日無	555	555	555	555	1
6879	フォトロン	0	0	0	0	0
6880	シンワ	965	970	960	960	3.6
6881	キョウデン	3550	3750	3550	3650	52
6882	三社電機	900	900	880	880	4
6883	電産コ電	1330	1360	1330	1360	8
6884	デジタル	3440	3600	3440	3600	2.1
6885	ミヤチテクノ	1880	1880	1810	1810	6
6886	グラフィック	0	0	0	0	0
6887	日本ＬＳＩカード	368000	368000	368000	368000	0.001
6888	アクモス	410000	425000	410000	410000	0.013
6889	オーデリック	505	505	500	500	3
6890	フェローテク	1420	1460	1410	1460	13
6891	イーター電機	0	0	0	0	0
6892	シチズン電子	9900	10100	9890	9900	27.6
6893	タイテック	805	815	805	810	7
6894	パルステック	1820	1820	1760	1760	43
6895	ダイヤ電機	710	710	710	710	1
6896	北川工業	1248	1248	1181	1215	9.8
6897	ツインバード	0	0	0	0	0
6898	トミタ電機	0	0	0	0	0
6899	ＡＳＴＩ	603	603	603	603	4
6900	東京電波	5260	6050	5260	5970	91.9
6901	沢藤電	301	301	285	285	7
6902	デンソー	2525	2580	2515	2545	620
6904	原田工業	436	436	430	430	3
6905	コーセル	3900	3970	3900	3970	21.6
6906	キヤ･コンポ	0	0	0	0	0
6907	ジオマテック	1790	1900	1750	1890	12.2
6908	イリソ電子	570	620	570	620	13
6909	北部通信工業	400	400	400	400	1
6910	日立メディコ	1260	1260	1210	1250	6
6911	新日無	970	1000	970	985	26
6912	菊水電子	458	458	431	431	11
6913	メルコ	4460	4640	4400	4500	123.8
6914	オプテックス	960	960	930	960	9
6915	千代田インテ	1430	1430	1420	1420	10
6916	アイオデータ	2380	2420	2350	2380	9.3
6917	デンセラムダ	1900	1900	1880	1888	55.5
6918	アバール	880	900	880	900	10
6919	ケル	755	765	755	760	9
6920	レーザーテク	2490	2490	2490	2490	1
6921	東光電	0	0	0	0	0
6922	昭和情報	489	489	489	489	1
6923	スタンレー	1066	1100	1066	1100	619
6924	岩崎電	270	275	267	270	50
6925	ウシオ電	2700	2740	2675	2700	469
6926	岡谷電	244	244	243	244	6
6928	エノモト	1130	1170	1100	1150	23
6929	日セラ	2000	2000	1980	2000	74
6930	日本アンテナ	1130	1130	1120	1120	5
6931	日本電池	449	450	430	444	248
6932	ユアサコーポ	360	360	360	360	2
6933	ＹＵＡＳＡ	290	294	280	280	312
6934	新神戸	672	694	670	681	39
6935	日デジタル	1708	1708	1650	1655	49.8
6936	東洋高砂乾	0	0	0	0	0
6937	古河池	313	313	298	311	6
6938	双信電機	820	840	800	840	27
6939	ＵＭＣＪ	1390000	1410000	1370000	1370000	0.071
6940	多摩電気	0	0	0	0	0
6941	山一電機	2550	2600	2480	2590	68.4
6942	ソフィア	0	0	0	0	0
6943	開閉器	650	650	650	650	1
6944	アイレックス	0	0	0	0	0
6945	ＦＴＥＣ	635	635	610	615	7
6946	日本アビオ	290	290	290	290	4
6947	図研	2520	2530	2400	2440	102.8
6948	住友電装	900	900	900	900	1
6949	キンセキ	1380	1380	1350	1380	144
6950	ＹＥデータ	520	520	510	510	3
6951	日電子	688	702	680	698	87
6952	カシオ	1205	1250	1205	1232	613
6954	ファナック	11130	11470	11100	11460	403.5
6955	ＦＤＫ	831	831	820	822	38
6956	神明電	1670	1670	1630	1650	5
6957	芝浦電子	310	310	310	310	0.5
6958	日本ＣＭＫ	2040	2100	1950	2050	478
6960	フクダ電	2000	2000	2000	2000	2
6961	エンプラス	5780	5780	5510	5610	87.3
6962	大真空	740	760	740	745	27
6963	ローム	28280	28910	28000	28500	181.7
6964	サンコー	2035	2035	2000	2000	7
6965	ホトニクス	6500	6570	6450	6470	22.7
6966	三井ハイテク	1900	1900	1870	1888	32.4
6967	新光電工	3940	4030	3930	3970	113.7
6968	グラフテック	188	191	188	191	20
6969	松尾電	540	570	540	570	30
6970	日本コンラックス	620	628	620	621	60
6971	京セラ	16140	16330	16000	16300	435.5
6972	エルナー	530	532	520	520	52
6973	協栄産	315	315	315	315	2
6974	日本インター	300	300	293	295	17
6975	ＮＥＯＭＡＸ	1319	1325	1285	1294	134
6976	太陽電	5340	5580	5280	5580	674
6977	抵抗器	237	243	237	243	3
6980	日立ＡＩＣ	1020	1100	1020	1050	97
6981	村田製	13770	13810	13510	13540	649
6982	リード	102	102	102	102	2
6984	朝日ナショナ	440	493	440	448	12
6985	ユーシン	430	432	430	430	12
6986	双葉電	4240	4270	4200	4240	8.9
6988	日東電	4060	4060	3990	4000	352.1
6989	北電工	199	203	199	200	120
6991	松電工	1280	1308	1280	1297	1584
6992	国産電	0	0	0	0	0
6993	森電機	143	143	135	141	21
6994	指月電	250	250	248	248	10
6995	東海理	980	980	980	980	5
6996	ニチコン	2400	2430	2360	2400	221.2
6997	日ケミコン	590	620	589	618	2537
6998	タングス	320	320	320	320	5
6999	ＫＯＡ	2850	2850	2760	2850	43.4
7003	三井造	99	99	95	96	922
7004	日立造	98	98	95	96	469
7007	佐世保	76	77	73	73	163
7011	三菱重	418	426	412	421	4299
7012	川重	140	142	139	142	598
7013	石川島	166	168	163	167	1006
7014	名村造	124	126	121	123	25
7018	内海造	0	0	0	0	0
7020	サノヤス	200	200	200	200	1
7021	ニッチツ	143	143	143	143	2
7052	信貴造船所	0	0	0	0	0
7102	日車両	203	203	197	200	134
7104	富士車輌	159	159	150	155	61
7105	ニチユ	210	210	209	209	47
7122	近畿車	149	149	146	146	15
7123	東急車輌製造	83	84	81	82	65
7124	輸送機工業	0	0	0	0	0
7142	ナブコ	168	168	167	167	15
7201	日産自	539	539	522	524	3125
7202	いすゞ	242	244	231	231	829
7203	トヨタ	4740	4830	4730	4790	2753.1
7204	小松ゼノア	270	270	261	261	9
7205	日野自	408	412	403	406	277
7207	日野車体	99	105	99	105	29
7210	日産ディ	101	106	99	99	364
7211	三菱自	450	451	436	437	293
7212	エフテック	451	451	451	451	1
7219	ＨＫＳ	680	680	675	675	2
7220	武蔵精密	1220	1220	1190	1190	7
7221	トヨ車	1045	1045	1041	1041	14
7222	産車体	167	167	160	160	17
7223	関東自	644	644	634	634	2
7224	新明和	208	208	199	199	73
7225	小松フォーク	181	181	179	179	19
7226	極東開発	607	607	564	570	11.5
7227	アスカ	0	0	0	0	0
7228	デイトナ	499	510	499	510	18
7229	ユタカ技研	600	600	600	600	3
7230	日信工業	1880	1881	1800	1820	16
7231	トピー	176	177	174	177	149
7232	トキコ	220	220	216	218	168
7233	自部品	83	83	83	83	2
7234	橋本フォーミング	76	77	75	77	12
7235	東ラヂ	140	140	130	130	2
7236	ティラド	364	368	360	367	104
7237	ボッシュブレーキ	0	0	0	0	0
7238	ブレーキ	243	243	239	239	13
7239	タチエス	510	510	510	510	1
7240	ＮＯＫ	730	735	721	734	211
7241	フタバ	1370	1375	1345	1375	53
7242	カヤバ	204	204	199	201	101
7243	シロキ	229	229	218	219	34
7244	市光工	205	206	204	204	28
7245	大同メ	740	740	710	710	50
7246	プレス工	83	84	83	83	24
7247	ミクニ	151	151	151	151	2
7248	カルソニック	278	295	274	275	231
7249	尾張精	213	213	213	213	1
7250	太平洋工	279	279	266	275	5
7251	ケーヒン	755	767	751	762	77
7252	富士機	250	250	250	250	5
7253	日本ガスケット	220	220	220	220	1
7254	フジユニ	181	181	181	181	1
7255	桜井製	0	0	0	0	0
7256	河西工	256	258	241	250	39
7257	自転車電機工	296	296	280	282	21
7258	栃木富士産業	231	237	225	237	26
7259	アイシン	1487	1500	1463	1498	386
7260	富士機工	209	210	209	210	8
7261	マツダ	273	273	271	272	589
7262	ダイハツ	810	828	810	820	247
7263	愛知機	246	246	230	232	59
7264	ＭＵＲＯ	0	0	0	0	0
7265	エイケン工業	700	705	700	705	3
7266	今仙電機	0	0	0	0	0
7267	ホンダ	3940	4150	3940	4130	1732
7268	タツミ	220	220	220	220	2
7269	スズキ	1200	1200	1190	1191	489
7270	富士重	749	761	744	752	1041
7271	安永	385	385	380	380	2
7272	ヤマハ発	819	822	810	815	261
7273	イクヨ	177	177	176	176	9
7274	ショーワ	642	642	628	632	27
7275	ユニシア	165	168	163	168	19
7276	小糸製	550	550	539	548	92
7277	ＴＢＫ	130	130	129	129	4
7278	エクセディ	815	815	771	799	8
7279	ケーブル	1110	1199	1110	1199	5
7280	ミツバ	455	465	455	460	8
7282	豊田合	6480	6600	6440	6480	214
7283	愛三工	742	762	742	762	18
7284	盟和産	254	254	246	246	9
7285	池田物産	114	116	114	114	32
7286	イズミ工業	115	120	100	100	8
7287	日精機	780	800	775	800	29
7288	テクノエイト	221	240	221	240	2
7289	マーレ テネックス	220	220	216	216	4
7290	日発精密工業	300	302	300	302	2
7291	日本プラスト	0	0	0	0	0
7292	村上開明	0	0	0	0	0
7293	大井製作所	232	232	232	232	1
7294	ヨロズ	416	419	416	417	10
7295	アイエス製機	0	0	0	0	0
7296	ＦＣＣ	1090	1090	1090	1090	1
7297	カーメイト	700	700	700	700	0.8
7298	八千代工	390	390	390	390	1
7299	フジオーゼ	0	0	0	0	0
7301	宮田	141	141	141	141	1
7305	新家工	118	118	118	118	4
7306	丸石自転車	223	230	205	225	60
7308	ツノダ	0	0	0	0	0
7309	シマノ	2000	2090	2000	2045	210.7
7399	ナンシン	0	0	0	0	0
7404	昭和飛	290	290	280	280	8
7407	日本飛行機	233	248	228	247	75
7408	ジャムコ	460	460	451	451	5
7410	横浜鋼業	0	0	0	0	0
7411	成和産業	0	0	0	0	0
7412	アトム	1600	1600	1570	1570	1.5
7413	創健社	249	249	249	249	1
7414	小野建	690	690	690	690	5
7415	新星堂	0	0	0	0	0
7416	はるやま	705	710	705	710	5.5
7418	ヤマキ	0	0	0	0	0
7419	ノジマ	1400	1440	1380	1380	4.2
7420	佐鳥電機	1100	1130	1090	1090	16
7421	カッパクリエ	2750	2750	2750	2750	2
7422	東邦レマック	630	630	630	630	3
7423	フォンテーヌ	1320	1320	1290	1300	3.8
7424	ニコニコ堂	0	0	0	0	0
7425	初穂商事	295	295	290	290	2
7426	山大	0	0	0	0	0
7427	エコーＴＤ	1580	1580	1575	1575	3.3
7428	江戸沢	770	770	770	770	2.5
7429	セイジョー	1590	1630	1590	1610	2.9
7430	サンワドー	510	510	510	510	0.3
7432	ダルトン	0	0	0	0	0
7433	伯東	2900	2940	2890	2930	43.2
7434	オータケ	1440	1440	1440	1440	1
7435	ナ・デックス	560	560	560	560	2
7437	シーアンドエス	3920	3920	3800	3860	19.7
7438	コンドー	460	460	440	448	12
7439	サンミック千代田	190	190	190	190	1
7440	クラフト	0	0	0	0	0
7442	中山福	0	0	0	0	0
7443	横浜魚類	0	0	0	0	0
7444	ハリマ共和	0	0	0	0	0
7445	ライトオン	6500	6510	6400	6410	16.1
7446	東北化学	0	0	0	0	0
7447	ナガイレーベ	2750	2750	2550	2570	0.9
7448	ジンズメイト	2115	2130	2075	2080	9.7
7449	太洋興業	0	0	0	0	0
7450	サンデー	0	0	0	0	0
7451	菱食	5350	5400	5310	5340	18
7452	マツヤ	0	0	0	0	0
7453	良品計画	13100	13290	13000	13200	127.5
7454	ホットスパー	0	0	0	0	0
7455	三城	5720	5760	5610	5660	35.8
7456	松田産業	2020	2020	1950	1980	4
7457	セキテクノ	600	620	600	620	7
7458	第一興商	1750	1790	1700	1720	84
7459	メディセオＨＤ	995	1007	990	1007	231.9
7460	ヤギ	0	0	0	0	0
7461	キムラ	1100	1100	1100	1100	1
7462	ダイヤ通商	480	480	480	480	12
7463	アドヴァン	1500	1500	1471	1485	12
7464	セフテック	0	0	0	0	0
7465	ＭＶ北海道	0	0	0	0	0
7466	ＳＰＫ	1130	1140	1120	1130	5.8
7467	萩原電気	811	816	800	800	11
7468	アムスク	1400	1440	1400	1440	4
7470	サロモンメイド	619	619	577	577	3
7471	ふじ	450	450	450	450	4
7472	鳥羽洋行	999	1000	992	998	56
7473	静岡スバル	0	0	0	0	0
7474	パオ	600	600	600	600	1
7475	アルビス	440	440	438	440	23
7476	アズワン	1620	1630	1580	1580	10.7
7477	ムラキ	0	0	0	0	0
7478	ブルーグラス	650	650	650	650	2
7479	サンマルク	3560	3650	3560	3600	4.6
7480	スズデン	0	0	0	0	0
7481	尾家産	770	770	770	770	2
7482	シモジマ	1060	1070	1060	1070	5
7483	ドウシシャ	2150	2240	2150	2200	6.6
7485	岡谷鋼機	0	0	0	0	0
7486	サンリン	662	662	662	662	8
7487	小津産業	1050	1050	960	972	2.3
7488	ヤガミ	0	0	0	0	0
7490	日新商	330	330	330	330	1
7491	ＯＡシステム	930	970	930	970	10
7492	タイカン	400	400	380	380	2
7494	コナカ	745	764	745	751	5.1
7495	レオ	238	238	238	238	1
7496	八千代ムセン	1300	1300	1300	1300	1
7497	マインマート	720	723	680	700	5.2
7498	ジャパン	2355	2355	2355	2355	1
7500	西川計測	415	415	405	410	3
7501	ティムコ	880	920	880	880	7.6
7502	プラザクリエ	5010	5020	4950	4950	1.4
7503	ＩＭＩ	0	0	0	0	0
7504	高速	653	654	653	654	2
7505	扶桑電通	0	0	0	0	0
7506	ハウスローゼ	820	829	820	829	1.2
7507	浜 勝	1110	1110	1110	1110	1
7508	オートセブ	0	0	0	0	0
7509	アイエー	705	705	705	705	1
7510	竹菱電機	1110	1110	1110	1110	2
7511	ジプロ	500	500	500	500	1
7512	ポスフール	1129	1148	1129	1144	7.4
7513	コジマ	3320	3360	3230	3290	198.2
7514	ヒマラヤ	818	818	790	790	1.5
7515	マルヨシ	0	0	0	0	0
7516	コーナン	1320	1340	1250	1255	7.1
7517	黒田電気	3750	3760	3590	3590	25.2
7518	ネットワン	2400000	2500000	2380000	2440000	0.266
7519	五洋インテ	0	0	0	0	0
7520	エコス	1000	1000	960	970	2.5
7521	ムサシ	980	980	980	980	1
7522	ワタミ	7390	7390	6980	6980	17
7523	アールビバン	1550	1700	1550	1640	9.1
7524	マルシェ	1220	1225	1212	1212	4
7527	システムソフ	0	0	0	0	0
7528	安藤薬業公司	400	400	390	390	3
7529	はるやま	139	139	139	139	2
7530	ナブコドア	0	0	0	0	0
7531	清和鋼業	330	330	330	330	1
7532	ドンキホーテ	12230	12300	12000	12200	34.9
7535	グッドマン	2680	2690	2650	2690	2.5
7536	船橋薬品	0	0	0	0	0
7537	丸文	1501	1534	1481	1481	24
7538	大水	450	450	450	450	1
7539	アベルコ	430	430	430	430	3
7540	エルエスフェンス	0	0	0	0	0
7541	メガネトップ	2800	2800	2700	2700	2.2
7542	ビスケーＨＤ	0	0	0	0	0
7543	ミスタージョン	0	0	0	0	0
7544	スリーエフ	1500	1500	1440	1440	2
7545	西松屋チェ	1900	1900	1800	1900	14.8
7547	オートハローズ	0	0	0	0	0
7548	サンクスＪＰ	1010	1010	1010	1010	1
7549	エス・エス・ブイ	0	0	0	0	0
7550	ゼンショー	1800	1800	1756	1780	8.2
7551	ウェッズ	0	0	0	0	0
7552	ハピネット	2495	2575	2495	2550	6.4
7553	サザビー	5700	5700	5600	5640	16.6
7554	幸楽苑	0	0	0	0	0
7555	大田花き	434	434	434	434	1
7556	住商エレク	1440	1460	1440	1450	9.7
7557	サンクス	3650	3650	3300	3570	35.1
7558	トーメンエレ	4850	4900	4850	4900	1.3
7559	ジーエフシー	0	0	0	0	0
7560	ユニマット	1200	1230	1190	1205	3.2
7561	ハークスレイ	2530	2530	2450	2480	8.4
7562	安楽亭	800	810	790	800	29
7563	ニッパン	0	0	0	0	0
7564	ワークマン	0	0	0	0	0
7565	万世電機	0	0	0	0	0
7566	ジャパンケア	1270	1270	1270	1270	1
7567	栄電子	1010	1010	1010	1010	5
7568	クレックス	620	620	600	600	18
7569	モンテカルロ	0	0	0	0	0
7570	橋本総業	685	685	685	685	2
7571	ヤマノＨＣ	870	910	870	899	147
7573	ツルハ	3700	3720	3680	3700	6.1
7574	共信テクノ	1350	1350	1350	1350	1
7575	日本ライフＬ	1080	1110	1070	1110	9.6
7576	ベターライフ	660	660	660	660	1
7577	パスポート	0	0	0	0	0
7578	ニチリョク	795	810	795	810	2
7579	オリジン東	2260	2400	2260	2400	9
7580	フーズネット	0	0	0	0	0
7581	サイゼリヤ	7400	7700	7390	7700	46.4
7582	富デバイス	2555	2580	2500	2520	75
7583	通商	0	0	0	0	0
7584	丸紅インフォ	610	610	610	610	4
7585	かんなん	0	0	0	0	0
7586	寺島薬局	1650	1650	1650	1650	1.3
7587	ＰＡＬＴＥＫ	2850	2850	2840	2850	32.7
7588	シートゥーネット	16970	16970	16400	16500	3.1
7589	デジキューブ	1600000	1640000	1550000	1550000	0.011
7590	タカショー	610	620	610	620	5
7591	エクセル	1740	1740	1690	1690	9
7592	アイ・ユー・ケイ	0	0	0	0	0
7593	ＶＴＨＤ	1100	1100	1100	1100	2
7594	マルカキカイ	385	385	385	385	3
7595	アルゴグラフ	2180	2280	2180	2250	4.3
7596	魚力	3990	3990	3900	3900	4.4
7597	東京貴宝	580	580	580	580	5
7598	ナイスクラ	430	430	430	430	1
7599	ガリバー	3800	3810	3750	3750	1.4
7600	日本ＭＤＭ	3300	3350	3300	3300	16
7601	ポプラ	1380	1400	1370	1380	7.2
7602	ジャック	3510	3560	3400	3560	17.5
7603	マックハウス	641	641	641	641	1
7604	梅の花	0	0	0	0	0
7605	フジコーポ	270	270	270	270	3
7606	Ｕアローズ	2760	2780	2730	2780	2.9
7607	進和	1240	1240	1240	1240	4
7608	ＳＫジャパン	0	0	0	0	0
7609	ダイトエレク	3160	3160	3100	3120	7
7610	テイツー	1930000	1960000	1930000	1950000	0.014
7611	ハイデ日高	900	900	900	900	1
7612	コモンウェル	0	0	0	0	0
7613	シークス	2290	2340	2210	2220	6
7614	オーエムツー	4000	4010	4000	4010	2.5
7615	京都友禅	660000	670000	650000	670000	0.058
7616	コロワイド	1900	2000	1900	2000	7
7617	オオゼキ	0	0	0	0	0
7618	ＰＣＤＥＰＯ	1000000	1000000	1000000	1000000	0.004
7619	田中商事	0	0	0	0	0
7620	ヤマト硝子	535	535	530	535	5
7621	うかい	1100	1100	1100	1100	2
7622	焼肉サカイ	2220	2220	2180	2180	3
7623	サンオータス	473	473	466	466	4
7624	内藤	851	851	850	850	2
7625	ダイニング	4130	4250	4000	4250	21.3
7626	ドッドウエル	0	0	0	0	0
7627	なか卯	1280	1280	1260	1260	2
7628	オーハシテク	1800	1800	1720	1720	16
7629	ムラチク	0	0	0	0	0
7630	壱番屋	1400	1400	1400	1400	8
7631	マクニカ	13600	14000	13500	13650	11.4
7632	住商メタレックス	505	510	505	510	7
7633	明響社	740	750	730	730	6
7634	星医療	1500	1500	1500	1500	3
7635	杉田エース	500	500	500	500	2
7636	ハンズマン	860	860	860	860	1
7637	白 銅	1880	1920	1880	1900	23
7638	シーマ	489	490	489	490	7
7639	贔屓屋	900	902	900	900	4
7640	トップカル	1850	1900	1810	1810	15
7641	フォーユー	0	0	0	0	0
7642	ビジョン	1600	1600	1600	1600	6
7643	ダイイチ	480	485	480	485	3
7644	常盤薬品	710	710	710	710	1
7645	日本トイザ	15500	16000	15400	16000	14
7646	ＰＬＡＮＴ	2480	2480	2400	2400	10
7647	音通	201	201	198	200	3
7648	トーカン	1358	1369	1358	1358	3
7649	スギ薬局	10000	10000	10000	10000	1
7701	島津	465	469	462	466	255
7702	ＪＭＳ	425	440	422	422	14
7703	川澄化	996	998	996	998	6
7704	アロカ	1161	1185	1161	1161	10
7705	ジーエル	1820	1820	1820	1820	1
7706	セントラユニ	0	0	0	0	0
7711	助川電気	0	0	0	0	0
7713	シグマ光機	1120	1270	1120	1270	13
7714	モリテックス	9060	9500	9000	9380	14.6
7715	長野計器	0	0	0	0	0
7716	ナカニシ	1830	1830	1800	1830	9
7718	スター精	1401	1450	1401	1450	5
7719	東衡機	102	102	102	102	2
7720	ソキア	321	324	305	307	30
7721	トキメック	143	143	138	138	36
7723	愛時計	293	293	293	293	2
7724	金門	170	170	165	166	11
7726	黒田精	300	300	300	300	1
7727	オーバル	161	167	161	167	3
7728	電産トーソク	930	935	920	935	7
7729	東京精	10600	10890	10550	10610	99.3
7731	ニコン	3240	3380	3240	3320	580
7732	トプコン	407	407	397	398	14
7733	オリンパス	1948	1948	1912	1920	338
7734	理計器	418	423	418	420	11
7735	スクリン	820	825	809	814	514
7736	ユニオンＨＤ	106	109	106	108	4
7737	キャビン工業	0	0	0	0	0
7738	チノン	440	440	436	436	4
7739	キヤノン電	1099	1099	1070	1098	4
7740	タムロン	1070	1080	1050	1060	35
7741	ＨＯＹＡ	9460	9500	9370	9430	214
7743	シード	0	0	0	0	0
7744	ノーリツ鋼機	3140	3180	2970	2970	44.2
7750	ペンタックス	286	290	285	285	58
7751	キヤノン	4760	4810	4720	4760	3352
7752	リコー	1990	2055	1990	2005	2219
7753	ミノルタ	584	637	580	623	731
7756	電産コパル	1700	1700	1650	1669	67
7757	三協精	935	935	900	916	44
7758	セコニック	373	373	372	372	5
7762	シチズン	1097	1145	1090	1100	2002
7764	オリエント時計	175	175	170	175	4
7765	リコーエレメ	830	830	825	825	13
7768	ジェコー	0	0	0	0	0
7769	リズム	209	219	209	219	182
7770	ミヨタ	2700	2720	2700	2720	4
7771	日本精密	420	430	420	420	19
7856	萩原工業	813	838	813	838	2
7857	セキ	0	0	0	0	0
7858	小野産業	0	0	0	0	0
7859	アルメディオ	1330	1350	1330	1350	23
7860	エイベックス	10020	10150	9980	10050	20.4
7861	東京リスマ	1160	1170	1150	1170	12.5
7862	トッパンフォ	2265	2310	2260	2300	53.3
7864	フジシール	5600	5730	5600	5680	4.9
7865	ピープル	0	0	0	0	0
7866	アトラス	1440	1440	1390	1390	9.2
7867	トミー	3250	3250	3100	3150	30.9
7868	広済堂	1090	1090	1050	1051	4.8
7869	日本フォーム	0	0	0	0	0
7870	福島印刷	0	0	0	0	0
7871	フクビ	645	645	645	645	1
7872	エステール	635	635	635	635	0.9
7873	アーク	5060	5150	5050	5150	6
7874	スルガ	5100	5110	5100	5100	7.3
7875	竹田印刷	0	0	0	0	0
7876	三陽PAX	0	0	0	0	0
7877	永大化工	910	910	890	890	2
7878	光彩工芸	0	0	0	0	0
7879	ノダ	439	449	439	439	1.1
7880	南部化成	0	0	0	0	0
7881	ニッソー	110	110	110	110	1
7882	アロン化成	408	429	408	421	27
7883	サンメッセ	0	0	0	0	0
7884	本間ゴルフ	320	325	315	320	13.6
7885	タカノ	1320	1320	1300	1300	0.8
7886	ヤマト・イン	0	0	0	0	0
7887	南プラ	415	416	415	416	2
7888	三光合成	315	321	310	320	4
7889	桑山	550	560	550	560	2.6
7890	アテナ工業	810	810	810	810	1
7891	日本ユピカ	0	0	0	0	0
7892	宇部日東化成	330	335	325	335	7
7893	亜細亜	1400	1500	1400	1500	26
7895	中央化学	0	0	0	0	0
7896	セブン工業	352	352	352	352	3
7897	ホクシン	165	165	162	165	6.1
7898	ウッドワン	809	810	779	780	17
7899	オザキ軽化	440	440	435	435	6
7900	大出産業	0	0	0	0	0
7901	マツモト	0	0	0	0	0
7902	ソノコム	0	0	0	0	0
7903	名木材	0	0	0	0	0
7904	天竜木	64	64	60	60	4
7905	大建工	310	319	298	298	218
7906	ヨネックス	401	402	401	402	6
7907	日防腐	0	0	0	0	0
7908	きもと	545	545	540	540	93
7909	シーアイ化	400	400	400	400	1
7910	段谷産業	112	112	110	110	21
7911	凸版	1099	1109	1089	1090	1134
7912	大日印	1879	1888	1860	1867	722
7913	図書印	247	247	235	235	8
7914	共同印	370	370	361	370	47
7915	日写印	663	663	654	657	15
7916	光村印	430	430	402	403	12
7917	藤森工業	0	0	0	0	0
7918	ヴィアＨＤ	0	0	0	0	0
7919	野崎紙	279	279	270	270	3
7920	三浦印	400	400	400	400	5
7921	宝印刷	1600	1650	1600	1650	22
7922	三光産業	0	0	0	0	0
7923	トーイン	0	0	0	0	0
7925	前沢化成	1175	1175	1175	1175	1.2
7926	ベルテクノ	0	0	0	0	0
7927	ムトー精工	1380	1380	1380	1380	1
7928	旭化学	563	563	563	563	2
7929	新輝合成	380	380	380	380	1
7931	未来工業	1500	1500	1489	1489	3.5
7932	ニッピ	0	0	0	0	0
7933	ファイリング	0	0	0	0	0
7934	メルクス	80	80	80	80	2
7935	コンビ	720	740	720	735	31
7936	アシックス	119	122	116	121	219
7937	ツツミ	2190	2190	2150	2150	1
7938	リーガル	163	165	163	165	8
7939	研創	0	0	0	0	0
7940	ウェーブＨＤ	265	265	265	265	1
7942	ＪＳＰ	630	630	630	630	2
7943	ニチハ	748	749	745	746	8.9
7944	ローランド	2180	2200	2155	2175	10.3
7945	コマニー	0	0	0	0	0
7946	光陽社	0	0	0	0	0
7947	エフピコ	4350	4350	4150	4240	9.3
7948	ＡＷ・エモト	162	162	162	162	1
7949	小松ウオール	935	950	935	935	6
7950	日デコラ	0	0	0	0	0
7951	ヤマハ	986	1010	986	1010	189
7952	河合楽	160	165	160	165	30
7953	菊水化	0	0	0	0	0
7954	ジャレコ	458	485	458	485	111
7955	クリナップ	495	495	475	475	11
7956	ピジョン	1046	1049	1034	1040	8.3
7957	フジコピアン	192	192	186	187	11
7958	天馬	1190	1190	1185	1185	21
7959	オリバー	0	0	0	0	0
7960	パラマウント	5550	5640	5490	5550	42
7961	兼松日産農	189	223	189	223	43
7962	キングジム	0	0	0	0	0
7963	興研	450	450	450	450	3
7964	セガ	1375	1375	1276	1288	1103.5
7965	象印	555	555	540	540	28
7966	リンテック	1048	1048	1004	1004	26
7967	バンダイ	3400	3560	3400	3560	131
7968	田崎真珠	473	475	465	470	12
7969	タカラ	498	498	480	480	19
7970	信越ポリ	729	749	729	749	21
7971	東リ	204	204	201	201	18
7972	イトーキ	473	488	461	480	87
7973	ホウトク	0	0	0	0	0
7974	任天堂	17610	18090	17520	18030	173.1
7975	リヒトラブ	218	220	218	220	13
7976	菱鉛筆	859	859	840	841	7
7977	フランスベッド	434	434	420	420	12
7979	松風	0	0	0	0	0
7980	重松製	249	249	249	249	5
7981	タカラスタ	430	435	430	433	55
7983	ミロク	183	183	183	183	1
7984	コクヨ	1780	1780	1760	1770	47
7985	ネポン	247	247	247	247	1
7986	キング工	150	150	145	146	13
7987	ナカバヤシ	328	330	328	330	6
7988	ニフコ	1180	1200	1172	1200	134
7989	ブラインド	655	656	655	656	1.2
7990	ダイワ精	153	154	152	154	10
7991	マミヤＯＰ	295	299	282	288	11
7992	セーラー	1522	1581	1522	1560	151
7993	サンウエブ	217	220	217	220	17
7994	岡村製	392	400	392	397	44
7995	バルカー	178	179	175	178	41
7996	パイロット	428	428	426	426	3
7997	くろ工	232	232	231	231	2
7998	高島屋工作	359	359	359	359	1
7999	武藤工	323	345	323	331	34
8000	カイゲン	530	530	512	512	5
8001	伊藤忠	477	482	471	477	2595
8002	丸紅	320	320	312	320	1321
8003	トーメン	0	0	0	0	0
8004	ニチメン	100	100	97	99	234
8005	ムトウ	749	760	741	741	37
8006	ユアサフナ	175	175	173	173	14
8007	高島	126	128	125	128	14
8008	アスティ	0	0	0	0	0
8010	新興産業	0	0	0	0	0
8011	三陽商	300	300	295	297	54
8012	長瀬産	548	548	541	542	28
8013	ナイガイ	103	106	102	106	24
8014	蝶理	120	125	120	120	41
8015	豊田通商	405	420	405	419	262
8016	オンワード	1245	1245	1222	1229	62
8017	阪急共栄物産	160	160	160	160	1
8018	三共興	290	290	281	281	8
8019	市田	73	73	72	72	24
8020	兼松	90	92	88	90	59
8021	レナウン	125	128	124	127	409
8022	ミズノ	337	337	326	335	136
8023	大興電子	484	484	484	484	1
8024	シルバーＯＸ	486	490	486	490	6
8025	ツカモトＣ	176	176	160	160	35
8027	ルシアン	141	141	126	136	32
8028	ファミリーＭ	3660	3700	3600	3600	343.9
8029	ルック	214	215	210	210	17
8030	中央魚	200	200	191	191	8
8031	三井物	757	767	752	760	1125
8032	紙パ商	336	340	336	340	5
8033	ジーネット	63	63	60	60	13
8035	東エレク	13350	13550	13050	13200	690.7
8036	日立ハイテク	1448	1448	1438	1446	3
8037	カメイ	515	521	515	517	13
8038	東都水	408	433	406	430	213
8039	築地魚	0	0	0	0	0
8040	東ソワール	205	207	205	207	6
8041	魚市場	335	335	335	335	5
8042	マタイ	219	219	219	219	2
8043	スターゼン	222	223	222	223	21
8044	大都魚	138	138	138	138	1
8045	浜丸魚	0	0	0	0	0
8046	丸藤パ	145	145	139	140	15
8047	デジ・ネット	710	770	710	770	7
8048	シャディ	2390	2495	2350	2395	12.7
8049	ＥＩＥ	351	355	330	330	20
8050	セイコー	560	569	549	551	89
8051	山善	189	191	189	190	32
8052	椿本興	180	182	180	182	10
8053	住友商	1010	1016	996	1006	795
8056	ユニシス	1755	1755	1725	1730	56.7
8057	内田洋	585	591	585	588	34
8058	三菱商	830	849	830	848	638
8059	第一実	192	195	192	193	21
8060	キヤノン販	1771	1804	1771	1800	39
8061	西華産	168	168	165	166	40
8063	日商岩井	108	109	107	109	681
8064	金商	125	125	120	124	22
8065	佐藤商	385	385	385	385	2
8066	三谷商	0	0	0	0	0
8067	トミヤアパ	322	325	322	322	14
8068	菱洋エレク	1749	1749	1709	1716	44
8070	東京産	330	331	329	330	62
8071	東海物産	0	0	0	0	0
8072	出版貿	0	0	0	0	0
8073	Ｔ・ＺＯＮＥ	361	361	360	361	6
8074	ユアサ商	147	147	142	142	28
8075	神鋼商	166	166	162	164	17
8076	カノークス	0	0	0	0	0
8077	小林産	190	190	190	190	1
8078	阪和興	110	110	106	108	170
8079	正栄食	470	470	465	465	7
8080	ジョイス	1080	1100	1080	1080	1.2
8081	カナデン	486	487	486	487	4
8083	サンテレ	304	304	304	304	2
8084	菱電商	371	373	365	365	80
8085	ナラサキ産業	160	160	160	160	1
8086	ニプロ	890	910	890	900	9
8087	フルサト	0	0	0	0	0
8088	岩谷産	211	211	207	209	175
8089	ナイス	260	273	260	270	168
8090	昭光通商	149	153	149	151	40
8091	ニチモウ	132	132	125	126	45
8092	富士通シス	2895	2895	2800	2820	27.3
8093	極東貿易	690	690	680	686	39
8095	イワキ	0	0	0	0	0
8096	兼松エレク	495	495	495	495	2
8097	三愛石	294	295	293	293	16
8098	稲畑産	631	650	631	650	53
8100	藤井	69	69	69	69	11
8101	ＧＳＩクレ	146	146	140	140	50
8103	明和産	125	125	120	121	14
8105	丸正	140	140	140	140	1
8107	キムラタン	73	73	70	73	8
8109	山洋工	0	0	0	0	0
8110	川鉄商事	123	124	120	120	20
8111	ゴルドウイン	142	142	140	140	10
8112	東スタイル	1055	1057	1015	1040	42
8113	ユニチャーム	6380	6380	6070	6160	76.1
8114	デサント	212	212	205	208	9
8115	ムーンバット	111	111	111	111	1
8116	ダーバン	286	287	278	279	196
8117	中央自	0	0	0	0	0
8118	キング	160	161	160	160	33
8119	三栄コ	0	0	0	0	0
8120	大木	218	218	218	218	1
8123	川辺	0	0	0	0	0
8125	ワキタ	283	285	283	285	10
8126	三光純薬	425	426	420	425	6
8127	ヤマトインタ	127	127	127	127	1
8128	エフワン	55	55	54	54	22
8129	東邦薬	430	430	430	430	1
8130	サンゲツ	1650	1650	1620	1620	23
8131	ミツウロコ	578	585	578	585	18
8132	シナネン	399	401	396	396	25
8133	伊藤忠エネ	353	353	352	353	14
8134	ＴＯＫＡＩ	969	969	940	940	169
8135	ゼット	123	123	123	123	1
8136	サンリオ	2670	2695	2650	2675	84.7
8137	サンワテク	640	640	640	640	3
8138	三京化	235	235	230	230	4
8139	ナガホリ	260	260	245	245	9
8140	リョーサン	2010	2040	2010	2015	24
8141	新光商	865	893	856	893	14
8142	トーホー	830	830	825	825	7
8143	ラピーヌ	92	92	92	92	5
8144	電響社	400	410	400	410	5
8145	中部水産	343	343	343	343	4
8146	小杉産	132	132	132	132	5
8147	トミタ	220	220	220	220	1
8148	上原成	0	0	0	0	0
8150	三信電	753	771	752	769	29
8151	東陽テク	3030	3030	2990	2995	105
8152	ソマール	250	254	250	254	5
8153	モスフード	1122	1180	1101	1101	85
8154	加賀電子	1370	1370	1320	1320	17
8155	三益半導	1700	1717	1677	1701	38.6
8156	ガステック	510	511	505	510	23
8157	都築電	556	569	555	555	5
8158	ソーダニッカ	188	190	188	190	3
8159	立花エレ	612	612	612	612	2
8160	木曽路	1200	1235	1200	1235	3
8161	エイデン	873	873	868	869	10
8163	サトＲＳ	0	0	0	0	0
8164	キャビン	135	135	128	130	13
8165	千趣会	960	960	920	920	20
8166	タカキュー	140	142	135	140	46.5
8167	丸久	0	0	0	0	0
8168	ケーヨー	535	535	525	535	9.2
8169	宝船	0	0	0	0	0
8170	アデランス	4000	4000	3700	3970	70.2
8171	ＭＶ中部	525	525	525	525	1
8172	第一家庭電器	61	61	60	61	75
8173	上新電	305	305	297	297	25
8174	日ガス	600	600	576	576	5
8175	ベスト電	740	744	738	744	55
8176	西洋フードシス	380	383	380	380	12
8178	マルエツ	332	336	332	335	8
8179	ロイヤルＨＤ	1010	1030	1010	1030	5
8180	すかいらく	3910	4120	3900	4080	235
8181	東天紅	385	385	350	350	353
8182	いなげや	0	0	0	0	0
8183	セブン−イレブン	7840	7860	7640	7830	503
8184	島忠	1930	1980	1930	1963	214.1
8185	チヨダ	594	594	564	565	3
8186	大塚家具	7500	7500	7000	7100	16.9
8188	ヨークベニ	2660	2675	2560	2625	26.1
8189	マツヤデンキ	329	329	321	321	4
8190	ヤマナカ	1790	1790	1790	1790	1
8191	光製作	0	0	0	0	0
8192	中川無線	128	128	119	127	22
8193	鈴丹	163	163	156	158	35
8194	ライフコーポ	640	649	640	649	2
8195	デニーズジャパン	2100	2100	2090	2090	7
8196	カスミ	454	454	451	451	2
8197	東急ストア	328	330	328	329	15
8199	デオデオ	890	899	870	870	60.8
8200	リンガハット	1140	1140	1115	1138	2.2
8201	さが美	346	346	339	339	62
8202	ラオックス	550	550	532	532	13
8203	ＭｒＭａｘ	400	400	391	394	17.8
8204	ジョナサン	1470	1470	1470	1470	1
8205	シャクリー	0	0	0	0	0
8206	アポロイン	120	120	120	120	4
8207	テンアライド	442	442	425	428	6.1
8208	エンチョー	0	0	0	0	0
8209	フレンドリ	0	0	0	0	0
8210	フットワーク	221	222	221	221	21
8211	相鉄ローゼ	531	536	531	536	4
8212	オーク	165	165	165	165	1
8213	トステムビバ	337	341	335	335	11
8214	アオキインタ	376	389	376	387	38.9
8215	銀座山形屋	258	258	258	258	1
8216	フォルクス	560	560	560	560	1
8217	オークワ	891	891	860	860	14
8218	コメリ	2950	2990	2945	2965	9.3
8219	青山商	1502	1520	1502	1510	86.1
8225	タカチホ	0	0	0	0	0
8226	理経	418	420	415	420	34
8227	しまむら	9400	9560	9370	9450	46.8
8228	マルイチ	0	0	0	0	0
8229	ＣＦＳコーポ	981	990	981	990	3.5
8230	はせがわ	685	685	685	685	1
8231	三越	395	402	395	401	441
8232	東急百貨店	87	90	87	90	110
8233	高島屋	798	804	784	786	222
8234	大丸	329	329	320	323	55
8235	松坂屋	280	280	275	276	69
8236	丸善	335	398	332	383	17061
8237	松屋	415	415	415	415	3
8238	伊勢丹	961	983	958	972	499
8239	横浜松坂屋	90	90	90	90	2
8240	サッポロライオン	620	620	620	620	1
8241	阪神百貨店	0	0	0	0	0
8242	阪急百	566	567	559	559	56
8243	そごう	11	11	10	10	1959
8244	近鉄百貨店	120	120	111	111	5
8245	丸栄	260	260	260	260	2
8247	大和	235	235	235	235	2
8248	ニッセン	406	419	401	401	24
8249	東洋物	0	0	0	0	0
8250	小松ストアー	0	0	0	0	0
8251	パルコ	369	369	366	366	41
8252	丸井	1750	1750	1690	1718	1331
8253	クレセゾン	2230	2275	2200	2225	410.1
8254	さいか屋	0	0	0	0	0
8255	原信	0	0	0	0	0
8256	プロルート	251	251	250	250	44.5
8257	山陽百	2750	2750	2750	2750	0.1
8258	ＯＭＣカード	400	404	400	400	84
8259	十字屋	60	61	58	61	69
8260	井筒屋	195	210	192	209	504
8261	ｼ鉄百貨店	289	289	289	289	2
8263	ダイエー	311	318	310	312	694
8264	イトーヨーカ堂	5590	5680	5580	5600	2610
8265	壽屋	144	148	144	148	14
8266	イズミヤ	815	815	799	810	60
8267	イオン	2070	2085	2050	2070	461
8268	西友	408	410	395	401	342
8269	マイカル	319	329	319	327	1270
8270	ユニー	1181	1200	1181	1190	162
8273	イズミ	1250	1250	1222	1239	21
8274	東武ストア	195	197	195	197	7
8275	フォーバル	2150	2150	2100	2110	5.9
8276	平和堂	790	791	765	784	15
8278	フジ	1950	1950	1912	1950	113.8
8279	ヤオコー	1300	1300	1280	1280	14.3
8280	富士冷機	421	421	415	415	22
8281	ゼビオ	2040	2130	2040	2130	13.2
8282	ギガスケーズ	2640	2640	2600	2610	16.3
8283	パルタック	500	500	500	500	1
8285	三谷産業	469	469	469	469	4
8287	ＭＶ西日本	1130	1130	1130	1130	5
8289	オリンピック	2240	2240	2240	2240	0.2
8290	デンコードー	710	710	710	710	1
8291	東日カーライフ	198	198	190	190	8
8292	東いすず	0	0	0	0	0
8293	愛トヨ	0	0	0	0	0
8295	キャノンシステム	749	749	722	722	7
8298	ファミリー	255	260	255	260	2
8299	大栄太源	0	0	0	0	0
8301	日銀	78000	78000	78000	78000	0.1
8302	興業銀行	730	759	730	750	5475
8311	第一勧銀	728	758	728	750	5383
8314	さくら銀行	668	696	666	691	8102
8315	東京三菱銀	1180	1221	1173	1213	7443
8317	富士銀行	750	773	748	763	8454
8318	三井住友銀行	1170	1217	1166	1213	8898
8319	大和銀行	259	262	258	262	1177
8320	三和銀行	915	925	906	923	6256
8321	東海銀行	492	498	490	496	2770
8322	あさひ銀行	415	431	400	403	6954
8324	第四銀	399	399	386	391	186
8325	北越銀	316	316	308	308	46
8326	福岡銀	636	660	636	654	956
8327	西日本シティ銀	437	437	432	435	35
8331	千葉銀	428	430	425	429	449
8332	横浜銀	442	446	434	446	562
8333	常陽銀	370	375	368	375	527
8334	群馬銀	552	555	540	550	236
8335	足利銀行	213	214	210	214	208
8336	武蔵銀	4230	4230	4180	4200	12.4
8337	千葉興	1220	1220	1200	1200	17.8
8338	関東つくば銀	1420	1420	1413	1413	3.2
8339	都民銀	3430	3430	3400	3400	5
8341	七十七	812	812	804	807	446
8342	青森銀	494	494	490	494	52
8343	秋田銀	435	435	426	434	93
8344	山形銀	565	565	562	565	39
8345	岩手銀	4080	4080	4030	4080	5
8346	東邦銀	402	402	395	400	107
8349	東北銀	209	209	209	209	37
8350	みちのく銀	683	683	681	682	10
8353	北海道銀行	135	135	133	134	45
8355	静岡銀	900	904	896	904	216
8356	十六銀	480	480	476	478	111
8357	北陸銀行	247	247	245	245	246
8358	スルガ銀	1600	1652	1600	1652	208
8359	八十二	600	600	598	598	170
8360	山梨銀	385	391	380	389	105
8361	大垣共立	569	569	560	560	30
8362	福井銀	298	298	290	292	126
8363	北国銀	464	464	459	459	90
8364	清水銀	4500	4500	4430	4430	5
8365	富山銀	472	472	465	465	2
8366	滋賀銀	490	490	488	488	13
8367	南都銀	530	533	529	529	157
8368	百五銀	440	440	440	440	27
8369	京都銀	510	510	505	507	37
8370	紀陽銀	284	284	280	280	416
8371	近畿大阪銀	0	0	0	0	0
8372	泉州銀	370	370	356	356	29
8374	三重銀	510	510	509	509	15
8375	池田銀	5490	5490	5410	5410	2.8
8379	広島銀	389	389	385	385	77
8380	山口銀	678	683	677	683	71
8381	山陰合銀	618	618	605	605	78
8382	中国銀	932	932	920	920	17
8383	鳥取銀	384	384	379	380	66
8385	伊予銀	657	657	651	653	16
8386	百十四	640	640	630	630	67
8387	四国銀	645	645	639	639	18
8388	阿波銀	504	504	499	499	107
8390	鹿児銀	415	415	410	412	72
8391	親和銀行	335	335	329	330	38
8392	大分銀	498	498	494	494	70
8393	宮崎銀	361	366	355	355	67
8394	肥後銀	411	411	403	403	36
8395	佐賀銀	370	370	362	362	30
8396	十八銀	402	402	399	399	105
8397	沖縄銀	2480	2480	2475	2475	4.1
8399	琉球銀	1563	1563	1550	1560	3.9
8402	三菱信託	706	745	702	738	3268
8403	住友信	720	732	711	730	902
8404	みずほ信託銀	122	123	120	123	1312
8405	日本信託	130	131	124	126	156
8407	東洋信託	331	333	323	328	1116
8408	中央三井信	364	368	353	355	1579
8489	アプレック	0	0	0	0	0
8493	インター	1608	1648	1608	1611	3.9
8507	学研クレジット	0	0	0	0	0
8508	イッコー	700	720	690	720	754
8511	日証金	530	530	524	529	115
8512	大証金	280	280	270	270	6
8513	中証金	0	0	0	0	0
8515	アイフル	8850	8880	8650	8650	75.35
8518	アジア投資	575	635	570	615	552
8519	ポケットＣ	2900	2990	2800	2835	40.4
8520	殖産銀行	418	418	403	405	23
8521	長野銀	475	475	464	464	16
8522	名古屋銀	638	638	626	635	33
8524	北洋銀行	637	638	625	631	61
8527	愛知銀	7380	7400	7380	7390	3
8528	岐阜銀	219	219	219	219	17
8529	第三銀	460	460	459	460	50
8530	中京銀	443	443	434	439	32
8533	広島総合銀行	444	444	439	444	31
8536	東日銀	619	619	615	616	22
8537	大光銀	300	300	300	300	23
8539	福岡シティ銀	485	485	480	480	160
8541	愛媛銀	467	467	467	467	32
8542	トマト銀	370	370	370	370	1
8543	みなと銀	235	237	235	237	68
8544	京葉銀	307	307	302	302	40
8545	関西アーバン	153	153	146	147	42
8548	九州銀行	310	313	310	310	8
8549	せとうち銀行	0	0	0	0	0
8550	栃木銀	660	660	640	640	19
8551	北日銀	5780	5780	5710	5770	4
8552	びわこ銀	295	295	295	295	21
8556	香川銀	550	550	545	545	73
8558	東和銀	439	439	432	435	26
8561	徳島銀	745	745	721	730	49
8562	福島銀	330	330	330	330	5
8563	大東銀	330	330	330	330	6
8564	武富士	11400	11400	11040	11150	121.9
8565	三洋クレ	5000	5000	4870	4890	0.4
8566	リコーリース	2540	2540	2510	2530	39.9
8567	クレディア	1901	1910	1890	1890	6.6
8568	シンキ	1850	1850	1790	1791	33.6
8569	ユニココーポ	1050	1050	1050	1050	0.5
8570	イオンクレ	6420	6420	6250	6320	40.6
8571	ニッシン	4970	4970	4910	4940	5.6
8572	アコム	8400	8400	8220	8350	44.8
8573	三洋信販	3540	3540	3480	3490	13.8
8574	プロミス	7450	7470	7360	7450	265.8
8577	ロプロ	1060	1170	1000	1045	656.9
8579	東京リース	602	602	602	602	1
8580	ファーストクレジット	290	290	280	282	122
8583	日信販	225	225	222	223	488
8584	ジャックス	349	350	345	347	61
8585	オリコ	437	452	437	451	771
8586	日立キャピ	2715	2830	2700	2800	116.2
8587	ライフ	3	3	2	2	941
8588	セントラル	314	314	309	309	11
8589	アプラス	121	121	119	119	23
8591	オリックス	14100	14960	14020	14810	228.5
8592	住商リース	1490	1521	1488	1520	24
8593	ダイヤリース	1380	1380	1379	1379	3
8595	ジャフコ	13800	14600	13600	14400	150
8597	ＳＦＣＧ	13700	15000	13700	14000	162.82
8599	ＵＦＪセント	522	522	522	522	1
8601	大和証Ｇ	1185	1200	1165	1180	4615
8603	日興コーデ	858	864	848	850	4809
8604	野村ＨＤ	2100	2170	2080	2110	6786
8606	新光	376	386	372	375	1109
8607	みずほイン証	210	213	202	212	419
8609	岡三ＨＤ	715	717	710	714	146
8610	さくらフレンド	270	274	269	273	130
8611	コスモ証	226	228	221	222	129
8613	丸三	648	648	635	640	52
8614	東洋	325	330	325	327	82
8615	三菱証	1251	1290	1251	1285	550
8616	東海東京	330	334	326	329	148
8617	光世	250	268	250	267	74
8620	東海丸万	570	580	570	570	51
8621	ＵＦＪつばさ証券	519	526	511	516	218
8622	水戸	350	358	349	352	18
8623	ＳＭＢＣ証	295	301	295	300	33.5
8624	いちよし証	675	675	669	670	50
8625	高木	302	315	300	315	31
8691	証券代	0	0	0	0	0
8692	だいこう	447	447	447	447	1
8742	小林洋行	1400	1400	1340	1340	4.4
8743	ひまわり証	213	213	213	213	1
8744	日本ユニコム	899	899	899	899	2
8745	グローバリー	0	0	0	0	0
8746	第一商品	320	320	320	320	2
8747	豊商事	0	0	0	0	0
8748	岡藤商事	0	0	0	0	0
8749	エース交易	290	299	290	299	7
8751	東京海上火災	1121	1128	1093	1101	1781
8752	三井住友海上	482	490	481	487	1211
8753	住友海上火災	596	609	591	600	1752
8754	日本興亜	368	378	368	374	395
8755	損害保険Ｊ	502	510	497	510	358
8756	日産火災海上	338	338	333	337	64
8757	日新火	242	242	232	232	39
8758	千代田火災	332	340	332	337	41
8759	ニッセイ同和	266	271	266	270	54
8760	日動火災海上	563	568	560	564	134
8761	あいおい損保	378	382	378	381	139
8762	興亜火災	362	372	362	368	173
8763	富士火	219	224	218	224	132
8764	太陽火災	0	0	0	0	0
8765	大成火災海上	224	224	220	220	7
8801	三井不	1110	1110	1062	1087	870
8802	菱地所	1150	1160	1114	1148	1536
8803	平和不	270	272	270	271	113
8804	東建物	220	225	218	224	228
8805	中央地	112	116	112	116	16
8806	ダイビル	795	803	794	800	114
8809	サンケビル	438	439	433	437	22
8810	港振興	954	954	954	954	0.1
8815	東急不	135	135	127	128	441
8817	阪急不動産	364	364	360	361	12
8818	京阪神不	328	336	328	333	4
8821	立飛企	2300	2300	2300	2300	6
8829	大和団地	234	235	227	234	30
8830	住友不	443	460	443	448	1307
8832	小田急不	220	220	220	220	2
8833	東宝不	396	396	386	392	17
8834	藤和不	58	60	57	58	97
8835	太平発	125	126	120	123	26
8836	ヒューネット	519	519	503	515	229
8838	有楽地	170	170	163	165	32
8839	ニチモ	89	89	87	89	78
8840	大京	235	235	226	227	231
8841	テーオーシー	812	820	800	815	19
8842	楽天地	370	370	355	355	3
8844	リクコスモス	472	481	472	472	22
8845	セザール	258	260	250	250	41
8846	積和不動産	0	0	0	0	0
8848	レオパレス	320	320	310	310	42
8850	スターツ	780	780	780	780	1
8851	アバンライフ	190	190	190	190	1
8852	積和不動関西	350	353	346	346	12
8853	ダイヤシティ	360	360	360	360	1
8854	日住	274	274	270	270	5
8855	全日空ビル	154	154	154	154	1
8857	三井不動販売	588	588	559	559	13
8858	ダイア建	254	257	235	257	13
8860	フジ住	482	492	482	492	3
8863	積和不動中部	0	0	0	0	0
8864	空港施設	431	432	430	430	33
8865	神鋼興産	270	270	270	270	14
8866	コマーシャル	260	280	260	280	4
8867	横浜地下街	0	0	0	0	0
8868	ＵＲＢＡＮ	2050	2050	1950	2010	37.4
8869	明和地所	2720	2730	2690	2695	10.8
8870	住不販売	3450	3450	3360	3360	2.3
8871	ゴールドクレ	10300	10600	10100	10100	10.9
8872	エイブル	0	0	0	0	0
8873	積和不動中国	440	440	440	440	2
8874	ジョイント	3280	3280	3160	3160	4.7
8875	東栄住宅	1490	1500	1470	1500	7.6
8876	リロＨＤ	7200	7280	7200	7250	4.2
8877	エスリード	1300	1300	1250	1299	6
8878	日綜地所	1600	1600	1510	1510	16
8879	東急リバブル	690	690	690	690	25
8880	飯田産業	1380	1400	1360	1380	7
8881	日神不動産	1450	1450	1400	1410	11.1
8882	ゼファー	1730000	1820000	1730000	1800000	0.046
9001	東武	307	310	307	310	226
9002	西武鉄道	1490	1515	1485	1496	16
9003	相鉄	290	291	287	287	54
9004	箱根登山鉄道	289	290	289	289	13
9005	東急	536	555	535	538	2120
9006	京急	407	411	407	409	356
9007	小田急	385	385	382	385	229
9008	京王	434	434	430	434	159
9009	京成	266	267	264	265	312
9010	富士急	350	350	350	350	7
9012	秩父鉄	160	160	160	160	3
9013	伊豆箱根鉄道	0	0	0	0	0
9014	新京成	300	300	300	300	5
9017	新潟交	265	265	265	265	2
9019	伊豆急行	2300	2300	2300	2300	0.4
9020	ＪＲ東日本	601000	609000	598000	600000	6.138
9021	ＪＲ西日本	470000	470000	450000	459000	1.822
9022	ＪＲ東海	608000	615000	601000	607000	0.46
9031	西鉄	280	281	279	279	143
9033	広電鉄	1162	1162	1162	1162	6
9036	東部ネット	0	0	0	0	0
9037	ハマキョウ	1380	1420	1380	1420	6
9038	東海西濃	0	0	0	0	0
9039	サカイ引越	2450	2450	2395	2395	0.4
9040	大宝運輸	0	0	0	0	0
9041	近鉄	454	454	445	450	474
9042	阪急ＨＤ	359	360	357	358	239
9043	阪神	298	299	297	298	72
9044	南海電	425	425	423	425	151
9045	京阪電	346	346	345	345	61
9046	神電鉄	426	427	426	426	7
9047	名糖運輸	1300	1300	1300	1300	0.2
9048	名鉄	304	304	303	304	79
9049	京福電	0	0	0	0	0
9050	三重交	350	350	350	350	7
9051	センコン物流	0	0	0	0	0
9052	山陽電	280	281	280	281	3
9053	中央運輸	0	0	0	0	0
9054	大和物流	540	550	535	540	7
9055	アルプス物流	790	790	756	756	3
9056	ヒューテック	1180	1180	1170	1170	6
9057	遠州トラック	750	750	750	750	1
9058	トランコム	499	510	495	510	4
9059	カンダ	300	300	300	300	3
9060	日ロジテム	390	390	385	390	6
9061	富士物流	200	200	200	200	2
9062	日通	620	640	620	635	1173
9063	岡県運送	0	0	0	0	0
9064	ヤマト運	2480	2495	2450	2465	537
9065	山九	92	95	91	91	81
9066	日新	177	180	175	179	94
9067	丸運	230	230	230	230	5
9068	丸全運	208	210	206	210	23
9069	センコー	226	230	224	225	35
9070	トナミ	214	214	213	213	13
9072	日梱包	709	709	700	705	19
9073	京極運	0	0	0	0	0
9074	日石輸	200	201	198	199	9
9075	福山運	630	640	610	610	333
9076	西濃運	599	599	584	585	237
9077	名鉄運	331	340	331	340	4
9078	エスライン	300	300	300	300	5
9079	東急ロジ	0	0	0	0	0
9080	関東西濃	0	0	0	0	0
9081	神奈交	0	0	0	0	0
9082	大和自	0	0	0	0	0
9083	神姫バ	461	461	461	461	1
9086	日立物流	601	602	600	600	15
9087	タカセ	237	240	236	236	9
9088	濃飛西濃	0	0	0	0	0
9089	ロジパル	0	0	0	0	0
9101	郵船	509	510	499	503	4221
9104	商船三井	213	221	211	220	3449
9107	川崎汽	191	194	190	193	763
9110	新和海	78	78	76	77	53
9113	乾汽船	71	71	71	71	1
9114	日之出汽船	47	48	45	45	27
9115	明治海	171	174	170	174	3
9119	飯野海	159	159	156	156	28
9123	太平海	52	55	52	55	19
9127	玉井船	43	43	43	43	5
9130	共栄タ	121	121	121	121	2
9132	第一汽	57	58	55	55	98
9133	東栄リーファ	0	0	0	0	0
9151	東京船舶	0	0	0	0	0
9152	関西汽	56	57	55	55	20
9171	栗林船	0	0	0	0	0
9173	東海汽	330	330	330	330	1
9174	ワンダーＴ	380	385	375	375	22
9176	佐渡汽	0	0	0	0	0
9178	日鉄物流	410	410	410	410	1
9179	川崎近海	199	199	199	199	3
9180	新和内航	0	0	0	0	0
9193	東京汽	335	335	335	335	1
9201	日本航空	477	479	470	477	3000
9202	ＡＮＡ	340	341	335	340	1225
9203	日本エアシス	3800	3800	3760	3760	0.7
9204	スカイマーク	190000	190000	186000	186000	0.014
9231	国際航	620	620	610	612	13
9232	パスコ	525	536	525	535	27
9233	アジア航	360	360	359	359	6
9301	三菱倉	842	867	838	867	139
9302	三井倉	216	223	216	220	226
9303	住友倉	335	335	327	330	263
9304	渋沢倉	263	263	259	260	24
9305	ヤマタネ	135	135	132	132	19
9306	東陽倉	205	210	205	210	4
9307	杉村倉	470	470	470	470	1
9308	イヌイ建	424	424	420	420	10
9309	京神倉庫	0	0	0	0	0
9310	トランシティ	200	204	200	200	19
9311	アサガミ	204	204	204	204	2
9312	ケイヒン	150	150	149	149	9
9313	丸八倉	163	163	163	163	1
9314	品川倉	0	0	0	0	0
9317	オーナミ	0	0	0	0	0
9318	Ｊブリッジ	0	0	0	0	0
9319	中央倉	550	550	550	550	3
9320	三和倉	0	0	0	0	0
9321	アイロジステ	0	0	0	0	0
9322	川西倉	0	0	0	0	0
9323	ロジステック	0	0	0	0	0
9324	安田倉	389	389	389	389	1
9351	洋埠頭	173	175	170	171	47
9353	桜島埠	0	0	0	0	0
9355	リンコー	146	159	146	159	2
9357	名港海	0	0	0	0	0
9358	宇徳運	139	139	139	139	6
9359	伊勢湾	0	0	0	0	0
9360	鈴与シンワ	0	0	0	0	0
9361	伏木運	260	260	260	260	2
9362	兵機海	0	0	0	0	0
9363	大運	0	0	0	0	0
9364	上組	523	532	516	530	342
9365	トレーディア	0	0	0	0	0
9366	サンリツ	760	760	749	750	0.9
9367	大東港運	120	120	115	115	13
9368	キムラユニテ	0	0	0	0	0
9369	キユソ流通	0	0	0	0	0
9370	郵船航空	2400	2400	2390	2400	13.7
9373	ニッコウトラ	2610	2610	2610	2610	2
9401	ＴＢＳ	4150	4150	4080	4090	341
9402	ＣＢＣ	1150	1150	1150	1150	0.1
9404	日テレ	57900	58900	57100	57800	22.04
9405	朝日放	10250	10290	10100	10290	0.76
9408	新潟放	865	865	865	865	0.1
9431	ＫＤＤ	9200	9300	9100	9160	40.3
9432	ＮＴＴ	1330000	1350000	1330000	1340000	15.9
9433	ＫＤＤＩ	863000	870000	849000	851000	4.913
9434	ボーダフォン	4000000	4000000	3900000	3910000	0.202
9435	光通信	4900	4900	4700	4830	84.3
9436	沖縄セルラー	490000	490000	480000	480000	0.035
9437	ＮＴＴドコモ	2830000	2850000	2800000	2820000	5.049
9438	ＭＴＩ	480000	485000	451000	470000	0.185
9439	ビーアイジー	850000	850000	790000	790000	0.008
9441	ベルパーク	1890000	1890000	1810000	1830000	0.005
9449	ＧＭＯインター	3100	3150	2850	3050	45
9470	学研	199	199	188	191	163
9471	文渓堂	659	659	659	659	1
9472	エスコム	405	405	396	399	41
9473	アスキー	1010	1010	970	990	26
9474	ゼンリン	2980	2980	2800	2830	5.9
9475	昭文社	2600	2640	2590	2590	40.9
9476	中央経済	0	0	0	0	0
9477	角川ＨＤ	9800	9890	9760	9800	18.1
9478	翔泳社	2080000	2080000	2050000	2050000	0.002
9501	東電	2570	2570	2545	2555	801.7
9502	中部電	1910	1912	1892	1907	402.8
9503	関西電	1880	1884	1850	1869	231.5
9504	中国電	1625	1635	1585	1589	421.9
9505	北陸電	1405	1405	1390	1392	35.6
9506	東北電	1420	1420	1400	1408	277.4
9507	四国電	1400	1405	1390	1395	101
9508	九州電	1570	1579	1560	1570	454.7
9509	北海電	1395	1395	1372	1390	121.4
9511	沖縄電	1985	1995	1985	1990	3.5
9531	東ガス	266	268	259	262	2788
9532	大ガス	284	288	275	280	2682
9533	邦ガス	210	210	206	208	100
9534	北ガス	196	196	195	195	5
9535	広ガス	260	260	260	260	6
9536	西部ガス	161	161	158	158	66
9537	北陸ガ	0	0	0	0	0
9539	葉ガス	260	260	260	260	1
9540	中ガス	0	0	0	0	0
9541	大多喜ガス	359	359	359	359	2
9542	新日ガス	0	0	0	0	0
9600	アイネット	895	895	875	875	2
9601	松竹	535	535	525	526	30
9602	東宝	18050	18050	17900	17950	2.6
9603	ＨＩＳ	4500	4570	4500	4560	19
9604	際放映	190	190	190	190	1
9605	東映	695	709	695	704	239
9607	葵プロ	1390	1400	1390	1390	18
9608	福山コンサル	0	0	0	0	0
9609	ベンチャーリ	7050	7340	6950	7290	30.6
9610	ウィルソン	3360	3360	3160	3170	6.2
9611	Ｄワンダー	0	0	0	0	0
9612	ラックランド	2400	2400	2390	2390	0.2
9613	ＮＴＴデータ	971000	996000	969000	995000	3.909
9614	ベルシス24	46900	48500	46900	47000	5.95
9615	東京美装	0	0	0	0	0
9616	共立メンテ	2800	2990	2800	2850	2.7
9618	エームサービス	1300	1300	1280	1280	2
9619	イチネン	995	995	995	995	0.5
9620	スクウェア	6500	6500	5710	5730	312.1
9621	建設技研	610	611	610	610	1.6
9622	スペース	483	488	481	483	4.9
9623	キヤノンソフ	750	750	750	750	1
9624	長大	465	480	465	480	4.5
9625	セレスポ	195	200	195	200	5
9626	日本技開	220	220	220	220	1
9627	アインファマ	1410	1410	1390	1390	2
9628	燦ＨＤ	4600	4600	4600	4600	0.8
9629	ＰＣＡ	3050	3100	3010	3100	24
9630	アップ	0	0	0	0	0
9631	東急レク	586	586	585	585	3
9632	スバル	360	360	345	346	6
9633	テアトル	190	192	185	192	10
9634	修学社	520	525	510	525	8
9635	武蔵野	499	499	499	499	1
9636	きんえい	330	330	330	330	4
9637	オーエス	790	790	790	790	1
9638	情報技術	811	811	811	811	1
9639	三協フロンテ	310	310	307	307	3
9640	セゾン情報	741	741	741	741	1
9641	サコス	129	129	125	128	1.8
9642	コマスタ	10000	10000	10000	10000	0.2
9643	中日興	0	0	0	0	0
9644	タナベ経営	395	395	390	390	2.6
9645	ダイヤモンドコン	1140	1220	1140	1200	4.6
9646	タイトー	98000	98500	97000	97500	0.225
9647	協和コンサル	0	0	0	0	0
9648	ウエスコ	308	310	308	310	1.3
9649	明電エンジニア	665	668	650	665	8.6
9650	テクモ	1480	1488	1450	1450	17.5
9651	日本プロセス	750	750	750	750	1
9652	日本医療	1980	1990	1890	1950	36.9
9653	ＳＢＩパートナ	795	795	795	795	1
9654	コーエー	3590	3590	3380	3400	18
9656	三井ランド	628	628	600	602	1.6
9657	コムテック	0	0	0	0	0
9658	ビジ太田昭	727	727	715	725	5
9660	ＣＲＣソリュ	1580	1580	1550	1550	3
9661	歌舞伎	0	0	0	0	0
9662	アイフル	620	620	620	620	7
9663	ナガワ	730	750	730	740	12
9664	御園座	0	0	0	0	0
9665	吉本興	1150	1155	1130	1149	43
9667	ホリプロ	0	0	0	0	0
9668	相鉄企業	450	450	450	450	1
9669	オークネット	5380	5380	5250	5250	3.7
9671	よみランド	369	370	369	370	11
9672	東競馬	133	135	131	134	85
9673	甲子園土地	75	75	75	75	1
9674	花月園	200	200	200	200	1
9675	常磐興	150	150	145	145	42
9676	松戸公産	457	457	457	457	3
9677	日本ジャンボ	755	755	755	755	0.2
9678	カナモト	720	738	720	738	27
9679	ホウライ	0	0	0	0	0
9680	共成レンテム	0	0	0	0	0
9681	東京ドーム	468	477	467	477	69
9682	ＤＴＳ	6300	6380	6220	6220	40.4
9684	スク・エニ	5700	5700	5520	5520	16.6
9685	共同コンＨＤ	330	330	330	330	1
9686	東洋テック	495	495	495	495	2
9687	ＫＳＫ	632	632	632	632	1
9689	グリンハウス	1600	1600	1600	1600	1
9691	両毛システム	2000	2000	2000	2000	1
9692	シーイーシー	1540	1554	1525	1531	12.5
9694	日立ソフト	10100	10330	10000	10240	61.3
9695	鴨川グランド	0	0	0	0	0
9696	ウィザス	360	370	360	370	3
9697	カプコン	3350	3510	3300	3460	164.4
9698	クレオ	1080	1080	1050	1050	7
9699	西尾レント	720	720	710	720	7.1
9700	エスアールエル	1150	1150	1120	1120	16
9701	会舘	260	260	260	260	17
9702	アイエスビー	2000	2000	2000	2000	1
9703	ジェネラスコーポ	104	105	104	104	23
9704	東海観	84	85	83	84	618
9706	日本空港ビル	933	936	910	920	42
9707	メデカＪ	805	812	801	812	17
9708	帝ホテル	0	0	0	0	0
9709	日コンピュタ	0	0	0	0	0
9710	第一ホテ	5	6	5	5	193
9711	日コンシス	460	460	460	460	2
9712	ファイ	600	600	570	600	18
9713	ロイヤルホ	197	197	197	197	14
9714	ＳＲＡ	1880	1880	1880	1880	0.1
9715	トランスコス	11700	11800	11520	11670	81.5
9716	乃村工芸社	365	365	365	365	3
9717	ジャステック	3000	3000	3000	3000	1.3
9718	国際観光会館	0	0	0	0	0
9719	住商情報	6460	6930	6440	6840	42.1
9720	グランド	0	0	0	0	0
9722	藤田観	587	587	569	570	6
9724	新阪急ホテル	200	200	200	200	7
9725	東急ホテル	163	165	160	160	22
9726	近ツーリスト	348	348	341	342	25
9727	東急観光	137	138	135	135	17
9728	日本管財	1800	1819	1799	1800	8.2
9729	トーカイ	0	0	0	0	0
9730	ワオコーポ	400	401	400	401	4
9731	白洋舎	335	335	335	335	5
9732	東映ラボ	234	234	221	221	3
9733	ナガセ	1680	1680	1680	1680	6
9734	精養軒	950	950	950	950	0.3
9735	セコム	6800	6800	6630	6750	335.5
9736	白青舎	0	0	0	0	0
9737	ＣＳＫ	2925	2930	2800	2800	228
9738	インテック	1868	1925	1852	1909	62
9739	ＮＳＷ	6350	6410	6300	6400	3.3
9740	ＣＳＰ	0	0	0	0	0
9741	日立情報	3740	3750	3480	3520	62.1
9742	アイネス	1720	1720	1680	1710	63.6
9743	丹青社	680	680	645	645	10
9744	メイテック	4030	4340	4030	4340	100.7
9746	ＴＫＣ	2400	2400	2315	2315	13.1
9747	アサツーＤＫ	3850	3980	3800	3860	85.9
9748	ＮＪＫ	665	680	665	680	4
9749	富士ソフト	6370	6650	6310	6400	82.6
9750	ソラン	1980	2010	1960	1988	32
9751	ＴＩＳ	5630	5630	5390	5550	79
9752	ナムコ	3190	3270	3150	3270	110.4
9753	ＩＸナレッジ	655	655	655	655	1
9755	応用地質	1394	1399	1372	1379	4.5
9756	ＡＳＫ	911	930	890	930	18
9757	船井研	770	777	770	770	9
9758	ジシステム	551	571	550	555	14
9759	日システムデ	8900	9440	8900	9350	12.8
9760	進学会	350	350	350	350	2
9761	東海リース	201	201	196	196	7
9762	大和リース	321	321	314	317	65
9763	丸紅リ	120	120	120	120	3
9764	技研興	200	200	200	200	3
9765	オオバ	185	186	185	186	4
9766	コナミ	7680	8200	7680	8050	1094.6
9767	日建工学	258	258	258	258	2
9768	国土環境	0	0	0	0	0
9769	学究社	350	350	350	350	4
9776	札臨	350	350	350	350	1
9777	日電計算	2000	2000	1915	1958	21.3
9778	昴	636	636	636	636	2
9779	メフォス	950	960	950	955	5
9780	ビステム	0	0	0	0	0
9781	石川島汎サ	0	0	0	0	0
9782	ＤＭＳ	800	800	800	800	1
9783	ベネッセ	5200	5200	5050	5050	170.6
9784	日工検	1480	1480	1480	1480	0.5
9785	大新東	271	271	266	266	5
9786	キャッツ	1462	1497	1460	1490	8
9787	Ｊメンテ	998	998	996	997	1.1
9788	ナック	785	810	784	810	12.9
9789	栄光	414	414	411	412	3
9790	福井コン	630	635	630	635	1
9791	ビケンテクノ	720	720	720	720	2
9792	ニチイ学館	4610	4610	4350	4360	66.3
9793	ダイセキ	2155	2190	2100	2185	58.2
9794	カラカミ観光	701	701	701	701	1
9795	ステップ	0	0	0	0	0
9796	ダイテック	1380	1380	1380	1380	0.2
9797	大日本コン	266	266	266	266	0.2
9798	シダックス	2150	2150	2150	2150	0.2
9799	旭情報	1250	1250	1250	1250	2
9810	日鉄商	97	97	97	97	1
9811	アスティス	555	555	550	550	4
9812	テーオー	0	0	0	0	0
9813	トッキ	1920	1920	1900	1900	3
9814	アシックス商	650	650	650	650	1
9815	カテナ	674	690	674	676	26
9816	バーテックス	400	400	393	398	5
9817	ゴトー	0	0	0	0	0
9818	大丸エナ	0	0	0	0	0
9820	エムティＧ	202	202	202	202	1
9821	日アムウ	901	901	900	900	0.2
9822	なが多	144	146	140	141	670
9823	マミーマート	1200	1200	1200	1200	0.1
9824	泉州電	0	0	0	0	0
9825	アズウェル	418	431	412	430	4.7
9826	ＪＥＵＧＩＡ	0	0	0	0	0
9827	リリカラ	181	181	181	181	1
9828	元気寿司	999	999	999	999	1
9829	ながの東急	0	0	0	0	0
9830	トラスコ中山	1488	1489	1440	1442	3.1
9831	ヤマダ電	8510	8530	8300	8400	26
9832	オートバクス	3290	3290	3190	3220	17.3
9833	エルクコーポ	778	790	778	790	14
9834	リオチェン	415	415	415	415	0.5
9835	ジュンテン	310	310	310	310	3
9836	リーバイス	515	515	515	515	3
9837	モリト	581	581	541	541	4
9838	トラベラー	890	890	890	890	1
9839	ゲッツブラザーズ	536	540	535	538	12.5
9840	ホーマック	2450	2455	2395	2435	43.6
9841	ＢＭＢ	265	265	255	259	45
9842	アークランド	1480	1490	1460	1470	9
9844	ユーエスシー	1570	1580	1500	1570	7
9845	パーカー	240	240	240	240	2
9846	天満屋ス	0	0	0	0	0
9847	ソリスト	370	370	370	370	3
9848	トヨタカローラ岐阜	0	0	0	0	0
9849	河内屋紙	0	0	0	0	0
9850	グルメ杵屋	824	824	816	816	5
9852	中央物産	0	0	0	0	0
9853	銀座ルノア	0	0	0	0	0
9854	愛眼	960	960	950	950	2
9855	くろがねや	405	405	405	405	4
9856	ケーユー	738	738	730	738	0.6
9857	英和	390	390	385	385	2.5
9858	明光商会	1950	1980	1930	1930	3.7
9859	ユーストア	850	850	850	850	1
9860	岐阜日野	0	0	0	0	0
9861	吉野家ディー	210000	213000	206000	206000	0.216
9862	メモレックス・テレ	309	310	309	310	10
9863	靴のマルトミ	117	122	117	122	14.5
9864	ナカイ	0	0	0	0	0
9865	日商エレク	2400	2400	2300	2300	12
9867	ソレキア	550	550	535	545	6
9868	トリイ	0	0	0	0	0
9869	加藤産	640	640	640	640	1
9870	ハナテン	0	0	0	0	0
9871	イトーキ	245	245	245	245	1
9872	北恵	199	199	196	196	2
9873	ケンタッキー	1360	1360	1331	1335	5
9875	マツモトキヨ	9350	9450	9330	9400	19.2
9876	コックス	579	579	579	579	1
9877	マルフル	0	0	0	0	0
9878	セキド	650	650	650	650	3
9879	フタタ	190	190	190	190	1
9880	イノテック	4100	4100	4010	4010	13.6
9882	イエロハット	1011	1020	1000	1001	13.3
9883	富士エレ	1840	1840	1800	1800	49
9884	都築電産	730	730	730	730	6
9885	シャルレ	685	685	685	685	2
9887	松屋フーズ	1931	1970	1900	1902	94.2
9888	ＵＥＸ	0	0	0	0	0
9889	ＪＢＣＣ	2505	2540	2410	2440	64.5
9890	マキヤ	0	0	0	0	0
9892	卑弥呼	1250	1250	1250	1250	4
9893	ホームワイド	430	430	430	430	2
9894	アトル	0	0	0	0	0
9895	コンセック	0	0	0	0	0
9896	Ｊ建材	596	600	595	595	3
9897	ユニダックス	669	675	650	675	19
9898	サハダイヤ	236	236	220	229	117
9899	サンデサン	0	0	0	0	0
9900	サガミ	866	878	866	878	6
9901	宮	0	0	0	0	0
9902	日伝	1400	1400	1380	1390	5
9903	カンセキ	0	0	0	0	0
9904	ベリテ	0	0	0	0	0
9905	コージツ	151	151	151	151	2
9906	藤井産業	0	0	0	0	0
9907	大電社	653	653	653	653	1
9908	日本電計	601	610	601	610	2
9909	愛光電気	0	0	0	0	0
9911	真電	0	0	0	0	0
9912	ダイワボ情	1838	1838	1750	1798	44
9913	日邦産業	320	320	320	320	2
9914	植松商会	0	0	0	0	0
9915	アサヒビールＳ	0	0	0	0	0
9916	バイタルＮ	671	671	660	661	4.3
9917	マツモト電器	0	0	0	0	0
9918	ダイワラクダ	390	390	390	390	1
9919	関西スーパ	488	488	488	488	10
9920	シービーエム	1800	1800	1800	1800	0.1
9921	ギガス	700	708	700	700	10
9922	日立機材	0	0	0	0	0
9923	ダイトーエム	405	405	405	405	2
9924	ドミー	0	0	0	0	0
9925	北の家族	960	969	940	940	7
9926	ダイカ	0	0	0	0	0
9927	ワットマン	380	380	380	380	3
9928	ミロク情報	1200	1200	1120	1160	18
9929	平和紙業	499	499	499	499	1
9930	北沢産	285	290	280	284	16
9931	家族亭	0	0	0	0	0
9932	杉本商	0	0	0	0	0
9934	因幡電産	0	0	0	0	0
9935	あずみ	329	329	329	329	1
9936	王将フード	1218	1218	1200	1200	14
9937	セシール	1155	1155	1136	1140	22.2
9938	住金物産	97	97	93	93	42
9939	すみや	450	450	450	450	1
9941	太洋物産	0	0	0	0	0
9943	ココス	695	695	685	685	2
9944	インパクト	1390	1390	1375	1380	7.4
9945	プレナス	4450	4450	4350	4400	5.6
9946	ミニストップ	2330	2340	2300	2340	13.2
9947	シムリー	907	1005	907	1005	14.3
9948	アークス	1170	1170	1100	1160	8
9949	タイヨー	2190	2190	2110	2110	2
9950	ハチバン	520	520	510	512	3
9951	カーマ	560	585	560	585	2.1
9952	ドトール	7300	7500	7300	7320	38.5
9953	ダイキ	1350	1350	1307	1329	1.9
9954	東京小僧寿し	603	603	600	600	4
9955	ヨンキュウ	2270	2340	2270	2340	0.9
9956	バロー	1250	1250	1250	1250	1
9957	バイテック	1650	1700	1650	1700	7.2
9958	サリ	240	240	230	230	10
9959	アシード	789	795	780	785	3.9
9960	東テク	580	600	580	590	11
9961	エムオーテック	149	149	138	139	6
9962	駿河製機	9300	9360	9170	9300	12.7
9963	江守商事	516	516	516	516	1
9964	アイ・テック	0	0	0	0	0
9965	福原	0	0	0	0	0
9966	藤久	2150	2200	2120	2200	0.6
9967	堺商事	0	0	0	0	0
9968	イチヤ	200	200	180	180	4
9969	ショクブン	880	880	875	880	5
9970	東洋オフィス	402	402	400	400	5
9971	カウボーイ	499	505	490	500	12
9972	アルテック	1147	1147	1101	1145	4.5
9973	小僧本部	1240	1240	1240	1240	3
9974	ベルク	0	0	0	0	0
9975	マルヤ	3100	3100	3070	3070	3.6
9976	セキチュー	601	601	600	600	4
9977	アオキスーパ	0	0	0	0	0
9978	文教堂	1110	1110	1110	1110	1
9979	大庄	1109	1138	1109	1138	14
9980	マルコ	920	920	900	901	4.2
9981	ニック産業	0	0	0	0	0
9982	タキヒヨー	520	520	520	520	2
9983	ファストリ	39500	39500	37600	38300	38.4
9984	ソフトバンク	8970	9200	8850	8860	973.8
9985	榮太郎	800	805	800	805	2
9986	蔵王産業	0	0	0	0	0
9987	スズケン	3800	3800	3610	3670	19.7
9988	神港魚類	0	0	0	0	0
9989	サンドラッグ	7080	7550	7080	7450	8.2
9990	東京デリカ	463	463	460	460	2
9991	ジェコス	360	360	355	355	11.2
9992	理研グリン	270	270	270	270	2
9993	ヤマザワ	0	0	0	0	0
9994	やまや	601	601	601	601	0.2
9995	イーストン	740	760	740	760	5
9996	サトー商会	0	0	0	0	0
9997	ベルーナ	4050	4050	3990	4000	98.6
