20000711
1001	日経２２５	17568	17574	17437	17504	72.332
1002	ＴＯＰＩＸ	1615	1615	1604	1611	72.332
1301	極洋	157	161	156	157	179
1319	日経300F	308	313	308	311	255
1331	ニチロ	186	189	186	188	290
1332	日水	200	202	198	201	1039
1333	マルハ	162	163	160	162	476
1351	宝幸水産	94	96	92	95	738
1352	ホウスイ	106	106	100	100	12
1376	カネコ種	900	920	900	920	5
1377	サカタタネ	2230	2250	2175	2185	141.6
1378	雪国まいたけ	763	763	763	763	4
1379	ホクト	3900	4050	3900	3990	66
1380	秋川牧園	0	0	0	0	0
1491	中外鉱	316	317	308	308	2508
1501	三井鉱山	114	114	112	114	379
1503	住友炭	92	93	91	93	173
1515	日鉄鉱	250	255	250	254	90
1518	三井松島	165	210	163	210	1841
1601	帝石	361	366	360	364	357
1603	アラビア石油	381	381	377	379	108.4
1661	ガス開	498	500	495	497	62
1701	昭和鉱	278	278	268	268	9
1702	共立マテリア	401	430	401	420	70
1735	伊田テクノス	420	420	410	410	7
1736	オーテック	345	350	335	345	26
1737	三井エンジ	440	445	425	425	19
1738	ＮＩＴＴＯＨ	396	396	390	390	3
1739	ＳＥＥＤ	395000	400000	390000	400000	0.004
1740	極東工業	389	389	386	386	6
1741	ミサワサンイ	780	780	780	780	1
1742	セコムテクノ	2995	3000	2995	3000	3
1743	コーアツ工業	0	0	0	0	0
1744	キョーエイ	575	575	550	550	2
1745	ミサワホーム東海	0	0	0	0	0
1746	光和建設	0	0	0	0	0
1748	ミサワ北日	0	0	0	0	0
1750	カナック	0	0	0	0	0
1751	日立プラサ	430	430	425	425	2
1752	富士通シス	1437	1450	1410	1440	19
1753	土屋ツバイ	0	0	0	0	0
1754	東新住建	900	900	900	900	2
1755	JFE工建	364	364	364	364	15
1756	和興エンジ	275	280	275	280	4
1757	千年の杜	300	310	300	310	5
1758	太洋基礎	535	535	520	520	9
1759	ジオトップ	268	268	260	260	7
1762	高松建設	1550	1550	1529	1550	2.5
1763	北陸ミサワ	0	0	0	0	0
1764	工藤建設	260	260	260	260	1
1765	イビデンテック	350000	350000	350000	350000	0.001
1766	東建コーポ	1480	1480	1470	1470	4
1767	沖ウィン	579	580	579	580	5
1768	ソネック	260	260	260	260	1
1770	藤田エンジ	893	893	810	865	17
1772	東北エンタープライズ	240	240	240	240	8
1774	機動建	215	215	211	211	18
1775	富士電Ｅ＆Ｃ	241	241	241	241	1
1776	三井住建道路	113	115	113	114	14
1777	川崎設備	0	0	0	0	0
1778	古河総設	203	221	200	220	33
1779	松本建工	490	490	490	490	1
1780	ヤマウラ	370	379	370	379	2
1781	国土総合	386	388	386	388	2
1782	常磐開発	178	178	178	178	1
1783	南野建設	0	0	0	0	0
1784	サワコー	480	520	480	520	28.7
1785	ナナボシ	0	0	0	0	0
1786	オリ建	431	435	430	430	6.3
1787	ナカボテック	251	255	250	255	10
1788	三東工業	0	0	0	0	0
1789	山加電業	425	425	425	425	0.4
1790	平和奥田	0	0	0	0	0
1791	三井木材	150	153	150	151	37.5
1792	みらい建設Ｇ	210	220	210	217	5
1793	大本組	700	700	700	700	1
1795	マサル	0	0	0	0	0
1796	トヨタウッド	290	300	290	298	15.8
1797	藤木工務店	0	0	0	0	0
1798	守谷商会	485	485	485	485	4
1799	第一建設	270	270	270	270	1
1800	利塚地下技術	280	283	262	280	21
1801	大成建	179	179	177	179	842
1802	大林組	460	460	455	460	594
1803	清水建	320	328	320	326	879
1804	佐藤工業	59	60	58	60	239
1805	飛島建	50	51	50	50	388
1806	ACリアル	52	52	50	51	551
1807	渡辺組	0	0	0	0	0
1808	長谷工	43	43	41	43	1463
1809	富士工	80	80	77	77	23
1810	松井建	315	315	313	315	30
1811	銭高組	271	281	271	281	27
1812	鹿島	333	340	333	335	1233
1813	不動建	156	156	151	155	85
1814	大末建	78	79	77	78	71
1815	鉄建	125	125	124	125	251
1816	安藤建	253	253	243	248	214
1817	勝村建	154	154	152	152	19
1818	日産建設	105	105	103	105	12
1819	太平工	155	155	153	155	43
1820	西松建	429	432	426	427	310
1821	三井住友建	75	79	75	79	98
1822	大豊建	173	176	173	176	69
1823	住友建設	93	93	91	93	69
1824	前田建	390	405	385	400	1249
1825	環境建設	111	114	105	112	389
1826	佐田建	160	160	156	157	4
1827	ナカノフドー建	92	96	91	95	53
1828	田辺工業	450	450	450	450	2
1829	大和建設	90	100	90	100	12
1830	共栄冷機工業	0	0	0	0	0
1831	積水ハ北陸	524	524	520	520	2
1833	奥村組	384	395	383	395	210
1834	小田急建	259	259	250	250	11.5
1835	東鉄工	235	245	235	245	10
1836	大日本土木	170	170	166	168	11
1837	間組	52	53	52	52	441
1838	古久根建設	109	111	109	110	28
1839	真柄建	167	169	163	167	15
1840	土屋ホーム	330	330	320	325	11.6
1841	サンユ	630	630	630	630	5
1842	昭和テクノ	898	900	898	900	3
1844	大盛工業	177	178	177	177	8
1845	森本組	105	105	104	104	3
1846	鈴縫工	127	127	127	127	1
1847	イチケン	118	118	115	115	16
1848	富士ＰＳ	447	447	447	447	1
1850	南海辰村建	88	88	86	86	11
1851	大木建設	220	223	210	210	96
1852	浅沼組	170	174	170	174	53
1853	森組	123	123	120	120	23
1854	新井組	145	150	145	150	24.7
1855	東急建設	81	84	80	84	400
1856	ジェイオー建設	350	350	350	350	2
1857	松村組	130	132	130	130	60
1858	井上工	76	80	74	80	31
1860	戸田建	535	539	520	534	526
1861	熊谷組	57	57	54	55	1772
1862	横河工事	393	400	393	400	5.1
1863	テトラ	235	236	235	235	5
1865	青木あすなろ建	145	150	145	150	7
1866	北野建	279	280	276	280	81
1867	植木組	190	190	185	185	6
1868	三井ホーム	465	465	462	465	66
1869	名工建	0	0	0	0	0
1870	矢作建	380	380	378	379	8
1871	ピーエス三菱	436	446	436	445	20.9
1872	アゼル	357	372	356	368	750
1873	東ハウス	410	410	408	409	22
1874	佐藤秀	0	0	0	0	0
1875	青木マリン	409	409	400	400	7
1877	川田建設	590	600	590	600	3
1878	大東建	1965	2000	1950	1993	156.7
1879	新日本建	245	252	245	247	14
1880	スルガコーポ	1590	1590	1590	1590	2
1881	ＮＩＰＰＯ	525	530	520	524	158
1882	東亜道	230	234	230	233	34
1883	前田道	530	539	530	535	257
1884	日道路	190	190	187	190	183
1885	東亜建	145	145	142	144	184
1886	青木建設	41	41	40	41	407
1888	若築建	134	134	132	134	94
1889	佐伯建	145	149	145	149	17
1890	東洋建	97	98	96	97	107
1892	徳倉建	295	296	295	296	15
1893	五洋建	165	165	160	160	355
1895	大成ロテック	193	198	192	197	103
1896	大林道	330	347	327	336	239
1897	金下建	555	555	555	555	2
1898	世紀東急	90	91	88	90	49
1899	福田組	301	303	301	303	27
1900	白石	222	222	203	210	19
1902	山崎建設	0	0	0	0	0
1904	大成温調	385	385	375	385	8
1905	テノックス	0	0	0	0	0
1906	細田工務	420	440	420	440	3
1907	東北ミサワ	500	500	500	500	1
1908	三平建設	0	0	0	0	0
1909	日本ドライ	338	340	325	340	31.5
1910	フドウ建研	201	205	201	205	8
1911	住友林	840	843	831	843	227
1912	ミサワセラミ	0	0	0	0	0
1913	旭ホームズ	0	0	0	0	0
1914	日基技	570	570	562	565	22.4
1915	東京ミサワホーム	302	302	300	300	6
1916	日成ビルド	183	183	179	182	22
1917	ニッセキハウス	145	148	145	148	226
1919	エスバイエル	275	278	275	278	183
1920	殖産住宅相互	95	95	92	94	303
1921	巴	198	200	197	197	6
1922	大成ユーレック	128	129	125	126	62
1923	ミサワホーム	360	361	355	360	226
1924	パナホーム	705	710	700	706	111
1925	大和ハウス	778	792	770	791	1102
1926	ライト	495	499	490	493	105
1927	中 部	0	0	0	0	0
1928	積ハウス	1015	1023	1011	1019	1177
1929	日特建	226	227	218	225	168
1930	北陸電工	300	300	292	292	13
1931	日本電通	335	338	335	335	13
1932	コミュチュア	485	485	485	485	3
1933	西シス建	257	257	250	250	12
1934	ユアテック	395	396	389	393	66
1935	ＴＴＫ	280	285	275	280	13
1936	シーキューブ	281	293	281	288	83.3
1937	西部電工	371	371	361	366	10
1938	千歳電	239	239	239	239	1
1939	四電工	369	380	369	379	49
1940	つうけん	240	240	240	240	1
1941	中電工	1491	1503	1491	1502	141
1942	関電工	540	550	535	545	559
1943	大明	1152	1170	1152	1155	198
1944	きんでん	732	750	730	749	611
1945	東京エネシス	400	410	400	410	63
1946	トーエネク	418	418	408	415	50
1947	日本コムシス	2300	2320	2230	2280	397
1948	弘電社	340	355	336	352	16
1949	住友電設	590	600	585	599	34.4
1950	電設工	340	357	340	357	336
1951	協エクシオ	1249	1268	1240	1262	632
1952	新日空調	380	388	379	388	53.7
1953	国際電設	250	250	250	250	2
1954	日工営	225	240	225	234	432
1955	東電通	480	485	470	478	120
1956	日電設	435	445	435	445	23
1957	保安工	0	0	0	0	0
1958	三和エレック	326	330	326	330	15
1959	九電工	398	425	396	425	2692
1960	サンテック	404	410	401	405	18
1961	三機工	697	710	687	696	494
1962	エルゴテック	0	0	0	0	0
1963	日揮	510	557	509	540	13229
1964	中外炉	440	440	435	436	107
1965	テクノ菱和	615	625	600	600	23.2
1966	高田工	0	0	0	0	0
1967	ヤマト	365	366	365	365	20
1968	太平電	282	283	277	282	61
1969	高砂熱	784	790	780	790	350
1970	日立プラ	322	330	321	330	59
1971	ビルト工	85	85	85	85	10
1972	三晃金	120	122	120	120	9
1973	ＮＥＣシス建	2120	2200	2120	2165	56.1
1974	宮地建設工業	677	677	674	674	6
1975	朝日工	365	370	350	366	48
1976	明星工	169	169	163	163	63
1977	ジェイコス	375	393	375	393	9
1978	アタカ	280	280	277	277	11
1979	大気社	1175	1199	1175	1190	100
1980	ダイダン	510	530	510	530	50
1981	協和日成	0	0	0	0	0
1982	日比谷設	530	541	530	541	20
1983	東芝プラ	275	280	275	280	28
1984	三信建	175	175	174	174	3
1985	大和電設	0	0	0	0	0
1986	日商インター	1200	1200	1150	1180	31.3
1987	ソルコム	345	345	345	345	1
1988	シボンド建	1500	1510	1470	1494	23.1
1989	北陸電話	0	0	0	0	0
1990	東邦建	275	275	270	270	4
1991	都築通技	949	1010	949	1010	1.1
1992	神田通機	0	0	0	0	0
1993	ニッタン	197	199	197	199	7
1994	高橋ウォール	349	380	349	380	13
1995	鈴木工務店	175	175	175	175	3
1996	三菱建設	190	195	190	195	35
1997	暁飯島工業	0	0	0	0	0
1998	日本土建	0	0	0	0	0
2001	日本粉	280	284	276	281	860
2002	日清粉	1086	1110	1080	1094	346
2003	日東粉	230	234	228	234	12
2004	昭和産	186	189	186	189	162
2006	東福粉	98	98	95	95	5
2007	富士粉	0	0	0	0	0
2008	増田粉	0	0	0	0	0
2009	鳥越粉	439	440	433	435	9
2051	農産工	217	218	215	215	131
2052	協同飼	132	133	131	132	56
2053	中部飼	599	605	599	605	6
2055	日和産	264	264	263	264	5
2056	日配飼	154	155	153	154	71
2057	雪印種	576	576	576	576	7
2102	台糖	286	286	285	286	28
2107	東洋糖	165	166	160	165	61
2108	甜菜糖	163	163	160	162	247
2109	三井糖	230	247	227	247	461
2111	フジ製糖	210	210	208	208	4
2112	塩水糖	344	350	344	346	15
2113	新光糖	205	215	205	205	6
2114	フジ日本精糖	0	0	0	0	0
2116	日新糖	144	145	142	144	96
2201	森永	259	260	256	259	255
2202	明菓	730	736	721	725	1722
2204	中村屋	285	286	284	286	27
2205	駿河屋	81	81	81	81	2
2206	グリコ	609	610	603	610	77
2207	名糖産	1130	1130	1120	1129	3
2208	ブルボン	0	0	0	0	0
2209	井村屋	451	451	451	451	2
2211	不二家	264	264	261	263	91
2212	山パン	1020	1024	1010	1015	175
2213	ナガサキヤ	10	14	10	13	4454
2215	一パン	315	315	309	312	65
2216	カンロ	295	295	295	295	5
2217	モロゾフ	227	228	218	220	17
2219	タカラブネ	120	121	120	121	32
2220	亀田製菓	598	598	590	590	29
2221	岩塚製菓	1020	1020	1020	1020	1
2222	寿製菓	480	480	480	480	1
2224	コモ	1640	1660	1640	1640	4
2261	明乳	595	595	585	589	517
2262	雪印	408	416	395	406	11764
2264	森永乳	368	368	352	358	2699
2266	六甲バタ	394	394	380	382	42
2267	ヤクルト	1300	1350	1285	1345	530
2268	サーティワン	0	0	0	0	0
2281	プリマ	156	158	155	158	214
2282	日ハム	1572	1572	1539	1555	149
2284	伊藤ハ	434	435	429	430	292
2286	林兼	152	152	148	148	41
2287	雪印食品	219	219	209	210	38
2288	丸大食	190	192	188	190	143
2289	相模ハム	0	0	0	0	0
2290	米久	1410	1410	1401	1408	64.5
2291	福留ハ	171	171	171	171	1
2292	ＳＦＯＯＤＳ	940	940	940	940	10
2293	滝沢ハム	730	730	730	730	1
2294	柿安本店	1140	1150	1140	1150	3
2501	サッポロＨＤ	430	435	427	433	381
2502	アサヒ	1171	1174	1152	1159	1253
2503	キリン	1292	1292	1280	1287	930
2531	宝ＨＤ	2675	2740	2670	2725	575
2533	オエノンＨＤ	270	270	266	270	21
2536	メルシャン	329	330	326	326	159
2538	マルキン忠勇	195	210	185	195	237
2540	養命酒	715	715	705	710	26
2541	ニッカ	285	295	285	295	12
2571	中京コカ	1049	1049	1038	1039	32
2572	三国コカ	1510	1510	1505	1506	28
2573	北海コカ	0	0	0	0	0
2575	三笠コカ	871	871	863	870	9.1
2576	近畿コカ	1399	1410	1395	1400	43
2577	富士コカ	1055	1060	1047	1052	49
2578	四国コカ	1250	1250	1250	1250	4.3
2579	コカウエスト	3650	3750	3630	3690	117.4
2591	カルピス	570	570	560	562	46
2592	ポッカ	500	501	495	500	73
2593	伊藤園	8500	8600	8400	8490	152.6
2594	キーコーヒー	1500	1500	1490	1500	6.3
2595	キリンビバ	2885	2925	2885	2925	103
2596	キューサイ	5600	5600	5510	5510	27.2
2597	ユニカフェ	2800	2850	2790	2800	17.7
2598	アサヒ飲料	1180	1180	1151	1165	45
2601	ホーネンコーポ	204	207	202	207	142
2602	日清オイリオ	355	355	348	350	452
2604	吉原製油	321	328	321	325	18
2605	熊沢製油	0	0	0	0	0
2607	不二油	940	940	930	938	139
2608	ボーソー	167	167	166	167	8
2611	摂津油	0	0	0	0	0
2612	かどや製油	800	830	800	805	7
2801	キッコマン	818	820	807	807	161
2802	味の素	1325	1328	1300	1308	639
2804	ブルドック	626	650	626	650	5
2805	エスビー	580	580	580	580	1
2806	ユタカフーズ	0	0	0	0	0
2808	サンビシ	0	0	0	0	0
2809	キユーピー	886	886	878	882	80
2810	ハウス食品	1570	1570	1550	1555	83
2811	カゴメ	1100	1120	1095	1120	259
2812	焼津水化	1625	1650	1624	1650	18
2813	和弘食品	132	132	130	132	13
2814	佐藤食品	860	860	860	860	1
2815	アリアケ	7150	7150	6980	7030	72.4
2816	ダイショー	750	750	750	750	3
2817	ギャバン	0	0	0	0	0
2830	アヲハタ	0	0	0	0	0
2831	はごろも	1350	1350	1350	1350	6
2871	ニチレイ	408	419	400	404	951
2872	セイヒョー	351	351	351	351	1
2873	加ト吉	2885	2920	2865	2900	227
2874	ヨコレイ	768	768	755	760	28
2875	東洋水	1005	1020	1000	1020	81
2876	ＪＣコムサ	0	0	0	0	0
2877	日東ベスト	1150	1150	1150	1150	16
2878	赤城水産	448	450	448	450	6
2879	ニチロサンフズ	485	485	485	485	2
2891	酵母工	567	575	565	565	24
2892	日食品	330	336	330	336	10
2893	ローマイヤ	127	127	127	127	3
2894	石井食	290	290	290	290	6
2897	日清食	2765	2810	2685	2685	207
2898	ソントン	1030	1030	1020	1020	2
2899	永谷園	941	951	941	945	6
2900	明星食	253	254	252	254	12
2901	石垣食	0	0	0	0	0
2902	太陽化	555	580	555	570	11
2903	シノブフズ	172	172	172	172	1
2904	一正蒲鉾	0	0	0	0	0
2905	オーケー食	135	135	134	134	20
2906	ホッコク	0	0	0	0	0
2907	あじかん	0	0	0	0	0
2908	フジッコ	1819	1830	1810	1830	28
2909	トオカツフズ	310	310	300	300	8
2910	Ｒフィールド	5880	5910	5850	5900	12.4
2911	旭松食品	0	0	0	0	0
2912	鐘崎	0	0	0	0	0
2913	フジフーズ	275	280	275	280	13
2914	ＪＴ	960000	960000	930000	935000	0.896
2915	ケンコーマヨ	0	0	0	0	0
2916	仙波糖化	0	0	0	0	0
2917	大森屋	770	775	770	773	4
2918	わらべ日洋	1299	1299	1280	1280	7
2920	ケイビー	1280	1280	1280	1280	1
2921	フクシマフズ	800	800	800	800	1
2922	なとり	0	0	0	0	0
3001	片倉	530	543	530	543	26
3002	グンゼ	425	442	420	436	2438
3003	昭栄	1054	1060	1050	1060	13
3004	神栄	180	181	178	179	49
3007	神戸生絲	60	62	60	60	27
3009	川島織	162	162	157	157	164
3010	上毛	822	840	789	835	61
3011	バナーズ	135	135	125	133	37
3101	東洋紡	213	215	210	213	1696
3102	カネボウ	307	310	305	308	1960
3103	ユニチカ	92	93	91	92	1214
3104	富士紡Ｈ	76	77	76	77	329
3105	日清紡	561	571	560	565	285
3106	クラボウ	205	206	201	205	408
3107	ダイワボウ	134	135	132	132	75
3109	シキボウ	106	109	102	105	1759
3110	日東紡	180	182	178	181	438
3111	オーミケン	120	127	118	120	246
3113	ＢＳＬ	88	88	85	87	19
3114	同興紡	104	109	100	100	47
3115	テザック	65	65	63	63	113
3116	トヨタ紡織	920	1039	911	1035	660
3117	興和紡	332	332	332	332	2
3121	アセットイン	0	0	0	0	0
3123	サイボー	0	0	0	0	0
3125	内外綿	0	0	0	0	0
3128	テラボウ	79	80	79	80	3
3129	ファブリカＴ	128	135	128	135	3
3201	日毛	428	429	420	425	93
3202	大東紡	108	110	107	107	40
3203	東亜紡織	108	111	108	111	14
3205	ダイドー	286	287	270	277	68
3206	南海毛糸紡績	109	109	109	109	3
3207	中央毛	165	165	161	162	21
3209	カネヨウ	132	133	131	133	13
3211	太陽毛絲紡	95	95	95	95	2
3216	御幸ＨＤ	475	478	470	478	7
3302	帝繊維	212	219	212	216	45
3304	トスコ	111	113	110	110	41
3306	日本麻	70	70	68	68	8
3401	帝人	514	519	501	503	1215
3402	東レ	434	443	434	440	2187
3403	東邦テナ	123	125	123	125	76
3404	三菱レ	329	334	327	328	1717
3405	クラレ	1140	1150	1133	1144	583
3407	旭化成	799	800	793	800	1729
3408	サカイオーベ	122	123	120	123	92
3409	北日紡	126	126	126	126	1
3411	オートリ	193	195	188	188	15
3420	ケーエフシー	0	0	0	0	0
3421	稲葉製作	1400	1400	1341	1400	11.7
3422	丸順	0	0	0	0	0
3423	エスイー	600	610	590	590	17
3424	ミヤコ	585	585	565	565	8
3425	本郷	752	765	752	752	4
3501	住江織	129	130	129	130	10
3503	東和織	57	57	57	57	1
3512	フエルト	341	345	340	345	37
3513	イチカワ	240	243	240	242	39
3514	バイリーン	303	327	298	324	712
3515	フジコー	0	0	0	0	0
3521	エコナック	105	105	102	102	58
3524	日東網	105	106	105	106	6
3526	芦森工	233	238	232	238	66
3528	グローベルス	195	195	182	191	195
3529	アツギ	119	120	118	120	501
3532	堀田産	70	75	70	75	8
3533	ダイオ化成	610	680	610	680	4
3534	ＮＢＣ	1200	1200	1140	1160	25
3551	ダイニック	205	206	200	206	110
3552	洋クロス	345	350	329	345	211
3553	共和レ	473	501	473	501	22
3569	セーレン	399	399	383	394	95
3570	オリカキャピ	168	168	162	167	43
3571	ソトー	570	570	569	570	3
3572	大同マルタ	0	0	0	0	0
3576	カンボウ	0	0	0	0	0
3577	東海染	160	164	160	164	12
3578	倉庫精	0	0	0	0	0
3580	小松精	398	398	391	391	14
3581	岐セン	0	0	0	0	0
3583	オーベクス	146	147	146	147	4
3584	福助	186	188	181	186	16
3585	トムスエンタ	349	349	330	340	234
3587	ＩＢダイワ	450	490	445	455	199
3588	丸山工	0	0	0	0	0
3591	ワコール	1090	1095	1074	1093	247
3592	ＣＨＯＹＡ	265	274	265	273	19
3593	ホギメデ	7200	7300	7200	7280	36.2
3594	モリシタ	0	0	0	0	0
3595	ヤギコーポ	366	366	365	365	6
3596	ワールド	4350	4410	4280	4340	114.5
3597	自重堂	700	700	700	700	1
3598	山喜	0	0	0	0	0
3599	コーコス	654	654	654	654	3
3600	フジックス	435	435	435	435	2
3601	ニチメンイン	1690	1700	1671	1700	4.7
3602	イタリヤード	249	249	249	249	1
3603	チャッコット	610	610	610	610	1
3706	東海パ	425	440	425	440	12
3861	王子紙	747	758	730	738	3001
3863	日本製紙	755	790	755	780	2521
3864	三菱紙	282	300	281	297	4213
3865	北越紙	921	970	920	935	561
3868	高崎三興	105	105	102	105	126
3869	日本板紙	276	295	276	295	23
3870	日本加工製紙	90	92	90	92	190
3871	大昭和紙	430	445	428	444	132
3872	三島紙	0	0	0	0	0
3877	中越パ	305	310	305	306	171
3878	巴川紙	614	614	590	607	114
3880	大王紙	1220	1220	1200	1210	172
3881	特種紙	473	474	463	470	78
3882	紀州紙	212	221	211	215	95
3886	チューエツ	110	115	110	115	9
3887	中央板紙	115	119	115	119	32
3889	大平製紙	0	0	0	0	0
3890	ゼネＫＫ	640	640	625	640	19
3891	高度紙	1670	1750	1670	1720	18
3941	レンゴー	583	601	578	593	1293
3944	古林紙	151	152	151	152	5
3945	スパバッグ	195	195	191	191	2
3946	トーモク	245	245	239	243	57
3947	ダイナパック	0	0	0	0	0
3948	光ビジネス	725	730	720	720	5
3949	日本ハイパック	0	0	0	0	0
3950	ザ・パック	880	880	880	880	0.5
3951	朝日印刷	0	0	0	0	0
3952	中央紙器	330	333	330	333	3
3953	大村紙業	470	470	470	470	1
3954	昭和パックス	0	0	0	0	0
3955	イムラ封筒	880	895	871	890	60
3971	東セロ	361	365	360	362	9
4003	コープケミ	109	110	108	110	7
4004	昭電工	173	181	173	181	5652
4005	住友化学	652	652	636	642	1665
4007	日化成	189	190	187	190	32
4008	住友精化	305	308	300	303	81
4010	三菱化学	449	449	442	444	3644
4021	日産化	735	806	735	781	2116
4022	ラサ工	330	350	328	346	848
4023	呉羽化	327	337	327	334	779
4025	多木化	387	390	385	388	19
4026	神島化	345	350	345	350	5
4027	テイカ	288	302	287	302	224
4028	石原産	185	192	185	188	5817
4031	チッカリン	415	415	410	410	17
4032	日東バイオン	210	210	205	210	9
4033	日東エフシー	437	437	437	437	8
4041	日曹達	412	414	406	406	366
4042	東ソー	546	553	543	552	823
4043	トクヤマ	750	760	740	751	549
4044	セ硝子	618	618	596	609	714
4045	東合成	293	299	281	295	4567
4046	ダイソー	269	269	265	269	51
4047	関電化	587	587	565	568	223
4050	鶴見曹達	530	595	530	595	152
4061	電化	463	470	454	455	1434
4062	イビデン	2325	2350	2270	2285	562
4063	信越化	5560	5560	5450	5490	348
4064	カーバイド	152	153	150	150	222
4065	紀文フ	425	425	425	425	3
4077	富士チタン工業	575	580	558	570	19
4078	堺化学	890	890	861	865	105
4079	ハクスイテック	0	0	0	0	0
4080	田中化研	2590	2630	2580	2630	15
4086	日本エア・リキード	455	455	452	455	30
4088	エアウォータ	452	459	449	455	388
4089	大阪酸素工業	270	270	261	270	28
4091	大陽日酸	384	396	380	396	506
4092	日本化	510	514	495	500	405
4093	アセチレン	95	96	95	96	4
4094	日化産	325	332	325	332	4
4095	パーカライ	410	410	405	408	64
4096	昭炭酸	326	326	323	325	12
4097	高圧ガス	348	358	348	358	27
4098	チタン	198	200	196	200	14
4099	四国化	363	370	361	368	13
4100	戸田工	690	715	685	700	955
4101	日興酸素	190	190	190	190	2
4102	丸尾カル	283	285	283	285	10
4103	大陽東洋酸素	237	245	234	245	266
4104	タテホ	274	274	265	265	13
4105	メルテックス	932	1010	932	1010	35
4106	ケムキャット	0	0	0	0	0
4107	伊勢化	416	469	416	465	103
4109	ステラケミ	7700	7700	7700	7700	3
4112	保土谷	212	215	210	215	67
4113	田岡化	475	480	450	477	52
4114	日触媒	695	695	689	694	450
4115	本州化	870	870	838	840	14
4116	大日精	410	414	405	411	25
4117	川崎化	169	169	161	167	6
4118	カネカ	1140	1160	1140	1160	531
4119	ピグメント	440	440	415	415	36
4120	スガイ	365	365	365	365	4
4123	山化成	940	958	940	950	6
4151	協発酵	1025	1030	1015	1020	1511
4182	菱ガス化	352	369	350	368	2383
4183	三井化学	710	710	688	700	2696
4185	ＪＳＲ	890	891	875	880	335
4186	東応化	2510	2525	2500	2510	45.9
4187	大有機	643	643	640	640	16
4201	日合成	167	172	167	171	524
4202	ダイセル	327	332	327	332	477
4203	住友ベ	1495	1515	1460	1475	2531
4204	積水化	473	473	452	465	3344
4205	ゼオン	722	765	719	758	996
4206	アイカ	1017	1081	995	1017	2321
4208	宇部興	317	317	310	311	1414
4209	フドー	130	131	130	131	3
4210	東洋化学	490	530	488	518	600
4212	積水樹	407	412	406	410	71
4213	菱樹脂	253	255	247	250	258
4214	高分子	421	444	421	437	640
4215	タキロン	450	450	440	441	251
4216	旭有機	368	372	366	372	254
4217	日立化	2450	2490	2445	2490	262
4218	ニチバン	405	405	390	390	45
4219	プラス・テク	127	127	127	127	7
4220	リケンテクノ	375	375	370	372	31
4221	大倉工	437	458	437	458	150
4222	児玉化	84	86	83	86	8
4224	ロンシール	93	93	90	92	33
4225	筒中	388	394	386	390	82
4226	テスコ	300	300	300	300	4
4227	郡是高分子	0	0	0	0	0
4228	積化成	229	230	223	228	108
4229	群栄化	196	199	191	196	92
4231	タイガポリ	0	0	0	0	0
4232	東芝ケミカル	390	424	390	424	253
4233	ワコー	473	473	473	473	1
4234	サンエー化研	800	810	779	810	29
4271	カーリット	839	839	838	839	25
4272	日化薬	610	614	600	603	238
4274	細火工	220	220	220	220	2
4361	川口化	176	177	176	177	3
4362	日精化	478	478	475	475	6
4363	新日鐵化学	250	250	244	249	135
4364	マナック	0	0	0	0	0
4365	松本油脂	1980	2010	1980	2010	27
4366	ダイトーケミ	930	930	900	900	5
4367	広栄化学	0	0	0	0	0
4401	旭電化	843	851	836	848	1059
4403	日油脂	303	303	297	299	446
4404	ミヨシ	264	264	258	262	56
4406	日理化	630	630	611	611	29
4409	東邦化	225	225	225	225	11
4410	ハリマ化成	494	500	490	500	36
4452	花王	3100	3170	3050	3170	1447
4461	一工薬	480	498	467	480	420
4462	石原薬品	1020	1020	1011	1011	7
4463	日華化学	0	0	0	0	0
4471	三洋化	1050	1057	1001	1040	162
4501	三共	2530	2585	2530	2540	1789
4502	武田	7000	7090	6920	7090	996
4503	アステラス薬	5870	6020	5860	5950	1242
4505	第一製薬	2730	2765	2675	2755	871
4506	大日薬	1380	1389	1366	1375	357
4507	塩野義	1980	1995	1970	1995	510
4508	田辺薬	859	864	850	855	999
4509	三菱ウェルファーマ	1330	1330	1320	1330	174
4511	藤沢薬品	4360	4450	4330	4400	751
4512	わかもと	518	518	513	518	15
4514	帝臓器	839	839	825	830	30
4515	萬有製薬	2565	2585	2545	2580	395
4516	日新薬	1099	1099	1070	1090	151
4517	ビオフェル	1055	1055	1020	1020	5
4518	富山化	827	827	810	813	691
4519	中外薬	2170	2260	2170	2260	1667
4520	和光堂	3260	3290	3260	3270	3
4521	科研薬	801	827	798	804	1067
4523	エーザイ	3120	3170	3120	3170	263
4524	仁丹	1690	1700	1650	1670	44
4526	理ビタ	1730	1730	1700	1720	8
4527	ロート	1314	1327	1300	1314	472
4528	小野薬	4600	4600	4550	4590	77
4529	日研化	450	467	449	467	261
4530	久光薬	1650	1699	1620	1695	157
4531	有機薬	407	410	401	410	15
4534	持田薬	815	815	805	810	154
4535	大正薬	3860	3910	3810	3880	457
4536	参天薬	2655	2715	2655	2715	145
4537	エスエス	1165	1166	1155	1166	78
4538	扶桑薬	743	760	740	745	235
4539	ケミファ	298	299	295	297	41
4540	ツムラ	420	429	419	420	66
4541	日医工	181	181	181	181	2
4542	三笠薬	485	490	470	485	14
4543	テルモ	3500	3510	3440	3490	301
4544	みらかＨＤ	740	773	721	761	1476
4545	国際試薬	409	409	405	405	19
4546	北陸製薬	1009	1010	980	999	166
4547	キッセイ	2050	2280	2035	2280	239
4548	生化学	1300	1300	1260	1270	17
4549	栄研化	2030	2030	1949	1970	137
4550	日水薬	703	720	702	702	6
4551	鳥居薬	2830	2910	2820	2895	72
4552	日本ケミカル	941	960	930	960	54
4553	東和薬品	910	915	905	910	10
4554	富士製薬	417	417	410	410	7
4555	沢井製薬	1450	1450	1450	1450	2
4556	カイノス	1800	1800	1750	1750	23
4557	医学生物	6150	6300	6150	6300	32
4558	中京医薬	0	0	0	0	0
4559	ゼリア新薬	1284	1295	1255	1295	107
4560	キョーリン薬	3990	4300	3980	4240	159
4561	デンカ生研	2510	2640	2510	2600	20
4611	大日塗	199	199	195	199	39
4612	日本ペ	380	390	372	384	461
4613	関西ペ	313	313	309	313	248
4614	トウペ	161	170	161	170	10
4615	神東塗	201	203	185	195	63
4616	川上塗	0	0	0	0	0
4617	中国塗	258	258	253	255	109
4619	日特塗	290	290	285	289	19
4620	藤倉化	459	460	451	455	60
4621	ロック	0	0	0	0	0
4622	ユニペイン	0	0	0	0	0
4623	アサヒペン	307	307	301	301	7
4624	イサム	0	0	0	0	0
4625	アトミクス	0	0	0	0	0
4626	太陽インキ	5900	5900	5750	5850	9.6
4627	ナトコ	1010	1090	1010	1070	30
4628	エスケー化研	1910	2140	1910	2140	3
4629	大伸化学	500	500	480	480	2
4631	インキ	534	545	532	543	1845
4633	サカタＩＮＸ	330	330	326	330	23
4634	洋インキ	235	235	228	234	317
4635	東インキ	265	265	265	265	1
4636	Ｔ＆Ｋ	2950	3000	2950	3000	10.1
4640	アンドール	501	501	478	478	10
4641	アルプス技	2030	2030	2020	2020	7
4642	オリジナル設	1260	1260	1260	1260	4.5
4643	コナミスポ	8500	8700	8500	8700	15.4
4644	イマジニア	1910	1950	1900	1900	9.5
4645	市進	0	0	0	0	0
4646	ジャスフォート	1100	1100	1080	1080	0.5
4649	大成	555	555	555	555	1
4650	スガイエンタ	0	0	0	0	0
4651	サニックス	6460	6600	6420	6470	80.5
4652	ウッドランド	2750	2750	2720	2720	20
4653	ダイオーズ	0	0	0	0	0
4654	ニチゾウテク	0	0	0	0	0
4655	ＮＯＶＡ	700	710	700	700	10
4656	サン・ライフ	3600	3600	3550	3550	0.9
4657	環境管理	0	0	0	0	0
4658	日本空調	630	650	630	650	7
4659	エイジス	0	0	0	0	0
4660	ニッポン放送	7040	7040	6990	6990	5
4661	ＯＬＣ	10610	10610	10420	10450	189.1
4662	フォーカス	4470	4470	4220	4230	9
4663	ＡＴＬ	730000	740000	710000	740000	0.011
4664	ＲＳＣ	0	0	0	0	0
4666	パーク２４	14000	14000	13800	13980	7.1
4667	アイサンテク	355	355	345	345	2
4668	明光ネット	386	387	386	386	7
4669	ニッパンＲ	395	395	390	390	4
4670	セタ	600	600	600	600	1
4671	ファルコバ	2920	2920	2900	2900	18
4672	ベルックス	0	0	0	0	0
4673	川崎地質	435	439	435	439	4
4674	クレスコ	7510	7620	7510	7600	4.7
4675	エヌエス環境	0	0	0	0	0
4676	フジテレビ	1580000	1590000	1560000	1590000	1.166
4677	デザイ	650	650	650	650	1
4678	秀英	1450	1450	1440	1440	3
4679	田谷	3020	3020	3000	3000	9
4680	ラウンドワン	500000	530000	500000	529000	0.727
4681	リゾートトラ	2770	2790	2720	2770	11.5
4682	電通テック	12400	12500	12100	12100	3.2
4683	堀内カラー	671	675	671	671	5
4684	オービック	50000	50900	50000	50700	7.2
4685	菱友システム	0	0	0	0	0
4686	ジャスト	4700	4700	4500	4520	9.8
4687	ＴＤＣソフト	3000	3250	2960	3180	32.5
4688	日本ドレーク	14600	14600	14400	14400	2.3
4689	ヤフー	35500000	37200000	35100000	37200000	0.025
4690	日パレット	330	330	330	330	1
4692	アルゴ２１	3630	3730	3630	3730	21.3
4694	ＢＭＬ	4410	4410	4400	4400	6
4695	マイスター	0	0	0	0	0
4696	ワタベ	1225	1225	1225	1225	1
4697	ゼロ	1140000	1140000	990000	1000000	0.093
4699	ウチダエスコ	0	0	0	0	0
4700	アクセス	7500000	7600000	7400000	7550000	0.005
4701	プレック研	0	0	0	0	0
4702	55ステーション	0	0	0	0	0
4703	住商オート	1040	1040	1010	1030	61
4704	トレンド	17000	17200	16600	16800	206
4705	クリップ	245	245	245	245	3
4706	富士通サポート	12000	12120	11870	12000	263.4
4707	キタック	0	0	0	0	0
4708	もしもしＨＬ	11400	11400	11300	11400	1.5
4709	ＩＤ	1320	1320	1320	1320	1
4710	ウィン	340	340	340	340	2
4711	コミュニティ	1280	1300	1280	1300	2.4
4712	アドアーズ	495	495	495	495	5
4713	日信電サ	1320	1320	1320	1320	1
4714	リソー教育	240000	240000	240000	240000	0.002
4715	クリエイティブ	518	518	516	516	2
4716	日本オラクル	35900	36050	34250	34550	45.1
4717	ソデッソジャパン	2440	2450	2440	2450	11
4718	早稲アカ	450	450	450	450	13
4719	アルファシス	14290	14310	14020	14300	9.8
4720	城南進研	0	0	0	0	0
4721	フジスタッフ	2610	2610	2550	2560	17
4722	フューチャー	2000000	2040000	1950000	2000000	0.045
4723	グッドウィル	230000	230000	214000	215000	0.584
4724	シチエ	1250	1250	1190	1200	25.6
4725	ＣＡＣ	6050	6060	6000	6050	10.5
4726	ソフトバンテク	9800	9800	9300	9300	11.5
4727	アジアＳ総研	2960	2960	2860	2900	4
4728	トーセ	5640	5990	5640	5900	8.8
4729	コナミスタジオ	4200000	4300000	4200000	4300000	0.007
4730	関西メンテ	810	810	810	810	7
4731	ユニバホーム	0	0	0	0	0
4732	ＵＳＳ	4100	4100	4080	4090	20
4733	ＯＢＣ	14500	14700	14300	14300	9.5
4734	ビーイング	1250	1250	1250	1250	8
4735	京進	0	0	0	0	0
4736	日本ラッド	0	0	0	0	0
4737	シダックス	1500	1500	1500	1500	5
4738	日立ビジネス	2005	2005	2000	2005	5
4739	ＣＴＣ	17700	17790	17300	17790	56.5
4740	ニューディル	1250000	1270000	1130000	1140000	0.029
4741	ＩＲＩ	9200000	9200000	9000000	9000000	0.006
4742	エイトコン	720000	720000	715000	715000	0.006
4743	アイティフォ	4990	5000	4950	4960	13
4744	メッツ	940000	940000	940000	940000	0.001
4745	東京個別	5600	5600	5600	5600	1
4746	東計電算	1329	1360	1329	1360	21
4747	Ｃフィッシュ	3400000	3400000	3400000	3400000	0.002
4748	構造計画	1750	1750	1750	1750	2
4749	アドバックス	365	366	365	365	6
4750	ダイサン	365	375	365	375	11
4751	サイバエージ	5800000	5800000	5600000	5600000	0.003
4752	昭和システム	601	610	600	610	4
4753	ライブドア	4000000	4000000	3990000	3990000	0.008
4754	トスネット	0	0	0	0	0
4755	楽天	4740000	4750000	4320000	4340000	0.259
4756	ＣＣＣ	3000	3000	3000	3000	1
4757	インテリ	0	0	0	0	0
4758	シーアイエス	9700000	9700000	9700000	9700000	0.002
4759	ライブＭ	3340000	3350000	3250000	3280000	0.012
4760	ＡＬＰＨＡ	700	720	680	715	137
4761	さくらＫＣＳ	1060	1080	1055	1080	17
4762	エクスネット	5000000	5100000	5000000	5100000	0.021
4763	クリークリバ	3010000	3010000	2980000	3000000	0.011
4764	Ｄデザイン	1900000	1900000	1660000	1700000	0.038
4765	モーニングＳ	5800000	5800000	5500000	5500000	0.008
4766	ピーエイ	1330	1350	1200	1200	37
4901	富士写	4330	4420	4320	4370	292
4902	コニカＨＤ	1000	1035	1000	1029	1695
4911	資生堂	1481	1501	1479	1500	1412
4912	ライオン	410	413	402	409	749
4913	サンスター	380	380	380	380	2
4914	高砂香	490	511	490	505	540
4915	エイボンＪ	223	225	223	224	4
4916	ノエビア	1120	1120	1120	1120	2
4917	マンダム	1930	1980	1850	1850	188
4918	アイビー	475	485	475	485	3
4919	ミルボン	7100	7220	7000	7220	9.6
4920	日本色材	0	0	0	0	0
4921	ファンケル	11880	11880	11520	11520	39.8
4922	コーセー	3420	3420	3300	3300	9
4951	エステー化	719	721	719	720	7
4953	タイホー工業	400	400	400	400	3
4954	マークテック	420	420	420	420	2
4955	アグロカネシ	753	753	753	753	3
4956	コニシ	1170	1170	1153	1170	9.8
4957	ヤスハラケミ	0	0	0	0	0
4958	長谷川香料	1910	1920	1910	1920	1.2
4959	シーシーアイ	0	0	0	0	0
4960	ケミプロ	450	450	450	450	3
4961	日油技研	840	860	840	850	5
4963	星光ＰＭＣ	630	635	630	635	4
4964	星光化学工業	0	0	0	0	0
4965	曽田香料	410	420	410	410	7
4966	上村工	2000	2010	2000	2000	4
4967	小林製薬	9880	9880	9650	9800	8
4968	荒川化工	1000	1000	990	990	10
4970	東洋合成	1740	1780	1730	1780	19
4987	寺岡製	835	880	830	880	50
4989	イハラケミ	259	259	251	252	34
4990	昭和化	0	0	0	0	0
4992	北興化	370	387	365	387	105
4996	クミアイ化	211	214	211	214	19
4997	日農薬	252	252	249	250	17
4998	フマキラ	222	227	222	222	33
4999	セメダイン	300	300	300	300	2
5001	新日本石油	516	529	515	525	4357
5002	昭和シェル	555	580	555	580	270
5006	興亜石油	297	303	297	303	120
5007	コスモ石	193	201	193	200	893
5008	東亜石	121	125	121	121	98
5009	富士興	88	90	87	87	100
5010	日精蝋	113	113	113	113	8
5011	ニチレキ	543	543	532	532	61
5012	東燃ゼネ石	580	585	571	571	881
5013	ユシロ	646	646	630	635	87
5014	ジャパンエナジー	111	115	110	114	3367
5015	ＢＰカスト	617	630	617	620	12
5101	浜ゴム	285	290	282	284	395
5102	大機エンジ	230	244	230	244	5
5103	昭ゴム	482	540	482	530	223
5104	日東化工	127	132	126	127	31
5105	洋ゴム	168	168	164	167	862
5106	オーツタイヤ	246	282	245	282	1737
5108	ブリヂストン	2355	2360	2290	2310	755
5110	住友ゴ	635	658	635	658	249
5121	藤ゴム	278	285	275	275	66
5122	オカモト	255	258	252	258	140
5123	ミサワ東洋	185	185	173	173	4
5142	アキレス	179	180	175	178	152
5143	世界長	193	197	190	193	65
5161	西川ゴム	0	0	0	0	0
5162	朝日ラバー	1250	1250	1180	1240	10
5184	ニチリン	0	0	0	0	0
5185	フコク	700	710	695	695	11
5186	ニッタ	1300	1301	1250	1250	37
5187	クリエート	950	950	930	940	5
5188	帝都ゴム	98	98	98	98	1
5189	桜ゴム	187	187	187	187	1
5191	東海ゴ	1160	1175	1150	1175	26
5192	三星ベ	310	310	307	308	85
5193	平成ポリマー	130	132	127	128	7
5194	相模ゴ	610	612	580	581	8
5195	バンドー	240	242	237	241	105
5196	鬼ゴム	106	106	99	105	108
5199	不二ラテ	201	208	200	208	12
5201	旭硝子	1200	1200	1182	1195	2581
5202	板硝子	1519	1519	1477	1486	2079
5204	石塚硝	302	308	302	307	22
5205	日本無機	414	420	409	409	18
5208	有沢製	3150	3250	3150	3250	19
5210	日山村硝	205	205	200	202	610
5212	不二硝	315	315	315	315	1
5213	芝セラミ	859	868	835	844	451
5214	日電硝	2410	2410	2385	2400	254
5215	旭テクノグラス	1644	1644	1590	1605	308
5216	倉元	1940	2000	1920	2000	47.4
5217	テクノクオツ	2500	2500	2500	2500	1
5232	住友大阪	639	650	619	629	2044
5233	太平洋セメ	250	253	240	241	3726
5234	デイ・シイ	190	192	182	182	28
5237	ノザワ	109	110	105	105	23
5261	ミサワリゾ	294	294	280	281	22
5262	日ヒューム	290	290	280	285	45
5266	テイヒュー	0	0	0	0	0
5267	ハネックス	128	130	127	130	19
5268	旭コン	368	370	368	370	8
5269	日コン	147	147	142	144	57
5271	トヨアサノ	149	150	149	150	4
5272	浅野スレ	140	165	140	165	149
5273	三谷セキ	281	281	280	280	11
5274	ゼニパイプ	0	0	0	0	0
5276	石建工	445	445	430	430	11
5277	スパンクリト	445	460	445	450	17
5278	エバタ	182	183	174	175	8
5279	日本興業	240	240	230	230	5
5280	ヨシコン	0	0	0	0	0
5281	旭ダンケ	0	0	0	0	0
5282	ジオスター	957	977	957	977	3
5283	高見沢	0	0	0	0	0
5284	ヤマウ	0	0	0	0	0
5285	ヤマックス	300	300	300	300	4
5286	武井工業	295	295	295	295	1
5287	イトヨーギョ	1050	1100	1050	1100	6
5301	東海カ	293	296	286	287	540
5302	カーボン	138	139	135	138	242
5304	エスイ−シ−	257	257	251	251	25
5331	ノリタケ	585	590	578	584	356
5332	ＴＯＴＯ	900	912	900	904	1208
5333	ガイシ	1390	1406	1390	1398	2534
5334	特殊陶	1800	1818	1786	1794	631
5336	INAX	680	690	677	683	437
5337	ダントー	430	438	430	431	81
5338	大トー	253	253	253	253	5
5341	アサヒ陶	0	0	0	0	0
5342	ジャニス	0	0	0	0	0
5343	ニッコー	410	410	410	410	3
5344	ＭＡＲＵＷＡ	3900	3970	3700	3820	42.5
5351	白煉瓦	238	242	238	242	168
5352	黒崎	196	197	192	196	32
5355	ルツボ	135	135	133	133	20
5356	美濃窯	0	0	0	0	0
5357	ヨータイ	240	260	239	260	88
5358	イソライト	202	202	202	202	1
5361	東海熱	740	740	720	735	37
5362	九州耐	305	305	305	305	1
5363	ＴＹＫ	218	218	213	218	26
5367	ニッカトー	1160	1180	1120	1160	95
5382	中央商事	0	0	0	0	0
5383	三共理化	640	640	630	630	2
5384	フジミインコ	4250	4250	4100	4100	10.2
5386	鶴弥	760	770	760	760	4
5387	チヨダウーテ	960	960	960	960	2
5388	クニミネ	0	0	0	0	0
5389	日レヂボン	0	0	0	0	0
5390	宇部マテリア	155	155	152	152	7
5391	Ａ＆ＡＭ	160	190	160	190	460
5393	ニチアス	450	464	445	453	3014
5395	コランダム	203	206	203	205	4
5397	ＭＩＥテクノ	135	135	135	135	4
5398	日研紙	183	183	183	183	6
5401	新日鉄	218	219	216	218	19184
5403	川崎製鉄	157	159	155	157	8286
5404	日本鋼管	72	72	71	72	3718
5405	住金	74	74	73	73	2829
5406	神戸鋼	73	75	73	74	3171
5407	日新鋼	119	119	117	119	756
5408	中山鋼	160	160	156	158	93
5410	合同鉄	105	110	104	110	463
5423	東京製鉄	404	410	398	405	699.4
5443	東洋製鋼	1	2	1	1	2284
5444	大和工	510	515	506	510	248
5445	東京鉄	90	91	85	85	42
5446	北越メ	132	132	132	132	1
5448	東京鋼鉄	70	70	70	70	1
5449	大阪製鉄	460	465	459	464	4.6
5451	淀川鋼	320	334	320	326	657
5453	洋鋼鈑	383	386	380	386	63
5454	日鉄鋼板	208	214	207	214	121
5457	住友鋼管	407	410	402	405	49
5458	高砂鉄	0	0	0	0	0
5461	中部鋼	180	180	179	179	7
5462	日鉄鋼管	140	140	128	138	7
5463	丸一管	1314	1330	1314	1325	39
5464	モリ工	255	261	253	257	66
5471	大同特鋼	243	243	235	240	394
5476	高周波	100	100	97	99	215
5479	日金工	95	96	94	96	249
5480	冶金工	77	78	76	78	560
5481	山陽鋼	152	152	148	151	112
5482	愛知鋼	325	327	322	326	36
5484	東北鋼	0	0	0	0	0
5486	日立金	970	970	953	957	502
5491	日金属	125	127	125	127	31
5541	大平金	324	327	320	323	1673
5542	報国鉄	505	520	505	520	1.8
5562	日本重化学	163	163	158	160	575
5563	日本電工	181	182	178	182	234
5566	中央電	260	264	250	264	42
5602	栗本鉄	279	281	278	280	147
5603	虹技	138	138	129	130	11
5605	自動鋳	85	86	85	86	28
5606	旭テック	189	190	185	190	35
5607	中可鍛	0	0	0	0	0
5608	川口金	254	254	254	254	5
5609	日鋳造	128	128	120	120	13
5610	大和重	140	140	140	140	1
5612	鋳鉄管	245	245	244	245	11
5613	日本カタン	255	255	255	255	1
5631	日製鋼	144	145	139	141	990
5632	菱製鋼	92	93	90	93	313
5633	関東特殊製鋼	87	87	85	86	16
5641	ＴＤＦ	207	217	207	216	6
5642	日本鍛工	0	0	0	0	0
5644	メタルアート	126	139	126	139	8
5645	イチタン	0	0	0	0	0
5657	鈴木金	177	177	171	177	17
5658	日亜鋼	415	415	410	415	16
5659	日精線	330	385	310	371	361
5660	神鋼線	92	94	88	90	12
5691	東京シヤリング	93	93	93	93	1
5694	大和綱帯	0	0	0	0	0
5695	パウダテック	425	425	425	425	2
5696	川鉄鋼板	135	135	134	134	12
5697	サンユウ	395	395	395	395	1
5701	日軽金	102	103	101	103	1544
5702	大紀ア	200	201	195	200	72
5706	三井金	848	853	835	847	3392
5707	東邦鉛	222	226	220	224	494
5711	三菱マ	435	447	434	446	11072
5713	住友鉱	488	501	486	497	5511
5714	同和鉱	327	330	321	326	1504
5715	古河機金	290	291	280	282	1169
5716	日鉱金属	600	610	598	600	989
5721	Ｓサイエンス	810	864	800	840	519
5727	邦チタ	544	544	510	535	52
5728	アライドマテリアル	1150	1150	1120	1130	27
5729	日精鉱	397	440	385	438	248
5734	昭和アルミ	174	177	170	176	284
5738	住軽金	107	108	105	107	199
5739	日製箔	191	194	186	186	21
5740	九州不二サッシ	203	203	203	203	2
5753	日伸銅	92	92	87	92	28
5756	東海アルミ箔	57	57	56	56	5
5757	サンエツ	0	0	0	0	0
5771	菱伸銅	433	440	420	430	196
5781	東邦金	195	197	195	195	12
5801	古河電	2565	2660	2480	2500	7798
5802	住友電	1870	1879	1810	1813	3777
5803	フジクラ	740	757	736	739	5040
5804	菱線工	299	303	290	294	1474
5805	昭電線	196	205	195	205	6922
5807	東特線	366	367	362	367	80
5808	理研線	305	312	304	304	37
5809	タツタ	188	190	186	186	186
5810	第一電工	94	97	93	95	172
5811	トヨ電線	640	640	640	640	11
5812	日立線	1540	1550	1453	1484	914
5813	花島電線	200	200	198	198	6
5815	沖電線	295	310	295	305	101
5816	オーナンバ	217	220	217	220	5
5817	日電線	390	400	390	400	9
5818	東日京三電線	405	410	400	410	18
5819	カナレ電気	1800	1860	1750	1850	17.1
5820	三ッ星	0	0	0	0	0
5851	リョービ	190	193	188	192	171
5852	アーレスティ	385	385	380	380	3
5853	京都ダイカスト	169	170	168	170	5
5854	東京理化工	123	126	122	125	9
5855	アサヒプリテ	2200000	2200000	2200000	2200000	0.001
5900	ダイケン	450	460	450	455	5
5901	洋カン	1949	1980	1940	1940	149
5902	北カン	311	320	311	318	158
5903	シンポ	675	675	670	675	5
5904	アルコアシステム	600	600	600	600	1
5905	日カン	205	205	205	205	2
5906	エムケー精工	0	0	0	0	0
5907	ＪＦＥコンテ	147	147	147	147	1
5908	日鉄ドラム	0	0	0	0	0
5909	コロナ	0	0	0	0	0
5910	立山アルミ	280	280	256	256	7
5911	横河ブ	550	555	540	545	431
5912	日本橋	166	166	155	160	73
5913	松尾橋	240	241	235	239	81
5914	宮地鐵工所	236	236	227	227	110
5915	駒井鉄	332	335	332	333	35
5916	ハルテック	297	297	291	293	101
5917	サクラダ	140	140	136	140	22
5918	滝上工	405	410	405	405	16
5919	日鉄塔	409	410	401	401	34
5920	鈴木シャ	215	215	215	215	7
5921	川岸工	300	324	300	320	14
5922	那須鉄	185	189	183	183	15
5923	高田機	508	510	505	510	18
5924	新日軽	86	87	86	86	40
5925	酒井鉄工所	135	135	135	135	1
5926	安治川鉄工	0	0	0	0	0
5927	ホリー	120	120	115	116	3
5928	アルメタクス	255	265	255	255	36.5
5929	三和シャタ	368	378	368	372	822
5930	文化シヤタ	265	267	263	266	88
5931	川田工	270	273	266	270	185
5932	三協アルミ	98	98	95	98	119
5933	アルインコ	261	262	261	261	12
5934	日本ア	55	55	55	55	4
5935	元旦	0	0	0	0	0
5936	洋シヤタ	109	110	109	109	49
5937	洋エクス	805	810	794	794	30
5938	住生活Ｇ	1744	1744	1670	1720	237
5939	大谷工業	194	194	194	194	3
5940	不二サッシ	133	135	127	127	31.6
5941	中西製	0	0	0	0	0
5942	フイルコン	0	0	0	0	0
5943	ノーリツ	1346	1346	1320	1321	54
5944	日立粉末	1200	1222	1180	1213	375
5945	天竜製鋸	1140	1180	1140	1180	4
5946	長府製	1430	1460	1430	1460	18.3
5947	リンナイ	2350	2350	2270	2280	70.1
5949	ユニプレス	230	230	218	218	35
5950	パワーファス	0	0	0	0	0
5951	ダイニチ工業	290	294	290	293	11.9
5952	アマテイ	112	112	112	112	5
5954	トープラ	204	204	202	202	3
5955	ヤマシナ	205	211	204	204	376
5956	トーソー	415	429	415	429	2
5957	日東精	230	243	230	241	24
5958	三洋工	636	637	622	628	160
5959	岡部	373	375	372	374	30
5961	トーカロ	980	980	975	980	8
5962	浅香工	0	0	0	0	0
5963	日立ツール	684	690	680	682	18.5
5964	洋刃物	158	158	135	135	5
5965	フジマック	520	520	505	505	14
5966	ＫＴＣ	387	388	387	388	4
5967	前田金	131	140	128	128	7
5969	ロブテックス	166	166	160	166	11
5970	菊池プレス	516	516	500	500	3
5971	共和工業	240	240	225	240	28
5972	日本建鐵	300	309	300	309	12
5973	トーアミ	520	520	515	515	12
5974	中国工	185	185	181	184	21
5975	東プレ	392	392	385	392	39
5976	ネツレン	341	346	341	346	53
5977	コマツ電子	1169	1190	1169	1170	16.5
5979	カネソウ	457	457	457	457	3
5980	田中亜鉛	268	268	268	268	2
5981	東京綱	155	155	153	154	309
5982	マルゼン	421	428	421	428	9
5983	イワブチ	500	500	500	500	2
5984	兼房	629	629	629	629	0.5
5985	サンコール	411	414	408	414	31
5986	モリテック	274	280	274	274	5
5987	オーネックス	250	250	250	250	3
5988	パイオラクス	788	788	760	760	5
5989	ヒラタ	420	420	410	410	2
5990	スーパツール	160	170	160	170	23
5991	ニッパツ	495	495	476	487	504
5992	中央発條	403	405	401	404	45
5993	知多鋼	0	0	0	0	0
5994	ファインＳ	0	0	0	0	0
5995	科学冶金	0	0	0	0	0
5996	新立川	841	841	840	841	2.1
5997	協立エアテク	640	647	640	647	1.9
5998	アドバネクス	331	331	320	320	33
5999	イハラサイエ	350	381	336	373	36
6005	三浦工	1526	1540	1523	1537	57.3
6011	新潟鉄工所	86	88	85	86	1062
6013	タクマ	928	928	922	922	69
6016	神発動	130	130	125	125	4
6018	阪神燃	0	0	0	0	0
6020	神鋼造機	91	91	91	91	4
6021	ロビン	250	250	245	245	3
6022	赤阪鉄	102	103	102	103	12
6023	ダイハツデ	184	235	184	235	289
6041	ボッシュ	155	159	151	158	228
6042	ニッキ	165	170	161	161	35
6101	ツガミ	543	549	535	538	352
6102	池貝	176	177	173	175	165
6103	オークマ	466	474	462	465	305
6104	東芝機	420	420	402	419	1285
6106	日立精機	196	197	190	195	147
6107	アマダマシ	342	342	333	340	267
6111	旭精機	215	224	212	224	8
6112	小島鉄	0	0	0	0	0
6113	アマダ	960	975	940	957	1087
6114	住倉工業	280	285	276	276	55
6118	アイダ	480	517	475	516	1283
6119	ゼィープラス	310	310	300	300	11
6121	滝澤鉄	95	95	90	90	26
6125	岡本工	170	170	165	168	111
6126	大ダイヤ	200	209	200	204	5
6130	日平トヤマ	220	220	215	215	56
6131	浜井産	169	170	165	165	13
6134	富機製	5580	5600	5430	5430	21.6
6135	牧野フ	1026	1027	1000	1018	309
6136	ＯＳＧ	670	680	660	660	273
6137	小池工	175	178	170	175	47
6138	ダイジェト	203	215	203	215	112
6139	東芝タンガロイ	873	919	867	916	1099
6140	旭ダイヤ	717	719	705	714	90
6141	森精機	1675	1675	1625	1640	174
6142	富士精	260	262	260	262	8
6143	ソディック	985	985	965	965	283
6144	西部電機	260	260	252	252	10
6145	日特エンジ	2400	2440	2300	2300	193
6146	ディスコ	15600	15600	15400	15450	56.4
6147	ヤマザキ	1150	1150	1150	1150	1
6148	UHT	2200	2300	2200	2300	12
6149	小田原エンジ	700	700	700	700	6.5
6150	タケダ機械	0	0	0	0	0
6151	日東工器	2740	2750	2735	2750	21.3
6201	豊田織	2480	2545	2455	2525	712
6203	豊和工	176	178	172	178	410
6204	キリウ	197	220	194	220	103
6205	ＯＫＫ	167	179	165	178	278
6206	豊田工	1071	1075	1040	1047	206
6208	石川製	138	139	134	137	115
6210	東洋機械	581	582	581	581	7
6211	倉敷機	120	120	116	116	6
6212	帝人製機	307	310	300	303	164
6213	ＯＭ製	177	178	175	178	20
6214	大隈豊和機械	235	238	228	228	35
6216	寿工業	145	150	140	140	8
6217	津田駒	222	233	222	228	91
6218	エンシュウ	200	200	193	199	51
6221	大東製機	349	349	349	349	3
6222	島精機	2710	2710	2630	2690	5.9
6242	スピンドル	294	295	290	295	201
6245	ヒラノテク	278	278	278	278	5
6246	井上金	255	305	254	304	54
6247	日阪製	548	549	545	548	30
6271	ニッセイ	1000	1000	1000	1000	3
6272	レオン	428	428	423	424	13
6273	ＳＭＣ	18490	18700	18030	18700	63.7
6274	新川	5190	5200	5060	5080	92.4
6275	イセキ開発工	119	125	118	125	16
6276	ナビタス	905	905	890	900	6
6277	ホソミクロン	790	819	790	810	73
6278	ユニオンツル	11500	11580	11000	11280	14.3
6279	瑞光	1490	1490	1460	1490	6.5
6280	名機製	1380	1420	1380	1420	34
6281	前田製作	0	0	0	0	0
6282	オイレス	2230	2250	2200	2220	36.3
6283	オリイメック	365	365	365	365	1
6284	ＡＳＢ機械	505	515	505	510	10
6286	静甲	610	615	610	615	2
6287	サトー	2870	2870	2760	2790	20.9
6288	ハマダ印刷機	230	230	230	230	1
6289	技研製	341	341	326	326	7
6290	ＳＥＳ	1570	1570	1520	1550	69
6291	エアーテック	990	1060	981	1060	56
6292	カワタ	1180	1180	1090	1090	28
6293	日精樹脂	1570	1610	1570	1605	51
6294	オカアイヨン	0	0	0	0	0
6295	富士変速	252	277	252	265	3.9
6296	ロキテクノ	1600	1640	1520	1580	147
6297	鉱研工業	325	325	320	320	2.4
6298	ワイエイシイ	2600	2620	2490	2490	23
6299	神鋼環境Ｓ	320	320	320	320	5
6300	アピクヤマダ	1320	1330	1270	1290	42
6301	コマツ	760	779	760	772	5936
6302	住友機	375	379	359	361	2542
6303	ササクラ	446	446	430	430	9
6304	マキ製作所	0	0	0	0	0
6305	日立建機	580	588	573	580	198
6306	日工	280	290	278	290	60
6307	サンセイ	110	110	110	110	10
6309	巴工業	921	930	910	910	4
6310	井関農	98	100	98	100	182
6311	セイレイ工業	288	288	262	266	13
6312	フロイント	0	0	0	0	0
6313	共立	178	183	169	172	175
6314	石井工研	1380	1400	1350	1370	9.6
6315	ＴＯＷＡ	4930	4930	4860	4890	68.7
6316	丸山製	171	174	168	174	146
6317	北川鉄	171	172	170	172	43
6319	シンニッタン	285	316	285	308	336
6320	新ダイワ	285	290	285	290	35
6321	石搬機	410	410	400	400	13
6322	タクミナ	0	0	0	0	0
6323	ローツェ	5500	5550	5350	5350	14
6324	ハーモニック	3020000	3020000	2900000	2930000	0.025
6325	タカキタ	0	0	0	0	0
6326	クボタ	400	405	398	405	1481
6327	北川精機	535	550	500	500	28
6328	荏原実業	1500	1590	1500	1590	33
6329	ＨＥＣ	512	512	508	508	7
6330	東洋エンジ	116	118	115	118	372
6331	化工機	257	260	256	257	165
6332	月島機	705	705	701	705	35
6333	帝国電	700	700	700	700	2
6334	明治機	342	344	333	340	298
6335	東京機	457	474	457	470	151
6336	石井表記	2990	3000	2950	2950	2.8
6337	テセック	6700	6700	6510	6530	10
6338	タカトリ	1260	1290	1260	1290	5
6339	新東工	342	355	342	347	79
6340	渋谷工	920	920	919	920	5
6341	日立造船富岡	185	185	185	185	5
6342	太平製	93	93	93	93	1
6343	フリージア	78	79	76	79	18
6345	アイチコーポ	241	245	240	240	48.4
6346	菊川鉄	200	200	200	200	1
6347	プラコー	125	125	121	121	16
6348	日本マリンテクノ	0	0	0	0	0
6349	小森	1991	2020	1991	2000	84
6350	新日本造機	0	0	0	0	0
6351	鶴見製	569	569	566	568	12
6352	トヨコケン	135	135	135	135	2
6354	日立機電	473	490	473	490	97
6355	住友精	461	465	456	465	95
6356	日ギア	180	180	180	180	14
6357	三精輸	360	360	353	353	17
6358	酒井重	260	260	257	259	32
6359	粟村製作所	0	0	0	0	0
6360	東自機	0	0	0	0	0
6361	荏原	1466	1515	1465	1508	1751
6362	石井鉄	212	220	200	211	69
6363	酉島	620	620	605	615	29
6364	北越工	180	190	180	190	15
6365	電業社	5300	5400	5300	5400	0.3
6366	千代建	113	118	113	115	288
6367	ダイキン	2700	2715	2590	2625	481
6368	オルガノ	569	569	546	554	170
6369	トヨカネツ	126	128	125	126	223
6370	栗田工	2400	2420	2330	2350	84
6371	椿本チ	530	530	511	515	195
6372	セイサ	93	93	93	93	1
6373	大同工	300	325	300	325	135
6374	ＴＣＭ	399	460	396	452	4157
6375	コンベヤ	125	125	123	124	134
6376	日機装	660	668	657	664	260
6377	甲陽建設	267	274	267	274	31
6378	木村化	260	294	255	280	428
6379	新興プラン	128	130	128	129	17
6380	オリチェン	122	124	122	124	16
6381	アネスト岩田	210	210	200	203	51
6382	トリニ工	275	275	275	275	18
6383	ダイフク	1157	1157	1126	1126	214
6386	扶桑レクセ	1730	1760	1720	1750	20
6388	ミサワバン	280	283	277	278	30
6389	内田油圧	80	80	80	80	5
6390	加藤製	183	183	177	183	42
6391	加地テック	182	182	182	182	1
6392	ヤマダコーポ	154	155	154	155	3
6393	油研工	148	149	146	148	34
6394	大江工業	141	141	136	136	22
6395	タダノ	212	215	212	215	54
6396	宇野鉄	154	165	154	165	7
6397	郷鉄工	125	125	125	125	3
6398	日本電産シンポ	991	991	991	991	2
6403	水道機	320	320	320	320	2
6406	フジテック	960	978	952	960	80
6407	シーケーディ	1020	1160	1020	1144	1432
6408	クラッチ	950	950	950	950	3
6409	キトー	395	400	395	395	11
6411	中野冷	0	0	0	0	0
6412	平和	2400	2430	2385	2420	100.8
6413	理想科学	2730	2760	2730	2750	4.5
6414	川重冷熱	0	0	0	0	0
6415	ニスカ	920	930	920	930	13
6416	桂川電機	320	320	320	320	1
6417	ＳＡＮＫＹＯ	4650	4700	4560	4570	68.7
6418	日金銭	1870	1900	1840	1890	27
6419	マース	3400	3400	3300	3350	17.8
6420	福島工業	700	700	700	700	0.5
6421	キヤノンＦ	1478	1478	1450	1460	81
6422	キヤノン化成	1570	1590	1530	1580	189
6423	アビリット	5490	5550	5460	5490	55.3
6424	高見サイ	0	0	0	0	0
6425	アルゼ	8900	8900	8700	8720	37.1
6426	サミー	4210	4220	4180	4180	6.8
6427	東北リコー	1149	1149	1100	1100	13
6431	キャノンＮＴＣ	385	394	380	381	30
6436	アマノ	1209	1249	1207	1248	172
6437	三条機	160	160	156	156	5
6439	中日鋳	0	0	0	0	0
6440	ＪＵＫＩ	462	504	460	495	5470
6442	コピア	471	476	455	456	29
6443	東洋製	152	152	150	151	8
6444	サンデン	788	806	784	800	366
6445	蛇の目	118	119	114	115	347
6448	ブラザー	300	300	292	292	140
6453	シルバ精	215	219	211	214	199
6454	マックス	1245	1260	1245	1252	89
6455	モリタ	308	310	308	310	17
6457	グローリー	2105	2140	2080	2090	108
6458	新晃工	257	290	256	280	185
6459	大和冷	402	405	398	402	130
6461	日ピス	122	123	120	122	195
6462	リケン	248	253	245	253	144
6463	ＴＰＲ	336	340	336	340	16
6466	トウアバルブ	110000	113000	110000	110000	0.006
6467	ニチダイ	620	620	600	600	138
6468	駿河精機	3500	3550	3500	3550	4
6469	放電精密	950	950	945	945	11
6470	大豊工業	999	1000	981	990	33
6471	日精工	959	974	946	973	1342
6472	ＮＴＮ	498	506	485	497	2201
6473	光洋精	930	947	924	934	415
6474	不二越	207	210	205	207	234
6475	天辻	1100	1200	1100	1200	9
6476	富士テクニカ	0	0	0	0	0
6477	ツバキ・ナカ	1459	1459	1400	1435	26
6478	ダイベア	240	240	240	240	6
6479	ミネベア	1310	1321	1290	1300	1067
6480	トムソン	1425	1470	1425	1454	312
6481	ＴＨＫ	5330	5400	5280	5390	105
6482	ユーシン精機	7550	7550	7430	7550	9.2
6483	川重防災	585	630	575	620	83
6484	ＫＶＫ	266	269	266	269	7
6485	前沢給装	741	741	736	740	15
6486	イーグル工	350	350	337	348	10
6487	積水工機	0	0	0	0	0
6488	ヨシタケ	300	300	300	300	2
6489	前沢工業	1000	1030	1000	1025	73.3
6490	ピラー	1050	1050	1010	1010	20
6492	岡野バ	160	160	160	160	2
6493	日鍛バ	245	249	243	245	53
6494	ファネス	370	370	365	365	8
6495	宮入バ	105	108	103	108	23
6496	中北製	238	250	238	240	41
6497	ハマイ	500	500	500	500	1
6498	キッツ	238	238	234	235	502
6499	大隈エンジニア	0	0	0	0	0
6501	日立	1380	1400	1369	1380	5222
6502	東芝	1200	1211	1189	1201	6429
6503	三菱電	1080	1089	1070	1079	2718
6504	富士電機ＨＤ	458	458	448	455	2990
6505	東洋電	168	170	166	170	30
6506	安川電	1258	1275	1254	1272	686
6507	神鋼電	266	267	256	256	687
6508	明電舎	230	234	229	232	195
6513	オリジン	1005	1027	999	1027	39
6516	山洋電	521	530	511	530	179
6517	デンヨー	730	731	725	725	20
6518	三相電機	690	690	690	690	1
6581	日立工	385	400	384	400	648
6584	三桜工	660	673	652	652	209
6585	サーボ	325	329	320	320	28
6586	マキタ	1050	1075	1050	1065	148
6587	松下精工	495	495	473	485	81
6588	東芝テック	558	562	543	553	1516
6590	芝浦	1274	1300	1270	1284	121
6591	西芝電	170	170	170	170	4
6592	マブチ	14400	15000	14300	15000	86.9
6593	ローヤル電	490	490	490	490	1
6594	日電産	9880	9910	9700	9900	36.2
6621	高岳	189	190	186	190	83
6622	ダイヘン	225	225	223	225	144
6623	愛電機	211	211	211	211	3
6624	田淵電	247	250	247	248	9
6641	日新電	347	350	335	340	432
6643	戸上電	163	167	163	166	17
6644	大崎電	644	645	631	645	28
6645	オムロン	2875	2890	2835	2890	291
6646	エナジーサポ	400	420	400	420	50
6647	森尾電	155	158	155	156	16
6648	かわでん	65	72	65	71	652
6650	春日電	180	185	175	176	10
6651	日東工	790	799	783	790	35
6652	和泉電	1630	1640	1601	1640	26.5
6654	不二電機	820	820	785	790	12
6655	東洋電機	0	0	0	0	0
6701	ＮＥＣ	3250	3300	3240	3290	3521
6702	富士通	3470	3480	3400	3450	4721
6703	沖電気	824	832	815	830	1270
6704	岩崎通	330	330	321	324	154
6705	ＮＥＣインフ	544	549	541	549	43
6706	電気興	1174	1174	1150	1171	143
6707	サンケン	850	863	830	839	1126
6708	東洋通	1650	1651	1630	1639	106
6709	明星電	180	185	180	185	25
6710	大興電機製作	225	230	225	230	36
6711	高見澤電機	279	279	270	270	16
6712	田村電機製作	312	320	309	318	73
6714	神田通信工業	270	270	262	262	9
6715	ナカヨ通	342	342	337	340	21
6716	中央無	434	434	434	434	1
6717	富士通アクセ	2280	2300	2250	2280	27.9
6718	アイホン	1478	1480	1453	1470	13.2
6741	信号	520	542	520	540	289
6742	京三	270	272	266	270	95
6743	大同信	229	230	229	230	23
6744	能美防災	455	470	454	459	60
6745	ホーチキ	345	350	343	350	14
6747	小糸工	350	350	338	338	52
6748	星和電	600	600	565	565	16
6749	マスプロ	1380	1380	1369	1369	30.7
6751	日無線	1090	1110	1070	1090	1018
6752	松下	2825	2825	2790	2820	2108
6753	シャープ	1799	1800	1780	1789	4568
6754	アンリツ	2640	2720	2615	2670	979
6755	富士通ゼ	800	820	796	809	125
6756	日立国際	1445	1460	1434	1451	150
6758	ソニー	11000	11130	10840	10900	2072.4
6759	ＮＥＣトーキ	1143	1143	1101	1114	77
6761	アイワ	1732	1750	1718	1725	87.8
6762	ＴＤＫ	14950	15040	14860	14980	314
6763	帝通工	420	428	415	424	57
6764	三洋電	975	981	974	979	4554
6765	ケンウッド	548	549	536	540	356
6766	宮越商	57	57	53	53	49
6767	ミツミ	3900	3980	3860	3860	157
6768	タムラ	548	549	536	546	130
6770	アルプス	2000	2020	1985	2010	654
6771	池上通	373	375	371	374	157
6772	コスモス	175	175	173	174	20
6773	パイオニア	4230	4300	4170	4250	974
6775	東和メクス	168	169	162	165	158
6776	天昇電	0	0	0	0	0
6779	日電波	4950	4950	4840	4890	176.6
6780	日立電子	620	633	616	633	52
6781	松下通信工業	12800	12800	12500	12600	629
6782	九州松下電器	1281	1309	1270	1270	604
6783	松下寿電子	2335	2350	2305	2325	272
6791	コロムビア	212	216	212	213	55
6792	ビクター	900	915	891	893	575
6793	山水電	19	20	19	19	979
6794	フォスター	898	898	851	880	101
6796	クラリオン	453	455	447	448	571
6798	ＳＭＫ	1103	1120	1060	1065	378
6799	日本マランツ	241	241	231	236	10
6800	ヨコオ	2450	2495	2405	2495	96
6801	東光	794	794	765	769	308
6802	赤井電機	25	25	22	24	9234
6803	ティアック	440	440	427	435	118
6804	ホシデン	4350	4360	4280	4290	133
6805	八木アン	715	717	715	717	4
6806	ヒロセ電	15600	15690	15500	15650	68.3
6807	航空電子	730	736	725	725	173
6808	シントム	90	91	87	87	1451
6809	ＴＯＡ	380	390	380	382	32
6810	マクセル	3560	3570	3400	3440	82
6811	クオンツ	510	524	500	510	273
6812	ジャルコ	645	645	611	622	29
6813	ナカミチ	117	117	115	117	82
6814	古野電	445	450	445	450	6
6815	ユニデン	790	810	790	799	169
6816	アルパイン	1650	1650	1640	1647	21
6817	スミダコーポ	5200	5290	5150	5290	18
6818	島田理	1569	1569	1500	1540	88.7
6819	オメガ・プロ	1400	1400	1280	1290	234
6820	アイコム	2130	2140	2100	2100	10
6821	バーテクスＳ	1020	1050	1020	1050	5
6822	大井電気	439	450	439	440	6
6823	リオン	870	880	870	875	7
6824	新コスモス	545	565	545	560	50
6825	パトライト	2500	2720	2500	2630	345
6826	本多通信	5700	5950	5700	5940	26
6827	東北パイオ	6520	6520	6450	6500	57
6836	ぷらっと	0	0	0	0	0
6837	京写	1380	1390	1380	1390	9
6838	多摩川電	1980	2000	1980	1990	7
6839	船井電	16350	16750	16300	16750	71.8
6840	アドテック	2080	2100	2000	2040	49
6841	横河電	1200	1217	1155	1171	1856
6842	ユニパルス	1600	1650	1560	1580	89
6843	東光精機	228	228	228	228	1
6844	新電元	780	795	756	767	708
6845	山武	1289	1289	1271	1280	76
6846	中央製	0	0	0	0	0
6847	安藤電気	2490	2590	2490	2590	179
6848	東亜ＤＫＫ	420	430	420	420	11
6849	日本光電	358	360	351	360	21
6850	チノー	279	280	275	280	57
6851	大倉電気	230	230	227	227	5
6852	テクノセブン	201	205	200	202	10
6853	共和電	338	338	323	338	12
6855	電子材料	2180	2180	2160	2160	13
6856	堀場製	1278	1284	1270	1273	45
6857	アドバンテスト	22800	23100	22600	22900	182.3
6858	小野測器	250	250	250	250	29
6859	エスペック	1015	1070	1015	1065	90
6860	サンクス	1240	1250	1210	1250	6
6861	キーエンス	34800	35400	34200	35400	72.9
6862	ミナトエレ	242	245	236	236	15
6863	ニレコ	601	601	601	601	1
6864	ＮＦ回路	480	480	480	480	4
6866	ＨＩＯＫＩ	979	979	970	970	2
6867	リーダー電子	840	840	840	840	2
6868	東カソード	1490	1490	1450	1460	10.4
6869	シスメックス	3600	3690	3570	3690	46.4
6870	フェンオール	700	700	700	700	3
6871	日本マイクロ	2700	2700	2610	2670	24.2
6872	日本コーリン	11500	12000	11500	12000	34.1
6873	日立電子Ｅ	1016	1060	1010	1060	21
6874	協立電機	3200	3210	3200	3200	0.4
6875	メガチップス	5600	5600	5500	5500	22
6876	光波	2870	2870	2850	2850	19
6877	ＯＢＡＲＡ	0	0	0	0	0
6878	長野日無	590	590	575	580	17
6879	フォトロン	470	470	470	470	1
6880	シンワ	1200	1230	1200	1200	2.5
6881	キョウデン	3880	3950	3880	3900	38
6882	三社電機	900	900	880	880	22
6883	電産コ電	1400	1400	1400	1400	1
6884	デジタル	3710	3740	3700	3740	6
6885	ミヤチテクノ	2000	2250	2000	2230	117.4
6886	グラフィック	571	571	571	571	1
6887	日本ＬＳＩカード	0	0	0	0	0
6888	アクモス	515000	520000	515000	520000	0.005
6889	オーデリック	555	570	555	570	3
6890	フェローテク	1790	1800	1750	1770	32
6891	イーター電機	979	979	900	900	8
6892	シチズン電子	11500	11500	11300	11400	4.6
6893	タイテック	1000	1010	965	975	48
6894	パルステック	2150	2150	2100	2100	10
6895	ダイヤ電機	860	860	840	840	12
6896	北川工業	1420	1420	1353	1357	2.4
6897	ツインバード	0	0	0	0	0
6898	トミタ電機	0	0	0	0	0
6899	ＡＳＴＩ	650	650	650	650	7
6900	東京電波	6410	6510	6200	6200	10
6901	沢藤電	307	314	307	311	13
6902	デンソー	2695	2715	2650	2710	1165
6904	原田工業	480	500	480	490	6
6905	コーセル	4300	4320	4250	4280	121.9
6906	キヤ･コンポ	405	405	405	405	2
6907	ジオマテック	2100	2140	2070	2120	46.4
6908	イリソ電子	742	750	720	721	19
6909	北部通信工業	413	413	413	413	3
6910	日立メディコ	1410	1420	1410	1419	24
6911	新日無	1130	1150	1080	1150	44
6912	菊水電子	570	580	530	560	19
6913	メルコ	3970	3980	3850	3950	37.7
6914	オプテックス	1230	1240	1190	1210	11
6915	千代田インテ	1760	1790	1700	1730	91
6916	アイオデータ	2730	2730	2610	2610	19.7
6917	デンセラムダ	2230	2295	2225	2295	27.9
6918	アバール	0	0	0	0	0
6919	ケル	815	820	815	820	16
6920	レーザーテク	2550	2550	2550	2550	1
6921	東光電	329	329	316	324	15
6922	昭和情報	530	530	515	515	14
6923	スタンレー	1155	1180	1151	1158	843
6924	岩崎電	285	305	282	305	318
6925	ウシオ電	3080	3140	3070	3140	1087
6926	岡谷電	290	290	289	289	18
6928	エノモト	1570	1570	1510	1550	125
6929	日セラ	2290	2330	2265	2330	471
6930	日本アンテナ	1360	1360	1330	1330	3
6931	日本電池	542	570	540	555	6463
6932	ユアサコーポ	401	405	391	400	9
6933	ＹＵＡＳＡ	306	312	301	312	833
6934	新神戸	815	848	815	830	405
6935	日デジタル	1879	1880	1850	1865	48.1
6936	東洋高砂乾	141	141	141	141	2
6937	古河池	370	372	361	372	36
6938	双信電機	1050	1050	1000	1030	60
6939	ＵＭＣＪ	1760000	1760000	1730000	1740000	0.128
6940	多摩電気	360	360	360	360	5
6941	山一電機	3300	3330	3290	3300	30
6942	ソフィア	309	309	300	300	6
6943	開閉器	704	710	700	701	6
6944	アイレックス	289	290	289	290	7
6945	ＦＴＥＣ	681	681	681	681	5
6946	日本アビオ	326	326	326	326	5
6947	図研	3180	3180	3020	3090	79.2
6948	住友電装	890	890	890	890	2
6949	キンセキ	1717	1718	1670	1709	152
6950	ＹＥデータ	591	599	590	595	5
6951	日電子	620	671	619	658	534
6952	カシオ	1300	1325	1300	1314	740
6954	ファナック	11310	11530	11260	11400	379.9
6955	ＦＤＫ	1060	1070	1015	1050	124
6956	神明電	1800	1800	1760	1760	4
6957	芝浦電子	335	335	330	331	4.7
6958	日本ＣＭＫ	1840	1840	1803	1810	84
6960	フクダ電	2160	2170	2160	2170	6
6961	エンプラス	6850	6900	6720	6770	37.2
6962	大真空	871	907	870	875	1143
6963	ローム	30750	30850	30150	30400	174.9
6964	サンコー	2350	2350	2280	2340	11
6965	ホトニクス	7450	7460	7300	7400	83.8
6966	三井ハイテク	2120	2140	2115	2140	37.5
6967	新光電工	4670	4800	4620	4690	39
6968	グラフテック	217	219	216	219	15
6969	松尾電	680	680	640	650	86
6970	日本コンラックス	680	690	662	662	145
6971	京セラ	17000	17090	16650	16850	977.4
6972	エルナー	540	540	524	528	50
6973	協栄産	362	362	351	351	14
6974	日本インター	346	346	336	336	14
6975	ＮＥＯＭＡＸ	1609	1609	1560	1570	159
6976	太陽電	6430	6480	6180	6230	748
6977	抵抗器	312	340	312	340	85
6980	日立ＡＩＣ	1261	1262	1210	1217	114
6981	村田製	16410	16410	15920	16040	569
6982	リード	0	0	0	0	0
6984	朝日ナショナ	405	405	405	405	3
6985	ユーシン	496	497	485	485	27
6986	双葉電	4400	4440	4360	4400	13.5
6988	日東電	4130	4130	4030	4070	529
6989	北電工	253	253	248	249	102
6991	松電工	1335	1345	1326	1339	1554
6992	国産電	240	242	240	240	5
6993	森電機	164	164	154	154	166
6994	指月電	263	263	260	260	15
6995	東海理	959	984	956	979	21
6996	ニチコン	2740	2740	2660	2710	74
6997	日ケミコン	537	537	522	525	154
6998	タングス	350	352	346	350	20
6999	ＫＯＡ	3300	3300	3170	3240	120
7003	三井造	115	118	114	116	3103
7004	日立造	116	117	113	115	4319
7007	佐世保	92	93	90	92	297
7011	三菱重	462	464	451	455	4023
7012	川重	161	164	159	163	2197
7013	石川島	182	186	180	181	1387
7014	名村造	147	147	143	144	41
7018	内海造	0	0	0	0	0
7020	サノヤス	222	222	221	222	9
7021	ニッチツ	155	155	145	145	13
7052	信貴造船所	0	0	0	0	0
7102	日車両	217	220	217	217	273
7104	富士車輌	209	219	205	212	506
7105	ニチユ	235	240	235	238	66
7122	近畿車	167	167	163	163	31
7123	東急車輌製造	94	94	91	93	75
7124	輸送機工業	355	355	355	355	3
7142	ナブコ	185	185	182	184	11
7201	日産自	591	595	553	565	16213
7202	いすゞ	295	300	295	300	792
7203	トヨタ	4960	5030	4910	5010	3509
7204	小松ゼノア	281	284	280	284	30
7205	日野自	423	438	423	437	530
7207	日野車体	120	125	116	121	60
7210	日産ディ	121	124	121	122	373
7211	三菱自	493	495	478	488	490
7212	エフテック	550	550	550	550	5
7219	ＨＫＳ	760	760	750	760	37
7220	武蔵精密	1600	1600	1580	1580	4
7221	トヨ車	1140	1140	1111	1129	63
7222	産車体	183	183	175	183	45
7223	関東自	643	650	640	649	39
7224	新明和	260	262	257	262	412
7225	小松フォーク	210	225	209	222	261
7226	極東開発	669	670	665	670	24.8
7227	アスカ	530	530	530	530	1
7228	デイトナ	0	0	0	0	0
7229	ユタカ技研	631	670	631	670	5
7230	日信工業	2150	2150	2100	2120	22
7231	トピー	201	206	201	205	687
7232	トキコ	245	245	240	243	348
7233	自部品	120	120	113	113	6
7234	橋本フォーミング	97	98	85	95	235
7235	東ラヂ	152	152	145	151	14
7236	ティラド	470	470	460	463	237
7237	ボッシュブレーキ	170	175	170	175	51
7238	ブレーキ	230	239	229	238	82
7239	タチエス	580	640	560	640	155
7240	ＮＯＫ	700	742	699	739	2076
7241	フタバ	1392	1417	1392	1412	32
7242	カヤバ	238	240	231	240	219
7243	シロキ	230	232	227	232	19
7244	市光工	230	235	229	235	208
7245	大同メ	1100	1201	1000	1000	532
7246	プレス工	94	102	94	100	762
7247	ミクニ	171	171	171	171	9
7248	カルソニック	284	285	281	285	336
7249	尾張精	0	0	0	0	0
7250	太平洋工	302	302	298	300	64
7251	ケーヒン	801	806	790	799	112
7252	富士機	280	300	270	290	14
7253	日本ガスケット	259	259	259	259	1
7254	フジユニ	172	190	172	190	33
7255	桜井製	860	860	860	860	1
7256	河西工	286	320	280	315	436
7257	自転車電機工	310	315	299	300	162
7258	栃木富士産業	249	285	249	285	389
7259	アイシン	1455	1460	1409	1438	258
7260	富士機工	210	230	210	230	38
7261	マツダ	293	294	288	292	1446
7262	ダイハツ	746	777	740	777	2458
7263	愛知機	270	293	270	293	1003
7264	ＭＵＲＯ	690	690	690	690	2
7265	エイケン工業	0	0	0	0	0
7266	今仙電機	362	362	362	362	1
7267	ホンダ	3950	4010	3830	3950	1263
7268	タツミ	230	230	230	230	3
7269	スズキ	1320	1341	1320	1333	820
7270	富士重	817	824	795	795	1601
7271	安永	410	410	405	405	16
7272	ヤマハ発	941	959	940	950	209
7273	イクヨ	0	0	0	0	0
7274	ショーワ	649	660	638	650	298
7275	ユニシア	195	215	194	214	363
7276	小糸製	621	623	601	602	276
7277	ＴＢＫ	170	170	165	165	34
7278	エクセディ	820	842	814	837	47.6
7279	ケーブル	1299	1299	1270	1270	20
7280	ミツバ	498	498	484	484	46
7282	豊田合	6710	6850	6700	6850	63
7283	愛三工	922	925	905	910	67
7284	盟和産	296	320	295	320	121
7285	池田物産	218	218	218	218	1499
7286	イズミ工業	0	0	0	0	0
7287	日精機	961	961	958	959	10
7288	テクノエイト	260	270	260	270	10
7289	マーレ テネックス	227	245	227	240	18
7290	日発精密工業	402	402	395	395	16
7291	日本プラスト	0	0	0	0	0
7292	村上開明	570	600	570	600	8
7293	大井製作所	290	290	277	285	15
7294	ヨロズ	450	450	435	448	56.3
7295	アイエス製機	0	0	0	0	0
7296	ＦＣＣ	1030	1060	1030	1050	14
7297	カーメイト	770	770	770	770	0.4
7298	八千代工	405	406	405	405	16
7299	フジオーゼ	180	180	180	180	2
7301	宮田	156	156	154	155	9
7305	新家工	130	130	129	130	5
7306	丸石自転車	298	299	297	297	23
7308	ツノダ	0	0	0	0	0
7309	シマノ	2580	2595	2520	2580	66
7399	ナンシン	270	270	255	270	21
7404	昭和飛	325	325	312	313	50
7407	日本飛行機	290	295	286	294	75
7408	ジャムコ	495	495	490	494	9
7410	横浜鋼業	147	147	144	144	9
7411	成和産業	611	611	611	611	4
7412	アトム	1530	1530	1500	1530	3
7413	創健社	250	250	250	250	1
7414	小野建	720	723	720	721	9
7415	新星堂	0	0	0	0	0
7416	はるやま	820	820	770	770	8.5
7418	ヤマキ	180	180	180	180	5
7419	ノジマ	1660	1660	1600	1600	10.7
7420	佐鳥電機	1328	1328	1281	1281	15
7421	カッパクリエ	3200	3200	3200	3200	1
7422	東邦レマック	620	625	620	625	4
7423	フォンテーヌ	1600	1620	1560	1590	16
7424	ニコニコ堂	250	250	250	250	14
7425	初穂商事	340	345	340	342	3
7426	山大	156	156	156	156	3
7427	エコーＴＤ	1889	1899	1889	1890	3
7428	江戸沢	800	803	800	803	4
7429	セイジョー	1730	1750	1730	1750	2
7430	サンワドー	555	555	555	555	0.5
7431	ニューフ	280	280	280	280	4
7432	ダルトン	0	0	0	0	0
7433	伯東	3290	3290	3190	3230	59.2
7434	オータケ	1460	1470	1450	1450	5
7435	ナ・デックス	615	615	610	610	11
7437	シーアンドエス	4020	4020	3980	4010	68.5
7438	コンドー	440	440	440	440	38
7439	サンミック千代田	190	190	190	190	2
7440	クラフト	930	930	900	910	10
7442	中山福	355	355	354	354	3
7443	横浜魚類	0	0	0	0	0
7444	ハリマ共和	0	0	0	0	0
7445	ライトオン	8150	8150	7990	8030	4.4
7446	東北化学	0	0	0	0	0
7447	ナガイレーベ	3290	3290	3290	3290	1.7
7448	ジンズメイト	2430	2450	2405	2450	6.1
7449	太洋興業	174	174	174	174	3
7450	サンデー	0	0	0	0	0
7451	菱食	5350	5400	5280	5340	12.2
7452	マツヤ	0	0	0	0	0
7453	良品計画	13200	13500	12850	13460	77.1
7454	ホットスパー	205	205	205	205	4
7455	三城	6900	6900	6600	6740	24.2
7456	松田産業	2245	2265	2220	2220	2.5
7457	セキテクノ	679	680	650	660	8
7458	第一興商	1960	1960	1870	1880	47.8
7459	メディセオＨＤ	1095	1135	1095	1129	515.4
7460	ヤギ	480	480	480	480	2
7461	キムラ	0	0	0	0	0
7462	ダイヤ通商	0	0	0	0	0
7463	アドヴァン	1800	1860	1800	1819	138.3
7464	セフテック	0	0	0	0	0
7465	ＭＶ北海道	1640	1640	1640	1640	2
7466	ＳＰＫ	1080	1080	1070	1080	1
7467	萩原電気	992	1000	991	1000	5
7468	アムスク	1670	1710	1650	1710	9
7470	サロモンメイド	635	650	635	640	11
7471	ふじ	485	485	470	470	6
7472	鳥羽洋行	1290	1290	1250	1250	8
7473	静岡スバル	0	0	0	0	0
7474	パオ	0	0	0	0	0
7475	アルビス	450	450	445	450	9
7476	アズワン	1970	1980	1950	1960	11
7477	ムラキ	183	183	180	180	7
7478	ブルーグラス	681	698	680	698	6
7479	サンマルク	3950	3950	3850	3850	8.8
7480	スズデン	590	590	570	570	5
7481	尾家産	784	785	780	785	5
7482	シモジマ	1350	1350	1250	1250	11
7483	ドウシシャ	2210	2210	2210	2210	1
7485	岡谷鋼機	0	0	0	0	0
7486	サンリン	540	540	540	540	10
7487	小津産業	1200	1200	1170	1180	15.8
7488	ヤガミ	0	0	0	0	0
7490	日新商	0	0	0	0	0
7491	ＯＡシステム	1100	1100	1100	1100	2
7492	タイカン	450	450	445	445	2
7494	コナカ	819	820	815	817	30.5
7495	レオ	0	0	0	0	0
7496	八千代ムセン	1410	1420	1400	1400	10
7497	マインマート	820	820	805	820	10.7
7498	ジャパン	2700	2760	2660	2760	4
7500	西川計測	499	499	499	499	2
7501	ティムコ	1070	1070	1070	1070	0.4
7502	プラザクリエ	7200	7400	7200	7400	0.6
7503	ＩＭＩ	1700	1700	1700	1700	2
7504	高速	710	710	710	710	7
7505	扶桑電通	995	1010	980	1010	14
7506	ハウスローゼ	946	956	910	930	8.3
7507	浜 勝	0	0	0	0	0
7508	オートセブ	880	880	880	880	2
7509	アイエー	1010	1010	970	1000	22
7510	竹菱電機	1115	1115	1115	1115	1
7511	ジプロ	0	0	0	0	0
7512	ポスフール	1351	1380	1351	1378	3.4
7513	コジマ	3890	3890	3760	3830	109.9
7514	ヒマラヤ	924	924	920	920	3
7515	マルヨシ	0	0	0	0	0
7516	コーナン	1390	1399	1361	1399	6.8
7517	黒田電気	4230	4280	4100	4150	82.6
7518	ネットワン	2400000	2420000	2320000	2400000	0.287
7519	五洋インテ	305	305	305	305	3
7520	エコス	1020	1060	1020	1050	6.7
7521	ムサシ	1140	1140	1070	1070	6
7522	ワタミ	7500	7780	7500	7700	24.5
7523	アールビバン	2000	2000	1940	1940	3.2
7524	マルシェ	1260	1290	1251	1251	4
7527	システムソフ	441	441	441	441	1
7528	安藤薬業公司	418	418	415	415	2
7529	はるやま	169	169	169	169	2
7530	ナブコドア	689	689	689	689	1
7531	清和鋼業	430	430	430	430	4
7532	ドンキホーテ	16690	16690	15930	16300	7.1
7535	グッドマン	3380	3380	3360	3360	3.2
7536	船橋薬品	819	819	819	819	0.1
7537	丸文	1760	1795	1740	1795	50
7538	大水	485	490	485	490	6
7539	アベルコ	0	0	0	0	0
7540	エルエスフェンス	208	208	208	208	1
7541	メガネトップ	3250	3270	3150	3150	25.3
7542	ビスケーＨＤ	900	905	890	900	7
7543	ミスタージョン	0	0	0	0	0
7544	スリーエフ	1500	1500	1480	1480	6.9
7545	西松屋チェ	2340	2340	2250	2250	16.1
7547	オートハローズ	0	0	0	0	0
7548	サンクスＪＰ	1250	1250	1250	1250	1
7549	エス・エス・ブイ	0	0	0	0	0
7550	ゼンショー	2100	2200	2100	2200	8
7551	ウェッズ	0	0	0	0	0
7552	ハピネット	3040	3100	2910	2910	16.2
7553	サザビー	6400	6400	6300	6300	66
7554	幸楽苑	1150	1150	1130	1130	3
7555	大田花き	485	485	455	455	2
7556	住商エレク	1660	1710	1660	1710	3
7557	サンクス	3980	3980	3910	3970	7.8
7558	トーメンエレ	4830	4830	4760	4760	16
7559	ジーエフシー	0	0	0	0	0
7560	ユニマット	1450	1450	1395	1400	9.4
7561	ハークスレイ	0	0	0	0	0
7562	安楽亭	925	925	905	905	25
7563	ニッパン	240	244	237	237	8
7564	ワークマン	0	0	0	0	0
7565	万世電機	555	555	555	555	1
7566	ジャパンケア	1480	1500	1470	1490	5
7567	栄電子	1210	1300	1160	1190	156
7568	クレックス	640	650	630	650	5
7569	モンテカルロ	311	311	311	311	1
7570	橋本総業	0	0	0	0	0
7571	ヤマノＨＣ	890	900	890	900	3
7573	ツルハ	4580	4580	4540	4550	4.1
7574	共信テクノ	1700	1700	1690	1690	3
7575	日本ライフＬ	1410	1460	1400	1430	7.6
7576	ベターライフ	0	0	0	0	0
7577	パスポート	266	270	266	270	5
7578	ニチリョク	0	0	0	0	0
7579	オリジン東	2770	2800	2750	2800	59
7580	フーズネット	0	0	0	0	0
7581	サイゼリヤ	7400	7900	7400	7900	60.1
7582	富デバイス	3020	3070	2980	3000	67
7583	通商	0	0	0	0	0
7584	丸紅インフォ	746	750	745	749	15
7585	かんなん	0	0	0	0	0
7586	寺島薬局	2050	2050	2000	2030	8.2
7587	ＰＡＬＴＥＫ	3870	3870	3800	3850	5
7588	シートゥーネット	21840	21840	20990	20990	3.7
7589	デジキューブ	2220000	2220000	2060000	2060000	0.015
7590	タカショー	795	840	785	830	86
7591	エクセル	2190	2200	2080	2120	40
7592	アイ・ユー・ケイ	711	711	710	711	4
7593	ＶＴＨＤ	0	0	0	0	0
7594	マルカキカイ	406	410	403	410	18
7595	アルゴグラフ	2880	2920	2880	2900	8.8
7596	魚力	0	0	0	0	0
7597	東京貴宝	570	570	570	570	2
7598	ナイスクラ	500	510	490	510	33
7599	ガリバー	4550	4730	4500	4730	24.1
7600	日本ＭＤＭ	3800	3810	3730	3800	12
7601	ポプラ	1680	1680	1630	1640	6.1
7602	ジャック	3860	4010	3850	4000	59.8
7603	マックハウス	700	700	700	700	2
7604	梅の花	2070000	2070000	2070000	2070000	0.001
7605	フジコーポ	0	0	0	0	0
7606	Ｕアローズ	3300	3340	3200	3320	14.2
7607	進和	0	0	0	0	0
7608	ＳＫジャパン	600	600	600	600	1
7609	ダイトエレク	4210	4400	4030	4030	106
7610	テイツー	2410000	2420000	2410000	2420000	0.003
7611	ハイデ日高	959	959	959	959	6
7612	コモンウェル	0	0	0	0	0
7613	シークス	2800	2850	2700	2850	7.6
7614	オーエムツー	4820	4970	4800	4970	1.6
7615	京都友禅	750000	760000	745000	760000	0.058
7616	コロワイド	2310	2350	2300	2300	14
7617	オオゼキ	7350	7350	7260	7260	0.2
7618	ＰＣＤＥＰＯ	1490000	1510000	1490000	1500000	0.011
7619	田中商事	365	365	365	365	1
7620	ヤマト硝子	755	755	755	755	4
7621	うかい	0	0	0	0	0
7622	焼肉サカイ	2400	2400	2400	2400	1
7623	サンオータス	0	0	0	0	0
7624	内藤	950	950	950	950	3
7625	ダイニング	6590	6600	6400	6400	1.7
7626	ドッドウエル	1950	1950	1950	1950	1
7627	なか卯	1360	1370	1360	1370	4
7628	オーハシテク	2400	2470	2400	2470	13
7629	ムラチク	0	0	0	0	0
7630	壱番屋	1470	1470	1460	1460	4
7631	マクニカ	15540	16500	15540	16500	14
7632	住商メタレックス	600	605	600	600	4
7633	明響社	920	930	910	930	7
7634	星医療	1700	1700	1690	1700	4
7635	杉田エース	470	470	470	470	1
7636	ハンズマン	0	0	0	0	0
7637	白 銅	1460	1500	1460	1480	5
7638	シーマ	0	0	0	0	0
7639	贔屓屋	1050	1050	1000	1010	26
7640	トップカル	2460	2480	2380	2380	36
7641	フォーユー	1130000	1130000	1110000	1120000	0.011
7642	ビジョン	1820	1820	1770	1790	5
7643	ダイイチ	500	515	500	510	12
7644	常盤薬品	800	800	800	800	7
7645	日本トイザ	16600	17100	16500	17100	22
7646	ＰＬＡＮＴ	2810	2840	2800	2830	9
7647	音通	239	239	230	230	5
7648	トーカン	1355	1360	1355	1360	2
7649	スギ薬局	10010	10700	10010	10500	12
7701	島津	550	553	540	549	875
7702	ＪＭＳ	492	500	488	500	39
7703	川澄化	1150	1150	1140	1140	27
7704	アロカ	1360	1369	1345	1346	22
7705	ジーエル	2150	2150	2150	2150	2
7706	セントラユニ	520	520	515	515	11
7711	助川電気	275	280	275	280	3
7713	シグマ光機	1510	1620	1510	1570	63
7714	モリテックス	9400	9400	9270	9270	21
7715	長野計器	2050	2050	2050	2050	4
7718	スター精	1740	1759	1739	1750	59
7719	東衡機	122	124	121	123	7
7720	ソキア	390	398	370	375	99
7721	トキメック	150	153	150	153	113
7723	愛時計	310	318	308	313	25
7724	金門	187	190	185	185	11
7726	黒田精	322	322	321	322	6
7727	オーバル	175	175	175	175	13
7728	電産トーソク	1093	1150	1093	1150	46
7729	東京精	13800	13800	13410	13590	61.9
7731	ニコン	3650	3650	3530	3620	649
7732	トプコン	454	457	451	456	18
7733	オリンパス	2100	2100	2000	2025	553
7734	理計器	455	459	453	459	41
7735	スクリン	984	990	970	990	492
7736	ユニオンＨＤ	127	127	121	121	13
7737	キャビン工業	259	259	259	259	1
7738	チノン	520	524	492	496	119
7739	キヤノン電	1150	1150	1130	1150	14
7740	タムロン	1330	1330	1180	1260	210
7741	ＨＯＹＡ	9750	9750	9610	9700	147
7743	シード	550	550	550	550	4
7744	ノーリツ鋼機	3480	3510	3410	3410	27.4
7750	ペンタックス	340	341	335	341	211
7751	キヤノン	5390	5430	5320	5320	1276
7752	リコー	2295	2295	2225	2235	910
7753	ミノルタ	651	660	641	659	558
7756	電産コパル	1833	1833	1800	1824	28
7757	三協精	1010	1050	1003	1040	498
7758	セコニック	455	455	450	452	14
7762	シチズン	1024	1039	1015	1024	435
7764	オリエント時計	191	215	185	215	43
7765	リコーエレメ	890	893	882	893	16
7768	ジェコー	485	499	485	499	5
7769	リズム	247	247	242	247	265
7770	ミヨタ	3100	3330	3090	3330	50
7771	日本精密	530	530	530	530	1
7856	萩原工業	900	910	900	910	48
7857	セキ	0	0	0	0	0
7858	小野産業	1590	1590	1530	1530	4
7859	アルメディオ	1610	1620	1590	1600	15
7860	エイベックス	12000	12290	11950	12240	74.5
7861	東京リスマ	1390	1400	1340	1350	12
7862	トッパンフォ	2520	2535	2465	2530	107.6
7864	フジシール	5890	5900	5860	5870	22.7
7865	ピープル	1250	1250	1250	1250	2
7866	アトラス	1490	1580	1490	1570	34.9
7867	トミー	3610	3650	3600	3630	35.1
7868	広済堂	1208	1250	1200	1240	18.8
7869	日本フォーム	690	690	685	685	8
7870	福島印刷	520	520	520	520	1
7871	フクビ	0	0	0	0	0
7872	エステール	630	630	630	630	1
7873	アーク	5800	5800	5650	5800	19
7874	スルガ	5490	5490	5400	5400	6
7875	竹田印刷	0	0	0	0	0
7876	三陽PAX	0	0	0	0	0
7877	永大化工	1100	1310	1100	1300	196
7878	光彩工芸	0	0	0	0	0
7879	ノダ	457	487	452	457	16.1
7880	南部化成	445	445	445	445	2
7881	ニッソー	0	0	0	0	0
7882	アロン化成	464	464	455	455	58
7883	サンメッセ	0	0	0	0	0
7884	本間ゴルフ	405	405	390	400	8.6
7885	タカノ	1450	1600	1435	1600	40.2
7886	ヤマト・イン	0	0	0	0	0
7887	南プラ	420	425	420	421	21
7888	三光合成	385	400	385	400	7
7889	桑山	610	640	610	640	5.8
7890	アテナ工業	870	870	860	860	4.5
7891	日本ユピカ	0	0	0	0	0
7892	宇部日東化成	380	385	370	385	145
7893	亜細亜	1400	1400	1350	1360	25
7895	中央化学	1450	1450	1450	1450	0.6
7896	セブン工業	401	405	401	405	4
7897	ホクシン	171	178	171	177	3.2
7898	ウッドワン	880	915	880	915	109
7899	オザキ軽化	450	455	450	450	4
7900	大出産業	0	0	0	0	0
7901	マツモト	0	0	0	0	0
7902	ソノコム	0	0	0	0	0
7903	名木材	0	0	0	0	0
7904	天竜木	52	52	51	51	17
7905	大建工	309	311	306	310	104
7906	ヨネックス	439	450	439	450	12
7907	日防腐	0	0	0	0	0
7908	きもと	0	0	0	0	0
7909	シーアイ化	410	418	406	414	49
7910	段谷産業	125	125	121	124	63
7911	凸版	1229	1229	1207	1218	746
7912	大日印	1853	1899	1846	1899	828
7913	図書印	253	253	249	253	18
7914	共同印	415	415	413	414	112
7915	日写印	690	690	680	686	55
7916	光村印	517	520	492	500	132
7917	藤森工業	859	870	852	852	7
7918	ヴィアＨＤ	435	445	435	445	2
7919	野崎紙	297	300	297	300	5
7920	三浦印	400	430	400	430	22
7921	宝印刷	1780	1810	1760	1800	43
7922	三光産業	1000	1000	981	981	2
7923	トーイン	0	0	0	0	0
7925	前沢化成	1240	1244	1227	1230	11.7
7926	ベルテクノ	290	294	290	294	7
7927	ムトー精工	1700	1700	1680	1680	21
7928	旭化学	0	0	0	0	0
7929	新輝合成	380	380	380	380	1
7931	未来工業	1381	1400	1381	1400	6
7932	ニッピ	318	318	318	318	2
7933	ファイリング	430	430	430	430	3
7934	メルクス	109	110	101	106	56
7935	コンビ	998	1050	951	980	163
7936	アシックス	135	135	132	134	254
7937	ツツミ	2495	2500	2495	2500	2.1
7938	リーガル	175	176	173	176	8
7939	研創	470	470	470	470	2
7940	ウェーブＨＤ	270	270	268	268	2
7942	ＪＳＰ	732	740	730	738	17
7943	ニチハ	870	880	870	880	14.5
7944	ローランド	2140	2140	2070	2090	34.4
7945	コマニー	598	598	598	598	1
7946	光陽社	310	320	310	320	2
7947	エフピコ	4810	4950	4800	4950	5.3
7948	ＡＷ・エモト	179	179	175	175	6
7949	小松ウオール	1020	1021	990	990	28.5
7950	日デコラ	500	500	500	500	2
7951	ヤマハ	1137	1153	1131	1136	158
7952	河合楽	190	194	190	194	48
7953	菊水化	0	0	0	0	0
7954	ジャレコ	420	420	405	406	29
7955	クリナップ	550	550	541	545	64
7956	ピジョン	1160	1171	1160	1170	18.2
7957	フジコピアン	235	240	235	240	27
7958	天馬	1323	1323	1282	1284	30
7959	オリバー	1050	1050	1050	1050	1
7960	パラマウント	6800	6840	6600	6680	89.3
7961	兼松日産農	0	0	0	0	0
7962	キングジム	678	680	660	660	10
7963	興研	465	465	460	464	7
7964	セガ	1612	1650	1602	1630	498
7965	象印	631	631	620	625	21
7966	リンテック	1179	1185	1168	1185	75
7967	バンダイ	3970	4000	3940	3990	56
7968	田崎真珠	502	503	496	496	21
7969	タカラ	530	539	520	534	46
7970	信越ポリ	874	874	850	855	89
7971	東リ	225	230	222	230	42
7972	イトーキ	634	649	628	640	309
7973	ホウトク	150	150	150	150	5
7974	任天堂	19290	19300	18900	19100	204.2
7975	リヒトラブ	240	244	240	243	14
7976	菱鉛筆	942	943	930	930	37
7977	フランスベッド	445	445	440	443	50
7979	松風	830	830	820	820	12
7980	重松製	255	255	255	255	2
7981	タカラスタ	470	470	460	462	258
7983	ミロク	0	0	0	0	0
7984	コクヨ	1780	1810	1780	1810	335
7985	ネポン	245	245	245	245	3
7986	キング工	165	165	160	163	24
7987	ナカバヤシ	366	370	365	370	57
7988	ニフコ	1308	1325	1308	1322	50
7989	ブラインド	710	710	710	710	4.1
7990	ダイワ精	154	158	153	156	69
7991	マミヤＯＰ	329	329	320	325	14
7992	セーラー	1890	1899	1848	1850	90
7993	サンウエブ	213	219	213	219	18
7994	岡村製	410	414	396	408	66
7995	バルカー	186	188	183	188	137
7996	パイロット	0	0	0	0	0
7997	くろ工	271	271	268	268	6
7998	高島屋工作	0	0	0	0	0
7999	武藤工	421	421	411	419	79
8000	カイゲン	0	0	0	0	0
8001	伊藤忠	532	542	531	537	2941
8002	丸紅	386	392	381	392	8301
8003	トーメン	64	64	62	64	1880
8004	ニチメン	110	110	108	110	226
8005	ムトウ	860	860	850	859	46
8006	ユアサフナ	195	200	195	200	32
8007	高島	157	162	156	162	73
8008	アスティ	0	0	0	0	0
8010	新興産業	139	140	139	140	5
8011	三陽商	340	340	335	339	85
8012	長瀬産	611	640	609	630	541
8013	ナイガイ	121	133	118	133	1057
8014	蝶理	125	128	124	128	145
8015	豊田通商	439	455	438	453	1477
8016	オンワード	1478	1485	1472	1482	185
8017	阪急共栄物産	200	200	200	200	6
8018	三共興	320	322	316	320	36
8019	市田	87	87	84	85	159
8020	兼松	107	109	106	109	276
8021	レナウン	157	171	157	170	2460
8022	ミズノ	380	380	374	379	415
8023	大興電子	500	500	500	500	3
8024	シルバーＯＸ	580	580	571	575	18
8025	ツカモトＣ	182	183	182	183	20
8027	ルシアン	131	135	130	130	34
8028	ファミリーＭ	4200	4210	4030	4170	139.6
8029	ルック	230	230	225	230	49
8030	中央魚	206	206	206	206	6
8031	三井物	809	813	797	806	2239
8032	紙パ商	363	364	361	363	150
8033	ジーネット	75	78	75	75	46
8035	東エレク	14500	14700	14400	14500	301
8036	日立ハイテク	1600	1620	1600	1620	51
8037	カメイ	536	542	535	540	17
8038	東都水	600	665	586	661	1974
8039	築地魚	182	185	182	185	21
8040	東ソワール	221	224	221	224	10
8041	魚市場	370	370	350	350	23
8042	マタイ	232	237	232	237	8
8043	スターゼン	262	262	254	255	124
8044	大都魚	155	155	151	151	3
8045	浜丸魚	450	450	450	450	2
8046	丸藤パ	159	159	155	155	13
8047	デジ・ネット	995	1140	995	1090	20
8048	シャディ	2990	2995	2900	2950	39.1
8049	ＥＩＥ	420	425	411	420	12
8050	セイコー	595	674	590	670	1516
8051	山善	214	220	213	220	60
8052	椿本興	198	205	198	203	29
8053	住友商	1136	1158	1136	1157	757
8056	ユニシス	2120	2120	2085	2110	113
8057	内田洋	730	730	713	722	107
8058	三菱商	934	950	930	950	1277
8059	第一実	222	223	222	223	25
8060	キヤノン販	1950	2020	1950	2005	413
8061	西華産	179	180	177	179	173
8063	日商岩井	126	127	123	125	2092
8064	金商	140	149	138	147	183
8065	佐藤商	398	398	398	398	2
8066	三谷商	445	452	445	452	10
8067	トミヤアパ	351	351	350	351	8
8068	菱洋エレク	2070	2140	2070	2115	111
8070	東京産	364	383	363	379	120.5
8071	東海物産	390	390	390	390	2
8072	出版貿	331	331	331	331	1
8073	Ｔ・ＺＯＮＥ	392	395	385	395	15
8074	ユアサ商	172	175	169	172	217
8075	神鋼商	197	197	189	194	76
8076	カノークス	0	0	0	0	0
8077	小林産	218	220	218	220	4
8078	阪和興	129	142	128	138	1240
8079	正栄食	0	0	0	0	0
8080	ジョイス	1020	1020	1010	1010	3
8081	カナデン	559	569	550	550	15
8083	サンテレ	330	330	315	326	36
8084	菱電商	430	435	430	432	100
8085	ナラサキ産業	180	180	180	180	10
8086	ニプロ	930	930	928	929	68
8087	フルサト	388	388	380	388	15.5
8088	岩谷産	203	203	200	202	186
8089	ナイス	320	322	316	319	607
8090	昭光通商	175	175	172	174	75
8091	ニチモウ	150	151	148	148	39
8092	富士通シス	3450	3450	3380	3430	33.3
8093	極東貿易	800	820	796	809	81
8095	イワキ	240	240	240	240	11
8096	兼松エレク	559	559	554	559	21
8097	三愛石	307	307	305	305	24
8098	稲畑産	860	898	846	863	1294
8100	藤井	83	83	83	83	26
8101	ＧＳＩクレ	149	152	145	150	138
8103	明和産	145	145	136	138	14
8105	丸正	148	148	142	142	7
8107	キムラタン	81	84	80	82	33
8109	山洋工	0	0	0	0	0
8110	川鉄商事	141	142	139	140	95
8111	ゴルドウイン	172	172	170	172	46
8112	東スタイル	1072	1094	1070	1084	171
8113	ユニチャーム	6370	6420	6290	6390	85
8114	デサント	220	220	212	213	67
8115	ムーンバット	120	122	120	120	23
8116	ダーバン	335	342	330	340	397
8117	中央自	271	280	271	280	8
8118	キング	192	193	192	193	9
8119	三栄コ	670	670	640	640	27
8120	大木	0	0	0	0	0
8123	川辺	178	178	177	177	6
8125	ワキタ	330	330	329	329	11
8126	三光純薬	532	560	532	542	17
8127	ヤマトインタ	150	150	150	150	3
8128	エフワン	66	67	66	66	11
8129	東邦薬	431	435	430	430	8
8130	サンゲツ	1775	1792	1770	1770	21
8131	ミツウロコ	579	589	579	589	33
8132	シナネン	474	480	470	479	62
8133	伊藤忠エネ	405	410	404	408	191
8134	ＴＯＫＡＩ	1201	1201	1185	1200	123
8135	ゼット	125	129	125	129	3
8136	サンリオ	3080	3130	3050	3100	173
8137	サンワテク	780	805	775	790	9
8138	三京化	265	265	260	260	11
8139	ナガホリ	266	270	266	268	6
8140	リョーサン	2340	2420	2340	2365	49
8141	新光商	1010	1020	995	1020	92
8142	トーホー	860	880	860	880	21
8143	ラピーヌ	102	115	102	107	80
8144	電響社	423	450	420	450	66
8145	中部水産	341	343	341	341	13
8146	小杉産	163	163	160	160	4
8147	トミタ	268	268	268	268	3
8148	上原成	331	331	311	314	218
8150	三信電	903	908	889	894	58
8151	東陽テク	3440	3520	3440	3520	89
8152	ソマール	271	271	270	270	6
8153	モスフード	1191	1191	1165	1175	28
8154	加賀電子	1550	1561	1526	1540	77
8155	三益半導	1931	1931	1880	1900	4.9
8156	ガステック	520	520	519	520	35
8157	都築電	660	660	660	660	1
8158	ソーダニッカ	212	212	211	211	4
8159	立花エレ	668	668	668	668	1
8160	木曽路	1250	1250	1250	1250	12
8161	エイデン	945	945	926	930	31
8163	サトＲＳ	755	756	701	731	20
8164	キャビン	152	158	152	156	66
8165	千趣会	1070	1070	1050	1060	19
8166	タカキュー	170	170	167	168	14.5
8167	丸久	183	183	183	183	5
8168	ケーヨー	620	620	610	616	103.9
8169	宝船	220	220	220	220	4
8170	アデランス	4600	4650	4590	4590	83.9
8171	ＭＶ中部	0	0	0	0	0
8172	第一家庭電器	70	70	67	68	190
8173	上新電	350	351	346	346	89
8174	日ガス	600	600	591	600	9
8175	ベスト電	763	771	750	766	54
8176	西洋フードシス	403	405	400	405	69
8178	マルエツ	365	369	363	368	55
8179	ロイヤルＨＤ	1078	1085	1078	1085	9
8180	すかいらく	4270	4350	4250	4300	261
8181	東天紅	499	499	485	493	63
8182	いなげや	730	750	730	750	4
8183	セブン−イレブン	8900	8900	8720	8800	559
8184	島忠	2250	2260	2215	2215	113.8
8185	チヨダ	600	600	592	592	5.7
8186	大塚家具	9500	9650	9200	9200	13.3
8188	ヨークベニ	2945	2945	2900	2900	13.2
8189	マツヤデンキ	370	373	356	356	39
8190	ヤマナカ	0	0	0	0	0
8191	光製作	0	0	0	0	0
8192	中川無線	157	195	157	162	853
8193	鈴丹	210	217	210	213	182
8194	ライフコーポ	637	647	637	647	3
8195	デニーズジャパン	2150	2180	2130	2180	11
8196	カスミ	455	457	452	457	8
8197	東急ストア	362	368	360	368	24
8199	デオデオ	1035	1040	1020	1025	143.4
8200	リンガハット	1158	1160	1155	1155	8.3
8201	さが美	338	339	338	338	19
8202	ラオックス	680	680	660	660	44
8203	ＭｒＭａｘ	450	450	435	445	38.9
8204	ジョナサン	1450	1450	1400	1400	36
8205	シャクリー	0	0	0	0	0
8206	アポロイン	0	0	0	0	0
8207	テンアライド	449	449	431	431	9.7
8208	エンチョー	540	545	540	545	14
8209	フレンドリ	0	0	0	0	0
8210	フットワーク	255	265	255	260	22
8211	相鉄ローゼ	0	0	0	0	0
8212	オーク	176	181	175	181	19
8213	トステムビバ	398	398	389	394	35
8214	アオキインタ	425	430	416	421	76.2
8215	銀座山形屋	239	239	239	239	2
8216	フォルクス	597	597	590	595	4
8217	オークワ	800	800	800	800	11
8218	コメリ	2980	3010	2935	2950	51.6
8219	青山商	1633	1633	1600	1615	267
8225	タカチホ	0	0	0	0	0
8226	理経	525	530	519	519	6
8227	しまむら	11500	11790	11500	11610	63.1
8228	マルイチ	0	0	0	0	0
8229	ＣＦＳコーポ	1000	1000	994	1000	2.5
8230	はせがわ	719	730	710	730	19
8231	三越	453	461	453	458	330
8232	東急百貨店	103	103	100	102	250
8233	高島屋	938	938	920	926	457
8234	大丸	348	349	340	345	218
8235	松坂屋	288	290	288	290	62
8236	丸善	190	190	187	190	168
8237	松屋	419	419	410	410	5
8238	伊勢丹	1240	1249	1220	1233	370
8239	横浜松坂屋	90	93	90	93	5
8240	サッポロライオン	620	620	615	615	2
8241	阪神百貨店	430	430	430	430	2
8242	阪急百	617	620	616	616	57
8243	そごう	70	73	66	67	3120
8244	近鉄百貨店	128	128	128	128	3
8245	丸栄	289	289	289	289	5
8247	大和	0	0	0	0	0
8248	ニッセン	431	431	420	425	15.9
8249	東洋物	655	655	655	655	1
8250	小松ストアー	0	0	0	0	0
8251	パルコ	389	389	380	380	104
8252	丸井	2100	2120	2060	2090	468
8253	クレセゾン	2510	2610	2510	2600	488.3
8254	さいか屋	0	0	0	0	0
8255	原信	845	855	845	855	4
8256	プロルート	265	265	255	265	5.5
8257	山陽百	0	0	0	0	0
8258	ＯＭＣカード	458	459	451	458	235
8259	十字屋	75	76	74	75	103
8260	井筒屋	227	227	218	218	636
8261	ｼ鉄百貨店	0	0	0	0	0
8263	ダイエー	411	414	406	409	1193
8264	イトーヨーカ堂	6950	7000	6890	6970	569
8265	壽屋	152	152	152	152	3
8266	イズミヤ	855	860	835	860	124
8267	イオン	2170	2180	2160	2180	455
8268	西友	425	435	425	435	495
8269	マイカル	380	385	380	381	350
8270	ユニー	1520	1549	1510	1549	120
8273	イズミ	1291	1294	1272	1289	41
8274	東武ストア	208	210	205	210	18
8275	フォーバル	2400	2450	2400	2400	5.5
8276	平和堂	840	840	831	836	76
8278	フジ	1959	1959	1921	1955	1.9
8279	ヤオコー	1400	1416	1350	1416	2.6
8280	富士冷機	439	445	438	438	26
8281	ゼビオ	2500	2580	2500	2560	52.5
8282	ギガスケーズ	2740	2870	2710	2870	219.2
8283	パルタック	590	595	590	593	8
8285	三谷産業	0	0	0	0	0
8287	ＭＶ西日本	0	0	0	0	0
8289	オリンピック	2330	2330	2330	2330	0.9
8290	デンコードー	861	861	851	851	7
8291	東日カーライフ	211	218	211	213	119
8292	東いすず	353	361	353	361	3
8293	愛トヨ	0	0	0	0	0
8295	キャノンシステム	810	810	801	810	10
8298	ファミリー	281	285	281	285	2
8299	大栄太源	0	0	0	0	0
8301	日銀	80800	80800	80000	80000	0.2
8302	興業銀行	767	780	767	780	1983
8311	第一勧銀	769	780	767	780	2221
8314	さくら銀行	694	697	683	689	3633
8315	東京三菱銀	1211	1215	1193	1200	3723
8317	富士銀行	780	787	773	787	3185
8318	三井住友銀行	1228	1229	1205	1213	1446
8319	大和銀行	277	278	274	277	1054
8320	三和銀行	895	895	873	879	2285
8321	東海銀行	524	524	518	520	1205
8322	あさひ銀行	434	435	423	429	2561
8324	第四銀	383	391	382	391	35
8325	北越銀	300	305	300	305	44
8326	福岡銀	685	685	672	682	477
8327	西日本シティ銀	435	441	434	440	87
8331	千葉銀	435	441	435	438	610
8332	横浜銀	480	489	479	489	401
8333	常陽銀	398	404	398	404	174
8334	群馬銀	540	546	536	546	98
8335	足利銀行	210	219	210	219	177
8336	武蔵銀	4290	4300	4200	4300	2.5
8337	千葉興	1250	1250	1225	1250	2.4
8338	関東つくば銀	1413	1430	1413	1430	1.9
8339	都民銀	3450	3450	3400	3450	9.6
8341	七十七	852	859	852	859	168
8342	青森銀	485	489	485	489	9
8343	秋田銀	415	415	411	413	53
8344	山形銀	575	579	565	579	38
8345	岩手銀	4000	4040	4000	4030	4.5
8346	東邦銀	410	415	410	415	43
8349	東北銀	207	210	207	210	10
8350	みちのく銀	695	697	694	697	31
8353	北海道銀行	146	148	145	147	155
8355	静岡銀	900	906	900	904	308
8356	十六銀	475	476	469	470	33
8357	北陸銀行	247	250	247	250	97
8358	スルガ銀	1770	1850	1760	1850	312
8359	八十二	620	628	610	615	113
8360	山梨銀	359	367	356	367	40
8361	大垣共立	580	585	563	580	41
8362	福井銀	295	298	293	298	134
8363	北国銀	450	465	450	465	82
8364	清水銀	4390	4470	4390	4410	1.9
8365	富山銀	475	475	475	475	1
8366	滋賀銀	493	493	487	493	12
8367	南都銀	576	589	576	586	24
8368	百五銀	460	460	447	452	25
8369	京都銀	520	539	520	539	20
8370	紀陽銀	293	293	282	288	82
8371	近畿大阪銀	210	210	209	209	11
8372	泉州銀	341	341	340	340	6
8374	三重銀	510	510	510	510	11
8375	池田銀	5550	5590	5520	5590	5.5
8379	広島銀	388	396	380	396	141
8380	山口銀	718	725	715	725	45
8381	山陰合銀	643	643	639	642	156
8382	中国銀	974	974	968	974	139
8383	鳥取銀	380	380	380	380	7
8385	伊予銀	652	662	652	662	25
8386	百十四	640	644	640	644	22
8387	四国銀	639	640	635	640	17
8388	阿波銀	510	511	504	511	13
8390	鹿児銀	400	407	400	407	50
8391	親和銀行	333	335	333	335	13
8392	大分銀	509	509	506	509	8
8393	宮崎銀	365	370	365	369	7
8394	肥後銀	415	420	412	413	22
8395	佐賀銀	400	400	392	400	11
8396	十八銀	410	410	405	410	55
8397	沖縄銀	2435	2480	2435	2470	0.8
8399	琉球銀	1521	1590	1521	1590	14.5
8402	三菱信託	779	788	772	785	846
8403	住友信	760	768	747	758	1164
8404	みずほ信託銀	133	135	133	135	609
8405	日本信託	146	147	145	146	228
8407	東洋信託	374	374	361	367	1347
8408	中央三井信	450	450	442	445	429
8489	アプレック	448	448	448	448	1
8493	インター	1905	1905	1900	1900	5.2
8507	学研クレジット	710	720	710	720	5
8508	イッコー	735	740	735	735	3
8511	日証金	630	630	621	622	213
8512	大証金	306	312	301	301	32
8513	中証金	0	0	0	0	0
8515	アイフル	9100	9180	9000	9180	41
8518	アジア投資	761	765	735	750	533
8519	ポケットＣ	3700	3700	3580	3600	18.3
8520	殖産銀行	0	0	0	0	0
8521	長野銀	479	480	479	480	11
8522	名古屋銀	649	649	647	649	41
8524	北洋銀行	600	620	598	620	92
8527	愛知銀	7220	7400	7220	7400	1.4
8528	岐阜銀	210	210	210	210	14
8529	第三銀	462	463	461	463	15
8530	中京銀	431	439	431	439	12
8533	広島総合銀行	448	455	445	455	23
8536	東日銀	635	635	633	635	33
8537	大光銀	295	295	295	295	5
8539	福岡シティ銀	500	500	499	500	43
8541	愛媛銀	464	467	457	465	25
8542	トマト銀	369	369	369	369	1
8543	みなと銀	237	239	235	239	46
8544	京葉銀	303	307	302	307	48
8545	関西アーバン	150	155	145	155	41
8548	九州銀行	316	316	316	316	6
8549	せとうち銀行	0	0	0	0	0
8550	栃木銀	620	639	620	639	6
8551	北日銀	5790	5790	5790	5790	0.5
8552	びわこ銀	295	295	295	295	1
8556	香川銀	557	560	557	560	13
8558	東和銀	435	440	426	440	39
8561	徳島銀	747	748	747	748	14
8562	福島銀	325	330	325	330	9
8563	大東銀	329	330	329	330	7
8564	武富士	12020	12150	11900	12070	48.1
8565	三洋クレ	4900	5150	4900	5150	13.3
8566	リコーリース	2730	2730	2700	2700	40
8567	クレディア	2020	2050	2015	2050	10.6
8568	シンキ	2250	2300	2250	2300	27.9
8569	ユニココーポ	0	0	0	0	0
8570	イオンクレ	6200	6250	6150	6240	35.3
8571	ニッシン	5650	5650	5600	5650	2.7
8572	アコム	8500	8620	8100	8190	212.7
8573	三洋信販	3660	3660	3610	3640	8.1
8574	プロミス	8060	8190	7950	8040	211.2
8577	ロプロ	1680	1691	1670	1670	49.9
8579	東京リース	605	605	605	605	2
8580	ファーストクレジット	375	380	360	361	349
8582	日貿信	2	3	2	2	2570
8583	日信販	251	256	251	255	374
8584	ジャックス	365	367	363	367	113
8585	オリコ	570	574	563	565	405
8586	日立キャピ	2990	2990	2900	2935	123.8
8587	ライフ	12	12	10	10	4039
8588	セントラル	324	329	319	329	35
8589	アプラス	138	141	138	141	30
8591	オリックス	16380	16600	16210	16490	193.3
8592	住商リース	1685	1699	1675	1695	51
8593	ダイヤリース	1390	1390	1373	1390	24
8595	ジャフコ	16300	16600	16000	16500	112
8597	ＳＦＣＧ	21900	22000	21000	22000	13.76
8599	ＵＦＪセント	0	0	0	0	0
8601	大和証Ｇ	1489	1489	1450	1462	1752
8603	日興コーデ	1071	1075	1015	1035	5895
8604	野村ＨＤ	2685	2685	2610	2610	3025
8606	新光	489	490	475	479	588
8607	みずほイン証	249	250	246	250	267
8609	岡三ＨＤ	859	860	845	850	145
8610	さくらフレンド	335	339	330	333	115
8611	コスモ証	260	262	260	262	211
8613	丸三	733	737	721	723	103
8614	東洋	410	414	401	405	62
8615	三菱証	1451	1467	1451	1454	178
8616	東海東京	410	410	402	403	118
8617	光世	307	307	302	304	119
8620	東海丸万	704	704	692	700	42
8621	ＵＦＪつばさ証券	595	595	571	583	119
8622	水戸	436	440	436	437	15
8623	ＳＭＢＣ証	360	360	355	355	31
8624	いちよし証	922	930	920	930	65
8625	高木	370	378	365	375	28
8691	証券代	0	0	0	0	0
8692	だいこう	553	553	541	541	4
8742	小林洋行	1450	1470	1440	1440	76
8743	ひまわり証	230	233	230	232	7
8744	日本ユニコム	825	825	825	825	24
8745	グローバリー	0	0	0	0	0
8746	第一商品	360	360	350	350	23
8747	豊商事	0	0	0	0	0
8748	岡藤商事	420	425	420	425	4
8749	エース交易	311	315	306	315	24
8751	東京海上火災	1275	1280	1233	1255	1228
8752	三井住友海上	535	535	516	529	744
8753	住友海上火災	640	648	628	628	503
8754	日本興亜	335	342	335	339	574
8755	損害保険Ｊ	578	580	567	577	838
8756	日産火災海上	315	325	315	315	364
8757	日新火	248	248	245	246	72
8758	千代田火災	356	359	354	356	88
8759	ニッセイ同和	274	275	274	275	272
8760	日動火災海上	593	595	583	594	283
8761	あいおい損保	382	394	382	394	304
8762	興亜火災	342	347	337	345	60
8763	富士火	212	236	212	236	626
8764	太陽火災	0	0	0	0	0
8765	大成火災海上	219	222	219	222	9
8801	三井不	1200	1243	1199	1238	7290
8802	菱地所	1259	1285	1255	1278	1804
8803	平和不	305	309	304	306	559.5
8804	東建物	242	254	240	244	2385
8805	中央地	133	135	129	132	79
8806	ダイビル	854	888	854	888	31
8809	サンケビル	441	445	438	445	42
8810	港振興	980	980	980	980	1
8815	東急不	152	168	151	166	6162
8817	阪急不動産	424	424	415	415	47
8818	京阪神不	380	385	378	385	14
8821	立飛企	2550	2550	2550	2550	2
8829	大和団地	259	273	255	273	298
8830	住友不	530	545	522	535	9065
8832	小田急不	214	225	214	220	20
8833	東宝不	405	418	400	411	160
8834	藤和不	65	71	65	70	311
8835	太平発	135	143	130	143	123
8836	ヒューネット	750	750	712	719	526
8838	有楽地	224	230	224	227	117
8839	ニチモ	115	115	113	114	124
8840	大京	278	289	275	284	1039
8841	テーオーシー	817	822	799	815	136
8842	楽天地	400	405	390	405	50
8844	リクコスモス	516	526	506	526	43
8845	セザール	310	327	308	322	294
8846	積和不動産	440	445	440	443	13
8848	レオパレス	380	385	377	380	70
8850	スターツ	805	805	805	805	2
8851	アバンライフ	0	0	0	0	0
8852	積和不動関西	400	400	394	396	20
8853	ダイヤシティ	370	370	370	370	1
8854	日住	270	274	270	274	4
8855	全日空ビル	0	0	0	0	0
8857	三井不動販売	635	670	635	660	139
8858	ダイア建	281	295	281	295	10
8860	フジ住	583	583	559	560	118
8863	積和不動中部	550	550	550	550	1
8864	空港施設	480	480	465	465	50
8865	神鋼興産	0	0	0	0	0
8866	コマーシャル	0	0	0	0	0
8867	横浜地下街	280	280	275	275	9
8868	ＵＲＢＡＮ	2090	2100	2060	2100	38
8869	明和地所	3130	3370	3100	3350	179.2
8870	住不販売	3800	3890	3760	3800	22.2
8871	ゴールドクレ	11200	11290	10670	11290	16.5
8872	エイブル	1590	1650	1590	1590	8
8873	積和不動中国	460	460	460	460	1
8874	ジョイント	3650	3650	3600	3650	6.5
8875	東栄住宅	1730	1850	1720	1830	33.4
8876	リロＨＤ	0	0	0	0	0
8877	エスリード	1400	1410	1350	1405	21
8878	日綜地所	1740	1750	1720	1720	36
8879	東急リバブル	720	730	700	700	32
8880	飯田産業	1700	1730	1670	1670	7
8881	日神不動産	1800	1819	1760	1770	27
9001	東武	310	312	308	312	387
9002	西武鉄道	1509	1509	1498	1505	40
9003	相鉄	294	295	290	295	56
9004	箱根登山鉄道	293	293	292	293	6
9005	東急	554	565	549	557	3556
9006	京急	403	407	403	405	196
9007	小田急	374	380	374	380	234
9008	京王	412	420	412	420	208
9009	京成	294	296	291	295	343
9010	富士急	348	352	348	352	13
9012	秩父鉄	0	0	0	0	0
9013	伊豆箱根鉄道	0	0	0	0	0
9014	新京成	291	291	291	291	2
9017	新潟交	255	260	255	260	2
9019	伊豆急行	2400	2400	2300	2300	0.8
9020	ＪＲ東日本	654000	655000	649000	655000	3.173
9021	ＪＲ西日本	460000	463000	456000	458000	1.759
9022	ＪＲ東海	609000	613000	603000	610000	0.802
9031	西鉄	280	285	280	285	87
9033	広電鉄	0	0	0	0	0
9036	東部ネット	600	600	600	600	19
9037	ハマキョウ	1600	1680	1600	1680	16
9038	東海西濃	0	0	0	0	0
9039	サカイ引越	2260	2260	2260	2260	1.4
9040	大宝運輸	0	0	0	0	0
9041	近鉄	451	456	447	454	430
9042	阪急ＨＤ	357	365	357	364	282
9043	阪神	299	301	298	300	121
9044	南海電	428	430	428	430	126
9045	京阪電	345	345	342	344	68
9046	神電鉄	435	435	435	435	19
9047	名糖運輸	1242	1250	1242	1250	2
9048	名鉄	307	308	306	308	230
9049	京福電	174	175	174	175	3
9050	三重交	0	0	0	0	0
9051	センコン物流	728	728	728	728	2
9052	山陽電	285	285	285	285	28
9053	中央運輸	250	250	250	250	1
9054	大和物流	620	620	620	620	4
9055	アルプス物流	820	840	820	840	10
9056	ヒューテック	0	0	0	0	0
9057	遠州トラック	800	800	800	800	1
9058	トランコム	575	580	560	565	19
9059	カンダ	295	311	295	296	19
9060	日ロジテム	440	465	440	465	52
9061	富士物流	200	200	200	200	13
9062	日通	680	684	670	680	1201
9063	岡県運送	0	0	0	0	0
9064	ヤマト運	2710	2720	2695	2720	820
9065	山九	101	101	99	101	898
9066	日新	186	187	178	186	522
9067	丸運	237	243	237	243	20
9068	丸全運	220	222	218	220	97
9069	センコー	238	248	238	240	128
9070	トナミ	224	232	221	232	195
9072	日梱包	715	716	705	716	59
9073	京極運	390	390	390	390	3
9074	日石輸	215	220	211	211	26
9075	福山運	674	676	660	670	54
9076	西濃運	574	574	562	564	486
9077	名鉄運	320	330	320	330	5
9078	エスライン	270	270	270	270	1
9079	東急ロジ	0	0	0	0	0
9080	関東西濃	0	0	0	0	0
9081	神奈交	465	465	456	465	7
9082	大和自	280	280	280	280	9
9083	神姫バ	0	0	0	0	0
9086	日立物流	620	622	610	615	93
9087	タカセ	253	275	253	270	24
9088	濃飛西濃	950	950	940	940	4
9089	ロジパル	410	410	410	410	1
9101	郵船	524	524	514	514	1511
9104	商船三井	239	244	238	240	2212
9107	川崎汽	218	220	217	219	1160
9110	新和海	90	91	88	90	103
9113	乾汽船	82	85	82	85	15
9114	日之出汽船	56	57	56	57	10
9115	明治海	0	0	0	0	0
9119	飯野海	171	173	170	171	72
9123	太平海	61	61	59	60	93
9127	玉井船	45	45	45	45	2
9130	共栄タ	120	122	120	122	12
9132	第一汽	66	68	66	68	62
9133	東栄リーファ	170	170	170	170	3
9151	東京船舶	90	94	90	90	27
9152	関西汽	64	64	62	63	55
9171	栗林船	262	262	262	262	1
9173	東海汽	350	360	350	360	2
9174	ワンダーＴ	450	475	445	451	85
9176	佐渡汽	0	0	0	0	0
9178	日鉄物流	0	0	0	0	0
9179	川崎近海	0	0	0	0	0
9180	新和内航	210	210	210	210	1
9193	東京汽	390	390	380	380	5
9201	日本航空	449	449	438	445	1591
9202	ＡＮＡ	321	322	318	322	2253
9203	日本エアシス	3800	3800	3800	3800	0.7
9204	スカイマーク	233000	237000	230000	235000	0.067
9231	国際航	690	696	688	696	46
9232	パスコ	616	617	604	604	32
9233	アジア航	409	409	404	404	2
9301	三菱倉	945	964	936	936	133
9302	三井倉	230	234	228	231	631
9303	住友倉	325	330	323	329	622
9304	渋沢倉	273	274	272	274	152
9305	ヤマタネ	142	143	141	142	32
9306	東陽倉	215	220	215	215	7
9307	杉村倉	0	0	0	0	0
9308	イヌイ建	430	432	430	432	6
9309	京神倉庫	0	0	0	0	0
9310	トランシティ	214	214	211	212	122
9311	アサガミ	200	200	200	200	4
9312	ケイヒン	153	153	152	152	18
9313	丸八倉	173	179	173	175	7
9314	品川倉	0	0	0	0	0
9317	オーナミ	144	149	144	149	3
9318	Ｊブリッジ	270	270	270	270	4
9319	中央倉	595	595	580	580	15
9320	三和倉	160	160	155	155	3
9321	アイロジステ	174	180	174	180	31
9322	川西倉	0	0	0	0	0
9323	ロジステック	400	415	400	415	2
9324	安田倉	440	440	422	422	12
9351	洋埠頭	154	155	153	153	82
9353	桜島埠	170	170	170	170	1
9355	リンコー	0	0	0	0	0
9357	名港海	351	351	351	351	1
9358	宇徳運	146	150	145	145	3
9359	伊勢湾	262	264	262	263	13
9360	鈴与シンワ	160	168	160	168	7
9361	伏木運	0	0	0	0	0
9362	兵機海	125	127	125	127	2
9363	大運	68	69	65	68	9
9364	上組	569	569	545	557	192
9365	トレーディア	118	118	118	118	4
9366	サンリツ	830	835	830	830	4.1
9367	大東港運	130	139	130	139	13
9368	キムラユニテ	555	555	550	550	4
9369	キユソ流通	1800	1800	1800	1800	2
9370	郵船航空	2150	2310	2150	2310	60
9373	ニッコウトラ	2600	2600	2580	2580	2
9401	ＴＢＳ	4820	4990	4820	4960	637
9402	ＣＢＣ	1172	1190	1172	1190	2.8
9404	日テレ	66500	66600	65100	65800	38.83
9405	朝日放	9650	9650	9600	9600	1.4
9408	新潟放	921	921	921	921	0.1
9431	ＫＤＤ	10120	10310	10120	10270	121.7
9432	ＮＴＴ	1560000	1570000	1540000	1540000	8.433
9433	ＫＤＤＩ	975000	976000	967000	969000	4.196
9434	ボーダフォン	4500000	4560000	4480000	4540000	0.191
9435	光通信	3810	3890	3780	3880	107.1
9436	沖縄セルラー	610000	625000	610000	623000	0.107
9437	ＮＴＴドコモ	3100000	3130000	3070000	3120000	8.916
9438	ＭＴＩ	800000	815000	790000	799000	0.159
9439	ビーアイジー	1200000	1200000	1200000	1200000	0.001
9441	ベルパーク	2420000	2500000	2350000	2450000	0.027
9449	ＧＭＯインター	4500	4500	4300	4500	6
9470	学研	223	227	221	224	40
9471	文渓堂	0	0	0	0	0
9472	エスコム	600	605	574	580	140
9473	アスキー	1340	1360	1320	1330	46
9474	ゼンリン	3250	3250	3140	3150	8.9
9475	昭文社	3550	3560	3510	3550	23.2
9476	中央経済	0	0	0	0	0
9477	角川ＨＤ	12000	12200	11900	12200	17.6
9478	翔泳社	2480000	2480000	2450000	2450000	0.017
9501	東電	2510	2515	2500	2510	1628.3
9502	中部電	1876	1876	1841	1870	256.1
9503	関西電	1914	1919	1884	1919	698.7
9504	中国電	1589	1589	1565	1571	140.2
9505	北陸電	1398	1400	1372	1377	175.9
9506	東北電	1415	1419	1391	1403	208.8
9507	四国電	1408	1408	1380	1399	196.8
9508	九州電	1529	1545	1512	1545	332.1
9509	北海電	1365	1367	1344	1350	353
9511	沖縄電	2005	2005	1990	1990	4.3
9531	東ガス	287	289	281	283	3362
9532	大ガス	302	303	298	300	857
9533	邦ガス	208	210	207	210	90
9534	北ガス	201	202	200	200	11
9535	広ガス	280	280	280	280	2
9536	西部ガス	161	161	159	161	123
9537	北陸ガ	0	0	0	0	0
9539	葉ガス	0	0	0	0	0
9540	中ガス	230	230	230	230	3
9541	大多喜ガス	346	365	346	365	2
9542	新日ガス	0	0	0	0	0
9600	アイネット	1000	1008	980	983	11
9601	松竹	549	554	545	553	75
9602	東宝	18900	19060	18900	19040	14.9
9603	ＨＩＳ	5650	5650	5340	5340	62.7
9604	際放映	0	0	0	0	0
9605	東映	805	810	803	810	445
9607	葵プロ	1700	1700	1700	1700	5.5
9608	福山コンサル	0	0	0	0	0
9609	ベンチャーリ	8700	8790	8650	8650	14.2
9610	ウィルソン	4150	4150	4100	4150	2.7
9611	Ｄワンダー	0	0	0	0	0
9612	ラックランド	2400	2400	2400	2400	0.1
9613	ＮＴＴデータ	1120000	1140000	1100000	1130000	7.405
9614	ベルシス24	53700	56000	53600	55000	14.2
9615	東京美装	626	626	617	626	14
9616	共立メンテ	3100	3100	3000	3000	1.1
9618	エームサービス	1299	1300	1270	1300	5
9619	イチネン	950	1000	950	1000	13
9620	スクウェア	6950	6950	6770	6800	66.2
9621	建設技研	670	672	665	665	11.2
9622	スペース	560	569	560	568	15.9
9623	キヤノンソフ	766	795	766	795	17
9624	長大	0	0	0	0	0
9625	セレスポ	0	0	0	0	0
9626	日本技開	0	0	0	0	0
9627	アインファマ	0	0	0	0	0
9628	燦ＨＤ	4400	4450	4400	4400	10
9629	ＰＣＡ	3090	3090	3040	3040	7
9630	アップ	420	420	411	420	7.5
9631	東急レク	595	595	588	592	5
9632	スバル	368	368	363	363	17
9633	テアトル	200	205	200	204	43
9634	修学社	500	503	500	503	18
9635	武蔵野	0	0	0	0	0
9636	きんえい	0	0	0	0	0
9637	オーエス	800	800	800	800	3
9638	情報技術	895	895	880	880	2
9639	三協フロンテ	360	360	350	350	7
9640	セゾン情報	830	850	830	850	6
9641	サコス	140	140	136	137	16.6
9642	コマスタ	0	0	0	0	0
9643	中日興	0	0	0	0	0
9644	タナベ経営	450	480	450	480	12.5
9645	ダイヤモンドコン	1367	1379	1367	1379	8
9646	タイトー	112000	113000	111000	113000	0.371
9647	協和コンサル	261	261	261	261	1
9648	ウエスコ	351	354	345	345	18.2
9649	明電エンジニア	716	725	715	722	43.6
9650	テクモ	1565	1620	1564	1610	92.7
9651	日本プロセス	760	760	750	750	2
9652	日本医療	2080	2180	2070	2180	56
9653	ＳＢＩパートナ	950	960	950	960	8
9654	コーエー	3460	3570	3460	3550	53.3
9656	三井ランド	610	610	610	610	4.1
9657	コムテック	0	0	0	0	0
9658	ビジ太田昭	0	0	0	0	0
9660	ＣＲＣソリュ	0	0	0	0	0
9661	歌舞伎	0	0	0	0	0
9662	アイフル	0	0	0	0	0
9663	ナガワ	815	815	795	795	4
9664	御園座	1179	1180	1179	1180	5
9665	吉本興	1279	1283	1265	1279	28
9667	ホリプロ	760	760	750	759	28
9668	相鉄企業	566	566	566	566	1
9669	オークネット	5200	5300	5120	5290	4.6
9671	よみランド	389	395	387	395	19
9672	東競馬	142	142	140	142	103
9673	甲子園土地	0	0	0	0	0
9674	花月園	0	0	0	0	0
9675	常磐興	159	163	159	161	228
9676	松戸公産	481	481	480	480	6
9677	日本ジャンボ	820	820	801	810	2.6
9678	カナモト	839	855	832	847	368
9679	ホウライ	460	460	460	460	9
9680	共成レンテム	626	630	626	626	3
9681	東京ドーム	480	485	480	480	257
9682	ＤＴＳ	6750	6750	6630	6680	16.1
9684	スク・エニ	6190	6190	6110	6140	35.7
9685	共同コンＨＤ	361	370	361	370	2
9686	東洋テック	460	465	460	465	13
9687	ＫＳＫ	670	672	670	672	8
9689	グリンハウス	1800	1830	1800	1800	5
9691	両毛システム	0	0	0	0	0
9692	シーイーシー	1740	1770	1730	1750	19.7
9694	日立ソフト	11850	11890	11250	11250	57.4
9695	鴨川グランド	0	0	0	0	0
9696	ウィザス	405	420	405	415	9
9697	カプコン	3500	3500	3390	3410	25.6
9698	クレオ	1270	1290	1250	1250	6
9699	西尾レント	860	860	840	840	36.1
9700	エスアールエル	1350	1355	1310	1310	61
9701	会舘	0	0	0	0	0
9702	アイエスビー	2240	2240	2150	2150	3
9703	ジェネラスコーポ	123	133	122	131	284
9704	東海観	107	114	106	112	684
9706	日本空港ビル	944	1019	930	1019	161
9707	メデカＪ	985	990	970	990	25
9708	帝ホテル	0	0	0	0	0
9709	日コンピュタ	819	820	819	819	5
9710	第一ホテ	15	16	12	12	1722
9711	日コンシス	441	441	430	430	6
9712	ファイ	690	700	690	700	25
9713	ロイヤルホ	205	206	205	206	10
9714	ＳＲＡ	1880	1880	1880	1880	1
9715	トランスコス	14300	14300	13700	13740	74.7
9716	乃村工芸社	430	430	430	430	1
9717	ジャステック	3320	3500	3300	3500	10.6
9718	国際観光会館	0	0	0	0	0
9719	住商情報	6150	6200	6150	6170	17
9720	グランド	0	0	0	0	0
9722	藤田観	585	598	585	591	20
9724	新阪急ホテル	206	206	206	206	1
9725	東急ホテル	181	185	180	183	49
9726	近ツーリスト	365	368	362	367	38
9727	東急観光	134	134	134	134	5
9728	日本管財	1900	1900	1801	1845	23
9729	トーカイ	0	0	0	0	0
9730	ワオコーポ	0	0	0	0	0
9731	白洋舎	335	335	333	335	10
9732	東映ラボ	235	255	235	255	14
9733	ナガセ	1700	1700	1600	1690	7
9734	精養軒	0	0	0	0	0
9735	セコム	7600	7650	7480	7500	321
9736	白青舎	0	0	0	0	0
9737	ＣＳＫ	3430	3440	3350	3380	162.7
9738	インテック	2210	2260	2210	2230	53
9739	ＮＳＷ	7700	7720	7460	7550	6.2
9740	ＣＳＰ	580	600	580	600	7
9741	日立情報	4050	4050	3990	4010	26
9742	アイネス	1790	1800	1790	1794	66
9743	丹青社	750	770	750	767	6
9744	メイテック	4320	4440	4300	4300	159.2
9746	ＴＫＣ	2600	2690	2600	2690	58.6
9747	アサツーＤＫ	4000	4050	3830	3930	175.2
9748	ＮＪＫ	790	790	780	780	9
9749	富士ソフト	6660	6750	6510	6620	170.9
9750	ソラン	2100	2260	2095	2215	280
9751	ＴＩＳ	6100	6100	5800	5800	39
9752	ナムコ	3760	3780	3680	3680	122.9
9753	ＩＸナレッジ	708	710	708	710	4
9755	応用地質	1554	1580	1540	1580	17.1
9756	ＡＳＫ	1100	1120	1090	1110	106
9757	船井研	871	871	870	870	4
9758	ジシステム	651	651	631	640	15
9759	日システムデ	10150	10150	9910	9970	20.7
9760	進学会	400	400	400	400	2
9761	東海リース	210	210	210	210	18
9762	大和リース	363	364	358	360	308
9763	丸紅リ	140	147	140	140	18
9764	技研興	0	0	0	0	0
9765	オオバ	191	200	190	200	14
9766	コナミ	7500	7780	7410	7700	533
9767	日建工学	270	275	270	275	8
9768	国土環境	0	0	0	0	0
9769	学究社	365	365	365	365	5
9776	札臨	0	0	0	0	0
9777	日電計算	2270	2270	2190	2200	21.6
9778	昴	665	665	665	665	4
9779	メフォス	1150	1150	1100	1100	14
9780	ビステム	400	400	400	400	2
9781	石川島汎サ	389	389	389	389	1
9782	ＤＭＳ	900	900	900	900	2
9783	ベネッセ	7100	7290	7060	7290	96.9
9784	日工検	0	0	0	0	0
9785	大新東	318	318	310	318	8
9786	キャッツ	1600	1605	1560	1560	8
9787	Ｊメンテ	1120	1131	1100	1110	12.6
9788	ナック	895	900	895	900	10.1
9789	栄光	422	422	422	422	1
9790	福井コン	740	745	735	735	4
9791	ビケンテクノ	799	800	785	785	4
9792	ニチイ学館	5210	5300	5190	5240	179.8
9793	ダイセキ	2210	2330	2210	2290	94
9794	カラカミ観光	0	0	0	0	0
9795	ステップ	800	800	800	800	1
9796	ダイテック	1500	1500	1500	1500	1.3
9797	大日本コン	280	280	270	277	12.6
9798	シダックス	2490	2490	2400	2400	0.2
9799	旭情報	1310	1330	1310	1330	5
9810	日鉄商	108	109	106	109	6
9811	アスティス	520	520	520	520	2
9812	テーオー	2000	2000	2000	2000	1
9813	トッキ	2510	2510	2450	2500	9
9814	アシックス商	0	0	0	0	0
9815	カテナ	750	750	740	750	46
9816	バーテックス	501	520	500	520	14
9817	ゴトー	0	0	0	0	0
9818	大丸エナ	0	0	0	0	0
9820	エムティＧ	210	210	210	210	2
9821	日アムウ	960	980	960	980	1.2
9822	なが多	173	174	150	151	879
9823	マミーマート	0	0	0	0	0
9824	泉州電	750	780	750	780	4
9825	アズウェル	480	489	450	461	22.4
9826	ＪＥＵＧＩＡ	0	0	0	0	0
9827	リリカラ	207	215	202	215	13
9828	元気寿司	950	950	945	950	6
9829	ながの東急	0	0	0	0	0
9830	トラスコ中山	1640	1729	1621	1728	39.8
9831	ヤマダ電	9300	9450	9200	9200	59
9832	オートバクス	3520	3520	3470	3510	49.6
9833	エルクコーポ	0	0	0	0	0
9834	リオチェン	0	0	0	0	0
9835	ジュンテン	380	380	360	360	8
9836	リーバイス	540	550	540	550	6
9837	モリト	570	590	570	590	52
9838	トラベラー	950	950	950	950	2
9839	ゲッツブラザーズ	540	540	530	530	3.5
9840	ホーマック	2680	2680	2450	2550	5.4
9841	ＢＭＢ	320	325	316	324	45
9842	アークランド	1360	1400	1360	1400	5
9844	ユーエスシー	1800	1950	1760	1880	244
9845	パーカー	256	256	255	255	2
9846	天満屋ス	0	0	0	0	0
9847	ソリスト	450	450	450	450	2
9848	トヨタカローラ岐阜	0	0	0	0	0
9849	河内屋紙	535	535	535	535	2
9850	グルメ杵屋	834	834	826	826	2
9852	中央物産	0	0	0	0	0
9853	銀座ルノア	0	0	0	0	0
9854	愛眼	1030	1030	1015	1015	7.5
9855	くろがねや	436	442	435	438	13
9856	ケーユー	769	769	769	769	0.2
9857	英和	405	405	400	400	2.5
9858	明光商会	2200	2300	2150	2200	26.8
9859	ユーストア	930	930	920	920	2
9860	岐阜日野	0	0	0	0	0
9861	吉野家ディー	239000	239000	232000	233000	0.3
9862	メモレックス・テレ	300	303	300	301	5
9863	靴のマルトミ	126	126	126	126	20.9
9864	ナカイ	340	340	340	340	2
9865	日商エレク	2900	2940	2875	2900	54
9867	ソレキア	650	665	645	650	37
9868	トリイ	0	0	0	0	0
9869	加藤産	710	720	710	716	31
9870	ハナテン	1850	1850	1790	1850	0.5
9871	イトーキ	280	283	270	270	20
9872	北恵	236	236	236	236	2
9873	ケンタッキー	1450	1455	1399	1411	34
9875	マツモトキヨ	10640	10680	10400	10420	44.8
9876	コックス	520	520	520	520	3
9877	マルフル	0	0	0	0	0
9878	セキド	0	0	0	0	0
9879	フタタ	202	202	198	198	7
9880	イノテック	4600	4600	4530	4530	17
9882	イエロハット	1159	1165	1119	1134	47.6
9883	富士エレ	2060	2080	2020	2020	9
9884	都築電産	859	860	855	855	7
9885	シャルレ	676	680	676	680	10
9887	松屋フーズ	2710	2720	2705	2720	17
9888	ＵＥＸ	0	0	0	0	0
9889	ＪＢＣＣ	3280	3340	3240	3280	19.5
9890	マキヤ	1200	1200	1200	1200	1
9892	卑弥呼	1260	1300	1240	1300	94
9893	ホームワイド	452	452	450	450	5
9894	アトル	638	650	631	650	22
9895	コンセック	240	265	240	265	3
9896	Ｊ建材	599	599	599	599	1
9897	ユニダックス	743	743	715	715	13
9898	サハダイヤ	295	299	275	275	142
9899	サンデサン	710	710	670	680	11
9900	サガミ	935	940	930	940	21
9901	宮	860	891	860	891	4
9902	日伝	1410	1410	1410	1410	5
9903	カンセキ	0	0	0	0	0
9904	ベリテ	289	290	283	288	42
9905	コージツ	189	189	185	185	3
9906	藤井産業	0	0	0	0	0
9907	大電社	0	0	0	0	0
9908	日本電計	735	735	720	720	2
9909	愛光電気	0	0	0	0	0
9911	真電	411	411	410	410	3
9912	ダイワボ情	2070	2075	2020	2025	31.5
9913	日邦産業	385	385	375	375	5
9914	植松商会	300	300	300	300	1
9915	アサヒビールＳ	500	500	500	500	1
9916	バイタルＮ	631	640	631	640	2.6
9917	マツモト電器	0	0	0	0	0
9918	ダイワラクダ	0	0	0	0	0
9919	関西スーパ	540	540	510	510	34
9920	シービーエム	0	0	0	0	0
9921	ギガス	706	750	706	750	23
9922	日立機材	585	628	581	620	53.5
9923	ダイトーエム	515	515	500	500	3
9924	ドミー	500	500	500	500	15
9925	北の家族	1090	1100	1060	1100	6
9926	ダイカ	390	390	390	390	3
9927	ワットマン	410	410	410	410	1
9928	ミロク情報	1230	1260	1225	1250	81.5
9929	平和紙業	0	0	0	0	0
9930	北沢産	281	295	281	293	40
9931	家族亭	640	641	640	641	4
9932	杉本商	675	675	675	675	1.5
9934	因幡電産	1350	1351	1340	1340	3.6
9935	あずみ	310	310	310	310	10
9936	王将フード	1280	1285	1280	1280	9
9937	セシール	1550	1550	1490	1500	55.1
9938	住金物産	101	103	100	103	61
9939	すみや	500	500	500	500	12
9941	太洋物産	0	0	0	0	0
9943	ココス	684	685	680	680	8
9944	インパクト	1620	1625	1615	1620	14.2
9945	プレナス	4410	4830	4410	4720	1.8
9946	ミニストップ	2450	2470	2435	2465	49
9947	シムリー	1240	1240	1180	1200	2.8
9948	アークス	1270	1270	1270	1270	5
9949	タイヨー	2190	2190	2190	2190	1
9950	ハチバン	554	554	550	550	2
9951	カーマ	600	600	582	600	5.5
9952	ドトール	8090	8090	7810	7850	5.8
9953	ダイキ	1353	1370	1353	1370	3
9954	東京小僧寿し	585	585	585	585	5
9955	ヨンキュウ	2690	2770	2690	2770	10.9
9956	バロー	1297	1300	1297	1300	6
9957	バイテック	1870	1900	1830	1830	11
9958	サリ	245	245	245	245	1
9959	アシード	810	840	810	820	9
9960	東テク	680	680	665	680	16
9961	エムオーテック	169	169	165	165	14
9962	駿河製機	10890	11300	10890	11230	34.5
9963	江守商事	550	550	550	550	13
9964	アイ・テック	830	830	830	830	1
9965	福原	495	505	495	505	7
9966	藤久	2440	2450	2390	2410	8.8
9967	堺商事	0	0	0	0	0
9968	イチヤ	200	200	200	200	7
9969	ショクブン	890	900	890	900	5
9970	東洋オフィス	461	461	450	459	11
9971	カウボーイ	570	580	560	580	9
9972	アルテック	1319	1350	1319	1329	7.3
9973	小僧本部	1270	1270	1270	1270	1
9974	ベルク	1210	1220	1200	1220	1.3
9975	マルヤ	3250	3250	3250	3250	0.2
9976	セキチュー	620	620	620	620	2
9977	アオキスーパ	0	0	0	0	0
9978	文教堂	1150	1150	1100	1120	8
9979	大庄	1209	1210	1205	1210	12
9980	マルコ	946	1000	946	1000	12.1
9981	ニック産業	0	0	0	0	0
9982	タキヒヨー	530	530	530	530	5
9983	ファストリ	42000	42200	41800	41900	85.6
9984	ソフトバンク	12500	12570	12050	12110	1022.7
9985	榮太郎	810	840	810	840	6
9986	蔵王産業	441	449	441	446	4
9987	スズケン	3860	3880	3800	3820	45.7
9988	神港魚類	0	0	0	0	0
9989	サンドラッグ	7980	7980	7960	7970	3
9990	東京デリカ	455	455	455	455	3
9991	ジェコス	374	374	365	369	11.5
9992	理研グリン	0	0	0	0	0
9993	ヤマザワ	1250	1250	1250	1250	1
9994	やまや	700	710	700	700	2.9
9995	イーストン	875	887	875	887	52
9996	サトー商会	0	0	0	0	0
9997	ベルーナ	3700	3830	3700	3760	69
