20000301
1001	日経２２５	20030	20166	20008	20082	83.727
1002	ＴＯＰＩＸ	1725	1739	1717	1725	83.727
1301	極洋	131	135	131	133	143
1319	日経300F	307	308	307	307	152
1331	ニチロ	160	160	155	157	293
1332	日水	165	169	164	166	592
1333	マルハ	129	132	126	126	201
1351	宝幸水産	87	88	85	88	71
1352	ホウスイ	98	98	91	98	13
1376	カネコ種	1000	1030	1000	1030	15
1377	サカタタネ	2290	2500	2265	2500	105.1
1378	雪国まいたけ	1170	1170	1100	1140	45
1379	ホクト	5300	5300	5030	5200	41
1380	秋川牧園	0	0	0	0	0
1491	中外鉱	163	174	160	174	5671
1501	三井鉱山	90	94	89	94	336
1503	住友炭	88	89	83	86	232
1515	日鉄鉱	214	214	205	206	24
1518	三井松島	168	180	165	173	229
1601	帝石	308	312	301	303	703
1603	アラビア石油	630	689	600	620	1667.8
1661	ガス開	379	385	379	382	34
1701	昭和鉱	270	270	260	260	65
1702	共立マテリア	261	261	260	260	2
1738	ＮＩＴＴＯＨ	436	436	425	425	16
1739	ＳＥＥＤ	430000	430000	430000	430000	0.007
1740	極東工業	513	514	472	472	16
1741	ミサワサンイ	0	0	0	0	0
1742	セコムテクノ	2805	2840	2780	2800	18
1743	コーアツ工業	550	550	540	540	2
1744	キョーエイ	710	710	621	670	11
1745	ミサワホーム東海	360	360	360	360	2
1746	7	475	500	475	500	7
1748	ミサワ北日	330	330	330	330	5
1749	大和通信	340	340	330	330	2
1750	カナック	0	0	0	0	0
1751	日立プラサ	405	405	405	405	1
1752	富士通シス	1640	1700	1640	1672	19
1753	土屋ツバイ	0	0	0	0	0
1754	東新住建	890	950	890	950	4
1755	JFE工建	370	370	362	362	9
1756	和興エンジ	0	0	0	0	0
1757	千年の杜	410	410	405	410	7
1758	太洋基礎	465	465	465	465	2
1759	ジオトップ	280	282	280	282	21
1762	高松建設	1750	1750	1650	1739	11
1763	北陸ミサワ	500	500	500	500	1
1764	工藤建設	242	242	242	242	1
1765	イビデンテック	290000	290000	290000	290000	0.002
1766	東建コーポ	1360	1400	1350	1400	8
1767	沖ウィン	595	600	576	576	5
1768	ソネック	0	0	0	0	0
1769	ピコイ	65	65	65	65	3
1770	藤田エンジ	715	715	715	715	1
1772	東北エンタープライズ	450	505	450	455	72
1774	機動建	231	231	231	231	2
1775	富士電Ｅ＆Ｃ	209	209	205	207	6
1776	三井住建道路	110	113	110	113	5
1777	川崎設備	0	0	0	0	0
1778	古河総設	175	175	175	175	1
1779	松本建工	430	500	430	500	17
1780	ヤマウラ	364	380	364	380	1
1781	国土総合	370	370	370	370	1
1782	常磐開発	220	230	220	230	3
1783	南野建設	100	105	100	100	14
1784	サワコー	600	600	530	530	6.9
1785	ナナボシ	0	0	0	0	0
1786	オリ建	465	466	457	458	4.2
1787	ナカボテック	0	0	0	0	0
1788	三東工業	210	210	210	210	1
1789	山加電業	430	430	410	410	1.2
1790	平和奥田	0	0	0	0	0
1791	三井木材	132	132	128	129	62.5
1792	みらい建設Ｇ	185	185	183	185	6
1793	大本組	0	0	0	0	0
1795	マサル	400	400	400	400	5
1796	トヨタウッド	300	305	300	305	1.1
1797	藤木工務店	449	449	444	444	3
1798	守谷商会	0	0	0	0	0
1799	第一建設	0	0	0	0	0
1800	利塚地下技術	300	300	290	290	14
1801	大成建	162	166	161	165	862
1802	大林組	312	319	308	308	3472
1803	清水建	265	270	265	266	1401
1804	佐藤工業	55	56	55	55	470
1805	飛島建	55	55	53	54	370
1806	ACリアル	50	52	49	51	743
1807	渡辺組	0	0	0	0	0
1808	長谷工	46	48	45	45	5676
1809	富士工	88	88	82	83	40
1810	松井建	279	286	279	286	8
1811	銭高組	325	325	275	275	19
1812	鹿島	270	272	262	262	1832
1813	不動建	153	154	145	145	132
1814	大末建	83	85	80	84	139
1815	鉄建	113	115	113	113	168
1816	安藤建	198	205	198	201	14
1817	勝村建	129	129	125	129	13
1818	日産建設	90	90	83	85	31
1819	太平工	171	174	166	166	23
1820	西松建	340	343	328	332	799
1821	三井住友建	73	75	73	75	98
1822	大豊建	159	160	158	159	56
1823	住友建設	94	94	89	93	120
1824	前田建	290	297	286	286	112
1825	環境建設	109	109	103	105	90
1826	佐田建	153	157	153	157	42
1827	ナカノフドー建	96	99	96	96	71
1828	田辺工業	0	0	0	0	0
1829	大和建設	98	100	97	100	7
1830	共栄冷機工業	249	249	249	249	1
1831	積水ハ北陸	0	0	0	0	0
1833	奥村組	305	309	300	305	292
1834	小田急建	245	245	245	245	3
1835	東鉄工	225	225	190	190	26
1836	大日本土木	142	145	142	145	71
1837	間組	55	65	54	61	1354
1838	古久根建設	95	96	95	96	11
1839	真柄建	165	165	162	165	15
1840	土屋ホーム	260	260	260	260	8.6
1841	サンユ	600	600	600	600	1
1842	昭和テクノ	510	510	510	510	2
1844	大盛工業	205	205	200	200	30
1845	森本組	133	133	133	133	9
1846	鈴縫工	138	143	138	143	3
1847	イチケン	120	120	117	117	51
1848	富士ＰＳ	0	0	0	0	0
1850	南海辰村建	76	76	75	75	20
1851	大木建設	186	194	185	194	46
1852	浅沼組	146	149	146	146	59
1853	森組	0	0	0	0	0
1854	新井組	158	158	157	158	14.6
1855	東急建設	74	74	71	72	218
1856	ジェイオー建設	300	300	300	300	2
1857	松村組	124	124	121	121	21
1858	井上工	59	59	57	57	10
1860	戸田建	331	350	330	332	248
1861	熊谷組	57	58	56	56	1185
1862	横河工事	336	336	326	326	11
1863	テトラ	220	228	214	223	8
1865	青木あすなろ建	128	135	127	129	8
1866	北野建	293	316	293	316	311
1867	植木組	181	189	181	181	6
1868	三井ホーム	381	387	380	383	66
1869	名工建	480	480	480	480	5
1870	矢作建	360	360	346	346	5
1871	ピーエス三菱	420	420	412	420	4.2
1872	アゼル	314	340	305	326	469
1873	東ハウス	460	460	460	460	17
1874	佐藤秀	150	150	150	150	8
1875	青木マリン	240	240	240	240	3
1877	川田建設	0	0	0	0	0
1878	大東建	1450	1590	1450	1536	362.9
1879	新日本建	204	204	204	204	1
1880	スルガコーポ	1460	1460	1460	1460	2
1881	ＮＩＰＰＯ	457	459	456	456	80
1882	東亜道	228	235	224	229	69
1883	前田道	449	453	446	452	180
1884	日道路	150	156	148	148	160
1885	東亜建	120	125	120	125	178
1886	青木建設	43	44	41	43	826
1888	若築建	154	156	152	152	86
1889	佐伯建	135	135	128	128	41
1890	東洋建	85	87	84	86	258
1892	徳倉建	0	0	0	0	0
1893	五洋建	135	136	125	130	420
1895	大成ロテック	169	169	163	163	42
1896	大林道	395	450	392	430	927
1897	金下建	534	534	510	510	16
1898	世紀東急	85	90	85	90	8
1899	福田組	270	270	265	265	28
1900	白石	169	169	169	169	4
1902	山崎建設	0	0	0	0	0
1904	大成温調	407	407	400	400	6
1905	テノックス	0	0	0	0	0
1906	細田工務	345	345	345	345	1
1907	東北ミサワ	539	539	539	539	1.5
1908	三平建設	0	0	0	0	0
1909	日本ドライ	331	332	321	321	57.5
1910	フドウ建研	180	215	180	215	22
1911	住友林	661	661	612	619	112
1912	ミサワセラミ	0	0	0	0	0
1913	旭ホームズ	89	89	89	89	2
1914	日基技	555	577	551	565	20.2
1915	東京ミサワホーム	0	0	0	0	0
1916	日成ビルド	190	190	170	172	54
1917	ニッセキハウス	125	125	115	115	231
1919	エスバイエル	255	259	253	257	112
1920	殖産住宅相互	115	115	111	113	296
1921	巴	166	167	165	166	6
1922	大成ユーレック	85	87	84	86	17
1923	ミサワホーム	340	345	331	342	91
1924	パナホーム	561	566	547	560	94
1925	大和ハウス	754	770	754	762	1500
1926	ライト	469	485	465	485	53
1927	中 部	0	0	0	0	0
1928	積ハウス	840	840	825	833	1582
1929	日特建	180	180	172	180	35
1930	北陸電工	230	230	230	230	1
1931	日本電通	321	321	320	320	7
1932	コミュチュア	600	600	544	571	22
1933	西シス建	310	310	310	310	3
1934	ユアテック	318	321	318	320	16
1935	ＴＴＫ	315	321	315	317	11
1936	シーキューブ	305	305	305	305	1.8
1937	西部電工	320	320	316	316	3
1938	千歳電	0	0	0	0	0
1939	四電工	320	321	316	316	27
1940	つうけん	239	240	239	240	4
1941	中電工	1320	1320	1300	1302	28
1942	関電工	401	409	401	406	249
1943	大明	1000	1005	966	966	141
1944	きんでん	681	700	662	680	175
1945	東京エネシス	369	369	369	369	1
1946	トーエネク	389	392	389	392	45
1947	日本コムシス	1750	1750	1670	1700	245
1948	弘電社	280	280	280	280	2
1949	住友電設	568	568	550	562	11.4
1950	電設工	304	313	297	298	173
1951	協エクシオ	695	705	690	692	98
1952	新日空調	400	400	385	398	10.6
1953	国際電設	170	180	170	180	3
1954	日工営	173	173	169	170	145
1955	東電通	453	454	440	440	31
1956	日電設	446	460	446	460	55
1957	保安工	0	0	0	0	0
1958	三和エレック	300	300	300	300	1
1959	九電工	310	312	300	300	94
1960	サンテック	315	316	311	311	13
1961	三機工	427	430	416	416	83
1962	エルゴテック	210	210	210	210	4
1963	日揮	266	278	266	275	332
1964	中外炉	262	270	236	250	94
1965	テクノ菱和	400	450	400	430	13.1
1966	高田工	0	0	0	0	0
1967	ヤマト	355	355	335	335	4
1968	太平電	248	255	248	255	34
1969	高砂熱	510	520	506	512	90
1970	日立プラ	237	240	233	234	84
1971	ビルト工	79	79	79	79	5
1972	三晃金	100	108	100	108	10
1973	ＮＥＣシス建	1720	1745	1680	1710	40.1
1974	宮地建設工業	420	440	420	435	49
1975	朝日工	202	204	202	203	46
1976	明星工	170	170	170	170	21
1977	ジェイコス	410	410	410	410	1
1978	アタカ	315	315	310	310	16
1979	大気社	735	751	735	738	18
1980	ダイダン	406	406	398	400	76
1981	協和日成	0	0	0	0	0
1982	日比谷設	525	530	522	530	20
1983	東芝プラ	210	215	205	206	82
1984	三信建	0	0	0	0	0
1985	大和電設	0	0	0	0	0
1986	日商インター	2450	2460	2280	2280	27
1987	ソルコム	305	320	305	315	23
1988	シボンド建	1411	1420	1401	1401	41.3
1989	北陸電話	0	0	0	0	0
1990	東邦建	0	0	0	0	0
1991	都築通技	851	851	850	850	1.1
1992	神田通機	545	545	545	545	6
1993	ニッタン	186	188	182	184	23
1994	高橋ウォール	0	0	0	0	0
1995	鈴木工務店	0	0	0	0	0
1996	三菱建設	162	162	162	162	4
1997	暁飯島工業	0	0	0	0	0
1998	日本土建	1000	1000	1000	1000	1
2001	日本粉	249	255	248	249	242
2002	日清粉	774	781	773	773	462
2003	日東粉	188	199	187	198	8
2004	昭和産	168	172	165	165	189
2006	東福粉	0	0	0	0	0
2007	富士粉	0	0	0	0	0
2008	増田粉	0	0	0	0	0
2009	鳥越粉	388	388	376	376	11
2051	農産工	200	203	195	196	168
2052	協同飼	117	125	117	117	64
2053	中部飼	620	620	610	610	8
2055	日和産	219	221	219	221	4
2056	日配飼	116	116	110	112	48
2057	雪印種	650	650	650	650	1
2102	台糖	255	257	247	247	32
2107	東洋糖	145	154	145	145	99
2108	甜菜糖	163	163	157	161	226
2109	三井糖	173	175	172	175	35
2111	フジ製糖	200	200	180	180	9
2112	塩水糖	399	400	371	400	61
2113	新光糖	190	190	190	190	3
2114	フジ日本精糖	0	0	0	0	0
2116	日新糖	131	138	131	135	28
2201	森永	212	214	209	211	327
2202	明菓	720	729	705	714	336
2204	中村屋	263	269	263	269	8
2205	駿河屋	72	72	72	72	2
2206	グリコ	508	510	500	500	131
2207	名糖産	1014	1070	1014	1070	4
2208	ブルボン	960	960	930	960	33
2209	井村屋	405	405	405	405	8
2211	不二家	304	306	284	293	770
2212	山パン	940	940	925	925	131
2213	ナガサキヤ	68	68	68	68	5
2215	一パン	261	265	250	250	58
2216	カンロ	278	278	262	262	5
2217	モロゾフ	182	184	182	182	10
2219	タカラブネ	103	105	103	105	20
2220	亀田製菓	660	700	660	700	27
2221	岩塚製菓	0	0	0	0	0
2222	寿製菓	482	482	480	480	3
2224	コモ	2030	2030	1970	2010	16
2261	明乳	695	730	685	716	3492
2262	雪印	466	466	452	459	243
2264	森永乳	299	300	290	294	241
2266	六甲バタ	0	0	0	0	0
2267	ヤクルト	941	963	936	953	864
2268	サーティワン	0	0	0	0	0
2281	プリマ	124	129	123	126	204
2282	日ハム	1015	1018	988	990	648
2284	伊藤ハ	433	440	430	430	103
2286	林兼	124	126	120	125	149
2287	雪印食品	265	269	265	269	8
2288	丸大食	175	179	172	179	98
2289	相模ハム	620	620	620	620	1
2290	米久	1145	1145	1071	1083	61.5
2291	福留ハ	200	200	200	200	1
2292	ＳＦＯＯＤＳ	771	771	770	770	5
2293	滝沢ハム	0	0	0	0	0
2294	柿安本店	1000	1000	980	980	5
2501	サッポロＨＤ	338	339	334	339	547
2502	アサヒ	1053	1059	1033	1039	1359
2503	キリン	1314	1333	1296	1307	1771
2531	宝ＨＤ	3130	3230	3050	3120	8285
2533	オエノンＨＤ	255	278	255	265	84
2536	メルシャン	262	274	261	274	218
2538	マルキン忠勇	170	170	166	166	19
2540	養命酒	666	666	660	662	33
2541	ニッカ	270	281	270	280	7
2571	中京コカ	1040	1040	1000	1031	10
2572	三国コカ	1430	1430	1399	1400	120
2573	北海コカ	1225	1225	1225	1225	10
2575	三笠コカ	920	922	920	922	2.5
2576	近畿コカ	1200	1210	1200	1200	25
2577	富士コカ	1180	1180	1150	1180	15
2578	四国コカ	1170	1171	1152	1152	6.6
2579	コカウエスト	2800	2840	2685	2740	54.2
2591	カルピス	554	560	548	559	56
2592	ポッカ	534	560	534	551	8
2593	伊藤園	10550	10650	10450	10450	53.7
2594	キーコーヒー	1300	1300	1291	1293	8.9
2595	キリンビバ	1670	1680	1656	1660	68
2596	キューサイ	5500	5600	5350	5580	76
2597	ユニカフェ	3000	3120	3000	3050	13.9
2598	アサヒ飲料	947	950	935	947	71
2601	ホーネンコーポ	168	174	168	172	147
2602	日清オイリオ	290	300	288	299	310
2604	吉原製油	250	250	240	250	14
2605	熊沢製油	0	0	0	0	0
2607	不二油	699	704	660	698	58
2608	ボーソー	170	180	170	170	15
2611	摂津油	0	0	0	0	0
2612	かどや製油	800	800	800	800	1
2801	キッコマン	652	674	648	671	629
2802	味の素	1215	1219	1206	1219	575
2803	丸金醤油	280	280	270	280	5
2804	ブルドック	595	640	595	640	4
2805	エスビー	560	560	559	559	9
2806	ユタカフーズ	1089	1100	1089	1100	2
2808	サンビシ	0	0	0	0	0
2809	キユーピー	825	828	806	806	136
2810	ハウス食品	1510	1510	1470	1504	161
2811	カゴメ	878	885	877	884	104
2812	焼津水化	1740	1800	1730	1750	26.5
2813	和弘食品	139	139	136	136	6
2814	佐藤食品	0	0	0	0	0
2815	アリアケ	5600	5790	5600	5790	7.4
2816	ダイショー	870	870	870	870	2
2817	ギャバン	700	700	640	640	7
2830	アヲハタ	1470	1500	1470	1490	4
2831	はごろも	1410	1480	1410	1480	46
2871	ニチレイ	274	274	270	272	569
2872	セイヒョー	0	0	0	0	0
2873	加ト吉	2190	2190	2150	2165	130
2874	ヨコレイ	510	511	499	500	96
2875	東洋水	683	693	667	670	162
2876	ＪＣコムサ	0	0	0	0	0
2877	日東ベスト	1190	1190	1190	1190	5
2878	赤城水産	381	381	381	381	1
2879	ニチロサンフズ	491	491	470	470	9
2891	酵母工	820	830	800	820	100
2892	日食品	314	315	314	315	2
2893	ローマイヤ	0	0	0	0	0
2894	石井食	288	288	288	288	1
2897	日清食	2340	2340	2200	2250	255.9
2898	ソントン	1080	1100	1080	1100	5
2899	永谷園	909	909	890	890	17
2900	明星食	240	246	240	242	11
2901	石垣食	0	0	0	0	0
2902	太陽化	405	405	405	405	5
2903	シノブフズ	160	161	160	161	9
2904	一正蒲鉾	0	0	0	0	0
2905	オーケー食	115	115	115	115	2
2906	ホッコク	400	400	400	400	3
2907	あじかん	780	780	780	780	6
2908	フジッコ	1670	1680	1650	1650	46
2909	トオカツフズ	290	292	290	292	9
2910	Ｒフィールド	4490	4500	4360	4490	30.4
2911	旭松食品	791	791	780	780	2
2912	鐘崎	0	0	0	0	0
2913	フジフーズ	280	280	280	280	5
2914	ＪＴ	805000	815000	796000	810000	1.437
2915	ケンコーマヨ	520	520	520	520	1
2916	仙波糖化	0	0	0	0	0
2917	大森屋	725	735	725	725	5
2918	わらべ日洋	1170	1170	1110	1110	14
2920	ケイビー	1450	1490	1450	1450	13
2921	フクシマフズ	0	0	0	0	0
2922	なとり	830	830	800	800	2
3001	片倉	457	457	450	454	18
3002	グンゼ	260	260	248	255	392
3003	昭栄	900	900	900	900	14
3004	神栄	126	130	125	125	15
3007	神戸生絲	55	59	55	57	21
3009	川島織	103	103	100	101	53
3010	上毛	1200	1230	1150	1160	50
3011	バナーズ	0	0	0	0	0
3101	東洋紡	146	147	140	143	1123
3102	カネボウ	157	162	156	158	519
3103	ユニチカ	68	70	68	70	497
3104	富士紡Ｈ	78	80	78	80	84
3105	日清紡	414	420	414	414	808
3106	クラボウ	132	139	132	133	223
3107	ダイワボウ	104	109	101	105	26
3109	シキボウ	73	74	72	73	64
3110	日東紡	130	134	127	128	422
3111	オーミケン	66	70	66	66	13
3113	ＢＳＬ	71	72	70	70	46
3114	同興紡	80	80	80	80	24
3115	テザック	59	60	55	55	163
3116	トヨタ紡織	713	713	695	695	19
3117	興和紡	0	0	0	0	0
3121	アセットイン	55	55	55	55	2
3123	サイボー	0	0	0	0	0
3125	内外綿	63	64	63	64	4
3128	テラボウ	0	0	0	0	0
3129	ファブリカＴ	0	0	0	0	0
3201	日毛	381	381	359	361	33
3202	大東紡	93	94	92	94	39
3203	東亜紡織	91	96	91	96	7
3205	ダイドー	210	210	200	203	80
3206	南海毛糸紡績	92	92	92	92	3
3207	中央毛	121	122	120	120	27
3209	カネヨウ	140	140	130	130	8
3211	太陽毛絲紡	140	141	140	141	5
3216	御幸ＨＤ	405	405	400	405	15
3302	帝繊維	177	177	167	167	5
3304	トスコ	73	80	72	80	32
3306	日本麻	61	62	60	62	47
3401	帝人	432	436	420	426	1480
3402	東レ	350	353	335	336	4608
3403	東邦テナ	148	154	147	149	133
3404	三菱レ	235	238	217	223	1786
3405	クラレ	916	916	884	884	755
3407	旭化成	649	668	647	668	1652
3408	サカイオーベ	79	79	77	77	24
3409	北日紡	0	0	0	0	0
3411	オートリ	172	172	171	172	17
3420	ケーエフシー	1050	1110	1050	1100	4
3421	稲葉製作	1240	1240	1200	1200	4.7
3422	丸順	430	430	430	430	4
3423	エスイー	690	700	680	680	13
3501	住江織	107	114	106	106	10
3503	東和織	60	60	60	60	1
3512	フエルト	250	250	225	225	6
3513	イチカワ	150	150	147	147	7
3514	バイリーン	199	199	196	196	13
3515	フジコー	386	391	385	385	18
3521	エコナック	102	103	100	103	124
3524	日東網	99	99	95	95	13
3526	芦森工	204	205	200	205	65
3528	グローベルス	120	120	100	100	114
3529	アツギ	102	102	98	99	293
3532	堀田産	0	0	0	0	0
3533	ダイオ化成	627	630	600	630	3
3534	ＮＢＣ	830	890	830	840	16
3551	ダイニック	173	173	167	170	34
3552	洋クロス	146	160	146	160	11
3553	共和レ	400	410	400	402	19
3569	セーレン	280	285	274	280	13
3570	オリカキャピ	140	140	125	125	51
3571	ソトー	465	479	465	479	12
3572	大同マルタ	0	0	0	0	0
3576	カンボウ	93	93	93	93	2
3577	東海染	125	125	121	122	73
3578	倉庫精	0	0	0	0	0
3580	小松精	321	321	321	321	2
3581	岐セン	0	0	0	0	0
3583	オーベクス	126	126	126	126	3
3584	福助	153	160	151	160	30
3585	トムスエンタ	951	960	831	900	829
3587	ＩＢダイワ	250	265	250	251	72
3588	丸山工	0	0	0	0	0
3591	ワコール	795	800	775	775	180
3592	ＣＨＯＹＡ	247	247	247	247	6
3593	ホギメデ	7440	7700	7100	7200	47
3594	モリシタ	0	0	0	0	0
3595	ヤギコーポ	330	330	330	330	6
3596	ワールド	11850	11900	11570	11720	29.9
3597	自重堂	760	788	730	788	52
3598	山喜	0	0	0	0	0
3599	コーコス	0	0	0	0	0
3600	フジックス	0	0	0	0	0
3601	ニチメンイン	1780	1780	1699	1778	15
3602	イタリヤード	240	243	240	243	10
3603	チャッコット	0	0	0	0	0
3706	東海パ	347	347	338	338	4
3861	王子紙	523	533	523	530	1385
3863	日本製紙	572	602	572	592	2386
3864	三菱紙	116	120	116	120	398
3865	北越紙	641	645	611	626	785
3868	高崎三興	85	85	81	83	48
3869	日本板紙	219	220	218	220	16
3870	日本加工製紙	70	73	69	73	28
3871	大昭和紙	483	488	481	482	76
3872	三島紙	169	179	169	179	12
3877	中越パ	144	150	140	143	144
3878	巴川紙	472	472	452	452	41
3880	大王紙	631	631	618	625	70
3881	特種紙	380	386	375	376	81
3882	紀州紙	138	138	137	137	2
3886	チューエツ	0	0	0	0	0
3887	中央板紙	75	82	75	82	23
3889	大平製紙	100	100	100	100	1
3890	ゼネＫＫ	651	660	651	660	10
3891	高度紙	1600	1630	1570	1570	13
3941	レンゴー	591	609	591	607	280
3944	古林紙	129	129	129	129	4
3945	スパバッグ	184	186	184	186	4
3946	トーモク	173	173	170	173	32
3947	ダイナパック	400	400	400	400	1
3948	光ビジネス	726	819	726	819	11
3949	日本ハイパック	290	310	288	300	91
3950	ザ・パック	0	0	0	0	0
3951	朝日印刷	0	0	0	0	0
3952	中央紙器	0	0	0	0	0
3953	大村紙業	420	420	420	420	1
3954	昭和パックス	550	560	550	550	5
3971	東セロ	249	249	248	248	6
4003	コープケミ	90	93	90	91	16
4004	昭電工	133	137	129	130	1232
4005	住友化学	415	417	400	407	4546
4006	チッソ 	29	29	28	28	139
4007	日化成	138	138	130	131	46
4008	住友精化	242	255	242	250	23
4010	三菱化学	383	385	371	381	2846
4021	日産化	585	595	584	588	343
4022	ラサ工	282	295	281	291	174
4023	呉羽化	256	257	247	256	306
4025	多木化	303	303	302	302	12
4026	神島化	340	350	340	348	9
4027	テイカ	250	253	237	253	40
4028	石原産	150	158	147	156	1810
4031	チッカリン	404	404	397	400	11
4032	日東バイオン	256	265	250	250	12
4033	日東エフシー	400	406	400	401	4
4041	日曹達	252	290	252	285	1114
4042	東ソー	501	505	478	496	2626
4043	トクヤマ	404	430	404	426	457
4044	セ硝子	210	210	198	198	183
4045	東合成	187	200	184	198	3373
4046	ダイソー	185	187	180	187	37
4047	関電化	303	305	294	295	197
4050	鶴見曹達	325	325	325	325	14
4061	電化	300	302	288	294	1449
4062	イビデン	1420	1421	1410	1415	250
4063	信越化	6090	6160	6010	6120	1568
4064	カーバイド	121	125	120	125	137
4065	紀文フ	401	409	401	409	11
4077	富士チタン工業	557	569	555	555	47
4078	堺化学	721	807	721	807	929
4079	ハクスイテック	0	0	0	0	0
4080	田中化研	7230	7230	6500	6700	77
4086	日本エア・リキード	281	298	281	282	27
4088	エアウォータ	266	266	259	263	159
4089	大阪酸素工業	170	171	161	163	33
4091	大陽日酸	245	248	240	240	267
4092	日本化	253	267	253	263	134
4093	アセチレン	77	77	77	77	1
4094	日化産	370	382	360	360	62
4095	パーカライ	323	323	299	310	31
4096	昭炭酸	304	305	300	300	18
4097	高圧ガス	287	288	285	285	9
4098	チタン	160	160	155	155	6
4099	四国化	303	303	297	301	15
4100	戸田工	410	410	401	407	38
4101	日興酸素	178	178	178	178	2
4102	丸尾カル	220	220	220	220	2
4103	大陽東洋酸素	173	175	169	169	55
4104	タテホ	200	200	200	200	5
4105	メルテックス	650	740	650	740	18
4106	ケムキャット	1150	1200	1140	1200	9
4107	伊勢化	329	340	329	340	8
4108	共同酸素	150	150	150	150	16
4109	ステラケミ	7710	8050	7710	8050	36
4112	保土谷	171	172	162	162	48
4113	田岡化	249	259	249	259	5
4114	日触媒	415	430	415	429	168
4115	本州化	648	648	640	640	8
4116	大日精	352	358	348	355	13
4117	川崎化	139	140	139	140	18
4118	カネカ	1210	1210	1170	1199	575
4119	ピグメント	209	219	209	210	10
4120	スガイ	331	335	325	331	35
4123	山化成	1100	1120	1090	1100	24
4151	協発酵	1450	1530	1400	1477	11699
4182	菱ガス化	205	206	197	197	730
4183	三井化学	803	803	750	785	1133
4185	ＪＳＲ	900	915	889	909	1724
4186	東応化	2205	2220	2150	2175	189.1
4187	大有機	719	719	668	695	18
4201	日合成	161	166	161	166	150
4202	ダイセル	366	373	355	364	703
4203	住友ベ	1237	1237	1187	1194	565
4204	積水化	341	342	335	340	746
4205	ゼオン	718	718	685	685	1187
4206	アイカ	740	749	735	745	342
4208	宇部興	160	166	151	151	4091
4209	フドー	0	0	0	0	0
4210	東洋化学	431	434	420	432	54
4212	積水樹	351	355	350	351	36
4213	菱樹脂	146	146	136	137	107
4214	高分子	303	310	303	307	41
4215	タキロン	398	399	380	388	156
4216	旭有機	273	280	270	270	106
4217	日立化	2340	2340	2200	2310	194
4218	ニチバン	390	392	383	383	28
4219	プラス・テク	100	100	96	96	21
4220	リケンテクノ	325	347	317	320	87
4221	大倉工	379	379	369	369	65
4222	児玉化	88	89	88	89	7
4224	ロンシール	85	85	85	85	8
4225	筒中	271	272	270	271	23
4226	テスコ	325	330	325	330	3
4227	郡是高分子	240	264	239	264	3
4228	積化成	181	185	180	183	28
4229	群栄化	145	150	145	148	47
4231	タイガポリ	598	598	575	575	4
4232	東芝ケミカル	320	351	315	350	114
4233	ワコー	850	850	810	810	11
4271	カーリット	685	702	675	701	27
4272	日化薬	480	491	480	490	331
4274	細火工	0	0	0	0	0
4361	川口化	0	0	0	0	0
4362	日精化	390	391	381	386	26
4363	新日鐵化学	135	135	132	135	65
4364	マナック	580	600	580	600	11
4365	松本油脂	1820	1850	1820	1850	5
4366	ダイトーケミ	900	900	899	899	4
4367	広栄化学	350	350	350	350	1
4401	旭電化	725	740	700	701	1126
4403	日油脂	245	248	244	245	279
4404	ミヨシ	260	260	235	239	87
4406	日理化	729	730	690	719	84
4409	東邦化	0	0	0	0	0
4410	ハリマ化成	408	408	407	407	2
4452	花王	2915	2915	2815	2850	698
4461	一工薬	335	370	335	369	94
4462	石原薬品	0	0	0	0	0
4463	日華化学	256	256	251	251	2
4471	三洋化	960	970	955	964	99
4501	三共	2280	2310	2250	2300	1020
4502	武田	6250	6250	6100	6210	1657
4503	アステラス薬	5050	5200	5000	5200	798
4505	第一製薬	1460	1485	1450	1470	499
4506	大日薬	845	855	824	831	871
4507	塩野義	1540	1576	1540	1565	496
4508	田辺薬	680	680	655	662	237
4509	三菱ウェルファーマ	1500	1525	1480	1499	501
4511	藤沢薬品	3660	3830	3650	3760	1716
4512	わかもと	577	580	540	547	90
4514	帝臓器	861	870	860	860	33
4515	萬有製薬	1840	1920	1830	1885	779
4516	日新薬	617	620	612	620	16
4517	ビオフェル	950	950	915	921	6
4518	富山化	473	483	460	483	1807
4519	中外薬	1700	1720	1678	1715	1986
4520	和光堂	3600	3730	3570	3730	4.1
4521	科研薬	635	645	634	640	139
4523	エーザイ	2555	2560	2425	2500	596
4524	仁丹	990	990	951	970	56
4526	理ビタ	1230	1390	1230	1301	98
4527	ロート	755	755	732	732	18
4528	小野薬	3130	3230	3080	3130	267
4529	日研化	430	450	430	449	24
4530	久光薬	1403	1408	1380	1390	53
4531	有機薬	555	565	510	510	76
4534	持田薬	642	650	612	615	290
4535	大正薬	3200	3200	3130	3190	969
4536	参天薬	1897	1961	1897	1932	125
4537	エスエス	1300	1399	1300	1360	332
4538	扶桑薬	621	623	591	620	321
4539	ケミファ	294	315	294	315	59
4540	ツムラ	390	399	387	398	54
4541	日医工	175	215	175	200	27
4542	三笠薬	486	496	460	460	39
4543	テルモ	2870	2965	2820	2965	252
4544	みらかＨＤ	640	647	625	629	37
4545	国際試薬	410	415	395	395	43
4546	北陸製薬	970	1010	960	999	133
4547	キッセイ	1820	1850	1719	1750	93
4548	生化学	2400	2550	2270	2280	1120
4549	栄研化	1530	1590	1420	1450	696
4550	日水薬	706	721	706	720	44
4551	鳥居薬	2400	2510	2400	2490	27.7
4552	日本ケミカル	971	1001	950	950	77
4553	東和薬品	1170	1170	1150	1170	32
4554	富士製薬	530	530	431	431	211
4555	沢井製薬	1620	1660	1530	1530	52
4556	カイノス	930	930	930	930	42
4557	医学生物	15700	16000	14200	14900	209
4558	中京医薬	1750	1800	1750	1790	4.5
4559	ゼリア新薬	1300	1332	1290	1320	252
4560	キョーリン薬	4730	4730	4650	4670	146
4561	デンカ生研	3340	3350	2910	3060	105
4611	大日塗	163	167	160	164	89
4612	日本ペ	271	280	267	270	537
4613	関西ペ	244	247	239	239	317
4614	トウペ	139	139	139	139	1
4615	神東塗	89	91	89	91	13
4616	川上塗	81	81	81	81	1
4617	中国塗	208	213	208	212	47
4619	日特塗	251	251	250	250	10
4620	藤倉化	496	530	491	520	85
4621	ロック	0	0	0	0	0
4622	ユニペイン	150	150	141	141	2
4623	アサヒペン	294	295	291	292	41
4624	イサム	0	0	0	0	0
4625	アトミクス	317	317	310	310	10
4626	太陽インキ	11000	11000	10300	10900	24.7
4627	ナトコ	1350	1570	1320	1500	42
4628	エスケー化研	1900	1900	1830	1830	3
4629	大伸化学	450	450	450	450	2
4631	インキ	401	410	390	397	898
4633	サカタＩＮＸ	279	279	275	277	48
4634	洋インキ	195	197	192	193	230
4635	東インキ	0	0	0	0	0
4636	Ｔ＆Ｋ	3750	3850	3750	3800	11.3
4640	アンドール	660	660	660	660	26
4641	アルプス技	1230	1250	1230	1250	11
4642	オリジナル設	1300	1300	1300	1300	4
4643	コナミスポ	9500	9520	8890	8910	12
4644	イマジニア	4470	4480	4050	4100	49.9
4645	市進	250	250	250	250	1
4646	ジャスフォート	1000	1000	1000	1000	2.2
4649	大成	0	0	0	0	0
4650	スガイエンタ	670	690	670	690	0.2
4651	サニックス	11400	11500	11000	11300	72.6
4652	ウッドランド	6660	7100	6650	7100	20
4653	ダイオーズ	830	830	830	830	1
4654	ニチゾウテク	332	332	331	331	2
4655	ＮＯＶＡ	1190	1230	1160	1230	40
4656	サン・ライフ	3350	3500	3350	3500	26
4657	環境管理	1110	1250	1110	1250	5
4658	日本空調	0	0	0	0	0
4659	エイジス	2090	2090	1890	1990	20
4660	ニッポン放送	14690	14800	13300	13600	79
4661	ＯＬＣ	12000	12210	11900	12100	342.5
4662	フォーカス	8400	8800	6800	6800	416
4663	ＡＴＬ	2250000	2350000	2150000	2200000	0.027
4664	ＲＳＣ	560	579	560	579	2
4666	パーク２４	9590	9600	9200	9600	27.8
4667	アイサンテク	570	570	570	570	1
4668	明光ネット	620	630	600	610	115
4669	ニッパンＲ	330	330	329	329	2
4670	セタ	900	930	900	930	2
4671	ファルコバ	6300	7000	6150	6850	752
4672	ベルックス	0	0	0	0	0
4673	川崎地質	475	480	475	480	3
4674	クレスコ	15800	17000	15500	15700	11.4
4675	エヌエス環境	0	0	0	0	0
4676	フジテレビ	2560000	2650000	2500000	2650000	1.929
4677	デザイ	750	750	750	750	1
4678	秀英	1270	1350	1270	1300	8
4679	田谷	2090	2095	2020	2050	6
4680	ラウンドワン	888000	905000	886000	888000	0.441
4681	リゾートトラ	2800	3030	2750	2980	81.5
4682	電通テック	18400	18400	17800	18000	14.2
4683	堀内カラー	618	618	611	611	3
4684	オービック	94400	94400	90900	90900	42.2
4685	菱友システム	730	748	730	748	15
4686	ジャスト	10200	10200	10200	10200	170.4
4687	ＴＤＣソフト	5600	5700	5400	5450	9.5
4688	日本ドレーク	40000	40000	37500	37500	2.6
4689	ヤフー	154900000	156000000	153600000	156000000	0.018
4690	日パレット	0	0	0	0	0
4692	アルゴ２１	6100	6140	5850	6050	50.1
4694	ＢＭＬ	5900	6340	5720	6280	128
4695	マイスター	0	0	0	0	0
4696	ワタベ	1301	1301	1301	1301	3
4697	ゼロ	6300000	6450000	6200000	6400000	0.058
4699	ウチダエスコ	450	450	440	440	6
4700	アクセス	20000000	20550000	19900000	20550000	0.312
4701	プレック研	900	920	900	920	7
4702	55ステーション	809	809	809	809	1
4703	住商オート	1030	1110	1000	1110	33
4704	トレンド	28000	28400	26000	26700	470
4705	クリップ	290	300	290	300	4
4706	富士通サポート	71500	72100	65500	65500	130.7
4707	キタック	505	520	505	520	6
4708	もしもしＨＬ	22500	22800	22300	22500	22.5
4709	ＩＤ	1790	1830	1730	1800	12
4710	ウィン	0	0	0	0	0
4711	コミュニティ	1601	1650	1600	1646	27.1
4712	アドアーズ	500	501	500	500	6
4713	日信電サ	1500	1550	1500	1550	4
4714	リソー教育	270000	270000	266000	266000	0.023
4715	クリエイティブ	417	430	417	430	3
4716	日本オラクル	91300	93400	81500	83400	90.5
4717	ソデッソジャパン	4830	4850	4830	4830	7
4718	早稲アカ	455	465	440	445	39
4719	アルファシス	32400	32400	29000	30800	85
4720	城南進研	760	780	760	765	3
4721	フジスタッフ	8710	8710	8180	8200	19
4722	フューチャー	50000000	50000000	45000000	46500000	0.056
4723	グッドウィル	6970000	7100000	6600000	6680000	0.245
4724	シチエ	1060	1060	1000	1010	12
4725	ＣＡＣ	6100	6100	5820	5900	128
4726	ソフトバンテク	193000	193000	185000	189000	3
4727	アジアＳ総研	8200	8400	8100	8200	57
4728	トーセ	12370	12490	11500	11500	28.5
4729	コナミスタジオ	8830000	8830000	8150000	8150000	0.018
4730	関西メンテ	880	929	880	929	2
4731	ユニバホーム	2900000	2950000	2870000	2900000	0.018
4732	ＵＳＳ	5390	5400	5000	5120	26
4733	ＯＢＣ	83000	85000	77000	77000	40.5
4734	ビーイング	3600	4150	3600	3950	60
4735	京進	530	530	530	530	6
4736	日本ラッド	3200	3200	3010	3010	18
4737	シダックス	1990	1990	1910	1910	14
4738	日立ビジネス	3350	3360	3200	3200	41
4739	ＣＴＣ	115000	117000	106000	106000	126
4740	ニューディル	8000000	8330000	8000000	8330000	0.052
4741	ＩＲＩ	0	0	0	0	0
4743	アイティフォ	12800	13000	11500	11500	75
4744	メッツ	11320000	13300000	11320000	12660000	0.103
4901	富士写	4840	5020	4830	4970	1235
4902	コニカＨＤ	482	500	480	500	457
4911	資生堂	1323	1330	1266	1281	678
4912	ライオン	375	376	350	350	680
4913	サンスター	355	357	355	356	15
4914	高砂香	420	430	409	409	71
4915	エイボンＪ	221	230	221	230	4
4916	ノエビア	1090	1090	1090	1090	3
4917	マンダム	1770	1860	1770	1800	84
4918	アイビー	0	0	0	0	0
4919	ミルボン	6800	6800	6600	6600	12
4920	日本色材	0	0	0	0	0
4921	ファンケル	26490	26950	26110	26700	48.2
4922	コーセー	2900	2900	2850	2900	50
4951	エステー化	560	569	560	560	15
4953	タイホー工業	449	450	449	449	5
4954	マークテック	430	435	430	435	3
4955	アグロカネシ	711	720	710	712	7
4956	コニシ	1050	1065	1030	1030	26.8
4957	ヤスハラケミ	879	909	879	909	5
4958	長谷川香料	1820	1900	1820	1830	4.3
4959	シーシーアイ	0	0	0	0	0
4960	ケミプロ	529	529	510	510	7
4961	日油技研	853	853	840	840	4
4963	星光ＰＭＣ	551	551	551	551	1
4964	星光化学工業	0	0	0	0	0
4965	曽田香料	0	0	0	0	0
4966	上村工	1750	1770	1750	1770	8
4967	小林製薬	11700	11700	11300	11450	20
4968	荒川化工	1050	1050	1020	1020	17
4987	寺岡製	720	740	720	740	6
4989	イハラケミ	212	217	212	215	7
4990	昭和化	0	0	0	0	0
4992	北興化	370	382	370	382	61
4996	クミアイ化	187	194	187	194	24
4997	日農薬	211	212	200	206	126
4998	フマキラ	210	220	210	220	19
4999	セメダイン	0	0	0	0	0
5001	新日本石油	388	399	385	399	1093
5002	昭和シェル	370	373	364	371	318
5005	東  燃	562	567	541	548	467
5006	興亜石油	303	303	298	298	87
5007	コスモ石	122	125	120	125	648
5008	東亜石	112	115	110	112	134
5009	富士興	63	65	61	63	86
5010	日精蝋	86	86	86	86	13
5011	ニチレキ	469	480	463	463	28
5012	東燃ゼネ石	203	203	195	196	549
5013	ユシロ	528	540	481	530	247
5014	ジャパンエナジー	91	91	87	87	2555
5015	ＢＰカスト	0	0	0	0	0
5101	浜ゴム	335	340	323	330	2278
5102	大機エンジ	254	255	254	255	4
5103	昭ゴム	0	0	0	0	0
5104	日東化工	90	93	90	90	6
5105	洋ゴム	127	127	125	127	223
5106	オーツタイヤ	158	158	153	153	20
5108	ブリヂストン	2415	2425	2330	2375	1258
5110	住友ゴ	461	467	431	440	280
5121	藤ゴム	229	230	220	223	32
5122	オカモト	245	250	230	235	100
5123	ミサワ東洋	150	150	140	150	18
5142	アキレス	182	198	182	194	776
5143	世界長	115	124	115	124	118
5161	西川ゴム	879	880	870	880	22
5162	朝日ラバー	2290	2300	2160	2300	196
5184	ニチリン	305	305	305	305	2
5185	フコク	650	650	610	610	7
5186	ニッタ	871	871	820	850	6
5187	クリエート	890	890	861	861	8
5188	帝都ゴム	0	0	0	0	0
5189	桜ゴム	165	165	152	152	3
5191	東海ゴ	780	800	780	781	52
5192	三星ベ	252	254	241	241	68
5193	平成ポリマー	100	102	100	102	3
5194	相模ゴ	702	730	702	709	13
5195	バンドー	215	215	206	206	140
5196	鬼ゴム	72	73	72	73	15
5199	不二ラテ	173	175	173	175	2
5201	旭硝子	730	737	712	720	2187
5202	板硝子	1005	1095	1000	1095	5975
5204	石塚硝	174	180	173	175	10
5205	日本無機	318	320	316	320	15
5208	有沢製	2240	2255	2000	2040	42
5210	日山村硝	176	177	172	173	75
5212	不二硝	0	0	0	0	0
5213	芝セラミ	545	614	535	540	9368
5214	日電硝	1280	1280	1252	1270	421
5215	旭テクノグラス	670	705	670	688	137
5216	倉元	2090	2100	1950	2010	134.1
5217	テクノクオツ	2800	2800	2720	2740	4
5232	住友大阪	407	422	395	401	9771
5233	太平洋セメ	175	181	171	181	1899
5234	デイ・シイ	145	147	145	147	17
5237	ノザワ	83	90	75	90	15
5261	ミサワリゾ	240	246	240	243	22
5262	日ヒューム	230	230	220	220	20
5266	テイヒュー	179	179	179	179	3
5267	ハネックス	102	105	102	105	9
5268	旭コン	302	315	300	315	8
5269	日コン	108	108	104	104	25
5271	トヨアサノ	136	137	136	137	6
5272	浅野スレ	69	71	69	71	21
5273	三谷セキ	251	251	250	250	5
5274	ゼニパイプ	0	0	0	0	0
5276	石建工	430	455	430	455	15
5277	スパンクリト	0	0	0	0	0
5278	エバタ	0	0	0	0	0
5279	日本興業	241	241	240	240	3
5280	ヨシコン	0	0	0	0	0
5281	旭ダンケ	0	0	0	0	0
5282	ジオスター	940	940	940	940	3
5283	高見沢	0	0	0	0	0
5284	ヤマウ	0	0	0	0	0
5285	ヤマックス	0	0	0	0	0
5286	武井工業	300	300	300	300	1
5287	イトヨーギョ	0	0	0	0	0
5301	東海カ	174	179	174	175	171
5302	カーボン	107	110	106	108	166
5304	エスイ−シ−	0	0	0	0	0
5331	ノリタケ	351	362	350	359	165
5332	ＴＯＴＯ	526	540	523	535	392
5333	ガイシ	937	949	905	919	4161
5334	特殊陶	1074	1192	1073	1162	1416
5336	INAX	558	590	550	556	583
5337	ダントー	340	340	333	340	33
5338	大トー	251	251	250	250	3
5341	アサヒ陶	123	123	123	123	1
5342	ジャニス	65	65	65	65	28
5343	ニッコー	340	350	340	349	4
5344	ＭＡＲＵＷＡ	2750	2830	2710	2715	60.7
5351	白煉瓦	251	265	251	258	89
5352	黒崎	169	169	162	165	22
5355	ルツボ	97	98	97	98	8
5356	美濃窯	0	0	0	0	0
5357	ヨータイ	198	198	187	187	41
5358	イソライト	180	180	180	180	3
5359	ハリマセ	100	105	99	99	20
5361	東海熱	325	325	301	301	8
5362	九州耐	0	0	0	0	0
5363	ＴＹＫ	180	182	170	175	28
5367	ニッカトー	910	910	870	870	47
5382	中央商事	0	0	0	0	0
5383	三共理化	0	0	0	0	0
5384	フジミインコ	4350	4400	4210	4300	11.9
5386	鶴弥	0	0	0	0	0
5387	チヨダウーテ	830	830	830	830	1
5388	クニミネ	0	0	0	0	0
5389	日レヂボン	0	0	0	0	0
5390	宇部マテリア	148	154	148	154	39
5391	Ａ＆ＡＭ	105	119	104	105	14
5393	ニチアス	160	160	156	158	57
5395	コランダム	140	140	140	140	2
5397	ＭＩＥテクノ	0	0	0	0	0
5398	日研紙	0	0	0	0	0
5401	新日鉄	231	231	228	231	10855
5403	川崎製鉄	159	159	154	155	5350
5404	日本鋼管	61	62	60	62	4305
5405	住金	62	63	60	60	6970
5406	神戸鋼	63	63	62	63	1576
5407	日新鋼	102	104	101	101	1011
5408	中山鋼	124	131	122	125	66
5410	合同鉄	92	94	91	92	105
5423	東京製鉄	257	265	247	249	341.1
5443	東洋製鋼	53	55	50	55	72
5444	大和工	414	416	400	414	122
5445	東京鉄	85	87	85	87	43
5446	北越メ	130	130	130	130	14
5448	東京鋼鉄	0	0	0	0	0
5449	大阪製鉄	397	417	397	407	16.5
5451	淀川鋼	295	298	290	298	298
5453	洋鋼鈑	422	425	410	410	109
5454	日鉄鋼板	191	200	191	200	23
5457	住友鋼管	320	325	305	324	78
5458	高砂鉄	111	111	111	111	1
5461	中部鋼	125	125	125	125	41
5462	日鉄鋼管	135	135	130	130	8
5463	丸一管	1124	1145	1100	1102	64
5464	モリ工	235	239	233	236	20
5471	大同特鋼	155	160	145	149	2013
5476	高周波	70	70	68	68	77
5479	日金工	95	96	92	93	174
5480	冶金工	86	87	84	84	257
5481	山陽鋼	140	142	137	137	137
5482	愛知鋼	280	282	265	276	76
5484	東北鋼	0	0	0	0	0
5486	日立金	592	595	578	578	323
5491	日金属	107	116	105	106	106
5541	大平金	303	305	290	290	2791
5542	報国鉄	0	0	0	0	0
5562	日本重化学	139	140	133	134	871
5563	日本電工	175	175	163	170	1433
5566	中央電	160	165	160	161	8
5602	栗本鉄	265	275	264	264	20
5603	虹技	145	149	145	147	11
5605	自動鋳	74	75	74	74	15
5606	旭テック	143	143	133	135	38
5607	中可鍛	0	0	0	0	0
5608	川口金	234	245	221	221	19
5609	日鋳造	90	95	90	95	8
5610	大和重	120	120	120	120	5
5612	鋳鉄管	200	200	192	192	12
5613	日本カタン	270	270	250	250	2
5631	日製鋼	93	94	90	93	482
5632	菱製鋼	73	76	72	73	198
5633	関東特殊製鋼	75	75	70	70	23
5641	ＴＤＦ	156	159	156	159	3
5642	日本鍛工	0	0	0	0	0
5644	メタルアート	90	90	90	90	9
5645	イチタン	145	145	145	145	1
5657	鈴木金	149	149	145	145	9
5658	日亜鋼	411	420	405	405	38
5659	日精線	199	199	195	198	18
5660	神鋼線	80	85	80	85	19
5691	東京シヤリング	81	81	80	80	12
5694	大和綱帯	0	0	0	0	0
5695	パウダテック	420	430	420	430	4
5696	川鉄鋼板	110	110	110	110	5
5697	サンユウ	360	360	310	310	2
5701	日軽金	71	73	71	72	850
5702	大紀ア	160	164	160	164	9
5706	三井金	573	573	544	549	2215
5707	東邦鉛	249	254	241	251	969
5711	三菱マ	380	400	377	381	30242
5713	住友鉱	260	275	257	274	2126
5714	同和鉱	183	194	181	191	2443
5715	古河機金	159	164	158	164	826
5716	日鉱金属	800	800	745	745	214
5721	Ｓサイエンス	449	505	436	505	1882
5727	邦チタ	455	470	455	470	6
5728	アライドマテリアル	1051	1052	1051	1051	19
5729	日精鉱	192	193	192	193	18
5734	昭和アルミ	136	141	136	140	52
5738	住軽金	72	72	70	71	164
5739	日製箔	130	135	130	135	2
5740	九州不二サッシ	220	220	220	220	6
5753	日伸銅	55	57	55	57	8
5756	東海アルミ箔	53	55	53	54	15
5757	サンエツ	0	0	0	0	0
5771	菱伸銅	200	205	192	204	165
5781	東邦金	0	0	0	0	0
5801	古河電	1700	1709	1645	1679	3458
5802	住友電	1450	1465	1430	1430	1628
5803	フジクラ	423	427	403	419	3212
5804	菱線工	130	176	130	176	2313
5805	昭電線	150	172	150	169	1065
5807	東特線	316	318	305	306	118
5808	理研線	225	225	225	225	8
5809	タツタ	181	186	178	185	178
5810	第一電工	81	81	73	79	73
5811	トヨ電線	0	0	0	0	0
5812	日立線	950	959	920	935	2177
5813	花島電線	0	0	0	0	0
5814	京三電線	150	155	150	150	7.5
5815	沖電線	201	240	201	240	110
5816	オーナンバ	185	185	185	185	1
5817	日電線	0	0	0	0	0
5818	東日京三電線	305	305	305	305	2
5819	カナレ電気	1400	1440	1400	1440	8.2
5820	三ッ星	247	247	244	244	6
5851	リョービ	107	110	107	110	103
5852	アーレスティ	238	238	238	238	1
5853	京都ダイカスト	150	150	150	150	7
5854	東京理化工	0	0	0	0	0
5855	アサヒプリテ	3900000	3900000	3800000	3800000	0.016
5900	ダイケン	445	445	445	445	4
5901	洋カン	1436	1465	1436	1460	295
5902	北カン	200	201	200	201	7
5903	シンポ	700	815	690	765	75
5904	アルコアシステム	475	475	475	475	2
5905	日カン	0	0	0	0	0
5906	エムケー精工	500	500	500	500	32
5907	ＪＦＥコンテ	137	137	137	137	4
5908	日鉄ドラム	330	330	311	311	3
5909	コロナ	1200	1300	1200	1300	19
5910	立山アルミ	230	230	230	230	3
5911	横河ブ	285	288	275	276	101
5912	日本橋	115	116	115	116	17
5913	松尾橋	195	195	193	193	4
5914	宮地鐵工所	198	198	195	196	41
5915	駒井鉄	310	319	307	317	93
5916	ハルテック	200	201	196	200	18
5917	サクラダ	76	80	76	78	5
5918	滝上工	337	338	337	338	4
5919	日鉄塔	265	270	265	270	18
5920	鈴木シャ	177	177	177	177	1
5921	川岸工	243	245	243	243	9
5922	那須鉄	0	0	0	0	0
5923	高田機	420	425	418	419	34
5924	新日軽	67	70	67	69	20
5925	酒井鉄工所	120	120	120	120	3
5926	安治川鉄工	130	130	121	121	3
5927	ホリー	120	123	120	120	115
5928	アルメタクス	251	251	251	251	0.5
5929	三和シャタ	291	291	280	291	513
5930	文化シヤタ	204	204	192	192	117
5931	川田工	200	201	199	201	21
5932	三協アルミ	93	100	92	96	376
5933	アルインコ	185	185	185	185	6
5934	日本ア	58	59	58	59	7
5935	元旦	890	890	890	890	3
5936	洋シヤタ	119	119	112	116	74
5937	洋エクス	701	713	701	712	66
5938	住生活Ｇ	1514	1530	1501	1512	296
5939	大谷工業	0	0	0	0	0
5940	不二サッシ	144	144	138	141	31.8
5941	中西製	0	0	0	0	0
5942	フイルコン	325	325	325	325	5
5943	ノーリツ	1114	1115	1070	1070	101
5944	日立粉末	735	740	700	714	29
5945	天竜製鋸	0	0	0	0	0
5946	長府製	1548	1551	1511	1540	49.4
5947	リンナイ	1851	1877	1811	1820	37.6
5949	ユニプレス	350	350	320	325	43
5950	パワーファス	126	126	126	126	4
5951	ダイニチ工業	270	274	269	269	28.9
5952	アマテイ	0	0	0	0	0
5954	トープラ	0	0	0	0	0
5955	ヤマシナ	276	276	260	273	214
5956	トーソー	300	300	295	295	4
5957	日東精	153	153	149	149	16
5958	三洋工	134	134	134	134	15
5959	岡部	258	268	258	259	10
5961	トーカロ	570	570	555	555	2
5962	浅香工	0	0	0	0	0
5963	日立ツール	394	394	394	394	5.5
5964	洋刃物	105	105	105	105	2
5965	フジマック	500	500	500	500	2
5966	ＫＴＣ	0	0	0	0	0
5967	前田金	119	119	119	119	7
5969	ロブテックス	115	115	115	115	4
5970	菊池プレス	390	390	390	390	1
5971	共和工業	190	190	190	190	3
5972	日本建鐵	282	310	282	310	5.5
5973	トーアミ	486	493	485	485	15
5974	中国工	151	167	151	156	65
5975	東プレ	323	327	323	327	14
5976	ネツレン	242	244	237	238	51
5977	コマツ電子	1185	1380	1185	1380	120.8
5979	カネソウ	400	400	400	400	5
5980	田中亜鉛	0	0	0	0	0
5981	東京綱	118	124	118	124	107
5982	マルゼン	355	355	353	355	8
5983	イワブチ	0	0	0	0	0
5984	兼房	480	480	480	480	2
5985	サンコール	480	498	475	479	433
5986	モリテック	241	241	240	241	21
5987	オーネックス	285	310	285	310	2
5988	パイオラクス	810	828	805	828	5
5989	ヒラタ	390	395	385	395	7
5990	スーパツール	125	140	125	140	26
5991	ニッパツ	351	351	340	349	398
5992	中央発條	343	343	327	330	19
5993	知多鋼	0	0	0	0	0
5994	ファインＳ	262	267	262	267	6
5995	科学冶金	450	453	450	450	18
5996	新立川	0	0	0	0	0
5997	協立エアテク	700	700	681	700	7.3
5998	アドバネクス	230	232	221	221	26
5999	イハラサイエ	192	192	192	192	1
6005	三浦工	1249	1297	1249	1280	44.6
6011	新潟鉄工所	95	95	88	88	739
6013	タクマ	786	820	776	802	300
6016	神発動	0	0	0	0	0
6018	阪神燃	92	92	92	92	3
6020	神鋼造機	0	0	0	0	0
6021	ロビン	0	0	0	0	0
6022	赤阪鉄	102	103	102	103	4
6023	ダイハツデ	160	160	156	156	5
6041	ボッシュ	160	163	156	157	210
6042	ニッキ	144	169	144	169	4
6101	ツガミ	565	600	560	565	2461
6102	池貝	176	180	163	170	624
6103	オークマ	312	320	311	315	480
6104	東芝機	152	162	151	153	82
6106	日立精機	152	152	144	146	86
6107	アマダマシ	194	195	188	190	153
6108	アマダワシノ	94	94	89	90	125
6111	旭精機	249	249	221	221	24
6112	小島鉄	175	175	175	175	1
6113	アマダ	760	764	743	764	633
6114	住倉工業	188	194	176	185	110
6118	アイダ	367	385	367	382	35
6119	ゼィープラス	270	270	270	270	5
6121	滝澤鉄	90	100	90	100	4
6122	若山精密	268	280	268	272	18
6125	岡本工	111	114	100	105	75
6126	大ダイヤ	170	180	170	180	4
6130	日平トヤマ	180	185	180	185	104
6131	浜井産	145	150	140	140	23
6134	富機製	7400	7600	7390	7530	114.7
6135	牧野フ	811	817	777	780	240
6136	ＯＳＧ	417	427	410	422	140
6137	小池工	147	147	137	142	15
6138	ダイジェト	113	116	113	116	4
6139	東芝タンガロイ	210	234	209	234	194
6140	旭ダイヤ	555	563	555	560	121
6141	森精機	1455	1455	1404	1415	204
6142	富士精	249	249	249	249	1
6143	ソディック	700	700	680	695	122
6144	西部電機	220	220	220	220	5
6145	日特エンジ	2810	2860	2500	2590	652
6146	ディスコ	26700	26700	25100	25110	44.4
6147	ヤマザキ	0	0	0	0	0
6148	UHT	1950	1970	1950	1970	8
6149	小田原エンジ	741	741	741	741	2
6150	タケダ機械	130	130	130	130	1
6151	日東工器	2420	2500	2395	2470	142.4
6201	豊田織	1986	2005	1969	1980	104
6203	豊和工	120	123	118	118	163
6204	キリウ	195	195	191	191	7
6205	ＯＫＫ	97	104	97	103	31
6206	豊田工	865	871	855	856	80
6208	石川製	110	110	106	110	67
6210	東洋機械	785	786	710	760	35
6211	倉敷機	70	71	70	71	3
6212	帝人製機	185	185	172	177	22
6213	ＯＭ製	128	128	128	128	1
6214	大隈豊和機械	175	189	175	185	107
6216	寿工業	0	0	0	0	0
6217	津田駒	0	0	0	0	0
6218	エンシュウ	121	134	121	127	24
6221	大東製機	300	300	300	300	10
6222	島精機	1990	1990	1931	1948	13.3
6242	スピンドル	170	170	162	162	30
6245	ヒラノテク	334	334	330	330	9
6246	井上金	150	150	149	149	5
6247	日阪製	435	439	430	432	47
6271	ニッセイ	780	780	780	780	1
6272	レオン	380	386	370	375	38
6273	ＳＭＣ	20200	20210	19300	19840	90.1
6274	新川	4290	4470	4250	4430	915
6275	イセキ開発工	120	125	120	120	6
6276	ナビタス	1030	1120	1030	1100	63
6277	ホソミクロン	585	586	581	585	22
6278	ユニオンツル	17300	17300	16300	16300	34.2
6279	瑞光	1550	1550	1526	1530	4
6280	名機製	2115	2130	2060	2100	55
6281	前田製作	397	397	397	397	3
6282	オイレス	1500	1560	1490	1555	19.6
6283	オリイメック	320	325	315	324	7
6284	ＡＳＢ機械	545	611	545	610	22
6286	静甲	682	682	682	682	5
6287	サトー	4090	4100	3650	3750	79.1
6288	ハマダ印刷機	189	189	189	189	5
6289	技研製	335	335	333	333	15
6290	ＳＥＳ	2130	2170	2050	2080	121
6291	エアーテック	700	700	680	680	6
6292	カワタ	1180	1180	1050	1050	22
6293	日精樹脂	1150	1150	1030	1030	22
6294	オカアイヨン	142	144	142	144	8
6295	富士変速	0	0	0	0	0
6296	ロキテクノ	1150	1160	1120	1150	25
6297	鉱研工業	300	301	300	300	2.6
6298	ワイエイシイ	3220	3300	3100	3250	37
6299	神鋼環境Ｓ	281	284	281	283	18
6300	アピクヤマダ	949	950	900	910	22
6301	コマツ	494	501	492	499	1209
6302	住友機	235	235	225	228	1245
6303	ササクラ	0	0	0	0	0
6304	マキ製作所	700	700	700	700	3
6305	日立建機	405	405	395	395	131
6306	日工	254	259	250	250	44
6307	サンセイ	105	105	104	105	14
6309	巴工業	0	0	0	0	0
6310	井関農	85	87	85	86	193
6311	セイレイ工業	340	340	318	318	19
6312	フロイント	0	0	0	0	0
6313	共立	129	133	129	130	12
6314	石井工研	950	980	950	980	8.2
6315	ＴＯＷＡ	4250	4460	4080	4340	258.5
6316	丸山製	142	152	142	150	20
6317	北川鉄	129	129	126	126	36
6319	シンニッタン	201	203	201	203	15
6320	新ダイワ	0	0	0	0	0
6321	石搬機	341	343	340	340	6
6322	タクミナ	0	0	0	0	0
6323	ローツェ	2200	2350	2200	2300	59
6324	ハーモニック	2800000	2850000	2800000	2850000	0.044
6325	タカキタ	0	0	0	0	0
6326	クボタ	317	320	302	313	2706
6327	北川精機	330	330	330	330	1
6328	荏原実業	1700	1740	1650	1660	9
6329	ＨＥＣ	561	561	545	546	22
6330	東洋エンジ	99	104	95	104	503
6331	化工機	213	216	211	216	47
6332	月島機	635	635	621	634	60
6333	帝国電	0	0	0	0	0
6334	明治機	200	200	196	200	64
6335	東京機	360	360	357	357	87
6336	石井表記	4990	5000	4790	4890	25
6339	新東工	226	227	225	226	49
6340	渋谷工	980	981	979	980	13
6341	日立造船富岡	145	145	145	145	8
6342	太平製	95	108	95	108	22
6343	フリージア	93	95	93	95	145
6345	アイチコーポ	161	163	157	160	44.6
6346	菊川鉄	0	0	0	0	0
6347	プラコー	130	135	130	130	5
6348	日本マリンテクノ	0	0	0	0	0
6349	小森	1400	1400	1330	1340	248
6350	新日本造機	0	0	0	0	0
6351	鶴見製	475	486	475	485	11
6352	トヨコケン	145	145	145	145	1
6354	日立機電	330	330	330	330	2
6355	住友精	320	330	318	330	34
6356	日ギア	220	220	220	220	2
6357	三精輸	305	306	299	300	69
6358	酒井重	227	227	213	215	15
6359	粟村製作所	118	118	118	118	1
6360	東自機	379	379	351	351	5
6361	荏原	1460	1510	1451	1495	1496
6362	石井鉄	203	203	202	202	3
6363	酉島	425	425	425	425	7
6364	北越工	165	215	165	215	22
6365	電業社	4820	4840	4800	4810	2.1
6366	千代建	153	154	152	154	394
6367	ダイキン	1690	1719	1676	1701	554
6368	オルガノ	389	389	378	379	96
6369	トヨカネツ	100	102	98	98	96
6370	栗田工	2185	2185	2045	2045	111
6371	椿本チ	437	455	428	443	575
6372	セイサ	93	95	93	95	4
6373	大同工	180	182	175	175	36
6374	ＴＣＭ	161	161	156	159	48
6375	コンベヤ	86	88	85	88	172
6376	日機装	515	521	510	510	87
6377	甲陽建設	427	438	410	410	136
6378	木村化	135	140	129	140	13
6379	新興プラン	107	108	107	107	14
6380	オリチェン	99	99	95	95	13
6381	アネスト岩田	123	130	120	130	25
6382	トリニ工	242	242	242	242	1
6383	ダイフク	870	910	830	835	3848
6386	扶桑レクセ	1290	1300	1261	1261	12
6388	ミサワバン	195	209	191	200	102
6389	内田油圧	64	74	64	74	5
6390	加藤製	157	157	147	148	17
6391	加地テック	186	191	186	187	4
6392	ヤマダコーポ	185	185	185	185	2
6393	油研工	106	111	106	111	19
6394	大江工業	160	160	160	160	4
6395	タダノ	192	199	190	198	99
6396	宇野鉄	153	153	153	153	2
6397	郷鉄工	141	141	141	141	1
6398	日本電産シンポ	0	0	0	0	0
6403	水道機	0	0	0	0	0
6406	フジテック	962	962	935	940	75
6407	シーケーディ	515	515	495	499	346
6408	クラッチ	1030	1040	1030	1040	15
6409	キトー	0	0	0	0	0
6411	中野冷	0	0	0	0	0
6412	平和	2205	2240	2100	2165	472.5
6413	理想科学	3210	3250	3200	3230	6
6414	川重冷熱	470	470	470	470	3
6415	ニスカ	840	840	840	840	2
6416	桂川電機	335	335	335	335	2
6417	ＳＡＮＫＹＯ	7250	7250	7000	7090	289
6418	日金銭	2050	2080	1990	1990	14
6419	マース	2900	3180	2840	2920	39.5
6420	福島工業	652	652	650	650	10.5
6421	キヤノンＦ	690	690	670	670	10
6422	キヤノン化成	1070	1090	1050	1050	20
6423	アビリット	7500	7500	7050	7200	67.9
6424	高見サイ	0	0	0	0	0
6425	アルゼ	7110	7150	7020	7050	29.4
6426	サミー	4650	4700	4500	4560	38.4
6431	キャノンＮＴＣ	300	345	300	330	91
6436	アマノ	690	716	681	712	57
6437	三条機	150	150	150	150	5
6439	中日鋳	0	0	0	0	0
6440	ＪＵＫＩ	159	160	150	151	263
6442	コピア	276	276	261	261	13
6443	東洋製	129	130	129	130	10
6444	サンデン	570	574	552	560	400
6445	蛇の目	91	94	87	93	89
6448	ブラザー	250	252	240	241	433
6453	シルバ精	190	195	185	185	286
6454	マックス	1040	1076	990	1069	562
6455	モリタ	300	300	286	286	17
6457	グローリー	1640	1640	1610	1620	22
6458	新晃工	135	136	135	135	15
6459	大和冷	308	308	300	300	15
6461	日ピス	129	129	126	128	136
6462	リケン	216	216	202	206	68
6463	ＴＰＲ	250	258	250	258	7
6468	駿河精機	1570	1600	1530	1530	9
6469	放電精密	762	846	762	846	16
6470	大豊工業	1130	1130	1130	1130	5
6471	日精工	771	804	730	742	4269
6472	ＮＴＮ	271	271	252	262	969
6473	光洋精	819	844	819	844	173
6474	不二越	145	149	144	145	198
6475	天辻	990	990	990	990	9
6476	富士テクニカ	590	590	550	550	14
6477	ツバキ・ナカ	1100	1110	1100	1100	104
6478	ダイベア	201	201	200	200	3
6479	ミネベア	1240	1250	1191	1204	2998
6480	トムソン	1087	1140	1082	1095	265
6481	ＴＨＫ	4900	4910	4720	4770	239.8
6482	ユーシン精機	10390	10480	10100	10200	23.5
6483	川重防災	0	0	0	0	0
6484	ＫＶＫ	0	0	0	0	0
6485	前沢給装	628	634	616	616	27
6486	イーグル工	0	0	0	0	0
6487	積水工機	0	0	0	0	0
6488	ヨシタケ	0	0	0	0	0
6489	前沢工業	950	1001	950	982	29.9
6490	ピラー	920	920	894	900	74
6491	東亜バル	160	165	135	135	35
6492	岡野バ	150	150	150	150	8
6493	日鍛バ	193	194	182	182	6
6494	ファネス	526	540	490	500	33
6495	宮入バ	111	111	97	100	9
6496	中北製	177	177	175	175	5
6497	ハマイ	0	0	0	0	0
6498	キッツ	151	155	148	150	195
6499	大隈エンジニア	150	164	150	164	6
6501	日立	1509	1520	1496	1507	9676
6502	東芝	937	949	932	937	15443
6503	三菱電	1000	1006	934	989	12902
6504	富士電機ＨＤ	449	454	436	445	1208
6505	東洋電	151	160	151	157	78
6506	安川電	1300	1468	1282	1408	6497
6507	神鋼電	167	169	159	160	484
6508	明電舎	163	168	160	166	211
6513	オリジン	1341	1341	1291	1295	243
6516	山洋電	345	355	345	350	45
6517	デンヨー	718	724	713	716	65
6518	三相電機	500	500	500	500	7
6581	日立工	270	270	260	260	336
6583	松下冷機	597	609	584	584	331
6584	三桜工	598	617	598	600	28
6585	サーボ	290	291	285	290	25
6586	マキタ	1005	1005	1000	1004	92
6587	松下精工	415	415	408	410	56
6588	東芝テック	545	581	538	570	7163
6590	芝浦	1311	1410	1309	1391	1627
6591	西芝電	159	162	159	162	14
6592	マブチ	13500	13500	13060	13450	107.2
6593	ローヤル電	0	0	0	0	0
6594	日電産	20820	21000	19990	20000	212.1
6621	高岳	171	175	166	166	116
6622	ダイヘン	240	245	238	245	411
6623	愛電機	193	193	193	193	6
6624	田淵電	322	325	311	320	18
6641	日新電	295	300	290	293	599
6643	戸上電	159	159	146	146	21
6644	大崎電	478	500	477	484	58
6645	オムロン	3110	3180	3100	3160	345
6646	エナジーサポ	325	328	305	320	17
6647	森尾電	170	174	170	170	16
6648	かわでん	81	83	80	83	83
6650	春日電	172	175	171	175	5
6651	日東工	585	588	580	585	29
6652	和泉電	1260	1300	1240	1300	62.5
6654	不二電機	730	740	730	740	33
6655	東洋電機	370	370	370	370	2
6701	ＮＥＣ	2535	2615	2525	2565	16541
6702	富士通	3700	3820	3660	3770	11169
6703	沖電気	670	757	666	743	14301
6704	岩崎通	310	312	280	283	583
6705	ＮＥＣインフ	689	689	655	667	776
6706	電気興	950	1038	950	1015	1160
6707	サンケン	663	704	661	699	987
6708	東洋通	1864	1870	1815	1850	477
6709	明星電	152	155	150	150	11
6710	大興電機製作	173	182	172	176	17
6711	高見澤電機	191	191	191	191	1
6712	田村電機製作	380	388	354	365	324
6714	神田通信工業	271	272	271	271	11
6715	ナカヨ通	335	345	335	345	20
6716	中央無	430	430	400	430	28
6717	富士通アクセ	3220	3350	3200	3270	62.9
6718	アイホン	1800	1800	1590	1590	51.3
6741	信号	487	494	487	492	54
6742	京三	245	255	245	249	92
6743	大同信	205	205	205	205	1
6744	能美防災	358	363	351	354	32
6745	ホーチキ	297	297	275	296	117
6747	小糸工	370	377	362	370	42
6748	星和電	410	410	410	410	2
6749	マスプロ	1281	1281	1250	1250	13.2
6751	日無線	1160	1240	1140	1200	2101
6752	松下	3290	3320	3190	3230	9220
6753	シャープ	2340	2370	2230	2240	5004
6754	アンリツ	1135	1225	1111	1200	2645
6755	富士通ゼ	744	769	741	760	596
6756	日立国際	1462	1470	1447	1458	250
6758	ソニー	33700	33900	32500	32600	3722.1
6759	ＮＥＣトーキ	675	689	672	675	174
6761	アイワ	1800	1815	1610	1689	659.9
6762	ＴＤＫ	10310	10510	10010	10100	681
6763	帝通工	420	420	400	402	320
6764	三洋電	455	464	450	464	3032
6765	ケンウッド	465	474	465	468	590
6766	宮越商	61	61	57	58	103
6767	ミツミ	4250	4250	4050	4100	277
6768	タムラ	535	570	526	542	1010
6770	アルプス	1010	1099	1000	1099	1820
6771	池上通	450	465	435	449	481
6772	コスモス	138	140	136	140	22
6773	パイオニア	3600	3600	3470	3550	872
6775	東和メクス	135	138	134	136	41
6776	天昇電	170	170	170	170	20
6779	日電波	3700	3890	3700	3740	321.5
6780	日立電子	606	610	604	606	31
6781	松下通信工業	19000	19290	18490	18490	285
6782	九州松下電器	1256	1300	1250	1256	175
6783	松下寿電子	2070	2150	2000	2110	559
6791	コロムビア	216	219	204	209	86
6792	ビクター	652	665	645	651	277
6793	山水電	27	27	25	26	1173
6794	フォスター	701	753	701	743	119
6796	クラリオン	732	735	685	700	2022
6798	ＳＭＫ	1120	1130	1095	1119	773
6799	日本マランツ	227	230	226	230	16
6800	ヨコオ	3110	3300	3080	3300	235
6801	東光	890	910	870	885	987
6802	赤井電機	42	44	41	43	1256
6803	ティアック	389	398	389	397	110
6804	ホシデン	5900	5900	5780	5780	188
6805	八木アン	720	720	705	720	7
6806	ヒロセ電	14910	15000	13910	14600	150.1
6807	航空電子	550	569	536	569	479
6808	シントム	56	57	55	56	790
6809	ＴＯＡ	350	362	350	362	22
6810	マクセル	2775	2775	2710	2730	160
6811	クオンツ	651	651	595	630	219
6812	ジャルコ	560	570	529	550	50
6813	ナカミチ	105	108	105	105	19
6814	古野電	420	420	412	412	23
6815	ユニデン	960	975	949	949	431
6816	アルパイン	1585	1605	1585	1600	47
6817	スミダコーポ	5300	5400	5270	5300	78.8
6818	島田理	1549	1579	1450	1579	354.7
6819	オメガ・プロ	2700	3040	2660	2940	544
6820	アイコム	2380	2380	2280	2300	24
6821	バーテクスＳ	1300	1300	1200	1220	4
6822	大井電気	451	470	435	470	12
6823	リオン	0	0	0	0	0
6824	新コスモス	410	410	410	410	5
6826	本多通信	6390	6400	5700	5900	54
6837	京写	3450	3550	3200	3200	95
6838	多摩川電	2550	2550	2550	2550	1
6839	船井電	80400	80400	77200	77700	15.5
6840	アドテック	1030	1050	1030	1050	15
6841	横河電	1020	1080	1001	1040	2008
6842	ユニパルス	1100	1240	1100	1240	77
6843	東光精機	0	0	0	0	0
6844	新電元	565	605	565	600	613
6845	山武	919	921	895	909	234
6846	中央製	0	0	0	0	0
6847	安藤電気	1776	1876	1750	1809	381
6848	東亜ＤＫＫ	237	248	237	248	7
6849	日本光電	354	362	354	354	66
6850	チノー	245	245	238	245	40
6851	大倉電気	240	240	230	230	17
6852	テクノセブン	280	280	230	240	108
6853	共和電	255	255	230	230	33
6855	電子材料	2580	2580	2430	2460	18
6856	堀場製	870	871	860	860	51
6857	アドバンテスト	20720	20720	19860	19920	536.7
6858	小野測器	230	234	230	230	8
6859	エスペック	800	805	785	785	40
6860	サンクス	800	800	788	788	4
6861	キーエンス	38600	38800	36500	38700	31.3
6862	ミナトエレ	334	335	290	290	20
6863	ニレコ	0	0	0	0	0
6864	ＮＦ回路	400	400	380	380	5
6866	ＨＩＯＫＩ	720	720	715	720	6
6867	リーダー電子	0	0	0	0	0
6868	東カソード	1110	1140	1100	1140	4.7
6869	シスメックス	3500	3500	3300	3400	85.7
6870	フェンオール	645	645	645	645	1
6871	日本マイクロ	2390	2400	2050	2180	48.3
6872	日本コーリン	13500	14200	13400	13900	70.5
6873	日立電子Ｅ	1000	1000	1000	1000	12
6874	協立電機	5500	5600	5400	5450	7.5
6875	メガチップス	8000	8000	8000	8000	213
6876	光波	8350	8400	7990	8200	140
6877	ＯＢＡＲＡ	0	0	0	0	0
6878	長野日無	696	700	690	700	29
6879	フォトロン	500	510	500	510	4
6880	シンワ	1320	1350	1310	1350	1.2
6881	キョウデン	3350	3530	3130	3500	90
6882	三社電機	740	750	740	750	15
6883	電産コ電	1440	1450	1400	1400	15
6884	デジタル	3070	3200	3060	3200	18
6885	ミヤチテクノ	1090	1090	1050	1050	3
6886	グラフィック	710	710	700	700	3
6887	日本ＬＳＩカード	800000	800000	620000	620000	0.05
6888	アクモス	1120000	1120000	1040000	1060000	0.064
6889	オーデリック	670	670	670	670	3
6890	フェローテク	1710	1810	1700	1760	49
6891	イーター電機	1490	1550	1430	1450	162
6892	シチズン電子	22600	23000	22000	22000	46.2
6893	タイテック	995	1010	995	1000	67
6894	パルステック	1720	1730	1720	1730	6
6895	ダイヤ電機	491	491	491	491	1
6896	北川工業	1351	1380	1350	1370	20
6897	ツインバード	300	340	300	340	12
6898	トミタ電機	350	350	350	350	3
6899	ＡＳＴＩ	750	798	750	798	6
6900	東京電波	6900	7500	6810	7500	192
6901	沢藤電	330	330	312	312	20
6902	デンソー	2050	2055	1991	2000	2520
6904	原田工業	460	460	460	460	1
6905	コーセル	3260	3560	3210	3380	194.8
6906	キヤ･コンポ	340	340	340	340	2
6907	ジオマテック	1690	1690	1690	1690	94.7
6908	イリソ電子	450	465	450	465	2
6909	北部通信工業	430	450	430	450	6
6910	日立メディコ	1109	1115	1090	1109	50
6911	新日無	1130	1150	1070	1150	72
6912	菊水電子	445	498	440	490	37
6913	メルコ	2590	2650	2590	2650	30.3
6914	オプテックス	1050	1100	1050	1070	16
6915	千代田インテ	1210	1280	1200	1200	26
6916	アイオデータ	3840	3990	3800	3910	188.2
6917	デンセラムダ	3200	3270	3170	3170	28.5
6918	アバール	1550	1580	1520	1550	61
6919	ケル	950	960	900	901	15
6920	レーザーテク	3380	3380	3190	3190	6
6921	東光電	319	340	319	337	28
6922	昭和情報	570	580	550	550	7
6923	スタンレー	858	858	801	829	2510
6924	岩崎電	218	219	210	210	72
6925	ウシオ電	2500	2600	2450	2480	1021
6926	岡谷電	285	290	283	285	45
6928	エノモト	1260	1260	1240	1240	147
6929	日セラ	1400	1410	1340	1380	86
6930	日本アンテナ	1480	1530	1420	1420	11
6931	日本電池	394	440	384	429	1692
6932	ユアサコーポ	0	0	0	0	0
6933	ＹＵＡＳＡ	235	249	234	242	730
6934	新神戸	704	770	700	733	669
6935	日デジタル	1851	1865	1845	1865	63.3
6936	東洋高砂乾	153	160	153	160	31
6937	古河池	359	360	345	350	53
6938	双信電機	800	800	725	745	86
6939	ＵＭＣＪ	1380000	1410000	1290000	1300000	0.596
6940	多摩電気	0	0	0	0	0
6941	山一電機	2870	3090	2870	3000	200
6942	ソフィア	330	359	315	359	21
6943	開閉器	0	0	0	0	0
6944	アイレックス	450	480	450	480	8
6945	ＦＴＥＣ	700	701	700	700	12
6946	日本アビオ	300	300	294	300	10
6947	図研	3050	3050	2800	2840	82.7
6948	住友電装	0	0	0	0	0
6949	キンセキ	1065	1065	1000	1020	188
6950	ＹＥデータ	645	700	642	680	48
6951	日電子	600	600	595	599	21
6952	カシオ	1140	1160	1120	1122	1312
6953	日ＮＣＲ	530	530	529	530	7
6954	ファナック	10800	10900	10610	10830	412.6
6955	ＦＤＫ	1089	1100	1055	1078	388
6956	神明電	1300	1320	1280	1320	17
6957	芝浦電子	300	300	300	300	8.1
6958	日本ＣＭＫ	1110	1138	1102	1111	69
6959	アマダメ	630	650	627	649	90
6960	フクダ電	1850	1850	1850	1850	4
6961	エンプラス	5650	5660	5510	5650	325.2
6962	大真空	484	485	451	451	29
6963	ローム	36250	36250	35650	36100	326.7
6964	サンコー	2500	2500	2355	2360	42
6965	ホトニクス	8200	8520	8000	8210	348.2
6966	三井ハイテク	1940	1970	1891	1950	119.5
6967	新光電工	6070	6070	5540	5670	299.4
6968	グラフテック	215	215	200	205	37
6969	松尾電	810	900	810	900	569
6970	日本コンラックス	590	590	576	576	31
6971	京セラ	19420	19480	18910	19000	1183.8
6972	エルナー	430	443	411	440	790
6973	協栄産	350	375	350	361	50
6974	日本インター	297	300	295	295	32
6975	ＮＥＯＭＡＸ	1055	1150	1055	1130	99
6976	太陽電	5990	6260	5880	5970	1302
6977	抵抗器	203	210	203	210	13
6979	松尾電機	3850	3850	3820	3820	10
6980	日立ＡＩＣ	1450	1455	1375	1399	223
6981	村田製	21500	21580	21020	21300	419
6982	リード	110	110	110	110	3
6984	朝日ナショナ	0	0	0	0	0
6985	ユーシン	568	580	568	579	24
6986	双葉電	4510	4510	4410	4450	46.6
6988	日東電	4340	4350	4280	4330	556
6989	北電工	225	240	223	233	109
6991	松電工	935	945	932	933	823
6992	国産電	211	211	208	208	7
6993	森電機	170	199	167	185	262
6994	指月電	251	255	251	255	17
6995	東海理	1081	1081	1050	1079	88
6996	ニチコン	3290	3340	3280	3320	406
6997	日ケミコン	485	508	483	500	3032
6998	タングス	301	301	295	296	17
6999	ＫＯＡ	2945	3050	2945	3050	314
7003	三井造	60	61	60	61	1258
7004	日立造	67	68	66	67	1769
7007	佐世保	73	74	67	71	144
7011	三菱重	291	293	283	288	16316
7012	川重	116	117	111	112	4010
7013	石川島	111	112	110	111	1458
7014	名村造	127	131	125	125	32
7018	内海造	101	101	101	101	1
7020	サノヤス	215	215	213	213	8
7021	ニッチツ	149	149	149	149	2
7052	信貴造船所	0	0	0	0	0
7102	日車両	186	192	184	184	236
7104	富士車輌	89	90	88	90	12
7105	ニチユ	162	164	162	162	12
7122	近畿車	133	138	133	133	34
7123	東急車輌製造	81	88	81	88	29
7124	輸送機工業	0	0	0	0	0
7142	ナブコ	179	189	179	187	164
7201	日産自	420	429	420	424	3846
7202	いすゞ	255	285	253	285	2439
7203	トヨタ	4400	4440	4310	4370	3844
7204	小松ゼノア	259	259	250	259	49
7205	日野自	266	270	263	267	234
7207	日野車体	80	80	80	80	1
7210	日産ディ	100	100	92	94	199
7211	三菱自	354	357	347	353	1520
7212	エフテック	475	475	472	475	3
7219	ＨＫＳ	780	780	750	760	15
7220	武蔵精密	1150	1150	1150	1150	2
7221	トヨ車	750	760	740	740	52
7222	産車体	125	125	116	120	50
7223	関東自	663	663	643	659	11
7224	新明和	155	160	150	152	363
7225	小松フォーク	144	149	144	144	61
7226	極東開発	514	514	489	500	37.6
7227	アスカ	0	0	0	0	0
7228	デイトナ	0	0	0	0	0
7229	ユタカ技研	0	0	0	0	0
7230	日信工業	1281	1310	1280	1310	6
7231	トピー	135	140	135	137	228
7232	トキコ	131	132	130	132	167
7233	自部品	0	0	0	0	0
7234	橋本フォーミング	70	70	63	64	12
7235	東ラヂ	135	135	135	135	10
7236	ティラド	246	250	238	238	49
7237	ボッシュブレーキ	185	185	185	185	21
7238	ブレーキ	197	197	180	180	72
7239	タチエス	400	405	400	400	26
7240	ＮＯＫ	375	375	365	365	65
7241	フタバ	926	949	910	910	232
7242	カヤバ	170	170	162	162	144
7243	シロキ	227	227	215	218	34
7244	市光工	202	203	185	195	123
7245	大同メ	300	300	300	300	5
7246	プレス工	70	71	68	68	35
7247	ミクニ	150	150	150	150	4
7248	カルソニック	223	225	219	219	121
7249	尾張精	0	0	0	0	0
7250	太平洋工	259	269	259	260	8
7251	ケーヒン	1080	1080	979	999	67
7252	富士機	249	249	249	249	1
7253	日本ガスケット	0	0	0	0	0
7254	フジユニ	170	170	170	170	5
7255	桜井製	850	850	850	850	1
7256	河西工	210	210	200	210	26
7257	自転車電機工	205	205	202	204	4
7258	栃木富士産業	185	186	185	186	14
7259	アイシン	1514	1520	1485	1487	118
7260	富士機工	161	161	160	161	8
7261	マツダ	315	320	299	301	2947
7262	ダイハツ	513	514	503	511	211
7263	愛知機	145	147	143	143	84
7264	ＭＵＲＯ	0	0	0	0	0
7265	エイケン工業	830	830	811	811	8
7266	今仙電機	358	359	358	358	12
7267	ホンダ	3560	3600	3500	3580	1648
7268	タツミ	0	0	0	0	0
7269	スズキ	1807	1809	1761	1805	535
7270	富士重	731	749	730	746	1000
7271	安永	0	0	0	0	0
7272	ヤマハ発	777	787	756	776	264
7273	イクヨ	187	187	184	184	7
7274	ショーワ	405	405	385	387	109
7275	ユニシア	102	107	102	104	77
7276	小糸製	547	547	532	532	213
7277	ＴＢＫ	95	95	95	95	8
7278	エクセディ	830	845	830	830	6.3
7279	ケーブル	1200	1200	1158	1158	14
7280	ミツバ	540	540	513	513	14
7281	カンセイ	228	228	217	218	28
7282	豊田合	7820	8290	7750	7900	1415
7283	愛三工	394	397	394	396	24
7284	盟和産	232	232	231	232	6
7285	池田物産	95	95	95	95	7
7286	イズミ工業	150	150	150	150	18
7287	日精機	1650	1687	1600	1650	140
7288	テクノエイト	0	0	0	0	0
7289	マーレ テネックス	270	280	270	280	15
7290	日発精密工業	191	191	171	171	3
7291	日本プラスト	0	0	0	0	0
7292	村上開明	545	545	545	545	3
7293	大井製作所	295	295	255	261	13
7294	ヨロズ	270	278	264	270	13.3
7295	アイエス製機	350	350	350	350	2
7296	ＦＣＣ	1200	1200	1200	1200	16
7297	カーメイト	890	910	890	910	0.6
7298	八千代工	520	530	520	525	12
7299	フジオーゼ	0	0	0	0	0
7301	宮田	173	173	173	173	1
7305	新家工	100	100	98	98	11
7306	丸石自転車	770	790	710	790	356
7308	ツノダ	0	0	0	0	0
7309	シマノ	2180	2200	2120	2170	49.7
7399	ナンシン	335	335	335	335	1
7404	昭和飛	305	325	305	325	13
7407	日本飛行機	202	212	202	211	21
7408	ジャムコ	492	510	492	510	11
7410	横浜鋼業	0	0	0	0	0
7411	成和産業	680	710	680	710	8
7412	アトム	1618	1619	1600	1619	6
7413	創健社	221	222	221	222	2
7414	小野建	861	861	850	860	15
7415	新星堂	300	300	300	300	1
7416	はるやま	605	608	605	608	5.5
7418	ヤマキ	0	0	0	0	0
7419	ノジマ	1380	1450	1370	1420	7.5
7420	佐鳥電機	950	960	950	960	7
7421	カッパクリエ	1630	1630	1620	1620	4
7422	東邦レマック	0	0	0	0	0
7423	フォンテーヌ	1015	1020	1010	1010	15.2
7424	ニコニコ堂	200	200	200	200	2
7425	初穂商事	280	290	280	290	3
7426	山大	180	180	175	175	3
7427	エコーＴＤ	0	0	0	0	0
7428	江戸沢	770	771	766	766	9.5
7429	セイジョー	1800	1800	1710	1750	3.9
7430	サンワドー	470	470	470	470	5.1
7431	ニューフ	0	0	0	0	0
7432	ダルトン	0	0	0	0	0
7433	伯東	4400	4460	4050	4150	288.6
7434	オータケ	1450	1450	1450	1450	2
7435	ナ・デックス	531	531	525	530	16
7437	シーアンドエス	4250	4290	4000	4000	79.5
7438	コンドー	482	482	482	482	0.5
7439	サンミック千代田	0	0	0	0	0
7440	クラフト	1100	1100	1060	1080	7
7442	中山福	323	324	322	324	20
7443	横浜魚類	360	360	360	360	1
7444	ハリマ共和	0	0	0	0	0
7445	ライトオン	11550	11800	11300	11690	35.8
7446	東北化学	480	480	480	480	1
7447	ナガイレーベ	2920	2950	2890	2890	6.1
7448	ジンズメイト	2680	2905	2675	2845	50.1
7449	太洋興業	0	0	0	0	0
7450	サンデー	0	0	0	0	0
7451	菱食	5300	5300	5200	5300	11.1
7452	マツヤ	1120	1120	1120	1120	1
7453	良品計画	17800	17810	17200	17200	87.4
7454	ホットスパー	249	249	249	249	1
7455	三城	8500	8890	8300	8880	40.4
7456	松田産業	2670	2740	2585	2585	10.5
7457	セキテクノ	635	635	635	635	29
7458	第一興商	3670	4060	3650	4060	202
7459	メディセオＨＤ	779	779	760	775	34.8
7460	ヤギ	0	0	0	0	0
7461	キムラ	0	0	0	0	0
7462	ダイヤ通商	0	0	0	0	0
7463	アドヴァン	4400	4500	4360	4460	49.4
7464	セフテック	0	0	0	0	0
7465	ＭＶ北海道	0	0	0	0	0
7466	ＳＰＫ	1200	1230	1200	1200	1.8
7467	萩原電気	860	860	860	860	1
7468	アムスク	1270	1270	1260	1260	11
7470	サロモンメイド	620	620	620	620	45
7471	ふじ	665	670	665	670	10
7472	鳥羽洋行	0	0	0	0	0
7473	静岡スバル	0	0	0	0	0
7474	パオ	575	575	560	560	5
7475	アルビス	406	410	406	410	6
7476	アズワン	1820	1820	1780	1780	10.5
7477	ムラキ	175	175	175	175	5
7478	ブルーグラス	601	601	600	600	6
7479	サンマルク	3050	3300	3050	3300	9.1
7480	スズデン	550	570	550	550	7
7481	尾家産	680	680	675	675	19
7482	シモジマ	1320	1320	1310	1320	11
7483	ドウシシャ	2020	2090	1990	2050	45
7485	岡谷鋼機	958	970	958	970	14
7486	サンリン	0	0	0	0	0
7487	小津産業	867	867	853	860	3.8
7488	ヤガミ	552	552	552	552	1
7490	日新商	350	350	350	350	1
7491	ＯＡシステム	1450	1550	1320	1350	64
7492	タイカン	550	550	500	500	22
7494	コナカ	769	769	741	749	61
7495	レオ	0	0	0	0	0
7496	八千代ムセン	1300	1306	1290	1290	6
7497	マインマート	616	620	610	620	51.5
7498	ジャパン	1950	1960	1900	1960	19
7500	西川計測	0	0	0	0	0
7501	ティムコ	1250	1250	1170	1170	2.9
7502	プラザクリエ	10300	10900	10300	10500	8
7503	ＩＭＩ	0	0	0	0	0
7504	高速	780	780	780	780	3
7505	扶桑電通	1100	1122	1100	1110	22
7506	ハウスローゼ	900	900	893	893	5.8
7507	浜 勝	950	950	950	950	3
7508	オートセブ	801	805	801	805	2
7509	アイエー	800	810	780	780	14
7510	竹菱電機	0	0	0	0	0
7511	ジプロ	600	600	500	500	4
7512	ポスフール	1170	1180	1151	1169	9.3
7513	コジマ	3220	3270	3150	3170	93.2
7514	ヒマラヤ	770	790	770	780	9.5
7515	マルヨシ	0	0	0	0	0
7516	コーナン	1365	1365	1301	1305	10.6
7517	黒田電気	4250	4350	4170	4200	82.4
7518	ネットワン	4230000	4230000	3880000	4000000	1.481
7519	五洋インテ	0	0	0	0	0
7520	エコス	1300	1300	1200	1210	15.1
7521	ムサシ	1200	1200	1160	1200	5
7522	ワタミ	8850	9210	8800	9080	71.5
7523	アールビバン	6000	6010	5810	5810	18
7524	マルシェ	1420	1420	1340	1340	4
7527	システムソフ	1130	1130	900	920	50
7528	安藤薬業公司	520	525	520	525	3
7529	はるやま	0	0	0	0	0
7530	ナブコドア	605	605	605	605	1
7531	清和鋼業	504	504	504	504	1
7532	ドンキホーテ	16600	17200	16590	17000	50.1
7535	グッドマン	4150	4150	4010	4050	25.6
7536	船橋薬品	1020	1020	950	950	1.8
7537	丸文	1630	1680	1570	1600	206
7538	大水	465	465	460	465	5
7539	アベルコ	510	510	510	510	4
7540	エルエスフェンス	0	0	0	0	0
7541	メガネトップ	3000	3030	3000	3000	10
7542	ビスケーＨＤ	1010	1010	965	965	22
7543	ミスタージョン	0	0	0	0	0
7544	スリーエフ	1880	1880	1880	1880	1
7545	西松屋チェ	1750	1750	1680	1680	13
7547	オートハローズ	0	0	0	0	0
7548	サンクスＪＰ	1500	1500	1450	1450	20
7549	エス・エス・ブイ	0	0	0	0	0
7550	ゼンショー	1940	1950	1910	1920	23
7551	ウェッズ	0	0	0	0	0
7552	ハピネット	7200	7250	6390	6490	142.7
7553	サザビー	6490	7000	6450	6810	37
7554	幸楽苑	1260	1260	1260	1260	2
7555	大田花き	490	500	490	500	3
7556	住商エレク	2400	2400	2290	2350	30
7557	サンクス	5900	5900	5550	5710	42
7558	トーメンエレ	6800	6800	6600	6660	54
7559	ジーエフシー	790	790	780	780	2
7560	ユニマット	2700	2710	2590	2590	17.6
7561	ハークスレイ	3100	3100	3070	3100	4
7562	安楽亭	1500	1500	1480	1480	8
7563	ニッパン	230	230	230	230	8
7564	ワークマン	0	0	0	0	0
7565	万世電機	649	649	647	647	11
7566	ジャパンケア	2450	2550	2450	2480	26
7567	栄電子	596	596	560	570	13
7569	モンテカルロ	0	0	0	0	0
7570	橋本総業	0	0	0	0	0
7571	ヤマノＨＣ	950	985	943	950	27
7573	ツルハ	15900	16200	15500	15500	6.5
7574	共信テクノ	2410	2410	2350	2350	7
7575	日本ライフＬ	1710	1720	1580	1620	57.9
7576	ベターライフ	0	0	0	0	0
7577	パスポート	0	0	0	0	0
7578	ニチリョク	780	780	780	780	2
7579	オリジン東	2300	2520	2230	2400	227
7580	フーズネット	0	0	0	0	0
7581	サイゼリヤ	7180	7200	6800	6800	39.8
7582	富デバイス	3230	3290	3100	3100	46
7583	通商	0	0	0	0	0
7584	丸紅インフォ	550	560	550	550	4
7585	かんなん	1160	1160	1140	1140	3
7586	寺島薬局	2440	2440	2440	2440	3
7587	ＰＡＬＴＥＫ	2820	2850	2820	2850	7
7588	シートゥーネット	21000	21000	20000	20400	14.6
7589	デジキューブ	4400000	4450000	4300000	4310000	0.203
7590	タカショー	750	750	740	750	6
7591	エクセル	1710	1800	1700	1700	39
7592	アイ・ユー・ケイ	1380	1380	1250	1250	4
7593	ＶＴＨＤ	1650	1680	1650	1680	17
7594	マルカキカイ	0	0	0	0	0
7595	アルゴグラフ	3970	3970	3800	3870	4.6
7596	魚力	6400	6400	6200	6260	15
7597	東京貴宝	570	570	570	570	2
7598	ナイスクラ	500	600	500	600	69
7599	ガリバー	6390	6390	6000	6200	8
7600	日本ＭＤＭ	4050	4240	4000	4090	85.5
7601	ポプラ	1940	1940	1800	1800	16
7602	ジャック	26010	26010	24400	25300	12.3
7603	マックハウス	670	680	665	670	12
7604	梅の花	2210000	2210000	2200000	2210000	0.003
7605	フジコーポ	560	600	510	525	104
7606	Ｕアローズ	7710	7800	7710	7800	2
7607	進和	0	0	0	0	0
7608	ＳＫジャパン	680	680	680	680	4
7609	ダイトエレク	2950	3000	2910	2950	26
7610	テイツー	2400000	2400000	2310000	2310000	0.008
7611	ハイデ日高	880	890	880	880	8
7612	コモンウェル	2900	2900	2900	2900	2
7613	シークス	2000	2000	1910	1910	6
7614	オーエムツー	7300	7300	7000	7150	5.5
7615	京都友禅	830000	850000	820000	820000	0.039
7616	コロワイド	2900	2900	2870	2900	9
7617	オオゼキ	0	0	0	0	0
7618	ＰＣＤＥＰＯ	5500000	5500000	5040000	5040000	0.009
7619	田中商事	410	410	410	410	1
7620	ヤマト硝子	505	505	495	500	10
7621	うかい	1290	1300	1240	1240	9
7622	焼肉サカイ	3030	3100	3000	3100	12
7623	サンオータス	700	730	700	730	9
7624	内藤	750	750	750	750	3
7625	ダイニング	6690	7030	6690	7000	30
7626	ドッドウエル	5910	6080	5800	6070	66
7627	なか卯	1490	1490	1400	1400	6
7628	オーハシテク	682	682	670	670	10
7629	ムラチク	1130	1130	1120	1120	9
7630	壱番屋	1660	1700	1640	1660	82
7631	マクニカ	24000	24900	23900	24400	229
7632	住商メタレックス	540	540	501	501	28
7633	明響社	3300	3320	2850	3050	98
7634	星医療	1950	1950	1820	1820	30
7635	杉田エース	600	600	600	600	4
7636	ハンズマン	1000	1000	1000	1000	516
7701	島津	459	517	450	517	5093
7702	ＪＭＳ	414	422	402	402	19
7703	川澄化	1190	1190	1150	1155	43
7704	アロカ	1491	1550	1480	1518	92
7705	ジーエル	2100	2100	2100	2100	1
7706	セントラユニ	640	675	640	675	11
7711	助川電気	245	245	245	245	1
7713	シグマ光機	561	561	550	550	3
7714	モリテックス	8000	8800	8000	8550	99
7715	長野計器	1820	1830	1820	1830	3
7718	スター精	1850	1870	1820	1840	41
7719	東衡機	120	120	120	120	4
7720	ソキア	140	140	135	139	36
7721	トキメック	133	133	125	125	93
7723	愛時計	261	264	261	261	10
7724	金門	136	136	120	122	47
7726	黒田精	341	348	340	348	16
7727	オーバル	161	161	160	160	3
7728	電産トーソク	1269	1270	1250	1250	11
7729	東京精	14390	14410	14050	14050	66.8
7731	ニコン	3880	3920	3760	3860	528
7732	トプコン	450	470	441	450	57
7733	オリンパス	1505	1580	1499	1530	616
7734	理計器	361	367	360	360	23
7735	スクリン	661	669	647	656	818
7736	ユニオンＨＤ	138	150	136	145	46
7737	キャビン工業	192	192	182	182	3
7738	チノン	310	311	305	311	16
7739	キヤノン電	962	967	951	951	13
7740	タムロン	824	824	790	800	18
7741	ＨＯＹＡ	9000	9100	8640	8700	202
7742	ノリタ光	640	660	640	650	121
7743	シード	539	539	539	539	5
7744	ノーリツ鋼機	3620	3650	3600	3630	33.7
7750	ペンタックス	255	265	254	260	231
7751	キヤノン	4570	4710	4400	4520	1656
7752	リコー	2000	2020	1985	2015	5387
7753	ミノルタ	448	448	426	430	510
7756	電産コパル	2305	2305	2260	2260	81
7757	三協精	1370	1460	1356	1429	2123
7758	セコニック	426	430	426	428	22
7762	シチズン	810	860	801	831	1949
7764	オリエント時計	156	156	156	156	4
7765	リコーエレメ	860	870	860	860	18
7768	ジェコー	371	373	371	373	2
7769	リズム	270	271	258	259	125
7770	ミヨタ	2490	2540	2490	2540	6
7771	日本精密	0	0	0	0	0
7857	セキ	1800	1800	1800	1800	472
7858	小野産業	2220	2290	2000	2180	84
7859	アルメディオ	1750	1800	1750	1800	27
7860	エイベックス	26210	26210	24500	24850	44.9
7861	東京リスマ	975	976	970	970	6
7862	トッパンフォ	2110	2150	2025	2050	93
7864	フジシール	6500	6560	6400	6500	16.8
7865	ピープル	1400	1400	1400	1400	6
7866	アトラス	3950	4100	3450	3450	170.9
7867	トミー	7800	7900	7480	7600	75.1
7868	広済堂	1178	1200	1140	1140	13.3
7869	日本フォーム	0	0	0	0	0
7870	福島印刷	0	0	0	0	0
7871	フクビ	500	502	500	502	3
7872	エステール	585	585	585	585	1
7873	アーク	3890	4330	3880	4300	73
7874	スルガ	7390	7390	7210	7210	5
7875	竹田印刷	0	0	0	0	0
7876	三陽PAX	0	0	0	0	0
7877	永大化工	860	870	855	870	7
7878	光彩工芸	250	250	250	250	1
7879	ノダ	465	470	465	470	3.1
7880	南部化成	385	400	385	400	7
7881	ニッソー	110	110	95	95	15
7882	アロン化成	410	430	405	420	108
7883	サンメッセ	0	0	0	0	0
7884	本間ゴルフ	335	335	320	325	28.8
7885	タカノ	1070	1080	1020	1020	8
7886	ヤマト・イン	270	270	270	270	4
7887	南プラ	0	0	0	0	0
7888	三光合成	368	370	368	368	8
7889	桑山	565	570	520	530	25.8
7890	アテナ工業	995	995	980	980	12
7891	日本ユピカ	310	310	310	310	1
7892	宇部日東化成	365	369	363	369	28
7893	亜細亜	1600	1650	1590	1650	20
7895	中央化学	1350	1350	1250	1250	14
7896	セブン工業	385	385	385	385	2
7897	ホクシン	151	160	150	158	6.8
7898	ウッドワン	470	470	456	468	68
7899	オザキ軽化	455	465	450	460	9
7900	大出産業	650	650	650	650	1
7901	マツモト	0	0	0	0	0
7902	ソノコム	905	905	902	902	2
7903	名木材	0	0	0	0	0
7904	天竜木	50	52	50	50	15
7905	大建工	278	303	278	295	125
7906	ヨネックス	371	371	371	371	4
7907	日防腐	0	0	0	0	0
7908	きもと	0	0	0	0	0
7909	シーアイ化	397	415	397	414	8
7910	段谷産業	119	120	115	117	45
7911	凸版	1103	1140	1100	1135	712
7912	大日印	1705	1705	1651	1678	1496
7913	図書印	224	225	221	221	27
7914	共同印	382	390	378	381	58
7915	日写印	604	604	585	590	9
7916	光村印	250	270	250	270	22
7917	藤森工業	710	730	707	730	20
7918	ヴィアＨＤ	410	410	410	410	2
7919	野崎紙	295	295	292	292	4
7920	三浦印	329	330	329	330	10
7921	宝印刷	2065	2300	2065	2290	126
7922	三光産業	0	0	0	0	0
7923	トーイン	309	309	309	309	7
7925	前沢化成	1300	1300	1270	1280	19.1
7926	ベルテクノ	296	296	296	296	2
7927	ムトー精工	2250	2300	2150	2150	32
7928	旭化学	0	0	0	0	0
7929	新輝合成	370	370	370	370	1
7931	未来工業	1270	1270	1270	1270	11
7932	ニッピ	0	0	0	0	0
7933	ファイリング	0	0	0	0	0
7934	メルクス	71	72	71	72	2
7935	コンビ	1310	1310	1230	1230	20
7936	アシックス	109	110	108	110	95
7937	ツツミ	3000	3000	2980	2995	33
7938	リーガル	210	210	200	205	14
7939	研創	0	0	0	0	0
7940	ウェーブＨＤ	253	253	253	253	3
7942	ＪＳＰ	919	919	850	850	6
7943	ニチハ	800	820	795	800	40.3
7944	ローランド	2150	2150	2050	2055	42.7
7945	コマニー	460	460	460	460	4
7946	光陽社	0	0	0	0	0
7947	エフピコ	4550	4610	4550	4580	38.4
7948	ＡＷ・エモト	0	0	0	0	0
7949	小松ウオール	1000	1000	960	980	19.5
7950	日デコラ	0	0	0	0	0
7951	ヤマハ	750	763	746	755	400
7952	河合楽	160	165	156	160	49
7953	菊水化	0	0	0	0	0
7954	ジャレコ	560	635	560	635	264
7955	クリナップ	496	500	480	480	61
7956	ピジョン	1350	1376	1340	1375	24.1
7957	フジコピアン	195	195	195	195	2
7958	天馬	1121	1130	1120	1128	33
7959	オリバー	1000	1000	1000	1000	6
7960	パラマウント	11000	11390	10950	10990	53.2
7961	兼松日産農	160	166	160	166	6
7962	キングジム	710	720	710	720	2
7963	興研	510	510	510	510	1
7964	セガ	3100	3200	3100	3100	6540.9
7965	象印	538	538	537	537	8
7966	リンテック	950	963	943	944	47
7967	バンダイ	4460	4580	4350	4450	1346
7968	田崎真珠	416	420	410	410	37
7969	タカラ	390	392	380	384	70
7970	信越ポリ	630	648	624	629	217
7971	東リ	194	198	190	191	37
7972	イトーキ	430	434	426	434	91
7973	ホウトク	118	118	118	118	5
7974	任天堂	24620	24900	23520	23990	402.5
7975	リヒトラブ	230	230	229	229	5
7976	菱鉛筆	750	750	750	750	3
7977	フランスベッド	510	530	510	528	61
7979	松風	852	871	852	871	16
7980	重松製	250	250	250	250	2
7981	タカラスタ	405	411	404	404	125
7983	ミロク	165	185	165	185	5
7984	コクヨ	1206	1216	1191	1199	269
7985	ネポン	329	329	329	329	1
7986	キング工	180	185	175	176	29
7987	ナカバヤシ	310	310	300	300	69
7988	ニフコ	1120	1120	1089	1092	215
7989	ブラインド	900	918	900	900	4.1
7990	ダイワ精	155	160	155	160	120
7991	マミヤＯＰ	519	519	480	500	510
7992	セーラー	1891	1900	1875	1889	236
7993	サンウエブ	181	185	175	182	58
7994	岡村製	295	301	290	292	87
7995	バルカー	161	164	155	160	59
7996	パイロット	390	395	390	394	10
7997	くろ工	0	0	0	0	0
7998	高島屋工作	0	0	0	0	0
7999	武藤工	486	500	479	479	100
8000	カイゲン	550	550	550	550	1
8001	伊藤忠	607	623	602	608	20379
8002	丸紅	462	467	456	458	11282
8003	トーメン	64	65	61	61	1971
8004	ニチメン	102	104	101	101	571
8005	ムトウ	680	680	600	600	43
8006	ユアサフナ	175	181	170	170	50
8007	高島	115	115	111	112	23
8008	アスティ	775	780	775	780	14
8010	新興産業	110	115	110	115	17
8011	三陽商	293	293	284	286	54
8012	長瀬産	390	406	390	390	603
8013	ナイガイ	90	90	85	90	80
8014	蝶理	105	110	103	104	72
8015	豊田通商	321	330	321	325	126
8016	オンワード	1005	1025	980	992	628
8017	阪急共栄物産	0	0	0	0	0
8018	三共興	279	279	267	267	18
8019	市田	67	68	65	68	106
8020	兼松	67	67	63	64	228
8021	レナウン	169	169	151	152	958
8022	ミズノ	260	264	255	258	179
8023	大興電子	700	704	685	685	15
8024	シルバーＯＸ	473	496	473	495	33
8025	ツカモトＣ	159	159	155	155	5
8027	ルシアン	76	80	76	80	28
8028	ファミリーＭ	4890	4950	4790	4950	167.3
8029	ルック	200	200	175	175	184
8030	中央魚	0	0	0	0	0
8031	三井物	695	695	673	684	3305
8032	紙パ商	335	336	321	331	13
8033	ジーネット	76	76	66	70	47
8035	東エレク	17550	17550	17000	17500	481
8036	日立ハイテク	1360	1380	1360	1360	37
8037	カメイ	500	501	496	497	52
8038	東都水	446	446	409	430	109
8039	築地魚	173	173	170	170	6
8040	東ソワール	190	190	189	189	28
8041	魚市場	350	350	350	350	1
8042	マタイ	214	214	214	214	1
8043	スターゼン	200	200	190	196	106
8044	大都魚	143	144	143	144	4
8045	浜丸魚	489	489	489	489	3
8046	丸藤パ	159	161	159	161	6
8047	デジ・ネット	4190	4300	4000	4300	13
8048	シャディ	2450	2530	2430	2510	28.5
8049	ＥＩＥ	520	525	515	525	12
8050	セイコー	526	530	515	518	61
8051	山善	125	132	125	125	86
8052	椿本興	153	156	153	153	30
8053	住友商	1240	1290	1237	1285	4902
8056	ユニシス	3100	3190	3060	3140	338
8057	内田洋	491	500	490	499	145
8058	三菱商	816	841	812	841	2735
8059	第一実	160	160	156	157	8
8060	キヤノン販	1451	1461	1380	1434	149
8061	西華産	160	164	160	163	140
8063	日商岩井	75	82	75	80	3096
8064	金商	77	77	76	76	23
8065	佐藤商	0	0	0	0	0
8066	三谷商	0	0	0	0	0
8067	トミヤアパ	400	400	380	385	29
8068	菱洋エレク	1441	1452	1356	1400	123
8069	加  商	390	391	390	391	13
8070	東京産	311	317	303	303	36.5
8071	東海物産	395	395	395	395	1
8072	出版貿	0	0	0	0	0
8073	Ｔ・ＺＯＮＥ	750	750	750	750	29
8074	ユアサ商	123	128	121	125	163
8075	神鋼商	144	146	139	143	51
8076	カノークス	0	0	0	0	0
8077	小林産	0	0	0	0	0
8078	阪和興	97	98	95	97	189
8079	正栄食	450	450	449	449	3
8080	ジョイス	1290	1290	1290	1290	4
8081	カナデン	499	501	498	501	27
8083	サンテレ	330	335	322	331	31
8084	菱電商	373	373	363	363	47
8085	ナラサキ産業	180	180	170	170	11
8086	ニプロ	881	900	881	890	16
8087	フルサト	0	0	0	0	0
8088	岩谷産	182	185	182	185	319
8089	ナイス	160	160	155	156	134
8090	昭光通商	131	131	123	131	100
8091	ニチモウ	153	159	145	154	33
8092	富士通シス	4440	4500	4280	4400	85.8
8093	極東貿易	1130	1131	1050	1051	377
8095	イワキ	250	250	240	240	5
8096	兼松エレク	475	485	475	480	12
8097	三愛石	283	287	282	286	20
8098	稲畑産	512	580	506	569	648
8100	藤井	80	80	80	80	7
8101	ＧＳＩクレ	97	98	95	95	103
8103	明和産	99	100	96	99	47
8105	丸正	209	210	188	189	182
8107	キムラタン	70	71	70	71	15
8109	山洋工	100	100	100	100	1
8110	川鉄商事	112	114	111	112	24
8111	ゴルドウイン	125	125	120	125	20
8112	東スタイル	900	900	863	866	227
8113	ユニチャーム	6980	7490	6970	7490	207.5
8114	デサント	186	192	186	192	36
8115	ムーンバット	116	125	116	125	11
8116	ダーバン	335	356	335	355	610
8117	中央自	282	283	282	282	22
8118	キング	145	150	145	150	862
8119	三栄コ	799	800	770	771	32
8120	大木	340	340	320	320	3
8123	川辺	125	125	110	110	10
8125	ワキタ	305	305	292	301	58
8126	三光純薬	390	411	355	380	144
8127	ヤマトインタ	125	125	124	124	22
8128	エフワン	70	70	70	70	15
8129	東邦薬	388	388	372	375	12
8130	サンゲツ	1560	1635	1560	1570	18
8131	ミツウロコ	540	540	515	515	15
8132	シナネン	396	396	365	388	85
8133	伊藤忠エネ	311	312	302	302	85
8134	ＴＯＫＡＩ	863	864	860	863	167
8135	ゼット	145	145	145	145	2
8136	サンリオ	4440	4650	4250	4600	207
8137	サンワテク	750	750	750	750	1
8138	三京化	287	320	287	320	53
8139	ナガホリ	221	225	217	225	10
8140	リョーサン	1825	1826	1799	1808	258
8141	新光商	876	896	873	886	32
8142	トーホー	787	787	780	780	5
8143	ラピーヌ	75	80	75	79	28
8144	電響社	380	380	375	375	12
8145	中部水産	380	405	345	405	7
8146	小杉産	145	150	142	144	9
8147	トミタ	167	167	166	166	3
8148	上原成	278	279	278	279	12
8150	三信電	695	710	670	674	99
8151	東陽テク	2925	2940	2755	2795	62
8152	ソマール	240	240	233	233	6
8153	モスフード	1082	1082	1030	1067	47
8154	加賀電子	1340	1370	1340	1350	21
8155	三益半導	2225	2225	2105	2160	177.7
8156	ガステック	529	529	529	529	11
8157	都築電	625	626	603	605	23
8158	ソーダニッカ	179	179	171	171	2
8159	立花エレ	600	601	600	601	5
8160	木曽路	1061	1080	1061	1080	4
8161	エイデン	1010	1020	980	984	108
8163	サトＲＳ	680	680	676	680	10
8164	キャビン	115	123	111	123	73
8165	千趣会	1450	1450	1400	1400	7
8166	タカキュー	327	338	311	331	456
8167	丸久	180	181	180	181	10
8168	ケーヨー	350	360	350	360	40.1
8169	宝船	251	260	251	260	7
8170	アデランス	3000	3010	2960	2960	153
8171	ＭＶ中部	900	900	900	900	3
8172	第一家庭電器	63	63	61	61	152
8173	上新電	270	270	270	270	1
8174	日ガス	544	545	544	544	5
8175	ベスト電	751	758	751	755	36
8176	西洋フードシス	388	389	385	388	15
8178	マルエツ	302	302	291	296	22
8179	ロイヤルＨＤ	890	900	871	872	109
8180	すかいらく	2695	2710	2650	2660	99
8181	東天紅	1070	1150	1050	1100	76
8182	いなげや	799	799	799	799	1
8183	セブン−イレブン	11860	12000	11460	11800	1030
8184	島忠	1100	1150	1100	1100	46.2
8185	チヨダ	516	540	516	520	21.9
8186	大塚家具	29200	29200	28300	29200	22.3
8188	ヨークベニ	1951	1960	1910	1920	134.6
8189	マツヤデンキ	285	285	275	275	57
8190	ヤマナカ	0	0	0	0	0
8191	光製作	550	550	511	511	6
8192	中川無線	89	90	85	87	17
8193	鈴丹	145	145	134	134	48
8194	ライフコーポ	580	580	579	580	4
8195	デニーズジャパン	1950	1950	1831	1831	31
8196	カスミ	455	456	452	456	55
8197	東急ストア	282	282	280	280	19
8199	デオデオ	960	960	919	920	71.8
8200	リンガハット	1050	1050	1030	1030	7.5
8201	さが美	227	227	217	217	9
8202	ラオックス	549	550	540	540	51
8203	ＭｒＭａｘ	339	339	320	329	12.2
8204	ジョナサン	1230	1250	1230	1250	7
8205	シャクリー	0	0	0	0	0
8206	アポロイン	0	0	0	0	0
8207	テンアライド	415	415	402	402	9
8208	エンチョー	0	0	0	0	0
8209	フレンドリ	475	475	470	470	2
8210	フットワーク	199	199	199	199	3
8211	相鉄ローゼ	531	535	531	535	3
8212	オーク	182	182	181	181	6
8213	トステムビバ	335	335	321	321	7
8214	アオキインタ	345	360	345	350	28.9
8215	銀座山形屋	0	0	0	0	0
8216	フォルクス	511	511	510	510	3
8217	オークワ	940	940	930	930	14
8218	コメリ	3200	3200	3150	3180	37.4
8219	青山商	1540	1561	1505	1525	136.4
8225	タカチホ	0	0	0	0	0
8226	理経	739	745	690	710	77
8227	しまむら	13300	13470	12600	12990	63.8
8228	マルイチ	0	0	0	0	0
8229	ＣＦＳコーポ	816	817	800	801	7
8230	はせがわ	229	230	225	230	210
8231	三越	338	342	335	336	807
8232	東急百貨店	82	88	81	84	311
8233	高島屋	749	750	729	730	170
8234	大丸	348	352	340	344	173
8235	松坂屋	250	252	250	250	129
8236	丸善	208	214	208	212	124
8237	松屋	362	362	353	358	20
8238	伊勢丹	800	810	789	799	629
8239	横浜松坂屋	82	82	82	82	6
8240	サッポロライオン	610	620	610	620	4
8241	阪神百貨店	458	459	458	459	4
8242	阪急百	435	448	435	441	122
8243	そごう	81	90	78	82	1185
8244	近鉄百貨店	138	138	138	138	1
8245	丸栄	200	200	193	193	8
8247	大和	225	250	225	250	8
8248	ニッセン	570	580	520	560	36.1
8249	東洋物	640	650	640	650	4
8250	小松ストアー	0	0	0	0	0
8251	パルコ	295	296	291	295	30
8252	丸井	1430	1447	1430	1436	1019
8253	クレセゾン	1871	1881	1820	1841	451.4
8254	さいか屋	490	490	490	490	1
8255	原信	920	950	920	950	42
8256	プロルート	200	202	197	197	12
8257	山陽百	0	0	0	0	0
8258	ＯＭＣカード	365	365	355	361	399
8259	十字屋	71	71	67	68	77
8260	井筒屋	200	204	196	199	269
8261	ｼ鉄百貨店	295	295	290	290	8
8262	長崎屋	5	6	4	5	2646
8263	ダイエー	385	386	360	360	1089
8264	イトーヨーカ堂	6700	6900	6650	6790	1639
8265	壽屋	144	147	140	145	72
8266	イズミヤ	660	690	660	680	12
8267	イオン	1535	1546	1490	1529	521
8268	西友	229	232	220	220	2345
8269	マイカル	400	405	397	405	453
8270	ユニー	820	833	819	833	152
8273	イズミ	558	560	556	556	84
8274	東武ストア	170	175	170	175	6
8275	フォーバル	4000	4000	3750	3900	33.6
8276	平和堂	676	676	656	676	27
8278	フジ	1960	1986	1960	1986	2
8279	ヤオコー	1480	1481	1390	1475	15.3
8280	富士冷機	465	466	449	449	62
8281	ゼビオ	1900	1920	1900	1902	50.4
8282	ギガスケーズ	2280	2300	2200	2220	54.7
8283	パルタック	451	451	440	440	25
8285	三谷産業	0	0	0	0	0
8286	藍  屋	1551	1560	1551	1560	4
8287	ＭＶ西日本	1150	1170	1150	1170	5
8289	オリンピック	2290	2390	2290	2300	9.2
8290	デンコードー	750	760	750	750	3
8291	東日カーライフ	180	181	176	176	10
8292	東いすず	202	202	202	202	1
8293	愛トヨ	899	899	899	899	1
8295	キャノンシステム	636	636	620	620	11
8298	ファミリー	290	290	285	285	3
8299	大栄太源	480	480	450	480	3
8301	日銀	81000	81000	81000	81000	0.3
8302	興業銀行	860	868	842	855	2263
8311	第一勧銀	875	875	848	870	1936
8314	さくら銀行	630	641	614	641	4889
8315	東京三菱銀	1351	1370	1332	1368	3347
8317	富士銀行	886	887	866	875	2776
8318	三井住友銀行	1319	1319	1295	1295	3337
8319	大和銀行	280	280	271	275	1586
8320	三和銀行	1010	1010	955	979	3835
8321	東海銀行	510	515	507	515	1463
8322	あさひ銀行	464	480	458	480	2722
8324	第四銀	415	416	411	415	100
8325	北越銀	280	280	275	280	45
8326	福岡銀	625	661	620	638	996
8327	西日本シティ銀	366	366	360	361	357
8331	千葉銀	469	480	465	480	873
8332	横浜銀	392	393	375	386	644
8333	常陽銀	385	387	380	380	588
8334	群馬銀	603	605	600	603	139
8335	足利銀行	200	203	199	201	253
8336	武蔵銀	4570	4570	4530	4570	2.3
8337	千葉興	1073	1100	1073	1091	18.9
8338	関東つくば銀	1450	1450	1430	1430	1.1
8339	都民銀	3460	3460	3370	3420	4
8341	七十七	805	824	799	799	135
8342	青森銀	417	422	415	422	64
8343	秋田銀	429	430	424	430	72
8344	山形銀	525	525	521	521	109
8345	岩手銀	3710	3710	3600	3630	10.4
8346	東邦銀	390	395	381	392	90
8349	東北銀	225	225	220	220	21
8350	みちのく銀	595	600	595	599	32
8353	北海道銀行	149	153	148	148	145
8355	静岡銀	873	882	865	879	535
8356	十六銀	453	453	447	450	134
8357	北陸銀行	232	237	231	237	381
8358	スルガ銀	1830	1840	1810	1830	294
8359	八十二	590	590	576	576	229
8360	山梨銀	400	409	398	399	52
8361	大垣共立	519	519	510	515	60
8362	福井銀	304	307	300	300	152
8363	北国銀	402	407	400	400	324
8364	清水銀	3950	3950	3900	3920	2.4
8365	富山銀	0	0	0	0	0
8366	滋賀銀	501	516	501	509	118
8367	南都銀	550	565	550	552	33
8368	百五銀	464	470	454	454	73
8369	京都銀	527	528	517	528	110
8370	紀陽銀	241	242	236	238	95
8371	近畿大阪銀	195	195	190	190	5
8372	泉州銀	366	366	365	365	3
8374	三重銀	498	505	498	505	66
8375	池田銀	5400	5400	5360	5400	1.8
8379	広島銀	398	399	397	399	94
8380	山口銀	750	762	750	761	157
8381	山陰合銀	563	569	557	565	104
8382	中国銀	830	830	820	825	45
8383	鳥取銀	345	390	345	390	264
8385	伊予銀	636	648	632	632	65
8386	百十四	612	612	602	604	45
8387	四国銀	598	600	590	599	60
8388	阿波銀	525	535	519	524	68
8390	鹿児銀	420	420	413	419	56
8391	親和銀行	321	322	320	322	23
8392	大分銀	497	500	497	500	48
8393	宮崎銀	337	340	330	340	24
8394	肥後銀	381	382	371	375	134
8395	佐賀銀	341	345	340	345	69
8396	十八銀	348	348	340	341	19
8397	沖縄銀	2620	2700	2590	2595	1.8
8399	琉球銀	1325	1336	1319	1336	19.6
8401	三井信託	173	173	170	172	2126
8402	三菱信託	755	760	746	760	1271
8403	住友信	628	629	615	616	2145
8404	みずほ信託銀	142	142	138	139	1041
8405	日本信託	155	158	152	155	111
8407	東洋信託	316	318	302	310	1380
8408	中央三井信	564	584	564	571	152
8489	アプレック	690	700	690	700	6
8493	インター	2350	2355	2300	2305	9.4
8507	学研クレジット	700	700	700	700	7
8508	イッコー	860	860	820	848	53
8511	日証金	645	670	644	667	316
8512	大証金	395	400	390	400	253
8513	中証金	0	0	0	0	0
8515	アイフル	21110	21110	21110	21110	28.3
8518	アジア投資	1120	1180	1080	1150	1835
8519	ポケットＣ	3460	3500	3380	3380	42
8520	殖産銀行	392	395	392	395	10
8521	長野銀	455	455	445	450	19
8522	名古屋銀	580	588	576	588	49
8523	近畿銀行	284	284	283	283	8
8524	北洋銀行	500	500	499	500	19
8527	愛知銀	7210	7210	6930	7100	1.7
8528	岐阜銀	223	223	203	223	20
8529	第三銀	447	448	446	446	19
8530	中京銀	404	409	404	409	13
8533	広島総合銀行	415	415	412	415	39
8536	東日銀	644	644	642	643	15
8537	大光銀	253	253	253	253	14
8539	福岡シティ銀	470	475	470	475	21
8541	愛媛銀	416	418	410	418	36
8542	トマト銀	430	485	430	485	32
8543	みなと銀	200	200	190	199	57
8544	京葉銀	305	310	298	305	768
8545	関西アーバン	155	160	150	150	56
8548	九州銀行	304	305	300	305	53
8549	せとうち銀行	397	397	397	397	31
8550	栃木銀	669	669	650	650	6
8551	北日銀	5000	5000	4900	4900	0.6
8552	びわこ銀	327	327	327	327	5
8556	香川銀	590	590	555	555	24
8558	東和銀	435	437	425	437	41
8561	徳島銀	778	790	778	790	18
8562	福島銀	327	327	327	327	5
8563	大東銀	335	335	333	335	12
8564	武富士	14500	14590	14310	14330	91.5
8565	三洋クレ	4500	4500	4150	4200	12.7
8566	リコーリース	2900	2980	2860	2860	46
8567	クレディア	2285	2380	2260	2280	14.1
8568	シンキ	2500	2645	2500	2645	58.1
8569	ユニココーポ	1130	1130	1130	1130	0.5
8570	イオンクレ	6250	6360	6150	6190	55.9
8571	ニッシン	5740	5790	5430	5590	12.3
8572	アコム	11710	12090	11700	12090	80.1
8573	三洋信販	3670	3710	3500	3500	58.4
8574	プロミス	8100	8200	8060	8140	200.1
8577	ロプロ	2180	2225	1990	2000	493.1
8579	東京リース	580	590	580	590	22
8580	ファーストクレジット	360	364	325	340	814
8582	日貿信	77	77	70	72	574
8583	日信販	250	253	241	241	589
8584	ジャックス	389	389	365	379	75
8585	オリコ	406	428	405	415	1043
8586	日立キャピ	1825	1841	1770	1770	82.7
8587	ライフ	306	330	292	330	155
8588	セントラル	297	309	297	309	150
8589	アプラス	139	142	136	136	136
8591	オリックス	18600	18690	17990	18690	240.6
8592	住商リース	1210	1235	1210	1211	38
8593	ダイヤリース	1610	1620	1590	1600	54
8595	ジャフコ	32600	34500	31700	32300	291
8597	ＳＦＣＧ	22910	22920	20710	20710	113.08
8599	ＵＦＪセント	550	550	550	550	3
8601	大和証Ｇ	1805	1828	1782	1806	5163
8603	日興コーデ	1450	1468	1412	1438	5705
8604	野村ＨＤ	3150	3280	3150	3250	9076
8606	新光	525	569	520	568	6860
8607	みずほイン証	235	262	235	262	2806
8608	和光証券	537	573	520	571	3548
8609	岡三ＨＤ	859	953	858	924	1564
8610	さくらフレンド	281	299	281	299	583
8611	コスモ証	310	328	309	323	624
8612	第一証券	176	190	175	190	1307
8613	丸三	770	813	770	797	386
8614	東洋	365	395	365	395	179
8615	三菱証	1725	1815	1719	1775	755
8616	東海東京	411	440	405	440	862
8617	光世	343	372	340	365	1460
8618	太平洋証	230	246	225	245	970
8620	東海丸万	680	749	680	743	270
8621	ＵＦＪつばさ証券	618	650	618	649	293
8622	水戸	356	365	351	365	81
8623	ＳＭＢＣ証	340	360	336	351	83
8624	いちよし証	820	850	820	850	150
8625	高木	375	401	375	401	105
8691	証券代	0	0	0	0	0
8692	だいこう	440	450	440	450	6
8742	小林洋行	1640	1640	1640	1640	3
8743	ひまわり証	250	250	250	250	5
8744	日本ユニコム	1050	1050	1020	1020	9
8745	グローバリー	1340	1340	1300	1300	12
8746	第一商品	321	321	320	320	5
8747	豊商事	500	500	500	500	1
8748	岡藤商事	475	475	468	468	3
8749	エース交易	360	360	345	350	20
8751	東京海上火災	1004	1032	1003	1032	2621
8752	三井住友海上	450	455	442	450	1532
8753	住友海上火災	470	476	463	470	1558
8754	日本興亜	255	257	246	251	683
8755	損害保険Ｊ	466	468	456	457	658
8756	日産火災海上	281	288	279	281	217
8757	日新火	263	264	255	264	82
8758	千代田火災	295	300	288	288	121
8759	ニッセイ同和	270	270	262	265	66
8760	日動火災海上	459	459	451	451	132
8761	あいおい損保	325	340	324	335	535
8762	興亜火災	250	255	250	251	196
8763	富士火	230	230	211	224	56
8764	太陽火災	0	0	0	0	0
8765	大成火災海上	212	214	211	212	11
8801	三井不	900	910	873	890	2426
8802	菱地所	971	980	960	974	2050
8803	平和不	226	230	225	225	166.5
8804	東建物	174	174	170	170	241
8805	中央地	132	135	115	129	57
8806	ダイビル	623	624	610	610	98
8809	サンケビル	354	354	330	332	8
8810	港振興	1010	1010	1010	1010	1
8815	東急不	96	97	95	96	387
8817	阪急不動産	385	385	347	357	85
8818	京阪神不	298	298	285	285	32
8821	立飛企	0	0	0	0	0
8826	エルカク	2	2	1	1	5587
8829	大和団地	197	205	196	205	80
8830	住友不	328	330	323	324	602
8832	小田急不	166	166	164	164	5
8833	東宝不	380	381	378	381	4
8834	藤和不	61	63	61	63	103
8835	太平発	104	105	103	105	53
8836	ヒューネット	650	726	646	726	5147
8838	有楽地	100	100	98	99	20
8839	ニチモ	75	81	73	74	163
8840	大京	205	215	204	212	438
8841	テーオーシー	645	645	619	619	97
8842	楽天地	330	330	325	328	9
8844	リクコスモス	520	600	515	596	37
8845	セザール	213	218	213	216	24
8846	積和不動産	490	499	475	475	4
8848	レオパレス	416	439	416	430	41
8850	スターツ	500	500	500	500	1
8851	アバンライフ	165	165	161	162	17
8852	積和不動関西	350	350	350	350	4
8853	ダイヤシティ	310	310	310	310	2
8854	日住	268	268	250	250	2
8855	全日空ビル	124	124	124	124	1
8857	三井不動販売	435	444	430	439	26
8858	ダイア建	220	220	215	220	20
8860	フジ住	418	420	410	420	41
8863	積和不動中部	0	0	0	0	0
8864	空港施設	510	510	509	509	14
8865	神鋼興産	280	280	260	260	7
8866	コマーシャル	352	360	346	360	10
8867	横浜地下街	0	0	0	0	0
8868	ＵＲＢＡＮ	9000	9600	8990	9400	107
8869	明和地所	2500	2545	2470	2515	50
8870	住不販売	2685	2700	2670	2670	14.9
8871	ゴールドクレ	10200	10200	9890	10000	39
8872	エイブル	6500	6600	6500	6600	10
8873	積和不動中国	670	675	670	675	3
8874	ジョイント	3190	3190	3060	3060	30
8875	東栄住宅	2030	2050	2030	2050	6
8876	リロＨＤ	11000	11000	11000	11000	1
8877	エスリード	2900	2910	2900	2910	2
8878	日綜地所	1650	1680	1610	1610	9
8879	東急リバブル	590	590	562	565	37
8880	飯田産業	1880	2090	1880	1970	35
9001	東武	305	305	301	302	691
9002	西武鉄道	1482	1482	1430	1431	42
9003	相鉄	280	282	279	279	316
9004	箱根登山鉄道	293	293	280	288	21
9005	東急	299	320	298	304	2891
9006	京急	378	383	376	378	398
9007	小田急	320	323	318	320	311
9008	京王	359	373	359	367	336
9009	京成	246	252	245	252	321
9010	富士急	318	319	316	319	31
9012	秩父鉄	150	150	150	150	1
9013	伊豆箱根鉄道	12700	12700	12700	12700	0.1
9014	新京成	308	308	308	308	4
9017	新潟交	279	300	279	300	55
9019	伊豆急行	2750	2750	2750	2750	1.1
9020	ＪＲ東日本	501000	501000	485000	496000	5.242
9021	ＪＲ西日本	330000	336000	320000	334000	1.783
9022	ＪＲ東海	684000	700000	682000	682000	0.9
9031	西鉄	255	255	250	254	111
9033	広電鉄	1200	1300	1200	1300	15
9036	東部ネット	575	600	575	600	4
9037	ハマキョウ	1800	1800	1750	1750	10
9038	東海西濃	0	0	0	0	0
9039	サカイ引越	2750	2750	2500	2700	5.9
9040	大宝運輸	0	0	0	0	0
9041	近鉄	417	418	412	414	1012
9042	阪急ＨＤ	351	354	350	353	592
9043	阪神	300	300	296	298	409
9044	南海電	439	440	430	430	183
9045	京阪電	355	357	355	356	87
9046	神電鉄	426	432	426	432	13
9047	名糖運輸	1601	1601	1440	1600	7
9048	名鉄	299	300	298	298	224
9049	京福電	180	180	165	165	5
9050	三重交	340	340	340	340	2
9051	センコン物流	0	0	0	0	0
9052	山陽電	290	290	288	290	8
9053	中央運輸	0	0	0	0	0
9054	大和物流	540	540	540	540	8
9055	アルプス物流	500	500	500	500	12
9056	ヒューテック	1230	1250	1230	1250	4
9057	遠州トラック	0	0	0	0	0
9058	トランコム	1510	1580	1470	1480	251
9059	カンダ	290	291	290	290	9
9060	日ロジテム	0	0	0	0	0
9061	富士物流	170	170	166	170	15
9062	日通	734	738	731	737	2108
9063	岡県運送	159	159	159	159	21
9064	ヤマト運	2920	2920	2760	2840	1081
9065	山九	110	120	109	118	298
9066	日新	157	159	156	157	69
9067	丸運	250	251	250	251	10
9068	丸全運	189	192	187	190	32
9069	センコー	238	240	238	240	12
9070	トナミ	204	209	200	209	55
9072	日梱包	561	565	561	565	23
9073	京極運	0	0	0	0	0
9074	日石輸	169	170	165	167	8
9075	福山運	790	795	742	743	113
9076	西濃運	551	569	550	568	118
9077	名鉄運	0	0	0	0	0
9078	エスライン	0	0	0	0	0
9079	東急ロジ	0	0	0	0	0
9080	関東西濃	1700	1700	1700	1700	1
9081	神奈交	421	421	421	421	2
9082	大和自	0	0	0	0	0
9083	神姫バ	0	0	0	0	0
9086	日立物流	580	590	565	565	50
9087	タカセ	255	255	255	255	2
9088	濃飛西濃	0	0	0	0	0
9089	ロジパル	0	0	0	0	0
9101	郵船	363	363	345	345	1005
9104	商船三井	175	177	170	170	3529
9107	川崎汽	156	156	146	146	2398
9110	新和海	59	59	55	59	50
9113	乾汽船	73	73	72	72	22
9114	日之出汽船	48	48	43	43	32
9115	明治海	140	148	136	148	12
9119	飯野海	145	147	145	147	280
9123	太平海	48	50	48	48	41
9127	玉井船	47	47	47	47	2
9130	共栄タ	101	105	101	105	3
9132	第一汽	53	53	47	49	80
9133	東栄リーファ	0	0	0	0	0
9151	東京船舶	81	81	81	81	6
9152	関西汽	58	58	55	56	80
9171	栗林船	290	290	290	290	4
9173	東海汽	365	365	350	350	7
9174	ワンダーＴ	230	232	230	232	8
9176	佐渡汽	1000	1010	1000	1010	2
9178	日鉄物流	0	0	0	0	0
9179	川崎近海	201	210	201	210	9
9180	新和内航	0	0	0	0	0
9193	東京汽	325	325	325	325	10
9201	日本航空	278	282	263	270	2500
9202	ＡＮＡ	245	250	241	242	1886
9203	日本エアシス	3850	3850	3850	3850	1.3
9231	国際航	635	636	632	632	19
9232	パスコ	594	609	594	594	69
9233	アジア航	334	334	334	334	4
9301	三菱倉	720	725	716	717	290
9302	三井倉	232	239	229	236	225
9303	住友倉	277	278	273	275	183
9304	渋沢倉	251	260	249	260	61
9305	ヤマタネ	112	117	109	115	28
9306	東陽倉	0	0	0	0	0
9307	杉村倉	0	0	0	0	0
9308	イヌイ建	389	390	389	390	5
9309	京神倉庫	0	0	0	0	0
9310	トランシティ	187	209	187	209	30
9311	アサガミ	255	255	255	255	1
9312	ケイヒン	149	149	142	143	17
9313	丸八倉	151	151	151	151	1
9314	品川倉	0	0	0	0	0
9317	オーナミ	0	0	0	0	0
9318	Ｊブリッジ	290	300	290	290	32
9319	中央倉	0	0	0	0	0
9320	三和倉	170	170	170	170	3
9321	アイロジステ	152	152	152	152	8
9322	川西倉	590	590	590	590	3
9323	ロジステック	0	0	0	0	0
9324	安田倉	370	371	370	370	47
9351	洋埠頭	134	135	133	135	16
9353	桜島埠	0	0	0	0	0
9355	リンコー	150	150	150	150	8
9357	名港海	0	0	0	0	0
9358	宇徳運	118	118	118	118	2
9359	伊勢湾	235	239	234	234	14
9360	鈴与シンワ	138	138	135	135	18
9361	伏木運	0	0	0	0	0
9362	兵機海	105	105	105	105	3
9363	大運	64	65	60	62	17
9364	上組	438	468	430	452	381
9365	トレーディア	100	100	84	84	8
9366	サンリツ	777	783	770	775	20.4
9367	大東港運	133	133	133	133	1
9368	キムラユニテ	715	715	715	715	4
9369	キユソ流通	1621	1820	1621	1820	12
9370	郵船航空	3000	3070	2800	2800	9.4
9373	ニッコウトラ	2390	2400	2380	2380	5
9401	ＴＢＳ	5200	5600	5190	5260	648
9402	ＣＢＣ	999	1019	999	1000	5.1
9404	日テレ	155000	155000	150000	151000	25.5
9405	朝日放	11410	11810	11410	11800	3.8
9408	新潟放	0	0	0	0	0
9431	ＫＤＤ	10050	10390	10000	10200	567.2
9432	ＮＴＴ	1530000	1530000	1480000	1500000	12.953
9433	ＫＤＤＩ	1000000	1040000	998000	1030000	11.535
9434	ボーダフォン	5290000	5500000	5190000	5500000	1.561
9435	光通信	213000	215000	195000	198000	90.8
9436	沖縄セルラー	1100000	1100000	1010000	1040000	0.244
9437	ＮＴＴドコモ	4460000	4470000	4350000	4400000	11.963
9438	ＭＴＩ	7700000	7700000	6900000	6950000	0.24
9439	ビーアイジー	17000000	17200000	16200000	16500000	0.031
9449	ＧＭＯインター	86100	86100	85400	85500	6
9470	学研	287	300	285	295	337
9471	文渓堂	0	0	0	0	0
9472	エスコム	600	638	590	600	244
9473	アスキー	4210	4600	4000	4050	276
9474	ゼンリン	3500	3610	3500	3600	26.3
9475	昭文社	8400	8400	8050	8050	166.6
9476	中央経済	361	361	361	361	2
9477	角川ＨＤ	42500	42500	39300	39800	31.7
9478	翔泳社	19200000	19300000	18000000	18000000	0.013
9501	東電	2425	2445	2390	2425	1055
9502	中部電	1591	1600	1550	1564	464.7
9503	関西電	1602	1610	1570	1595	607.7
9504	中国電	1360	1368	1330	1342	155.5
9505	北陸電	1374	1375	1350	1352	63.4
9506	東北電	1340	1340	1305	1311	240.7
9507	四国電	1345	1350	1325	1325	78.9
9508	九州電	1307	1315	1295	1311	404.8
9509	北海電	1315	1318	1301	1301	102.9
9511	沖縄電	2000	2020	2000	2000	4.4
9531	東ガス	210	210	204	206	2998
9532	大ガス	205	206	202	203	4461
9533	邦ガス	162	164	158	161	656
9534	北ガス	166	167	166	167	8
9535	広ガス	310	315	310	315	36
9536	西部ガス	145	146	144	146	261
9537	北陸ガ	305	335	304	335	54
9539	葉ガス	273	273	273	273	26
9540	中ガス	225	225	225	225	4
9541	大多喜ガス	340	345	340	345	27
9542	新日ガス	415	415	415	415	10
9600	アイネット	1591	1610	1590	1590	40
9601	松竹	630	630	600	619	117
9602	東宝	21500	21500	20510	20520	41.8
9603	ＨＩＳ	8300	8500	8290	8450	69.9
9604	際放映	336	336	325	325	7
9605	東映	1000	1010	980	992	644
9607	葵プロ	2700	2700	2500	2500	31.5
9608	福山コンサル	0	0	0	0	0
9609	ベンチャーリ	11000	11700	10700	10800	96
9610	ウィルソン	8600	8600	8200	8200	10.9
9611	Ｄワンダー	1800	1810	1600	1600	17
9612	ラックランド	0	0	0	0	0
9613	ＮＴＴデータ	2000000	2010000	1950000	1970000	5.696
9614	ベルシス24	96200	96200	91500	91500	17.9
9615	東京美装	980	980	980	980	5
9616	共立メンテ	3300	3400	3300	3360	3.1
9618	エームサービス	1271	1290	1271	1285	11
9619	イチネン	921	921	920	920	1.5
9620	スクウェア	20300	20700	18700	20000	162.8
9621	建設技研	686	689	680	680	10.6
9622	スペース	460	460	452	456	9.9
9623	キヤノンソフ	800	800	800	800	5
9624	長大	648	648	620	620	7.5
9625	セレスポ	0	0	0	0	0
9626	日本技開	250	250	230	230	3
9627	アインファマ	2000	2100	2000	2100	29
9628	燦ＨＤ	3450	3800	3450	3800	71
9629	ＰＣＡ	5820	5830	5300	5310	30
9630	アップ	475	482	460	470	6
9631	東急レク	570	580	570	580	5
9632	スバル	322	323	322	323	6
9633	テアトル	180	185	179	181	18
9634	修学社	399	410	399	410	21
9635	武蔵野	572	572	572	572	1
9636	きんえい	320	320	320	320	2
9637	オーエス	801	801	800	800	6
9638	情報技術	1400	1410	1380	1400	23
9639	三協フロンテ	371	410	370	370	25
9640	セゾン情報	1000	1040	960	960	12
9641	サコス	200	200	170	190	12
9642	コマスタ	0	0	0	0	0
9643	中日興	0	0	0	0	0
9644	タナベ経営	383	383	382	382	4.5
9645	ダイヤモンドコン	2450	2480	2360	2370	30
9646	タイトー	166000	166000	162000	164000	2.072
9647	協和コンサル	201	205	201	205	6
9648	ウエスコ	330	345	330	339	8.7
9649	明電エンジニア	641	655	630	630	11.5
9650	テクモ	3320	3320	3000	3150	69.7
9651	日本プロセス	1050	1050	1050	1050	5
9652	日本医療	3070	3250	3070	3200	30
9653	ＳＢＩパートナ	3070	3490	2910	3290	319
9654	コーエー	6900	6980	6170	6400	162.5
9656	三井ランド	540	540	531	531	6.3
9657	コムテック	560	560	540	540	3
9658	ビジ太田昭	1210	1210	1130	1130	35
9660	ＣＲＣソリュ	3180	3180	2950	3110	83
9661	歌舞伎	3950	3970	3930	3970	5
9662	アイフル	575	576	575	576	2
9663	ナガワ	855	860	795	800	33
9664	御園座	1139	1139	1139	1139	1
9665	吉本興	1520	1530	1485	1485	56
9667	ホリプロ	1276	1276	1250	1265	16
9668	相鉄企業	415	415	410	410	4
9669	オークネット	5600	5900	5600	5800	119.5
9671	よみランド	285	290	285	289	15
9672	東競馬	135	139	132	132	82
9673	甲子園土地	0	0	0	0	0
9674	花月園	221	221	221	221	4
9675	常磐興	138	140	138	139	46
9676	松戸公産	537	537	537	537	5
9677	日本ジャンボ	700	720	690	700	10.3
9678	カナモト	759	759	709	728	497
9679	ホウライ	0	0	0	0	0
9680	共成レンテム	720	720	720	720	3
9681	東京ドーム	481	484	480	483	279
9682	ＤＴＳ	11000	11000	10550	10790	50.1
9684	スク・エニ	10350	10500	10000	10000	101.8
9685	共同コンＨＤ	470	470	452	452	11
9686	東洋テック	550	550	540	541	5
9687	ＫＳＫ	890	920	860	920	11
9689	グリンハウス	1650	1650	1650	1650	3
9691	両毛システム	3340	3340	3340	3340	1
9692	シーイーシー	2300	2340	2265	2330	67
9694	日立ソフト	17100	17280	16000	16400	378.2
9695	鴨川グランド	0	0	0	0	0
9696	ウィザス	500	505	500	500	10
9697	カプコン	8650	8730	8140	8190	686
9698	クレオ	1600	1700	1600	1690	19
9699	西尾レント	611	625	611	611	16.9
9700	エスアールエル	1896	1896	1610	1620	166
9701	会舘	290	290	290	290	9
9702	アイエスビー	2510	2510	2460	2500	6
9703	ジェネラスコーポ	92	92	85	90	60
9704	東海観	80	81	76	78	891
9706	日本空港ビル	882	882	806	840	160
9707	メデカＪ	2050	2060	1850	1880	234
9708	帝ホテル	0	0	0	0	0
9709	日コンピュタ	813	831	813	831	6
9710	第一ホテ	290	299	245	255	220
9711	日コンシス	0	0	0	0	0
9712	ファイ	909	909	824	849	121
9713	ロイヤルホ	230	240	230	240	10
9714	ＳＲＡ	2260	2300	2210	2210	17
9715	トランスコス	52900	53000	47700	49800	296.8
9716	乃村工芸社	349	352	349	350	16
9717	ジャステック	3610	3610	3610	3610	1
9718	国際観光会館	0	0	0	0	0
9719	住商情報	7890	7990	7620	7710	52
9720	グランド	0	0	0	0	0
9722	藤田観	480	481	475	480	43
9724	新阪急ホテル	240	240	212	212	6
9725	東急ホテル	199	200	183	200	86
9726	近ツーリスト	266	282	266	280	36
9727	東急観光	126	126	125	125	2
9728	日本管財	2620	2650	2620	2650	4
9729	トーカイ	0	0	0	0	0
9730	ワオコーポ	0	0	0	0	0
9731	白洋舎	293	293	288	288	9
9732	東映ラボ	280	280	280	280	1
9733	ナガセ	2990	2990	2850	2900	11
9734	精養軒	1070	1070	1070	1070	0.2
9735	セコム	9740	9800	9400	9500	638
9736	白青舎	185	185	185	185	4
9737	ＣＳＫ	9440	9800	9440	9440	2535.5
9738	インテック	4800	5000	4750	4780	445
9739	ＮＳＷ	12800	12890	10990	11400	96.9
9740	ＣＳＰ	0	0	0	0	0
9741	日立情報	6530	6550	6250	6250	98
9742	アイネス	2880	3140	2850	2895	1111
9743	丹青社	895	920	840	854	104
9744	メイテック	3160	3180	3110	3120	102.2
9746	ＴＫＣ	3300	3300	3150	3240	44.3
9747	アサツーＤＫ	6540	6650	6200	6200	216.7
9748	ＮＪＫ	932	950	902	920	36
9749	富士ソフト	7800	7900	7450	7470	141.6
9750	ソラン	3180	3250	3160	3220	62
9751	ＴＩＳ	8700	8700	8250	8250	74
9752	ナムコ	7260	7260	7260	7260	92.8
9753	ＩＸナレッジ	1000	1050	1000	1020	22
9755	応用地質	1210	1214	1180	1182	12.7
9756	ＡＳＫ	1220	1320	1180	1200	199
9757	船井研	940	940	899	899	10
9758	ジシステム	1630	1690	1500	1500	192
9759	日システムデ	16000	17900	15600	17900	385.7
9760	進学会	380	380	380	380	2
9761	東海リース	195	195	191	191	5
9762	大和リース	270	280	270	270	392
9763	丸紅リ	166	205	166	194	158
9764	技研興	211	211	211	211	1
9765	オオバ	174	174	172	172	20
9766	コナミ	19550	19560	19200	19290	328
9767	日建工学	246	247	246	247	4
9768	国土環境	1050	1050	990	990	6
9769	学究社	440	453	436	453	7
9776	札臨	551	551	500	500	9
9777	日電計算	3200	3220	3150	3160	35.7
9778	昴	723	723	723	723	2
9779	メフォス	1230	1230	1200	1200	8
9780	ビステム	0	0	0	0	0
9781	石川島汎サ	0	0	0	0	0
9782	ＤＭＳ	1260	1320	1250	1250	20
9783	ベネッセ	21800	22390	21100	21250	400.6
9784	日工検	0	0	0	0	0
9785	大新東	351	352	351	352	9
9786	キャッツ	1721	1770	1651	1770	91
9787	Ｊメンテ	1020	1048	1011	1011	10.9
9788	ナック	1112	1129	1110	1121	21.2
9789	栄光	415	419	415	419	3
9790	福井コン	735	740	735	740	1
9791	ビケンテクノ	1010	1010	1000	1000	8
9792	ニチイ学館	16700	16700	15800	15800	89.6
9793	ダイセキ	2020	2050	1980	1990	52.7
9794	カラカミ観光	1040	1050	1040	1050	3
9795	ステップ	850	850	830	830	5
9796	ダイテック	1570	1620	1570	1620	4.7
9797	大日本コン	290	291	290	290	4.1
9798	シダックス	2800	2850	2800	2800	4.8
9799	旭情報	1630	1650	1600	1650	14
9810	日鉄商	110	110	110	110	23
9811	アスティス	0	0	0	0	0
9812	テーオー	0	0	0	0	0
9813	トッキ	3210	3300	3170	3300	47
9814	アシックス商	691	691	691	691	1
9815	カテナ	1003	1029	980	980	171
9816	バーテックス	989	1000	940	940	31
9817	ゴトー	1030	1030	1030	1030	26
9818	大丸エナ	720	720	720	720	1
9820	エムティＧ	205	205	192	192	6
9821	日アムウ	850	880	800	800	2.9
9822	なが多	83	118	83	107	2195
9823	マミーマート	1340	1340	1340	1340	0.2
9824	泉州電	501	549	501	521	5
9825	アズウェル	430	430	400	420	20.1
9826	ＪＥＵＧＩＡ	172	172	172	172	1
9827	リリカラ	214	214	202	210	9
9828	元気寿司	1070	1070	1050	1060	5
9829	ながの東急	0	0	0	0	0
9830	トラスコ中山	1270	1290	1267	1270	6.5
9831	ヤマダ電	9130	9400	9080	9300	77
9832	オートバクス	2695	2795	2695	2795	54.3
9833	エルクコーポ	0	0	0	0	0
9834	リオチェン	513	513	513	513	3
9835	ジュンテン	579	625	579	625	22
9836	リーバイス	660	665	660	660	27
9837	モリト	0	0	0	0	0
9838	トラベラー	750	750	750	750	6
9839	ゲッツブラザーズ	570	570	550	550	17
9840	ホーマック	2290	2300	2260	2260	8.9
9841	ＢＭＢ	550	650	550	650	538
9842	アークランド	1250	1250	1250	1250	2
9844	ユーエスシー	1820	1830	1760	1770	33
9845	パーカー	310	340	305	310	22
9846	天満屋ス	0	0	0	0	0
9847	ソリスト	470	470	430	470	14
9848	トヨタカローラ岐阜	830	830	830	830	3
9849	河内屋紙	590	590	590	590	1
9850	グルメ杵屋	699	700	690	690	14
9852	中央物産	301	303	301	303	3
9853	銀座ルノア	0	0	0	0	0
9854	愛眼	1050	1068	1050	1055	15.9
9855	くろがねや	465	465	460	460	5
9856	ケーユー	764	780	750	750	6.7
9857	英和	325	327	320	327	10.5
9858	明光商会	2360	2360	2270	2300	12.7
9859	ユーストア	820	828	820	828	9
9860	岐阜日野	0	0	0	0	0
9861	吉野家ディー	1850000	1850000	1800000	1820000	0.019
9862	メモレックス・テレ	440	450	420	430	39
9863	靴のマルトミ	161	161	151	151	4.1
9864	ナカイ	346	346	346	346	1
9865	日商エレク	5300	5400	5170	5350	641
9867	ソレキア	890	935	870	935	34
9868	トリイ	0	0	0	0	0
9869	加藤産	672	700	672	700	16
9870	ハナテン	1869	1869	1569	1800	4.6
9871	イトーキ	229	229	229	229	1
9872	北恵	190	190	190	190	4
9873	ケンタッキー	1090	1100	1090	1100	9
9875	マツモトキヨ	8260	8260	8120	8120	85
9876	コックス	0	0	0	0	0
9877	マルフル	0	0	0	0	0
9878	セキド	670	670	670	670	1
9879	フタタ	166	167	165	165	4
9880	イノテック	6480	6660	6000	6400	393.8
9882	イエロハット	1005	1010	980	980	22.1
9883	富士エレ	2100	2200	2030	2150	35
9884	都築電産	1070	1100	1070	1070	16
9885	シャルレ	650	650	650	650	7
9887	松屋フーズ	3250	3250	3110	3150	29
9888	ＵＥＸ	280	280	280	280	2
9889	ＪＢＣＣ	6810	7290	6810	6850	108
9890	マキヤ	0	0	0	0	0
9892	卑弥呼	930	965	920	930	44
9893	ホームワイド	380	380	380	380	1
9894	アトル	0	0	0	0	0
9895	コンセック	0	0	0	0	0
9896	Ｊ建材	478	480	478	480	5
9897	ユニダックス	706	715	695	700	48
9898	サハダイヤ	412	444	407	407	534
9899	サンデサン	730	730	700	720	18
9900	サガミ	750	753	746	746	14
9901	宮	969	969	969	969	1
9902	日伝	1100	1160	1100	1140	6
9903	カンセキ	120	120	120	120	1
9904	ベリテ	194	194	193	193	17
9905	コージツ	190	190	190	190	3
9906	藤井産業	0	0	0	0	0
9907	大電社	0	0	0	0	0
9908	日本電計	650	660	649	660	17
9909	愛光電気	300	300	300	300	1
9911	真電	560	600	560	600	8
9912	ダイワボ情	1940	1940	1900	1910	50
9913	日邦産業	353	370	353	370	6
9914	植松商会	335	335	320	320	12
9915	アサヒビールＳ	0	0	0	0	0
9916	バイタルＮ	586	610	571	610	3.2
9917	マツモト電器	0	0	0	0	0
9918	ダイワラクダ	370	380	370	380	6
9919	関西スーパ	650	650	650	650	7
9920	シービーエム	1760	1760	1760	1760	0.1
9921	ギガス	505	505	475	475	4
9922	日立機材	600	620	600	620	8.5
9923	ダイトーエム	460	525	460	520	44
9924	ドミー	504	504	504	504	1
9925	北の家族	1300	1300	1300	1300	3
9926	ダイカ	370	371	365	370	9
9927	ワットマン	350	350	341	350	3
9928	ミロク情報	1750	1820	1746	1770	52.5
9929	平和紙業	0	0	0	0	0
9930	北沢産	231	237	231	237	7
9931	家族亭	645	645	632	632	2
9932	杉本商	0	0	0	0	0
9934	因幡電産	1190	1210	1152	1152	9.3
9935	あずみ	0	0	0	0	0
9936	王将フード	1420	1420	1410	1410	13
9937	セシール	4100	4150	4000	4050	19.6
9938	住金物産	75	80	73	80	119
9939	すみや	0	0	0	0	0
9940	クラヤ薬	1274	1289	1271	1271	113
9941	太洋物産	198	198	198	198	1
9943	ココス	600	610	590	590	9
9944	インパクト	1868	1870	1805	1821	4.3
9945	プレナス	5400	5500	5400	5400	12
9946	ミニストップ	2335	2335	2275	2285	71.2
9947	シムリー	1300	1340	1280	1280	11.6
9948	アークス	1620	1680	1620	1680	4
9949	タイヨー	2345	2345	2345	2345	193
9950	ハチバン	530	531	530	530	33
9951	カーマ	530	540	530	532	8.8
9952	ドトール	8850	9150	8850	8950	65.6
9953	ダイキ	1345	1345	1339	1339	1
9954	東京小僧寿し	590	590	590	590	2
9955	ヨンキュウ	2380	2400	2360	2390	7.5
9956	バロー	1410	1410	1400	1400	4
9957	バイテック	2300	2360	2100	2100	201
9958	サリ	349	350	340	341	7
9959	アシード	899	900	880	900	4
9960	東テク	525	550	525	525	3
9961	エムオーテック	160	160	160	160	3
9962	駿河製機	13500	13500	13270	13320	26.2
9963	江守商事	0	0	0	0	0
9964	アイ・テック	0	0	0	0	0
9965	福原	511	580	510	560	53
9966	藤久	2260	2300	2260	2300	5.6
9967	堺商事	255	255	255	255	1
9968	イチヤ	95	100	90	90	7
9969	ショクブン	1030	1030	1000	1010	6
9970	東洋オフィス	812	812	712	750	487
9971	カウボーイ	615	620	590	600	33
9972	アルテック	1541	1550	1520	1540	24.9
9973	小僧本部	1180	1180	1180	1180	2
9974	ベルク	0	0	0	0	0
9975	マルヤ	3300	3300	3300	3300	8.2
9976	セキチュー	500	500	450	450	2
9977	アオキスーパ	419	419	419	419	3
9978	文教堂	3250	3750	3250	3750	97
9979	大庄	926	935	905	906	32.5
9980	マルコ	1055	1079	1031	1035	13
9981	ニック産業	540	540	540	540	2
9982	タキヒヨー	0	0	0	0	0
9983	ファストリ	32450	33000	31800	32500	89.3
9984	ソフトバンク	165000	166000	152000	156000	722.3
9985	榮太郎	830	830	820	830	10
9986	蔵王産業	0	0	0	0	0
9987	スズケン	3290	3300	3170	3230	18.5
9988	神港魚類	480	480	480	480	1
9989	サンドラッグ	5920	5990	5860	5900	41.2
9990	東京デリカ	520	520	520	520	9
9991	ジェコス	350	355	348	350	32.9
9992	理研グリン	268	268	260	260	5
9993	ヤマザワ	0	0	0	0	0
9994	やまや	740	740	730	740	5.1
9995	イーストン	880	950	880	950	165
9996	サトー商会	660	660	660	660	1
9997	ベルーナ	3200	3230	3020	3090	144.5
