20000327
1001	日経２２５	19976	20296	19880	20281	78.361
1002	ＴＯＰＩＸ	1643	1658	1633	1654	78.361
1301	極洋	154	156	146	152	582
1319	日経300F	310	311	304	311	514
1331	ニチロ	185	189	179	180	711
1332	日水	180	184	179	184	1495
1333	マルハ	134	137	130	131	728
1351	宝幸水産	86	90	85	86	87
1352	ホウスイ	95	95	93	93	9
1376	カネコ種	1020	1020	950	950	5
1377	サカタタネ	2350	2370	2340	2345	36.6
1378	雪国まいたけ	770	770	750	770	11
1379	ホクト	5090	5100	4950	4950	24
1380	秋川牧園	650	670	650	670	12
1491	中外鉱	170	170	160	165	2546
1501	三井鉱山	99	103	99	102	576
1503	住友炭	114	119	113	114	460
1515	日鉄鉱	230	238	228	238	175
1518	三井松島	163	171	163	171	51
1601	帝石	347	354	334	340	648
1603	アラビア石油	426	455	411	411	234.9
1661	ガス開	395	400	391	396	105
1701	昭和鉱	265	266	263	263	24
1702	共立マテリア	0	0	0	0	0
1737	三井エンジ	377	377	371	377	49
1738	ＮＩＴＴＯＨ	430	430	420	420	10
1739	ＳＥＥＤ	440000	450000	440000	450000	0.005
1740	極東工業	421	421	421	421	26
1741	ミサワサンイ	810	850	800	850	14
1742	セコムテクノ	2740	2770	2650	2650	20
1743	コーアツ工業	550	560	550	550	4
1744	キョーエイ	645	645	640	640	4
1745	ミサワホーム東海	359	360	359	360	5
1746	7	0	0	0	0	0
1748	ミサワ北日	350	350	350	350	3
1749	大和通信	336	350	336	340	12
1750	カナック	431	435	430	430	3
1751	日立プラサ	420	430	420	430	5
1752	富士通シス	1465	1500	1465	1479	45
1753	土屋ツバイ	139000	139000	139000	139000	0.001
1754	東新住建	980	980	950	950	8
1755	JFE工建	360	360	355	355	21
1756	和興エンジ	0	0	0	0	0
1757	千年の杜	0	0	0	0	0
1758	太洋基礎	465	600	460	580	24
1759	ジオトップ	275	276	273	273	18
1762	高松建設	1820	1950	1820	1950	23.5
1763	北陸ミサワ	562	592	562	592	3
1764	工藤建設	285	285	285	285	1
1765	イビデンテック	0	0	0	0	0
1766	東建コーポ	1430	1430	1380	1390	11
1767	沖ウィン	511	567	511	567	4
1768	ソネック	250	269	250	269	2
1769	ピコイ	57	58	50	50	32
1770	藤田エンジ	700	700	700	700	1
1772	東北エンタープライズ	480	480	450	455	35
1774	機動建	235	235	215	215	6
1775	富士電Ｅ＆Ｃ	290	330	275	275	126
1776	三井住建道路	110	111	110	111	6
1777	川崎設備	310	310	310	310	1
1778	古河総設	165	175	165	175	7
1779	松本建工	475	485	475	485	3
1780	ヤマウラ	370	379	363	368	5.5
1781	国土総合	400	400	400	400	9
1782	常磐開発	197	197	180	180	16
1783	南野建設	104	104	104	104	4
1784	サワコー	530	540	520	520	29
1785	ナナボシ	419	420	419	420	4
1786	オリ建	462	467	451	467	12.5
1787	ナカボテック	0	0	0	0	0
1788	三東工業	250	250	250	250	3
1789	山加電業	445	445	445	445	0.5
1790	平和奥田	490	490	490	490	1
1791	三井木材	133	138	133	133	7
1792	みらい建設Ｇ	219	219	215	215	17
1793	大本組	0	0	0	0	0
1795	マサル	470	470	470	470	1
1796	トヨタウッド	345	345	335	335	8.5
1797	藤木工務店	0	0	0	0	0
1798	守谷商会	0	0	0	0	0
1799	第一建設	250	250	250	250	10
1800	利塚地下技術	260	270	231	270	34
1801	大成建	176	176	165	171	3268
1802	大林組	405	414	397	410	4634
1803	清水建	293	302	289	296	2280
1804	佐藤工業	68	70	65	65	486
1805	飛島建	68	70	60	60	673
1806	ACリアル	59	60	58	58	1219
1807	渡辺組	194	194	194	194	3
1808	長谷工	40	42	38	39	10260
1809	富士工	86	91	86	90	31
1810	松井建	310	320	310	320	50
1811	銭高組	300	300	300	300	2
1812	鹿島	281	290	281	290	1884
1813	不動建	150	158	150	158	165
1814	大末建	91	91	81	83	210
1815	鉄建	130	145	129	145	770
1816	安藤建	233	233	224	225	77
1817	勝村建	148	148	146	148	14
1818	日産建設	102	105	102	102	30
1819	太平工	167	169	161	168	298
1820	西松建	385	400	383	391	1189
1821	三井住友建	85	85	80	80	119
1822	大豊建	178	185	177	183	111
1823	住友建設	90	93	86	90	163
1824	前田建	296	313	296	309	405
1825	環境建設	130	130	127	129	125
1826	佐田建	153	160	150	150	121
1827	ナカノフドー建	100	101	98	98	74
1828	田辺工業	416	416	416	416	1
1829	大和建設	109	114	109	114	5
1830	共栄冷機工業	249	249	249	249	4
1831	積水ハ北陸	0	0	0	0	0
1833	奥村組	336	340	330	330	531
1834	小田急建	270	272	260	272	19.5
1835	東鉄工	224	225	223	225	12
1836	大日本土木	148	150	141	150	71
1837	間組	69	70	65	65	533
1838	古久根建設	95	119	95	119	37
1839	真柄建	180	180	172	173	20
1840	土屋ホーム	280	281	276	280	25.8
1841	サンユ	0	0	0	0	0
1842	昭和テクノ	0	0	0	0	0
1844	大盛工業	166	170	165	170	48
1845	森本組	123	124	120	123	8
1846	鈴縫工	0	0	0	0	0
1847	イチケン	123	132	123	132	50
1848	富士ＰＳ	0	0	0	0	0
1850	南海辰村建	75	77	75	77	12
1851	大木建設	202	202	195	202	78
1852	浅沼組	156	165	156	164	57
1853	森組	110	130	106	106	19
1854	新井組	145	149	145	145	49.1
1855	東急建設	67	70	67	68	217
1856	ジェイオー建設	374	374	374	374	2
1857	松村組	133	135	132	135	25
1858	井上工	74	75	73	75	52
1860	戸田建	388	388	384	387	611
1861	熊谷組	70	72	68	68	905
1862	横河工事	359	370	359	370	8.6
1863	テトラ	226	228	215	220	24
1865	青木あすなろ建	138	144	130	144	15
1866	北野建	294	294	285	291	64
1867	植木組	165	170	165	170	10
1868	三井ホーム	390	391	385	390	118
1869	名工建	450	470	450	470	10
1870	矢作建	405	405	405	405	2
1871	ピーエス三菱	430	448	428	428	20.8
1872	アゼル	317	324	313	320	214
1873	東ハウス	431	443	431	443	11
1874	佐藤秀	150	150	150	150	1
1875	青木マリン	300	300	300	300	4
1877	川田建設	0	0	0	0	0
1878	大東建	1700	1749	1698	1749	205.9
1879	新日本建	245	245	235	242	12
1880	スルガコーポ	0	0	0	0	0
1881	ＮＩＰＰＯ	500	510	496	509	347
1882	東亜道	250	255	245	255	76
1883	前田道	500	510	496	496	191
1884	日道路	166	173	166	172	135
1885	東亜建	158	175	157	174	720
1886	青木建設	50	51	48	49	1679
1888	若築建	163	163	153	163	139
1889	佐伯建	144	155	144	151	17
1890	東洋建	105	110	105	109	337
1892	徳倉建	248	248	240	248	10
1893	五洋建	144	151	144	151	319
1895	大成ロテック	189	189	185	187	110
1896	大林道	390	399	390	391	42
1897	金下建	518	533	515	533	27
1898	世紀東急	86	86	84	86	24
1899	福田組	255	260	253	258	42
1900	白石	169	170	167	170	9
1902	山崎建設	0	0	0	0	0
1904	大成温調	402	405	401	401	14
1905	テノックス	250	250	250	250	6
1906	細田工務	360	362	342	362	9
1907	東北ミサワ	590	590	590	590	10
1908	三平建設	495000	499000	495000	499000	0.01
1909	日本ドライ	327	327	306	323	22.5
1910	フドウ建研	200	210	200	210	10
1911	住友林	676	676	640	655	223
1912	ミサワセラミ	374	390	374	390	4
1913	旭ホームズ	0	0	0	0	0
1914	日基技	580	630	580	630	105.4
1915	東京ミサワホーム	305	305	305	305	3
1916	日成ビルド	153	162	153	162	84
1917	ニッセキハウス	150	155	145	154	859
1919	エスバイエル	298	307	290	301	388
1920	殖産住宅相互	100	110	100	108	597
1921	巴	170	177	170	173	13
1922	大成ユーレック	89	89	88	88	10
1923	ミサワホーム	368	371	360	371	182
1924	パナホーム	555	555	540	547	200
1925	大和ハウス	722	765	722	753	1900
1926	ライト	540	543	525	535	203.6
1927	中 部	0	0	0	0	0
1928	積ハウス	960	984	956	961	1789
1929	日特建	199	207	197	200	96
1930	北陸電工	300	300	300	300	2
1931	日本電通	341	360	340	360	13
1932	コミュチュア	550	570	550	560	19
1933	西シス建	295	298	295	298	2
1934	ユアテック	299	315	299	310	57
1935	ＴＴＫ	310	325	310	325	24
1936	シーキューブ	285	285	283	285	16.2
1937	西部電工	317	320	317	320	2
1938	千歳電	243	243	223	223	19
1939	四電工	320	320	308	308	38
1940	つうけん	230	235	225	235	7
1941	中電工	1664	1664	1650	1664	26
1942	関電工	405	410	400	404	409
1943	大明	980	989	970	989	98
1944	きんでん	799	810	789	810	392
1945	東京エネシス	372	374	356	374	14
1946	トーエネク	386	386	367	369	26
1947	日本コムシス	1820	1900	1810	1880	528
1948	弘電社	339	340	330	330	14
1949	住友電設	620	620	602	620	35.1
1950	電設工	314	325	312	325	274
1951	協エクシオ	761	780	761	779	99
1952	新日空調	389	405	380	400	27.4
1953	国際電設	180	189	180	189	2
1954	日工営	202	202	198	202	213
1955	東電通	434	434	405	411	34
1956	日電設	470	499	470	490	50
1957	保安工	0	0	0	0	0
1958	三和エレック	281	285	271	285	16
1959	九電工	300	319	300	315	347
1960	サンテック	325	348	325	348	20
1961	三機工	477	540	477	533	97
1962	エルゴテック	210	210	210	210	7
1963	日揮	260	267	260	263	520
1964	中外炉	302	309	300	302	107
1965	テクノ菱和	425	430	425	430	2.9
1966	高田工	290	290	261	261	7
1967	ヤマト	360	360	345	355	18
1968	太平電	272	283	272	283	99
1969	高砂熱	551	650	551	635	211
1970	日立プラ	255	260	255	256	87
1971	ビルト工	79	79	79	79	3
1972	三晃金	103	108	103	103	17
1973	ＮＥＣシス建	1790	1801	1676	1676	84.6
1974	宮地建設工業	404	404	398	404	13
1975	朝日工	212	221	212	215	84
1976	明星工	150	169	150	169	52
1977	ジェイコス	450	500	450	500	3
1978	アタカ	295	300	280	300	23
1979	大気社	693	777	693	770	40
1980	ダイダン	425	450	424	448	33
1981	協和日成	260	260	260	260	2
1982	日比谷設	542	542	525	530	45
1983	東芝プラ	233	233	225	232	32
1984	三信建	214	220	212	220	19
1985	大和電設	310	310	310	310	1
1986	日商インター	1600	1600	1500	1510	35
1987	ソルコム	0	0	0	0	0
1988	シボンド建	1325	1350	1291	1330	37
1989	北陸電話	300	300	300	300	1
1990	東邦建	270	275	260	265	14
1991	都築通技	880	880	880	880	0.3
1992	神田通機	0	0	0	0	0
1993	ニッタン	189	193	185	190	41
1994	高橋ウォール	345	345	345	345	1
1995	鈴木工務店	190	190	190	190	1
1996	三菱建設	179	179	179	179	8
1997	暁飯島工業	160	168	160	168	9
1998	日本土建	1000	1000	1000	1000	2
2001	日本粉	260	270	259	267	431
2002	日清粉	838	860	831	842	560
2003	日東粉	219	219	200	219	26
2004	昭和産	190	195	189	192	160
2006	東福粉	128	128	123	124	30
2007	富士粉	141	141	140	140	8
2008	増田粉	0	0	0	0	0
2009	鳥越粉	394	408	393	408	36
2051	農産工	190	190	185	185	206
2052	協同飼	126	132	126	130	182
2053	中部飼	555	555	540	540	4
2055	日和産	248	248	248	248	4
2056	日配飼	118	123	118	122	72
2057	雪印種	600	600	580	580	9
2102	台糖	249	249	239	242	50
2107	東洋糖	135	142	135	140	37
2108	甜菜糖	182	190	178	184	467
2109	三井糖	193	193	184	190	67
2111	フジ製糖	204	204	197	200	13
2112	塩水糖	360	370	355	370	22
2113	新光糖	205	205	205	205	1
2114	フジ日本精糖	239	239	239	239	1
2116	日新糖	120	125	120	122	25
2201	森永	239	245	236	245	610
2202	明菓	748	748	720	733	444
2204	中村屋	292	292	290	291	29
2205	駿河屋	72	72	70	72	31
2206	グリコ	529	535	525	525	81
2207	名糖産	1040	1040	1040	1040	7
2208	ブルボン	900	900	855	855	2
2209	井村屋	445	445	440	445	4
2211	不二家	260	269	259	267	120
2212	山パン	970	970	950	955	202
2213	ナガサキヤ	78	80	62	80	47
2215	一パン	275	279	267	270	81
2216	カンロ	272	272	272	272	14
2217	モロゾフ	185	189	184	189	26
2219	タカラブネ	113	115	113	115	41
2220	亀田製菓	525	559	520	550	14
2221	岩塚製菓	0	0	0	0	0
2222	寿製菓	0	0	0	0	0
2224	コモ	2450	2470	2430	2450	15
2261	明乳	675	680	661	674	778
2262	雪印	459	459	445	445	605
2264	森永乳	299	300	293	298	251
2266	六甲バタ	270	270	263	265	10
2267	ヤクルト	940	950	911	930	252
2268	サーティワン	0	0	0	0	0
2281	プリマ	130	135	130	130	181
2282	日ハム	1130	1130	1091	1127	561
2284	伊藤ハ	447	455	442	446	167
2286	林兼	135	148	135	143	139
2287	雪印食品	241	241	240	240	8
2288	丸大食	178	180	176	178	225
2289	相模ハム	630	630	630	630	1
2290	米久	1185	1200	1185	1190	43.5
2291	福留ハ	0	0	0	0	0
2292	ＳＦＯＯＤＳ	723	726	722	726	5
2293	滝沢ハム	732	733	711	730	8
2294	柿安本店	1000	1000	1000	1000	3
2501	サッポロＨＤ	421	430	421	428	1132
2502	アサヒ	1025	1053	1024	1043	1603
2503	キリン	1300	1307	1283	1299	1725
2531	宝ＨＤ	2355	2385	2210	2245	1392
2533	オエノンＨＤ	281	290	268	289	85
2536	メルシャン	344	360	339	339	566
2538	マルキン忠勇	170	170	165	166	11
2540	養命酒	663	689	663	677	29
2541	ニッカ	267	280	267	280	17
2571	中京コカ	1000	1000	992	997	58
2572	三国コカ	1261	1300	1260	1271	278
2573	北海コカ	1155	1155	1150	1150	5
2575	三笠コカ	855	860	850	855	8.9
2576	近畿コカ	1217	1300	1190	1270	93
2577	富士コカ	1090	1090	1010	1020	64
2578	四国コカ	1050	1099	1050	1090	9.8
2579	コカウエスト	3350	3350	3230	3230	78.3
2591	カルピス	516	522	516	521	17
2592	ポッカ	472	472	465	469	96
2593	伊藤園	11500	13240	11390	12610	92.1
2594	キーコーヒー	1480	1490	1468	1485	9.2
2595	キリンビバ	2210	2250	2200	2240	185
2596	キューサイ	6370	6500	6370	6500	8.9
2597	ユニカフェ	3210	3210	3150	3150	4.3
2598	アサヒ飲料	1042	1042	1020	1029	64.5
2601	ホーネンコーポ	205	208	201	204	436
2602	日清オイリオ	319	349	319	347	985
2604	吉原製油	241	258	241	255	50
2605	熊沢製油	0	0	0	0	0
2607	不二油	747	758	745	758	145
2608	ボーソー	0	0	0	0	0
2611	摂津油	309	309	274	274	10
2612	かどや製油	880	890	840	870	19
2801	キッコマン	782	809	775	792	631
2802	味の素	1253	1259	1237	1250	1441
2803	丸金醤油	165	200	165	200	18
2804	ブルドック	640	660	620	660	12
2805	エスビー	599	599	559	599	3
2806	ユタカフーズ	1010	1010	1010	1010	1
2808	サンビシ	0	0	0	0	0
2809	キユーピー	736	736	725	728	214
2810	ハウス食品	1595	1645	1595	1610	55
2811	カゴメ	1010	1010	980	985	58
2812	焼津水化	1600	1610	1550	1550	16.5
2813	和弘食品	145	145	138	138	3
2814	佐藤食品	960	970	960	970	2
2815	アリアケ	5350	5550	5230	5530	33.4
2816	ダイショー	920	930	920	930	9
2817	ギャバン	490	495	490	495	3
2830	アヲハタ	1300	1300	1300	1300	2
2831	はごろも	1495	1495	1430	1430	11
2871	ニチレイ	299	301	295	295	545
2872	セイヒョー	0	0	0	0	0
2873	加ト吉	2230	2240	2210	2240	46
2874	ヨコレイ	567	599	547	581	97
2875	東洋水	791	810	791	810	61
2876	ＪＣコムサ	0	0	0	0	0
2877	日東ベスト	1190	1190	1190	1190	3
2878	赤城水産	424	424	410	410	7
2879	ニチロサンフズ	500	525	500	525	20
2891	酵母工	638	638	616	635	26
2892	日食品	349	350	348	350	9
2893	ローマイヤ	147	155	146	155	9
2894	石井食	300	300	295	299	15
2897	日清食	2300	2300	2250	2250	138.2
2898	ソントン	1061	1100	1061	1100	3
2899	永谷園	988	988	950	952	16
2900	明星食	251	258	250	255	10
2901	石垣食	420	420	420	420	2
2902	太陽化	470	470	470	470	1
2903	シノブフズ	169	171	162	171	18
2904	一正蒲鉾	0	0	0	0	0
2905	オーケー食	0	0	0	0	0
2906	ホッコク	421	430	421	430	2
2907	あじかん	0	0	0	0	0
2908	フジッコ	1880	1960	1840	1930	65
2909	トオカツフズ	292	292	292	292	2
2910	Ｒフィールド	4350	4390	4250	4300	20.3
2911	旭松食品	780	780	780	780	1
2912	鐘崎	241	247	241	247	2
2913	フジフーズ	250	253	250	253	18
2914	ＪＴ	731000	733000	725000	731000	1.484
2915	ケンコーマヨ	591	600	591	591	3
2916	仙波糖化	0	0	0	0	0
2917	大森屋	745	765	745	765	6
2918	わらべ日洋	1111	1131	1111	1130	6
2920	ケイビー	1220	1220	1130	1180	12
2921	フクシマフズ	790	790	790	790	2
2922	なとり	900	905	900	905	5
3001	片倉	460	483	460	480	6
3002	グンゼ	277	290	276	289	967
3003	昭栄	991	1000	990	1000	13
3004	神栄	134	136	130	131	78
3007	神戸生絲	57	60	57	60	28
3009	川島織	108	115	108	108	58
3010	上毛	890	890	840	890	43
3011	バナーズ	97	98	97	97	7
3101	東洋紡	160	164	158	163	2407
3102	カネボウ	183	190	181	187	997
3103	ユニチカ	80	80	76	80	885
3104	富士紡Ｈ	105	110	99	109	505
3105	日清紡	517	524	517	523	771
3106	クラボウ	150	152	150	151	366
3107	ダイワボウ	108	110	106	110	52
3109	シキボウ	78	79	76	77	70
3110	日東紡	145	157	143	154	870
3111	オーミケン	68	68	68	68	3
3113	ＢＳＬ	73	74	72	72	52
3114	同興紡	110	150	110	150	73
3115	テザック	63	66	62	62	103
3116	トヨタ紡織	770	780	770	780	16
3117	興和紡	300	300	300	300	1
3121	アセットイン	65	65	65	65	1
3123	サイボー	0	0	0	0	0
3125	内外綿	65	88	63	88	6
3128	テラボウ	65	65	65	65	1
3129	ファブリカＴ	96	96	96	96	2
3201	日毛	381	400	381	399	90
3202	大東紡	103	103	101	103	62
3203	東亜紡織	93	97	90	97	23
3205	ダイドー	202	202	201	202	79
3206	南海毛糸紡績	95	99	95	99	3
3207	中央毛	158	158	145	156	20
3209	カネヨウ	131	132	131	132	8
3211	太陽毛絲紡	121	121	120	120	6
3216	御幸ＨＤ	405	432	405	432	30
3302	帝繊維	185	189	185	186	12
3304	トスコ	163	163	146	156	52
3306	日本麻	70	72	70	72	29
3401	帝人	473	473	460	470	1617
3402	東レ	385	390	379	390	3000
3403	東邦テナ	185	190	180	188	493
3404	三菱レ	270	277	265	269	2190
3405	クラレ	1015	1015	1006	1010	1205
3407	旭化成	695	700	681	700	2322
3408	サカイオーベ	88	88	86	88	55
3409	北日紡	161	168	153	153	51
3411	オートリ	174	174	172	174	15
3420	ケーエフシー	1100	1100	1100	1100	2
3421	稲葉製作	1000	1000	991	991	25.2
3422	丸順	0	0	0	0	0
3423	エスイー	660	700	660	695	4
3501	住江織	134	135	130	133	32
3503	東和織	60	60	60	60	3
3512	フエルト	267	271	267	270	7
3513	イチカワ	181	183	180	181	42
3514	バイリーン	195	204	195	202	45
3515	フジコー	410	410	410	410	1
3521	エコナック	107	115	106	107	107
3524	日東網	101	103	97	103	24
3526	芦森工	239	245	233	243	104
3528	グローベルス	129	129	117	127	156
3529	アツギ	118	121	118	120	570
3532	堀田産	73	79	73	79	4
3533	ダイオ化成	630	630	630	630	2
3534	ＮＢＣ	900	920	900	920	5
3551	ダイニック	177	177	172	176	32
3552	洋クロス	170	170	162	170	71
3553	共和レ	490	490	485	485	4
3569	セーレン	261	270	253	253	251
3570	オリカキャピ	125	125	114	120	116
3571	ソトー	465	465	465	465	1
3572	大同マルタ	60	60	60	60	4
3576	カンボウ	0	0	0	0	0
3577	東海染	140	147	140	147	30
3578	倉庫精	0	0	0	0	0
3580	小松精	390	390	390	390	1
3581	岐セン	0	0	0	0	0
3583	オーベクス	0	0	0	0	0
3584	福助	165	166	160	160	16
3585	トムスエンタ	490	535	470	528	184
3587	ＩＢダイワ	410	410	370	390	100
3588	丸山工	0	0	0	0	0
3591	ワコール	945	956	940	946	135
3592	ＣＨＯＹＡ	220	230	215	218	13
3593	ホギメデ	7340	7610	7300	7430	33.3
3594	モリシタ	680	680	680	680	1
3595	ヤギコーポ	290	305	290	305	11
3596	ワールド	10680	11330	10680	10730	88.8
3597	自重堂	760	760	750	750	7
3598	山喜	0	0	0	0	0
3599	コーコス	0	0	0	0	0
3600	フジックス	438	449	438	449	3
3601	ニチメンイン	1600	1659	1600	1650	12
3602	イタリヤード	250	250	241	241	6
3603	チャッコット	640	640	640	640	1
3706	東海パ	413	420	413	420	21
3861	王子紙	660	720	660	685	2504
3863	日本製紙	724	774	704	774	5120
3864	三菱紙	173	173	160	160	981
3865	北越紙	816	854	815	839	804
3868	高崎三興	80	85	77	81	181
3869	日本板紙	280	295	271	291	36
3870	日本加工製紙	73	77	73	77	77
3871	大昭和紙	573	580	560	572	246
3872	三島紙	180	180	170	175	3
3877	中越パ	171	190	170	182	448
3878	巴川紙	450	460	450	455	58
3880	大王紙	763	771	760	762	47
3881	特種紙	410	435	410	430	273
3882	紀州紙	0	0	0	0	0
3886	チューエツ	99	99	92	92	25
3887	中央板紙	103	108	103	105	58
3889	大平製紙	99	100	99	100	5
3890	ゼネＫＫ	709	709	690	690	2
3891	高度紙	1750	1800	1700	1800	15
3941	レンゴー	550	569	549	561	1237
3944	古林紙	138	138	136	138	10
3945	スパバッグ	195	204	195	204	9
3946	トーモク	200	205	197	201	117
3947	ダイナパック	410	410	410	410	1
3948	光ビジネス	701	701	691	691	3
3949	日本ハイパック	325	335	311	311	32
3950	ザ・パック	803	803	803	803	1
3951	朝日印刷	0	0	0	0	0
3952	中央紙器	315	329	315	329	12
3953	大村紙業	460	460	460	460	1
3954	昭和パックス	520	520	520	520	4
3971	東セロ	298	310	294	310	21
4003	コープケミ	95	102	95	96	12
4004	昭電工	143	148	141	144	2197
4005	住友化学	525	564	522	527	5913
4006	チッソ 	22	23	18	19	1155
4007	日化成	147	149	145	149	50
4008	住友精化	281	290	281	286	87
4010	三菱化学	420	424	410	424	1884
4021	日産化	575	575	551	561	502
4022	ラサ工	365	375	360	368	634
4023	呉羽化	282	282	270	280	250
4025	多木化	361	365	361	361	5
4026	神島化	0	0	0	0	0
4027	テイカ	251	252	248	249	50
4028	石原産	197	199	184	184	623
4031	チッカリン	410	425	410	425	22
4032	日東バイオン	208	208	198	198	10
4033	日東エフシー	400	400	400	400	1
4041	日曹達	300	300	290	297	694
4042	東ソー	508	510	481	495	1231
4043	トクヤマ	487	487	462	462	260
4044	セ硝子	251	253	245	246	372
4045	東合成	185	189	184	188	1115
4046	ダイソー	200	201	200	201	2
4047	関電化	352	381	352	370	195
4050	鶴見曹達	380	385	380	380	19
4061	電化	387	398	385	398	3140
4062	イビデン	1350	1360	1338	1338	167
4063	信越化	6130	6300	6030	6200	977
4064	カーバイド	180	185	175	175	583
4065	紀文フ	400	405	396	401	19
4077	富士チタン工業	570	590	560	577	32
4078	堺化学	780	790	751	790	205
4079	ハクスイテック	1600	1600	1600	1600	2
4080	田中化研	5700	5800	5050	5100	43
4086	日本エア・リキード	304	305	298	301	41
4088	エアウォータ	285	288	276	287	296
4089	大阪酸素工業	179	190	178	189	40
4091	大陽日酸	284	291	280	283	378
4092	日本化	305	319	305	311	545
4093	アセチレン	89	89	85	85	13
4094	日化産	340	348	340	348	7
4095	パーカライ	330	330	323	330	39
4096	昭炭酸	296	310	295	305	12
4097	高圧ガス	315	315	299	306	40
4098	チタン	148	155	148	151	10
4099	四国化	341	345	332	341	33
4100	戸田工	426	444	426	435	34
4101	日興酸素	0	0	0	0	0
4102	丸尾カル	220	220	213	213	4
4103	大陽東洋酸素	193	198	190	193	154
4104	タテホ	200	200	190	200	5
4105	メルテックス	750	750	750	750	2
4106	ケムキャット	1200	1220	1200	1200	4
4107	伊勢化	335	342	335	341	3
4108	共同酸素	167	170	161	170	13
4109	ステラケミ	9100	9100	8900	9100	18
4112	保土谷	170	175	167	167	39
4113	田岡化	280	280	280	280	1
4114	日触媒	440	450	439	448	340
4115	本州化	630	635	625	625	8
4116	大日精	390	400	390	395	26
4117	川崎化	145	145	139	139	6
4118	カネカ	1309	1323	1285	1323	499
4119	ピグメント	240	265	230	245	129
4120	スガイ	0	0	0	0	0
4123	山化成	945	945	910	931	15
4151	協発酵	1147	1153	1135	1143	1105
4182	菱ガス化	237	252	235	250	1636
4183	三井化学	680	721	680	713	1973
4185	ＪＳＲ	829	837	820	828	232
4186	東応化	2220	2230	2190	2210	129.3
4187	大有機	626	626	626	626	1
4201	日合成	188	189	182	185	496
4202	ダイセル	320	331	320	330	942
4203	住友ベ	1079	1086	1050	1086	335
4204	積水化	323	345	320	345	3704
4205	ゼオン	562	584	562	572	416
4206	アイカ	750	755	738	750	108
4208	宇部興	240	242	235	240	1632
4209	フドー	125	125	105	105	4
4210	東洋化学	460	485	460	485	233
4212	積水樹	363	379	363	375	88
4213	菱樹脂	165	167	155	162	407
4214	高分子	390	395	376	395	501
4215	タキロン	437	445	437	443	225
4216	旭有機	311	315	307	315	119
4217	日立化	2400	2430	2380	2430	255
4218	ニチバン	396	403	396	400	36
4219	プラス・テク	125	125	125	125	2
4220	リケンテクノ	340	345	340	344	27
4221	大倉工	369	369	365	365	89
4222	児玉化	80	99	80	99	21
4224	ロンシール	81	81	81	81	9
4225	筒中	295	297	291	297	70
4226	テスコ	280	280	280	280	4
4227	郡是高分子	250	250	238	238	5
4228	積化成	188	196	188	194	24
4229	群栄化	160	160	155	157	26
4231	タイガポリ	560	561	555	561	13
4232	東芝ケミカル	360	360	340	340	42
4233	ワコー	0	0	0	0	0
4271	カーリット	760	760	750	750	6
4272	日化薬	560	569	540	540	582
4274	細火工	220	220	220	220	2
4361	川口化	160	160	151	151	5
4362	日精化	434	434	405	407	57
4363	新日鐵化学	185	185	171	180	239
4364	マナック	540	542	540	542	3
4365	松本油脂	1950	1950	1950	1950	1
4366	ダイトーケミ	891	965	891	960	23
4367	広栄化学	0	0	0	0	0
4401	旭電化	849	877	845	877	918
4403	日油脂	280	290	278	290	604
4404	ミヨシ	273	276	268	272	182
4406	日理化	571	580	571	580	18
4409	東邦化	0	0	0	0	0
4410	ハリマ化成	391	405	391	399	40
4452	花王	3100	3300	3070	3290	1648
4461	一工薬	350	357	340	357	30
4462	石原薬品	945	1020	945	1020	11
4463	日華化学	300	301	300	301	18
4471	三洋化	1045	1060	1030	1041	208
4501	三共	2455	2600	2440	2600	3408
4502	武田	6910	7100	6840	7100	2416
4503	アステラス薬	5740	5990	5610	5870	1605
4505	第一製薬	1590	1592	1564	1564	297
4506	大日薬	840	870	832	832	709
4507	塩野義	1858	1950	1851	1950	869
4508	田辺薬	665	665	650	654	344
4509	三菱ウェルファーマ	1430	1450	1430	1436	583
4511	藤沢薬品	3490	3590	3430	3510	1143
4512	わかもと	520	520	502	519	16
4514	帝臓器	859	859	822	840	9
4515	萬有製薬	1840	1870	1817	1840	367
4516	日新薬	671	700	671	700	21
4517	ビオフェル	969	969	950	956	7.5
4518	富山化	451	460	450	455	111
4519	中外薬	1930	1930	1860	1929	987
4520	和光堂	3610	3700	3560	3700	1.7
4521	科研薬	620	636	615	633	101
4523	エーザイ	2615	2780	2580	2780	763
4524	仁丹	881	920	881	920	17
4526	理ビタ	1420	1420	1380	1390	40
4527	ロート	810	839	808	832	63
4528	小野薬	3440	3500	3380	3500	284
4529	日研化	425	425	416	416	38
4530	久光薬	1510	1510	1460	1474	66
4531	有機薬	510	610	500	510	286
4534	持田薬	632	646	622	634	124
4535	大正薬	3390	3450	3320	3450	1179
4536	参天薬	2110	2160	2080	2090	163
4537	エスエス	1230	1250	1180	1201	48
4538	扶桑薬	590	596	572	580	37
4539	ケミファ	270	280	261	275	58
4540	ツムラ	397	397	388	388	69
4541	日医工	185	190	185	190	17
4542	三笠薬	0	0	0	0	0
4543	テルモ	2910	2990	2910	2990	414
4544	みらかＨＤ	590	590	574	578	59
4545	国際試薬	400	435	400	415	184
4546	北陸製薬	840	856	822	850	17
4547	キッセイ	1600	1690	1600	1671	75
4548	生化学	1600	1600	1500	1590	50
4549	栄研化	1360	1360	1320	1330	41
4550	日水薬	715	720	701	701	7
4551	鳥居薬	2460	2495	2420	2470	30
4552	日本ケミカル	900	901	896	901	24
4553	東和薬品	1040	1210	1030	1210	24
4554	富士製薬	403	405	400	400	8
4555	沢井製薬	1350	1450	1350	1450	5.5
4556	カイノス	940	940	878	900	32
4557	医学生物	8700	8700	7200	8100	95
4558	中京医薬	1760	1800	1760	1800	3
4559	ゼリア新薬	1250	1279	1215	1222	24
4560	キョーリン薬	4280	4340	4280	4340	6
4561	デンカ生研	2480	2520	2480	2520	2
4611	大日塗	181	186	180	186	91
4612	日本ペ	282	282	273	280	149
4613	関西ペ	255	260	254	260	199
4614	トウペ	142	145	140	142	23
4615	神東塗	107	108	107	108	5
4616	川上塗	120	122	120	122	34
4617	中国塗	241	241	234	240	76
4619	日特塗	270	270	252	260	13
4620	藤倉化	509	510	504	510	15
4621	ロック	0	0	0	0	0
4622	ユニペイン	0	0	0	0	0
4623	アサヒペン	317	327	317	323	30
4624	イサム	0	0	0	0	0
4625	アトミクス	0	0	0	0	0
4626	太陽インキ	9300	9850	9300	9850	10.1
4627	ナトコ	1120	1140	1120	1140	5
4628	エスケー化研	2220	2300	2210	2300	16
4629	大伸化学	450	450	440	440	5
4631	インキ	408	445	405	445	2204
4633	サカタＩＮＸ	270	273	265	270	89
4634	洋インキ	196	204	196	204	359
4635	東インキ	269	270	265	265	18
4636	Ｔ＆Ｋ	3550	3550	3480	3520	8.1
4640	アンドール	561	561	500	500	10
4641	アルプス技	1300	1300	1250	1300	11
4642	オリジナル設	1300	1339	1300	1339	5
4643	コナミスポ	9380	9400	8380	8380	15
4644	イマジニア	3370	3450	3200	3200	11.5
4645	市進	271	271	271	271	1
4646	ジャスフォート	962	970	962	970	1.6
4649	大成	560	560	560	560	1
4650	スガイエンタ	650	650	650	650	0.1
4651	サニックス	9900	10000	9250	9260	70.5
4652	ウッドランド	6860	6870	6700	6700	9
4653	ダイオーズ	870	870	870	870	1
4654	ニチゾウテク	0	0	0	0	0
4655	ＮＯＶＡ	960	960	960	960	2
4656	サン・ライフ	3150	3150	3150	3150	1.2
4657	環境管理	1280	1280	1280	1280	2
4658	日本空調	0	0	0	0	0
4659	エイジス	1700	1700	1500	1590	17
4660	ニッポン放送	12560	14150	12500	13990	103
4661	ＯＬＣ	11460	11500	10730	11100	119.3
4662	フォーカス	4540	4650	4340	4600	64
4663	ＡＴＬ	1620000	1680000	1580000	1600000	0.021
4664	ＲＳＣ	0	0	0	0	0
4666	パーク２４	11500	11900	11150	11500	14.8
4667	アイサンテク	400	405	400	405	4
4668	明光ネット	440	440	430	440	5
4669	ニッパンＲ	0	0	0	0	0
4670	セタ	0	0	0	0	0
4671	ファルコバ	3100	3100	2700	2700	57
4672	ベルックス	0	0	0	0	0
4673	川崎地質	480	480	480	480	1
4674	クレスコ	11600	12200	10400	12200	9.1
4675	エヌエス環境	685	695	685	695	2
4676	フジテレビ	1760000	1810000	1640000	1800000	2.353
4677	デザイ	850	850	850	850	147
4678	秀英	1350	1350	1310	1350	7
4679	田谷	1901	1991	1901	1991	3
4680	ラウンドワン	605000	617000	605000	608000	0.458
4681	リゾートトラ	2890	2890	2850	2890	16
4682	電通テック	15000	15000	13900	14200	7.3
4683	堀内カラー	729	729	680	680	8
4684	オービック	69000	69200	66000	68500	22.8
4685	菱友システム	0	0	0	0	0
4686	ジャスト	7600	7740	7250	7350	24.1
4687	ＴＤＣソフト	4450	4450	4400	4400	5.3
4688	日本ドレーク	37700	37700	36700	36800	4.2
4689	ヤフー	120400000	120400000	120400000	120400000	0.015
4690	日パレット	255	255	255	255	1
4692	アルゴ２１	4600	4650	4490	4580	18.7
4694	ＢＭＬ	5000	5400	5000	5400	33
4695	マイスター	820	820	820	820	3
4696	ワタベ	1260	1380	1260	1380	3
4697	ゼロ	4800000	5000000	4150000	4300000	0.135
4699	ウチダエスコ	360	360	359	359	7
4700	アクセス	18400000	18400000	16600000	17500000	0.025
4701	プレック研	0	0	0	0	0
4702	55ステーション	0	0	0	0	0
4703	住商オート	870	910	860	900	133
4704	トレンド	17100	17500	16900	16900	265.5
4705	クリップ	316	316	310	310	6
4706	富士通サポート	0	0	0	0	0
4707	キタック	0	0	0	0	0
4708	もしもしＨＬ	16500	16700	15200	15800	10.7
4709	ＩＤ	1490	1500	1410	1410	19
4710	ウィン	370	370	360	360	4
4711	コミュニティ	1570	1570	1505	1505	4.9
4712	アドアーズ	495	500	490	500	3
4713	日信電サ	1390	1390	1320	1320	3
4714	リソー教育	270000	278000	265000	270000	0.023
4715	クリエイティブ	415	430	415	430	12
4716	日本オラクル	86000	87000	79000	79000	103.5
4717	ソデッソジャパン	4710	4710	4600	4690	32
4718	早稲アカ	520	520	490	490	17
4719	アルファシス	26000	26200	24000	24100	11
4720	城南進研	770	810	770	810	4
4721	フジスタッフ	5500	5590	5500	5500	68
4722	フューチャー	31000000	31000000	30000000	31000000	0.007
4723	グッドウィル	5100000	5100000	4750000	5000000	0.309
4724	シチエ	1010	1010	980	1000	13
4725	ＣＡＣ	5400	5720	5400	5650	63
4726	ソフトバンテク	110000	110000	110000	110000	5.5
4727	アジアＳ総研	6100	6100	5800	5850	2.9
4728	トーセ	10000	10000	9000	9000	14
4729	コナミスタジオ	6400000	6500000	6010000	6200000	0.015
4730	関西メンテ	830	895	811	895	17
4731	ユニバホーム	2450000	2450000	2350000	2400000	0.016
4732	ＵＳＳ	3800	3800	3500	3510	104
4733	ＯＢＣ	52100	53000	52000	52000	15
4734	ビーイング	2400	2500	2300	2400	45
4735	京進	480	480	480	480	2
4736	日本ラッド	2500	2510	2500	2500	12
4737	シダックス	1740	1740	1500	1560	15
4738	日立ビジネス	2800	2940	2760	2895	46
4739	ＣＴＣ	98000	103000	93000	93100	100.9
4740	ニューディル	4050000	4100000	3500000	3660000	0.038
4741	ＩＲＩ	0	0	0	0	0
4743	アイティフォ	8490	8490	7510	7510	19
4744	メッツ	8500000	8500000	7700000	7700000	0.045
4745	東京個別	6500	6500	5900	5950	26
4746	東計電算	2020	2070	1930	2000	52
4747	Ｃフィッシュ	24000000	24000000	24000000	24000000	0.023
4748	構造計画	3500	3500	3500	3500	33
4749	アドバックス	699	699	699	699	82
4751	サイバエージ	16990000	16990000	14790000	14790000	0.17
4901	富士写	4800	4850	4780	4850	814
4902	コニカＨＤ	466	483	466	476	620
4911	資生堂	1350	1350	1336	1348	461
4912	ライオン	385	387	383	386	367
4913	サンスター	369	369	350	353	5
4914	高砂香	447	447	431	437	147
4915	エイボンＪ	230	230	225	230	10
4916	ノエビア	1100	1110	1100	1100	8
4917	マンダム	1680	1720	1660	1720	48
4918	アイビー	520	520	520	520	3
4919	ミルボン	7300	7300	6900	6900	16
4920	日本色材	0	0	0	0	0
4921	ファンケル	19990	20000	18000	18400	64.6
4922	コーセー	2740	2740	2600	2610	34
4951	エステー化	570	580	570	578	9
4953	タイホー工業	390	390	380	380	3
4954	マークテック	0	0	0	0	0
4955	アグロカネシ	655	665	650	660	12
4956	コニシ	1190	1250	1170	1250	23.6
4957	ヤスハラケミ	0	0	0	0	0
4958	長谷川香料	1920	2220	1920	2220	18.8
4959	シーシーアイ	0	0	0	0	0
4960	ケミプロ	500	501	500	501	12
4961	日油技研	780	780	780	780	1
4963	星光ＰＭＣ	595	595	595	595	3
4964	星光化学工業	0	0	0	0	0
4965	曽田香料	400	400	400	400	4
4966	上村工	1860	1860	1820	1825	23
4967	小林製薬	10890	10890	10800	10800	5
4968	荒川化工	1090	1090	1011	1070	16
4970	東洋合成	1460	1460	1380	1460	52
4987	寺岡製	711	711	695	700	9
4989	イハラケミ	240	248	240	240	112
4990	昭和化	329	329	329	329	2
4992	北興化	371	380	371	380	20
4996	クミアイ化	191	199	191	195	33
4997	日農薬	220	220	215	219	24
4998	フマキラ	220	220	215	215	10
4999	セメダイン	242	250	242	242	17
5001	新日本石油	367	376	358	369	3443
5002	昭和シェル	400	413	399	408	482
5005	東  燃	605	620	593	610	567
5006	興亜石油	315	323	315	323	382
5007	コスモ石	148	155	147	148	1056
5008	東亜石	123	125	122	125	120
5009	富士興	73	76	73	73	43
5010	日精蝋	89	90	89	90	19
5011	ニチレキ	500	500	490	495	34
5012	東燃ゼネ石	219	223	218	220	418
5013	ユシロ	500	515	500	500	9
5014	ジャパンエナジー	89	91	89	90	1977
5015	ＢＰカスト	829	841	825	830	10
5101	浜ゴム	294	300	287	292	1369
5102	大機エンジ	244	244	231	231	3
5103	昭ゴム	120	125	116	125	90
5104	日東化工	98	100	98	100	14
5105	洋ゴム	156	166	155	163	462
5106	オーツタイヤ	186	190	186	187	14
5108	ブリヂストン	2200	2350	2195	2350	1503
5110	住友ゴ	564	564	543	551	553
5121	藤ゴム	233	235	229	235	26
5122	オカモト	233	238	232	238	52
5123	ミサワ東洋	130	130	130	130	5
5142	アキレス	175	176	170	170	128
5143	世界長	182	200	182	182	130
5161	西川ゴム	0	0	0	0	0
5162	朝日ラバー	1630	1630	1450	1450	14
5184	ニチリン	300	300	300	300	2
5185	フコク	700	710	700	700	4
5186	ニッタ	770	790	753	769	24.9
5187	クリエート	905	905	905	905	1
5188	帝都ゴム	100	100	100	100	1
5189	桜ゴム	163	163	148	148	4
5191	東海ゴ	769	786	760	760	61
5192	三星ベ	264	275	264	270	61
5193	平成ポリマー	108	108	93	93	5
5194	相模ゴ	620	640	620	620	18
5195	バンドー	216	224	216	221	268
5196	鬼ゴム	78	78	74	74	17
5199	不二ラテ	0	0	0	0	0
5201	旭硝子	862	868	857	868	2892
5202	板硝子	1100	1100	1058	1100	1425
5204	石塚硝	200	200	187	200	8
5205	日本無機	360	365	355	365	30
5208	有沢製	2295	2445	2205	2250	23
5210	日山村硝	190	200	186	200	376
5212	不二硝	0	0	0	0	0
5213	芝セラミ	613	617	601	608	546
5214	日電硝	1500	1528	1491	1514	818
5215	旭テクノグラス	770	780	760	772	101
5216	倉元	1840	1840	1800	1820	15.3
5217	テクノクオツ	2550	2550	2480	2480	35
5232	住友大阪	421	445	415	445	1923
5233	太平洋セメ	172	179	168	173	1467
5234	デイ・シイ	151	167	151	166	28
5237	ノザワ	90	90	89	89	6
5261	ミサワリゾ	272	279	262	279	19
5262	日ヒューム	245	252	245	250	34
5266	テイヒュー	145	145	145	145	1
5267	ハネックス	126	129	119	129	15
5268	旭コン	340	369	340	365	6
5269	日コン	109	109	107	107	4
5271	トヨアサノ	126	126	126	126	3
5272	浅野スレ	90	91	90	91	9
5273	三谷セキ	265	265	265	265	5
5274	ゼニパイプ	0	0	0	0	0
5276	石建工	483	484	481	484	3
5277	スパンクリト	300	315	300	310	54
5278	エバタ	167	167	145	145	4
5279	日本興業	0	0	0	0	0
5280	ヨシコン	0	0	0	0	0
5281	旭ダンケ	350	350	350	350	1
5282	ジオスター	1020	1020	990	1000	39
5283	高見沢	0	0	0	0	0
5284	ヤマウ	460	460	460	460	5
5285	ヤマックス	300	300	300	300	1
5286	武井工業	320	320	320	320	1
5287	イトヨーギョ	1171	1171	1150	1150	7
5301	東海カ	212	217	210	217	837
5302	カーボン	138	139	127	134	516
5304	エスイ−シ−	220	220	220	220	14
5331	ノリタケ	490	515	490	496	501
5332	ＴＯＴＯ	540	557	538	556	974
5333	ガイシ	930	942	920	925	751
5334	特殊陶	1046	1046	1005	1025	420
5336	INAX	567	570	561	566	295
5337	ダントー	340	340	325	334	56
5338	大トー	274	274	274	274	1
5341	アサヒ陶	120	120	120	120	1
5342	ジャニス	0	0	0	0	0
5343	ニッコー	380	380	380	380	2
5344	ＭＡＲＵＷＡ	2850	2850	2620	2800	26
5351	白煉瓦	350	360	337	354	376
5352	黒崎	156	161	156	160	114
5355	ルツボ	125	128	125	128	5
5356	美濃窯	245	245	244	244	2
5357	ヨータイ	183	193	183	193	7
5358	イソライト	185	185	177	177	6
5359	ハリマセ	98	98	95	96	39
5361	東海熱	430	440	426	431	59
5362	九州耐	175	193	175	193	2
5363	ＴＹＫ	190	199	185	190	51
5367	ニッカトー	900	950	890	930	48
5382	中央商事	340	340	340	340	4
5383	三共理化	579	579	528	528	5
5384	フジミインコ	4000	4100	3800	4100	11.7
5386	鶴弥	800	800	781	781	2
5387	チヨダウーテ	710	760	710	760	2
5388	クニミネ	260	260	260	260	1
5389	日レヂボン	0	0	0	0	0
5390	宇部マテリア	172	172	160	162	81
5391	Ａ＆ＡＭ	117	117	116	116	2
5393	ニチアス	173	175	171	172	102
5395	コランダム	150	150	146	147	5
5397	ＭＩＥテクノ	0	0	0	0	0
5398	日研紙	0	0	0	0	0
5401	新日鉄	240	248	238	238	30759
5403	川崎製鉄	163	172	162	170	13582
5404	日本鋼管	62	64	62	63	7383
5405	住金	66	70	66	70	21892
5406	神戸鋼	62	63	61	63	4940
5407	日新鋼	111	112	108	109	2787
5408	中山鋼	133	145	133	142	94
5410	合同鉄	92	98	91	96	344
5423	東京製鉄	262	275	262	273	331.3
5443	東洋製鋼	49	50	45	45	106
5444	大和工	359	370	359	365	143
5445	東京鉄	75	76	75	75	27
5446	北越メ	130	130	130	130	1
5448	東京鋼鉄	0	0	0	0	0
5449	大阪製鉄	475	475	450	450	7.9
5451	淀川鋼	297	328	295	310	494
5453	洋鋼鈑	374	389	374	380	234
5454	日鉄鋼板	190	206	190	200	70
5457	住友鋼管	306	311	300	311	88
5458	高砂鉄	119	120	119	120	10
5461	中部鋼	125	133	125	133	12
5462	日鉄鋼管	144	145	144	144	5
5463	丸一管	1229	1229	1190	1219	106
5464	モリ工	245	254	245	254	24
5471	大同特鋼	175	179	169	175	1100
5476	高周波	77	78	75	77	311
5479	日金工	114	118	108	112	471
5480	冶金工	97	97	92	92	877
5481	山陽鋼	148	150	148	148	135
5482	愛知鋼	320	328	315	325	349
5484	東北鋼	480	480	480	480	3
5486	日立金	730	750	725	740	810
5491	日金属	113	115	109	114	65
5541	大平金	239	243	229	234	880
5542	報国鉄	609	609	609	609	1
5562	日本重化学	132	134	130	131	618
5563	日本電工	195	195	190	194	803
5566	中央電	170	175	170	170	17
5602	栗本鉄	264	268	264	268	10
5603	虹技	150	152	150	152	24
5605	自動鋳	78	78	75	75	7
5606	旭テック	136	140	135	137	98
5607	中可鍛	250	250	250	250	9
5608	川口金	245	249	242	249	10
5609	日鋳造	0	0	0	0	0
5610	大和重	110	110	110	110	7
5612	鋳鉄管	217	230	217	230	17
5613	日本カタン	270	270	270	270	2
5631	日製鋼	108	110	103	109	689
5632	菱製鋼	88	98	88	98	459
5633	関東特殊製鋼	73	78	73	74	53
5641	ＴＤＦ	186	186	171	171	4
5642	日本鍛工	64	64	64	64	11
5644	メタルアート	100	100	100	100	3
5645	イチタン	160	160	160	160	5
5657	鈴木金	155	155	154	155	7
5658	日亜鋼	418	431	418	430	166
5659	日精線	211	222	211	222	15
5660	神鋼線	90	93	89	93	25
5691	東京シヤリング	90	92	87	89	20
5694	大和綱帯	0	0	0	0	0
5695	パウダテック	450	450	450	450	1
5696	川鉄鋼板	115	115	115	115	1
5697	サンユウ	0	0	0	0	0
5701	日軽金	93	95	91	95	1262
5702	大紀ア	163	163	160	160	6
5706	三井金	575	595	568	595	1798
5707	東邦鉛	245	247	240	245	737
5711	三菱マ	319	320	305	308	6464
5713	住友鉱	310	313	303	306	1616
5714	同和鉱	257	265	250	263	1696
5715	古河機金	198	198	191	197	1049
5716	日鉱金属	789	825	783	806	336
5721	Ｓサイエンス	1000	1075	970	1008	1175
5727	邦チタ	500	500	485	490	12
5728	アライドマテリアル	1070	1070	1030	1069	35
5729	日精鉱	187	189	187	189	7
5734	昭和アルミ	120	122	117	119	536
5738	住軽金	83	85	81	85	122
5739	日製箔	150	150	141	141	12
5740	九州不二サッシ	0	0	0	0	0
5753	日伸銅	61	70	55	70	99
5756	東海アルミ箔	55	55	54	54	15
5757	サンエツ	0	0	0	0	0
5771	菱伸銅	246	248	233	244	269
5781	東邦金	155	155	150	155	12
5801	古河電	1741	1750	1645	1750	2696
5802	住友電	1330	1359	1313	1333	2211
5803	フジクラ	500	510	497	510	739
5804	菱線工	248	265	248	265	1415
5805	昭電線	180	181	177	178	605
5807	東特線	340	340	335	338	83
5808	理研線	214	214	200	208	13
5809	タツタ	175	177	172	172	99
5810	第一電工	115	120	110	113	1473
5811	トヨ電線	345	345	345	345	2
5812	日立線	935	935	910	925	460
5813	花島電線	0	0	0	0	0
5814	京三電線	155	155	152	155	8.5
5815	沖電線	233	235	232	233	58
5816	オーナンバ	185	185	185	185	1
5817	日電線	370	370	350	350	4
5818	東日京三電線	0	0	0	0	0
5819	カナレ電気	1640	1650	1640	1640	1.4
5820	三ッ星	0	0	0	0	0
5851	リョービ	125	133	125	130	200
5852	アーレスティ	249	255	249	255	16
5853	京都ダイカスト	171	171	170	170	5
5854	東京理化工	105	109	100	109	19
5855	アサヒプリテ	3390000	3390000	3090000	3100000	0.021
5900	ダイケン	450	450	440	440	7
5901	洋カン	1890	1930	1890	1903	472
5902	北カン	210	225	206	215	81
5903	シンポ	630	645	630	640	5
5904	アルコアシステム	480	480	470	475	4
5905	日カン	180	180	173	180	9
5906	エムケー精工	0	0	0	0	0
5907	ＪＦＥコンテ	140	140	125	125	4
5908	日鉄ドラム	0	0	0	0	0
5909	コロナ	1200	1200	1100	1100	9
5910	立山アルミ	271	271	271	271	3
5911	横河ブ	329	343	329	339	207
5912	日本橋	116	121	116	117	19
5913	松尾橋	219	220	215	220	66
5914	宮地鐵工所	210	211	202	211	32
5915	駒井鉄	375	380	365	380	141
5916	ハルテック	215	218	213	218	37
5917	サクラダ	79	79	79	79	19
5918	滝上工	358	360	350	355	51
5919	日鉄塔	269	270	265	270	17
5920	鈴木シャ	210	210	203	203	16
5921	川岸工	265	265	246	264	9
5922	那須鉄	200	200	200	200	2
5923	高田機	460	465	455	465	24
5924	新日軽	81	81	76	80	30
5925	酒井鉄工所	115	115	115	115	2
5926	安治川鉄工	113	113	113	113	5
5927	ホリー	123	126	123	123	23
5928	アルメタクス	259	259	259	259	2
5929	三和シャタ	318	330	310	327	346
5930	文化シヤタ	263	268	255	255	274
5931	川田工	207	214	207	210	26
5932	三協アルミ	91	96	89	93	335
5933	アルインコ	211	245	211	234	65
5934	日本ア	57	57	57	57	3
5935	元旦	809	809	809	809	2
5936	洋シヤタ	108	114	108	113	92
5937	洋エクス	719	720	700	703	66
5938	住生活Ｇ	1500	1500	1457	1485	767
5939	大谷工業	0	0	0	0	0
5940	不二サッシ	144	144	133	140	23.5
5941	中西製	0	0	0	0	0
5942	フイルコン	310	310	309	309	2
5943	ノーリツ	1150	1150	1112	1131	65
5944	日立粉末	679	685	678	679	32
5945	天竜製鋸	0	0	0	0	0
5946	長府製	1494	1507	1451	1500	6.9
5947	リンナイ	1790	1820	1790	1810	59.4
5949	ユニプレス	233	233	232	232	7
5950	パワーファス	127	127	127	127	1
5951	ダイニチ工業	340	340	300	340	29.9
5952	アマテイ	85	85	85	85	2
5954	トープラ	136	136	136	136	1
5955	ヤマシナ	323	325	300	300	264
5956	トーソー	300	300	299	299	3
5957	日東精	179	180	167	176	31
5958	三洋工	153	155	151	151	30
5959	岡部	274	275	264	266	21
5961	トーカロ	0	0	0	0	0
5962	浅香工	200	200	200	200	2
5963	日立ツール	384	398	380	395	34.5
5964	洋刃物	121	121	121	121	12
5965	フジマック	540	540	540	540	1
5966	ＫＴＣ	295	295	295	295	13
5967	前田金	135	135	120	120	2
5969	ロブテックス	115	115	115	115	1
5970	菊池プレス	380	380	376	376	4
5971	共和工業	0	0	0	0	0
5972	日本建鐵	298	300	295	296	18.5
5973	トーアミ	530	550	530	546	6
5974	中国工	169	175	165	175	60
5975	東プレ	340	350	340	350	39
5976	ネツレン	269	272	265	272	27
5977	コマツ電子	1160	1190	1110	1110	16.9
5979	カネソウ	0	0	0	0	0
5980	田中亜鉛	0	0	0	0	0
5981	東京綱	147	155	144	152	727
5982	マルゼン	340	340	330	330	6
5983	イワブチ	400	400	395	395	7
5984	兼房	470	470	470	470	0.5
5985	サンコール	427	432	420	424	50
5986	モリテック	265	270	265	270	24
5987	オーネックス	260	260	260	260	1
5988	パイオラクス	800	800	770	770	3
5989	ヒラタ	395	395	390	390	5
5990	スーパツール	137	137	137	137	1
5991	ニッパツ	330	330	315	315	888
5992	中央発條	384	385	376	384	17
5993	知多鋼	0	0	0	0	0
5994	ファインＳ	315	325	315	325	20
5995	科学冶金	0	0	0	0	0
5996	新立川	930	930	930	930	0.2
5997	協立エアテク	735	735	735	735	0.1
5998	アドバネクス	269	275	268	271	109
5999	イハラサイエ	215	216	210	210	12
6005	三浦工	1190	1280	1190	1250	69.5
6011	新潟鉄工所	84	84	80	81	2048
6013	タクマ	961	980	960	977	175
6016	神発動	0	0	0	0	0
6018	阪神燃	85	85	85	85	8
6020	神鋼造機	98	98	98	98	1
6021	ロビン	0	0	0	0	0
6022	赤阪鉄	95	95	95	95	4
6023	ダイハツデ	154	154	154	154	5
6041	ボッシュ	130	134	130	134	880
6042	ニッキ	156	158	143	148	10
6101	ツガミ	633	639	610	619	890
6102	池貝	205	210	205	208	346
6103	オークマ	426	437	420	437	596
6104	東芝機	210	230	210	230	478
6106	日立精機	173	176	171	176	90
6107	アマダマシ	200	207	200	200	324
6108	アマダワシノ	95	97	92	97	235
6111	旭精機	235	240	235	240	16
6112	小島鉄	0	0	0	0	0
6113	アマダ	835	846	815	820	923
6114	住倉工業	175	182	175	177	69
6118	アイダ	424	424	406	420	154
6119	ゼィープラス	221	260	221	260	16
6121	滝澤鉄	86	86	85	85	11
6122	若山精密	233	233	210	225	10
6125	岡本工	129	130	122	130	58
6126	大ダイヤ	209	210	195	195	40
6130	日平トヤマ	206	220	205	219	34
6131	浜井産	207	212	201	201	72
6134	富機製	6800	6830	6430	6430	38.9
6135	牧野フ	930	940	910	934	262
6136	ＯＳＧ	449	500	449	500	197
6137	小池工	170	172	165	170	66
6138	ダイジェト	125	130	122	123	30
6139	東芝タンガロイ	244	255	241	252	951
6140	旭ダイヤ	645	665	645	654	324
6141	森精機	1700	1720	1652	1680	106
6142	富士精	235	235	235	235	1
6143	ソディック	775	782	761	770	92
6144	西部電機	235	235	235	235	2
6145	日特エンジ	1980	1980	1720	1720	40
6146	ディスコ	25200	25200	24210	24480	35.2
6147	ヤマザキ	0	0	0	0	0
6148	UHT	1990	1990	1900	1950	11
6149	小田原エンジ	720	720	720	720	0.5
6150	タケダ機械	140	140	140	140	1
6151	日東工器	2520	2550	2410	2455	8.3
6201	豊田織	1883	1928	1883	1884	305
6203	豊和工	129	137	128	137	169
6204	キリウ	180	180	180	180	7
6205	ＯＫＫ	112	112	110	112	59
6206	豊田工	903	903	892	900	98
6208	石川製	111	115	110	111	107
6210	東洋機械	631	631	603	603	11
6211	倉敷機	90	94	84	84	13
6212	帝人製機	180	180	175	175	28
6213	ＯＭ製	145	150	145	150	17
6214	大隈豊和機械	190	195	180	195	29
6216	寿工業	190	190	190	190	1
6217	津田駒	140	140	131	131	4
6218	エンシュウ	141	142	140	141	40
6221	大東製機	280	285	280	285	15
6222	島精機	2180	2300	2000	2300	65.4
6242	スピンドル	199	216	195	210	226
6245	ヒラノテク	266	266	266	266	10
6246	井上金	148	148	148	148	1
6247	日阪製	455	489	455	489	39
6271	ニッセイ	0	0	0	0	0
6272	レオン	371	380	370	375	32
6273	ＳＭＣ	20000	20000	18920	19700	109.5
6274	新川	4370	4400	4070	4290	90
6275	イセキ開発工	126	135	126	131	12
6276	ナビタス	980	990	970	970	11
6277	ホソミクロン	611	618	605	605	7
6278	ユニオンツル	15890	15890	15300	15330	24.7
6279	瑞光	1633	1664	1630	1650	3.5
6280	名機製	1810	1820	1700	1750	23
6281	前田製作	415	415	415	415	1
6282	オイレス	1700	1700	1660	1669	26.5
6283	オリイメック	400	400	365	365	4
6284	ＡＳＢ機械	660	670	631	640	42
6286	静甲	0	0	0	0	0
6287	サトー	3310	3380	3290	3370	63.2
6288	ハマダ印刷機	170	170	170	170	2
6289	技研製	355	355	355	355	1
6290	ＳＥＳ	1850	1860	1750	1820	45
6291	エアーテック	700	700	700	700	2
6292	カワタ	1010	1020	1010	1020	3
6293	日精樹脂	950	980	950	950	20
6294	オカアイヨン	195	195	180	180	4
6295	富士変速	0	0	0	0	0
6296	ロキテクノ	1130	1130	1070	1090	12
6297	鉱研工業	590	595	450	480	195.6
6298	ワイエイシイ	2360	2370	2200	2370	15
6299	神鋼環境Ｓ	286	290	286	290	6
6300	アピクヤマダ	910	910	875	875	19
6301	コマツ	470	477	462	466	3196
6302	住友機	241	255	239	255	1480
6303	ササクラ	425	425	425	425	3
6304	マキ製作所	0	0	0	0	0
6305	日立建機	415	425	412	425	123
6306	日工	222	233	222	233	38
6307	サンセイ	110	115	108	109	20
6309	巴工業	0	0	0	0	0
6310	井関農	109	115	105	115	682
6311	セイレイ工業	300	302	300	300	29
6312	フロイント	0	0	0	0	0
6313	共立	139	139	135	135	37
6314	石井工研	960	960	881	910	4.8
6315	ＴＯＷＡ	4110	4150	3980	3980	45.6
6316	丸山製	158	158	147	154	49
6317	北川鉄	136	142	135	141	29
6319	シンニッタン	210	219	208	208	169
6320	新ダイワ	235	235	235	235	2
6321	石搬機	366	376	366	366	5
6322	タクミナ	0	0	0	0	0
6323	ローツェ	2360	2360	2300	2300	11
6324	ハーモニック	3020000	3150000	3000000	3010000	0.011
6325	タカキタ	180	180	180	180	4
6326	クボタ	358	361	340	347	947
6327	北川精機	0	0	0	0	0
6328	荏原実業	1550	1550	1500	1540	15
6329	ＨＥＣ	578	610	578	593	13
6330	東洋エンジ	102	105	101	102	212
6331	化工機	224	225	221	225	73
6332	月島機	720	720	707	715	60
6333	帝国電	645	650	620	645	12
6334	明治機	385	440	378	405	957
6335	東京機	442	455	440	445	199
6336	石井表記	3350	3350	3200	3200	3
6339	新東工	249	270	246	270	46
6340	渋谷工	840	850	840	850	16
6341	日立造船富岡	182	182	180	181	10
6342	太平製	90	90	90	90	3
6343	フリージア	92	92	88	88	16
6345	アイチコーポ	169	170	165	170	55.1
6346	菊川鉄	196	196	196	196	2
6347	プラコー	130	130	130	130	1
6348	日本マリンテクノ	610	610	610	610	2
6349	小森	1607	1679	1577	1670	196
6350	新日本造機	0	0	0	0	0
6351	鶴見製	535	535	520	535	32
6352	トヨコケン	0	0	0	0	0
6354	日立機電	411	450	411	438	64
6355	住友精	384	417	372	410	418
6356	日ギア	191	191	186	186	8
6357	三精輸	312	318	310	318	90
6358	酒井重	221	233	220	232	70
6359	粟村製作所	143	147	143	147	7
6360	東自機	0	0	0	0	0
6361	荏原	1365	1365	1365	1365	675
6362	石井鉄	200	214	191	205	6
6363	酉島	500	510	500	510	19
6364	北越工	198	198	170	170	11
6365	電業社	4980	5000	4700	4710	2.1
6366	千代建	170	173	165	168	588
6367	ダイキン	1750	1830	1750	1829	559
6368	オルガノ	407	407	400	406	74
6369	トヨカネツ	105	108	103	108	148
6370	栗田工	2090	2090	2030	2065	104
6371	椿本チ	417	424	401	423	293
6372	セイサ	107	107	107	107	1
6373	大同工	201	201	199	200	31
6374	ＴＣＭ	165	170	160	165	63
6375	コンベヤ	118	125	115	118	273
6376	日機装	510	525	504	504	283
6377	甲陽建設	381	382	363	365	17
6378	木村化	162	162	162	162	3
6379	新興プラン	136	144	117	140	197
6380	オリチェン	105	105	96	96	9
6381	アネスト岩田	160	163	160	161	63
6382	トリニ工	280	280	275	275	7
6383	ダイフク	950	964	910	911	381
6386	扶桑レクセ	1260	1290	1250	1250	8
6388	ミサワバン	394	398	384	395	105
6389	内田油圧	79	85	77	80	9
6390	加藤製	160	170	160	162	28
6391	加地テック	178	178	178	178	10
6392	ヤマダコーポ	156	160	155	155	27
6393	油研工	124	124	118	118	35
6394	大江工業	160	160	160	160	2
6395	タダノ	210	210	199	206	101
6396	宇野鉄	190	190	190	190	1
6397	郷鉄工	130	130	130	130	2
6398	日本電産シンポ	890	890	890	890	3
6403	水道機	380	380	360	360	4
6406	フジテック	920	920	897	897	241
6407	シーケーディ	545	555	531	555	558
6408	クラッチ	995	1000	995	995	18
6409	キトー	345	350	335	350	5
6411	中野冷	0	0	0	0	0
6412	平和	2280	2280	2200	2245	136.7
6413	理想科学	2890	3100	2850	3010	14.6
6414	川重冷熱	460	460	460	460	1
6415	ニスカ	880	880	880	880	3
6416	桂川電機	321	325	321	325	3
6417	ＳＡＮＫＹＯ	6410	6550	6050	6370	445.8
6418	日金銭	1930	1980	1875	1900	34
6419	マース	2630	2630	2520	2560	17.9
6420	福島工業	0	0	0	0	0
6421	キヤノンＦ	750	750	721	740	18
6422	キヤノン化成	1100	1110	1080	1100	29
6423	アビリット	5910	6000	5810	5850	32.3
6424	高見サイ	0	0	0	0	0
6425	アルゼ	6720	6750	6290	6380	22.7
6426	サミー	4200	4300	4100	4110	12
6427	東北リコー	1090	1120	1071	1072	24
6431	キャノンＮＴＣ	293	293	282	285	38
6436	アマノ	760	780	752	779	188
6437	三条機	145	145	145	145	9
6439	中日鋳	0	0	0	0	0
6440	ＪＵＫＩ	185	190	183	185	70
6442	コピア	266	289	266	289	28
6443	東洋製	135	140	135	140	7
6444	サンデン	575	575	556	567	397
6445	蛇の目	100	100	97	97	75
6448	ブラザー	270	270	260	268	151
6453	シルバ精	229	230	209	209	856
6454	マックス	857	870	850	870	189
6455	モリタ	309	310	309	309	30
6457	グローリー	1647	1674	1640	1660	34
6458	新晃工	141	145	141	145	15
6459	大和冷	296	306	296	301	57
6461	日ピス	160	162	155	158	400
6462	リケン	230	235	227	235	153
6463	ＴＰＲ	252	252	252	252	5
6466	トウアバルブ	146000	150000	146000	150000	0.005
6467	ニチダイ	535	565	535	565	28
6468	駿河精機	2280	2300	2150	2230	93
6469	放電精密	685	685	670	670	2
6470	大豊工業	1010	1011	981	981	15
6471	日精工	820	820	786	820	1525
6472	ＮＴＮ	303	330	301	330	2086
6473	光洋精	825	855	825	849	820
6474	不二越	200	200	193	200	747
6475	天辻	920	950	920	950	8
6476	富士テクニカ	0	0	0	0	0
6477	ツバキ・ナカ	1120	1137	1083	1110	27.5
6478	ダイベア	0	0	0	0	0
6479	ミネベア	1333	1375	1300	1363	1501
6480	トムソン	1001	1005	956	972	110
6481	ＴＨＫ	4750	4750	4570	4650	198.7
6482	ユーシン精機	10400	10400	9390	10000	27.9
6483	川重防災	540	540	540	540	11
6484	ＫＶＫ	235	235	232	235	7
6485	前沢給装	608	610	600	610	8
6486	イーグル工	302	321	302	321	17
6487	積水工機	270	270	270	270	2
6488	ヨシタケ	275	275	275	275	1
6489	前沢工業	871	900	869	880	102.4
6490	ピラー	820	825	800	820	39
6492	岡野バ	150	150	140	140	11
6493	日鍛バ	192	192	190	191	5
6494	ファネス	400	401	392	392	11
6495	宮入バ	100	100	100	100	6
6496	中北製	230	230	230	230	5
6497	ハマイ	0	0	0	0	0
6498	キッツ	173	177	173	175	114
6499	大隈エンジニア	151	151	150	150	11
6501	日立	1270	1270	1226	1260	5890
6502	東芝	960	968	936	941	8751
6503	三菱電	960	964	941	950	3233
6504	富士電機ＨＤ	340	341	336	339	1675
6505	東洋電	185	187	175	186	128
6506	安川電	1390	1390	1345	1390	694
6507	神鋼電	163	164	160	161	149
6508	明電舎	222	230	220	228	772
6513	オリジン	1250	1250	1119	1225	1534
6516	山洋電	467	468	447	455	178
6517	デンヨー	710	710	700	705	40
6518	三相電機	630	630	630	630	1
6581	日立工	263	269	260	266	249
6583	松下冷機	526	537	520	529	241
6584	三桜工	564	630	564	630	72
6585	サーボ	282	300	282	300	9
6586	マキタ	907	913	905	911	103
6587	松下精工	420	420	411	420	34
6588	東芝テック	446	450	440	440	263
6590	芝浦	1160	1190	1160	1190	218
6591	西芝電	178	178	160	165	27
6592	マブチ	11400	11590	11390	11450	105.3
6593	ローヤル電	499	499	499	499	2
6594	日電産	19500	19700	19110	19350	168.7
6621	高岳	182	182	175	178	126
6622	ダイヘン	234	234	230	233	197
6623	愛電機	220	220	220	220	3
6624	田淵電	300	310	300	310	21
6641	日新電	240	246	240	242	105
6643	戸上電	158	158	158	158	8
6644	大崎電	476	476	470	475	21
6645	オムロン	2840	3070	2840	3070	974
6646	エナジーサポ	326	327	326	327	7
6647	森尾電	180	180	162	163	14
6648	かわでん	82	82	80	81	38
6650	春日電	185	185	180	180	10
6651	日東工	601	630	601	621	37
6652	和泉電	1180	1180	1150	1155	131
6654	不二電機	722	722	722	722	1
6655	東洋電機	0	0	0	0	0
6701	ＮＥＣ	2720	2775	2630	2730	3853
6702	富士通	2990	3000	2890	2990	6580
6703	沖電気	712	720	688	712	1311
6704	岩崎通	256	260	254	255	209
6705	ＮＥＣインフ	600	610	585	585	84
6706	電気興	1120	1120	1070	1094	163
6707	サンケン	601	604	589	590	895
6708	東洋通	2245	2310	2190	2230	255
6709	明星電	142	142	142	142	5
6710	大興電機製作	184	190	184	190	26
6711	高見澤電機	180	180	180	180	1
6712	田村電機製作	320	325	300	300	57
6714	神田通信工業	263	265	263	265	10
6715	ナカヨ通	338	350	338	350	6
6716	中央無	519	528	500	500	5
6717	富士通アクセ	2535	2635	2535	2590	53.9
6718	アイホン	1510	1600	1510	1599	6.7
6741	信号	467	467	460	467	134
6742	京三	250	255	250	252	78
6743	大同信	212	212	212	212	1
6744	能美防災	365	365	339	339	84
6745	ホーチキ	324	324	315	316	18
6747	小糸工	365	365	360	365	28
6748	星和電	460	460	460	460	5
6749	マスプロ	1185	1200	1151	1156	15.1
6751	日無線	990	995	970	980	404
6752	松下	2900	2900	2825	2875	3316
6753	シャープ	2270	2350	2220	2350	3160
6754	アンリツ	956	971	945	945	506
6755	富士通ゼ	674	690	670	684	88
6756	日立国際	1378	1384	1360	1368	275
6758	ソニー	25800	26680	24700	26400	5468.6
6759	ＮＥＣトーキ	746	750	735	735	218
6761	アイワ	1680	1690	1660	1670	123.1
6762	ＴＤＫ	12560	13350	12550	12800	478
6763	帝通工	375	375	360	360	85
6764	三洋電	620	624	602	611	2165
6765	ケンウッド	398	400	395	398	240
6766	宮越商	61	67	61	67	37
6767	ミツミ	3760	3840	3630	3750	149
6768	タムラ	495	495	485	485	114
6770	アルプス	1443	1580	1390	1521	6503
6771	池上通	429	440	420	433	114
6772	コスモス	145	150	145	150	5
6773	パイオニア	2905	2985	2870	2985	545
6775	東和メクス	165	165	155	155	40
6776	天昇電	167	185	167	185	20
6779	日電波	3600	3600	3300	3500	114.1
6780	日立電子	604	604	571	571	14
6781	松下通信工業	18150	18450	16740	17510	243
6782	九州松下電器	1220	1234	1220	1225	168
6783	松下寿電子	2480	2520	2420	2450	452
6791	コロムビア	181	185	179	179	43
6792	ビクター	684	694	672	672	285
6793	山水電	25	25	24	25	1008
6794	フォスター	742	742	708	720	54
6796	クラリオン	585	600	580	592	783
6798	ＳＭＫ	1060	1080	1035	1079	390
6799	日本マランツ	226	229	225	225	11
6800	ヨコオ	3500	3500	3180	3230	73
6801	東光	870	870	813	852	361
6802	赤井電機	46	46	45	45	1215
6803	ティアック	455	460	448	450	391
6804	ホシデン	5450	5480	5250	5310	172
6805	八木アン	683	683	671	671	7
6806	ヒロセ電	14300	14800	14000	14790	65.9
6807	航空電子	646	656	646	650	89
6808	シントム	95	97	89	91	3617
6809	ＴＯＡ	340	340	330	330	123
6810	マクセル	2575	2585	2555	2585	106
6811	クオンツ	950	950	860	861	80
6812	ジャルコ	490	490	490	490	3
6813	ナカミチ	145	156	140	140	122
6814	古野電	441	441	441	441	4
6815	ユニデン	873	890	870	886	158
6816	アルパイン	1490	1529	1490	1517	86
6817	スミダコーポ	4980	5000	4890	4900	8.1
6818	島田理	1210	1210	1160	1160	7.6
6819	オメガ・プロ	2370	2420	2200	2270	146
6820	アイコム	1990	1990	1850	1850	10
6821	バーテクスＳ	1200	1200	1100	1100	3
6822	大井電気	390	400	385	400	15
6823	リオン	1270	1350	1270	1350	7
6824	新コスモス	385	395	385	395	3
6826	本多通信	4500	4500	4320	4370	30
6827	東北パイオ	7300	7300	6600	6990	230
6837	京写	2200	2250	2160	2200	8
6838	多摩川電	2190	2190	2190	2190	1
6839	船井電	70000	70000	63500	67500	19.6
6840	アドテック	1230	1230	1210	1210	2
6841	横河電	1042	1079	1040	1070	716
6842	ユニパルス	1110	1110	1110	1110	2
6843	東光精機	0	0	0	0	0
6844	新電元	570	575	568	569	122
6845	山武	836	853	826	852	153
6846	中央製	147	147	147	147	1
6847	安藤電気	1890	1890	1800	1821	11
6848	東亜ＤＫＫ	340	345	325	345	15
6849	日本光電	330	330	321	325	43
6850	チノー	237	246	237	242	58
6851	大倉電気	240	240	230	236	9
6852	テクノセブン	225	227	211	227	25
6853	共和電	241	245	241	241	8
6855	電子材料	3200	3200	3180	3200	15
6856	堀場製	814	818	810	815	64
6857	アドバンテスト	19300	19500	18250	19200	209.8
6858	小野測器	225	225	211	211	13
6859	エスペック	838	845	828	828	26
6860	サンクス	800	800	800	800	5
6861	キーエンス	41550	43650	41300	42800	125.6
6862	ミナトエレ	290	290	270	270	4
6863	ニレコ	565	565	510	510	5
6864	ＮＦ回路	390	430	390	430	3
6866	ＨＩＯＫＩ	845	889	845	860	14
6867	リーダー電子	0	0	0	0	0
6868	東カソード	1350	1350	1160	1280	1.7
6869	シスメックス	3240	3240	3150	3180	39.4
6870	フェンオール	751	751	730	748	15
6871	日本マイクロ	1870	1880	1800	1850	6.8
6872	日本コーリン	9200	9200	8880	8880	20
6873	日立電子Ｅ	851	860	850	860	13
6874	協立電機	4200	4270	4000	4270	17
6875	メガチップス	7000	7100	6850	7000	24
6876	光波	6110	6110	5800	5800	13
6877	ＯＢＡＲＡ	0	0	0	0	0
6878	長野日無	600	600	591	591	2
6879	フォトロン	450	450	450	450	1
6880	シンワ	1380	1380	1300	1340	6.4
6881	キョウデン	4260	4320	4260	4290	38
6882	三社電機	655	655	655	655	1
6883	電産コ電	1330	1330	1200	1200	23
6884	デジタル	0	0	0	0	0
6885	ミヤチテクノ	1060	1120	1000	1040	9.2
6886	グラフィック	650	650	635	635	2
6887	日本ＬＳＩカード	630000	630000	550000	550000	0.01
6888	アクモス	920000	920000	860000	870000	0.062
6889	オーデリック	650	660	630	660	16
6890	フェローテク	1650	1650	1500	1550	41
6891	イーター電機	1220	1250	1150	1210	16
6892	シチズン電子	20000	20200	19200	20000	15.4
6893	タイテック	855	860	825	825	25
6894	パルステック	2000	2050	1972	2045	31
6895	ダイヤ電機	510	520	510	510	6
6896	北川工業	1380	1380	1300	1300	14.3
6897	ツインバード	0	0	0	0	0
6898	トミタ電機	330	330	330	330	3
6899	ＡＳＴＩ	680	699	680	699	3
6900	東京電波	8010	9200	8010	9200	35
6901	沢藤電	353	365	352	365	52
6902	デンソー	2400	2400	2330	2350	1202
6904	原田工業	430	430	430	430	2
6905	コーセル	3500	3500	3300	3300	9.6
6906	キヤ･コンポ	307	307	307	307	3
6907	ジオマテック	1540	1540	1500	1520	16.1
6908	イリソ電子	452	452	450	450	4
6909	北部通信工業	425	425	401	411	6
6910	日立メディコ	1062	1100	1062	1100	9
6911	新日無	992	999	950	950	22
6912	菊水電子	491	510	491	510	3
6913	メルコ	2620	2720	2620	2670	19.4
6914	オプテックス	1010	1010	1010	1010	2
6915	千代田インテ	1450	1500	1450	1460	10
6916	アイオデータ	2950	3000	2850	2990	28.2
6917	デンセラムダ	2700	2780	2700	2750	25.3
6918	アバール	1320	1350	1300	1300	10
6919	ケル	810	810	800	810	5
6920	レーザーテク	0	0	0	0	0
6921	東光電	322	322	317	317	9
6922	昭和情報	540	540	510	510	11
6923	スタンレー	731	749	701	726	429
6924	岩崎電	215	215	210	210	50
6925	ウシオ電	2135	2165	2110	2160	387
6926	岡谷電	251	251	240	240	43
6928	エノモト	1280	1280	1200	1200	8
6929	日セラ	1200	1201	1190	1190	19
6930	日本アンテナ	1370	1400	1320	1320	11
6931	日本電池	410	432	408	420	551
6932	ユアサコーポ	250	250	247	250	14
6933	ＹＵＡＳＡ	290	293	286	288	923
6934	新神戸	705	705	681	681	84
6935	日デジタル	1830	1846	1815	1835	30.1
6936	東洋高砂乾	149	154	140	154	6
6937	古河池	316	316	310	310	24
6938	双信電機	860	860	835	850	43
6939	ＵＭＣＪ	1080000	1080000	1000000	1030000	0.169
6940	多摩電気	315	315	315	315	1
6941	山一電機	3690	3720	3610	3650	152
6942	ソフィア	340	340	330	330	2
6943	開閉器	690	780	690	780	29
6944	アイレックス	0	0	0	0	0
6945	ＦＴＥＣ	700	700	675	675	19
6946	日本アビオ	290	290	290	290	1
6947	図研	2600	2700	2550	2680	44.8
6948	住友電装	0	0	0	0	0
6949	キンセキ	900	905	860	889	68
6950	ＹＥデータ	633	633	630	630	18
6951	日電子	570	571	551	555	28
6952	カシオ	1019	1055	1008	1055	489
6953	日ＮＣＲ	509	509	485	488	5
6954	ファナック	9900	10250	9650	10000	542
6955	ＦＤＫ	824	825	800	820	90
6956	神明電	1850	2200	1700	1750	302
6957	芝浦電子	330	340	322	340	6.3
6958	日本ＣＭＫ	1270	1271	1230	1271	183
6959	アマダメ	715	725	699	706	567
6960	フクダ電	1800	1900	1800	1900	10
6961	エンプラス	5500	6300	5500	6170	63.1
6962	大真空	651	657	620	626	141
6963	ローム	35300	35350	33350	34200	324.3
6964	サンコー	2250	2250	2110	2110	23
6965	ホトニクス	7300	7350	7150	7260	127.3
6966	三井ハイテク	1869	1885	1800	1811	58.8
6967	新光電工	5150	5150	5100	5100	25.3
6968	グラフテック	194	194	184	184	10
6969	松尾電	899	900	850	880	69
6970	日本コンラックス	585	597	585	586	179
6971	京セラ	15410	15470	14810	15260	537.8
6972	エルナー	490	495	460	475	46
6973	協栄産	366	366	346	360	16
6974	日本インター	330	335	324	335	25
6975	ＮＥＯＭＡＸ	1100	1140	1075	1140	140
6976	太陽電	6320	6650	5900	6600	589
6977	抵抗器	202	202	202	202	1
6979	松尾電機	3800	3820	3600	3600	7
6980	日立ＡＩＣ	1228	1230	1162	1170	57
6981	村田製	23000	23250	21600	23000	609
6982	リード	120	120	120	120	8
6984	朝日ナショナ	0	0	0	0	0
6985	ユーシン	490	490	467	467	35
6986	双葉電	4360	4470	4250	4250	15.8
6988	日東電	4000	4000	3790	3950	335
6989	北電工	202	206	202	203	54
6991	松電工	974	1005	972	991	2556
6992	国産電	245	245	245	245	6
6993	森電機	204	210	194	195	151
6994	指月電	298	298	285	285	14
6995	東海理	961	961	958	959	10
6996	ニチコン	2950	3150	2910	3000	393
6997	日ケミコン	487	490	470	470	151
6998	タングス	290	291	283	291	24
6999	ＫＯＡ	2635	2635	2460	2550	160
7003	三井造	70	73	69	73	1377
7004	日立造	87	94	87	94	1908
7007	佐世保	72	74	71	73	176
7011	三菱重	310	342	303	332	11182
7012	川重	124	126	120	126	2404
7013	石川島	120	121	117	119	2184
7014	名村造	129	133	127	133	188
7018	内海造	0	0	0	0	0
7020	サノヤス	253	253	250	253	17
7021	ニッチツ	0	0	0	0	0
7052	信貴造船所	135	135	135	135	5
7102	日車両	219	235	218	235	531
7104	富士車輌	91	92	90	92	47
7105	ニチユ	170	170	158	164	67
7122	近畿車	157	157	138	143	68
7123	東急車輌製造	90	90	87	87	74
7124	輸送機工業	395	400	395	400	2
7142	ナブコ	171	173	170	170	25
7201	日産自	413	415	402	402	3650
7202	いすゞ	240	245	236	237	1202
7203	トヨタ	5200	5330	5150	5260	6752
7204	小松ゼノア	250	250	245	245	58
7205	日野自	300	310	290	297	936
7207	日野車体	87	87	84	84	27
7210	日産ディ	88	90	86	86	203
7211	三菱自	439	486	434	470	4857
7212	エフテック	461	461	461	461	3
7219	ＨＫＳ	720	720	670	705	9
7220	武蔵精密	1050	1050	1050	1050	1
7221	トヨ車	765	771	760	766	32
7222	産車体	122	125	122	125	90
7223	関東自	610	617	610	615	94
7224	新明和	157	162	157	162	82
7225	小松フォーク	150	155	149	155	217
7226	極東開発	510	520	510	510	6.6
7227	アスカ	0	0	0	0	0
7228	デイトナ	420	420	420	420	1
7229	ユタカ技研	0	0	0	0	0
7230	日信工業	1350	1350	1330	1330	9
7231	トピー	161	169	161	169	496
7232	トキコ	142	149	142	147	100
7233	自部品	100	100	93	93	16
7234	橋本フォーミング	67	70	65	69	17
7235	東ラヂ	120	120	120	120	3
7236	ティラド	285	290	278	278	298
7237	ボッシュブレーキ	182	185	182	185	28
7238	ブレーキ	196	198	196	198	12
7239	タチエス	0	0	0	0	0
7240	ＮＯＫ	364	378	364	378	150
7241	フタバ	1098	1120	1085	1100	239
7242	カヤバ	190	190	176	178	272
7243	シロキ	217	217	213	216	22
7244	市光工	215	225	215	222	68
7245	大同メ	0	0	0	0	0
7246	プレス工	86	86	83	83	98
7247	ミクニ	134	136	133	135	17
7248	カルソニック	226	232	226	230	145
7249	尾張精	219	219	219	219	1
7250	太平洋工	266	279	266	278	26
7251	ケーヒン	950	951	938	949	216
7252	富士機	200	200	200	200	1
7253	日本ガスケット	0	0	0	0	0
7254	フジユニ	175	185	162	163	23
7255	桜井製	0	0	0	0	0
7256	河西工	220	220	201	216	44
7257	自転車電機工	199	200	195	195	5
7258	栃木富士産業	194	195	194	195	9
7259	アイシン	1395	1395	1365	1391	170
7260	富士機工	190	190	190	190	2
7261	マツダ	302	311	299	300	2919
7262	ダイハツ	567	567	546	564	151
7263	愛知機	135	138	135	137	216
7264	ＭＵＲＯ	0	0	0	0	0
7265	エイケン工業	911	911	900	910	3
7266	今仙電機	324	324	324	324	1
7267	ホンダ	3970	4200	3970	4140	1453
7268	タツミ	0	0	0	0	0
7269	スズキ	1560	1562	1530	1555	1496
7270	富士重	795	796	766	773	921
7271	安永	390	390	390	390	1
7272	ヤマハ発	804	821	800	805	129
7273	イクヨ	190	190	190	190	1
7274	ショーワ	450	490	450	450	129
7275	ユニシア	115	120	114	115	42
7276	小糸製	518	531	518	522	138
7277	ＴＢＫ	115	119	110	110	28
7278	エクセディ	900	900	870	900	3.1
7279	ケーブル	1050	1070	1040	1050	36
7280	ミツバ	471	471	450	455	67
7281	カンセイ	216	222	216	221	71
7282	豊田合	6720	6720	5880	6080	326
7283	愛三工	480	480	480	480	12
7284	盟和産	241	241	238	240	19
7285	池田物産	126	133	125	125	188
7286	イズミ工業	130	130	120	120	20
7287	日精機	1630	1650	1580	1600	141
7288	テクノエイト	237	240	237	240	9
7289	マーレ テネックス	205	205	195	195	19
7290	日発精密工業	200	200	200	200	1
7291	日本プラスト	306	306	301	301	4
7292	村上開明	500	500	500	500	3
7293	大井製作所	230	230	225	225	4
7294	ヨロズ	238	249	238	240	23.6
7295	アイエス製機	300	300	300	300	1
7296	ＦＣＣ	1100	1140	1100	1100	13
7297	カーメイト	840	840	790	790	7
7298	八千代工	489	490	480	480	16
7299	フジオーゼ	212	212	212	212	5
7301	宮田	165	166	165	165	19
7305	新家工	129	132	129	132	8
7306	丸石自転車	568	568	500	500	39
7308	ツノダ	0	0	0	0	0
7309	シマノ	2195	2230	2160	2230	209.2
7399	ナンシン	320	320	300	300	4
7404	昭和飛	320	325	319	325	9
7407	日本飛行機	235	235	233	235	57
7408	ジャムコ	420	420	401	401	41
7410	横浜鋼業	0	0	0	0	0
7411	成和産業	0	0	0	0	0
7412	アトム	1590	1592	1590	1592	13
7413	創健社	235	240	235	240	3
7414	小野建	760	800	760	800	4
7415	新星堂	284	284	271	271	10
7416	はるやま	610	610	610	610	1
7418	ヤマキ	136	136	136	136	4
7419	ノジマ	1300	1300	1250	1260	3.8
7420	佐鳥電機	1036	1040	1000	1040	9
7421	カッパクリエ	1900	2000	1900	1980	15
7422	東邦レマック	0	0	0	0	0
7423	フォンテーヌ	1129	1148	1111	1111	8.3
7424	ニコニコ堂	200	200	200	200	1
7425	初穂商事	315	320	305	305	10
7426	山大	0	0	0	0	0
7427	エコーＴＤ	1650	1650	1650	1650	1
7428	江戸沢	790	790	790	790	1.5
7429	セイジョー	1700	1700	1680	1690	2.8
7430	サンワドー	530	530	530	530	0.4
7431	ニューフ	0	0	0	0	0
7432	ダルトン	460	460	460	460	1
7433	伯東	3800	3800	3550	3600	93.4
7434	オータケ	0	0	0	0	0
7435	ナ・デックス	522	539	522	530	3
7437	シーアンドエス	4390	4390	4310	4340	49.1
7438	コンドー	440	442	440	440	25.5
7439	サンミック千代田	196	196	196	196	3
7440	クラフト	995	1000	910	945	49
7442	中山福	350	350	346	350	21
7443	横浜魚類	0	0	0	0	0
7444	ハリマ共和	711	711	711	711	1
7445	ライトオン	11000	11000	10570	10900	9.9
7446	東北化学	0	0	0	0	0
7447	ナガイレーベ	2760	3000	2590	2590	3
7448	ジンズメイト	2440	2490	2400	2420	10.4
7449	太洋興業	200	200	200	200	3
7450	サンデー	756	756	756	756	1
7451	菱食	4260	4380	4260	4380	13.7
7452	マツヤ	0	0	0	0	0
7453	良品計画	16800	17200	16200	17100	83
7454	ホットスパー	234	235	234	234	20
7455	三城	7790	7900	7720	7900	28.8
7456	松田産業	2295	2465	2295	2465	3
7457	セキテクノ	500	500	500	500	1
7458	第一興商	3200	3400	3000	3400	68.8
7459	メディセオＨＤ	775	775	747	765	20.4
7460	ヤギ	465	465	460	463	9
7461	キムラ	0	0	0	0	0
7462	ダイヤ通商	514	514	514	514	1
7463	アドヴァン	3800	3800	3550	3590	98.1
7464	セフテック	353	353	353	353	1
7465	ＭＶ北海道	1770	1770	1770	1770	1
7466	ＳＰＫ	1100	1100	1090	1100	2.7
7467	萩原電気	0	0	0	0	0
7468	アムスク	1310	1320	1310	1310	8
7470	サロモンメイド	609	610	600	600	12
7471	ふじ	0	0	0	0	0
7472	鳥羽洋行	900	900	890	895	8
7473	静岡スバル	0	0	0	0	0
7474	パオ	650	700	650	700	5
7475	アルビス	499	520	499	520	21
7476	アズワン	1750	1880	1750	1830	12
7477	ムラキ	164	174	164	174	4
7478	ブルーグラス	591	610	590	610	6
7479	サンマルク	3390	3450	3350	3450	18.2
7480	スズデン	472	472	472	472	5
7481	尾家産	701	728	701	728	2
7482	シモジマ	1280	1310	1250	1250	22
7483	ドウシシャ	2280	2280	2230	2230	8
7485	岡谷鋼機	949	950	949	950	7
7486	サンリン	0	0	0	0	0
7487	小津産業	860	860	849	860	3.1
7488	ヤガミ	650	650	650	650	1
7490	日新商	0	0	0	0	0
7491	ＯＡシステム	1140	1160	1080	1120	13
7492	タイカン	539	550	539	548	28
7494	コナカ	699	763	699	700	38.2
7495	レオ	0	0	0	0	0
7496	八千代ムセン	1400	1400	1380	1380	9
7497	マインマート	655	655	630	650	14.1
7498	ジャパン	2270	2350	2270	2280	11
7500	西川計測	451	451	450	450	4
7501	ティムコ	1160	1160	1150	1150	2
7502	プラザクリエ	9600	10000	9300	9300	3.4
7503	ＩＭＩ	0	0	0	0	0
7504	高速	750	750	750	750	10
7505	扶桑電通	950	960	950	960	11
7506	ハウスローゼ	960	1000	960	985	12.8
7507	浜 勝	901	901	900	900	3
7508	オートセブ	801	840	799	840	7
7509	アイエー	640	675	640	675	6
7510	竹菱電機	1150	1150	1150	1150	1
7511	ジプロ	400	400	400	400	2
7512	ポスフール	1200	1220	1200	1202	3.2
7513	コジマ	2630	2680	2570	2620	123.9
7514	ヒマラヤ	845	850	830	840	23
7515	マルヨシ	360	360	360	360	11
7516	コーナン	1350	1350	1280	1350	13.8
7517	黒田電気	3580	3600	3400	3500	15.1
7518	ネットワン	4350000	4500000	4020000	4250000	1.079
7519	五洋インテ	285	285	285	285	1
7520	エコス	1290	1290	1250	1270	9.1
7521	ムサシ	1220	1220	1200	1200	8
7522	ワタミ	8600	8900	8600	8810	21
7523	アールビバン	5800	5800	5500	5700	22.6
7524	マルシェ	1550	1690	1500	1690	13.5
7527	システムソフ	750	810	750	810	10
7528	安藤薬業公司	475	475	470	470	2
7529	はるやま	195	200	195	200	2
7530	ナブコドア	0	0	0	0	0
7531	清和鋼業	0	0	0	0	0
7532	ドンキホーテ	15100	15150	14700	14720	43.1
7535	グッドマン	3500	3500	3350	3400	7.7
7536	船橋薬品	900	900	900	900	0.2
7537	丸文	1400	1400	1380	1400	30
7538	大水	475	475	475	475	9
7539	アベルコ	620	620	620	620	1
7540	エルエスフェンス	0	0	0	0	0
7541	メガネトップ	2900	2930	2800	2930	4.1
7542	ビスケーＨＤ	880	880	880	880	4
7543	ミスタージョン	0	0	0	0	0
7544	スリーエフ	1730	1740	1660	1740	9
7545	西松屋チェ	1990	2000	1920	2000	15
7547	オートハローズ	305	305	305	305	2
7548	サンクスＪＰ	1050	1160	1050	1080	11
7549	エス・エス・ブイ	579	579	579	579	1
7550	ゼンショー	1580	1650	1580	1650	13
7551	ウェッズ	0	0	0	0	0
7552	ハピネット	4350	4550	4340	4340	38
7553	サザビー	6300	6300	6000	6000	12
7554	幸楽苑	1350	1350	1260	1350	4
7555	大田花き	520	520	520	520	2
7556	住商エレク	2350	2350	2250	2250	6
7557	サンクス	6280	6300	6180	6300	19.6
7558	トーメンエレ	5700	5700	5210	5390	7
7559	ジーエフシー	0	0	0	0	0
7560	ユニマット	2730	2750	2610	2700	22.5
7561	ハークスレイ	3050	3150	3050	3050	8
7562	安楽亭	1640	1650	1600	1650	39
7563	ニッパン	245	245	235	235	10
7564	ワークマン	1780	1780	1770	1770	2
7565	万世電機	533	550	533	550	7
7566	ジャパンケア	0	0	0	0	0
7567	栄電子	535	535	535	535	2
7568	クレックス	710	765	710	750	58
7569	モンテカルロ	270	270	265	265	5
7570	橋本総業	0	0	0	0	0
7571	ヤマノＨＣ	1000	1050	1000	1050	5
7573	ツルハ	8000	8000	7550	7600	4.1
7574	共信テクノ	2210	2210	2150	2200	5
7575	日本ライフＬ	1700	1730	1660	1680	6.6
7576	ベターライフ	0	0	0	0	0
7577	パスポート	265	265	265	265	4
7578	ニチリョク	912	912	890	890	5
7579	オリジン東	2270	2290	2020	2160	25
7580	フーズネット	0	0	0	0	0
7581	サイゼリヤ	7100	7400	7100	7350	124
7582	富デバイス	3170	3170	3070	3070	21
7583	通商	330	330	330	330	2
7584	丸紅インフォ	620	650	620	650	3
7585	かんなん	1180	1180	1180	1180	2
7586	寺島薬局	1820	1820	1730	1730	6
7587	ＰＡＬＴＥＫ	3090	3100	2980	2990	47
7588	シートゥーネット	18950	19070	18740	19040	5.1
7589	デジキューブ	3600000	3600000	3150000	3450000	0.045
7590	タカショー	730	770	730	770	8
7591	エクセル	1650	1650	1610	1650	18
7592	アイ・ユー・ケイ	1080	1080	1080	1080	1
7593	ＶＴＨＤ	1510	1510	1450	1470	3
7594	マルカキカイ	399	399	399	399	2
7595	アルゴグラフ	3440	3450	3250	3400	5
7596	魚力	5400	5400	5000	5000	9
7597	東京貴宝	0	0	0	0	0
7598	ナイスクラ	560	575	555	575	48
7599	ガリバー	5400	5700	5110	5700	16
7600	日本ＭＤＭ	4000	4010	3820	3900	48
7601	ポプラ	1749	1749	1700	1700	9
7602	ジャック	20650	20650	18450	18450	34.4
7603	マックハウス	670	700	650	700	3
7604	梅の花	2400000	2400000	2400000	2400000	0.006
7605	フジコーポ	410	415	390	390	9
7606	Ｕアローズ	7600	7810	7600	7800	3
7607	進和	880	880	880	880	1
7608	ＳＫジャパン	650	650	650	650	1
7609	ダイトエレク	2670	2670	2600	2600	16
7610	テイツー	2000000	2050000	2000000	2030000	0.007
7611	ハイデ日高	1000	1000	1000	1000	4
7612	コモンウェル	2100	2100	1970	1970	2
7613	シークス	2410	2410	2110	2310	19
7614	オーエムツー	5550	6200	5550	6200	1.4
7615	京都友禅	820000	840000	820000	840000	0.091
7616	コロワイド	3680	3800	3600	3600	36.5
7617	オオゼキ	4950	4950	4910	4950	3
7618	ＰＣＤＥＰＯ	3800000	3800000	3400000	3400000	0.003
7619	田中商事	400	411	400	410	6
7620	ヤマト硝子	465	465	450	465	10
7621	うかい	1250	1330	1220	1300	6
7622	焼肉サカイ	2900	2980	2900	2900	11
7623	サンオータス	730	730	730	730	2
7624	内藤	751	753	751	753	3
7625	ダイニング	6200	6200	6200	6200	1
7626	ドッドウエル	5270	5270	4950	5000	13
7627	なか卯	1780	1780	1650	1650	5
7628	オーハシテク	1050	1050	1010	1050	15
7629	ムラチク	1120	1120	1110	1110	4
7630	壱番屋	1520	1520	1480	1520	20
7631	マクニカ	23900	24400	22300	24400	81
7632	住商メタレックス	615	620	615	615	5
7633	明響社	1950	2000	1750	1820	41
7634	星医療	1600	1700	1600	1700	6
7635	杉田エース	605	605	590	590	12
7636	ハンズマン	1170	1170	1170	1170	1
7637	白 銅	1150	1180	1150	1160	18
7638	シーマ	720	720	630	630	8
7639	贔屓屋	940	976	910	976	25
7701	島津	542	552	523	523	1747
7702	ＪＭＳ	428	435	426	435	30
7703	川澄化	1174	1203	1160	1200	40
7704	アロカ	1230	1250	1205	1230	26
7705	ジーエル	1900	1950	1900	1950	5
7706	セントラユニ	612	630	612	630	4
7711	助川電気	339	339	320	320	3
7713	シグマ光機	620	620	620	620	2
7714	モリテックス	9220	9300	9100	9100	17
7715	長野計器	1800	1800	1750	1750	3
7718	スター精	1780	1780	1750	1750	2
7719	東衡機	130	139	130	139	7
7720	ソキア	142	143	142	143	14
7721	トキメック	139	149	138	146	80
7723	愛時計	284	284	274	276	12
7724	金門	124	125	119	120	49
7726	黒田精	320	320	316	316	7
7727	オーバル	160	160	148	160	9
7728	電産トーソク	1139	1139	1059	1059	2
7729	東京精	11050	11100	10500	10900	89.6
7731	ニコン	3530	3590	3450	3450	808
7732	トプコン	407	430	406	420	26
7733	オリンパス	1577	1577	1490	1490	375
7734	理計器	343	349	343	345	26
7735	スクリン	640	656	625	641	575
7736	ユニオンＨＤ	143	143	135	136	14
7737	キャビン工業	186	186	186	186	1
7738	チノン	332	332	310	311	10
7739	キヤノン電	970	1001	970	1000	23
7740	タムロン	710	710	710	710	7
7741	ＨＯＹＡ	10010	10350	9300	9390	330
7742	ノリタ光	0	0	0	0	0
7743	シード	0	0	0	0	0
7744	ノーリツ鋼機	3460	3500	3400	3400	21.7
7750	ペンタックス	255	260	255	255	73
7751	キヤノン	4150	4380	4130	4380	2315
7752	リコー	2300	2360	2280	2360	2069
7753	ミノルタ	420	429	415	427	412
7756	電産コパル	1700	1749	1700	1715	65
7757	三協精	1226	1226	1180	1196	311
7758	セコニック	400	401	400	401	4
7762	シチズン	850	865	845	857	1511
7764	オリエント時計	160	160	160	160	2
7765	リコーエレメ	895	895	880	880	13
7768	ジェコー	0	0	0	0	0
7769	リズム	236	245	232	245	264
7770	ミヨタ	2900	2900	2840	2880	13
7771	日本精密	0	0	0	0	0
7857	セキ	1700	1700	1670	1670	10
7858	小野産業	1500	1500	1410	1500	4
7859	アルメディオ	1720	1720	1670	1670	26
7860	エイベックス	21200	21300	21200	21200	33.3
7861	東京リスマ	960	960	950	950	4
7862	トッパンフォ	2370	2550	2340	2400	224.5
7864	フジシール	5500	5550	5360	5500	27.5
7865	ピープル	0	0	0	0	0
7866	アトラス	2170	2170	2050	2070	26.4
7867	トミー	7200	7200	6600	6620	62.1
7868	広済堂	1140	1140	1120	1130	6.2
7869	日本フォーム	0	0	0	0	0
7870	福島印刷	480	480	480	480	2
7871	フクビ	550	550	550	550	2
7872	エステール	585	585	585	585	3.8
7873	アーク	3700	3700	3500	3500	18
7874	スルガ	6010	6080	6000	6080	23
7875	竹田印刷	650	650	650	650	1
7876	三陽PAX	0	0	0	0	0
7877	永大化工	810	850	810	850	30
7878	光彩工芸	0	0	0	0	0
7879	ノダ	450	471	450	452	1.6
7880	南部化成	381	381	381	381	3
7881	ニッソー	123	130	123	130	11
7882	アロン化成	432	432	415	415	25
7883	サンメッセ	0	0	0	0	0
7884	本間ゴルフ	440	470	440	465	32.1
7885	タカノ	1150	1150	1110	1149	1.7
7886	ヤマト・イン	275	275	271	271	8
7887	南プラ	449	449	447	447	8
7888	三光合成	360	360	346	346	12
7889	桑山	585	590	560	580	2.8
7890	アテナ工業	835	835	830	830	5.5
7891	日本ユピカ	247	256	246	256	3
7892	宇部日東化成	345	350	345	348	15
7893	亜細亜	1750	1750	1650	1660	24
7895	中央化学	1320	1330	1320	1330	2
7896	セブン工業	400	400	400	400	15
7897	ホクシン	175	178	171	171	16.5
7898	ウッドワン	540	550	530	531	27
7899	オザキ軽化	445	455	445	445	7
7900	大出産業	0	0	0	0	0
7901	マツモト	0	0	0	0	0
7902	ソノコム	1030	1030	1030	1030	3
7903	名木材	0	0	0	0	0
7904	天竜木	50	50	48	49	14
7905	大建工	286	295	275	290	86
7906	ヨネックス	395	395	395	395	8
7907	日防腐	0	0	0	0	0
7908	きもと	525	540	525	540	3
7909	シーアイ化	380	395	376	395	23
7910	段谷産業	135	135	126	126	147
7911	凸版	1160	1200	1150	1200	1382
7912	大日印	1720	1748	1705	1748	1209
7913	図書印	216	220	216	219	36
7914	共同印	367	367	356	365	81
7915	日写印	680	680	661	680	46
7916	光村印	260	275	260	275	24
7917	藤森工業	710	710	710	710	6
7918	ヴィアＨＤ	385	385	385	385	1
7919	野崎紙	305	305	305	305	3
7920	三浦印	330	330	315	315	9
7921	宝印刷	1960	1970	1910	1960	40
7922	三光産業	800	800	800	800	1
7923	トーイン	275	298	275	298	11
7925	前沢化成	1420	1450	1400	1425	30.8
7926	ベルテクノ	300	300	300	300	1
7927	ムトー精工	1560	1560	1500	1500	11
7928	旭化学	0	0	0	0	0
7929	新輝合成	0	0	0	0	0
7931	未来工業	1200	1200	1115	1116	23
7932	ニッピ	0	0	0	0	0
7933	ファイリング	400	400	400	400	18
7934	メルクス	84	84	84	84	5
7935	コンビ	1160	1210	1160	1160	19
7936	アシックス	110	112	108	110	473
7937	ツツミ	2050	2050	2040	2040	23.1
7938	リーガル	230	230	180	180	116
7939	研創	391	391	391	391	2
7940	ウェーブＨＤ	262	262	250	261	6
7942	ＪＳＰ	882	882	873	873	4
7943	ニチハ	780	790	775	780	45.3
7944	ローランド	1880	1940	1870	1930	22.4
7945	コマニー	0	0	0	0	0
7946	光陽社	248	248	247	247	4
7947	エフピコ	4500	4700	4450	4700	5.5
7948	ＡＷ・エモト	165	170	165	170	6
7949	小松ウオール	868	868	865	865	2.5
7950	日デコラ	0	0	0	0	0
7951	ヤマハ	840	880	837	879	838
7952	河合楽	160	163	160	162	55
7953	菊水化	0	0	0	0	0
7954	ジャレコ	400	403	390	390	19
7955	クリナップ	455	470	430	466	22
7956	ピジョン	1271	1295	1255	1265	26.5
7957	フジコピアン	226	226	211	211	8
7958	天馬	1109	1119	1109	1115	40
7959	オリバー	1000	1000	1000	1000	1
7960	パラマウント	9710	9750	9300	9330	26.2
7961	兼松日産農	200	201	187	195	37
7962	キングジム	640	640	635	640	6
7963	興研	495	495	470	470	4
7964	セガ	1960	2000	1900	1950	661.6
7965	象印	500	501	500	501	23
7966	リンテック	940	955	936	955	221
7967	バンダイ	3900	4030	3890	3920	243
7968	田崎真珠	446	450	445	450	20
7969	タカラ	479	479	450	456	36
7970	信越ポリ	649	649	620	645	81
7971	東リ	210	219	210	219	37
7972	イトーキ	426	430	425	425	159
7973	ホウトク	0	0	0	0	0
7974	任天堂	17000	17790	16980	17000	343.9
7975	リヒトラブ	222	222	221	221	3
7976	菱鉛筆	730	743	720	742	18
7977	フランスベッド	480	480	470	480	91
7979	松風	895	900	895	898	5
7980	重松製	241	241	241	241	1
7981	タカラスタ	439	452	439	445	124
7983	ミロク	155	155	155	155	1
7984	コクヨ	1360	1380	1345	1373	291
7985	ネポン	304	304	304	304	1
7986	キング工	221	225	220	225	29
7987	ナカバヤシ	364	374	364	371	32
7988	ニフコ	1150	1155	1130	1130	194
7989	ブラインド	980	980	921	921	21.9
7990	ダイワ精	149	149	141	141	74
7991	マミヤＯＰ	388	388	363	375	22
7992	セーラー	1820	1825	1699	1699	215
7993	サンウエブ	209	214	209	213	7
7994	岡村製	285	289	280	283	152
7995	バルカー	177	180	177	178	32
7996	パイロット	400	400	400	400	1
7997	くろ工	390	390	390	390	9
7998	高島屋工作	0	0	0	0	0
7999	武藤工	417	425	403	403	101
8000	カイゲン	525	530	525	530	3
8001	伊藤忠	550	550	520	534	2664
8002	丸紅	357	357	351	355	2305
8003	トーメン	82	88	71	73	10024
8004	ニチメン	122	123	121	123	812
8005	ムトウ	611	619	600	611	27
8006	ユアサフナ	179	185	179	185	47
8007	高島	109	109	106	109	32
8008	アスティ	749	759	749	759	3
8010	新興産業	133	133	133	133	19
8011	三陽商	294	294	292	294	90
8012	長瀬産	409	418	407	414	173
8013	ナイガイ	102	104	102	103	93
8014	蝶理	113	115	113	114	66
8015	豊田通商	310	319	308	316	395
8016	オンワード	1180	1199	1175	1199	398
8017	阪急共栄物産	0	0	0	0	0
8018	三共興	279	281	270	272	62
8019	市田	65	69	65	68	219
8020	兼松	84	85	77	78	495
8021	レナウン	138	154	131	150	6309
8022	ミズノ	273	276	265	275	246
8023	大興電子	692	692	685	685	2
8024	シルバーＯＸ	460	460	446	449	73
8025	ツカモトＣ	151	153	150	150	32
8027	ルシアン	168	168	150	157	156
8028	ファミリーＭ	4350	4410	4340	4400	236.6
8029	ルック	195	200	193	200	176
8030	中央魚	186	186	186	186	2
8031	三井物	795	799	777	785	3102
8032	紙パ商	346	352	338	338	84
8033	ジーネット	94	95	94	95	9
8035	東エレク	14700	14870	14200	14670	446
8036	日立ハイテク	1314	1350	1295	1295	35
8037	カメイ	520	535	518	530	58
8038	東都水	393	400	393	394	67
8039	築地魚	177	185	177	185	51
8040	東ソワール	214	214	213	214	10
8041	魚市場	320	325	320	325	39
8042	マタイ	221	221	214	221	10
8043	スターゼン	227	234	210	232	101
8044	大都魚	153	153	147	153	17
8045	浜丸魚	0	0	0	0	0
8046	丸藤パ	163	169	163	169	26
8047	デジ・ネット	3880	3980	3850	3850	4
8048	シャディ	2735	2735	2630	2700	5.9
8049	ＥＩＥ	569	600	530	550	39
8050	セイコー	530	535	529	535	178
8051	山善	172	179	172	174	111
8052	椿本興	176	185	175	181	21
8053	住友商	1241	1310	1241	1310	2392
8056	ユニシス	2900	3100	2875	2930	170
8057	内田洋	496	510	496	510	57
8058	三菱商	860	909	853	900	2732
8059	第一実	199	216	199	214	97
8060	キヤノン販	1455	1540	1455	1502	167
8061	西華産	201	216	200	201	381
8063	日商岩井	105	108	104	105	2355
8064	金商	93	93	88	93	15
8065	佐藤商	365	385	365	385	4
8066	三谷商	0	0	0	0	0
8067	トミヤアパ	369	385	350	385	18
8068	菱洋エレク	1550	1560	1498	1517	94
8069	加  商	398	399	396	396	11
8070	東京産	325	339	325	338	30.5
8071	東海物産	419	420	419	420	4
8072	出版貿	211	211	210	210	2
8073	Ｔ・ＺＯＮＥ	570	600	570	600	5
8074	ユアサ商	120	125	119	125	52
8075	神鋼商	164	164	152	155	60
8076	カノークス	0	0	0	0	0
8077	小林産	0	0	0	0	0
8078	阪和興	104	109	103	108	199
8079	正栄食	420	420	415	415	16
8080	ジョイス	0	0	0	0	0
8081	カナデン	482	494	476	494	49
8083	サンテレ	301	302	290	290	25
8084	菱電商	408	415	405	406	48
8085	ナラサキ産業	180	180	167	167	17
8086	ニプロ	918	930	910	920	25
8087	フルサト	649	690	649	690	7
8088	岩谷産	236	248	236	248	563
8089	ナイス	182	188	180	185	307
8090	昭光通商	144	154	144	153	243
8091	ニチモウ	151	152	145	152	74
8092	富士通シス	3600	3600	3400	3540	51.9
8093	極東貿易	930	940	908	910	70
8095	イワキ	230	231	226	231	10
8096	兼松エレク	465	475	462	472	21
8097	三愛石	296	299	291	299	60
8098	稲畑産	525	535	515	524	57
8100	藤井	80	80	80	80	15
8101	ＧＳＩクレ	102	102	99	99	65
8103	明和産	103	105	103	105	8
8105	丸正	255	255	245	250	55
8107	キムラタン	85	90	85	85	23
8109	山洋工	0	0	0	0	0
8110	川鉄商事	115	115	106	107	269
8111	ゴルドウイン	123	124	122	124	33
8112	東スタイル	897	929	897	920	284
8113	ユニチャーム	6520	6700	6520	6690	79.4
8114	デサント	191	200	188	189	60
8115	ムーンバット	124	131	124	130	12
8116	ダーバン	334	339	327	329	282
8117	中央自	252	258	252	255	11
8118	キング	192	200	192	192	29
8119	三栄コ	661	672	661	661	18
8120	大木	0	0	0	0	0
8123	川辺	120	123	120	123	19
8125	ワキタ	271	299	271	290	29
8126	三光純薬	0	0	0	0	0
8127	ヤマトインタ	135	135	135	135	18
8128	エフワン	85	85	85	85	29
8129	東邦薬	365	370	365	370	2
8130	サンゲツ	1975	1990	1945	1990	22
8131	ミツウロコ	568	590	566	589	22
8132	シナネン	405	405	396	396	96
8133	伊藤忠エネ	332	332	319	324	54
8134	ＴＯＫＡＩ	1250	1260	1178	1235	252
8135	ゼット	127	127	123	125	18
8136	サンリオ	3530	3540	3300	3380	251
8137	サンワテク	700	700	700	700	1
8138	三京化	259	260	259	259	29
8139	ナガホリ	270	270	270	270	3
8140	リョーサン	1959	1959	1886	1898	119
8141	新光商	981	997	980	981	46
8142	トーホー	0	0	0	0	0
8143	ラピーヌ	83	91	83	91	16
8144	電響社	336	350	335	335	63
8145	中部水産	389	389	389	389	1
8146	小杉産	0	0	0	0	0
8147	トミタ	181	181	181	181	1
8148	上原成	293	293	291	292	17
8150	三信電	745	752	736	745	68
8151	東陽テク	2510	2550	2450	2490	63
8152	ソマール	259	264	255	255	9
8153	モスフード	1203	1220	1185	1212	86
8154	加賀電子	1330	1337	1290	1290	21
8155	三益半導	1892	1905	1811	1820	75.4
8156	ガステック	550	551	550	551	3
8157	都築電	620	630	615	630	20
8158	ソーダニッカ	185	190	182	190	4
8159	立花エレ	610	610	603	603	23
8160	木曽路	1101	1102	1100	1102	3
8161	エイデン	970	1025	960	1025	116
8163	サトＲＳ	719	725	715	725	35
8164	キャビン	120	120	119	119	31
8165	千趣会	1145	1185	1106	1115	54
8166	タカキュー	225	237	225	234	123
8167	丸久	170	170	170	170	7
8168	ケーヨー	340	345	335	336	149.1
8169	宝船	350	350	350	350	3
8170	アデランス	3400	3420	3350	3400	178.6
8171	ＭＶ中部	0	0	0	0	0
8172	第一家庭電器	60	64	60	63	127
8173	上新電	290	312	290	312	31
8174	日ガス	585	585	566	566	24
8175	ベスト電	711	739	708	737	41
8176	西洋フードシス	415	421	406	415	123
8178	マルエツ	295	297	295	295	82
8179	ロイヤルＨＤ	930	988	930	971	68
8180	すかいらく	2795	2800	2775	2800	171
8181	東天紅	1470	1500	1453	1460	59
8182	いなげや	799	799	780	780	10
8183	セブン−イレブン	11400	11850	11250	11600	1027
8184	島忠	1244	1280	1200	1230	171.4
8185	チヨダ	510	530	510	530	18.3
8186	大塚家具	25400	26000	25000	26000	4.9
8188	ヨークベニ	2490	2590	2450	2550	49.7
8189	マツヤデンキ	289	299	287	299	17
8190	ヤマナカ	1800	1800	1800	1800	0.9
8191	光製作	0	0	0	0	0
8192	中川無線	90	90	90	90	18
8193	鈴丹	120	123	120	123	12
8194	ライフコーポ	567	585	567	585	34
8195	デニーズジャパン	1790	1795	1790	1791	12
8196	カスミ	419	419	401	401	17
8197	東急ストア	284	292	284	285	34
8199	デオデオ	880	890	870	889	87.3
8200	リンガハット	1046	1046	1031	1031	2.5
8201	さが美	229	229	226	226	13
8202	ラオックス	562	565	553	565	86
8203	ＭｒＭａｘ	340	369	340	356	35.1
8204	ジョナサン	1240	1240	1230	1230	6
8205	シャクリー	0	0	0	0	0
8206	アポロイン	0	0	0	0	0
8207	テンアライド	450	450	440	449	23.5
8208	エンチョー	560	560	560	560	2
8209	フレンドリ	510	510	500	500	6
8210	フットワーク	255	260	247	258	35
8211	相鉄ローゼ	0	0	0	0	0
8212	オーク	162	170	161	170	20
8213	トステムビバ	307	319	307	314	201
8214	アオキインタ	353	353	335	350	53.3
8215	銀座山形屋	286	286	286	286	3
8216	フォルクス	534	534	534	534	2
8217	オークワ	880	880	850	850	5
8218	コメリ	3280	3290	3200	3200	45.2
8219	青山商	1500	1640	1494	1600	286.3
8225	タカチホ	194	194	194	194	3
8226	理経	580	599	560	599	26
8227	しまむら	11000	11300	10600	11100	36.8
8228	マルイチ	0	0	0	0	0
8229	ＣＦＳコーポ	907	907	907	907	1.5
8230	はせがわ	415	430	410	430	32
8231	三越	432	437	425	434	1129
8232	東急百貨店	96	98	92	98	936
8233	高島屋	748	838	745	838	1263
8234	大丸	334	340	334	336	379
8235	松坂屋	250	254	240	254	151
8236	丸善	252	270	245	245	544
8237	松屋	390	391	372	387	34
8238	伊勢丹	899	925	881	913	320
8239	横浜松坂屋	80	81	80	81	12
8240	サッポロライオン	570	570	551	553	10
8241	阪神百貨店	450	450	450	450	6
8242	阪急百	480	485	472	479	170
8243	そごう	97	99	93	96	275
8244	近鉄百貨店	150	163	150	153	22
8245	丸栄	207	207	200	200	3
8247	大和	200	200	200	200	1
8248	ニッセン	530	550	500	525	41.4
8249	東洋物	610	620	610	620	2
8250	小松ストアー	0	0	0	0	0
8251	パルコ	283	288	282	288	74
8252	丸井	1670	1810	1664	1795	1444
8253	クレセゾン	1521	1650	1521	1610	508.9
8254	さいか屋	0	0	0	0	0
8255	原信	960	960	950	960	4
8256	プロルート	220	220	220	220	2.5
8257	山陽百	2520	2520	2520	2520	0.1
8258	ＯＭＣカード	400	402	395	401	115
8259	十字屋	75	77	75	76	206
8260	井筒屋	209	210	190	190	276
8261	ｼ鉄百貨店	300	300	300	300	27
8262	長崎屋	27	27	15	17	21813
8263	ダイエー	351	356	343	350	707
8264	イトーヨーカ堂	7000	7330	6910	7180	605
8265	壽屋	140	165	135	165	33
8266	イズミヤ	672	673	650	673	55
8267	イオン	1480	1480	1399	1400	507
8268	西友	231	241	225	241	1749
8269	マイカル	349	359	342	355	376
8270	ユニー	790	824	790	800	203
8273	イズミ	610	632	610	626	44
8274	東武ストア	179	179	179	179	11
8275	フォーバル	3130	3250	3130	3180	10.9
8276	平和堂	565	575	565	566	26
8278	フジ	1959	1968	1959	1967	3.9
8279	ヤオコー	1430	1460	1410	1459	3.1
8280	富士冷機	429	430	416	420	56
8281	ゼビオ	1650	1700	1650	1670	20.4
8282	ギガスケーズ	2320	2450	2320	2400	28.8
8283	パルタック	489	489	484	489	11
8285	三谷産業	451	451	451	451	1
8286	藍  屋	1600	1610	1590	1590	17
8287	ＭＶ西日本	1082	1082	1082	1082	4
8289	オリンピック	2300	2380	2160	2300	4.4
8290	デンコードー	700	700	700	700	7
8291	東日カーライフ	195	203	194	194	10
8292	東いすず	249	249	249	249	1
8293	愛トヨ	781	785	776	780	19
8295	キャノンシステム	602	650	602	650	16
8298	ファミリー	265	280	265	275	3
8299	大栄太源	470	470	470	470	4
8301	日銀	91000	91000	91000	91000	0.2
8302	興業銀行	840	863	832	850	3183
8311	第一勧銀	840	884	832	884	3149
8314	さくら銀行	700	700	686	690	4292
8315	東京三菱銀	1421	1460	1421	1451	6617
8317	富士銀行	875	910	863	910	5659
8318	三井住友銀行	1432	1506	1422	1491	6848
8319	大和銀行	285	297	283	297	1705
8320	三和銀行	1031	1050	1017	1037	4097
8321	東海銀行	596	633	586	616	2983
8322	あさひ銀行	547	595	545	557	5334
8324	第四銀	390	402	390	398	92
8325	北越銀	280	300	280	299	32
8326	福岡銀	630	650	625	650	827
8327	西日本シティ銀	371	383	366	370	64
8331	千葉銀	438	448	431	442	848
8332	横浜銀	370	382	370	380	853
8333	常陽銀	400	405	399	403	387
8334	群馬銀	570	584	568	583	143
8335	足利銀行	223	230	223	230	204
8336	武蔵銀	4410	4500	4410	4440	1.6
8337	千葉興	1152	1300	1152	1270	10
8338	関東つくば銀	1421	1450	1420	1420	2.6
8339	都民銀	3310	3360	3280	3360	6.6
8341	七十七	835	845	820	820	254
8342	青森銀	500	510	495	495	25
8343	秋田銀	409	409	403	409	68
8344	山形銀	550	550	541	544	4
8345	岩手銀	3900	4000	3890	4000	10.1
8346	東邦銀	383	398	383	387	32
8349	東北銀	230	230	230	230	18
8350	みちのく銀	600	600	579	599	30
8353	北海道銀行	150	150	146	150	100
8355	静岡銀	850	858	844	852	375
8356	十六銀	445	451	445	445	73
8357	北陸銀行	264	265	259	262	202
8358	スルガ銀	1420	1421	1360	1370	179
8359	八十二	586	589	581	581	437
8360	山梨銀	404	404	395	395	27
8361	大垣共立	535	535	515	520	54
8362	福井銀	297	300	273	300	163
8363	北国銀	378	378	370	370	106
8364	清水銀	4290	4290	4150	4150	1.6
8365	富山銀	0	0	0	0	0
8366	滋賀銀	518	535	512	525	50
8367	南都銀	702	714	690	690	50
8368	百五銀	494	494	474	476	15
8369	京都銀	510	527	507	527	88
8370	紀陽銀	284	291	284	288	118
8371	近畿大阪銀	0	0	0	0	0
8372	泉州銀	366	368	360	365	106
8374	三重銀	516	516	515	515	9
8375	池田銀	5250	5370	5250	5370	0.7
8379	広島銀	410	414	401	414	235
8380	山口銀	706	706	695	696	145
8381	山陰合銀	530	536	511	530	140
8382	中国銀	929	977	920	970	49
8383	鳥取銀	337	351	337	351	4
8385	伊予銀	656	660	650	650	48
8386	百十四	650	650	642	642	29
8387	四国銀	635	646	630	630	36
8388	阿波銀	512	512	510	511	15
8390	鹿児銀	400	410	400	408	48
8391	親和銀行	335	340	334	340	49
8392	大分銀	476	487	476	484	24
8393	宮崎銀	352	372	352	357	97
8394	肥後銀	444	444	437	444	38
8395	佐賀銀	340	341	339	341	55
8396	十八銀	321	340	321	339	59
8397	沖縄銀	2480	2480	2440	2450	3.3
8399	琉球銀	1400	1430	1330	1400	13.6
8401	三井信託	157	176	137	137	14683
8402	三菱信託	925	955	923	941	1311
8403	住友信	718	739	705	739	1311
8404	みずほ信託銀	135	145	134	145	2608
8405	日本信託	155	158	150	153	388
8407	東洋信託	337	351	335	349	1013
8408	中央三井信	545	568	521	560	1277
8489	アプレック	612	612	610	610	5
8493	インター	2310	2400	2205	2400	3.8
8507	学研クレジット	704	704	700	703	12
8508	イッコー	740	745	740	740	13
8511	日証金	775	800	764	795	414
8512	大証金	399	399	386	395	124
8513	中証金	0	0	0	0	0
8515	アイフル	14910	15300	14500	14890	59.6
8518	アジア投資	775	795	715	720	1215
8519	ポケットＣ	3430	3430	3290	3350	16.5
8520	殖産銀行	393	393	393	393	10
8521	長野銀	469	474	469	474	10
8522	名古屋銀	606	607	606	607	8
8523	近畿銀行	333	350	333	350	5
8524	北洋銀行	545	545	534	534	37
8527	愛知銀	7110	7110	6910	7050	1.9
8528	岐阜銀	222	222	222	222	8
8529	第三銀	451	456	449	449	57
8530	中京銀	434	440	434	435	8
8533	広島総合銀行	439	465	439	445	30
8536	東日銀	653	653	635	643	52
8537	大光銀	288	288	288	288	1
8539	福岡シティ銀	460	470	460	470	19
8541	愛媛銀	460	460	455	457	9
8542	トマト銀	0	0	0	0	0
8543	みなと銀	228	230	223	225	54
8544	京葉銀	320	324	311	312	90
8545	関西アーバン	181	200	181	200	11
8548	九州銀行	313	314	313	314	21
8549	せとうち銀行	399	400	399	400	5
8550	栃木銀	704	704	703	704	9
8551	北日銀	5400	5400	5350	5360	1.2
8552	びわこ銀	325	325	325	325	31
8556	香川銀	560	570	560	565	11
8558	東和銀	445	445	439	440	124
8561	徳島銀	790	790	780	781	10
8562	福島銀	345	345	340	344	20
8563	大東銀	334	335	330	335	41
8564	武富士	10000	10100	9740	10000	224.4
8565	三洋クレ	4200	4350	4190	4290	28.6
8566	リコーリース	2745	2850	2700	2850	52
8567	クレディア	2120	2220	2040	2220	17.7
8568	シンキ	2500	2540	2405	2500	35.8
8569	ユニココーポ	0	0	0	0	0
8570	イオンクレ	5700	5900	5300	5710	36.1
8571	ニッシン	4660	4830	4610	4700	6.7
8572	アコム	10720	11240	10540	11030	116.5
8573	三洋信販	3090	3180	3050	3160	121.1
8574	プロミス	7000	7430	6940	7240	137.2
8577	ロプロ	1930	1950	1880	1910	101.5
8579	東京リース	581	581	581	581	1
8580	ファーストクレジット	319	330	310	311	288
8582	日貿信	66	67	65	65	132
8583	日信販	271	286	271	284	680
8584	ジャックス	362	365	359	362	193
8585	オリコ	445	455	437	454	957
8586	日立キャピ	1750	1769	1715	1769	145.2
8587	ライフ	235	240	228	228	58
8588	セントラル	345	350	336	337	54
8589	アプラス	141	148	141	148	31
8591	オリックス	16650	17150	16500	17150	111.6
8592	住商リース	1411	1465	1411	1425	67
8593	ダイヤリース	1593	1593	1569	1569	13
8595	ジャフコ	24000	24500	22000	24300	453
8597	ＳＦＣＧ	14900	14900	13010	14010	133.8
8599	ＵＦＪセント	0	0	0	0	0
8601	大和証Ｇ	1900	1939	1820	1919	10946
8603	日興コーデ	1430	1449	1385	1420	6155
8604	野村ＨＤ	3090	3090	2990	3040	4973
8606	新光	580	582	555	580	1504
8607	みずほイン証	286	292	286	286	964
8608	和光証券	575	577	555	564	1130
8609	岡三ＨＤ	1100	1130	1072	1080	665
8610	さくらフレンド	410	420	402	420	639
8611	コスモ証	334	340	320	322	473
8612	第一証券	225	226	220	226	2180
8613	丸三	920	935	911	919	196
8614	東洋	611	612	585	600	217
8615	三菱証	1720	1740	1715	1720	223
8616	東海東京	511	525	504	504	307
8617	光世	394	396	385	393	447
8618	太平洋証	294	305	290	304	952
8620	東海丸万	870	878	843	850	220
8621	ＵＦＪつばさ証券	818	818	800	812	358
8622	水戸	640	648	620	640	209
8623	ＳＭＢＣ証	485	496	485	490	248.5
8624	いちよし証	1382	1392	1340	1392	391
8625	高木	460	460	451	460	47
8691	証券代	1148	1149	1148	1149	2
8692	だいこう	0	0	0	0	0
8742	小林洋行	1201	1201	1090	1200	5.5
8743	ひまわり証	280	298	272	280	12
8744	日本ユニコム	991	1020	940	940	10
8745	グローバリー	0	0	0	0	0
8746	第一商品	372	410	372	400	24
8747	豊商事	501	510	501	505	3
8748	岡藤商事	500	500	500	500	1
8749	エース交易	406	420	403	410	52
8751	東京海上火災	1021	1049	1015	1039	3058
8752	三井住友海上	473	483	463	483	1023
8753	住友海上火災	508	508	500	505	923
8754	日本興亜	268	271	263	263	448
8755	損害保険Ｊ	440	455	439	452	1661
8756	日産火災海上	265	275	265	270	202
8757	日新火	266	269	260	269	46
8758	千代田火災	291	297	285	295	364
8759	ニッセイ同和	272	272	263	271	133
8760	日動火災海上	436	455	431	450	233
8761	あいおい損保	275	297	275	296	1143
8762	興亜火災	252	265	245	252	263
8763	富士火	209	215	208	213	678
8764	太陽火災	0	0	0	0	0
8765	大成火災海上	213	217	213	216	57
8801	三井不	950	1000	950	1000	3552
8802	菱地所	995	1057	993	1055	2129
8803	平和不	270	285	264	280	655
8804	東建物	198	202	194	202	301
8805	中央地	120	122	118	120	22
8806	ダイビル	610	612	605	609	278
8809	サンケビル	321	330	320	321	71
8810	港振興	0	0	0	0	0
8815	東急不	102	107	102	107	305
8817	阪急不動産	360	365	360	361	20
8818	京阪神不	299	304	297	300	52
8821	立飛企	2400	2400	2385	2385	3
8826	エルカク	3	4	2	2	8056
8829	大和団地	219	225	215	224	212
8830	住友不	327	340	322	340	1307
8832	小田急不	165	165	160	162	7
8833	東宝不	386	388	377	387	21
8834	藤和不	60	61	59	59	191
8835	太平発	113	116	112	114	35
8836	ヒューネット	800	870	781	830	1809
8838	有楽地	115	115	100	115	45
8839	ニチモ	80	80	78	79	155
8840	大京	211	224	211	222	325
8841	テーオーシー	639	640	626	626	59
8842	楽天地	332	335	329	335	36
8844	リクコスモス	480	480	450	456	102
8845	セザール	222	245	222	245	127
8846	積和不動産	427	429	425	429	27
8848	レオパレス	368	395	368	395	87
8850	スターツ	500	500	500	500	8
8851	アバンライフ	199	199	150	150	5
8852	積和不動関西	372	378	372	372	25
8853	ダイヤシティ	359	360	359	360	9
8854	日住	270	278	268	275	5
8855	全日空ビル	125	125	125	125	1
8857	三井不動販売	402	433	402	433	103
8858	ダイア建	210	212	200	200	35
8860	フジ住	510	510	502	510	47
8863	積和不動中部	630	630	630	630	1
8864	空港施設	510	535	507	520	129
8865	神鋼興産	305	305	305	305	2
8866	コマーシャル	470	470	470	470	5
8867	横浜地下街	285	294	285	294	4
8868	ＵＲＢＡＮ	6980	6980	6000	6000	110
8869	明和地所	2480	2500	2445	2495	22.6
8870	住不販売	2450	2480	2385	2475	29.1
8871	ゴールドクレ	9900	10010	9500	9800	34
8872	エイブル	6190	6190	6000	6000	58
8873	積和不動中国	0	0	0	0	0
8874	ジョイント	4100	4100	3700	3850	70.5
8875	東栄住宅	1880	1890	1690	1750	11
8876	リロＨＤ	7700	7700	7700	7700	1
8877	エスリード	2310	2650	2250	2650	17
8878	日綜地所	1310	1350	1310	1320	7
8879	東急リバブル	550	558	535	536	11
8880	飯田産業	1870	1880	1800	1880	15
9001	東武	323	335	321	335	850
9002	西武鉄道	1505	1540	1502	1510	66
9003	相鉄	296	298	294	295	215
9004	箱根登山鉄道	299	304	299	303	8
9005	東急	469	469	452	462	1665
9006	京急	416	430	416	430	1016
9007	小田急	370	380	369	380	904
9008	京王	395	406	395	406	656
9009	京成	302	308	300	308	847
9010	富士急	331	334	330	332	19
9012	秩父鉄	170	170	170	170	2
9013	伊豆箱根鉄道	14000	14000	14000	14000	0.4
9014	新京成	310	310	301	310	9
9017	新潟交	350	350	350	350	12
9019	伊豆急行	2730	2730	2730	2730	2.1
9020	ＪＲ東日本	500000	500000	490000	491000	3.779
9021	ＪＲ西日本	355000	368000	351000	355000	1.053
9022	ＪＲ東海	700000	700000	680000	680000	0.605
9031	西鉄	281	283	276	283	90
9033	広電鉄	0	0	0	0	0
9036	東部ネット	635	660	625	640	24
9037	ハマキョウ	0	0	0	0	0
9038	東海西濃	0	0	0	0	0
9039	サカイ引越	2470	2470	2400	2400	4.4
9040	大宝運輸	280	280	280	280	1
9041	近鉄	458	467	455	465	742
9042	阪急ＨＤ	353	360	350	355	288
9043	阪神	310	315	309	312	125
9044	南海電	461	475	461	475	140
9045	京阪電	360	363	360	362	178
9046	神電鉄	433	440	425	440	48
9047	名糖運輸	0	0	0	0	0
9048	名鉄	308	320	308	319	422
9049	京福電	0	0	0	0	0
9050	三重交	350	380	350	361	10
9051	センコン物流	710	710	710	710	20
9052	山陽電	295	299	295	299	20
9053	中央運輸	0	0	0	0	0
9054	大和物流	549	549	549	549	2
9055	アルプス物流	560	560	540	540	5
9056	ヒューテック	1230	1230	1230	1230	3
9057	遠州トラック	1000	1000	1000	1000	1
9058	トランコム	1340	1360	1270	1290	56
9059	カンダ	300	319	299	319	10
9060	日ロジテム	290	290	285	285	8
9061	富士物流	184	185	183	184	15
9062	日通	790	790	770	781	2140
9063	岡県運送	170	170	170	170	3
9064	ヤマト運	2830	2830	2640	2750	791
9065	山九	120	128	119	125	450
9066	日新	171	175	170	173	85
9067	丸運	249	251	247	250	21
9068	丸全運	199	199	190	193	70
9069	センコー	215	216	211	216	86
9070	トナミ	205	207	201	207	106
9072	日梱包	601	610	601	609	94
9073	京極運	0	0	0	0	0
9074	日石輸	173	175	171	171	56
9075	福山運	601	613	601	613	166
9076	西濃運	521	535	521	529	101
9077	名鉄運	295	295	295	295	1
9078	エスライン	270	270	270	270	1
9079	東急ロジ	0	0	0	0	0
9080	関東西濃	0	0	0	0	0
9081	神奈交	458	460	450	460	14
9082	大和自	230	230	230	230	1
9083	神姫バ	0	0	0	0	0
9086	日立物流	490	492	489	489	233
9087	タカセ	256	256	256	256	2
9088	濃飛西濃	0	0	0	0	0
9089	ロジパル	397	397	397	397	1
9101	郵船	445	454	441	450	1758
9104	商船三井	208	210	207	210	3378
9107	川崎汽	188	193	186	192	2247
9110	新和海	69	71	68	70	87
9113	乾汽船	73	74	73	73	16
9114	日之出汽船	49	49	49	49	12
9115	明治海	155	160	152	155	10
9119	飯野海	165	175	165	175	288
9123	太平海	57	57	52	53	15
9127	玉井船	0	0	0	0	0
9130	共栄タ	115	115	113	113	25
9132	第一汽	58	58	57	57	131
9133	東栄リーファ	0	0	0	0	0
9151	東京船舶	99	100	99	99	32
9152	関西汽	59	60	57	60	122
9171	栗林船	231	232	221	221	65
9173	東海汽	345	345	345	345	2
9174	ワンダーＴ	280	280	261	261	24
9176	佐渡汽	0	0	0	0	0
9178	日鉄物流	347	348	320	320	13
9179	川崎近海	201	201	190	196	15
9180	新和内航	200	200	200	200	2
9193	東京汽	0	0	0	0	0
9201	日本航空	272	280	266	280	3836
9202	ＡＮＡ	303	332	302	330	2177
9203	日本エアシス	4000	4600	4000	4600	3.5
9231	国際航	630	630	617	625	36
9232	パスコ	600	699	600	681	228
9233	アジア航	343	343	342	343	7
9301	三菱倉	918	975	918	954	911
9302	三井倉	262	275	255	269	453
9303	住友倉	285	300	285	297	507
9304	渋沢倉	267	275	266	274	39
9305	ヤマタネ	135	136	119	120	75
9306	東陽倉	245	245	244	244	5
9307	杉村倉	610	610	610	610	2
9308	イヌイ建	0	0	0	0	0
9309	京神倉庫	390	390	390	390	1
9310	トランシティ	198	209	196	202	55
9311	アサガミ	234	234	234	234	3
9312	ケイヒン	152	155	151	154	66
9313	丸八倉	0	0	0	0	0
9314	品川倉	0	0	0	0	0
9317	オーナミ	0	0	0	0	0
9318	Ｊブリッジ	265	270	260	260	9
9319	中央倉	584	584	560	580	8
9320	三和倉	0	0	0	0	0
9321	アイロジステ	161	165	161	165	13
9322	川西倉	600	600	600	600	3
9323	ロジステック	450	450	450	450	1
9324	安田倉	362	370	362	370	8
9351	洋埠頭	142	147	139	147	180
9353	桜島埠	177	177	177	177	1
9355	リンコー	150	150	149	149	4
9357	名港海	331	331	330	330	5
9358	宇徳運	130	132	125	132	49
9359	伊勢湾	285	285	279	283	26
9360	鈴与シンワ	0	0	0	0	0
9361	伏木運	0	0	0	0	0
9362	兵機海	125	136	125	136	7
9363	大運	60	62	60	62	8
9364	上組	495	495	476	491	161
9365	トレーディア	0	0	0	0	0
9366	サンリツ	770	800	770	786	10.9
9367	大東港運	0	0	0	0	0
9368	キムラユニテ	714	714	714	714	3
9369	キユソ流通	1730	1750	1730	1750	3
9370	郵船航空	2620	2650	2500	2650	74.6
9373	ニッコウトラ	2130	2130	2130	2130	2
9401	ＴＢＳ	4240	4280	3960	4140	419
9402	ＣＢＣ	980	980	980	980	2.9
9404	日テレ	115000	125000	110000	120000	127.22
9405	朝日放	10500	10500	10000	10000	1
9408	新潟放	0	0	0	0	0
9431	ＫＤＤ	8580	8580	8180	8280	156.6
9432	ＮＴＴ	1540000	1570000	1530000	1540000	19.356
9433	ＫＤＤＩ	840000	840000	800000	810000	4.784
9434	ボーダフォン	4690000	4800000	4410000	4700000	0.803
9435	光通信	73800	73800	73800	73800	20.6
9436	沖縄セルラー	800000	800000	775000	780000	0.028
9437	ＮＴＴドコモ	4180000	4250000	4010000	4040000	13.272
9438	ＭＴＩ	4500000	4500000	4350000	4350000	0.058
9439	ビーアイジー	10200000	10200000	9500000	9500000	0.019
9449	ＧＭＯインター	46000	46000	43000	43000	26
9470	学研	248	250	240	245	303
9471	文渓堂	0	0	0	0	0
9472	エスコム	570	571	541	541	118
9473	アスキー	2730	2730	2450	2700	198
9474	ゼンリン	3290	3350	3260	3340	18
9475	昭文社	6100	6200	5800	5900	42.8
9476	中央経済	355	355	355	355	2
9477	角川ＨＤ	29400	29600	27600	27600	27.8
9478	翔泳社	12500000	12500000	11500000	11500000	0.009
9501	東電	2325	2385	2310	2320	1580.9
9502	中部電	1630	1630	1591	1599	630.6
9503	関西電	1648	1670	1530	1561	1057.2
9504	中国電	1355	1381	1350	1350	179.9
9505	北陸電	1374	1470	1370	1373	125
9506	東北電	1345	1350	1300	1304	885.3
9507	四国電	1370	1370	1301	1310	177.5
9508	九州電	1340	1349	1311	1320	325.5
9509	北海電	1320	1339	1300	1326	323.3
9511	沖縄電	1967	2010	1967	2000	4.5
9531	東ガス	217	220	216	219	8097
9532	大ガス	268	270	250	270	4625
9533	邦ガス	175	175	167	167	393
9534	北ガス	193	193	185	186	35
9535	広ガス	260	260	260	260	8
9536	西部ガス	163	164	158	164	106
9537	北陸ガ	307	307	307	307	1
9539	葉ガス	269	269	269	269	3
9540	中ガス	223	223	223	223	9
9541	大多喜ガス	345	345	345	345	5
9542	新日ガス	395	395	395	395	2
9600	アイネット	1540	1580	1530	1580	21
9601	松竹	563	579	563	577	55
9602	東宝	22900	23780	22900	23080	59.9
9603	ＨＩＳ	6900	7000	6780	6800	65.1
9604	際放映	0	0	0	0	0
9605	東映	875	890	860	865	1167
9607	葵プロ	2300	2300	2110	2230	24
9608	福山コンサル	310	310	310	310	1
9609	ベンチャーリ	9000	9000	8500	8800	26.9
9610	ウィルソン	6500	6500	6450	6450	0.3
9611	Ｄワンダー	1080	1080	1000	1000	2
9612	ラックランド	2100	2100	2100	2100	2.4
9613	ＮＴＴデータ	1920000	1950000	1900000	1930000	7.779
9614	ベルシス24	88000	88000	84500	84500	8.9
9615	東京美装	855	855	855	855	4
9616	共立メンテ	3600	3810	3600	3810	14.1
9618	エームサービス	1250	1250	1250	1250	1
9619	イチネン	1010	1010	1010	1010	1.5
9620	スクウェア	14000	14300	13500	13900	110.1
9621	建設技研	572	599	570	599	16.5
9622	スペース	445	450	445	450	6.2
9623	キヤノンソフ	790	800	788	790	8
9624	長大	546	550	545	550	10
9625	セレスポ	0	0	0	0	0
9626	日本技開	230	230	230	230	3
9627	アインファマ	1770	1770	1700	1730	14
9628	燦ＨＤ	3970	3970	3900	3960	5.2
9629	ＰＣＡ	5000	5000	4800	4800	7
9630	アップ	490	500	490	500	1.5
9631	東急レク	569	580	565	565	6
9632	スバル	349	349	349	349	2
9633	テアトル	190	198	186	192	80
9634	修学社	799	800	710	730	52
9635	武蔵野	570	580	570	570	12
9636	きんえい	325	330	325	330	4
9637	オーエス	795	795	780	780	2
9638	情報技術	1210	1210	1200	1200	4
9639	三協フロンテ	340	370	340	370	7
9640	セゾン情報	921	930	921	921	4
9641	サコス	170	170	165	165	11.2
9642	コマスタ	10500	10500	10500	10500	0.9
9643	中日興	0	0	0	0	0
9644	タナベ経営	900	900	870	870	24.7
9645	ダイヤモンドコン	2070	2180	2070	2090	12
9646	タイトー	123000	123000	120000	122000	0.262
9647	協和コンサル	330	330	330	330	8
9648	ウエスコ	360	360	340	350	5.3
9649	明電エンジニア	630	630	600	608	22.8
9650	テクモ	3400	3410	3290	3390	128.9
9651	日本プロセス	830	870	830	870	3
9652	日本医療	2690	2730	2670	2700	51
9653	ＳＢＩパートナ	2600	2600	2300	2300	41
9654	コーエー	5350	5400	5100	5200	49.9
9656	三井ランド	524	550	524	550	6.5
9657	コムテック	0	0	0	0	0
9658	ビジ太田昭	1000	1000	950	950	10
9660	ＣＲＣソリュ	2600	2610	2350	2350	18
9661	歌舞伎	3700	3700	3700	3700	3
9662	アイフル	636	636	636	636	11
9663	ナガワ	787	787	755	770	12
9664	御園座	1050	1050	1050	1050	1
9665	吉本興	1500	1530	1465	1500	61
9667	ホリプロ	1248	1249	1212	1228	17
9668	相鉄企業	441	481	441	481	2
9669	オークネット	5850	5880	5400	5450	18.9
9671	よみランド	325	337	320	337	68
9672	東競馬	140	143	140	141	92
9673	甲子園土地	88	88	88	88	2
9674	花月園	215	260	215	260	6
9675	常磐興	145	149	143	145	114
9676	松戸公産	481	485	481	484	5
9677	日本ジャンボ	830	870	830	870	4.8
9678	カナモト	885	890	846	860	185
9679	ホウライ	0	0	0	0	0
9680	共成レンテム	0	0	0	0	0
9681	東京ドーム	558	597	558	597	543
9682	ＤＴＳ	7800	7800	6900	7190	66.1
9684	スク・エニ	9400	9440	9150	9300	79.6
9685	共同コンＨＤ	400	410	400	400	14
9686	東洋テック	500	500	495	500	5
9687	ＫＳＫ	790	790	790	790	1
9689	グリンハウス	1800	1800	1800	1800	1
9691	両毛システム	0	0	0	0	0
9692	シーイーシー	1960	1961	1890	1900	24
9694	日立ソフト	11250	11500	10690	11450	261.8
9695	鴨川グランド	390	410	390	410	5
9696	ウィザス	470	500	470	490	6
9697	カプコン	6900	6980	6110	6890	557.9
9698	クレオ	1530	1530	1470	1470	17
9699	西尾レント	691	740	691	720	14.9
9700	エスアールエル	1405	1405	1390	1391	36
9701	会舘	299	310	299	310	21
9702	アイエスビー	0	0	0	0	0
9703	ジェネラスコーポ	97	105	96	105	56
9704	東海観	100	104	92	93	1119
9706	日本空港ビル	1028	1069	1028	1046	91
9707	メデカＪ	1550	1630	1550	1630	52
9708	帝ホテル	1979	1979	1979	1979	1
9709	日コンピュタ	780	800	780	800	3
9710	第一ホテ	293	309	283	291	47
9711	日コンシス	475	475	472	472	6
9712	ファイ	1020	1020	990	991	165
9713	ロイヤルホ	300	317	300	317	17
9714	ＳＲＡ	2140	2150	2140	2140	12
9715	トランスコス	29500	31500	27700	27700	224.1
9716	乃村工芸社	0	0	0	0	0
9717	ジャステック	3300	3300	3250	3300	5
9718	国際観光会館	174	180	174	180	3
9719	住商情報	5540	5590	5400	5450	36
9720	グランド	0	0	0	0	0
9722	藤田観	600	619	597	612	52
9724	新阪急ホテル	239	246	235	236	15
9725	東急ホテル	204	209	202	205	93
9726	近ツーリスト	300	305	298	298	54
9727	東急観光	122	124	120	124	12
9728	日本管財	2020	2050	2000	2000	35
9729	トーカイ	0	0	0	0	0
9730	ワオコーポ	421	421	421	421	1
9731	白洋舎	300	300	300	300	17
9732	東映ラボ	249	249	233	240	4
9733	ナガセ	1850	1850	1800	1800	4
9734	精養軒	0	0	0	0	0
9735	セコム	8400	8500	8010	8200	608
9736	白青舎	185	185	180	185	11
9737	ＣＳＫ	5090	5450	5010	5240	490.8
9738	インテック	3330	3440	3100	3220	153
9739	ＮＳＷ	8340	8500	8310	8370	7.8
9740	ＣＳＰ	675	675	650	650	14
9741	日立情報	5100	5100	4810	4940	52
9742	アイネス	2000	2050	2000	2000	75
9743	丹青社	690	690	680	680	24
9744	メイテック	3400	3560	3380	3540	339.1
9746	ＴＫＣ	2545	2775	2545	2660	40
9747	アサツーＤＫ	5450	5450	5130	5310	48.9
9748	ＮＪＫ	810	810	799	800	8
9749	富士ソフト	6110	6150	5950	6020	149.4
9750	ソラン	2690	2690	2550	2585	49
9751	ＴＩＳ	6360	6360	6120	6210	76
9752	ナムコ	4600	4800	4100	4750	358.4
9753	ＩＸナレッジ	875	900	870	870	11
9755	応用地質	1270	1300	1200	1280	17.1
9756	ＡＳＫ	780	800	770	800	28
9757	船井研	950	950	921	921	10
9758	ジシステム	949	950	880	880	24
9759	日システムデ	11750	11750	10530	11000	67.5
9760	進学会	380	380	380	380	1
9761	東海リース	215	220	212	220	13
9762	大和リース	314	314	307	310	527
9763	丸紅リ	199	202	193	193	71
9764	技研興	210	210	210	210	2
9765	オオバ	180	180	175	175	28
9766	コナミ	13800	14100	13600	13900	641.5
9767	日建工学	280	285	280	285	5
9768	国土環境	1000	1000	980	980	6
9769	学究社	551	553	551	551	7
9776	札臨	0	0	0	0	0
9777	日電計算	2930	2950	2840	2900	10.9
9778	昴	723	723	723	723	1
9779	メフォス	1130	1130	1130	1130	1
9780	ビステム	328	328	328	328	1
9781	石川島汎サ	473	473	473	473	3
9782	ＤＭＳ	1120	1140	1120	1120	5
9783	ベネッセ	17200	18090	17180	18090	108.8
9784	日工検	1500	1500	1500	1500	0.5
9785	大新東	380	389	380	389	8
9786	キャッツ	1642	1642	1612	1630	18
9787	Ｊメンテ	1020	1020	950	950	13.2
9788	ナック	1050	1060	1033	1060	8.3
9789	栄光	424	439	424	436	9
9790	福井コン	705	705	700	700	4.5
9791	ビケンテクノ	811	811	800	800	11
9792	ニチイ学館	12500	12700	12000	12300	69.7
9793	ダイセキ	2060	2060	2050	2050	12.9
9794	カラカミ観光	1050	1100	1050	1100	4
9795	ステップ	791	791	791	791	1
9796	ダイテック	1450	1460	1430	1430	4.7
9797	大日本コン	289	289	280	280	0.9
9798	シダックス	2940	2950	2900	2950	3.1
9799	旭情報	1610	1650	1610	1650	7
9810	日鉄商	114	114	110	111	14
9811	アスティス	475	475	475	475	2
9812	テーオー	0	0	0	0	0
9813	トッキ	2550	2550	2400	2400	12
9814	アシックス商	695	695	695	695	1
9815	カテナ	892	892	843	850	39
9816	バーテックス	730	730	710	710	8
9817	ゴトー	0	0	0	0	0
9818	大丸エナ	729	730	720	730	3
9820	エムティＧ	205	210	205	210	4
9821	日アムウ	840	880	840	880	3.8
9822	なが多	85	87	82	82	546
9823	マミーマート	0	0	0	0	0
9824	泉州電	610	610	610	610	2
9825	アズウェル	425	430	425	430	9.5
9826	ＪＥＵＧＩＡ	220	220	191	191	3
9827	リリカラ	181	182	180	180	14
9828	元気寿司	1160	1191	1160	1190	3
9829	ながの東急	360	370	360	370	3
9830	トラスコ中山	1245	1260	1245	1256	10
9831	ヤマダ電	9500	9500	9300	9300	13
9832	オートバクス	2985	3050	2985	3030	58
9833	エルクコーポ	740	740	740	740	9
9834	リオチェン	401	401	401	401	5.7
9835	ジュンテン	0	0	0	0	0
9836	リーバイス	680	680	680	680	4
9837	モリト	494	500	494	500	10
9838	トラベラー	0	0	0	0	0
9839	ゲッツブラザーズ	501	501	500	500	11
9840	ホーマック	2130	2130	2050	2100	9.8
9841	ＢＭＢ	441	475	440	450	172
9842	アークランド	1040	1040	1030	1030	13
9844	ユーエスシー	1530	1560	1520	1550	11
9845	パーカー	310	310	302	302	2
9846	天満屋ス	0	0	0	0	0
9847	ソリスト	440	520	440	500	32
9848	トヨタカローラ岐阜	0	0	0	0	0
9849	河内屋紙	565	565	565	565	1
9850	グルメ杵屋	701	750	701	750	11
9852	中央物産	300	300	300	300	2
9853	銀座ルノア	0	0	0	0	0
9854	愛眼	1120	1136	1102	1125	10.1
9855	くろがねや	450	450	440	440	14
9856	ケーユー	809	821	800	820	11
9857	英和	364	364	364	364	3
9858	明光商会	2070	2080	1980	2050	8.9
9859	ユーストア	800	810	775	775	20
9860	岐阜日野	0	0	0	0	0
9861	吉野家ディー	1800000	1820000	1780000	1820000	0.056
9862	メモレックス・テレ	375	375	355	360	31
9863	靴のマルトミ	170	175	140	150	3.3
9864	ナカイ	300	300	250	250	17
9865	日商エレク	4450	4450	3980	4150	61
9867	ソレキア	820	820	790	810	17
9868	トリイ	370	380	370	380	3
9869	加藤産	660	667	641	667	20
9870	ハナテン	1880	1900	1880	1900	1.2
9871	イトーキ	230	230	200	200	17
9872	北恵	192	192	192	192	10
9873	ケンタッキー	1056	1088	1056	1060	14
9875	マツモトキヨ	8400	8500	8300	8470	121.9
9876	コックス	510	510	509	509	8
9877	マルフル	260	260	260	260	1
9878	セキド	0	0	0	0	0
9879	フタタ	160	160	160	160	1
9880	イノテック	5020	5150	4590	5100	185.5
9882	イエロハット	1062	1090	1042	1078	100.1
9883	富士エレ	1910	1920	1850	1850	11
9884	都築電産	1150	1150	1100	1140	10
9885	シャルレ	750	750	750	750	1
9887	松屋フーズ	3000	3000	2950	2970	34
9888	ＵＥＸ	0	0	0	0	0
9889	ＪＢＣＣ	5830	5860	5350	5410	76
9890	マキヤ	1200	1250	1200	1250	4
9892	卑弥呼	1010	1080	995	1070	161
9893	ホームワイド	420	420	400	400	5
9894	アトル	560	560	510	510	7
9895	コンセック	291	291	290	290	2
9896	Ｊ建材	570	570	520	550	9
9897	ユニダックス	730	750	720	740	47
9898	サハダイヤ	430	460	403	404	643
9899	サンデサン	679	679	679	679	1
9900	サガミ	706	720	705	705	16
9901	宮	940	940	900	900	2
9902	日伝	1400	1400	1350	1370	4
9903	カンセキ	114	114	110	110	12
9904	ベリテ	235	235	221	230	12
9905	コージツ	0	0	0	0	0
9906	藤井産業	0	0	0	0	0
9907	大電社	0	0	0	0	0
9908	日本電計	611	611	601	610	4
9909	愛光電気	299	299	299	299	1
9911	真電	550	550	529	539	3
9912	ダイワボ情	1580	1601	1500	1500	151.5
9913	日邦産業	336	336	330	330	3
9914	植松商会	310	310	300	300	5
9915	アサヒビールＳ	0	0	0	0	0
9916	バイタルＮ	620	620	600	600	1.7
9917	マツモト電器	350	370	350	370	2
9918	ダイワラクダ	375	381	371	381	16
9919	関西スーパ	520	580	520	580	9
9920	シービーエム	1530	1530	1530	1530	0.2
9921	ギガス	509	509	495	495	2
9922	日立機材	619	619	619	619	1.5
9923	ダイトーエム	415	425	400	415	9
9924	ドミー	0	0	0	0	0
9925	北の家族	1100	1100	1080	1080	8
9926	ダイカ	395	395	395	395	3
9927	ワットマン	380	380	380	380	2
9928	ミロク情報	1610	1610	1450	1501	14.5
9929	平和紙業	470	475	470	470	6
9930	北沢産	243	253	243	253	11.5
9931	家族亭	0	0	0	0	0
9932	杉本商	470	471	470	471	4.5
9934	因幡電産	1155	1195	1155	1194	13.6
9935	あずみ	295	295	295	295	9
9936	王将フード	1510	1540	1510	1515	36
9937	セシール	3700	3700	3600	3650	22.7
9938	住金物産	92	96	92	95	151
9939	すみや	481	481	481	481	3
9940	クラヤ薬	1220	1300	1220	1299	54.7
9941	太洋物産	0	0	0	0	0
9943	ココス	600	600	600	600	2
9944	インパクト	1650	1650	1600	1626	6.1
9945	プレナス	5410	5450	5400	5410	20
9946	ミニストップ	2350	2400	2350	2390	21.7
9947	シムリー	1191	1250	1150	1250	8.2
9948	アークス	1310	1350	1310	1350	3
9949	タイヨー	2370	2370	2370	2370	60
9950	ハチバン	520	520	520	520	1
9951	カーマ	560	580	560	566	28.9
9952	ドトール	8100	8600	8100	8500	23.5
9953	ダイキ	1380	1400	1379	1380	30.7
9954	東京小僧寿し	620	690	620	680	5
9955	ヨンキュウ	2400	2400	2360	2380	3.7
9956	バロー	1400	1400	1400	1400	5
9957	バイテック	1750	1750	1660	1660	17
9958	サリ	320	321	320	320	7
9959	アシード	1000	1060	981	995	21
9960	東テク	0	0	0	0	0
9961	エムオーテック	161	165	160	160	33
9962	駿河製機	12500	12500	11700	12390	77.7
9963	江守商事	390	390	390	390	2
9964	アイ・テック	0	0	0	0	0
9965	福原	515	515	505	510	29
9966	藤久	2200	2220	2190	2220	2.8
9967	堺商事	0	0	0	0	0
9968	イチヤ	205	205	200	200	39
9969	ショクブン	1050	1050	1020	1020	24
9970	東洋オフィス	0	0	0	0	0
9971	カウボーイ	540	540	520	525	21
9972	アルテック	1390	1440	1330	1350	21.2
9973	小僧本部	1080	1080	1080	1080	2
9974	ベルク	0	0	0	0	0
9975	マルヤ	3200	3200	3200	3200	1
9976	セキチュー	590	590	590	590	3
9977	アオキスーパ	0	0	0	0	0
9978	文教堂	2860	3000	2860	2980	19
9979	大庄	881	965	871	960	54.5
9980	マルコ	837	937	837	850	48.8
9981	ニック産業	0	0	0	0	0
9982	タキヒヨー	0	0	0	0	0
9983	ファストリ	39800	41000	38500	41000	96.4
9984	ソフトバンク	86000	91300	81500	81500	597.3
9985	榮太郎	905	915	900	915	3
9986	蔵王産業	383	383	383	383	1
9987	スズケン	2490	2500	2440	2455	180.4
9988	神港魚類	500	500	500	500	1
9989	サンドラッグ	7140	7600	6980	7500	24.3
9990	東京デリカ	600	618	600	618	6
9991	ジェコス	400	400	390	396	14.1
9992	理研グリン	339	339	330	330	4
9993	ヤマザワ	1390	1390	1390	1390	1
9994	やまや	680	750	680	750	3.7
9995	イーストン	875	880	840	845	12
9996	サトー商会	680	680	680	680	2
9997	ベルーナ	2940	2940	2700	2700	47
