20000403
1001	日経２２５	20328	20727	20272	20727	69.678
1002	ＴＯＰＩＸ	1703	1735	1700	1732	69.678
1301	極洋	146	153	146	150	298
1319	日経300F	315	329	315	329	91
1331	ニチロ	171	178	171	178	169
1332	日水	179	194	179	187	1323
1333	マルハ	131	136	129	133	809
1351	宝幸水産	87	93	87	90	39
1352	ホウスイ	96	97	95	95	11
1376	カネコ種	980	980	980	980	2
1377	サカタタネ	2350	2380	2330	2330	41.4
1378	雪国まいたけ	740	740	720	740	12
1379	ホクト	4800	4960	4800	4810	29.6
1380	秋川牧園	650	650	650	650	1
1491	中外鉱	178	180	150	150	2646
1501	三井鉱山	100	104	98	104	308
1503	住友炭	107	115	107	111	160
1515	日鉄鉱	231	240	231	232	41
1518	三井松島	170	170	168	170	26
1601	帝石	332	355	332	344	461
1603	アラビア石油	350	351	342	351	278.9
1661	ガス開	400	405	400	401	75
1701	昭和鉱	270	270	265	270	25
1702	共立マテリア	0	0	0	0	0
1737	三井エンジ	360	361	351	361	20
1738	ＮＩＴＴＯＨ	410	410	410	410	1
1739	ＳＥＥＤ	420000	420000	420000	420000	0.003
1740	極東工業	0	0	0	0	0
1741	ミサワサンイ	0	0	0	0	0
1742	セコムテクノ	2670	2680	2600	2600	17
1743	コーアツ工業	557	557	557	557	1
1744	キョーエイ	650	650	640	640	7
1745	ミサワホーム東海	0	0	0	0	0
1746	7	0	0	0	0	0
1748	ミサワ北日	330	330	330	330	1
1750	カナック	0	0	0	0	0
1751	日立プラサ	0	0	0	0	0
1752	富士通シス	1420	1420	1400	1420	16
1753	土屋ツバイ	0	0	0	0	0
1754	東新住建	960	960	900	900	3
1755	JFE工建	358	360	358	360	3
1756	和興エンジ	0	0	0	0	0
1757	千年の杜	400	400	400	400	1
1758	太洋基礎	0	0	0	0	0
1759	ジオトップ	275	275	275	275	1
1762	高松建設	1594	1624	1594	1624	2
1763	北陸ミサワ	0	0	0	0	0
1764	工藤建設	0	0	0	0	0
1765	イビデンテック	0	0	0	0	0
1766	東建コーポ	1340	1450	1340	1450	16
1767	沖ウィン	0	0	0	0	0
1768	ソネック	230	230	230	230	2
1769	ピコイ	37	37	26	32	24
1770	藤田エンジ	0	0	0	0	0
1772	東北エンタープライズ	285	285	260	260	12
1774	機動建	0	0	0	0	0
1775	富士電Ｅ＆Ｃ	266	266	266	266	1
1776	三井住建道路	124	125	119	125	29
1777	川崎設備	300	300	300	300	1
1778	古河総設	0	0	0	0	0
1779	松本建工	480	480	480	480	1
1780	ヤマウラ	390	390	360	360	2.5
1781	国土総合	390	391	390	391	20
1782	常磐開発	208	208	208	208	2
1783	南野建設	0	0	0	0	0
1784	サワコー	544	544	540	544	1.5
1785	ナナボシ	0	0	0	0	0
1786	オリ建	435	441	433	441	12.9
1787	ナカボテック	0	0	0	0	0
1788	三東工業	232	232	232	232	3
1789	山加電業	488	499	488	499	0.3
1790	平和奥田	0	0	0	0	0
1791	三井木材	142	142	141	141	12
1792	みらい建設Ｇ	191	204	191	200	10
1793	大本組	0	0	0	0	0
1795	マサル	480	490	480	490	2
1796	トヨタウッド	340	340	340	340	1
1797	藤木工務店	0	0	0	0	0
1798	守谷商会	320	320	320	320	2
1799	第一建設	0	0	0	0	0
1800	利塚地下技術	260	260	260	260	1
1801	大成建	163	174	162	174	1478
1802	大林組	373	402	373	400	2022
1803	清水建	287	307	287	307	864
1804	佐藤工業	62	66	62	64	252
1805	飛島建	68	68	66	66	244
1806	ACリアル	56	57	56	56	487
1807	渡辺組	0	0	0	0	0
1808	長谷工	44	45	43	45	2693
1809	富士工	86	88	86	88	63
1810	松井建	320	320	318	320	23
1811	銭高組	280	282	280	282	3
1812	鹿島	285	298	285	298	867
1813	不動建	160	161	160	160	55
1814	大末建	82	83	81	81	62
1815	鉄建	128	134	126	128	397
1816	安藤建	210	210	201	202	8
1817	勝村建	133	142	133	142	19
1818	日産建設	101	101	100	100	25
1819	太平工	160	163	159	163	30
1820	西松建	381	392	381	391	220
1821	三井住友建	84	84	80	80	91
1822	大豊建	180	215	175	181	167
1823	住友建設	93	93	89	90	93
1824	前田建	298	300	295	295	76
1825	環境建設	124	135	124	127	87
1826	佐田建	152	155	152	152	56
1827	ナカノフドー建	105	105	99	99	17
1828	田辺工業	0	0	0	0	0
1829	大和建設	0	0	0	0	0
1830	共栄冷機工業	0	0	0	0	0
1831	積水ハ北陸	0	0	0	0	0
1833	奥村組	340	350	338	349	184
1834	小田急建	280	290	271	271	25
1835	東鉄工	212	213	212	212	3
1836	大日本土木	144	144	140	143	7
1837	間組	69	70	67	68	539
1838	古久根建設	112	130	112	127	26
1839	真柄建	172	185	172	184	30
1840	土屋ホーム	280	280	279	280	31.9
1841	サンユ	0	0	0	0	0
1842	昭和テクノ	581	590	581	590	3
1844	大盛工業	173	175	173	175	11
1845	森本組	124	124	124	124	2
1846	鈴縫工	150	150	150	150	1
1847	イチケン	120	120	119	120	16
1848	富士ＰＳ	0	0	0	0	0
1850	南海辰村建	79	79	77	77	7
1851	大木建設	195	199	195	199	13
1852	浅沼組	160	162	160	160	15
1853	森組	120	120	120	120	2
1854	新井組	153	154	150	150	46.2
1855	東急建設	69	70	68	68	207
1856	ジェイオー建設	0	0	0	0	0
1857	松村組	120	120	118	120	18
1858	井上工	65	65	65	65	10
1860	戸田建	385	400	385	400	509
1861	熊谷組	67	70	67	70	466
1862	横河工事	0	0	0	0	0
1863	テトラ	215	216	215	216	3
1865	青木あすなろ建	140	140	135	135	15
1866	北野建	271	278	267	267	82
1867	植木組	0	0	0	0	0
1868	三井ホーム	385	400	385	395	48
1869	名工建	0	0	0	0	0
1870	矢作建	385	385	385	385	2
1871	ピーエス三菱	430	430	415	430	14.8
1872	アゼル	306	318	306	306	38
1873	東ハウス	450	460	450	450	18
1874	佐藤秀	155	155	155	155	7
1875	青木マリン	0	0	0	0	0
1877	川田建設	0	0	0	0	0
1878	大東建	1701	1920	1701	1920	396.6
1879	新日本建	0	0	0	0	0
1880	スルガコーポ	0	0	0	0	0
1881	ＮＩＰＰＯ	495	505	490	501	75
1882	東亜道	266	273	266	271	41
1883	前田道	464	478	460	465	158
1884	日道路	165	168	165	166	33
1885	東亜建	148	165	146	154	287
1886	青木建設	48	48	47	47	371
1888	若築建	151	153	142	146	158
1889	佐伯建	145	145	141	142	16
1890	東洋建	100	104	100	102	136
1892	徳倉建	300	300	299	299	4
1893	五洋建	142	146	142	146	199
1895	大成ロテック	173	173	170	170	27
1896	大林道	362	365	341	354	86
1897	金下建	535	540	535	540	2
1898	世紀東急	88	90	85	85	8
1899	福田組	257	266	255	266	10
1900	白石	0	0	0	0	0
1902	山崎建設	0	0	0	0	0
1904	大成温調	360	360	360	360	4
1905	テノックス	240	240	240	240	1
1906	細田工務	0	0	0	0	0
1907	東北ミサワ	0	0	0	0	0
1908	三平建設	0	0	0	0	0
1909	日本ドライ	323	323	323	323	1.5
1910	フドウ建研	0	0	0	0	0
1911	住友林	655	697	655	696	80
1912	ミサワセラミ	387	387	387	387	1
1913	旭ホームズ	0	0	0	0	0
1914	日基技	605	605	600	601	20
1915	東京ミサワホーム	0	0	0	0	0
1916	日成ビルド	182	182	175	175	63
1917	ニッセキハウス	190	195	181	193	2130
1919	エスバイエル	294	303	290	299	578
1920	殖産住宅相互	106	121	106	118	456
1921	巴	0	0	0	0	0
1922	大成ユーレック	90	90	87	87	32
1923	ミサワホーム	373	388	368	384	108
1924	パナホーム	584	600	560	590	316
1925	大和ハウス	720	790	718	769	2848
1926	ライト	480	507	480	501	54.2
1927	中 部	320	320	320	320	0.1
1928	積ハウス	992	1041	981	1041	5299
1929	日特建	192	192	190	190	8
1930	北陸電工	275	275	275	275	1
1931	日本電通	320	324	311	324	10
1932	コミュチュア	525	525	485	499	13
1933	西シス建	0	0	0	0	0
1934	ユアテック	330	330	310	310	71
1935	ＴＴＫ	305	305	300	300	12
1936	シーキューブ	290	290	280	285	7.8
1937	西部電工	0	0	0	0	0
1938	千歳電	235	235	235	235	2
1939	四電工	310	310	308	308	20
1940	つうけん	225	230	225	230	3
1941	中電工	1670	1670	1666	1666	9
1942	関電工	402	411	400	411	168
1943	大明	970	970	940	949	84
1944	きんでん	787	795	758	760	95
1945	東京エネシス	381	381	381	381	3
1946	トーエネク	365	374	365	370	20
1947	日本コムシス	1920	1939	1911	1925	366
1948	弘電社	310	310	310	310	3
1949	住友電設	610	610	600	600	4.4
1950	電設工	306	306	297	297	46
1951	協エクシオ	794	830	790	820	186
1952	新日空調	372	383	372	383	3.2
1953	国際電設	0	0	0	0	0
1954	日工営	177	177	174	175	170
1955	東電通	400	401	400	400	22
1956	日電設	450	450	447	447	7
1957	保安工	0	0	0	0	0
1958	三和エレック	310	310	310	310	2
1959	九電工	303	313	303	310	155
1960	サンテック	304	338	304	338	8
1961	三機工	496	508	491	496	48
1962	エルゴテック	0	0	0	0	0
1963	日揮	288	299	288	297	1392
1964	中外炉	300	320	296	320	166
1965	テクノ菱和	370	370	370	370	13.9
1966	高田工	0	0	0	0	0
1967	ヤマト	360	365	360	362	5
1968	太平電	250	264	250	264	34
1969	高砂熱	591	598	582	598	21
1970	日立プラ	247	255	246	247	28
1971	ビルト工	76	76	76	76	1
1972	三晃金	120	120	110	113	64
1973	ＮＥＣシス建	1870	1885	1860	1880	54.4
1974	宮地建設工業	404	405	404	405	17
1975	朝日工	210	212	210	212	16
1976	明星工	151	153	151	153	51
1977	ジェイコス	0	0	0	0	0
1978	アタカ	285	285	285	285	11
1979	大気社	700	730	695	730	32
1980	ダイダン	450	450	449	449	3
1981	協和日成	0	0	0	0	0
1982	日比谷設	512	527	510	525	10
1983	東芝プラ	220	225	220	222	12
1984	三信建	206	206	206	206	5
1985	大和電設	0	0	0	0	0
1986	日商インター	1620	1630	1580	1630	19
1987	ソルコム	0	0	0	0	0
1988	シボンド建	1500	1550	1490	1490	47.6
1989	北陸電話	0	0	0	0	0
1990	東邦建	245	250	245	250	3
1991	都築通技	0	0	0	0	0
1992	神田通機	0	0	0	0	0
1993	ニッタン	194	194	194	194	6
1994	高橋ウォール	350	350	340	340	4
1995	鈴木工務店	190	190	190	190	1
1996	三菱建設	0	0	0	0	0
1997	暁飯島工業	160	160	160	160	4
1998	日本土建	0	0	0	0	0
2001	日本粉	249	260	249	259	229
2002	日清粉	832	874	832	873	493
2003	日東粉	211	211	211	211	1
2004	昭和産	192	193	190	190	61
2006	東福粉	110	111	110	111	6
2007	富士粉	0	0	0	0	0
2008	増田粉	170	170	170	170	1
2009	鳥越粉	398	404	397	400	14
2051	農産工	177	183	175	181	444
2052	協同飼	128	128	126	128	16
2053	中部飼	550	550	550	550	6
2055	日和産	227	227	227	227	4
2056	日配飼	128	128	124	125	49
2057	雪印種	611	611	611	611	1
2102	台糖	260	260	251	255	21
2107	東洋糖	150	150	144	144	17
2108	甜菜糖	178	184	176	180	157
2109	三井糖	190	190	186	189	29
2111	フジ製糖	185	200	185	200	5
2112	塩水糖	358	375	358	358	16
2113	新光糖	0	0	0	0	0
2114	フジ日本精糖	228	228	228	228	1
2116	日新糖	119	120	119	120	3
2201	森永	244	245	239	243	760
2202	明菓	729	742	727	742	504
2204	中村屋	274	274	270	274	6
2205	駿河屋	75	77	75	77	2
2206	グリコ	500	506	499	506	152
2207	名糖産	1053	1053	1053	1053	2
2208	ブルボン	820	820	820	820	1
2209	井村屋	415	415	415	415	1
2211	不二家	252	260	250	258	80
2212	山パン	1015	1030	1000	1029	206
2213	ナガサキヤ	68	68	68	68	1
2215	一パン	274	279	272	275	64
2216	カンロ	0	0	0	0	0
2217	モロゾフ	190	192	189	192	8
2219	タカラブネ	124	125	120	125	17
2220	亀田製菓	530	559	530	540	5
2221	岩塚製菓	0	0	0	0	0
2222	寿製菓	0	0	0	0	0
2224	コモ	1950	1950	1900	1950	5
2261	明乳	621	635	615	633	673
2262	雪印	435	440	429	439	325
2264	森永乳	290	299	290	298	171
2266	六甲バタ	265	265	260	265	15
2267	ヤクルト	910	910	897	897	350
2268	サーティワン	710	710	710	710	1
2281	プリマ	138	144	137	143	242
2282	日ハム	1180	1198	1150	1180	499
2284	伊藤ハ	437	447	437	444	148
2286	林兼	145	145	143	144	46
2287	雪印食品	241	245	240	245	8
2288	丸大食	182	184	182	183	122
2289	相模ハム	0	0	0	0	0
2290	米久	1154	1212	1154	1192	14.5
2291	福留ハ	170	170	165	165	5
2292	ＳＦＯＯＤＳ	810	810	780	780	4
2293	滝沢ハム	715	715	715	715	1
2294	柿安本店	0	0	0	0	0
2501	サッポロＨＤ	404	419	402	415	460
2502	アサヒ	1044	1065	1040	1048	1703
2503	キリン	1261	1287	1261	1280	929
2531	宝ＨＤ	2300	2350	2270	2320	682
2533	オエノンＨＤ	279	297	279	294	44
2536	メルシャン	389	405	389	397	628
2538	マルキン忠勇	170	179	161	161	78
2540	養命酒	671	685	670	675	12
2541	ニッカ	290	290	290	290	3
2571	中京コカ	1008	1020	1000	1003	31
2572	三国コカ	1331	1360	1313	1330	163
2573	北海コカ	1131	1131	1131	1131	3
2575	三笠コカ	880	880	870	870	4.7
2576	近畿コカ	1281	1285	1270	1270	9
2577	富士コカ	1050	1050	1020	1050	26
2578	四国コカ	1126	1140	1120	1120	15.8
2579	コカウエスト	2730	2850	2700	2845	273.9
2591	カルピス	544	550	544	550	27
2592	ポッカ	489	490	489	490	15
2593	伊藤園	12600	13550	12180	13220	188.9
2594	キーコーヒー	1420	1430	1390	1390	9.5
2595	キリンビバ	2320	2500	2320	2480	219
2596	キューサイ	6350	6800	6350	6800	23
2597	ユニカフェ	3100	3100	3080	3100	2.7
2598	アサヒ飲料	1020	1050	1020	1045	36
2601	ホーネンコーポ	183	188	183	187	425
2602	日清オイリオ	328	340	328	340	280
2604	吉原製油	240	240	240	240	1
2605	熊沢製油	0	0	0	0	0
2607	不二油	755	760	750	759	94
2608	ボーソー	150	150	148	148	7
2611	摂津油	0	0	0	0	0
2612	かどや製油	835	835	825	825	3
2801	キッコマン	786	800	778	790	511
2802	味の素	1251	1282	1241	1280	843
2804	ブルドック	0	0	0	0	0
2805	エスビー	600	600	600	600	1
2806	ユタカフーズ	0	0	0	0	0
2808	サンビシ	0	0	0	0	0
2809	キユーピー	740	741	736	738	111
2810	ハウス食品	1511	1595	1503	1590	111
2811	カゴメ	981	989	975	985	35
2812	焼津水化	1600	1600	1599	1599	7
2813	和弘食品	136	136	136	136	1
2814	佐藤食品	0	0	0	0	0
2815	アリアケ	5650	6500	5650	6500	46.4
2816	ダイショー	750	750	750	750	1
2817	ギャバン	500	500	491	491	2
2830	アヲハタ	1250	1250	1250	1250	1
2831	はごろも	1320	1320	1305	1310	17
2871	ニチレイ	290	299	290	299	418
2872	セイヒョー	0	0	0	0	0
2873	加ト吉	2155	2225	2155	2205	94
2874	ヨコレイ	558	567	555	555	26
2875	東洋水	800	800	790	796	83
2876	ＪＣコムサ	380	380	380	380	1
2877	日東ベスト	0	0	0	0	0
2878	赤城水産	0	0	0	0	0
2879	ニチロサンフズ	0	0	0	0	0
2891	酵母工	605	611	605	611	38
2892	日食品	305	310	305	310	13
2893	ローマイヤ	145	145	145	145	5
2894	石井食	0	0	0	0	0
2897	日清食	2300	2385	2300	2385	157.8
2898	ソントン	0	0	0	0	0
2899	永谷園	935	935	935	935	8
2900	明星食	238	245	238	245	7
2901	石垣食	0	0	0	0	0
2902	太陽化	530	530	500	500	12
2903	シノブフズ	161	161	158	158	7
2904	一正蒲鉾	0	0	0	0	0
2905	オーケー食	110	110	110	110	3
2906	ホッコク	410	410	410	410	2
2907	あじかん	0	0	0	0	0
2908	フジッコ	1900	1900	1850	1890	35
2909	トオカツフズ	292	292	292	292	1
2910	Ｒフィールド	4550	4700	4550	4700	41
2911	旭松食品	780	780	780	780	1
2912	鐘崎	0	0	0	0	0
2913	フジフーズ	0	0	0	0	0
2914	ＪＴ	725000	777000	725000	758000	0.856
2915	ケンコーマヨ	0	0	0	0	0
2916	仙波糖化	0	0	0	0	0
2917	大森屋	740	755	740	755	3
2918	わらべ日洋	1130	1130	1100	1100	11
2920	ケイビー	1200	1250	1200	1240	9
2921	フクシマフズ	0	0	0	0	0
2922	なとり	909	909	905	905	2
3001	片倉	524	524	501	501	19
3002	グンゼ	267	277	267	277	326
3003	昭栄	980	1000	980	1000	15
3004	神栄	133	133	132	133	13
3007	神戸生絲	63	63	57	57	34
3009	川島織	113	114	112	112	16
3010	上毛	900	900	870	880	12
3011	バナーズ	0	0	0	0	0
3101	東洋紡	153	160	153	159	913
3102	カネボウ	192	195	190	193	629
3103	ユニチカ	80	80	79	80	413
3104	富士紡Ｈ	102	106	102	106	208
3105	日清紡	505	531	504	529	422
3106	クラボウ	145	150	145	149	202
3107	ダイワボウ	111	111	110	111	24
3109	シキボウ	78	80	78	80	61
3110	日東紡	140	143	140	141	351
3111	オーミケン	77	77	77	77	17
3113	ＢＳＬ	100	118	100	116	727
3114	同興紡	116	116	115	115	6
3115	テザック	65	66	64	65	76
3116	トヨタ紡織	761	770	761	770	30
3117	興和紡	295	295	295	295	2
3121	アセットイン	79	79	65	65	4
3123	サイボー	0	0	0	0	0
3125	内外綿	0	0	0	0	0
3128	テラボウ	0	0	0	0	0
3129	ファブリカＴ	139	139	135	135	4
3201	日毛	362	380	362	373	72
3202	大東紡	101	106	101	105	17
3203	東亜紡織	94	95	94	94	7
3205	ダイドー	203	203	197	203	42
3206	南海毛糸紡績	102	115	102	115	8
3207	中央毛	158	158	154	158	14
3209	カネヨウ	131	132	128	128	15
3211	太陽毛絲紡	134	134	134	134	2
3216	御幸ＨＤ	440	440	440	440	10
3302	帝繊維	191	191	191	191	7
3304	トスコ	135	145	135	140	39
3306	日本麻	72	72	70	70	9
3401	帝人	440	460	437	460	967
3402	東レ	396	418	396	410	3357
3403	東邦テナ	177	190	177	188	188
3404	三菱レ	250	262	250	258	1024
3405	クラレ	950	965	943	965	989
3407	旭化成	665	710	660	706	2301
3408	サカイオーベ	89	89	86	87	66
3409	北日紡	131	131	131	131	1
3411	オートリ	168	168	167	167	8
3420	ケーエフシー	1090	1090	1090	1090	8
3421	稲葉製作	1130	1130	1090	1100	29.4
3422	丸順	0	0	0	0	0
3423	エスイー	660	660	660	660	3
3501	住江織	130	135	130	132	6
3503	東和織	0	0	0	0	0
3512	フエルト	276	280	275	280	22
3513	イチカワ	174	198	174	195	77
3514	バイリーン	209	213	205	213	36
3515	フジコー	0	0	0	0	0
3521	エコナック	115	116	110	114	72
3524	日東網	100	102	100	102	8
3526	芦森工	230	230	225	225	25
3528	グローベルス	107	120	107	119	66
3529	アツギ	123	126	121	125	235
3532	堀田産	0	0	0	0	0
3533	ダイオ化成	590	629	590	629	7
3534	ＮＢＣ	900	940	900	940	5
3551	ダイニック	183	183	175	175	27
3552	洋クロス	171	175	170	170	14
3553	共和レ	462	462	462	462	3
3569	セーレン	280	280	280	280	20
3570	オリカキャピ	131	143	123	143	61
3571	ソトー	479	479	470	470	9
3572	大同マルタ	61	61	61	61	2
3576	カンボウ	0	0	0	0	0
3577	東海染	146	146	146	146	7
3578	倉庫精	0	0	0	0	0
3580	小松精	0	0	0	0	0
3581	岐セン	0	0	0	0	0
3583	オーベクス	0	0	0	0	0
3584	福助	179	179	170	177	15
3585	トムスエンタ	562	570	540	556	123
3587	ＩＢダイワ	339	340	310	315	72
3588	丸山工	0	0	0	0	0
3591	ワコール	867	890	867	880	168
3592	ＣＨＯＹＡ	220	220	217	220	8
3593	ホギメデ	7490	7800	7420	7800	30
3594	モリシタ	0	0	0	0	0
3595	ヤギコーポ	300	300	300	300	2
3596	ワールド	8200	8590	7890	8390	72.8
3597	自重堂	0	0	0	0	0
3598	山喜	0	0	0	0	0
3599	コーコス	0	0	0	0	0
3600	フジックス	0	0	0	0	0
3601	ニチメンイン	1600	1600	1580	1590	3.4
3602	イタリヤード	0	0	0	0	0
3603	チャッコット	0	0	0	0	0
3706	東海パ	425	425	419	421	9
3861	王子紙	725	750	723	748	1289
3863	日本製紙	727	754	725	752	1243
3864	三菱紙	160	165	160	165	329
3865	北越紙	791	813	785	813	519
3868	高崎三興	85	88	85	85	38
3869	日本板紙	275	295	275	290	16
3870	日本加工製紙	85	89	85	88	62
3871	大昭和紙	514	525	504	511	58
3872	三島紙	186	186	186	186	13
3877	中越パ	201	208	198	205	209
3878	巴川紙	520	520	505	509	44
3880	大王紙	759	759	741	749	10
3881	特種紙	459	471	458	470	162
3882	紀州紙	177	182	172	175	14
3886	チューエツ	96	96	96	96	1
3887	中央板紙	95	107	95	105	15
3889	大平製紙	0	0	0	0	0
3890	ゼネＫＫ	625	625	605	605	5
3891	高度紙	1790	1840	1760	1840	16
3941	レンゴー	588	590	580	590	698
3944	古林紙	140	140	140	140	7
3945	スパバッグ	186	186	186	186	2
3946	トーモク	196	201	195	199	13
3947	ダイナパック	430	435	430	430	5
3948	光ビジネス	705	705	705	705	1
3949	日本ハイパック	302	310	301	301	18
3950	ザ・パック	0	0	0	0	0
3951	朝日印刷	0	0	0	0	0
3952	中央紙器	0	0	0	0	0
3953	大村紙業	0	0	0	0	0
3954	昭和パックス	0	0	0	0	0
3971	東セロ	285	286	280	280	3
4003	コープケミ	102	102	102	102	11
4004	昭電工	138	146	138	146	1335
4005	住友化学	561	597	555	570	4379
4007	日化成	149	149	145	149	38
4008	住友精化	279	280	275	280	37
4010	三菱化学	414	442	414	440	4124
4021	日産化	541	579	541	579	393
4022	ラサ工	340	359	336	354	169
4023	呉羽化	276	288	272	285	221
4025	多木化	380	380	365	380	6
4026	神島化	350	350	350	350	5
4027	テイカ	250	253	240	245	25
4028	石原産	185	192	185	191	306
4031	チッカリン	410	411	410	411	20
4032	日東バイオン	207	207	207	207	5
4033	日東エフシー	400	400	400	400	1
4041	日曹達	271	285	271	285	512
4042	東ソー	514	530	511	530	2986
4043	トクヤマ	535	543	520	523	545
4044	セ硝子	238	250	238	242	393
4045	東合成	186	192	185	192	774
4046	ダイソー	202	202	195	195	6
4047	関電化	348	352	342	345	71
4050	鶴見曹達	371	371	370	371	10
4061	電化	386	409	383	400	2610
4062	イビデン	1349	1399	1332	1396	336
4063	信越化	6300	6490	6230	6480	672
4064	カーバイド	170	178	166	178	207
4065	紀文フ	390	391	390	391	4
4077	富士チタン工業	598	600	580	580	15
4078	堺化学	766	787	766	782	187
4079	ハクスイテック	2000	2050	2000	2000	2.5
4080	田中化研	2910	2920	2620	2700	24
4086	日本エア・リキード	301	310	301	310	26
4088	エアウォータ	285	285	280	285	109
4089	大阪酸素工業	188	188	182	182	9
4091	大陽日酸	275	287	274	287	111
4092	日本化	291	310	291	307	176
4093	アセチレン	91	92	86	92	28
4094	日化産	313	315	313	315	4
4095	パーカライ	325	325	320	325	23
4096	昭炭酸	295	295	290	295	9
4097	高圧ガス	305	305	305	305	6
4098	チタン	155	155	155	155	11
4099	四国化	329	329	329	329	5
4100	戸田工	428	429	428	429	5
4101	日興酸素	0	0	0	0	0
4102	丸尾カル	0	0	0	0	0
4103	大陽東洋酸素	185	185	181	184	20
4104	タテホ	200	200	195	200	10
4105	メルテックス	620	625	620	625	3
4106	ケムキャット	1130	1130	1130	1130	1
4107	伊勢化	351	351	351	351	4
4109	ステラケミ	8800	9000	8500	9000	24
4112	保土谷	170	173	165	165	43
4113	田岡化	0	0	0	0	0
4114	日触媒	450	470	450	465	414
4115	本州化	649	649	649	649	1
4116	大日精	367	379	365	369	17
4117	川崎化	150	150	150	150	7
4118	カネカ	1296	1360	1290	1349	1117
4119	ピグメント	265	265	260	260	21
4120	スガイ	321	321	320	320	6
4123	山化成	925	925	910	920	5
4151	協発酵	1149	1190	1143	1155	826
4182	菱ガス化	247	262	247	259	2280
4183	三井化学	745	798	740	764	1203
4185	ＪＳＲ	795	830	791	827	604
4186	東応化	2270	2275	2240	2240	95.1
4187	大有機	632	632	627	630	16
4201	日合成	176	183	174	179	201
4202	ダイセル	350	370	347	368	1196
4203	住友ベ	1075	1175	1073	1165	859
4204	積水化	349	370	348	365	4728
4205	ゼオン	561	609	561	605	639
4206	アイカ	765	770	750	760	88
4208	宇部興	235	248	235	244	2308
4209	フドー	0	0	0	0	0
4210	東洋化学	446	450	446	448	45
4212	積水樹	370	373	370	371	26
4213	菱樹脂	167	167	164	165	97
4214	高分子	415	418	405	412	321
4215	タキロン	454	470	454	463	301
4216	旭有機	295	310	295	310	154
4217	日立化	2555	2715	2555	2690	319
4218	ニチバン	402	402	389	393	11
4219	プラス・テク	137	137	105	130	13
4220	リケンテクノ	339	342	338	342	16
4221	大倉工	365	365	353	364	136
4222	児玉化	90	90	85	90	5
4224	ロンシール	85	85	85	85	5
4225	筒中	300	300	297	297	23
4226	テスコ	260	260	260	260	1
4227	郡是高分子	235	235	235	235	5
4228	積化成	186	198	186	198	10
4229	群栄化	166	166	164	165	41
4231	タイガポリ	605	630	605	609	9
4232	東芝ケミカル	398	410	390	401	158
4233	ワコー	0	0	0	0	0
4271	カーリット	768	768	768	768	26
4272	日化薬	530	539	525	533	258
4274	細火工	0	0	0	0	0
4361	川口化	156	156	156	156	1
4362	日精化	400	409	400	406	10
4363	新日鐵化学	180	187	176	181	201
4364	マナック	0	0	0	0	0
4365	松本油脂	2080	2100	2080	2080	5
4366	ダイトーケミ	920	920	910	910	4
4367	広栄化学	0	0	0	0	0
4401	旭電化	823	840	823	832	359
4403	日油脂	267	275	267	275	261
4404	ミヨシ	273	285	271	276	104
4406	日理化	601	610	600	610	22
4409	東邦化	0	0	0	0	0
4410	ハリマ化成	409	409	400	400	15
4452	花王	3190	3300	3190	3300	1478
4461	一工薬	345	360	345	350	17
4462	石原薬品	0	0	0	0	0
4463	日華化学	0	0	0	0	0
4471	三洋化	1010	1065	1010	1060	172
4501	三共	2800	2875	2770	2875	2936
4502	武田	7300	7500	7240	7490	1258
4503	アステラス薬	5640	5890	5640	5890	551
4505	第一製薬	1580	1589	1570	1585	258
4506	大日薬	811	849	810	830	287
4507	塩野義	1810	1841	1783	1841	697
4508	田辺薬	638	660	635	650	356
4509	三菱ウェルファーマ	1436	1480	1435	1480	336
4511	藤沢薬品	3570	3800	3540	3750	731
4512	わかもと	495	495	485	490	28
4514	帝臓器	806	810	800	800	16
4515	萬有製薬	1870	1949	1870	1912	170
4516	日新薬	690	700	690	700	55
4517	ビオフェル	920	920	916	916	4.5
4518	富山化	470	480	469	475	172
4519	中外薬	1923	1967	1921	1945	748
4520	和光堂	3500	3500	3350	3350	3.8
4521	科研薬	660	669	642	644	201
4523	エーザイ	2700	2775	2660	2740	395
4524	仁丹	890	920	883	920	15
4526	理ビタ	1335	1349	1335	1349	9
4527	ロート	790	800	780	780	38
4528	小野薬	3640	3720	3610	3680	146
4529	日研化	399	400	388	397	62
4530	久光薬	1520	1570	1515	1570	47
4531	有機薬	470	480	470	470	22
4534	持田薬	635	635	626	628	41
4535	大正薬	3540	3670	3540	3640	581
4536	参天薬	2200	2270	2200	2240	193
4537	エスエス	1162	1175	1130	1151	48
4538	扶桑薬	570	592	570	592	20
4539	ケミファ	292	292	285	288	54
4540	ツムラ	390	400	390	395	46
4541	日医工	184	184	184	184	7
4542	三笠薬	396	396	390	390	13
4543	テルモ	3060	3110	3050	3090	530
4544	みらかＨＤ	596	596	576	576	37
4545	国際試薬	392	393	392	393	2
4546	北陸製薬	839	839	802	802	17
4547	キッセイ	1750	1765	1720	1765	78
4548	生化学	1540	1600	1510	1600	38
4549	栄研化	1180	1200	1180	1180	6
4550	日水薬	678	678	678	678	4
4551	鳥居薬	2500	2535	2450	2500	20.9
4552	日本ケミカル	859	859	859	859	3
4553	東和薬品	1200	1210	1190	1200	12
4554	富士製薬	395	395	395	395	11
4555	沢井製薬	1450	1460	1420	1420	2
4556	カイノス	895	895	850	870	50
4557	医学生物	8300	8700	7900	8200	44
4558	中京医薬	1300	1300	1250	1250	4
4559	ゼリア新薬	1230	1259	1230	1250	22
4560	キョーリン薬	4600	4600	4390	4390	15
4561	デンカ生研	2700	2700	2540	2610	6
4611	大日塗	181	184	180	180	25
4612	日本ペ	267	283	267	282	335
4613	関西ペ	258	260	250	260	379
4614	トウペ	145	145	145	145	3
4615	神東塗	0	0	0	0	0
4616	川上塗	0	0	0	0	0
4617	中国塗	220	226	220	225	71
4619	日特塗	272	272	266	270	28
4620	藤倉化	500	500	490	490	25
4621	ロック	0	0	0	0	0
4622	ユニペイン	0	0	0	0	0
4623	アサヒペン	300	300	300	300	11
4624	イサム	0	0	0	0	0
4625	アトミクス	0	0	0	0	0
4626	太陽インキ	7610	7900	7600	7900	13.2
4627	ナトコ	1000	1000	990	990	9
4628	エスケー化研	0	0	0	0	0
4629	大伸化学	0	0	0	0	0
4631	インキ	430	445	420	444	1370
4633	サカタＩＮＸ	281	281	280	281	15
4634	洋インキ	201	204	201	202	221
4635	東インキ	253	253	253	253	2
4636	Ｔ＆Ｋ	2970	3110	2970	3100	10.5
4640	アンドール	531	531	530	530	15
4641	アルプス技	1350	1490	1350	1490	60
4642	オリジナル設	1340	1360	1340	1360	3
4643	コナミスポ	8290	8710	8290	8710	8.3
4644	イマジニア	3500	3600	3450	3490	35.8
4645	市進	0	0	0	0	0
4646	ジャスフォート	990	990	950	950	0.5
4649	大成	540	540	540	540	1
4650	スガイエンタ	700	700	700	700	0.1
4651	サニックス	7100	7100	6900	7000	46.1
4652	ウッドランド	4300	4300	4110	4150	5
4653	ダイオーズ	0	0	0	0	0
4654	ニチゾウテク	330	330	330	330	1
4655	ＮＯＶＡ	940	955	940	955	12
4656	サン・ライフ	3100	3100	2890	2900	0.7
4657	環境管理	0	0	0	0	0
4658	日本空調	0	0	0	0	0
4659	エイジス	1370	1400	1370	1400	6
4660	ニッポン放送	8080	8080	7600	7600	26
4661	ＯＬＣ	11380	11580	11100	11570	94
4662	フォーカス	4450	4450	4290	4390	55
4663	ＡＴＬ	1550000	1550000	1410000	1440000	0.019
4664	ＲＳＣ	0	0	0	0	0
4666	パーク２４	12850	14700	12750	13300	97.1
4667	アイサンテク	320	320	310	320	6
4668	明光ネット	430	430	415	415	4
4669	ニッパンＲ	0	0	0	0	0
4670	セタ	750	830	750	830	6
4671	ファルコバ	3310	3350	3100	3100	24
4672	ベルックス	0	0	0	0	0
4673	川崎地質	0	0	0	0	0
4674	クレスコ	12000	12800	11200	12700	9.5
4675	エヌエス環境	0	0	0	0	0
4676	フジテレビ	1720000	1810000	1650000	1760000	2.31
4677	デザイ	835	835	835	835	10
4678	秀英	1300	1300	1300	1300	1
4679	田谷	1970	1970	1970	1970	2
4680	ラウンドワン	570000	585000	570000	580000	0.611
4681	リゾートトラ	2950	3200	2950	3040	65
4682	電通テック	13700	13900	13400	13800	5.3
4683	堀内カラー	720	740	720	740	3
4684	オービック	67500	69600	67100	67200	42.7
4685	菱友システム	0	0	0	0	0
4686	ジャスト	7300	8000	7160	7300	53.7
4687	ＴＤＣソフト	4380	4390	4300	4390	7.4
4688	日本ドレーク	32600	33600	31800	33600	4.4
4689	ヤフー	55300000	55300000	55300000	55300000	0.022
4690	日パレット	0	0	0	0	0
4692	アルゴ２１	4340	4340	4190	4250	19.6
4694	ＢＭＬ	4580	4580	4400	4500	8
4695	マイスター	0	0	0	0	0
4696	ワタベ	1280	1280	1280	1280	1
4697	ゼロ	3950000	3950000	3550000	3560000	0.089
4699	ウチダエスコ	0	0	0	0	0
4700	アクセス	16300000	16300000	15200000	16000000	0.032
4701	プレック研	720	720	720	720	1
4702	55ステーション	750	750	750	750	1
4703	住商オート	895	900	820	850	56
4704	トレンド	17000	17700	16000	16100	227.5
4705	クリップ	0	0	0	0	0
4706	富士通サポート	17510	19310	17300	19300	754.9
4707	キタック	0	0	0	0	0
4708	もしもしＨＬ	17500	18000	17200	18000	3.1
4709	ＩＤ	1450	1480	1450	1480	3
4710	ウィン	400	425	400	425	6
4711	コミュニティ	1500	1500	1432	1490	3.7
4712	アドアーズ	450	452	450	450	5
4713	日信電サ	1400	1400	1400	1400	2
4714	リソー教育	250000	258000	245000	250000	0.039
4715	クリエイティブ	385	406	385	406	6
4716	日本オラクル	86300	86500	79000	79700	188.1
4717	ソデッソジャパン	2520	2590	2520	2520	13
4718	早稲アカ	0	0	0	0	0
4719	アルファシス	22500	22600	21500	21500	25.4
4720	城南進研	760	760	760	760	1
4721	フジスタッフ	5800	5800	5500	5500	10
4722	フューチャー	36500000	38300000	36500000	38300000	0.029
4723	グッドウィル	2810000	2920000	2750000	2750000	0.674
4724	シチエ	981	1000	980	980	5
4725	ＣＡＣ	6000	6200	5900	6110	164
4726	ソフトバンテク	46000	46000	45000	45500	5.5
4727	アジアＳ総研	5690	5700	5390	5390	1.1
4728	トーセ	9440	9440	9000	9200	14.9
4729	コナミスタジオ	6010000	6110000	6010000	6050000	0.011
4730	関西メンテ	859	859	859	859	1
4731	ユニバホーム	1450000	1500000	1450000	1500000	0.007
4732	ＵＳＳ	4550	4650	4390	4550	57
4733	ＯＢＣ	58000	58000	55000	55000	3.5
4734	ビーイング	2550	2550	2540	2540	4
4735	京進	495	495	450	450	11
4736	日本ラッド	2400	2400	2350	2350	8
4737	シダックス	1640	1640	1600	1610	16
4738	日立ビジネス	2735	2800	2730	2800	21
4739	ＣＴＣ	101000	105000	99500	99700	94.9
4740	ニューディル	4010000	4050000	3980000	3980000	0.014
4741	ＩＲＩ	26500000	27000000	26500000	26500000	0.027
4743	アイティフォ	7500	7900	7000	7350	20
4744	メッツ	3400000	3400000	3200000	3200000	0.008
4745	東京個別	7250	7400	6850	6950	37
4746	東計電算	1950	1950	1852	1852	41
4747	Ｃフィッシュ	0	0	0	0	0
4748	構造計画	3300	3300	3010	3010	13
4749	アドバックス	560	560	500	524	76
4750	ダイサン	390	399	382	383	19
4751	サイバエージ	13600000	13600000	11900000	12020000	0.042
4901	富士写	4560	4690	4540	4690	809
4902	コニカＨＤ	468	476	456	473	732
4911	資生堂	1415	1415	1393	1393	678
4912	ライオン	400	404	400	402	232
4913	サンスター	347	348	347	348	8
4914	高砂香	435	436	420	430	70
4915	エイボンＪ	227	227	226	226	6
4916	ノエビア	1090	1090	1090	1090	2
4917	マンダム	1800	1830	1760	1790	90
4918	アイビー	0	0	0	0	0
4919	ミルボン	7120	7120	7120	7120	5
4920	日本色材	0	0	0	0	0
4921	ファンケル	16780	16780	16300	16700	35.2
4922	コーセー	2300	2500	2300	2390	13
4951	エステー化	565	565	560	561	8
4953	タイホー工業	0	0	0	0	0
4954	マークテック	395	395	395	395	4
4955	アグロカネシ	670	680	670	670	24
4956	コニシ	1185	1185	1160	1180	4.9
4957	ヤスハラケミ	0	0	0	0	0
4958	長谷川香料	1820	1860	1820	1850	1.3
4959	シーシーアイ	0	0	0	0	0
4960	ケミプロ	502	502	499	499	10
4961	日油技研	705	705	700	700	4
4963	星光ＰＭＣ	543	543	543	543	1
4964	星光化学工業	0	0	0	0	0
4965	曽田香料	0	0	0	0	0
4966	上村工	1831	1840	1800	1810	28
4967	小林製薬	9870	10870	9870	10870	33
4968	荒川化工	870	870	860	865	3
4970	東洋合成	1670	1670	1500	1520	82
4987	寺岡製	696	696	680	680	3
4989	イハラケミ	240	241	238	241	8
4990	昭和化	290	290	290	290	6
4992	北興化	367	367	360	365	34
4996	クミアイ化	202	202	193	198	23
4997	日農薬	214	217	213	215	20
4998	フマキラ	212	220	212	213	11
4999	セメダイン	259	262	259	262	3
5001	新日本石油	380	392	375	391	2240
5002	昭和シェル	409	423	408	423	351
5005	東  燃	595	620	595	611	308
5006	興亜石油	276	285	276	282	133
5007	コスモ石	140	143	138	141	222
5008	東亜石	114	115	113	114	64
5009	富士興	75	75	73	75	23
5010	日精蝋	96	96	86	86	17
5011	ニチレキ	460	460	450	450	9
5012	東燃ゼネ石	222	226	220	225	305
5013	ユシロ	470	475	470	475	8
5014	ジャパンエナジー	91	93	90	91	1902
5015	ＢＰカスト	619	619	599	601	7
5101	浜ゴム	286	289	274	289	719
5102	大機エンジ	0	0	0	0	0
5103	昭ゴム	123	123	120	123	18
5104	日東化工	98	98	98	98	4
5105	洋ゴム	151	158	151	157	207
5106	オーツタイヤ	190	190	186	186	11
5108	ブリヂストン	2275	2340	2275	2320	1144
5110	住友ゴ	566	583	566	582	190
5121	藤ゴム	217	218	216	218	23
5122	オカモト	245	245	235	235	54
5123	ミサワ東洋	131	131	131	131	20
5142	アキレス	168	171	168	168	52
5143	世界長	192	218	190	210	419
5161	西川ゴム	0	0	0	0	0
5162	朝日ラバー	1480	1480	1410	1430	8
5184	ニチリン	0	0	0	0	0
5185	フコク	647	647	647	647	2
5186	ニッタ	949	1010	930	1000	127
5187	クリエート	890	890	850	850	3
5188	帝都ゴム	0	0	0	0	0
5189	桜ゴム	168	168	168	168	1
5191	東海ゴ	800	820	800	810	43
5192	三星ベ	279	281	275	276	96
5193	平成ポリマー	112	112	97	97	4
5194	相模ゴ	0	0	0	0	0
5195	バンドー	220	220	216	217	80
5196	鬼ゴム	80	80	78	80	17
5199	不二ラテ	171	171	171	171	3
5201	旭硝子	880	895	868	888	3598
5202	板硝子	1040	1110	1016	1109	1736
5204	石塚硝	194	194	194	194	1
5205	日本無機	359	359	350	359	17
5208	有沢製	2280	2300	2280	2300	19
5210	日山村硝	191	201	190	201	416
5212	不二硝	0	0	0	0	0
5213	芝セラミ	715	735	697	700	2681
5214	日電硝	1495	1589	1495	1584	888
5215	旭テクノグラス	790	879	790	879	215
5216	倉元	1750	1750	1650	1650	13
5217	テクノクオツ	2650	2650	2650	2650	6
5232	住友大阪	378	394	370	373	3690
5233	太平洋セメ	175	182	175	182	679
5234	デイ・シイ	155	165	155	165	16
5237	ノザワ	86	87	85	87	5
5261	ミサワリゾ	252	255	245	247	18
5262	日ヒューム	243	249	242	243	9
5266	テイヒュー	131	131	131	131	1
5267	ハネックス	124	124	124	124	4
5268	旭コン	350	350	321	321	4
5269	日コン	107	109	107	109	3
5271	トヨアサノ	130	140	130	140	5
5272	浅野スレ	80	82	80	82	6
5273	三谷セキ	0	0	0	0	0
5274	ゼニパイプ	0	0	0	0	0
5276	石建工	502	502	467	470	7
5277	スパンクリト	275	275	270	270	5
5278	エバタ	0	0	0	0	0
5279	日本興業	0	0	0	0	0
5280	ヨシコン	0	0	0	0	0
5281	旭ダンケ	0	0	0	0	0
5282	ジオスター	1000	1010	1000	1010	2
5283	高見沢	0	0	0	0	0
5284	ヤマウ	0	0	0	0	0
5285	ヤマックス	0	0	0	0	0
5286	武井工業	0	0	0	0	0
5287	イトヨーギョ	0	0	0	0	0
5301	東海カ	206	210	203	209	613
5302	カーボン	134	138	128	133	243
5304	エスイ−シ−	220	220	212	220	9
5331	ノリタケ	451	489	451	475	180
5332	ＴＯＴＯ	548	565	542	560	744
5333	ガイシ	890	930	890	918	626
5334	特殊陶	1175	1175	1130	1160	1213
5336	INAX	543	555	536	555	562
5337	ダントー	330	330	326	330	59
5338	大トー	290	298	290	290	24
5341	アサヒ陶	135	135	131	131	2
5342	ジャニス	63	63	63	63	2
5343	ニッコー	365	365	365	365	2
5344	ＭＡＲＵＷＡ	2620	2710	2600	2690	20
5351	白煉瓦	334	343	321	332	154
5352	黒崎	167	170	167	170	31
5355	ルツボ	0	0	0	0	0
5356	美濃窯	0	0	0	0	0
5357	ヨータイ	184	184	175	175	11
5358	イソライト	181	184	180	180	21
5361	東海熱	450	485	450	485	137
5362	九州耐	0	0	0	0	0
5363	ＴＹＫ	182	193	182	190	56
5367	ニッカトー	900	920	899	900	40
5382	中央商事	0	0	0	0	0
5383	三共理化	0	0	0	0	0
5384	フジミインコ	4000	4000	3850	3850	4.5
5386	鶴弥	660	660	650	650	5
5387	チヨダウーテ	940	960	925	950	16
5388	クニミネ	270	270	270	270	1
5389	日レヂボン	0	0	0	0	0
5390	宇部マテリア	162	164	160	160	8
5391	Ａ＆ＡＭ	121	121	110	110	4
5393	ニチアス	171	175	171	175	85
5395	コランダム	154	160	154	160	6
5397	ＭＩＥテクノ	0	0	0	0	0
5398	日研紙	0	0	0	0	0
5401	新日鉄	249	260	249	257	24469
5403	川崎製鉄	176	183	174	181	14575
5404	日本鋼管	67	72	67	70	27693
5405	住金	83	85	82	85	20726
5406	神戸鋼	67	71	67	71	3986
5407	日新鋼	118	121	117	120	739
5408	中山鋼	164	165	161	164	83
5410	合同鉄	98	103	97	102	177
5423	東京製鉄	284	320	284	320	403.4
5443	東洋製鋼	62	64	61	62	59
5444	大和工	406	434	405	426	285
5445	東京鉄	76	80	76	80	29
5446	北越メ	0	0	0	0	0
5448	東京鋼鉄	0	0	0	0	0
5449	大阪製鉄	455	456	455	456	1.1
5451	淀川鋼	310	313	300	311	313
5453	洋鋼鈑	405	410	400	409	61
5454	日鉄鋼板	208	208	201	202	93
5457	住友鋼管	320	330	310	328	36
5458	高砂鉄	120	121	120	121	3
5461	中部鋼	123	123	120	123	30
5462	日鉄鋼管	122	140	122	140	8
5463	丸一管	1248	1270	1230	1270	47
5464	モリ工	0	0	0	0	0
5471	大同特鋼	197	206	192	201	5818
5476	高周波	82	84	78	84	33
5479	日金工	107	110	104	109	201
5480	冶金工	94	97	93	97	419
5481	山陽鋼	153	159	153	158	206
5482	愛知鋼	360	366	350	366	408
5484	東北鋼	480	480	480	480	4
5486	日立金	702	729	701	710	599
5491	日金属	115	120	115	120	30
5541	大平金	215	240	212	240	1123
5542	報国鉄	0	0	0	0	0
5562	日本重化学	134	139	133	136	252
5563	日本電工	187	188	180	185	201
5566	中央電	229	229	195	218	16
5602	栗本鉄	280	283	278	283	13
5603	虹技	155	159	150	158	30
5605	自動鋳	76	76	75	75	6
5606	旭テック	143	148	140	140	31
5607	中可鍛	0	0	0	0	0
5608	川口金	245	250	245	248	7
5609	日鋳造	95	95	93	93	7
5610	大和重	109	109	109	109	3
5612	鋳鉄管	219	219	216	218	7
5613	日本カタン	0	0	0	0	0
5631	日製鋼	115	117	113	117	432
5632	菱製鋼	87	92	86	92	160
5633	関東特殊製鋼	77	80	77	80	52
5641	ＴＤＦ	200	200	190	190	2
5642	日本鍛工	58	58	55	55	4
5644	メタルアート	100	100	100	100	16
5645	イチタン	140	140	140	140	2
5657	鈴木金	156	156	150	150	12
5658	日亜鋼	451	464	451	455	90
5659	日精線	223	225	215	220	22
5660	神鋼線	91	91	90	90	14
5691	東京シヤリング	84	84	84	84	3
5694	大和綱帯	0	0	0	0	0
5695	パウダテック	425	425	420	420	6
5696	川鉄鋼板	115	115	115	115	1
5697	サンユウ	0	0	0	0	0
5701	日軽金	90	92	90	91	505
5702	大紀ア	162	175	162	175	11
5706	三井金	617	635	613	635	1762
5707	東邦鉛	231	239	228	237	528
5711	三菱マ	368	394	362	391	32930
5713	住友鉱	307	325	307	325	2986
5714	同和鉱	275	284	274	284	1442
5715	古河機金	205	230	205	228	5052
5716	日鉱金属	834	898	824	880	562
5721	Ｓサイエンス	1001	1051	986	1051	1534
5727	邦チタ	462	470	462	470	9
5728	アライドマテリアル	1085	1090	1065	1065	20
5729	日精鉱	188	188	188	188	9
5734	昭和アルミ	128	132	126	128	84
5738	住軽金	85	85	80	85	192
5739	日製箔	149	149	149	149	4
5740	九州不二サッシ	0	0	0	0	0
5753	日伸銅	65	65	65	65	2
5756	東海アルミ箔	52	53	50	52	12
5757	サンエツ	0	0	0	0	0
5771	菱伸銅	245	256	245	255	1191
5781	東邦金	140	145	140	142	16
5801	古河電	1730	1885	1725	1845	7307
5802	住友電	1445	1505	1436	1497	2305
5803	フジクラ	510	525	501	524	1485
5804	菱線工	263	293	263	293	3840
5805	昭電線	170	177	168	175	375
5807	東特線	350	355	338	348	29
5808	理研線	212	212	210	210	6
5809	タツタ	174	178	171	176	114
5810	第一電工	110	112	107	108	125
5811	トヨ電線	0	0	0	0	0
5812	日立線	985	1073	976	1050	1975
5813	花島電線	0	0	0	0	0
5815	沖電線	250	250	237	238	20
5816	オーナンバ	185	185	185	185	1
5817	日電線	0	0	0	0	0
5818	東日京三電線	330	330	330	330	1
5819	カナレ電気	1500	1510	1480	1480	5.1
5820	三ッ星	250	250	250	250	1
5851	リョービ	124	127	123	127	103
5852	アーレスティ	0	0	0	0	0
5853	京都ダイカスト	152	152	152	152	1
5854	東京理化工	106	106	106	106	2
5855	アサヒプリテ	2410000	2410000	2410000	2410000	0.001
5900	ダイケン	415	425	415	425	2
5901	洋カン	1764	1949	1761	1899	336
5902	北カン	217	217	209	210	44
5903	シンポ	620	620	620	620	3
5904	アルコアシステム	480	480	480	480	2
5905	日カン	172	175	172	175	2
5906	エムケー精工	0	0	0	0	0
5907	ＪＦＥコンテ	0	0	0	0	0
5908	日鉄ドラム	0	0	0	0	0
5909	コロナ	1021	1021	1021	1021	2
5910	立山アルミ	0	0	0	0	0
5911	横河ブ	325	335	325	331	45
5912	日本橋	122	122	122	122	3
5913	松尾橋	202	202	202	202	3
5914	宮地鐵工所	196	196	190	190	26
5915	駒井鉄	350	360	340	360	19
5916	ハルテック	203	205	193	205	20
5917	サクラダ	80	88	80	83	24
5918	滝上工	330	332	330	332	4
5919	日鉄塔	270	280	270	280	7
5920	鈴木シャ	202	202	202	202	13
5921	川岸工	247	247	247	247	1
5922	那須鉄	0	0	0	0	0
5923	高田機	466	474	465	474	4
5924	新日軽	73	77	73	75	28
5925	酒井鉄工所	115	124	115	124	5
5926	安治川鉄工	115	115	115	115	4
5927	ホリー	121	122	121	122	2
5928	アルメタクス	240	248	240	240	5
5929	三和シャタ	313	319	311	315	282
5930	文化シヤタ	231	238	230	230	33
5931	川田工	212	220	211	220	15
5932	三協アルミ	95	97	95	96	125
5933	アルインコ	200	220	200	220	9
5934	日本ア	68	68	65	65	10
5935	元旦	869	869	869	869	3
5936	洋シヤタ	121	126	120	125	42
5937	洋エクス	755	800	755	795	28
5938	住生活Ｇ	1669	1700	1661	1700	292
5939	大谷工業	0	0	0	0	0
5940	不二サッシ	155	156	155	155	4.8
5941	中西製	0	0	0	0	0
5942	フイルコン	0	0	0	0	0
5943	ノーリツ	1213	1213	1180	1212	33
5944	日立粉末	714	725	714	722	18
5945	天竜製鋸	1300	1300	1300	1300	1
5946	長府製	1450	1450	1441	1450	6.2
5947	リンナイ	1928	1965	1900	1965	83.7
5949	ユニプレス	0	0	0	0	0
5950	パワーファス	140	140	130	130	4
5951	ダイニチ工業	312	312	297	300	3.4
5952	アマテイ	0	0	0	0	0
5954	トープラ	0	0	0	0	0
5955	ヤマシナ	303	305	287	288	158
5956	トーソー	280	280	280	280	1
5957	日東精	183	183	175	175	17
5958	三洋工	190	195	185	185	87
5959	岡部	281	281	280	280	7
5961	トーカロ	0	0	0	0	0
5962	浅香工	230	230	230	230	1
5963	日立ツール	395	395	395	395	1
5964	洋刃物	0	0	0	0	0
5965	フジマック	0	0	0	0	0
5966	ＫＴＣ	295	295	295	295	1
5967	前田金	0	0	0	0	0
5969	ロブテックス	0	0	0	0	0
5970	菊池プレス	363	363	363	363	1
5971	共和工業	0	0	0	0	0
5972	日本建鐵	295	297	290	290	9
5973	トーアミ	0	0	0	0	0
5974	中国工	165	169	161	169	21
5975	東プレ	338	343	338	340	43
5976	ネツレン	269	270	269	270	10
5977	コマツ電子	1160	1160	1140	1160	13.4
5979	カネソウ	400	400	400	400	3
5980	田中亜鉛	0	0	0	0	0
5981	東京綱	137	145	136	144	177
5982	マルゼン	340	340	336	340	13
5983	イワブチ	0	0	0	0	0
5984	兼房	0	0	0	0	0
5985	サンコール	440	466	440	466	93
5986	モリテック	258	258	245	245	8
5987	オーネックス	260	260	260	260	1
5988	パイオラクス	750	750	750	750	1
5989	ヒラタ	373	373	373	373	2
5990	スーパツール	0	0	0	0	0
5991	ニッパツ	349	365	345	365	629
5992	中央発條	395	400	390	390	18
5993	知多鋼	0	0	0	0	0
5994	ファインＳ	408	429	408	429	103
5995	科学冶金	0	0	0	0	0
5996	新立川	0	0	0	0	0
5997	協立エアテク	718	718	718	718	0.1
5998	アドバネクス	255	255	245	245	33
5999	イハラサイエ	224	230	218	218	19
6005	三浦工	1190	1230	1190	1200	76
6011	新潟鉄工所	85	87	83	85	535
6013	タクマ	970	970	950	953	175
6016	神発動	0	0	0	0	0
6018	阪神燃	86	86	80	80	12
6020	神鋼造機	0	0	0	0	0
6021	ロビン	220	220	220	220	1
6022	赤阪鉄	96	96	96	96	3
6023	ダイハツデ	160	160	160	160	2
6041	ボッシュ	149	158	145	154	718
6042	ニッキ	158	158	158	158	2
6101	ツガミ	648	678	643	675	1435
6102	池貝	198	201	195	199	243
6103	オークマ	400	420	400	419	263
6104	東芝機	217	225	216	220	118
6106	日立精機	170	175	170	172	50
6107	アマダマシ	218	218	210	217	143
6111	旭精機	240	245	240	240	6
6112	小島鉄	0	0	0	0	0
6113	アマダ	830	888	830	888	872
6114	住倉工業	308	308	260	266	532
6118	アイダ	423	425	417	425	29
6119	ゼィープラス	250	250	250	250	2
6121	滝澤鉄	86	86	86	86	3
6125	岡本工	137	139	135	135	22
6126	大ダイヤ	190	192	183	192	4
6130	日平トヤマ	208	212	208	212	5
6131	浜井産	190	190	180	181	44
6134	富機製	7700	7780	7600	7610	75.2
6135	牧野フ	991	1038	976	1030	565
6136	ＯＳＧ	488	490	475	479	16
6137	小池工	0	0	0	0	0
6138	ダイジェト	127	128	126	127	8
6139	東芝タンガロイ	246	250	245	248	179
6140	旭ダイヤ	640	640	630	636	116
6141	森精機	1650	1770	1650	1750	518
6142	富士精	0	0	0	0	0
6143	ソディック	744	789	734	770	212
6144	西部電機	0	0	0	0	0
6145	日特エンジ	1700	1920	1660	1890	81
6146	ディスコ	18400	18600	17900	18390	58.9
6147	ヤマザキ	1100	1100	1100	1100	2
6148	UHT	1880	1900	1880	1900	5
6149	小田原エンジ	697	700	697	697	2.5
6150	タケダ機械	140	140	140	140	1
6151	日東工器	2690	2700	2670	2700	11
6201	豊田織	2035	2080	2015	2060	281
6203	豊和工	140	151	139	151	410
6204	キリウ	185	185	184	184	15
6205	ＯＫＫ	119	119	115	119	46
6206	豊田工	840	873	840	864	51
6208	石川製	115	117	115	117	39
6210	東洋機械	610	610	600	602	6
6211	倉敷機	0	0	0	0	0
6212	帝人製機	168	168	168	168	9
6213	ＯＭ製	143	143	142	142	4
6214	大隈豊和機械	186	195	186	195	9
6216	寿工業	155	155	155	155	1
6217	津田駒	141	146	141	144	13
6218	エンシュウ	149	150	147	147	29
6221	大東製機	285	285	270	280	13
6222	島精機	2220	2220	2200	2200	9.6
6242	スピンドル	200	200	191	200	43
6245	ヒラノテク	260	260	260	260	4
6246	井上金	0	0	0	0	0
6247	日阪製	460	460	450	450	47
6271	ニッセイ	852	852	852	852	2
6272	レオン	401	405	396	400	14
6273	ＳＭＣ	21300	22200	20800	21980	158.6
6274	新川	4200	4210	4100	4150	74.7
6275	イセキ開発工	134	134	131	134	7
6276	ナビタス	950	950	920	920	8
6277	ホソミクロン	596	610	595	610	15
6278	ユニオンツル	16800	17650	16700	17600	68.5
6279	瑞光	1570	1570	1570	1570	0.2
6280	名機製	1700	1700	1650	1700	20
6281	前田製作	0	0	0	0	0
6282	オイレス	1630	1670	1610	1650	41.6
6283	オリイメック	370	370	370	370	2
6284	ＡＳＢ機械	601	603	583	585	35
6286	静甲	0	0	0	0	0
6287	サトー	3400	3440	3310	3410	22.1
6288	ハマダ印刷機	165	165	165	165	2
6289	技研製	340	350	340	350	2
6290	ＳＥＳ	1700	1730	1600	1680	100
6291	エアーテック	0	0	0	0	0
6292	カワタ	1110	1110	1000	1000	39
6293	日精樹脂	1051	1100	1050	1081	47
6294	オカアイヨン	170	170	170	170	1
6295	富士変速	289	289	263	289	0.7
6296	ロキテクノ	990	1000	980	1000	11
6297	鉱研工業	540	540	510	510	15.8
6298	ワイエイシイ	2270	2300	2150	2300	6
6299	神鋼環境Ｓ	275	280	275	280	3
6300	アピクヤマダ	884	900	884	900	9
6301	コマツ	495	507	493	507	1329
6302	住友機	246	271	245	271	2287
6303	ササクラ	415	415	415	415	1
6304	マキ製作所	0	0	0	0	0
6305	日立建機	420	435	420	434	107
6306	日工	232	235	218	226	31
6307	サンセイ	115	116	115	116	4
6309	巴工業	0	0	0	0	0
6310	井関農	106	110	104	108	340
6311	セイレイ工業	0	0	0	0	0
6312	フロイント	0	0	0	0	0
6313	共立	133	135	133	135	13
6314	石井工研	900	910	899	910	1.7
6315	ＴＯＷＡ	3900	3920	3850	3900	33.1
6316	丸山製	155	157	155	155	40
6317	北川鉄	137	139	136	139	20
6319	シンニッタン	201	203	200	200	14
6320	新ダイワ	0	0	0	0	0
6321	石搬機	367	367	367	367	2
6322	タクミナ	450	450	450	450	1
6323	ローツェ	2600	2700	2550	2550	11
6324	ハーモニック	3580000	3580000	3350000	3350000	0.01
6325	タカキタ	0	0	0	0	0
6326	クボタ	388	403	383	401	4160
6327	北川精機	360	360	360	360	4
6328	荏原実業	1440	1450	1440	1450	2
6329	ＨＥＣ	600	600	590	590	8
6330	東洋エンジ	104	106	103	106	107
6331	化工機	239	239	233	236	101
6332	月島機	661	670	660	663	96
6333	帝国電	655	655	655	655	3
6334	明治機	452	470	433	443	3138
6335	東京機	414	422	409	413	169
6336	石井表記	3050	3300	3050	3300	8
6339	新東工	247	254	247	250	25
6340	渋谷工	866	890	866	890	2
6341	日立造船富岡	0	0	0	0	0
6342	太平製	0	0	0	0	0
6343	フリージア	93	93	83	83	7
6345	アイチコーポ	172	174	167	174	12.2
6346	菊川鉄	0	0	0	0	0
6347	プラコー	131	131	131	131	2
6348	日本マリンテクノ	630	630	625	625	2
6349	小森	1545	1545	1529	1540	188
6350	新日本造機	0	0	0	0	0
6351	鶴見製	500	501	492	492	24
6352	トヨコケン	135	135	134	134	3
6354	日立機電	400	402	400	401	7
6355	住友精	379	380	373	376	50
6356	日ギア	182	182	182	182	1
6357	三精輸	334	343	333	340	53
6358	酒井重	216	218	216	218	9
6359	粟村製作所	127	131	127	131	3
6360	東自機	375	375	375	375	2
6361	荏原	1380	1420	1360	1415	1400
6362	石井鉄	210	215	205	205	16
6363	酉島	480	490	470	470	30
6364	北越工	160	160	160	160	4
6365	電業社	4600	4600	4300	4400	3
6366	千代建	159	170	159	169	315
6367	ダイキン	1840	1860	1840	1859	450
6368	オルガノ	398	398	389	390	130
6369	トヨカネツ	109	110	107	107	50
6370	栗田工	2000	2100	2000	2050	114
6371	椿本チ	425	450	425	444	504
6372	セイサ	89	89	86	86	7
6373	大同工	198	198	188	188	20
6374	ＴＣＭ	168	170	165	165	73
6375	コンベヤ	120	120	117	119	174
6376	日機装	508	510	502	505	106
6377	甲陽建設	365	380	350	351	34
6378	木村化	163	163	156	160	4
6379	新興プラン	130	130	120	120	22
6380	オリチェン	97	97	97	97	12
6381	アネスト岩田	152	152	150	150	8
6382	トリニ工	0	0	0	0	0
6383	ダイフク	923	1015	920	1011	407
6386	扶桑レクセ	1251	1285	1250	1285	14
6388	ミサワバン	365	365	339	345	82
6389	内田油圧	85	87	85	87	7
6390	加藤製	160	161	160	160	25
6391	加地テック	180	185	180	185	10
6392	ヤマダコーポ	172	172	162	162	4
6393	油研工	132	135	132	135	23
6394	大江工業	140	140	140	140	2
6395	タダノ	210	219	209	219	28
6396	宇野鉄	166	166	166	166	1
6397	郷鉄工	0	0	0	0	0
6398	日本電産シンポ	995	995	995	995	2
6403	水道機	0	0	0	0	0
6406	フジテック	873	933	869	933	110
6407	シーケーディ	550	594	545	590	711
6408	クラッチ	1000	1000	1000	1000	3
6409	キトー	0	0	0	0	0
6411	中野冷	0	0	0	0	0
6412	平和	2190	2260	2170	2260	175.9
6413	理想科学	2810	2880	2810	2870	2.1
6414	川重冷熱	460	460	460	460	3
6415	ニスカ	0	0	0	0	0
6416	桂川電機	328	328	328	328	1
6417	ＳＡＮＫＹＯ	4590	4840	4590	4730	162.3
6418	日金銭	1800	1810	1790	1799	37
6419	マース	2650	2700	2600	2660	10.1
6420	福島工業	675	675	665	665	3
6421	キヤノンＦ	720	720	720	720	5
6422	キヤノン化成	940	1050	940	1010	119
6423	アビリット	6350	6390	5950	5960	56.2
6424	高見サイ	499	500	499	500	3
6425	アルゼ	6900	6900	6610	6610	14.4
6426	サミー	4280	4300	4150	4150	10.3
6427	東北リコー	1021	1021	950	970	37
6431	キャノンＮＴＣ	301	301	298	300	8
6436	アマノ	869	910	859	899	590
6437	三条機	157	157	146	146	5
6439	中日鋳	145	145	144	144	2
6440	ＪＵＫＩ	183	185	181	185	74
6442	コピア	275	292	275	292	7
6443	東洋製	140	140	140	140	5
6444	サンデン	560	560	541	549	420
6445	蛇の目	97	98	96	96	73
6448	ブラザー	264	268	260	267	85
6453	シルバ精	196	205	190	200	161
6454	マックス	834	840	826	830	147
6455	モリタ	299	299	290	290	7
6457	グローリー	1650	1670	1649	1650	31
6458	新晃工	138	138	135	135	15
6459	大和冷	303	305	300	300	81
6461	日ピス	144	154	144	153	124
6462	リケン	225	229	225	227	58
6463	ＴＰＲ	271	271	270	270	2
6466	トウアバルブ	198000	238000	195000	238000	0.18
6467	ニチダイ	560	560	540	540	19
6468	駿河精機	2560	3040	2540	3040	74
6469	放電精密	680	681	680	680	13
6470	大豊工業	989	989	939	950	20
6471	日精工	788	804	778	804	873
6472	ＮＴＮ	316	331	310	325	690
6473	光洋精	754	800	754	783	447
6474	不二越	182	190	182	190	271
6475	天辻	1000	1000	1000	1000	6
6476	富士テクニカ	530	530	530	530	2
6477	ツバキ・ナカ	1200	1200	1163	1200	106
6478	ダイベア	204	204	204	204	2
6479	ミネベア	1385	1387	1366	1379	1227
6480	トムソン	1009	1070	995	1066	222
6481	ＴＨＫ	4720	4720	4510	4590	311.5
6482	ユーシン精機	9100	9360	9050	9360	16.3
6483	川重防災	540	540	540	540	1
6484	ＫＶＫ	230	230	230	230	3
6485	前沢給装	580	600	580	600	23
6486	イーグル工	317	317	317	317	2
6487	積水工機	0	0	0	0	0
6488	ヨシタケ	0	0	0	0	0
6489	前沢工業	1000	1000	990	1000	29.6
6490	ピラー	790	797	785	797	14
6492	岡野バ	150	150	150	150	1
6493	日鍛バ	0	0	0	0	0
6494	ファネス	395	399	390	390	9
6495	宮入バ	100	100	100	100	7
6496	中北製	197	197	197	197	1
6497	ハマイ	0	0	0	0	0
6498	キッツ	175	176	170	170	113
6499	大隈エンジニア	156	160	156	160	4
6501	日立	1267	1298	1248	1284	5995
6502	東芝	1046	1080	1035	1072	14161
6503	三菱電	968	983	965	983	5405
6504	富士電機ＨＤ	346	360	343	352	2045
6505	東洋電	188	188	180	180	56
6506	安川電	1430	1517	1410	1480	4962
6507	神鋼電	181	186	175	179	595
6508	明電舎	215	220	210	214	225
6513	オリジン	1236	1236	1210	1226	65
6516	山洋電	484	490	470	490	161
6517	デンヨー	737	737	710	725	5
6518	三相電機	645	650	645	650	5
6581	日立工	275	278	270	276	116
6584	三桜工	585	595	585	585	27
6585	サーボ	282	283	282	282	7
6586	マキタ	910	923	908	915	108
6587	松下精工	405	408	396	396	120
6588	東芝テック	460	470	451	461	460
6590	芝浦	1190	1200	1170	1198	175
6591	西芝電	168	168	168	168	5
6592	マブチ	11000	11600	10900	11600	171.7
6593	ローヤル電	0	0	0	0	0
6594	日電産	9500	9780	9400	9600	152.9
6621	高岳	178	178	176	178	43
6622	ダイヘン	239	243	230	236	158
6623	愛電機	193	193	192	192	4
6624	田淵電	300	300	300	300	6
6641	日新電	257	267	250	267	158
6643	戸上電	179	179	170	170	21
6644	大崎電	474	490	465	490	26
6645	オムロン	2895	3140	2890	3060	721
6646	エナジーサポ	325	325	325	325	10
6647	森尾電	165	173	165	173	11
6648	かわでん	90	90	82	87	37
6650	春日電	190	190	180	180	12
6651	日東工	601	610	580	609	58
6652	和泉電	1319	1490	1314	1490	382.5
6654	不二電機	730	730	700	700	3
6655	東洋電機	390	390	390	390	1
6701	ＮＥＣ	3030	3150	3020	3100	4131
6702	富士通	3200	3360	3170	3330	6218
6703	沖電気	686	712	680	710	1308
6704	岩崎通	260	265	255	260	80
6705	ＮＥＣインフ	574	599	574	598	127
6706	電気興	1119	1145	1080	1120	124
6707	サンケン	640	648	638	639	227
6708	東洋通	2400	2530	2400	2490	773
6709	明星電	0	0	0	0	0
6710	大興電機製作	187	190	187	187	22
6711	高見澤電機	184	190	182	182	6
6712	田村電機製作	321	321	306	320	39
6714	神田通信工業	275	275	266	275	11
6715	ナカヨ通	325	350	325	350	5
6716	中央無	500	530	500	510	20
6717	富士通アクセ	2570	2645	2560	2645	36
6718	アイホン	1520	1598	1520	1550	4.2
6741	信号	472	479	465	474	122
6742	京三	253	253	247	253	19
6743	大同信	0	0	0	0	0
6744	能美防災	349	358	346	358	30
6745	ホーチキ	298	299	298	299	7
6747	小糸工	351	355	350	354	12
6748	星和電	421	429	421	429	8
6749	マスプロ	1170	1210	1170	1200	16
6751	日無線	1059	1095	1031	1071	393
6752	松下	3030	3070	2990	3020	3574
6753	シャープ	2170	2210	2160	2160	2165
6754	アンリツ	945	968	940	945	281
6755	富士通ゼ	645	665	643	658	179
6756	日立国際	1345	1364	1340	1350	118
6758	ソニー	14490	15100	14360	15000	5948.2
6759	ＮＥＣトーキ	721	730	708	710	128
6761	アイワ	1660	1721	1660	1705	131.9
6762	ＴＤＫ	13260	13800	13110	13800	286
6763	帝通工	361	365	356	357	53
6764	三洋電	622	667	616	655	12905
6765	ケンウッド	449	476	443	476	1305
6766	宮越商	60	71	60	66	60
6767	ミツミ	3810	4150	3800	4150	756
6768	タムラ	485	491	482	485	73
6770	アルプス	1390	1400	1373	1390	539
6771	池上通	428	438	420	428	89
6772	コスモス	148	148	147	148	12
6773	パイオニア	2915	2980	2890	2980	954
6775	東和メクス	148	152	148	151	75
6776	天昇電	0	0	0	0	0
6779	日電波	4130	4210	3980	4000	392.5
6780	日立電子	580	580	565	570	20
6781	松下通信工業	18500	19200	18100	18360	275
6782	九州松下電器	1195	1215	1190	1215	172
6783	松下寿電子	2370	2450	2370	2425	110
6791	コロムビア	180	185	176	181	49
6792	ビクター	650	660	642	651	417
6793	山水電	30	31	25	27	2988
6794	フォスター	727	729	720	729	44
6796	クラリオン	573	573	550	556	1084
6798	ＳＭＫ	1040	1099	1040	1080	408
6799	日本マランツ	232	232	232	232	3
6800	ヨコオ	3400	3680	3400	3600	177
6801	東光	826	835	825	830	305
6802	赤井電機	50	51	49	49	1497
6803	ティアック	421	436	416	436	178
6804	ホシデン	5220	5340	5100	5230	164
6805	八木アン	632	660	632	660	5
6806	ヒロセ電	14210	15390	14210	14610	106.6
6807	航空電子	630	637	615	626	196
6808	シントム	81	82	71	75	2947
6809	ＴＯＡ	335	345	331	335	18
6810	マクセル	2570	2650	2515	2650	88
6811	クオンツ	805	809	790	790	67
6812	ジャルコ	460	460	450	450	11
6813	ナカミチ	149	149	143	146	57
6814	古野電	420	420	420	420	8
6815	ユニデン	880	880	860	860	89
6816	アルパイン	1465	1540	1465	1540	58
6817	スミダコーポ	5000	5000	4800	4900	5.7
6818	島田理	1156	1196	1156	1196	4.7
6819	オメガ・プロ	2200	2220	2100	2100	245
6820	アイコム	2220	2220	2150	2150	75
6821	バーテクスＳ	1100	1200	1100	1200	2
6822	大井電気	0	0	0	0	0
6823	リオン	1300	1320	1300	1320	3
6824	新コスモス	390	390	390	390	1
6826	本多通信	4550	4550	4200	4300	38
6827	東北パイオ	7000	7200	6840	7100	232
6837	京写	2050	2100	1900	1980	38
6838	多摩川電	1980	2090	1980	2050	25
6839	船井電	62300	63000	59000	59000	42.5
6840	アドテック	1220	1230	1170	1170	12
6841	横河電	954	1010	954	1010	423
6842	ユニパルス	1290	1290	1220	1250	12
6843	東光精機	0	0	0	0	0
6844	新電元	530	548	530	542	62
6845	山武	896	900	860	871	146
6846	中央製	0	0	0	0	0
6847	安藤電気	2100	2160	2050	2160	45
6848	東亜ＤＫＫ	320	320	305	305	17
6849	日本光電	329	330	321	330	19
6850	チノー	235	240	235	236	15
6851	大倉電気	230	230	220	220	20
6852	テクノセブン	215	220	215	220	7
6853	共和電	262	262	250	250	26
6855	電子材料	2900	2940	2900	2940	7
6856	堀場製	830	851	820	850	184
6857	アドバンテスト	21350	21770	21000	21200	204.7
6858	小野測器	225	225	220	220	4
6859	エスペック	786	786	751	765	35
6860	サンクス	790	790	750	790	6
6861	キーエンス	42800	42900	40450	41700	47.3
6862	ミナトエレ	280	280	261	271	5
6863	ニレコ	669	669	669	669	1
6864	ＮＦ回路	0	0	0	0	0
6866	ＨＩＯＫＩ	800	810	800	800	18
6867	リーダー電子	0	0	0	0	0
6868	東カソード	1220	1270	1220	1270	1.7
6869	シスメックス	3180	3200	3150	3150	17.7
6870	フェンオール	700	700	700	700	1
6871	日本マイクロ	1880	1900	1830	1830	14.2
6872	日本コーリン	11000	12200	10800	11200	78.5
6873	日立電子Ｅ	900	900	870	870	11
6874	協立電機	4350	4360	4260	4350	4.4
6875	メガチップス	6750	7350	6750	7350	12
6876	光波	4450	4950	4450	4900	21
6877	ＯＢＡＲＡ	0	0	0	0	0
6878	長野日無	600	605	600	605	3
6879	フォトロン	0	0	0	0	0
6880	シンワ	1290	1290	1200	1200	8.6
6881	キョウデン	4540	4540	4230	4300	39
6882	三社電機	690	690	690	690	6
6883	電産コ電	1550	1550	1450	1450	35
6884	デジタル	3390	3390	3200	3350	9
6885	ミヤチテクノ	1080	1080	1010	1010	1.4
6886	グラフィック	600	600	590	600	8
6887	日本ＬＳＩカード	605000	630000	605000	620000	0.007
6888	アクモス	870000	900000	870000	871000	0.029
6889	オーデリック	620	620	610	610	4
6890	フェローテク	1650	1680	1600	1630	33
6891	イーター電機	1050	1050	1010	1050	11
6892	シチズン電子	18900	20000	18500	20000	5.8
6893	タイテック	880	880	825	833	27
6894	パルステック	1761	1780	1700	1700	17
6895	ダイヤ電機	480	480	480	480	4
6896	北川工業	1350	1350	1321	1325	8.3
6897	ツインバード	0	0	0	0	0
6898	トミタ電機	350	350	350	350	9
6899	ＡＳＴＩ	0	0	0	0	0
6900	東京電波	8910	8910	8700	8750	19
6901	沢藤電	341	345	335	338	25
6902	デンソー	2430	2500	2400	2500	1634
6904	原田工業	0	0	0	0	0
6905	コーセル	3700	3890	3700	3860	85.4
6906	キヤ･コンポ	0	0	0	0	0
6907	ジオマテック	1460	1460	1410	1460	6.8
6908	イリソ電子	431	431	431	431	2
6909	北部通信工業	481	481	479	479	2
6910	日立メディコ	1120	1150	1120	1150	16
6911	新日無	970	991	940	940	23
6912	菊水電子	470	495	470	495	7
6913	メルコ	2655	2700	2630	2655	19.8
6914	オプテックス	1080	1080	1080	1080	2
6915	千代田インテ	1600	1640	1580	1640	27
6916	アイオデータ	2900	2900	2810	2870	14.9
6917	デンセラムダ	2805	2810	2790	2805	22.3
6918	アバール	1300	1300	1190	1200	18
6919	ケル	790	790	740	745	5
6920	レーザーテク	2750	2750	2750	2750	2
6921	東光電	310	320	310	310	3
6922	昭和情報	540	580	540	579	58
6923	スタンレー	730	780	717	780	1086
6924	岩崎電	219	225	217	225	115
6925	ウシオ電	2150	2230	2150	2230	208
6926	岡谷電	250	250	250	250	2
6928	エノモト	1200	1240	1160	1240	11
6929	日セラ	1140	1149	1114	1149	40
6930	日本アンテナ	1260	1260	1240	1240	11
6931	日本電池	415	415	410	413	141
6932	ユアサコーポ	280	300	280	300	14
6933	ＹＵＡＳＡ	270	290	270	285	308
6934	新神戸	658	687	656	670	25
6935	日デジタル	1830	1830	1795	1815	15
6936	東洋高砂乾	0	0	0	0	0
6937	古河池	301	301	288	298	10
6938	双信電機	870	890	850	860	79
6939	ＵＭＣＪ	1100000	1100000	1010000	1020000	0.492
6940	多摩電気	0	0	0	0	0
6941	山一電機	3300	3380	3300	3320	84
6942	ソフィア	330	330	330	330	4
6943	開閉器	899	899	860	870	7
6944	アイレックス	282	282	282	282	1
6945	ＦＴＥＣ	640	645	638	640	23
6946	日本アビオ	300	300	300	300	5
6947	図研	2700	2770	2650	2710	16.6
6948	住友電装	850	900	850	900	6
6949	キンセキ	886	940	885	910	42
6950	ＹＥデータ	625	625	620	620	7
6951	日電子	550	560	550	555	28
6952	カシオ	1088	1088	1032	1058	659
6953	日ＮＣＲ	497	497	470	495	5
6954	ファナック	10900	11200	10810	10910	609.7
6955	ＦＤＫ	810	859	810	830	61
6956	神明電	1860	1940	1860	1910	26
6957	芝浦電子	330	330	320	325	5.9
6958	日本ＣＭＫ	1199	1230	1199	1221	48
6960	フクダ電	1800	1800	1750	1750	3
6961	エンプラス	5990	6100	5800	5900	119.5
6962	大真空	616	650	616	635	96
6963	ローム	36000	37050	35850	36750	189
6964	サンコー	2105	2150	2040	2150	19
6965	ホトニクス	7590	7590	7150	7200	129.9
6966	三井ハイテク	2000	2040	2000	2020	120.1
6967	新光電工	5400	5410	5330	5350	69.1
6968	グラフテック	195	200	190	190	10
6969	松尾電	855	895	855	895	44
6970	日本コンラックス	571	571	555	560	44
6971	京セラ	17160	17160	16830	16900	452.2
6972	エルナー	482	482	462	465	29
6973	協栄産	351	351	340	340	12
6974	日本インター	320	320	306	306	22
6975	ＮＥＯＭＡＸ	1100	1100	1081	1081	55
6976	太陽電	6430	6600	6360	6520	356
6977	抵抗器	212	212	200	200	4
6980	日立ＡＩＣ	1160	1198	1160	1160	54
6981	村田製	24360	25200	24020	25000	648
6982	リード	105	105	105	105	1
6984	朝日ナショナ	0	0	0	0	0
6985	ユーシン	470	470	468	469	18
6986	双葉電	4130	4180	4000	4010	98.2
6988	日東電	4100	4170	4050	4100	367
6989	北電工	224	237	221	235	374
6991	松電工	1075	1093	1066	1085	1667
6992	国産電	235	235	228	230	3
6993	森電機	220	244	215	237	591
6994	指月電	280	280	280	280	6
6995	東海理	998	1000	998	1000	6
6996	ニチコン	3100	3160	3060	3160	195
6997	日ケミコン	470	470	452	459	174
6998	タングス	283	284	283	284	10
6999	ＫＯＡ	2670	2770	2630	2740	82
7003	三井造	75	76	74	76	837
7004	日立造	91	92	90	90	1711
7007	佐世保	82	82	77	77	158
7011	三菱重	326	333	324	332	3568
7012	川重	123	126	123	126	1352
7013	石川島	121	124	120	124	962
7014	名村造	128	128	124	124	74
7018	内海造	0	0	0	0	0
7020	サノヤス	237	237	232	232	11
7021	ニッチツ	135	139	131	139	12
7052	信貴造船所	0	0	0	0	0
7102	日車両	226	227	214	221	176
7104	富士車輌	93	93	89	93	24
7105	ニチユ	166	166	160	166	26
7122	近畿車	139	145	139	139	30
7123	東急車輌製造	85	89	85	89	17
7124	輸送機工業	0	0	0	0	0
7142	ナブコ	189	189	182	183	23
7201	日産自	420	420	404	409	3683
7202	いすゞ	238	238	227	232	800
7203	トヨタ	5270	5600	5260	5540	4132
7204	小松ゼノア	270	270	263	269	28
7205	日野自	289	301	286	301	652
7207	日野車体	83	86	81	81	12
7210	日産ディ	93	94	90	91	72
7211	三菱自	397	402	390	390	628
7212	エフテック	450	450	436	436	2
7219	ＨＫＳ	700	705	700	705	6
7220	武蔵精密	1100	1100	1100	1100	2
7221	トヨ車	780	800	780	798	24
7222	産車体	135	135	126	127	13
7223	関東自	604	623	604	620	31
7224	新明和	168	168	163	168	193
7225	小松フォーク	156	156	153	153	48
7226	極東開発	491	510	491	510	14.6
7227	アスカ	0	0	0	0	0
7228	デイトナ	0	0	0	0	0
7229	ユタカ技研	0	0	0	0	0
7230	日信工業	1281	1410	1281	1410	42
7231	トピー	156	161	153	160	226
7232	トキコ	143	144	140	140	54
7233	自部品	0	0	0	0	0
7234	橋本フォーミング	74	74	68	68	6
7235	東ラヂ	129	129	129	129	11
7236	ティラド	309	316	305	310	276
7237	ボッシュブレーキ	200	200	200	200	3
7238	ブレーキ	208	208	198	200	38
7239	タチエス	470	470	470	470	2
7240	ＮＯＫ	384	397	375	382	96
7241	フタバ	1180	1185	1160	1175	196
7242	カヤバ	171	175	168	169	392
7243	シロキ	231	231	217	217	35
7244	市光工	227	227	215	215	157
7245	大同メ	300	300	300	300	6
7246	プレス工	80	82	78	82	79
7247	ミクニ	135	135	135	135	4
7248	カルソニック	230	234	225	230	88
7249	尾張精	0	0	0	0	0
7250	太平洋工	265	278	265	274	18
7251	ケーヒン	806	808	796	800	113
7252	富士機	0	0	0	0	0
7253	日本ガスケット	0	0	0	0	0
7254	フジユニ	169	169	165	165	3
7255	桜井製	835	835	835	835	1
7256	河西工	200	200	195	200	27
7257	自転車電機工	237	245	237	240	20
7258	栃木富士産業	199	199	199	199	4
7259	アイシン	1396	1405	1360	1400	509
7260	富士機工	0	0	0	0	0
7261	マツダ	340	342	334	341	3406
7262	ダイハツ	558	565	550	562	268
7263	愛知機	140	141	135	135	89
7264	ＭＵＲＯ	0	0	0	0	0
7265	エイケン工業	960	960	960	960	1
7266	今仙電機	354	354	354	354	9
7267	ホンダ	4160	4260	4140	4240	928
7268	タツミ	0	0	0	0	0
7269	スズキ	1583	1589	1560	1585	728
7270	富士重	816	825	791	801	1145
7271	安永	0	0	0	0	0
7272	ヤマハ発	805	820	790	820	325
7273	イクヨ	0	0	0	0	0
7274	ショーワ	490	495	486	495	48
7275	ユニシア	113	114	112	114	28
7276	小糸製	530	534	515	515	165
7277	ＴＢＫ	0	0	0	0	0
7278	エクセディ	930	930	918	920	2
7279	ケーブル	1100	1100	1030	1100	22
7280	ミツバ	443	462	443	462	8
7282	豊田合	7440	7740	7210	7690	442
7283	愛三工	0	0	0	0	0
7284	盟和産	235	235	235	235	1
7285	池田物産	112	115	110	112	21
7286	イズミ工業	128	128	125	127	4
7287	日精機	1590	1590	1510	1510	26
7288	テクノエイト	227	240	227	240	2
7289	マーレ テネックス	230	230	220	220	5
7290	日発精密工業	0	0	0	0	0
7291	日本プラスト	0	0	0	0	0
7292	村上開明	490	490	490	490	3
7293	大井製作所	290	290	270	275	10
7294	ヨロズ	248	256	243	254	9.5
7295	アイエス製機	0	0	0	0	0
7296	ＦＣＣ	1180	1180	1180	1180	3
7297	カーメイト	851	851	850	850	1.3
7298	八千代工	470	470	470	470	1
7299	フジオーゼ	210	210	210	210	1
7301	宮田	165	168	165	168	7
7305	新家工	118	118	118	118	4
7306	丸石自転車	470	473	442	460	470
7308	ツノダ	0	0	0	0	0
7309	シマノ	2200	2200	2050	2100	100.9
7399	ナンシン	0	0	0	0	0
7404	昭和飛	330	330	327	328	6
7407	日本飛行機	210	215	210	215	11
7408	ジャムコ	395	395	390	395	16
7410	横浜鋼業	120	120	120	120	4
7411	成和産業	0	0	0	0	0
7412	アトム	0	0	0	0	0
7413	創健社	230	230	230	230	1
7414	小野建	800	810	750	810	5
7415	新星堂	291	291	290	290	3
7416	はるやま	595	600	595	600	1.5
7418	ヤマキ	145	155	145	155	3
7419	ノジマ	1360	1400	1340	1350	9.4
7420	佐鳥電機	1040	1070	1040	1070	7
7421	カッパクリエ	1980	1980	1980	1980	1
7422	東邦レマック	0	0	0	0	0
7423	フォンテーヌ	1165	1200	1150	1150	9.6
7424	ニコニコ堂	0	0	0	0	0
7425	初穂商事	305	310	300	310	3
7426	山大	174	174	174	174	1
7427	エコーＴＤ	0	0	0	0	0
7428	江戸沢	780	800	780	800	2
7429	セイジョー	1700	1700	1690	1700	3.7
7430	サンワドー	514	514	514	514	1.2
7431	ニューフ	0	0	0	0	0
7432	ダルトン	467	467	467	467	2
7433	伯東	3690	3840	3660	3820	70
7434	オータケ	0	0	0	0	0
7435	ナ・デックス	503	509	490	503	23
7437	シーアンドエス	4370	4440	4280	4300	45.9
7438	コンドー	440	440	439	439	17
7439	サンミック千代田	0	0	0	0	0
7440	クラフト	960	960	960	960	2
7442	中山福	325	325	325	325	9
7443	横浜魚類	0	0	0	0	0
7444	ハリマ共和	0	0	0	0	0
7445	ライトオン	10000	10600	9800	10500	54.1
7446	東北化学	0	0	0	0	0
7447	ナガイレーベ	2950	2950	2890	2900	0.9
7448	ジンズメイト	2515	2680	2515	2600	37.2
7449	太洋興業	0	0	0	0	0
7450	サンデー	0	0	0	0	0
7451	菱食	4550	5000	4550	5000	21.8
7452	マツヤ	0	0	0	0	0
7453	良品計画	19000	19200	18200	18800	106.5
7454	ホットスパー	236	236	236	236	1
7455	三城	6390	6700	6200	6700	50.9
7456	松田産業	2330	2480	2330	2480	3
7457	セキテクノ	480	480	480	480	2
7458	第一興商	3000	3150	3000	3100	23.9
7459	メディセオＨＤ	755	770	738	738	42.1
7460	ヤギ	455	455	455	455	4
7461	キムラ	0	0	0	0	0
7462	ダイヤ通商	509	509	509	509	2
7463	アドヴァン	1800	1825	1750	1750	14
7464	セフテック	353	353	353	353	1
7465	ＭＶ北海道	0	0	0	0	0
7466	ＳＰＫ	1060	1070	1050	1070	1.4
7467	萩原電気	943	943	943	943	1
7468	アムスク	1360	1360	1350	1350	2
7470	サロモンメイド	620	620	620	620	5
7471	ふじ	610	610	610	610	3
7472	鳥羽洋行	850	850	840	840	7
7473	静岡スバル	330	330	330	330	1
7474	パオ	580	580	580	580	1
7475	アルビス	480	480	480	480	11
7476	アズワン	1720	1720	1650	1650	7.5
7477	ムラキ	0	0	0	0	0
7478	ブルーグラス	600	625	600	625	2
7479	サンマルク	3200	3200	3100	3100	12.6
7480	スズデン	445	445	435	435	3
7481	尾家産	699	700	655	655	8
7482	シモジマ	1050	1050	1040	1050	4
7483	ドウシシャ	2100	2100	2010	2010	9
7485	岡谷鋼機	959	960	950	960	5
7486	サンリン	541	541	541	541	3
7487	小津産業	820	820	801	810	11.2
7488	ヤガミ	749	750	749	750	5
7490	日新商	325	325	325	325	1
7491	ＯＡシステム	1150	1170	1150	1170	3
7492	タイカン	530	530	520	520	12
7494	コナカ	750	750	730	750	16.9
7495	レオ	0	0	0	0	0
7496	八千代ムセン	1470	1500	1470	1500	4
7497	マインマート	631	649	631	641	3.7
7498	ジャパン	2345	2400	2300	2400	4.5
7500	西川計測	0	0	0	0	0
7501	ティムコ	1150	1160	1150	1160	3.1
7502	プラザクリエ	9500	9500	9100	9300	6.2
7503	ＩＭＩ	0	0	0	0	0
7504	高速	729	729	700	701	8
7505	扶桑電通	1009	1009	985	985	5
7506	ハウスローゼ	901	901	900	900	4.3
7507	浜 勝	901	901	901	901	1
7508	オートセブ	830	830	830	830	2
7509	アイエー	675	675	650	650	3
7510	竹菱電機	1150	1150	1150	1150	2
7511	ジプロ	0	0	0	0	0
7512	ポスフール	1250	1250	1210	1210	7.2
7513	コジマ	3000	3200	2980	3190	268.6
7514	ヒマラヤ	820	830	820	830	6
7515	マルヨシ	0	0	0	0	0
7516	コーナン	1281	1300	1250	1250	11.4
7517	黒田電気	3700	3760	3700	3750	8.5
7518	ネットワン	3670000	4000000	3530000	3790000	1.493
7519	五洋インテ	253	253	253	253	1
7520	エコス	1150	1200	1150	1190	1.2
7521	ムサシ	1200	1200	1200	1200	2
7522	ワタミ	8600	8700	8480	8700	26
7523	アールビバン	2800	2800	2650	2660	5.7
7524	マルシェ	1390	1390	1370	1370	2.5
7527	システムソフ	0	0	0	0	0
7528	安藤薬業公司	455	460	455	460	3
7529	はるやま	0	0	0	0	0
7530	ナブコドア	650	650	650	650	1
7531	清和鋼業	0	0	0	0	0
7532	ドンキホーテ	17200	17700	16800	17110	16.9
7535	グッドマン	3510	3650	3510	3550	3.9
7536	船橋薬品	990	1000	990	1000	3
7537	丸文	1170	1198	1150	1180	22
7538	大水	0	0	0	0	0
7539	アベルコ	500	500	500	500	2
7540	エルエスフェンス	0	0	0	0	0
7541	メガネトップ	2950	2950	2850	2850	5.6
7542	ビスケーＨＤ	980	990	980	990	2
7543	ミスタージョン	385	385	385	385	1
7544	スリーエフ	1660	1660	1660	1660	1
7545	西松屋チェ	2160	2160	2100	2150	18
7547	オートハローズ	309	309	309	309	2
7548	サンクスＪＰ	1060	1060	1000	1030	99
7549	エス・エス・ブイ	0	0	0	0	0
7550	ゼンショー	1551	1630	1550	1630	36
7551	ウェッズ	0	0	0	0	0
7552	ハピネット	3300	3500	3300	3480	18.7
7553	サザビー	6750	6750	6630	6630	6
7554	幸楽苑	0	0	0	0	0
7555	大田花き	500	500	500	500	1
7556	住商エレク	2020	2020	2020	2020	2
7557	サンクス	6200	6600	6110	6600	14.4
7558	トーメンエレ	5400	5460	5260	5260	14
7559	ジーエフシー	0	0	0	0	0
7560	ユニマット	1640	1650	1535	1590	11.5
7561	ハークスレイ	2960	2960	2760	2760	5
7562	安楽亭	1150	1150	1120	1120	8
7563	ニッパン	0	0	0	0	0
7564	ワークマン	0	0	0	0	0
7565	万世電機	555	555	555	555	2
7566	ジャパンケア	2170	2180	2150	2180	5
7567	栄電子	509	549	509	549	4
7568	クレックス	710	730	710	730	32
7569	モンテカルロ	0	0	0	0	0
7570	橋本総業	0	0	0	0	0
7571	ヤマノＨＣ	980	980	950	950	5
7573	ツルハ	7700	7850	7700	7800	3.6
7574	共信テクノ	2000	2000	1910	2000	10
7575	日本ライフＬ	1610	1620	1590	1600	7.4
7576	ベターライフ	0	0	0	0	0
7577	パスポート	0	0	0	0	0
7578	ニチリョク	880	885	860	860	13
7579	オリジン東	1870	1870	1760	1820	24
7580	フーズネット	1350	1350	1350	1350	5
7581	サイゼリヤ	7500	7500	6800	7150	50.3
7582	富デバイス	3200	3300	3080	3250	34
7583	通商	0	0	0	0	0
7584	丸紅インフォ	0	0	0	0	0
7585	かんなん	0	0	0	0	0
7586	寺島薬局	1600	1610	1600	1610	10
7587	ＰＡＬＴＥＫ	2610	2650	2450	2600	55
7588	シートゥーネット	18000	18000	17800	17800	1.2
7589	デジキューブ	3170000	3170000	3000000	3000000	0.047
7590	タカショー	741	741	720	720	12
7591	エクセル	1600	1620	1590	1620	21
7592	アイ・ユー・ケイ	1050	1050	1030	1030	2
7593	ＶＴＨＤ	0	0	0	0	0
7594	マルカキカイ	0	0	0	0	0
7595	アルゴグラフ	3150	3200	3090	3090	5
7596	魚力	5700	5710	5700	5700	13
7597	東京貴宝	580	590	580	580	12
7598	ナイスクラ	590	590	590	590	2
7599	ガリバー	5350	5450	5300	5450	6
7600	日本ＭＤＭ	3960	3990	3870	3910	52
7601	ポプラ	1739	1800	1700	1790	15
7602	ジャック	8900	9100	8810	8820	15.1
7603	マックハウス	651	670	651	670	4
7604	梅の花	2200000	2200000	2200000	2200000	0.003
7605	フジコーポ	415	428	415	420	25
7606	Ｕアローズ	5200	5200	5200	5200	17
7607	進和	0	0	0	0	0
7608	ＳＫジャパン	630	630	630	630	1
7609	ダイトエレク	2560	2610	2510	2510	12
7610	テイツー	2380000	2380000	2200000	2200000	0.008
7611	ハイデ日高	0	0	0	0	0
7612	コモンウェル	0	0	0	0	0
7613	シークス	2595	2595	2300	2400	17
7614	オーエムツー	5800	5800	5550	5550	2.5
7615	京都友禅	640000	650000	605000	605000	0.026
7616	コロワイド	2780	2800	2700	2800	14
7617	オオゼキ	4900	4930	4900	4920	4
7618	ＰＣＤＥＰＯ	2670000	2670000	2610000	2610000	0.003
7619	田中商事	0	0	0	0	0
7620	ヤマト硝子	460	460	460	460	1
7621	うかい	1150	1150	1150	1150	1
7622	焼肉サカイ	2850	2910	2850	2860	14
7623	サンオータス	710	710	710	710	6
7624	内藤	777	777	777	777	5
7625	ダイニング	6400	6500	6400	6500	4
7626	ドッドウエル	5250	5350	5200	5250	20
7627	なか卯	0	0	0	0	0
7628	オーハシテク	1030	1060	1000	1050	30
7629	ムラチク	1110	1110	1100	1100	4
7630	壱番屋	1620	1620	1570	1580	32
7631	マクニカ	21250	21300	20410	21200	48
7632	住商メタレックス	599	599	572	572	6
7633	明響社	1750	1800	1570	1650	33
7634	星医療	0	0	0	0	0
7635	杉田エース	580	580	575	575	3
7636	ハンズマン	1050	1100	1050	1100	4
7637	白 銅	1090	1190	1090	1190	19
7638	シーマ	620	620	620	620	2
7639	贔屓屋	977	978	930	930	5
7701	島津	519	535	515	521	933
7702	ＪＭＳ	417	430	416	430	24
7703	川澄化	1219	1219	1185	1190	8
7704	アロカ	1260	1290	1255	1290	10
7705	ジーエル	1700	1700	1700	1700	3
7706	セントラユニ	0	0	0	0	0
7711	助川電気	305	305	305	305	2
7713	シグマ光機	640	640	640	640	1
7714	モリテックス	8380	8400	8000	8080	13
7715	長野計器	1640	1650	1600	1640	9
7718	スター精	1757	1800	1757	1800	10
7719	東衡機	140	140	140	140	2
7720	ソキア	152	152	147	149	16
7721	トキメック	142	144	140	140	33
7723	愛時計	305	321	305	320	52
7724	金門	182	222	180	222	385
7726	黒田精	313	313	311	311	3
7727	オーバル	150	150	150	150	5
7728	電産トーソク	0	0	0	0	0
7729	東京精	12900	13000	12200	12700	150.4
7731	ニコン	3810	3980	3710	3900	718
7732	トプコン	420	428	420	428	15
7733	オリンパス	1860	1861	1700	1704	1520
7734	理計器	338	338	338	338	8
7735	スクリン	720	733	701	719	1836
7736	ユニオンＨＤ	165	165	155	160	42
7737	キャビン工業	0	0	0	0	0
7738	チノン	305	306	305	306	10
7739	キヤノン電	980	980	951	959	5
7740	タムロン	701	702	700	700	5
7741	ＨＯＹＡ	9600	9900	9410	9800	215
7742	ノリタ光	700	700	690	700	7
7743	シード	0	0	0	0	0
7744	ノーリツ鋼機	3310	3390	3310	3350	13.5
7750	ペンタックス	245	255	237	247	121
7751	キヤノン	4350	4430	4310	4360	1368
7752	リコー	2195	2280	2195	2215	1499
7753	ミノルタ	411	417	410	417	239
7756	電産コパル	1843	1945	1843	1940	53
7757	三協精	1100	1153	1100	1150	201
7758	セコニック	405	405	400	400	7
7762	シチズン	875	901	867	890	2726
7764	オリエント時計	0	0	0	0	0
7765	リコーエレメ	845	850	840	850	17
7768	ジェコー	0	0	0	0	0
7769	リズム	235	235	228	235	185
7770	ミヨタ	3250	3300	3050	3100	35
7771	日本精密	0	0	0	0	0
7857	セキ	1630	1630	1630	1630	3
7858	小野産業	1750	1890	1750	1830	41
7859	アルメディオ	1560	1560	1470	1500	37
7860	エイベックス	17550	19000	17550	17550	87.8
7861	東京リスマ	919	919	900	919	7
7862	トッパンフォ	2150	2330	2050	2330	461
7864	フジシール	6010	6200	5900	6200	17.5
7865	ピープル	1300	1300	1300	1300	1
7866	アトラス	2230	2230	2000	2040	24.9
7867	トミー	4500	4600	4350	4590	37.2
7868	広済堂	1122	1140	1122	1125	5.4
7869	日本フォーム	0	0	0	0	0
7870	福島印刷	0	0	0	0	0
7871	フクビ	550	550	550	550	1
7872	エステール	0	0	0	0	0
7873	アーク	3800	3950	3800	3950	25
7874	スルガ	6700	6750	6300	6500	22
7875	竹田印刷	0	0	0	0	0
7876	三陽PAX	611	611	611	611	1
7877	永大化工	820	820	815	820	8
7878	光彩工芸	0	0	0	0	0
7879	ノダ	450	460	450	460	0.9
7880	南部化成	0	0	0	0	0
7881	ニッソー	0	0	0	0	0
7882	アロン化成	410	410	382	382	68
7883	サンメッセ	0	0	0	0	0
7884	本間ゴルフ	405	410	405	405	3.6
7885	タカノ	0	0	0	0	0
7886	ヤマト・イン	0	0	0	0	0
7887	南プラ	440	440	440	440	1
7888	三光合成	347	347	347	347	1
7889	桑山	570	570	570	570	0.3
7890	アテナ工業	0	0	0	0	0
7891	日本ユピカ	0	0	0	0	0
7892	宇部日東化成	362	362	362	362	1
7893	亜細亜	1729	1729	1700	1700	4
7895	中央化学	1450	1450	1450	1450	1
7896	セブン工業	388	388	381	381	7
7897	ホクシン	156	175	156	175	3
7898	ウッドワン	524	528	519	519	77
7899	オザキ軽化	450	460	450	460	3
7900	大出産業	0	0	0	0	0
7901	マツモト	538	538	510	510	2
7902	ソノコム	1050	1050	1050	1050	1
7903	名木材	0	0	0	0	0
7904	天竜木	0	0	0	0	0
7905	大建工	273	278	273	273	79
7906	ヨネックス	399	399	375	380	28
7907	日防腐	0	0	0	0	0
7908	きもと	0	0	0	0	0
7909	シーアイ化	383	383	380	380	7
7910	段谷産業	124	129	123	123	41
7911	凸版	1178	1195	1162	1176	479
7912	大日印	1696	1740	1690	1735	1161
7913	図書印	235	237	225	236	52
7914	共同印	356	368	355	367	56
7915	日写印	618	670	618	650	35
7916	光村印	300	300	275	299	13
7917	藤森工業	0	0	0	0	0
7918	ヴィアＨＤ	0	0	0	0	0
7919	野崎紙	0	0	0	0	0
7920	三浦印	313	313	313	313	1
7921	宝印刷	2100	2100	2050	2050	41
7922	三光産業	0	0	0	0	0
7923	トーイン	0	0	0	0	0
7925	前沢化成	1247	1247	1230	1240	11.9
7926	ベルテクノ	0	0	0	0	0
7927	ムトー精工	1600	1600	1560	1590	14
7928	旭化学	0	0	0	0	0
7929	新輝合成	0	0	0	0	0
7931	未来工業	1270	1315	1260	1285	36
7932	ニッピ	0	0	0	0	0
7933	ファイリング	0	0	0	0	0
7934	メルクス	90	90	80	80	11
7935	コンビ	1250	1250	1210	1230	18
7936	アシックス	116	118	113	114	372
7937	ツツミ	2420	2500	2420	2430	0.8
7938	リーガル	195	195	185	185	9
7939	研創	420	420	420	420	1
7940	ウェーブＨＤ	250	250	250	250	1
7942	ＪＳＰ	830	830	830	830	1
7943	ニチハ	788	790	785	790	6.2
7944	ローランド	1940	1960	1940	1955	62.9
7945	コマニー	0	0	0	0	0
7946	光陽社	0	0	0	0	0
7947	エフピコ	4840	4850	4600	4800	20.4
7948	ＡＷ・エモト	0	0	0	0	0
7949	小松ウオール	870	870	845	845	8
7950	日デコラ	0	0	0	0	0
7951	ヤマハ	815	860	815	850	295
7952	河合楽	159	159	156	159	18
7953	菊水化	500	500	500	500	1
7954	ジャレコ	360	360	330	350	45
7955	クリナップ	460	460	450	460	23
7956	ピジョン	1305	1322	1251	1290	16.8
7957	フジコピアン	0	0	0	0	0
7958	天馬	1209	1250	1200	1220	19
7959	オリバー	1000	1000	1000	1000	2
7960	パラマウント	10050	10760	10000	10350	61.1
7961	兼松日産農	190	194	189	189	6
7962	キングジム	650	650	640	640	12
7963	興研	485	500	485	500	5
7964	セガ	2030	2090	2010	2090	382.5
7965	象印	510	510	508	510	7
7966	リンテック	965	965	935	941	312
7967	バンダイ	3840	3840	3760	3820	88
7968	田崎真珠	473	478	470	473	19
7969	タカラ	441	441	440	440	12
7970	信越ポリ	644	670	644	670	268
7971	東リ	205	212	205	212	5
7972	イトーキ	473	473	450	465	79
7973	ホウトク	0	0	0	0	0
7974	任天堂	17650	17850	17120	17270	279.3
7975	リヒトラブ	222	222	222	222	3
7976	菱鉛筆	762	762	762	762	7
7977	フランスベッド	502	502	482	482	39
7979	松風	0	0	0	0	0
7980	重松製	241	241	240	240	3
7981	タカラスタ	430	446	426	440	81
7983	ミロク	160	160	160	160	4
7984	コクヨ	1290	1320	1290	1310	132
7985	ネポン	0	0	0	0	0
7986	キング工	210	212	200	209	60
7987	ナカバヤシ	340	344	340	342	22
7988	ニフコ	1101	1102	1082	1100	91
7989	ブラインド	930	930	925	925	2.3
7990	ダイワ精	146	146	146	146	10
7991	マミヤＯＰ	370	370	356	370	39
7992	セーラー	1770	1849	1770	1791	109
7993	サンウエブ	190	195	189	192	10
7994	岡村製	289	294	280	285	69
7995	バルカー	176	178	176	176	54
7996	パイロット	400	400	400	400	1
7997	くろ工	0	0	0	0	0
7998	高島屋工作	270	300	270	300	16
7999	武藤工	400	400	385	390	33
8000	カイゲン	0	0	0	0	0
8001	伊藤忠	547	557	539	549	3078
8002	丸紅	387	396	385	396	777
8003	トーメン	73	76	72	75	1246
8004	ニチメン	119	121	118	120	348
8005	ムトウ	600	600	580	580	22
8006	ユアサフナ	0	0	0	0	0
8007	高島	107	107	107	107	14
8008	アスティ	779	779	779	779	1
8010	新興産業	118	125	118	119	3
8011	三陽商	298	310	296	310	78
8012	長瀬産	400	403	396	400	86
8013	ナイガイ	107	109	106	106	22
8014	蝶理	115	115	114	115	6
8015	豊田通商	319	320	316	316	167
8016	オンワード	1280	1280	1260	1263	382
8017	阪急共栄物産	228	228	220	220	20
8018	三共興	278	278	270	275	12
8019	市田	70	86	70	84	693
8020	兼松	81	87	80	87	694
8021	レナウン	145	148	140	146	944
8022	ミズノ	269	270	261	270	115
8023	大興電子	664	664	633	633	3
8024	シルバーＯＸ	480	483	470	470	35
8025	ツカモトＣ	160	160	155	159	5
8027	ルシアン	184	184	171	175	149
8028	ファミリーＭ	4950	4960	4650	4890	326.6
8029	ルック	231	250	230	250	158
8030	中央魚	184	184	184	184	2
8031	三井物	829	840	819	833	3563
8032	紙パ商	340	345	337	337	6
8033	ジーネット	90	90	88	88	5
8035	東エレク	15500	16160	15200	15390	356
8036	日立ハイテク	1188	1218	1180	1217	158
8037	カメイ	515	516	515	516	2
8038	東都水	390	390	387	387	15
8039	築地魚	165	165	163	165	8
8040	東ソワール	215	215	211	215	8
8041	魚市場	300	300	295	295	36
8042	マタイ	225	230	225	230	4
8043	スターゼン	210	213	210	213	29
8044	大都魚	150	150	145	145	7
8045	浜丸魚	0	0	0	0	0
8046	丸藤パ	159	160	158	160	7
8047	デジ・ネット	2180	2180	2170	2170	2
8048	シャディ	2440	2545	2440	2500	21.9
8049	ＥＩＥ	551	551	510	512	59
8050	セイコー	514	516	505	508	36
8051	山善	138	147	138	145	149
8052	椿本興	182	182	172	180	28
8053	住友商	1240	1288	1240	1270	1328
8056	ユニシス	3190	3370	3180	3250	347
8057	内田洋	515	523	512	515	62
8058	三菱商	931	955	925	955	1640
8059	第一実	192	200	192	195	46
8060	キヤノン販	1496	1530	1496	1530	75
8061	西華産	197	208	193	206	158
8063	日商岩井	109	109	104	106	2218
8064	金商	88	88	80	80	12
8065	佐藤商	0	0	0	0	0
8066	三谷商	0	0	0	0	0
8067	トミヤアパ	363	364	363	364	19
8068	菱洋エレク	1573	1573	1520	1550	65
8070	東京産	316	316	311	316	30.5
8071	東海物産	415	415	415	415	1
8072	出版貿	0	0	0	0	0
8073	Ｔ・ＺＯＮＥ	600	600	580	580	23
8074	ユアサ商	124	126	124	126	45
8075	神鋼商	157	158	157	158	4
8076	カノークス	90	90	90	90	2
8077	小林産	0	0	0	0	0
8078	阪和興	107	110	106	107	159
8079	正栄食	446	446	440	440	6
8080	ジョイス	1280	1280	1280	1280	2
8081	カナデン	482	489	482	489	10
8083	サンテレ	315	315	310	310	8
8084	菱電商	390	397	384	385	32
8085	ナラサキ産業	170	170	167	167	11
8086	ニプロ	871	871	871	871	2
8087	フルサト	540	540	520	520	4.5
8088	岩谷産	232	240	226	236	190
8089	ナイス	194	194	186	191	186
8090	昭光通商	155	162	152	162	78
8091	ニチモウ	145	145	145	145	5
8092	富士通シス	3650	3800	3500	3510	31.2
8093	極東貿易	945	945	900	930	81
8095	イワキ	235	235	231	235	21
8096	兼松エレク	475	475	470	470	3
8097	三愛石	283	287	283	285	42
8098	稲畑産	533	540	526	526	108
8100	藤井	85	85	85	85	2
8101	ＧＳＩクレ	105	112	105	112	46
8103	明和産	105	109	104	109	6
8105	丸正	232	254	231	232	20
8107	キムラタン	85	85	82	82	10
8109	山洋工	0	0	0	0	0
8110	川鉄商事	113	113	111	112	61
8111	ゴルドウイン	126	129	126	129	30
8112	東スタイル	950	970	945	958	173
8113	ユニチャーム	6750	6850	6700	6850	115.3
8114	デサント	190	190	183	188	26
8115	ムーンバット	127	130	125	130	18
8116	ダーバン	340	354	340	351	344
8117	中央自	0	0	0	0	0
8118	キング	173	173	160	160	8
8119	三栄コ	672	672	665	665	11
8120	大木	272	272	272	272	1
8123	川辺	126	126	126	126	2
8125	ワキタ	308	308	299	299	3
8126	三光純薬	270	270	260	260	3
8127	ヤマトインタ	147	147	147	147	4
8128	エフワン	0	0	0	0	0
8129	東邦薬	353	353	353	353	2
8130	サンゲツ	1950	1980	1950	1960	11
8131	ミツウロコ	0	0	0	0	0
8132	シナネン	372	391	372	382	20
8133	伊藤忠エネ	300	302	297	297	63
8134	ＴＯＫＡＩ	1134	1134	1061	1097	278
8135	ゼット	123	125	123	125	14
8136	サンリオ	3370	3450	3310	3450	68
8137	サンワテク	0	0	0	0	0
8138	三京化	265	265	265	265	3
8139	ナガホリ	247	247	247	247	1
8140	リョーサン	1949	1953	1930	1932	23
8141	新光商	951	975	935	958	28
8142	トーホー	780	780	780	780	1
8143	ラピーヌ	97	97	97	97	9
8144	電響社	335	335	330	330	21
8145	中部水産	385	385	385	385	3
8146	小杉産	0	0	0	0	0
8147	トミタ	180	180	180	180	5
8148	上原成	294	295	293	295	8
8150	三信電	709	718	709	711	26
8151	東陽テク	2700	2740	2620	2700	81
8152	ソマール	242	245	240	240	11
8153	モスフード	1097	1097	1070	1070	15
8154	加賀電子	1259	1299	1250	1261	39
8155	三益半導	1920	1920	1880	1920	51.5
8156	ガステック	521	521	515	515	9
8157	都築電	669	669	650	651	9
8158	ソーダニッカ	178	178	177	177	5
8159	立花エレ	610	610	610	610	5
8160	木曽路	1070	1070	1070	1070	1
8161	エイデン	950	980	950	962	33
8163	サトＲＳ	665	669	663	665	6
8164	キャビン	130	142	130	142	119
8165	千趣会	1090	1100	1075	1075	80
8166	タカキュー	251	255	247	247	130.5
8167	丸久	0	0	0	0	0
8168	ケーヨー	350	350	344	349	29.2
8169	宝船	350	350	340	340	3
8170	アデランス	3490	3700	3420	3700	127.8
8171	ＭＶ中部	0	0	0	0	0
8172	第一家庭電器	72	74	69	70	166
8173	上新電	290	290	290	290	1
8174	日ガス	555	555	525	525	8
8175	ベスト電	676	676	650	660	81
8176	西洋フードシス	373	373	370	370	26
8178	マルエツ	305	310	300	305	49
8179	ロイヤルＨＤ	1065	1099	1065	1085	74
8180	すかいらく	2800	2890	2785	2830	223
8181	東天紅	0	0	0	0	0
8182	いなげや	750	750	741	741	7
8183	セブン−イレブン	12010	12850	12000	12790	745
8184	島忠	1250	1300	1250	1295	118.9
8185	チヨダ	555	584	550	579	9.7
8186	大塚家具	29500	30600	29400	29700	3.6
8188	ヨークベニ	2730	2730	2600	2680	63.8
8189	マツヤデンキ	280	290	280	286	9
8190	ヤマナカ	0	0	0	0	0
8191	光製作	585	585	585	585	1
8192	中川無線	91	95	90	90	12
8193	鈴丹	138	140	135	140	28
8194	ライフコーポ	553	553	550	552	30
8195	デニーズジャパン	1800	1830	1792	1792	33
8196	カスミ	413	427	412	427	3
8197	東急ストア	282	290	282	290	9
8199	デオデオ	871	890	865	874	97.1
8200	リンガハット	1030	1030	1030	1030	0.5
8201	さが美	235	235	228	228	2
8202	ラオックス	532	545	532	540	34
8203	ＭｒＭａｘ	337	339	325	325	6.8
8204	ジョナサン	1270	1290	1270	1290	7
8205	シャクリー	795	795	790	795	3
8206	アポロイン	126	131	126	126	4
8207	テンアライド	405	419	404	419	7.3
8208	エンチョー	0	0	0	0	0
8209	フレンドリ	475	475	475	475	2
8210	フットワーク	262	262	243	243	22
8211	相鉄ローゼ	532	532	530	530	6
8212	オーク	0	0	0	0	0
8213	トステムビバ	364	370	359	365	22
8214	アオキインタ	335	349	330	344	38.8
8215	銀座山形屋	0	0	0	0	0
8216	フォルクス	535	535	535	535	1
8217	オークワ	0	0	0	0	0
8218	コメリ	3260	3300	3230	3300	50
8219	青山商	1585	1590	1550	1590	125.7
8225	タカチホ	185	185	185	185	1
8226	理経	569	569	552	552	7
8227	しまむら	11400	12050	11250	12050	73.9
8228	マルイチ	0	0	0	0	0
8229	ＣＦＳコーポ	974	974	950	960	7
8230	はせがわ	415	415	395	415	15
8231	三越	449	465	443	464	1995
8232	東急百貨店	101	105	101	104	581
8233	高島屋	840	840	819	830	342
8234	大丸	347	362	346	359	413
8235	松坂屋	268	270	260	270	113
8236	丸善	237	250	237	249	158
8237	松屋	360	363	358	363	15
8238	伊勢丹	857	900	857	882	323
8239	横浜松坂屋	93	94	90	93	25
8240	サッポロライオン	560	570	560	560	16
8241	阪神百貨店	410	410	410	410	3
8242	阪急百	570	578	540	540	75
8243	そごう	100	105	99	100	382
8244	近鉄百貨店	160	168	158	168	9
8245	丸栄	208	208	208	208	1
8247	大和	0	0	0	0	0
8248	ニッセン	520	520	490	500	20.5
8249	東洋物	661	690	650	650	25
8250	小松ストアー	0	0	0	0	0
8251	パルコ	325	330	324	330	61
8252	丸井	1887	1925	1885	1911	1026
8253	クレセゾン	1700	1710	1610	1703	158.6
8254	さいか屋	425	425	425	425	3
8255	原信	0	0	0	0	0
8256	プロルート	220	220	220	220	4.5
8257	山陽百	0	0	0	0	0
8258	ＯＭＣカード	395	396	383	383	250
8259	十字屋	75	75	70	73	98
8260	井筒屋	198	198	191	191	152
8261	ｼ鉄百貨店	0	0	0	0	0
8262	長崎屋	16	17	15	15	3590
8263	ダイエー	365	375	363	375	599
8264	イトーヨーカ堂	7250	7520	7200	7350	586
8265	壽屋	130	145	130	145	15
8266	イズミヤ	654	664	651	663	67
8267	イオン	1560	1594	1550	1590	222
8268	西友	268	277	256	277	867
8269	マイカル	375	375	366	371	787
8270	ユニー	899	904	870	880	196
8273	イズミ	601	654	601	654	73
8274	東武ストア	172	175	172	175	9
8275	フォーバル	3140	3140	3050	3080	15.1
8276	平和堂	642	642	638	638	4
8278	フジ	1950	1950	1920	1920	1.8
8279	ヤオコー	1401	1420	1390	1420	1.3
8280	富士冷機	419	429	418	422	25
8281	ゼビオ	1750	1767	1691	1767	24.4
8282	ギガスケーズ	2600	2620	2570	2610	65.1
8283	パルタック	488	490	460	460	15
8285	三谷産業	450	450	450	450	3
8286	藍  屋	1599	1650	1599	1650	40
8287	ＭＶ西日本	1050	1050	1050	1050	2
8289	オリンピック	2345	2465	2300	2300	2.2
8290	デンコードー	663	670	663	670	8
8291	東日カーライフ	220	220	220	220	8
8292	東いすず	0	0	0	0	0
8293	愛トヨ	899	910	840	840	5
8295	キャノンシステム	645	700	645	695	11
8298	ファミリー	270	270	270	270	2
8299	大栄太源	0	0	0	0	0
8301	日銀	89000	89000	89000	89000	0.1
8302	興業銀行	958	1000	940	993	3736
8311	第一勧銀	946	999	943	999	3265
8314	さくら銀行	790	839	790	830	16455
8315	東京三菱銀	1487	1548	1487	1540	6155
8317	富士銀行	975	1031	971	1019	4463
8318	三井住友銀行	1533	1629	1533	1627	4034
8319	大和銀行	300	308	294	308	1685
8320	三和銀行	1088	1120	1073	1109	3213
8321	東海銀行	600	642	600	640	2027
8322	あさひ銀行	555	601	555	591	2391
8324	第四銀	399	399	385	395	17
8325	北越銀	285	285	285	285	1
8326	福岡銀	714	738	714	738	1386
8327	西日本シティ銀	386	386	380	385	24
8331	千葉銀	435	435	424	428	721
8332	横浜銀	416	427	415	427	984
8333	常陽銀	405	406	400	401	437
8334	群馬銀	565	569	557	565	141
8335	足利銀行	221	229	220	229	114
8336	武蔵銀	4490	4490	4400	4400	1.1
8337	千葉興	1200	1200	1160	1160	8.5
8338	関東つくば銀	1422	1422	1362	1422	1.3
8339	都民銀	3470	3500	3470	3500	3.9
8341	七十七	730	730	700	704	839
8342	青森銀	488	492	488	492	20
8343	秋田銀	398	405	398	405	71
8344	山形銀	538	538	531	531	3
8345	岩手銀	3830	3850	3680	3800	5.6
8346	東邦銀	375	380	375	377	16
8349	東北銀	230	230	230	230	5
8350	みちのく銀	624	624	616	616	10
8353	北海道銀行	147	147	145	145	379
8355	静岡銀	898	898	870	882	546
8356	十六銀	453	460	453	459	54
8357	北陸銀行	258	261	258	259	137
8358	スルガ銀	1490	1570	1426	1553	304
8359	八十二	580	599	580	583	131
8360	山梨銀	383	395	375	395	95
8361	大垣共立	550	550	530	530	3
8362	福井銀	300	300	296	296	9
8363	北国銀	360	369	358	358	174
8364	清水銀	4360	4360	4360	4360	0.3
8365	富山銀	460	467	460	467	16
8366	滋賀銀	482	495	482	495	57
8367	南都銀	640	640	605	607	15
8368	百五銀	465	465	460	460	6
8369	京都銀	534	554	534	546	99
8370	紀陽銀	280	280	270	280	32
8371	近畿大阪銀	0	0	0	0	0
8372	泉州銀	361	361	350	350	105
8374	三重銀	517	517	510	514	24
8375	池田銀	5440	5480	5430	5480	0.6
8379	広島銀	393	395	391	395	66
8380	山口銀	700	700	695	696	139
8381	山陰合銀	515	515	512	514	27
8382	中国銀	940	940	920	931	75
8383	鳥取銀	0	0	0	0	0
8385	伊予銀	650	659	650	650	13
8386	百十四	651	659	651	651	11
8387	四国銀	645	645	635	640	16
8388	阿波銀	514	514	500	511	14
8390	鹿児銀	401	406	396	399	66
8391	親和銀行	335	336	334	334	8
8392	大分銀	485	490	481	489	6
8393	宮崎銀	357	361	352	361	16
8394	肥後銀	423	440	423	440	37
8395	佐賀銀	318	323	318	323	41
8396	十八銀	315	329	315	320	69
8397	沖縄銀	2410	2450	2410	2450	2.1
8399	琉球銀	1480	1480	1460	1460	4.8
8402	三菱信託	942	1015	940	992	1433
8403	住友信	810	842	800	839	2576
8404	みずほ信託銀	145	148	144	148	1180
8405	日本信託	157	163	157	163	276
8407	東洋信託	400	426	395	419	3618
8408	中央三井信	600	673	597	632	2078
8489	アプレック	607	607	607	607	1
8493	インター	2300	2400	2250	2400	4.9
8507	学研クレジット	670	670	661	670	7
8508	イッコー	731	735	725	725	15
8511	日証金	750	780	750	761	291
8512	大証金	393	394	379	390	43
8513	中証金	0	0	0	0	0
8515	アイフル	11600	11700	11500	11550	82.1
8518	アジア投資	800	810	785	800	355
8519	ポケットＣ	3530	3550	3490	3490	4.8
8520	殖産銀行	394	394	394	394	11
8521	長野銀	490	490	490	490	8
8522	名古屋銀	610	610	610	610	1
8524	北洋銀行	508	509	508	509	5
8527	愛知銀	7140	7150	7140	7150	0.2
8528	岐阜銀	0	0	0	0	0
8529	第三銀	460	460	450	450	29
8530	中京銀	450	450	450	450	1
8533	広島総合銀行	484	484	478	478	8
8536	東日銀	647	647	647	647	6
8537	大光銀	295	295	295	295	6
8539	福岡シティ銀	485	491	485	491	4
8541	愛媛銀	475	475	460	471	31
8542	トマト銀	395	395	395	395	1
8543	みなと銀	220	225	210	220	12
8544	京葉銀	325	330	315	325	52
8545	関西アーバン	200	200	195	195	26
8548	九州銀行	0	0	0	0	0
8549	せとうち銀行	0	0	0	0	0
8550	栃木銀	673	673	653	664	11
8551	北日銀	5320	5400	5320	5400	1.4
8552	びわこ銀	315	324	315	322	12
8556	香川銀	556	560	556	560	7
8558	東和銀	425	438	425	437	17
8561	徳島銀	780	780	778	780	20
8562	福島銀	340	345	335	345	13
8563	大東銀	344	344	340	340	4
8564	武富士	11400	11690	11400	11690	105.5
8565	三洋クレ	4200	4450	4200	4400	16.1
8566	リコーリース	2280	2330	2280	2330	33
8567	クレディア	2200	2280	2200	2210	6.6
8568	シンキ	2570	2690	2570	2670	41.9
8569	ユニココーポ	0	0	0	0	0
8570	イオンクレ	5500	5900	5450	5850	133
8571	ニッシン	4490	4540	4440	4440	19.1
8572	アコム	11240	11860	11240	11630	116.5
8573	三洋信販	3370	3570	3300	3570	49.2
8574	プロミス	7810	8120	7810	8050	127.2
8577	ロプロ	1950	1970	1940	1948	80.4
8579	東京リース	0	0	0	0	0
8580	ファーストクレジット	327	327	310	313	170
8582	日貿信	0	0	0	0	0
8583	日信販	250	268	249	264	457
8584	ジャックス	343	349	343	345	192
8585	オリコ	460	475	453	458	858
8586	日立キャピ	1810	1980	1810	1964	229.2
8587	ライフ	235	249	225	225	24
8588	セントラル	316	328	316	320	85
8589	アプラス	147	148	144	144	61
8591	オリックス	15250	16600	15200	16550	394
8592	住商リース	1620	1850	1620	1850	308
8593	ダイヤリース	1600	1610	1600	1603	8
8595	ジャフコ	22500	23400	21000	21600	275
8597	ＳＦＣＧ	15100	16900	15100	16900	83.99
8599	ＵＦＪセント	610	625	610	625	7
8601	大和証Ｇ	1921	1950	1915	1920	3326
8603	日興コーデ	1549	1557	1521	1550	3091
8604	野村ＨＤ	3290	3380	3280	3330	7396
8606	新光	635	637	615	622	5610
8607	みずほイン証	299	300	293	298	1457
8609	岡三ＨＤ	1070	1098	1061	1080	437
8610	さくらフレンド	451	464	450	457	1256
8611	コスモ証	335	340	330	338	544
8613	丸三	922	929	911	918	187
8614	東洋	589	590	570	575	244
8615	三菱証	1744	1760	1720	1730	424
8616	東海東京	505	518	500	512	888
8617	光世	420	437	416	437	2399
8620	東海丸万	899	899	880	890	102
8621	ＵＦＪつばさ証券	900	907	880	893	2802
8622	水戸	610	635	610	610	87
8623	ＳＭＢＣ証	500	500	477	481	167
8624	いちよし証	1352	1377	1320	1330	253
8625	高木	460	470	450	450	50
8691	証券代	1077	1078	1077	1078	3
8692	だいこう	813	880	813	850	25
8742	小林洋行	1200	1200	1160	1160	2
8743	ひまわり証	260	260	255	260	3
8744	日本ユニコム	901	901	901	901	1
8745	グローバリー	1240	1240	1240	1240	9
8746	第一商品	365	365	360	360	7
8747	豊商事	0	0	0	0	0
8748	岡藤商事	0	0	0	0	0
8749	エース交易	351	355	350	350	9
8751	東京海上火災	1050	1090	1041	1078	2307
8752	三井住友海上	472	481	472	480	536
8753	住友海上火災	524	529	520	524	362
8754	日本興亜	268	268	256	261	380
8755	損害保険Ｊ	450	460	447	460	964
8756	日産火災海上	274	281	272	281	143
8757	日新火	249	253	247	253	137
8758	千代田火災	287	287	280	285	73
8759	ニッセイ同和	260	275	259	275	135
8760	日動火災海上	443	455	443	443	252
8761	あいおい損保	284	286	281	286	478
8762	興亜火災	250	255	249	254	303
8763	富士火	206	214	206	210	73
8764	太陽火災	0	0	0	0	0
8765	大成火災海上	212	212	212	212	1
8801	三井不	1000	1069	991	1060	3884
8802	菱地所	1129	1185	1117	1182	2647
8803	平和不	253	275	251	272	199
8804	東建物	195	205	195	201	267
8805	中央地	123	123	122	122	19
8806	ダイビル	670	680	664	675	158
8809	サンケビル	405	405	382	400	26
8810	港振興	0	0	0	0	0
8815	東急不	112	119	111	114	484
8817	阪急不動産	379	380	371	371	18
8818	京阪神不	308	315	302	315	26
8821	立飛企	2400	2400	2350	2350	3
8826	エルカク	3	3	2	3	1123
8829	大和団地	241	245	240	245	53
8830	住友不	345	366	337	364	2525
8832	小田急不	213	213	193	196	19
8833	東宝不	391	391	391	391	1
8834	藤和不	74	74	71	73	126
8835	太平発	115	116	115	116	14
8836	ヒューネット	890	890	800	800	1438
8838	有楽地	113	113	106	107	7
8839	ニチモ	85	86	81	83	35
8840	大京	220	235	220	230	206
8841	テーオーシー	602	632	600	632	36
8842	楽天地	330	330	326	326	15
8844	リクコスモス	500	500	486	486	28
8845	セザール	231	231	226	227	81
8846	積和不動産	400	424	400	424	14
8848	レオパレス	390	390	380	380	32
8850	スターツ	498	498	498	498	1
8851	アバンライフ	160	160	158	158	10
8852	積和不動関西	390	390	378	379	6
8853	ダイヤシティ	0	0	0	0	0
8854	日住	272	280	272	280	6
8855	全日空ビル	0	0	0	0	0
8857	三井不動販売	426	441	421	441	51
8858	ダイア建	234	240	234	240	21
8860	フジ住	480	490	480	490	12
8863	積和不動中部	629	629	629	629	2
8864	空港施設	483	483	470	480	30
8865	神鋼興産	0	0	0	0	0
8866	コマーシャル	470	470	455	455	12
8867	横浜地下街	0	0	0	0	0
8868	ＵＲＢＡＮ	3000	3000	2810	2860	45
8869	明和地所	2380	2640	2380	2490	54.2
8870	住不販売	2665	2800	2640	2800	11.7
8871	ゴールドクレ	10300	10300	9970	10000	22.5
8872	エイブル	5000	5200	4950	4950	34
8873	積和不動中国	640	640	640	640	1
8874	ジョイント	3980	3990	3720	3750	10.5
8875	東栄住宅	1790	1880	1750	1880	11
8876	リロＨＤ	0	0	0	0	0
8877	エスリード	1630	1630	1570	1570	5
8878	日綜地所	1330	1330	1300	1300	7
8879	東急リバブル	599	599	562	575	31
8880	飯田産業	2020	2150	2020	2020	27
9001	東武	288	297	288	297	784
9002	西武鉄道	1452	1462	1452	1462	52
9003	相鉄	275	284	275	280	65
9004	箱根登山鉄道	290	305	290	305	5
9005	東急	454	489	454	471	4580
9006	京急	377	385	372	383	623
9007	小田急	339	340	332	335	488
9008	京王	363	373	360	365	438
9009	京成	280	295	278	289	450
9010	富士急	343	343	333	333	13
9012	秩父鉄	0	0	0	0	0
9013	伊豆箱根鉄道	0	0	0	0	0
9014	新京成	303	303	303	303	2
9017	新潟交	0	0	0	0	0
9019	伊豆急行	0	0	0	0	0
9020	ＪＲ東日本	532000	571000	528000	568000	8.264
9021	ＪＲ西日本	371000	375000	362000	375000	0.422
9022	ＪＲ東海	624000	640000	623000	631000	0.743
9031	西鉄	266	272	262	266	46
9033	広電鉄	0	0	0	0	0
9036	東部ネット	590	600	580	590	6
9037	ハマキョウ	1510	1510	1500	1500	4
9038	東海西濃	0	0	0	0	0
9039	サカイ引越	2280	2300	2280	2300	9.4
9040	大宝運輸	280	280	280	280	1
9041	近鉄	418	421	415	416	1053
9042	阪急ＨＤ	342	345	340	342	523
9043	阪神	293	293	288	290	206
9044	南海電	438	450	435	450	111
9045	京阪電	355	355	350	353	127
9046	神電鉄	420	430	415	415	30
9047	名糖運輸	1334	1334	1334	1334	1
9048	名鉄	294	295	290	293	579
9049	京福電	0	0	0	0	0
9050	三重交	0	0	0	0	0
9051	センコン物流	0	0	0	0	0
9052	山陽電	290	290	285	285	6
9053	中央運輸	259	259	259	259	1
9054	大和物流	525	525	525	525	1
9055	アルプス物流	530	530	530	530	2
9056	ヒューテック	1300	1300	1300	1300	2
9057	遠州トラック	0	0	0	0	0
9058	トランコム	620	620	605	620	6
9059	カンダ	305	305	305	305	1
9060	日ロジテム	290	290	290	290	3
9061	富士物流	175	175	175	175	1
9062	日通	764	775	745	760	1259
9063	岡県運送	0	0	0	0	0
9064	ヤマト運	2900	2910	2800	2845	1303
9065	山九	123	127	120	125	212
9066	日新	166	170	166	170	18
9067	丸運	230	239	230	239	2
9068	丸全運	180	184	180	181	27
9069	センコー	212	212	208	209	45
9070	トナミ	200	209	200	202	84
9072	日梱包	608	608	608	608	7
9073	京極運	0	0	0	0	0
9074	日石輸	172	174	170	170	38
9075	福山運	679	685	670	670	216
9076	西濃運	520	525	516	525	218
9077	名鉄運	0	0	0	0	0
9078	エスライン	0	0	0	0	0
9079	東急ロジ	0	0	0	0	0
9080	関東西濃	0	0	0	0	0
9081	神奈交	446	446	446	446	5
9082	大和自	0	0	0	0	0
9083	神姫バ	0	0	0	0	0
9086	日立物流	543	543	528	528	25
9087	タカセ	0	0	0	0	0
9088	濃飛西濃	0	0	0	0	0
9089	ロジパル	405	405	400	400	3
9101	郵船	432	443	428	438	1586
9104	商船三井	203	206	202	204	2619
9107	川崎汽	177	183	176	183	1079
9110	新和海	68	69	66	68	26
9113	乾汽船	73	74	73	74	12
9114	日之出汽船	48	48	45	47	63
9115	明治海	167	167	167	167	1
9119	飯野海	171	172	169	169	69
9123	太平海	55	56	54	55	24
9127	玉井船	47	47	47	47	2
9130	共栄タ	105	111	105	106	7
9132	第一汽	56	57	55	57	76
9133	東栄リーファ	0	0	0	0	0
9151	東京船舶	99	99	94	94	4
9152	関西汽	60	61	58	58	80
9171	栗林船	236	237	235	237	9
9173	東海汽	360	370	350	350	3
9174	ワンダーＴ	280	280	280	280	36
9176	佐渡汽	0	0	0	0	0
9178	日鉄物流	0	0	0	0	0
9179	川崎近海	200	200	200	200	2
9180	新和内航	0	0	0	0	0
9193	東京汽	349	349	331	331	7
9201	日本航空	280	293	280	290	3058
9202	ＡＮＡ	299	320	298	315	799
9203	日本エアシス	3800	3850	3800	3800	0.8
9231	国際航	643	653	643	653	11
9232	パスコ	680	700	665	665	48
9233	アジア航	350	350	344	344	7
9301	三菱倉	930	957	905	926	307
9302	三井倉	252	263	252	262	243
9303	住友倉	295	295	288	293	171
9304	渋沢倉	261	262	260	260	12
9305	ヤマタネ	121	125	121	125	32
9306	東陽倉	0	0	0	0	0
9307	杉村倉	0	0	0	0	0
9308	イヌイ建	412	412	400	400	2
9309	京神倉庫	0	0	0	0	0
9310	トランシティ	206	206	201	201	7
9311	アサガミ	0	0	0	0	0
9312	ケイヒン	145	145	141	143	42
9313	丸八倉	0	0	0	0	0
9314	品川倉	197	197	197	197	1
9317	オーナミ	0	0	0	0	0
9318	Ｊブリッジ	275	275	270	275	51
9319	中央倉	0	0	0	0	0
9320	三和倉	169	169	169	169	4
9321	アイロジステ	164	164	162	162	2
9322	川西倉	610	610	610	610	702
9323	ロジステック	0	0	0	0	0
9324	安田倉	360	360	355	360	9
9351	洋埠頭	143	143	139	142	30
9353	桜島埠	155	155	154	154	2
9355	リンコー	155	155	155	155	1
9357	名港海	0	0	0	0	0
9358	宇徳運	120	121	120	120	13
9359	伊勢湾	250	255	250	255	8
9360	鈴与シンワ	0	0	0	0	0
9361	伏木運	305	305	295	295	2
9362	兵機海	0	0	0	0	0
9363	大運	63	64	62	64	26
9364	上組	470	484	470	480	236
9365	トレーディア	100	100	100	100	8
9366	サンリツ	770	775	725	770	6.3
9367	大東港運	0	0	0	0	0
9368	キムラユニテ	714	714	714	714	3
9369	キユソ流通	0	0	0	0	0
9370	郵船航空	2300	2300	2200	2250	9.5
9373	ニッコウトラ	1800	1810	1780	1800	15
9401	ＴＢＳ	4150	4360	4110	4220	244
9402	ＣＢＣ	1000	1000	990	990	3.2
9404	日テレ	71000	72800	69700	71800	85.55
9405	朝日放	11600	11600	11190	11500	0.6
9408	新潟放	0	0	0	0	0
9431	ＫＤＤ	8640	9200	8570	9000	90.6
9432	ＮＴＴ	1630000	1630000	1600000	1600000	15.292
9433	ＫＤＤＩ	829000	890000	829000	878000	5.4
9434	ボーダフォン	4250000	4680000	4190000	4660000	0.717
9435	光通信	0	0	0	0	0
9436	沖縄セルラー	780000	780000	735000	740000	0.062
9437	ＮＴＴドコモ	4150000	4350000	4120000	4240000	19.56
9438	ＭＴＩ	3890000	3890000	3890000	3890000	0.015
9439	ビーアイジー	6800000	6800000	6800000	6800000	0.009
9449	ＧＭＯインター	36000	37000	35500	35500	36
9470	学研	269	271	260	260	150
9471	文渓堂	610	611	610	611	4
9472	エスコム	510	540	500	505	84
9473	アスキー	2700	2700	2630	2700	55
9474	ゼンリン	3560	3700	3560	3570	10.1
9475	昭文社	6020	6110	5820	5890	41.1
9476	中央経済	355	355	355	355	1
9477	角川ＨＤ	22350	22350	22350	22350	14.4
9478	翔泳社	11950000	11950000	10850000	10850000	0.024
9501	東電	2260	2320	2255	2295	1313.5
9502	中部電	1545	1595	1545	1569	327.2
9503	関西電	1536	1589	1534	1584	370.7
9504	中国電	1290	1292	1260	1260	187.9
9505	北陸電	1280	1285	1250	1270	130.3
9506	東北電	1310	1310	1270	1270	321.3
9507	四国電	1256	1256	1235	1245	181
9508	九州電	1270	1303	1235	1239	430.2
9509	北海電	1255	1269	1240	1240	118.4
9511	沖縄電	1950	1950	1900	1900	2.3
9531	東ガス	220	226	219	225	3486
9532	大ガス	245	254	245	252	2422
9533	邦ガス	170	171	168	170	132
9534	北ガス	183	183	183	183	6
9535	広ガス	250	250	250	250	1
9536	西部ガス	158	163	158	160	86
9537	北陸ガ	300	300	300	300	5
9539	葉ガス	295	295	270	270	4
9540	中ガス	211	211	211	211	5
9541	大多喜ガス	350	350	350	350	2
9542	新日ガス	0	0	0	0	0
9600	アイネット	1498	1498	1450	1450	12
9601	松竹	561	565	561	561	38
9602	東宝	27300	27300	25800	26010	18.4
9603	ＨＩＳ	7000	7100	6860	6900	30.6
9604	際放映	0	0	0	0	0
9605	東映	880	880	861	862	258
9607	葵プロ	1721	1825	1721	1721	72
9608	福山コンサル	0	0	0	0	0
9609	ベンチャーリ	9000	9100	8500	8800	37.5
9610	ウィルソン	6300	6500	6300	6500	4.9
9611	Ｄワンダー	1000	1000	1000	1000	1
9612	ラックランド	2130	2130	2100	2100	0.8
9613	ＮＴＴデータ	1780000	1810000	1720000	1770000	32.723
9614	ベルシス24	84000	84100	82000	82000	9.25
9615	東京美装	850	850	850	850	1
9616	共立メンテ	3500	3600	3500	3550	5
9618	エームサービス	1250	1250	1170	1170	3
9619	イチネン	0	0	0	0	0
9620	スクウェア	10900	11500	10200	10300	72.6
9621	建設技研	671	671	650	669	4.8
9622	スペース	451	452	440	445	9.7
9623	キヤノンソフ	755	755	750	755	4
9624	長大	545	545	540	540	2.5
9625	セレスポ	0	0	0	0	0
9626	日本技開	0	0	0	0	0
9627	アインファマ	1750	1750	1750	1750	3
9628	燦ＨＤ	3780	3790	3670	3670	3.4
9629	ＰＣＡ	4000	4000	4000	4000	1
9630	アップ	0	0	0	0	0
9631	東急レク	573	575	570	570	14
9632	スバル	345	346	345	346	7
9633	テアトル	179	180	177	177	23
9634	修学社	1060	1070	950	1030	250
9635	武蔵野	530	530	530	530	1
9636	きんえい	0	0	0	0	0
9637	オーエス	780	780	780	780	2
9638	情報技術	1060	1090	1000	1000	14
9639	三協フロンテ	338	338	338	338	1
9640	セゾン情報	899	899	899	899	1
9641	サコス	165	168	165	168	11
9642	コマスタ	0	0	0	0	0
9643	中日興	18700	18700	18700	18700	0.1
9644	タナベ経営	851	852	790	790	31.8
9645	ダイヤモンドコン	1920	1980	1920	1920	67
9646	タイトー	121000	121000	118000	119000	0.249
9647	協和コンサル	310	310	310	310	3
9648	ウエスコ	345	349	340	340	11.6
9649	明電エンジニア	620	620	587	587	6.2
9650	テクモ	2175	2175	2100	2125	27.2
9651	日本プロセス	780	780	770	770	4
9652	日本医療	2120	2120	1920	2000	46
9653	ＳＢＩパートナ	2340	2350	2080	2080	32
9654	コーエー	4500	4560	4300	4360	19.9
9656	三井ランド	530	530	530	530	1.7
9657	コムテック	500	500	500	500	1
9658	ビジ太田昭	1050	1050	1020	1020	5
9660	ＣＲＣソリュ	2400	2400	2350	2350	14
9661	歌舞伎	3800	3870	3720	3870	5
9662	アイフル	625	629	625	629	2
9663	ナガワ	690	700	670	680	35
9664	御園座	1050	1050	1050	1050	3
9665	吉本興	1590	1590	1530	1540	34
9667	ホリプロ	1018	1019	1000	1000	24
9668	相鉄企業	0	0	0	0	0
9669	オークネット	5840	5850	5600	5840	27.7
9671	よみランド	336	338	328	338	22
9672	東競馬	138	143	138	143	178
9673	甲子園土地	80	80	80	80	2
9674	花月園	0	0	0	0	0
9675	常磐興	150	150	150	150	1
9676	松戸公産	466	466	466	466	1
9677	日本ジャンボ	960	960	945	960	10.6
9678	カナモト	927	938	910	910	657
9679	ホウライ	420	420	420	420	2
9680	共成レンテム	750	759	750	759	7
9681	東京ドーム	565	578	546	570	200
9682	ＤＴＳ	6860	6860	6520	6610	98.6
9684	スク・エニ	6140	6140	6000	6100	31.5
9685	共同コンＨＤ	399	400	399	400	2
9686	東洋テック	0	0	0	0	0
9687	ＫＳＫ	0	0	0	0	0
9689	グリンハウス	1700	1750	1700	1710	3.5
9691	両毛システム	3100	3100	3100	3100	1
9692	シーイーシー	2000	2000	1980	2000	14
9694	日立ソフト	12410	12410	11800	12400	170.7
9695	鴨川グランド	0	0	0	0	0
9696	ウィザス	0	0	0	0	0
9697	カプコン	4600	4670	4400	4500	136.2
9698	クレオ	1480	1480	1430	1430	4
9699	西尾レント	660	699	660	685	10.6
9700	エスアールエル	1412	1413	1350	1360	21
9701	会舘	291	291	291	291	1
9702	アイエスビー	3000	3010	3000	3010	3
9703	ジェネラスコーポ	106	107	104	107	46
9704	東海観	84	84	78	82	561
9706	日本空港ビル	980	1000	969	999	41
9707	メデカＪ	1680	1680	1610	1610	30
9708	帝ホテル	0	0	0	0	0
9709	日コンピュタ	840	840	840	840	1
9710	第一ホテ	274	290	274	275	35
9711	日コンシス	0	0	0	0	0
9712	ファイ	1230	1240	1150	1160	543
9713	ロイヤルホ	239	248	239	247	9
9714	ＳＲＡ	2110	2110	2100	2100	2
9715	トランスコス	27000	27000	27000	27000	40.4
9716	乃村工芸社	365	365	357	357	7
9717	ジャステック	3000	3100	3000	3040	6.3
9718	国際観光会館	0	0	0	0	0
9719	住商情報	6400	6400	6100	6100	24
9720	グランド	0	0	0	0	0
9722	藤田観	600	610	600	610	10
9724	新阪急ホテル	219	219	219	219	1
9725	東急ホテル	196	196	190	190	47
9726	近ツーリスト	330	335	320	321	125
9727	東急観光	127	128	124	128	5
9728	日本管財	2180	2205	2180	2180	21
9729	トーカイ	0	0	0	0	0
9730	ワオコーポ	0	0	0	0	0
9731	白洋舎	305	305	305	305	7
9732	東映ラボ	264	264	264	264	1
9733	ナガセ	1870	2150	1870	2150	2
9734	精養軒	840	840	830	830	1.4
9735	セコム	8900	9280	8810	9150	515
9736	白青舎	176	176	176	176	2
9737	ＣＳＫ	4700	4900	4600	4700	1275.5
9738	インテック	3040	3280	3040	3220	271
9739	ＮＳＷ	8350	8850	8350	8750	7.4
9740	ＣＳＰ	670	670	670	670	3
9741	日立情報	5310	5500	5300	5450	76
9742	アイネス	1999	1999	1940	1970	100
9743	丹青社	615	674	615	674	18
9744	メイテック	3350	3460	3320	3420	154.1
9746	ＴＫＣ	2885	2890	2800	2800	19.3
9747	アサツーＤＫ	5100	5170	5000	5110	87.8
9748	ＮＪＫ	780	790	780	790	6
9749	富士ソフト	7020	7300	7020	7200	126.2
9750	ソラン	2590	2655	2590	2620	30
9751	ＴＩＳ	6390	6880	6390	6690	97
9752	ナムコ	4200	4200	3860	3990	563.7
9753	ＩＸナレッジ	823	823	823	823	1
9755	応用地質	1250	1300	1250	1281	10.6
9756	ＡＳＫ	750	750	700	730	20
9757	船井研	911	911	911	911	1
9758	ジシステム	1090	1090	1010	1030	40
9759	日システムデ	9950	10300	9730	10300	97.1
9760	進学会	0	0	0	0	0
9761	東海リース	197	199	193	199	7
9762	大和リース	300	304	298	301	279
9763	丸紅リ	174	185	170	172	42
9764	技研興	0	0	0	0	0
9765	オオバ	160	170	160	170	34
9766	コナミ	7100	7300	7000	7130	400
9767	日建工学	270	270	270	270	2
9768	国土環境	951	951	950	950	5
9769	学究社	0	0	0	0	0
9776	札臨	0	0	0	0	0
9777	日電計算	2850	2850	2750	2770	15.4
9778	昴	722	722	722	722	1
9779	メフォス	0	0	0	0	0
9780	ビステム	349	349	345	347	4
9781	石川島汎サ	0	0	0	0	0
9782	ＤＭＳ	1090	1100	1060	1060	6
9783	ベネッセ	10100	10300	9590	9690	163.9
9784	日工検	0	0	0	0	0
9785	大新東	420	420	410	410	3
9786	キャッツ	1649	1790	1640	1760	106
9787	Ｊメンテ	950	990	950	990	6.6
9788	ナック	1005	1050	1005	1030	11.1
9789	栄光	0	0	0	0	0
9790	福井コン	700	700	700	700	1
9791	ビケンテクノ	800	800	800	800	2
9792	ニチイ学館	13120	13320	12700	12760	55.7
9793	ダイセキ	2130	2250	2110	2220	34.8
9794	カラカミ観光	959	959	959	959	1
9795	ステップ	800	800	800	800	5
9796	ダイテック	1440	1440	1430	1430	1.5
9797	大日本コン	271	272	271	271	4.1
9798	シダックス	3300	3300	2950	2950	1.1
9799	旭情報	1400	1400	1400	1400	3
9810	日鉄商	115	115	115	115	35
9811	アスティス	0	0	0	0	0
9812	テーオー	0	0	0	0	0
9813	トッキ	2500	2500	2500	2500	7
9814	アシックス商	670	670	670	670	2
9815	カテナ	860	864	850	853	56
9816	バーテックス	730	735	700	700	4
9817	ゴトー	0	0	0	0	0
9818	大丸エナ	0	0	0	0	0
9820	エムティＧ	0	0	0	0	0
9821	日アムウ	1230	1230	1190	1190	1.2
9822	なが多	80	84	80	84	600
9823	マミーマート	1100	1100	1100	1100	0.7
9824	泉州電	0	0	0	0	0
9825	アズウェル	420	420	410	410	11.1
9826	ＪＥＵＧＩＡ	193	193	193	193	2
9827	リリカラ	190	190	188	188	7
9828	元気寿司	1150	1150	1150	1150	2
9829	ながの東急	0	0	0	0	0
9830	トラスコ中山	1355	1370	1350	1367	12.9
9831	ヤマダ電	10400	10400	9800	10100	30
9832	オートバクス	3100	3200	3010	3150	46.8
9833	エルクコーポ	700	700	700	700	2
9834	リオチェン	410	410	410	410	2.4
9835	ジュンテン	0	0	0	0	0
9836	リーバイス	675	680	675	679	24
9837	モリト	500	500	500	500	1
9838	トラベラー	850	850	850	850	4
9839	ゲッツブラザーズ	550	630	550	630	35.5
9840	ホーマック	2220	2260	2210	2250	18.1
9841	ＢＭＢ	450	465	450	460	86
9842	アークランド	1250	1250	1200	1200	26
9844	ユーエスシー	1350	1430	1350	1430	24
9845	パーカー	250	255	250	255	10
9846	天満屋ス	0	0	0	0	0
9847	ソリスト	450	450	450	450	1
9848	トヨタカローラ岐阜	965	965	965	965	1
9849	河内屋紙	563	563	563	563	1
9850	グルメ杵屋	728	728	728	728	2
9852	中央物産	0	0	0	0	0
9853	銀座ルノア	455	455	455	455	1
9854	愛眼	1049	1070	1030	1050	5.4
9855	くろがねや	495	495	495	495	3
9856	ケーユー	890	890	790	879	12.6
9857	英和	0	0	0	0	0
9858	明光商会	1950	2020	1950	2020	10.9
9859	ユーストア	900	920	900	910	42
9860	岐阜日野	0	0	0	0	0
9861	吉野家ディー	1750000	1750000	1730000	1730000	0.023
9862	メモレックス・テレ	360	361	360	361	3
9863	靴のマルトミ	142	142	131	131	14.6
9864	ナカイ	310	310	310	310	1
9865	日商エレク	3890	3890	3600	3630	66
9867	ソレキア	695	695	670	670	29
9868	トリイ	0	0	0	0	0
9869	加藤産	640	640	638	640	14
9870	ハナテン	1900	1900	1900	1900	0.3
9871	イトーキ	212	229	212	229	2
9872	北恵	210	210	210	210	2
9873	ケンタッキー	1092	1095	1092	1092	18
9875	マツモトキヨ	8250	8600	8050	8480	55.6
9876	コックス	0	0	0	0	0
9877	マルフル	0	0	0	0	0
9878	セキド	692	700	692	700	3
9879	フタタ	174	190	174	190	13
9880	イノテック	5400	5700	5200	5590	87.7
9882	イエロハット	1060	1080	1030	1060	11.9
9883	富士エレ	2080	2080	2020	2020	10
9884	都築電産	861	861	830	830	5
9885	シャルレ	0	0	0	0	0
9887	松屋フーズ	2920	3170	2895	3070	76
9888	ＵＥＸ	0	0	0	0	0
9889	ＪＢＣＣ	6050	6440	6050	6440	29
9890	マキヤ	0	0	0	0	0
9892	卑弥呼	1150	1200	1150	1170	50
9893	ホームワイド	415	420	415	420	2
9894	アトル	0	0	0	0	0
9895	コンセック	0	0	0	0	0
9896	Ｊ建材	0	0	0	0	0
9897	ユニダックス	759	759	739	750	16
9898	サハダイヤ	426	442	422	422	244
9899	サンデサン	0	0	0	0	0
9900	サガミ	805	830	805	830	5
9901	宮	930	930	930	930	1
9902	日伝	0	0	0	0	0
9903	カンセキ	117	117	117	117	3
9904	ベリテ	235	240	235	240	4
9905	コージツ	0	0	0	0	0
9906	藤井産業	0	0	0	0	0
9907	大電社	0	0	0	0	0
9908	日本電計	597	598	573	573	6
9909	愛光電気	225	225	225	225	1
9911	真電	500	500	500	500	2
9912	ダイワボ情	1490	1530	1490	1510	28.5
9913	日邦産業	0	0	0	0	0
9914	植松商会	300	300	300	300	6
9915	アサヒビールＳ	0	0	0	0	0
9916	バイタルＮ	620	623	600	600	7.1
9917	マツモト電器	0	0	0	0	0
9918	ダイワラクダ	390	390	390	390	1
9919	関西スーパ	600	600	550	550	11
9920	シービーエム	1690	1690	1670	1670	3.4
9921	ギガス	498	500	490	500	6
9922	日立機材	0	0	0	0	0
9923	ダイトーエム	0	0	0	0	0
9924	ドミー	500	500	500	500	2
9925	北の家族	1000	1060	940	1050	30
9926	ダイカ	400	400	400	400	1
9927	ワットマン	0	0	0	0	0
9928	ミロク情報	1390	1420	1380	1380	12
9929	平和紙業	470	470	470	470	3
9930	北沢産	261	265	250	265	7
9931	家族亭	0	0	0	0	0
9932	杉本商	479	479	479	479	0.5
9934	因幡電産	1121	1130	1101	1120	15.4
9935	あずみ	285	285	285	285	1
9936	王将フード	1356	1370	1350	1370	8
9937	セシール	3690	3690	3390	3620	14.1
9938	住金物産	104	107	104	105	31
9939	すみや	0	0	0	0	0
9941	太洋物産	191	191	191	191	2
9943	ココス	595	595	593	593	782
9944	インパクト	1700	1790	1700	1740	3
9945	プレナス	5700	5700	5700	5700	2
9946	ミニストップ	2400	2450	2390	2440	26.9
9947	シムリー	1270	1301	1200	1301	16.8
9948	アークス	1480	1480	1460	1460	5
9949	タイヨー	0	0	0	0	0
9950	ハチバン	0	0	0	0	0
9951	カーマ	525	533	525	530	5.9
9952	ドトール	8400	9000	8400	8700	33
9953	ダイキ	1307	1315	1307	1315	15.1
9954	東京小僧寿し	590	590	590	590	4
9955	ヨンキュウ	2330	2370	2330	2360	6.1
9956	バロー	0	0	0	0	0
9957	バイテック	1650	1670	1620	1670	19
9958	サリ	327	327	327	327	1
9959	アシード	800	800	800	800	2
9960	東テク	460	470	460	470	2
9961	エムオーテック	158	158	158	158	3
9962	駿河製機	12100	12300	11890	12200	36.4
9963	江守商事	0	0	0	0	0
9964	アイ・テック	0	0	0	0	0
9965	福原	510	510	505	505	7
9966	藤久	2300	2300	2150	2150	2
9967	堺商事	0	0	0	0	0
9968	イチヤ	215	230	215	230	4
9969	ショクブン	940	950	940	940	10
9970	東洋オフィス	530	530	490	500	8
9971	カウボーイ	545	550	540	545	21
9972	アルテック	1300	1320	1280	1300	13
9973	小僧本部	1150	1180	1150	1180	4
9974	ベルク	960	960	960	960	2
9975	マルヤ	3240	3240	3240	3240	0.1
9976	セキチュー	0	0	0	0	0
9977	アオキスーパ	480	480	480	480	6
9978	文教堂	2800	2800	2800	2800	2
9979	大庄	1010	1030	1010	1021	22.5
9980	マルコ	980	980	950	950	12.5
9981	ニック産業	0	0	0	0	0
9982	タキヒヨー	0	0	0	0	0
9983	ファストリ	42750	46300	42750	44300	147
9984	ソフトバンク	86500	86500	86500	86500	50.4
9985	榮太郎	875	875	855	855	5
9986	蔵王産業	0	0	0	0	0
9987	スズケン	2400	2420	2300	2420	90.1
9988	神港魚類	0	0	0	0	0
9989	サンドラッグ	7400	7800	7320	7750	22.4
9990	東京デリカ	540	540	540	540	1
9991	ジェコス	370	370	360	370	21
9992	理研グリン	315	315	315	315	1
9993	ヤマザワ	0	0	0	0	0
9994	やまや	681	681	680	680	6.9
9995	イーストン	800	815	800	815	4
9996	サトー商会	630	630	630	630	2
9997	ベルーナ	2275	2275	2230	2250	25
