20000614
1001	日経２２５	16920	16920	16478	16654	72.046
1002	ＴＯＰＩＸ	1570	1572	1528	1545	72.046
1301	極洋	155	155	151	154	293
1319	日経300F	305	305	295	300	103
1331	ニチロ	190	191	180	182	1242
1332	日水	191	193	186	189	996
1333	マルハ	160	161	156	156	593
1351	宝幸水産	89	89	87	87	36
1352	ホウスイ	94	97	94	95	15
1376	カネコ種	880	880	880	880	1
1377	サカタタネ	2300	2300	2270	2290	67.2
1378	雪国まいたけ	690	690	690	690	1
1379	ホクト	3800	3810	3730	3800	53.6
1380	秋川牧園	615	615	615	615	1
1491	中外鉱	278	280	265	272	6850
1501	三井鉱山	104	105	101	105	890
1503	住友炭	85	85	80	80	198
1515	日鉄鉱	237	238	234	235	92
1518	三井松島	165	166	157	157	105
1601	帝石	345	346	341	344	544
1603	アラビア石油	375	376	373	376	39.5
1661	ガス開	443	445	421	433	170
1701	昭和鉱	279	283	275	276	82
1702	共立マテリア	330	330	310	310	4
1736	オーテック	335	335	335	335	1
1737	三井エンジ	403	405	392	396	43
1738	ＮＩＴＴＯＨ	0	0	0	0	0
1739	ＳＥＥＤ	385000	385000	385000	385000	0.003
1740	極東工業	370	370	365	365	10
1741	ミサワサンイ	790	790	790	790	1
1742	セコムテクノ	3020	3020	2990	3000	14
1743	コーアツ工業	525	525	525	525	1
1744	キョーエイ	500	510	500	510	5
1745	ミサワホーム東海	360	360	360	360	17
1746	光和建設	0	0	0	0	0
1748	ミサワ北日	0	0	0	0	0
1750	カナック	0	0	0	0	0
1751	日立プラサ	400	400	400	400	7
1752	富士通シス	1199	1199	1160	1160	7
1753	土屋ツバイ	0	0	0	0	0
1754	東新住建	870	870	855	855	4
1755	JFE工建	0	0	0	0	0
1756	和興エンジ	239	239	230	230	4
1757	千年の杜	300	301	300	300	5
1758	太洋基礎	530	535	530	535	2
1759	ジオトップ	237	237	235	237	6
1762	高松建設	1430	1450	1430	1450	2.5
1763	北陸ミサワ	0	0	0	0	0
1764	工藤建設	272	272	270	270	11
1765	イビデンテック	341000	341000	341000	341000	0.001
1766	東建コーポ	1370	1380	1360	1370	5
1767	沖ウィン	490	490	490	490	1
1768	ソネック	245	260	245	260	7
1770	藤田エンジ	0	0	0	0	0
1772	東北エンタープライズ	225	225	225	225	1
1774	機動建	216	216	216	216	4
1775	富士電Ｅ＆Ｃ	269	269	260	260	6
1776	三井住建道路	108	110	108	110	9
1777	川崎設備	300	300	300	300	2
1778	古河総設	172	172	172	172	1
1779	松本建工	0	0	0	0	0
1780	ヤマウラ	374	374	356	356	3
1781	国土総合	320	330	320	320	23
1782	常磐開発	0	0	0	0	0
1783	南野建設	0	0	0	0	0
1784	サワコー	480	480	463	463	1.4
1785	ナナボシ	0	0	0	0	0
1786	オリ建	413	420	410	415	13.4
1787	ナカボテック	243	243	243	243	2
1788	三東工業	0	0	0	0	0
1789	山加電業	0	0	0	0	0
1790	平和奥田	480	480	480	480	1
1791	三井木材	135	135	133	135	15.5
1792	みらい建設Ｇ	192	195	192	195	26
1793	大本組	0	0	0	0	0
1795	マサル	0	0	0	0	0
1796	トヨタウッド	0	0	0	0	0
1797	藤木工務店	0	0	0	0	0
1798	守谷商会	0	0	0	0	0
1799	第一建設	0	0	0	0	0
1800	利塚地下技術	0	0	0	0	0
1801	大成建	151	153	149	151	1255
1802	大林組	434	435	417	432	1149
1803	清水建	279	279	272	278	656
1804	佐藤工業	54	55	52	54	214
1805	飛島建	47	48	46	48	940
1806	ACリアル	49	50	48	49	487
1807	渡辺組	244	244	244	244	1
1808	長谷工	42	42	41	42	1343
1809	富士工	73	75	73	75	38
1810	松井建	304	304	297	300	19
1811	銭高組	247	247	241	241	5
1812	鹿島	286	289	284	289	1654
1813	不動建	145	145	141	145	61
1814	大末建	70	72	70	72	83
1815	鉄建	117	118	116	118	271
1816	安藤建	192	193	192	192	4
1817	勝村建	132	134	132	134	5
1818	日産建設	105	105	104	105	71
1819	太平工	145	147	145	146	50
1820	西松建	377	378	372	372	598
1821	三井住友建	71	72	70	72	76
1822	大豊建	164	166	164	166	64
1823	住友建設	80	83	80	83	104
1824	前田建	281	283	272	273	349
1825	環境建設	100	102	99	100	161
1826	佐田建	161	161	155	155	31
1827	ナカノフドー建	93	95	90	95	23
1828	田辺工業	380	380	380	380	2
1829	大和建設	0	0	0	0	0
1830	共栄冷機工業	0	0	0	0	0
1831	積水ハ北陸	0	0	0	0	0
1833	奥村組	340	342	334	340	434
1834	小田急建	260	260	256	256	20
1835	東鉄工	210	215	210	211	3
1836	大日本土木	140	145	140	145	13
1837	間組	49	49	47	48	568
1838	古久根建設	100	102	99	100	19
1839	真柄建	160	160	157	157	16
1840	土屋ホーム	290	290	280	280	22.5
1841	サンユ	0	0	0	0	0
1842	昭和テクノ	760	760	760	760	5
1844	大盛工業	170	170	166	169	11
1845	森本組	102	102	102	102	3
1846	鈴縫工	121	121	121	121	1
1847	イチケン	112	113	112	113	7
1848	富士ＰＳ	0	0	0	0	0
1850	南海辰村建	83	83	83	83	1
1851	大木建設	189	190	184	185	23
1852	浅沼組	142	145	141	145	50
1853	森組	120	120	120	120	3
1854	新井組	147	148	142	145	14.3
1855	東急建設	61	61	60	61	137
1856	ジェイオー建設	0	0	0	0	0
1857	松村組	110	114	110	110	21
1858	井上工	57	57	55	56	7
1860	戸田建	429	430	417	424	199
1861	熊谷組	52	52	50	51	1431
1862	横河工事	369	370	355	357	7.6
1863	テトラ	207	207	204	205	12
1865	青木あすなろ建	138	145	138	145	5
1866	北野建	246	248	245	248	20
1867	植木組	0	0	0	0	0
1868	三井ホーム	389	393	380	381	186
1869	名工建	440	440	440	440	1
1870	矢作建	0	0	0	0	0
1871	ピーエス三菱	394	400	391	400	11.3
1872	アゼル	340	350	328	331	772
1873	東ハウス	403	406	402	403	34
1874	佐藤秀	131	132	131	132	2
1875	青木マリン	260	260	260	260	3
1877	川田建設	565	595	560	590	10
1878	大東建	1790	1801	1723	1723	299.5
1879	新日本建	222	224	222	222	13
1880	スルガコーポ	0	0	0	0	0
1881	ＮＩＰＰＯ	473	480	473	475	111
1882	東亜道	223	230	223	228	40
1883	前田道	470	475	465	465	209
1884	日道路	162	163	160	163	63
1885	東亜建	124	125	122	125	154
1886	青木建設	42	42	40	40	734
1888	若築建	142	143	138	139	79
1889	佐伯建	130	131	127	131	24
1890	東洋建	90	91	89	90	344
1892	徳倉建	0	0	0	0	0
1893	五洋建	137	137	130	133	643
1895	大成ロテック	154	159	154	156	322
1896	大林道	313	313	304	304	17
1897	金下建	515	515	515	515	3
1898	世紀東急	92	92	90	90	52
1899	福田組	265	275	265	265	9
1900	白石	171	171	171	171	1
1902	山崎建設	229	230	229	230	7
1904	大成温調	305	305	300	300	5
1905	テノックス	0	0	0	0	0
1906	細田工務	0	0	0	0	0
1907	東北ミサワ	480	480	480	480	1
1908	三平建設	0	0	0	0	0
1909	日本ドライ	307	307	302	302	12
1910	フドウ建研	210	210	205	205	5
1911	住友林	697	697	680	688	329
1912	ミサワセラミ	360	370	360	370	4
1913	旭ホームズ	0	0	0	0	0
1914	日基技	480	495	480	486	26.7
1915	東京ミサワホーム	0	0	0	0	0
1916	日成ビルド	182	183	180	183	32
1917	ニッセキハウス	138	140	131	134	486
1919	エスバイエル	269	269	262	264	75
1920	殖産住宅相互	95	97	93	95	300
1921	巴	182	187	177	177	26
1922	大成ユーレック	85	89	85	89	18
1923	ミサワホーム	355	355	348	349	90
1924	パナホーム	651	655	637	645	175
1925	大和ハウス	790	790	775	783	1252
1926	ライト	449	449	445	449	91
1927	中 部	315	315	315	315	6.6
1928	積ハウス	1050	1051	1029	1035	1012
1929	日特建	200	202	193	196	131
1930	北陸電工	242	242	242	242	5
1931	日本電通	306	306	302	302	9
1932	コミュチュア	490	490	490	490	1
1933	西シス建	0	0	0	0	0
1934	ユアテック	340	340	323	324	81
1935	ＴＴＫ	246	246	243	245	16
1936	シーキューブ	261	273	261	273	12.2
1937	西部電工	0	0	0	0	0
1938	千歳電	0	0	0	0	0
1939	四電工	328	330	323	323	18
1940	つうけん	240	240	239	239	6
1941	中電工	1561	1590	1492	1550	47
1942	関電工	445	446	435	436	334
1943	大明	1004	1017	1003	1010	177
1944	きんでん	640	650	625	625	105
1945	東京エネシス	392	392	384	384	6
1946	トーエネク	375	375	366	367	17
1947	日本コムシス	2070	2070	1980	2005	202
1948	弘電社	300	300	300	300	2
1949	住友電設	549	550	538	549	18.6
1950	電設工	336	339	334	335	315
1951	協エクシオ	996	1003	993	1003	102
1952	新日空調	350	352	348	352	26.1
1953	国際電設	0	0	0	0	0
1954	日工営	192	198	190	198	189
1955	東電通	405	410	395	399	84
1956	日電設	400	400	395	399	16
1957	保安工	264	264	264	264	8
1958	三和エレック	277	278	277	278	6
1959	九電工	326	330	322	322	90
1960	サンテック	338	340	338	340	12
1961	三機工	470	495	464	490	437
1962	エルゴテック	0	0	0	0	0
1963	日揮	352	372	352	357	8228
1964	中外炉	419	419	400	405	138
1965	テクノ菱和	395	420	395	400	16.9
1966	高田工	0	0	0	0	0
1967	ヤマト	338	343	338	343	5
1968	太平電	249	250	246	247	19
1969	高砂熱	660	666	640	642	59
1970	日立プラ	259	259	253	257	49
1971	ビルト工	78	78	78	78	2
1972	三晃金	109	109	107	107	16
1973	ＮＥＣシス建	1925	1995	1900	1990	393.6
1974	宮地建設工業	665	680	650	680	44
1975	朝日工	329	329	315	318	156
1976	明星工	156	156	147	147	21
1977	ジェイコス	370	370	370	370	1
1978	アタカ	235	235	231	234	6
1979	大気社	840	845	826	828	46
1980	ダイダン	420	426	410	410	17
1981	協和日成	0	0	0	0	0
1982	日比谷設	481	500	481	495	11
1983	東芝プラ	237	240	233	233	37
1984	三信建	154	155	154	155	17
1985	大和電設	298	298	298	298	1
1986	日商インター	1220	1250	1070	1070	115
1987	ソルコム	0	0	0	0	0
1988	シボンド建	1350	1365	1340	1365	69.5
1989	北陸電話	290	290	290	290	3
1990	東邦建	0	0	0	0	0
1991	都築通技	0	0	0	0	0
1992	神田通機	0	0	0	0	0
1993	ニッタン	168	175	167	169	40
1994	高橋ウォール	0	0	0	0	0
1995	鈴木工務店	0	0	0	0	0
1996	三菱建設	0	0	0	0	0
1997	暁飯島工業	0	0	0	0	0
1998	日本土建	1000	1000	1000	1000	2
2001	日本粉	287	298	283	298	1276
2002	日清粉	1036	1045	1035	1044	175
2003	日東粉	228	230	218	229	25
2004	昭和産	187	189	179	183	260
2006	東福粉	95	95	93	95	12
2007	富士粉	150	150	150	150	11
2008	増田粉	0	0	0	0	0
2009	鳥越粉	460	460	450	450	89
2051	農産工	220	225	215	220	496
2052	協同飼	133	134	130	131	238
2053	中部飼	600	600	600	600	5
2055	日和産	245	250	245	245	11
2056	日配飼	148	149	144	144	168
2057	雪印種	600	600	590	590	5
2102	台糖	291	294	288	288	49
2107	東洋糖	169	169	162	162	38
2108	甜菜糖	158	159	155	157	737
2109	三井糖	220	220	208	209	111
2111	フジ製糖	195	195	191	191	6
2112	塩水糖	350	350	350	350	5
2113	新光糖	198	198	198	198	1
2114	フジ日本精糖	0	0	0	0	0
2116	日新糖	129	134	129	131	122
2201	森永	255	255	246	251	754
2202	明菓	678	684	672	684	503
2204	中村屋	270	270	262	262	21
2205	駿河屋	68	68	68	68	3
2206	グリコ	538	540	529	534	156
2207	名糖産	1140	1148	1140	1140	5
2208	ブルボン	815	815	800	800	3
2209	井村屋	400	400	400	400	6
2211	不二家	278	278	268	276	124
2212	山パン	1030	1030	1000	1010	219
2213	ナガサキヤ	69	69	57	62	334
2215	一パン	330	330	320	325	79
2216	カンロ	276	276	276	276	1
2217	モロゾフ	210	210	205	205	16
2219	タカラブネ	112	115	112	113	164
2220	亀田製菓	591	591	590	590	2
2221	岩塚製菓	0	0	0	0	0
2222	寿製菓	0	0	0	0	0
2224	コモ	1620	1630	1620	1630	3
2261	明乳	580	584	560	564	365
2262	雪印	585	585	558	564	376
2264	森永乳	303	306	291	294	242
2266	六甲バタ	340	340	330	335	35
2267	ヤクルト	1298	1298	1231	1240	541
2268	サーティワン	740	740	740	740	1
2281	プリマ	157	161	154	154	412
2282	日ハム	1412	1436	1400	1401	691
2284	伊藤ハ	445	449	433	437	217
2286	林兼	154	160	151	155	515
2287	雪印食品	250	250	247	247	5
2288	丸大食	193	193	190	192	138
2289	相模ハム	0	0	0	0	0
2290	米久	1301	1334	1301	1330	26.5
2291	福留ハ	0	0	0	0	0
2292	ＳＦＯＯＤＳ	822	830	822	822	5
2293	滝沢ハム	0	0	0	0	0
2294	柿安本店	0	0	0	0	0
2501	サッポロＨＤ	438	438	430	432	499
2502	アサヒ	1275	1286	1264	1270	720
2503	キリン	1367	1374	1330	1360	1244
2531	宝ＨＤ	2730	2735	2640	2710	592
2533	オエノンＨＤ	284	284	274	275	63
2536	メルシャン	336	339	336	337	284
2538	マルキン忠勇	135	140	131	140	29
2540	養命酒	677	678	670	670	10
2541	ニッカ	277	279	276	279	8
2571	中京コカ	1065	1065	1040	1040	29
2572	三国コカ	1561	1562	1530	1534	59
2573	北海コカ	1163	1163	1150	1150	11
2575	三笠コカ	870	870	845	850	17.2
2576	近畿コカ	1370	1370	1352	1365	10
2577	富士コカ	1100	1109	1100	1109	12
2578	四国コカ	1293	1293	1220	1230	14.6
2579	コカウエスト	3200	3250	3180	3200	38.4
2591	カルピス	574	575	560	561	121
2592	ポッカ	431	434	426	426	159
2593	伊藤園	7700	7760	7550	7580	78.7
2594	キーコーヒー	1439	1440	1420	1431	3.7
2595	キリンビバ	2670	2670	2595	2620	180
2596	キューサイ	5090	5090	4760	4800	31.2
2597	ユニカフェ	3270	3340	3270	3340	1.3
2598	アサヒ飲料	1274	1274	1230	1255	50
2601	ホーネンコーポ	204	204	198	202	675
2602	日清オイリオ	375	375	368	375	422
2604	吉原製油	330	330	313	316	52
2605	熊沢製油	0	0	0	0	0
2607	不二油	880	900	870	900	86
2608	ボーソー	149	149	149	149	1
2611	摂津油	0	0	0	0	0
2612	かどや製油	0	0	0	0	0
2801	キッコマン	791	794	780	786	708
2802	味の素	1349	1349	1315	1345	1330
2804	ブルドック	590	600	590	600	3
2805	エスビー	585	585	585	585	1
2806	ユタカフーズ	0	0	0	0	0
2808	サンビシ	0	0	0	0	0
2809	キユーピー	890	891	876	890	212
2810	ハウス食品	1641	1641	1597	1604	94
2811	カゴメ	920	931	915	915	28
2812	焼津水化	1600	1600	1600	1600	0.5
2813	和弘食品	118	118	114	118	8
2814	佐藤食品	900	900	900	900	1
2815	アリアケ	6950	6950	6510	6510	13.8
2816	ダイショー	730	730	730	730	2
2817	ギャバン	515	515	515	515	1
2830	アヲハタ	800	800	800	800	1
2831	はごろも	1290	1300	1285	1285	15
2871	ニチレイ	367	368	357	365	962
2872	セイヒョー	0	0	0	0	0
2873	加ト吉	2690	2700	2660	2670	42
2874	ヨコレイ	695	700	680	698	137
2875	東洋水	1005	1029	995	1029	144
2876	ＪＣコムサ	0	0	0	0	0
2877	日東ベスト	0	0	0	0	0
2878	赤城水産	381	381	380	380	4
2879	ニチロサンフズ	480	480	480	480	3
2891	酵母工	622	638	615	620	23
2892	日食品	333	333	333	333	7
2893	ローマイヤ	0	0	0	0	0
2894	石井食	271	271	270	270	4
2897	日清食	2580	2590	2460	2480	193.5
2898	ソントン	1000	1000	1000	1000	1
2899	永谷園	955	961	955	960	3
2900	明星食	228	229	225	228	101
2901	石垣食	0	0	0	0	0
2902	太陽化	500	500	490	490	11
2903	シノブフズ	165	165	165	165	6
2904	一正蒲鉾	0	0	0	0	0
2905	オーケー食	0	0	0	0	0
2906	ホッコク	0	0	0	0	0
2907	あじかん	0	0	0	0	0
2908	フジッコ	1770	1770	1749	1751	10
2909	トオカツフズ	271	271	270	270	6
2910	Ｒフィールド	5810	5870	5700	5870	12.1
2911	旭松食品	810	810	810	810	1
2912	鐘崎	0	0	0	0	0
2913	フジフーズ	245	251	245	251	5
2914	ＪＴ	868000	890000	864000	890000	2.644
2915	ケンコーマヨ	470	470	470	470	2
2916	仙波糖化	270	310	270	310	4
2917	大森屋	750	750	740	750	3
2918	わらべ日洋	1151	1161	1150	1150	17
2920	ケイビー	1200	1250	1200	1250	3
2921	フクシマフズ	0	0	0	0	0
2922	なとり	1110	1110	1100	1100	5
3001	片倉	491	491	490	490	15
3002	グンゼ	375	379	365	373	974
3003	昭栄	0	0	0	0	0
3004	神栄	150	152	148	148	73
3007	神戸生絲	57	59	55	56	94
3009	川島織	130	133	127	129	342
3010	上毛	600	600	580	595	7
3011	バナーズ	0	0	0	0	0
3101	東洋紡	206	210	198	202	3742
3102	カネボウ	269	269	255	260	2283
3103	ユニチカ	81	83	80	82	1342
3104	富士紡Ｈ	71	73	70	70	473
3105	日清紡	548	550	536	541	1419
3106	クラボウ	179	180	170	176	2066
3107	ダイワボウ	128	133	124	128	188
3109	シキボウ	88	88	73	84	418
3110	日東紡	180	185	171	181	4725
3111	オーミケン	78	100	78	92	314
3113	ＢＳＬ	90	90	85	85	91
3114	同興紡	100	100	98	98	11
3115	テザック	67	68	62	63	212
3116	トヨタ紡織	694	694	680	681	14
3117	興和紡	345	345	345	345	1
3121	アセットイン	0	0	0	0	0
3123	サイボー	0	0	0	0	0
3125	内外綿	65	65	65	65	4
3128	テラボウ	0	0	0	0	0
3129	ファブリカＴ	112	112	110	110	6
3201	日毛	385	387	370	371	109
3202	大東紡	107	110	107	110	164
3203	東亜紡織	105	106	100	100	33
3205	ダイドー	300	300	286	290	66
3206	南海毛糸紡績	95	95	95	95	3
3207	中央毛	0	0	0	0	0
3209	カネヨウ	124	130	124	125	15
3211	太陽毛絲紡	120	120	105	110	20
3216	御幸ＨＤ	425	431	425	430	8
3302	帝繊維	212	212	205	206	47
3304	トスコ	121	121	118	121	50
3306	日本麻	65	70	65	70	5
3401	帝人	494	494	481	483	1864
3402	東レ	443	444	432	436	2037
3403	東邦テナ	126	127	120	124	261
3404	三菱レ	309	316	301	304	1562
3405	クラレ	1160	1160	1130	1132	1352
3407	旭化成	716	730	710	728	5141
3408	サカイオーベ	89	91	86	86	160
3409	北日紡	145	145	145	145	6
3411	オートリ	187	194	180	182	47
3420	ケーエフシー	0	0	0	0	0
3421	稲葉製作	1150	1180	1150	1180	36.5
3422	丸順	0	0	0	0	0
3423	エスイー	455	460	440	455	27
3424	ミヤコ	515	515	450	465	61
3501	住江織	130	130	125	125	45
3503	東和織	0	0	0	0	0
3512	フエルト	330	330	311	315	21
3513	イチカワ	220	220	212	215	39
3514	バイリーン	236	236	230	231	13
3515	フジコー	396	398	396	398	3
3521	エコナック	106	106	103	103	64
3524	日東網	104	104	103	103	8
3526	芦森工	234	235	222	230	59
3528	グローベルス	145	145	128	133	325
3529	アツギ	111	112	108	112	711
3532	堀田産	62	62	60	60	7
3533	ダイオ化成	550	560	550	560	2
3534	ＮＢＣ	0	0	0	0	0
3551	ダイニック	200	203	181	190	67
3552	洋クロス	189	190	189	190	16
3553	共和レ	480	480	475	475	3
3569	セーレン	415	420	410	415	212
3570	オリカキャピ	170	170	165	169	23
3571	ソトー	460	465	460	465	9
3572	大同マルタ	59	59	59	59	1
3576	カンボウ	0	0	0	0	0
3577	東海染	150	153	150	150	29
3578	倉庫精	0	0	0	0	0
3580	小松精	357	360	357	360	6
3581	岐セン	0	0	0	0	0
3583	オーベクス	120	120	120	120	1
3584	福助	184	185	180	182	111
3585	トムスエンタ	355	355	340	342	35
3587	ＩＢダイワ	458	479	450	470	43
3588	丸山工	0	0	0	0	0
3591	ワコール	990	990	959	960	114
3592	ＣＨＯＹＡ	201	201	201	201	1
3593	ホギメデ	6960	7000	6750	6850	23
3594	モリシタ	0	0	0	0	0
3595	ヤギコーポ	0	0	0	0	0
3596	ワールド	4960	5000	4790	4820	159.2
3597	自重堂	722	722	722	722	3
3598	山喜	257	257	256	256	3
3599	コーコス	0	0	0	0	0
3600	フジックス	0	0	0	0	0
3601	ニチメンイン	1709	1709	1660	1660	5
3602	イタリヤード	250	250	250	250	2
3603	チャッコット	0	0	0	0	0
3706	東海パ	425	435	415	435	14
3861	王子紙	687	697	654	665	2613
3863	日本製紙	697	697	661	672	1188
3864	三菱紙	170	170	162	166	856
3865	北越紙	841	841	810	828	908
3868	高崎三興	96	96	93	95	134
3869	日本板紙	286	286	276	280	28
3870	日本加工製紙	81	82	77	77	85
3871	大昭和紙	440	442	425	425	46
3872	三島紙	161	162	161	162	9
3877	中越パ	259	268	252	266	1976
3878	巴川紙	512	512	498	500	65
3880	大王紙	890	890	831	864	82
3881	特種紙	433	437	433	436	88
3882	紀州紙	168	168	166	166	14
3886	チューエツ	95	95	92	92	7
3887	中央板紙	99	99	97	99	42
3889	大平製紙	84	84	84	84	2
3890	ゼネＫＫ	652	679	640	670	37
3891	高度紙	1700	1700	1650	1650	4
3941	レンゴー	566	567	546	549	343
3944	古林紙	134	134	134	134	1
3945	スパバッグ	206	206	200	200	10
3946	トーモク	224	229	220	226	256
3947	ダイナパック	0	0	0	0	0
3948	光ビジネス	0	0	0	0	0
3949	日本ハイパック	252	252	252	252	2
3950	ザ・パック	0	0	0	0	0
3951	朝日印刷	770	770	770	770	1
3952	中央紙器	0	0	0	0	0
3953	大村紙業	0	0	0	0	0
3954	昭和パックス	0	0	0	0	0
3971	東セロ	300	310	300	309	48
4003	コープケミ	100	103	98	98	25
4004	昭電工	146	147	141	142	1796
4005	住友化学	628	629	595	615	2755
4007	日化成	167	178	164	166	263
4008	住友精化	296	296	287	290	59
4010	三菱化学	455	455	437	443	1840
4021	日産化	684	693	676	693	826
4022	ラサ工	323	330	316	324	992
4023	呉羽化	320	321	307	314	485
4025	多木化	378	378	373	373	14
4026	神島化	0	0	0	0	0
4027	テイカ	280	288	271	283	52
4028	石原産	176	176	173	174	338
4031	チッカリン	416	429	416	422	23
4032	日東バイオン	195	199	195	199	5
4033	日東エフシー	0	0	0	0	0
4041	日曹達	387	400	383	388	3641
4042	東ソー	512	512	484	495	1900
4043	トクヤマ	698	699	675	685	484
4044	セ硝子	528	528	491	507	2184
4045	東合成	253	254	241	249	1339
4046	ダイソー	260	264	260	264	72
4047	関電化	559	559	540	546	173
4050	鶴見曹達	401	402	401	401	21
4061	電化	441	444	425	429	1723
4062	イビデン	2000	2020	1996	2005	154
4063	信越化	5200	5200	4830	4970	887
4064	カーバイド	130	131	125	128	397
4065	紀文フ	414	415	407	410	12
4077	富士チタン工業	588	588	580	588	14
4078	堺化学	963	965	931	948	193
4079	ハクスイテック	0	0	0	0	0
4080	田中化研	2200	2300	2100	2180	117
4086	日本エア・リキード	450	450	433	439	85
4088	エアウォータ	453	455	431	441	440
4089	大阪酸素工業	241	245	237	237	33
4091	大陽日酸	364	364	352	362	526
4092	日本化	365	370	346	355	761
4093	アセチレン	95	95	90	90	7
4094	日化産	330	330	330	330	7
4095	パーカライ	389	389	366	370	64
4096	昭炭酸	301	304	301	301	4
4097	高圧ガス	337	344	337	343	62
4098	チタン	195	195	190	193	15
4099	四国化	340	345	340	345	11
4100	戸田工	521	529	501	501	93
4101	日興酸素	0	0	0	0	0
4102	丸尾カル	0	0	0	0	0
4103	大陽東洋酸素	234	234	223	227	130
4104	タテホ	328	340	315	325	124
4105	メルテックス	750	750	749	749	4
4106	ケムキャット	0	0	0	0	0
4107	伊勢化	359	359	357	359	7
4109	ステラケミ	7600	7600	7400	7500	5
4112	保土谷	184	185	180	180	66
4113	田岡化	0	0	0	0	0
4114	日触媒	570	578	558	566	520
4115	本州化	810	820	780	780	37
4116	大日精	410	410	400	402	136
4117	川崎化	150	150	148	148	8
4118	カネカ	1115	1120	1075	1095	252
4119	ピグメント	345	380	345	380	196
4120	スガイ	333	333	333	333	1
4123	山化成	940	942	940	940	4
4151	協発酵	1150	1150	1110	1138	1248
4182	菱ガス化	340	340	330	335	869
4183	三井化学	760	761	740	740	852
4185	ＪＳＲ	850	850	825	850	506
4186	東応化	2460	2465	2400	2420	72.6
4187	大有機	618	618	600	600	9
4201	日合成	164	164	157	160	672
4202	ダイセル	345	346	334	342	464
4203	住友ベ	1399	1399	1320	1368	610
4204	積水化	382	389	377	382	1050
4205	ゼオン	780	798	775	775	635
4206	アイカ	780	793	775	776	51
4208	宇部興	300	300	290	294	4703
4209	フドー	107	107	107	107	1
4210	東洋化学	475	475	457	465	73
4212	積水樹	385	390	375	384	90
4213	菱樹脂	208	208	201	205	1011
4214	高分子	378	379	375	378	70
4215	タキロン	455	475	449	473	330
4216	旭有機	326	326	313	322	151
4217	日立化	2580	2620	2560	2590	98
4218	ニチバン	408	410	402	405	23
4219	プラス・テク	0	0	0	0	0
4220	リケンテクノ	358	358	342	349	89
4221	大倉工	429	440	421	432	526
4222	児玉化	76	77	76	77	17
4224	ロンシール	78	79	76	78	21
4225	筒中	379	379	360	362	45
4226	テスコ	0	0	0	0	0
4227	郡是高分子	0	0	0	0	0
4228	積化成	245	245	227	228	87
4229	群栄化	202	204	190	191	105
4231	タイガポリ	0	0	0	0	0
4232	東芝ケミカル	340	340	335	335	15
4233	ワコー	450	450	445	445	4
4234	サンエー化研	726	726	726	726	8
4271	カーリット	835	835	815	835	3
4272	日化薬	578	579	565	570	264
4274	細火工	0	0	0	0	0
4361	川口化	176	176	176	176	2
4362	日精化	470	475	450	465	28
4363	新日鐵化学	236	237	218	225	491
4364	マナック	0	0	0	0	0
4365	松本油脂	1880	1890	1880	1880	8
4366	ダイトーケミ	870	880	870	880	5
4367	広栄化学	0	0	0	0	0
4401	旭電化	802	808	778	788	294
4403	日油脂	299	305	295	303	1384
4404	ミヨシ	266	266	260	260	53
4406	日理化	640	640	620	620	10
4409	東邦化	245	275	245	245	74
4410	ハリマ化成	434	434	420	429	20
4452	花王	3380	3420	3290	3390	1136
4461	一工薬	368	368	355	355	79
4462	石原薬品	913	913	913	913	1
4463	日華化学	0	0	0	0	0
4471	三洋化	1040	1040	1010	1010	106
4501	三共	2480	2480	2405	2425	771
4502	武田	7320	7320	7130	7140	1721
4503	アステラス薬	5950	5980	5710	5890	826
4505	第一製薬	2215	2245	2175	2220	1572
4506	大日薬	1268	1270	1215	1260	602
4507	塩野義	1848	1849	1781	1824	347
4508	田辺薬	768	768	710	710	418
4509	三菱ウェルファーマ	1375	1390	1331	1390	533
4511	藤沢薬品	4200	4220	4090	4190	391
4512	わかもと	506	506	500	502	11
4514	帝臓器	816	827	800	806	13
4515	萬有製薬	2500	2500	2400	2455	108
4516	日新薬	860	863	825	825	184
4517	ビオフェル	910	910	910	910	3
4518	富山化	758	790	754	790	6141
4519	中外薬	2030	2050	1985	1998	808
4520	和光堂	3100	3110	3080	3100	2.9
4521	科研薬	777	780	752	753	187
4523	エーザイ	2690	2695	2635	2635	358
4524	仁丹	1650	1680	1550	1600	110
4526	理ビタ	1510	1530	1510	1510	13
4527	ロート	1027	1029	1000	1005	65
4528	小野薬	4240	4380	4200	4250	147
4529	日研化	415	420	411	420	39
4530	久光薬	3160	3160	3050	3120	90
4531	有機薬	0	0	0	0	0
4534	持田薬	806	806	780	791	201
4535	大正薬	3580	3660	3530	3660	436
4536	参天薬	2430	2495	2415	2430	165
4537	エスエス	1100	1109	1080	1085	41
4538	扶桑薬	725	725	700	705	170
4539	ケミファ	298	299	285	295	44
4540	ツムラ	420	420	410	410	68
4541	日医工	183	183	179	179	9
4542	三笠薬	416	416	403	403	4
4543	テルモ	3360	3360	3250	3330	180
4544	みらかＨＤ	590	609	590	600	55
4545	国際試薬	397	405	390	405	10
4546	北陸製薬	811	820	811	820	24
4547	キッセイ	1840	1850	1815	1833	111
4548	生化学	1330	1330	1310	1320	9
4549	栄研化	2550	2555	2450	2500	103
4550	日水薬	614	615	606	610	16
4551	鳥居薬	2590	2600	2555	2595	26.3
4552	日本ケミカル	800	800	798	800	16
4553	東和薬品	910	910	910	910	1
4554	富士製薬	395	395	395	395	7
4555	沢井製薬	1380	1380	1380	1380	0.5
4556	カイノス	1620	1820	1600	1780	147
4557	医学生物	6900	6950	6500	6900	35
4558	中京医薬	1050	1150	1050	1050	2
4559	ゼリア新薬	1215	1220	1195	1210	17
4560	キョーリン薬	4050	4110	3980	4110	61
4561	デンカ生研	2310	2310	2310	2310	1
4611	大日塗	188	188	183	183	92
4612	日本ペ	360	360	344	349	758
4613	関西ペ	320	320	316	320	517
4614	トウペ	157	157	151	151	2
4615	神東塗	121	121	121	121	1
4616	川上塗	0	0	0	0	0
4617	中国塗	243	244	235	235	92
4619	日特塗	267	270	263	270	90
4620	藤倉化	472	473	468	468	188
4621	ロック	0	0	0	0	0
4622	ユニペイン	0	0	0	0	0
4623	アサヒペン	300	310	300	300	13
4624	イサム	372	372	372	372	1
4625	アトミクス	0	0	0	0	0
4626	太陽インキ	6490	6490	6000	6200	3.9
4627	ナトコ	990	990	940	970	21
4628	エスケー化研	1910	1910	1900	1900	5
4629	大伸化学	387	398	387	398	4
4631	インキ	500	502	485	490	1482
4633	サカタＩＮＸ	330	334	326	328	30
4634	洋インキ	243	243	230	236	427
4635	東インキ	252	252	251	251	9
4636	Ｔ＆Ｋ	2770	2800	2760	2800	1.6
4640	アンドール	545	545	545	545	2
4641	アルプス技	1710	1750	1700	1750	9
4642	オリジナル設	1041	1041	1001	1021	3
4643	コナミスポ	8450	8550	8400	8550	2.9
4644	イマジニア	2320	2380	2320	2350	7
4645	市進	0	0	0	0	0
4646	ジャスフォート	1000	1000	1000	1000	0.3
4649	大成	0	0	0	0	0
4650	スガイエンタ	645	700	645	700	6.3
4651	サニックス	6010	6190	6000	6050	22.6
4652	ウッドランド	2060	2070	2060	2070	6
4653	ダイオーズ	0	0	0	0	0
4654	ニチゾウテク	309	310	309	310	4
4655	ＮＯＶＡ	740	745	735	740	16
4656	サン・ライフ	0	0	0	0	0
4657	環境管理	1210	1410	1210	1400	11
4658	日本空調	0	0	0	0	0
4659	エイジス	0	0	0	0	0
4660	ニッポン放送	6300	6300	6000	6100	44
4661	ＯＬＣ	10700	10850	10450	10850	58.1
4662	フォーカス	4100	4150	4000	4000	19
4663	ＡＴＬ	800000	810000	740000	760000	0.03
4664	ＲＳＣ	400	400	400	400	1
4666	パーク２４	13400	13700	12990	13600	27.1
4667	アイサンテク	350	420	350	410	22
4668	明光ネット	380	380	380	380	3
4669	ニッパンＲ	0	0	0	0	0
4670	セタ	0	0	0	0	0
4671	ファルコバ	3010	3100	2950	3100	40
4672	ベルックス	0	0	0	0	0
4673	川崎地質	0	0	0	0	0
4674	クレスコ	8000	8000	7800	8000	6.2
4675	エヌエス環境	0	0	0	0	0
4676	フジテレビ	1670000	1680000	1620000	1660000	0.943
4677	デザイ	630	630	630	630	2
4678	秀英	1290	1290	1290	1290	1
4679	田谷	2650	2700	2650	2700	14
4680	ラウンドワン	453000	458000	448000	450000	0.176
4681	リゾートトラ	2730	2730	2680	2720	16
4682	電通テック	12600	12600	11800	12000	1.8
4683	堀内カラー	0	0	0	0	0
4684	オービック	40050	42000	39800	42000	8.2
4685	菱友システム	525	525	525	525	1
4686	ジャスト	3900	4050	3800	4000	20.8
4687	ＴＤＣソフト	2200	2210	2150	2190	2.8
4688	日本ドレーク	16100	16600	16000	16000	7.3
4689	ヤフー	44100000	46000000	44100000	46000000	0.039
4690	日パレット	0	0	0	0	0
4692	アルゴ２１	3440	3550	3400	3500	7.4
4694	ＢＭＬ	3860	3860	3850	3850	5
4695	マイスター	670	670	670	670	1
4696	ワタベ	1170	1170	1150	1150	4
4697	ゼロ	2260000	2270000	2050000	2050000	0.083
4699	ウチダエスコ	365	365	360	360	2
4700	アクセス	10150000	10400000	9900000	10000000	0.019
4701	プレック研	600	600	600	600	2
4702	55ステーション	670	675	665	675	4
4703	住商オート	850	880	835	880	42
4704	トレンド	14900	15000	14500	14900	71
4705	クリップ	0	0	0	0	0
4706	富士通サポート	10000	10300	9800	10030	182.8
4707	キタック	470	470	470	470	1
4708	もしもしＨＬ	12000	12200	11900	12200	2.9
4709	ＩＤ	1120	1120	1120	1120	2
4710	ウィン	0	0	0	0	0
4711	コミュニティ	1280	1280	1260	1280	1.3
4712	アドアーズ	346	346	340	340	2
4713	日信電サ	1280	1280	1250	1250	2
4714	リソー教育	228000	240000	228000	238000	0.039
4715	クリエイティブ	410	410	410	410	1
4716	日本オラクル	38200	39950	35500	38200	103.1
4717	ソデッソジャパン	2300	2310	2300	2300	15
4718	早稲アカ	400	400	395	400	6
4719	アルファシス	13100	13670	12810	13100	12.5
4720	城南進研	590	590	580	590	7
4721	フジスタッフ	3110	3200	3100	3200	12
4722	フューチャー	2010000	2070000	1910000	2070000	0.028
4723	グッドウィル	587000	590000	550000	559000	0.691
4724	シチエ	1000	1000	993	993	4.3
4725	ＣＡＣ	6450	6450	5800	6000	22.5
4726	ソフトバンテク	12300	12500	10500	11700	46
4727	アジアＳ総研	3580	3580	3350	3460	15.6
4728	トーセ	5810	5850	5750	5850	1.5
4729	コナミスタジオ	4050000	4050000	3900000	3900000	0.005
4730	関西メンテ	800	810	800	810	3
4731	ユニバホーム	1290000	1290000	1260000	1260000	0.003
4732	ＵＳＳ	3600	3640	3500	3590	46
4733	ＯＢＣ	17500	17500	17300	17500	4.5
4734	ビーイング	1570	1600	1550	1570	15
4735	京進	0	0	0	0	0
4736	日本ラッド	1550	1550	1520	1520	7
4737	シダックス	1800	1800	1770	1770	61
4738	日立ビジネス	1860	1860	1850	1860	6
4739	ＣＴＣ	47150	47750	44000	45750	101
4740	ニューディル	2500000	2510000	2400000	2400000	0.009
4741	ＩＲＩ	10000000	10000000	9800000	9800000	0.012
4742	エイトコン	790000	790000	730000	790000	0.052
4743	アイティフォ	4620	4650	4450	4600	16
4744	メッツ	1060000	1060000	1030000	1040000	0.018
4745	東京個別	7000	7000	6900	7000	7
4746	東計電算	1381	1400	1362	1400	4
4747	Ｃフィッシュ	8200000	8200000	7300000	7700000	0.018
4748	構造計画	1800	1880	1770	1880	22
4749	アドバックス	0	0	0	0	0
4750	ダイサン	331	331	330	330	4
4751	サイバエージ	5900000	5900000	5500000	5690000	0.006
4752	昭和システム	530	530	520	520	3
4753	ライブドア	2000000	2100000	2000000	2000000	0.007
4754	トスネット	485	485	480	485	10
4755	楽天	6650000	6700000	6000000	6400000	0.121
4756	ＣＣＣ	3200	3200	3200	3200	5
4757	インテリ	12000000	12000000	12000000	12000000	0.007
4758	シーアイエス	14100000	14100000	12800000	14100000	0.028
4759	ライブＭ	3320000	3320000	3300000	3300000	0.006
4760	ＡＬＰＨＡ	650	665	585	630	130
4761	さくらＫＣＳ	1102	1140	1070	1135	39
4901	富士写	3940	3990	3870	3880	900
4902	コニカＨＤ	709	735	703	725	2988
4911	資生堂	1524	1539	1480	1520	1135
4912	ライオン	447	447	441	443	243
4913	サンスター	355	355	349	349	8
4914	高砂香	480	482	473	480	229
4915	エイボンＪ	220	220	220	220	1
4916	ノエビア	1040	1040	1030	1030	3
4917	マンダム	1590	1600	1540	1560	53
4918	アイビー	420	420	420	420	2
4919	ミルボン	7410	7410	7300	7300	1
4920	日本色材	411	411	411	411	1
4921	ファンケル	8830	9050	8630	8770	108.1
4922	コーセー	3270	3300	3220	3300	32
4951	エステー化	710	715	703	710	24
4953	タイホー工業	372	372	371	371	4
4954	マークテック	0	0	0	0	0
4955	アグロカネシ	801	801	800	800	6
4956	コニシ	1110	1114	1100	1110	16.3
4957	ヤスハラケミ	0	0	0	0	0
4958	長谷川香料	1796	1801	1793	1800	6.8
4959	シーシーアイ	0	0	0	0	0
4960	ケミプロ	425	425	420	420	4
4961	日油技研	725	770	715	770	11
4963	星光ＰＭＣ	0	0	0	0	0
4964	星光化学工業	0	0	0	0	0
4965	曽田香料	0	0	0	0	0
4966	上村工	1900	1900	1900	1900	1
4967	小林製薬	10190	10200	10000	10200	32
4968	荒川化工	945	945	930	940	9
4970	東洋合成	1970	1970	1900	1900	23
4987	寺岡製	690	690	690	690	3
4989	イハラケミ	273	280	261	265	170
4990	昭和化	276	276	276	276	1
4992	北興化	394	394	380	390	31
4996	クミアイ化	210	210	201	206	109
4997	日農薬	252	253	245	250	39
4998	フマキラ	200	205	200	205	29
4999	セメダイン	282	282	282	282	1
5001	新日本石油	473	473	453	453	865
5002	昭和シェル	471	480	471	477	521
5005	東  燃	585	588	576	580	683
5006	興亜石油	279	280	275	278	67
5007	コスモ石	173	174	169	170	572
5008	東亜石	116	119	116	116	227
5009	富士興	78	78	76	78	99
5010	日精蝋	85	85	85	85	2
5011	ニチレキ	446	453	445	446	59
5012	東燃ゼネ石	220	221	219	219	1140
5013	ユシロ	593	609	531	531	151
5014	ジャパンエナジー	111	112	108	108	1621
5015	ＢＰカスト	590	599	585	585	11
5101	浜ゴム	289	290	284	287	758
5102	大機エンジ	227	227	221	221	6
5103	昭ゴム	339	355	307	321	274
5104	日東化工	106	107	106	107	7
5105	洋ゴム	157	158	149	151	717
5106	オーツタイヤ	213	214	206	209	106
5108	ブリヂストン	2490	2520	2320	2340	1298
5110	住友ゴ	635	635	621	627	1089
5121	藤ゴム	240	245	235	238	70
5122	オカモト	245	245	236	237	70
5123	ミサワ東洋	128	128	128	128	1
5142	アキレス	168	171	166	168	90
5143	世界長	210	210	198	203	456
5161	西川ゴム	800	800	800	800	1
5162	朝日ラバー	1190	1200	1180	1180	4
5184	ニチリン	0	0	0	0	0
5185	フコク	600	600	585	585	41
5186	ニッタ	1170	1181	1140	1158	137.9
5187	クリエート	800	800	800	800	2
5188	帝都ゴム	0	0	0	0	0
5189	桜ゴム	157	157	157	157	1
5191	東海ゴ	1168	1169	1116	1128	54
5192	三星ベ	280	282	275	275	88
5193	平成ポリマー	105	105	105	105	1
5194	相模ゴ	571	581	570	570	6
5195	バンドー	228	232	222	226	182
5196	鬼ゴム	85	88	84	84	39
5199	不二ラテ	234	240	205	205	66
5201	旭硝子	1074	1085	1040	1065	2200
5202	板硝子	1301	1320	1275	1310	3384
5204	石塚硝	285	285	280	280	43
5205	日本無機	377	378	373	373	32
5208	有沢製	2650	2650	2650	2650	5
5210	日山村硝	192	192	186	188	152
5212	不二硝	0	0	0	0	0
5213	芝セラミ	880	883	845	850	679
5214	日電硝	2290	2290	2215	2250	400
5215	旭テクノグラス	780	789	780	780	8
5216	倉元	1460	1460	1400	1400	8.4
5217	テクノクオツ	2690	2690	2650	2650	4
5232	住友大阪	542	545	518	530	1857
5233	太平洋セメ	179	179	174	174	1301
5234	デイ・シイ	160	161	159	159	14
5237	ノザワ	81	88	81	88	6
5261	ミサワリゾ	260	265	260	260	8
5262	日ヒューム	285	289	270	274	24
5266	テイヒュー	0	0	0	0	0
5267	ハネックス	125	125	125	125	3
5268	旭コン	311	312	311	311	6
5269	日コン	118	118	114	118	17
5271	トヨアサノ	0	0	0	0	0
5272	浅野スレ	108	115	107	110	38
5273	三谷セキ	0	0	0	0	0
5274	ゼニパイプ	145	145	145	145	3
5276	石建工	376	376	375	375	6
5277	スパンクリト	450	480	450	475	19
5278	エバタ	0	0	0	0	0
5279	日本興業	0	0	0	0	0
5280	ヨシコン	590	590	590	590	4
5281	旭ダンケ	0	0	0	0	0
5282	ジオスター	0	0	0	0	0
5283	高見沢	0	0	0	0	0
5284	ヤマウ	450	450	450	450	1
5285	ヤマックス	0	0	0	0	0
5286	武井工業	0	0	0	0	0
5287	イトヨーギョ	900	900	900	900	1
5301	東海カ	245	247	241	244	736
5302	カーボン	120	131	119	130	3474
5304	エスイ−シ−	211	220	211	220	4
5331	ノリタケ	548	561	548	561	321
5332	ＴＯＴＯ	755	759	728	740	1313
5333	ガイシ	1220	1232	1213	1222	2965
5334	特殊陶	1255	1265	1232	1240	578
5336	INAX	630	632	615	620	650
5337	ダントー	365	366	360	365	70
5338	大トー	231	231	230	230	4
5341	アサヒ陶	0	0	0	0	0
5342	ジャニス	65	65	62	62	9
5343	ニッコー	349	349	349	349	1
5344	ＭＡＲＵＷＡ	4020	4040	3950	4020	38
5351	白煉瓦	233	235	225	225	214
5352	黒崎	203	205	192	198	125
5355	ルツボ	0	0	0	0	0
5356	美濃窯	0	0	0	0	0
5357	ヨータイ	280	280	240	268	174
5358	イソライト	208	215	201	201	33
5361	東海熱	700	710	680	690	59
5362	九州耐	265	265	260	260	8
5363	ＴＹＫ	210	210	202	204	35
5367	ニッカトー	1050	1070	1020	1030	67
5382	中央商事	260	260	260	260	1
5383	三共理化	0	0	0	0	0
5384	フジミインコ	4000	4110	4000	4000	26.6
5386	鶴弥	750	750	750	750	2
5387	チヨダウーテ	915	915	915	915	1
5388	クニミネ	255	255	245	245	5
5389	日レヂボン	0	0	0	0	0
5390	宇部マテリア	151	152	150	150	18
5391	Ａ＆ＡＭ	119	125	117	121	127
5393	ニチアス	340	354	336	346	2011
5395	コランダム	0	0	0	0	0
5397	ＭＩＥテクノ	0	0	0	0	0
5398	日研紙	191	191	191	191	1
5401	新日鉄	240	242	235	238	16243
5403	川崎製鉄	167	169	162	164	8598
5404	日本鋼管	70	71	69	70	5020
5405	住金	75	75	73	73	5332
5406	神戸鋼	75	75	73	74	1229
5407	日新鋼	117	118	115	115	596
5408	中山鋼	145	147	144	146	59
5410	合同鉄	103	104	100	103	549
5423	東京製鉄	354	360	350	350	161.1
5443	東洋製鋼	3	3	2	3	276
5444	大和工	526	532	516	518	190
5445	東京鉄	77	77	75	75	37
5446	北越メ	0	0	0	0	0
5448	東京鋼鉄	0	0	0	0	0
5449	大阪製鉄	405	410	403	407	26
5451	淀川鋼	290	298	285	292	349
5453	洋鋼鈑	393	395	381	385	137
5454	日鉄鋼板	220	220	208	212	56
5457	住友鋼管	384	388	375	375	89
5458	高砂鉄	122	122	122	122	3
5461	中部鋼	149	149	146	146	13
5462	日鉄鋼管	117	117	117	117	2
5463	丸一管	1290	1310	1290	1309	105
5464	モリ工	250	250	241	241	34
5471	大同特鋼	239	241	235	241	960
5476	高周波	79	80	75	78	93
5479	日金工	94	95	88	88	720
5480	冶金工	76	76	72	73	496
5481	山陽鋼	145	148	145	148	262
5482	愛知鋼	319	319	310	310	76
5484	東北鋼	390	390	390	390	10
5486	日立金	970	988	960	968	1297
5491	日金属	120	122	115	118	153
5541	大平金	309	309	293	297	3343
5542	報国鉄	0	0	0	0	0
5562	日本重化学	137	137	130	131	272
5563	日本電工	180	182	173	178	970
5566	中央電	218	218	206	206	11
5602	栗本鉄	260	261	248	254	220
5603	虹技	130	132	128	128	50
5605	自動鋳	70	70	70	70	6
5606	旭テック	165	166	160	166	196
5607	中可鍛	250	250	250	250	2
5608	川口金	248	248	236	242	10
5609	日鋳造	96	96	91	92	28
5610	大和重	0	0	0	0	0
5612	鋳鉄管	227	229	220	220	34
5613	日本カタン	0	0	0	0	0
5631	日製鋼	122	123	118	121	774
5632	菱製鋼	76	77	72	74	769
5633	関東特殊製鋼	78	79	75	75	45
5641	ＴＤＦ	195	195	190	195	5
5642	日本鍛工	52	52	52	52	1
5644	メタルアート	100	100	100	100	8
5645	イチタン	0	0	0	0	0
5657	鈴木金	155	160	155	160	5
5658	日亜鋼	413	414	410	412	24
5659	日精線	238	238	229	229	15
5660	神鋼線	81	83	81	83	16
5691	東京シヤリング	79	79	79	79	3
5694	大和綱帯	0	0	0	0	0
5695	パウダテック	337	340	336	336	6
5696	川鉄鋼板	105	108	105	108	5
5697	サンユウ	0	0	0	0	0
5701	日軽金	90	91	86	88	1270
5702	大紀ア	225	225	210	215	282
5706	三井金	739	739	707	710	1523
5707	東邦鉛	200	201	195	197	836
5711	三菱マ	442	446	420	431	17739
5713	住友鉱	501	504	480	482	2268
5714	同和鉱	354	362	333	337	1371
5715	古河機金	232	233	221	227	1309
5716	日鉱金属	615	616	580	582	2159
5721	Ｓサイエンス	928	934	884	925	682
5727	邦チタ	440	440	428	428	2
5728	アライドマテリアル	999	1010	980	999	29
5729	日精鉱	271	280	265	275	51
5734	昭和アルミ	177	180	171	179	386
5738	住軽金	85	85	83	85	325
5739	日製箔	160	165	160	160	16
5740	九州不二サッシ	0	0	0	0	0
5753	日伸銅	65	68	65	68	42
5756	東海アルミ箔	49	50	49	50	28
5757	サンエツ	0	0	0	0	0
5771	菱伸銅	415	439	402	439	1011
5781	東邦金	179	179	177	178	16
5801	古河電	1772	1799	1742	1795	1941
5802	住友電	1749	1750	1701	1705	1955
5803	フジクラ	615	636	610	615	4828
5804	菱線工	272	276	260	263	617
5805	昭電線	175	176	169	172	1879
5807	東特線	340	342	331	331	49
5808	理研線	215	218	215	218	6
5809	タツタ	179	181	179	179	81
5810	第一電工	93	94	91	91	61
5811	トヨ電線	0	0	0	0	0
5812	日立線	966	969	910	935	782
5813	花島電線	0	0	0	0	0
5815	沖電線	251	251	245	251	21
5816	オーナンバ	0	0	0	0	0
5817	日電線	351	351	350	350	7
5818	東日京三電線	286	290	286	290	6
5819	カナレ電気	1490	1490	1490	1490	1.9
5820	三ッ星	0	0	0	0	0
5851	リョービ	174	178	172	173	569
5852	アーレスティ	272	272	272	272	2
5853	京都ダイカスト	151	152	146	146	11
5854	東京理化工	120	120	110	110	62
5855	アサヒプリテ	1760000	1760000	1740000	1750000	0.017
5900	ダイケン	415	425	415	425	4
5901	洋カン	1955	1988	1930	1970	281
5902	北カン	250	251	241	245	126
5903	シンポ	605	605	600	600	8
5904	アルコアシステム	500	500	500	500	2
5905	日カン	180	180	180	180	1
5906	エムケー精工	0	0	0	0	0
5907	ＪＦＥコンテ	0	0	0	0	0
5908	日鉄ドラム	0	0	0	0	0
5909	コロナ	0	0	0	0	0
5910	立山アルミ	0	0	0	0	0
5911	横河ブ	450	452	426	430	314
5912	日本橋	173	180	166	166	40
5913	松尾橋	222	222	211	211	14
5914	宮地鐵工所	188	191	188	189	43
5915	駒井鉄	355	355	339	340	52
5916	ハルテック	245	256	245	248	46
5917	サクラダ	145	150	129	140	248
5918	滝上工	381	381	381	381	2
5919	日鉄塔	365	365	365	365	3
5920	鈴木シャ	220	220	220	220	1
5921	川岸工	262	267	262	266	14
5922	那須鉄	175	175	175	175	1
5923	高田機	499	499	480	485	39
5924	新日軽	75	76	75	75	21
5925	酒井鉄工所	0	0	0	0	0
5926	安治川鉄工	107	107	107	107	4
5927	ホリー	119	119	115	115	11
5928	アルメタクス	221	221	221	221	1
5929	三和シャタ	340	343	326	335	386
5930	文化シヤタ	235	243	232	242	458
5931	川田工	224	224	217	224	63
5932	三協アルミ	92	92	91	91	185
5933	アルインコ	230	230	220	222	33
5934	日本ア	58	60	56	56	5
5935	元旦	0	0	0	0	0
5936	洋シヤタ	107	110	106	108	186
5937	洋エクス	825	825	816	822	21
5938	住生活Ｇ	1805	1806	1770	1794	119
5939	大谷工業	0	0	0	0	0
5940	不二サッシ	125	125	123	125	12.4
5941	中西製	690	700	690	700	2
5942	フイルコン	316	316	316	316	1
5943	ノーリツ	1401	1440	1401	1431	71
5944	日立粉末	914	914	880	883	39
5945	天竜製鋸	0	0	0	0	0
5946	長府製	1400	1400	1390	1393	25.7
5947	リンナイ	2375	2400	2265	2365	117.8
5949	ユニプレス	196	196	190	190	5
5950	パワーファス	0	0	0	0	0
5951	ダイニチ工業	266	268	261	261	17.5
5952	アマテイ	0	0	0	0	0
5954	トープラ	168	175	165	175	15
5955	ヤマシナ	340	340	305	320	452
5956	トーソー	305	305	305	305	1
5957	日東精	225	225	215	215	30
5958	三洋工	499	500	480	489	220
5959	岡部	332	337	330	330	14
5961	トーカロ	585	585	585	585	1
5962	浅香工	0	0	0	0	0
5963	日立ツール	530	548	525	530	69.5
5964	洋刃物	122	122	115	115	7
5965	フジマック	480	480	480	480	2
5966	ＫＴＣ	0	0	0	0	0
5967	前田金	115	118	115	118	3
5969	ロブテックス	112	135	112	135	5
5970	菊池プレス	450	450	446	446	3
5971	共和工業	210	210	210	210	2
5972	日本建鐵	301	302	292	292	17
5973	トーアミ	530	540	530	530	4
5974	中国工	186	198	183	188	261
5975	東プレ	350	351	343	343	44
5976	ネツレン	340	342	331	332	42
5977	コマツ電子	1171	1180	1160	1160	29
5979	カネソウ	0	0	0	0	0
5980	田中亜鉛	0	0	0	0	0
5981	東京綱	137	144	133	141	1745
5982	マルゼン	389	390	380	380	24
5983	イワブチ	0	0	0	0	0
5984	兼房	470	470	470	470	3
5985	サンコール	406	410	405	406	53
5986	モリテック	230	230	230	230	4
5987	オーネックス	255	270	255	270	2
5988	パイオラクス	648	648	630	648	12
5989	ヒラタ	0	0	0	0	0
5990	スーパツール	122	140	122	135	54
5991	ニッパツ	460	464	440	440	371
5992	中央発條	413	415	405	405	31
5993	知多鋼	0	0	0	0	0
5994	ファインＳ	385	405	385	405	11
5995	科学冶金	500	500	500	500	3
5996	新立川	865	865	865	865	0.4
5997	協立エアテク	0	0	0	0	0
5998	アドバネクス	302	302	287	287	25
5999	イハラサイエ	279	279	266	266	13
6005	三浦工	1340	1340	1299	1320	40
6011	新潟鉄工所	86	87	83	85	901
6013	タクマ	980	980	939	957	230
6016	神発動	130	130	130	130	1
6018	阪神燃	80	80	80	80	2
6020	神鋼造機	0	0	0	0	0
6021	ロビン	224	224	224	224	11
6022	赤阪鉄	97	97	97	97	1
6023	ダイハツデ	136	137	136	136	3
6041	ボッシュ	157	158	148	148	385
6042	ニッキ	140	140	140	140	1
6101	ツガミ	581	599	560	580	1490
6102	池貝	172	174	167	170	152
6103	オークマ	430	440	421	426	419
6104	東芝機	267	267	260	264	415
6106	日立精機	179	181	178	178	129
6107	アマダマシ	310	315	300	314	393
6111	旭精機	200	200	200	200	6
6112	小島鉄	0	0	0	0	0
6113	アマダ	970	970	915	930	674
6114	住倉工業	275	295	275	290	185
6118	アイダ	421	424	418	419	50
6119	ゼィープラス	330	330	330	330	1
6121	滝澤鉄	89	89	86	86	7
6125	岡本工	133	140	126	130	57
6126	大ダイヤ	238	238	210	210	29
6130	日平トヤマ	183	185	182	184	9
6131	浜井産	151	151	150	150	11
6134	富機製	5390	5390	5300	5350	44.4
6135	牧野フ	1041	1059	1016	1035	384
6136	ＯＳＧ	490	500	490	490	42
6137	小池工	147	149	145	146	35
6138	ダイジェト	155	158	151	154	16
6139	東芝タンガロイ	574	580	558	561	191
6140	旭ダイヤ	630	630	620	625	125
6141	森精機	1540	1552	1536	1550	62
6142	富士精	0	0	0	0	0
6143	ソディック	895	895	864	884	98
6144	西部電機	245	245	245	245	1
6145	日特エンジ	1710	1760	1580	1580	126
6146	ディスコ	17450	17450	16500	16500	80.3
6147	ヤマザキ	0	0	0	0	0
6148	UHT	2820	2820	2760	2770	9
6149	小田原エンジ	601	620	600	620	6
6150	タケダ機械	0	0	0	0	0
6151	日東工器	2870	2870	2800	2850	10.3
6201	豊田織	2310	2310	2200	2225	164
6203	豊和工	152	152	145	148	92
6204	キリウ	184	184	180	180	11
6205	ＯＫＫ	138	139	132	132	49
6206	豊田工	1030	1040	1020	1040	140
6208	石川製	130	130	125	125	70
6210	東洋機械	530	530	530	530	4
6211	倉敷機	0	0	0	0	0
6212	帝人製機	243	243	225	238	77
6213	ＯＭ製	151	151	148	148	27
6214	大隈豊和機械	235	239	234	235	35
6216	寿工業	0	0	0	0	0
6217	津田駒	150	150	146	149	26
6218	エンシュウ	165	165	159	160	26
6221	大東製機	285	285	270	270	11
6222	島精機	2835	2835	2730	2835	20.6
6242	スピンドル	214	215	203	206	325
6245	ヒラノテク	0	0	0	0	0
6246	井上金	0	0	0	0	0
6247	日阪製	534	534	500	514	62
6271	ニッセイ	0	0	0	0	0
6272	レオン	400	400	393	397	13
6273	ＳＭＣ	19100	19300	18050	18400	162.9
6274	新川	5330	5330	5160	5210	89.6
6275	イセキ開発工	105	110	105	110	6
6276	ナビタス	900	900	875	880	12
6277	ホソミクロン	690	697	688	693	35
6278	ユニオンツル	10990	11000	10010	10970	28.9
6279	瑞光	1399	1399	1390	1390	1.1
6280	名機製	1351	1360	1351	1360	3
6281	前田製作	0	0	0	0	0
6282	オイレス	1950	1950	1920	1945	25.6
6283	オリイメック	351	380	351	380	32
6284	ＡＳＢ機械	485	485	482	485	13
6286	静甲	0	0	0	0	0
6287	サトー	2800	2820	2765	2770	77.4
6288	ハマダ印刷機	224	224	220	220	2
6289	技研製	325	325	324	324	3
6290	ＳＥＳ	1690	1700	1670	1690	23
6291	エアーテック	830	830	800	800	7
6292	カワタ	850	850	850	850	3
6293	日精樹脂	1267	1267	1250	1250	10
6294	オカアイヨン	199	199	199	199	2
6295	富士変速	277	277	277	277	0.1
6296	ロキテクノ	1090	1120	1090	1120	2
6297	鉱研工業	300	300	295	300	8.8
6298	ワイエイシイ	1850	1850	1840	1850	9
6299	神鋼環境Ｓ	300	305	300	305	11
6300	アピクヤマダ	1019	1020	981	981	12
6301	コマツ	668	668	650	660	2570
6302	住友機	350	353	338	348	9443
6303	ササクラ	0	0	0	0	0
6304	マキ製作所	0	0	0	0	0
6305	日立建機	511	514	495	499	94
6306	日工	250	255	239	242	28
6307	サンセイ	96	97	95	95	6
6309	巴工業	800	800	760	760	11
6310	井関農	95	96	94	96	195
6311	セイレイ工業	254	254	250	250	11
6312	フロイント	610	610	610	610	1
6313	共立	168	168	165	165	62
6314	石井工研	940	940	940	940	3
6315	ＴＯＷＡ	4520	4640	4510	4510	61.1
6316	丸山製	168	174	161	165	177
6317	北川鉄	157	159	151	159	111
6319	シンニッタン	239	244	230	235	117
6320	新ダイワ	0	0	0	0	0
6321	石搬機	355	355	354	354	10
6322	タクミナ	0	0	0	0	0
6323	ローツェ	4010	4150	4010	4150	7
6324	ハーモニック	2750000	2800000	2650000	2650000	0.01
6325	タカキタ	0	0	0	0	0
6326	クボタ	438	440	422	435	2375
6327	北川精機	0	0	0	0	0
6328	荏原実業	1320	1320	1320	1320	2
6329	ＨＥＣ	555	555	550	555	7
6330	東洋エンジ	107	107	105	105	88
6331	化工機	254	255	240	240	512
6332	月島機	649	649	645	645	23
6333	帝国電	600	600	600	600	1
6334	明治機	405	407	390	404	211
6335	東京機	427	430	420	429	285
6336	石井表記	3050	3050	3050	3050	1.2
6337	テセック	6980	6980	6950	6980	5
6338	タカトリ	1200	1240	1180	1240	23
6339	新東工	261	269	261	269	50
6340	渋谷工	850	872	842	860	29
6341	日立造船富岡	165	165	165	165	6
6342	太平製	95	95	95	95	5
6343	フリージア	73	77	73	74	43
6345	アイチコーポ	165	165	162	164	85.6
6346	菊川鉄	0	0	0	0	0
6347	プラコー	110	110	110	110	1
6348	日本マリンテクノ	0	0	0	0	0
6349	小森	1880	1880	1799	1824	153
6350	新日本造機	134	134	134	134	1
6351	鶴見製	527	531	525	525	36
6352	トヨコケン	0	0	0	0	0
6354	日立機電	410	410	405	408	21
6355	住友精	425	428	401	405	283
6356	日ギア	0	0	0	0	0
6357	三精輸	335	338	330	330	13
6358	酒井重	240	260	240	251	347
6359	粟村製作所	0	0	0	0	0
6360	東自機	395	395	380	390	6
6361	荏原	1415	1430	1352	1361	713
6362	石井鉄	200	200	195	200	13
6363	酉島	540	540	521	522	36
6364	北越工	0	0	0	0	0
6365	電業社	4940	4940	4940	4940	0.6
6366	千代建	109	110	107	107	393
6367	ダイキン	2480	2480	2380	2400	749
6368	オルガノ	485	500	480	499	678
6369	トヨカネツ	108	111	107	110	312
6370	栗田工	2260	2340	2255	2300	181
6371	椿本チ	492	492	472	483	288
6372	セイサ	83	85	81	85	6
6373	大同工	250	255	247	255	34
6374	ＴＣＭ	280	285	275	285	269
6375	コンベヤ	120	122	117	119	212
6376	日機装	636	636	618	623	104
6377	甲陽建設	300	300	286	286	48
6378	木村化	160	160	159	159	16
6379	新興プラン	101	104	101	103	51
6380	オリチェン	115	115	110	110	8
6381	アネスト岩田	170	175	170	174	107
6382	トリニ工	0	0	0	0	0
6383	ダイフク	1040	1040	1000	1039	697
6386	扶桑レクセ	1350	1355	1313	1355	40
6388	ミサワバン	260	260	254	260	3
6389	内田油圧	66	69	66	66	7
6390	加藤製	165	165	158	160	24
6391	加地テック	166	166	165	165	2
6392	ヤマダコーポ	143	144	143	144	7
6393	油研工	130	130	125	125	22
6394	大江工業	145	155	140	155	9
6395	タダノ	188	191	187	190	186
6396	宇野鉄	0	0	0	0	0
6397	郷鉄工	120	120	120	120	1
6398	日本電産シンポ	930	930	920	920	10
6403	水道機	322	322	322	322	3
6406	フジテック	949	952	926	937	87
6407	シーケーディ	830	830	781	795	208
6408	クラッチ	970	1000	970	1000	6
6409	キトー	295	295	290	295	16
6411	中野冷	0	0	0	0	0
6412	平和	2230	2250	2165	2200	83.8
6413	理想科学	2580	2600	2560	2600	5.5
6414	川重冷熱	0	0	0	0	0
6415	ニスカ	830	880	830	880	2
6416	桂川電機	330	330	320	320	6
6417	ＳＡＮＫＹＯ	4150	4180	4070	4080	110.1
6418	日金銭	1750	1751	1750	1751	8
6419	マース	2700	2730	2600	2600	8.4
6420	福島工業	585	590	585	590	7
6421	キヤノンＦ	1223	1300	1220	1290	449
6422	キヤノン化成	1260	1260	1160	1190	67
6423	アビリット	7000	7050	6940	6990	52.3
6424	高見サイ	0	0	0	0	0
6425	アルゼ	8000	8450	8000	8450	246.5
6426	サミー	3870	3880	3830	3850	7
6427	東北リコー	940	940	915	925	11
6431	キャノンＮＴＣ	391	396	355	371	74
6436	アマノ	1004	1019	981	1019	200
6437	三条機	148	148	140	140	2
6439	中日鋳	144	160	144	160	27
6440	ＪＵＫＩ	393	393	368	388	2552
6442	コピア	385	390	385	386	33
6443	東洋製	141	143	141	143	6
6444	サンデン	736	745	705	715	798
6445	蛇の目	114	114	106	109	302
6448	ブラザー	271	275	271	272	228
6453	シルバ精	218	220	216	216	197
6454	マックス	1179	1179	1110	1149	36
6455	モリタ	291	291	285	290	16
6457	グローリー	1900	1900	1870	1870	15
6458	新晃工	204	213	200	213	87
6459	大和冷	355	355	347	350	63
6461	日ピス	120	121	115	118	490
6462	リケン	250	253	249	252	125
6463	ＴＰＲ	313	315	313	315	6
6466	トウアバルブ	112000	112000	112000	112000	0.003
6467	ニチダイ	520	523	510	520	16
6468	駿河精機	2800	2800	2750	2750	4
6469	放電精密	652	652	652	652	1
6470	大豊工業	840	840	835	835	3
6471	日精工	830	831	812	817	1475
6472	ＮＴＮ	414	423	410	417	4703
6473	光洋精	835	839	801	801	374
6474	不二越	200	202	195	199	313
6475	天辻	0	0	0	0	0
6476	富士テクニカ	404	404	401	401	9
6477	ツバキ・ナカ	1370	1380	1358	1360	5
6478	ダイベア	0	0	0	0	0
6479	ミネベア	1274	1280	1255	1267	1144
6480	トムソン	1436	1436	1370	1370	222
6481	ＴＨＫ	4950	4950	4840	4890	257.1
6482	ユーシン精機	7850	8100	7850	8000	12.5
6483	川重防災	436	436	436	436	1
6484	ＫＶＫ	275	275	275	275	14
6485	前沢給装	652	660	650	655	13
6486	イーグル工	341	341	335	335	10
6487	積水工機	248	248	248	248	1
6488	ヨシタケ	285	295	285	285	4
6489	前沢工業	955	955	941	945	29.6
6490	ピラー	949	949	911	920	55
6492	岡野バ	142	155	142	155	12
6493	日鍛バ	210	210	207	207	7
6494	ファネス	361	435	361	435	74
6495	宮入バ	94	94	94	94	3
6496	中北製	190	190	190	190	4
6497	ハマイ	580	590	580	590	3
6498	キッツ	233	235	225	235	1495
6499	大隈エンジニア	0	0	0	0	0
6501	日立	1380	1380	1348	1350	3093
6502	東芝	1139	1139	1112	1120	3672
6503	三菱電	1170	1173	1150	1166	5398
6504	富士電機ＨＤ	434	442	426	431	4650
6505	東洋電	167	172	164	164	49
6506	安川電	1165	1183	1045	1155	3243
6507	神鋼電	200	202	187	190	1002
6508	明電舎	211	215	210	215	375
6513	オリジン	1010	1010	991	1010	50
6516	山洋電	393	398	390	398	63
6517	デンヨー	724	724	714	716	4
6518	三相電機	0	0	0	0	0
6581	日立工	364	375	355	358	191
6584	三桜工	615	635	606	630	96
6585	サーボ	276	276	276	276	5
6586	マキタ	1018	1020	1005	1012	289
6587	松下精工	458	458	441	445	38
6588	東芝テック	420	432	417	428	379
6590	芝浦	1110	1110	1072	1090	130
6591	西芝電	182	182	166	166	25
6592	マブチ	13580	13650	12980	13300	180.1
6593	ローヤル電	0	0	0	0	0
6594	日電産	8670	9000	8440	8950	181.9
6621	高岳	184	184	178	180	81
6622	ダイヘン	215	217	210	215	186
6623	愛電機	208	208	208	208	1
6624	田淵電	253	258	253	253	10
6641	日新電	341	342	326	330	428
6643	戸上電	189	189	179	179	29
6644	大崎電	529	530	520	521	28
6645	オムロン	2635	2635	2520	2575	1303
6646	エナジーサポ	360	370	349	355	44
6647	森尾電	156	160	156	160	13
6648	かわでん	105	114	95	110	2655
6650	春日電	154	170	154	160	37
6651	日東工	703	703	680	685	43
6652	和泉電	1563	1587	1563	1581	34
6654	不二電機	684	685	675	685	13
6655	東洋電機	0	0	0	0	0
6701	ＮＥＣ	3010	3020	2980	2990	3707
6702	富士通	3360	3360	3260	3290	3990
6703	沖電気	830	833	811	816	1051
6704	岩崎通	288	293	287	293	357
6705	ＮＥＣインフ	530	537	526	532	41
6706	電気興	1045	1050	1010	1034	95
6707	サンケン	721	730	715	730	300
6708	東洋通	1680	1691	1651	1656	110
6709	明星電	0	0	0	0	0
6710	大興電機製作	211	219	211	216	44
6711	高見澤電機	215	215	215	215	16
6712	田村電機製作	300	302	292	292	36
6714	神田通信工業	251	253	251	252	12
6715	ナカヨ通	282	295	282	295	5
6716	中央無	302	302	301	301	2
6717	富士通アクセ	2180	2195	2170	2195	16.5
6718	アイホン	1418	1418	1390	1410	8.5
6741	信号	480	490	480	485	150
6742	京三	249	250	246	247	56
6743	大同信	203	203	203	203	4
6744	能美防災	345	345	344	344	39
6745	ホーチキ	324	324	302	302	18
6747	小糸工	305	310	304	307	58
6748	星和電	435	435	412	412	6
6749	マスプロ	1220	1220	1202	1202	3.1
6751	日無線	891	915	890	900	434
6752	松下	2675	2675	2630	2640	2162
6753	シャープ	1887	1897	1837	1847	2204
6754	アンリツ	1620	1620	1550	1563	639
6755	富士通ゼ	758	758	717	740	120
6756	日立国際	1355	1355	1336	1346	96
6758	ソニー	10050	10070	9780	9850	3575.7
6759	ＮＥＣトーキ	1002	1010	980	1000	152
6761	アイワ	1686	1699	1660	1680	46.6
6762	ＴＤＫ	14280	14290	13710	14150	296
6763	帝通工	414	423	395	400	484
6764	三洋電	933	945	921	944	10412
6765	ケンウッド	525	529	511	515	871
6766	宮越商	55	60	55	60	73
6767	ミツミ	3830	3880	3710	3880	427
6768	タムラ	547	550	520	539	569
6770	アルプス	2055	2055	1985	1985	1344
6771	池上通	381	385	380	380	50
6772	コスモス	162	169	162	169	26
6773	パイオニア	3800	3950	3750	3950	1467
6775	東和メクス	144	144	141	144	27
6776	天昇電	167	167	167	167	2
6779	日電波	5550	5550	5200	5380	113.3
6780	日立電子	575	576	574	574	14
6781	松下通信工業	13290	13580	12850	13340	507
6782	九州松下電器	1210	1210	1190	1205	85
6783	松下寿電子	2260	2300	2220	2220	101
6791	コロムビア	205	206	200	202	87
6792	ビクター	740	750	721	721	388
6793	山水電	23	24	22	22	2380
6794	フォスター	760	769	748	754	52
6796	クラリオン	435	439	424	425	2797
6798	ＳＭＫ	1049	1049	1000	1015	391
6799	日本マランツ	218	218	215	215	3
6800	ヨコオ	2710	2825	2710	2825	79
6801	東光	799	816	750	791	727
6802	赤井電機	27	28	26	27	8625
6803	ティアック	404	410	398	400	111
6804	ホシデン	4270	4280	4110	4250	102
6805	八木アン	681	685	680	685	7
6806	ヒロセ電	16800	17030	16410	16610	115.3
6807	航空電子	660	672	645	663	296
6808	シントム	101	105	95	104	6484
6809	ＴＯＡ	367	371	366	366	29
6810	マクセル	2855	2900	2810	2810	81
6811	クオンツ	860	860	830	830	20
6812	ジャルコ	530	530	530	530	6
6813	ナカミチ	112	118	112	112	155
6814	古野電	380	395	375	381	65
6815	ユニデン	803	810	792	797	223
6816	アルパイン	1550	1552	1544	1547	58
6817	スミダコーポ	5320	5320	5200	5260	21.6
6818	島田理	1200	1220	1170	1170	42
6819	オメガ・プロ	1030	1070	1000	1010	128
6820	アイコム	1850	1870	1800	1800	10
6821	バーテクスＳ	1070	1070	1070	1070	2
6822	大井電気	410	410	409	409	6
6823	リオン	820	820	810	810	8
6824	新コスモス	440	440	425	435	47
6825	パトライト	2050	2050	1950	1950	58
6826	本多通信	4500	4500	4300	4300	6
6827	東北パイオ	6900	6900	6560	6560	19
6837	京写	1480	1530	1480	1490	16
6838	多摩川電	1880	1890	1880	1890	2
6839	船井電	15550	15600	14500	15340	28.4
6840	アドテック	1230	1780	1220	1780	316
6841	横河電	913	913	890	908	450
6842	ユニパルス	0	0	0	0	0
6843	東光精機	0	0	0	0	0
6844	新電元	580	585	571	578	93
6845	山武	1090	1102	1080	1102	74
6846	中央製	0	0	0	0	0
6847	安藤電気	1900	1960	1870	1945	39
6848	東亜ＤＫＫ	360	375	360	360	14
6849	日本光電	323	323	317	317	27
6850	チノー	250	256	245	245	56
6851	大倉電気	216	217	216	216	4
6852	テクノセブン	173	175	165	165	14
6853	共和電	305	305	301	301	9
6855	電子材料	2150	2160	2150	2150	34
6856	堀場製	1180	1200	1180	1190	43
6857	アドバンテスト	22950	23180	22210	22500	208.4
6858	小野測器	223	240	223	240	30
6859	エスペック	895	922	895	911	202
6860	サンクス	1070	1070	1050	1050	2
6861	キーエンス	35900	36200	34300	34950	65.5
6862	ミナトエレ	221	221	220	220	5
6863	ニレコ	0	0	0	0	0
6864	ＮＦ回路	0	0	0	0	0
6866	ＨＩＯＫＩ	810	810	810	810	5
6867	リーダー電子	0	0	0	0	0
6868	東カソード	1310	1340	1300	1300	7.3
6869	シスメックス	3260	3430	3260	3280	57.5
6870	フェンオール	606	606	606	606	1
6871	日本マイクロ	2320	2320	2200	2270	11.9
6872	日本コーリン	8800	8800	8650	8800	3.7
6873	日立電子Ｅ	900	900	862	862	11
6874	協立電機	3580	3600	3580	3580	9
6875	メガチップス	6600	6600	5600	5900	23
6876	光波	2850	2920	2800	2890	23
6877	ＯＢＡＲＡ	700	700	700	700	6
6878	長野日無	585	585	549	565	21
6879	フォトロン	0	0	0	0	0
6880	シンワ	990	990	960	965	3.5
6881	キョウデン	0	0	0	0	0
6882	三社電機	680	680	665	665	8
6883	電産コ電	1200	1200	1190	1190	6
6884	デジタル	2790	2790	2780	2790	9
6885	ミヤチテクノ	1690	1730	1600	1630	23.9
6886	グラフィック	0	0	0	0	0
6887	日本ＬＳＩカード	412000	416000	410000	410000	0.003
6888	アクモス	500000	520000	500000	510000	0.012
6889	オーデリック	505	510	505	510	3
6890	フェローテク	1380	1380	1310	1310	5
6891	イーター電機	900	900	860	860	3
6892	シチズン電子	11500	12100	11300	12000	23.2
6893	タイテック	790	790	760	765	26
6894	パルステック	1810	1850	1810	1821	5
6895	ダイヤ電機	795	795	740	740	21
6896	北川工業	1311	1316	1290	1310	21.2
6897	ツインバード	241	250	241	250	5
6898	トミタ電機	0	0	0	0	0
6899	ＡＳＴＩ	0	0	0	0	0
6900	東京電波	7840	7910	7740	7900	9
6901	沢藤電	307	317	307	315	17
6902	デンソー	2445	2445	2405	2425	573
6904	原田工業	370	370	370	370	2
6905	コーセル	3900	3900	3760	3900	9.5
6906	キヤ･コンポ	300	300	300	300	8
6907	ジオマテック	1630	1670	1580	1580	16.7
6908	イリソ電子	0	0	0	0	0
6909	北部通信工業	405	405	400	400	3
6910	日立メディコ	1233	1233	1227	1233	33
6911	新日無	952	960	941	941	15
6912	菊水電子	455	455	422	422	7
6913	メルコ	3900	3980	3780	3980	38.4
6914	オプテックス	1070	1100	1070	1100	11
6915	千代田インテ	1430	1450	1400	1430	15
6916	アイオデータ	2740	2740	2650	2720	10.6
6917	デンセラムダ	2415	2450	2350	2385	77.9
6918	アバール	1150	1150	1120	1120	7
6919	ケル	700	700	680	680	2
6920	レーザーテク	2500	2500	2500	2500	1
6921	東光電	318	320	318	320	2
6922	昭和情報	480	480	480	480	3
6923	スタンレー	1114	1160	1105	1145	2082
6924	岩崎電	272	274	260	268	284
6925	ウシオ電	2460	2510	2435	2450	149
6926	岡谷電	255	255	255	255	8
6928	エノモト	1270	1270	1230	1270	14
6929	日セラ	2070	2070	1985	2020	107
6930	日本アンテナ	1200	1200	1200	1200	3
6931	日本電池	404	404	394	400	128
6932	ユアサコーポ	330	330	330	330	1
6933	ＹＵＡＳＡ	260	264	251	259	355
6934	新神戸	640	710	630	685	158
6935	日デジタル	1640	1660	1635	1646	95.3
6936	東洋高砂乾	138	138	138	138	3
6937	古河池	290	290	270	288	4
6938	双信電機	860	870	820	840	20
6939	ＵＭＣＪ	1540000	1650000	1540000	1600000	0.629
6940	多摩電気	0	0	0	0	0
6941	山一電機	3450	3510	3400	3510	33
6942	ソフィア	270	270	266	266	4
6943	開閉器	620	620	620	620	1
6944	アイレックス	248	270	248	270	10
6945	ＦＴＥＣ	608	608	600	600	3
6946	日本アビオ	275	280	275	280	11
6947	図研	2690	2715	2615	2665	129.3
6948	住友電装	860	880	860	880	5
6949	キンセキ	1920	1920	1835	1888	151
6950	ＹＥデータ	565	565	565	565	2
6951	日電子	500	500	492	497	140
6952	カシオ	1040	1045	1025	1038	454
6953	日ＮＣＲ	365	380	365	380	26
6954	ファナック	10440	10440	10100	10100	491.5
6955	ＦＤＫ	880	890	861	865	26
6956	神明電	1480	1580	1480	1550	17
6957	芝浦電子	305	305	303	303	1.8
6958	日本ＣＭＫ	1530	1640	1530	1610	450
6960	フクダ電	2000	2000	1990	2000	8
6961	エンプラス	6200	6200	5980	6100	33.1
6962	大真空	802	809	780	795	232
6963	ローム	32950	32950	30500	32400	350
6964	サンコー	2060	2100	2055	2055	9
6965	ホトニクス	6450	6600	6450	6590	73.8
6966	三井ハイテク	2050	2085	2005	2010	48.5
6967	新光電工	4400	4400	4260	4330	45.2
6968	グラフテック	212	212	206	206	13
6969	松尾電	743	744	715	715	17
6970	日本コンラックス	590	602	580	591	256
6971	京セラ	17500	17720	17200	17600	781.9
6972	エルナー	538	550	525	525	119
6973	協栄産	369	369	356	365	13
6974	日本インター	326	326	311	311	14
6975	ＮＥＯＭＡＸ	1350	1401	1350	1390	592
6976	太陽電	7340	7440	6930	7160	649
6977	抵抗器	249	255	245	250	30
6980	日立ＡＩＣ	1449	1450	1381	1420	190
6981	村田製	17200	17360	16700	17000	738
6982	リード	0	0	0	0	0
6984	朝日ナショナ	0	0	0	0	0
6985	ユーシン	520	520	499	500	22
6986	双葉電	4030	4060	4000	4040	38.3
6988	日東電	4440	4440	4290	4370	367
6989	北電工	253	254	240	246	89
6991	松電工	1259	1260	1225	1227	690
6992	国産電	231	235	230	230	13
6993	森電機	180	180	172	176	48
6994	指月電	253	255	253	255	8
6995	東海理	990	990	972	982	60
6996	ニチコン	2815	2855	2790	2815	119
6997	日ケミコン	542	545	524	527	1014
6998	タングス	315	315	301	301	15
6999	ＫＯＡ	3390	3390	3250	3300	275
7003	三井造	97	99	90	94	7000
7004	日立造	100	100	95	96	4820
7007	佐世保	78	82	78	82	652
7011	三菱重	455	456	438	446	11839
7012	川重	152	153	147	150	4041
7013	石川島	205	205	199	200	6939
7014	名村造	135	145	133	140	188
7018	内海造	0	0	0	0	0
7020	サノヤス	210	211	205	205	27
7021	ニッチツ	135	135	135	135	4
7052	信貴造船所	0	0	0	0	0
7102	日車両	217	220	215	218	259
7104	富士車輌	98	99	96	99	47
7105	ニチユ	180	184	177	184	26
7122	近畿車	159	161	150	150	95
7123	東急車輌製造	98	102	92	100	641
7124	輸送機工業	330	330	330	330	3
7142	ナブコ	160	160	155	157	32
7201	日産自	527	547	517	547	7207
7202	いすゞ	234	234	226	228	662
7203	トヨタ	4800	4830	4550	4570	4945
7204	小松ゼノア	264	264	254	254	42
7205	日野自	314	318	310	311	340
7207	日野車体	84	86	84	86	7
7210	日産ディ	78	80	78	78	209
7211	三菱自	400	402	391	394	493
7212	エフテック	520	520	520	520	4
7219	ＨＫＳ	0	0	0	0	0
7220	武蔵精密	1070	1080	1070	1080	9
7221	トヨ車	1080	1080	1050	1069	21
7222	産車体	168	168	162	164	73
7223	関東自	649	649	645	647	14
7224	新明和	194	194	188	188	111
7225	小松フォーク	184	185	175	176	117
7226	極東開発	561	563	548	557	23.2
7227	アスカ	0	0	0	0	0
7228	デイトナ	500	500	500	500	5
7229	ユタカ技研	0	0	0	0	0
7230	日信工業	1851	1851	1851	1851	1
7231	トピー	185	188	182	188	931
7232	トキコ	234	247	233	247	2343
7233	自部品	79	80	79	79	17
7234	橋本フォーミング	70	70	68	68	17
7235	東ラヂ	108	108	108	108	1
7236	ティラド	454	454	431	446	1149
7237	ボッシュブレーキ	155	155	155	155	6
7238	ブレーキ	244	245	225	230	47
7239	タチエス	431	431	431	431	1
7240	ＮＯＫ	580	590	565	567	310
7241	フタバ	1381	1386	1321	1341	65
7242	カヤバ	218	219	208	210	327
7243	シロキ	224	234	223	223	98
7244	市光工	220	224	217	220	73
7245	大同メ	423	424	411	420	61
7246	プレス工	88	91	80	83	1093
7247	ミクニ	154	154	141	141	8
7248	カルソニック	251	255	245	255	248
7249	尾張精	0	0	0	0	0
7250	太平洋工	286	288	285	287	51
7251	ケーヒン	773	785	770	785	90
7252	富士機	0	0	0	0	0
7253	日本ガスケット	0	0	0	0	0
7254	フジユニ	0	0	0	0	0
7255	桜井製	0	0	0	0	0
7256	河西工	240	240	235	239	24
7257	自転車電機工	265	265	250	250	19
7258	栃木富士産業	230	230	220	224	18
7259	アイシン	1390	1390	1356	1365	366
7260	富士機工	187	192	185	192	15
7261	マツダ	302	303	297	299	2926
7262	ダイハツ	671	675	663	672	209
7263	愛知機	245	245	230	245	249
7264	ＭＵＲＯ	650	650	650	650	1
7265	エイケン工業	0	0	0	0	0
7266	今仙電機	0	0	0	0	0
7267	ホンダ	3600	3640	3390	3450	2293
7268	タツミ	0	0	0	0	0
7269	スズキ	1330	1330	1302	1328	352
7270	富士重	758	765	735	745	1710
7271	安永	0	0	0	0	0
7272	ヤマハ発	935	941	900	911	418
7273	イクヨ	201	201	187	187	3
7274	ショーワ	560	563	550	550	80
7275	ユニシア	165	166	159	166	93
7276	小糸製	530	533	525	525	153
7277	ＴＢＫ	132	132	130	130	42
7278	エクセディ	820	820	810	810	7.3
7279	ケーブル	1078	1090	1078	1090	52
7280	ミツバ	489	489	475	475	34
7282	豊田合	7250	7300	7100	7250	97
7283	愛三工	900	900	850	870	43
7284	盟和産	250	252	250	251	10
7285	池田物産	119	120	119	120	10
7286	イズミ工業	100	100	100	100	6
7287	日精機	1430	1450	1410	1415	35
7288	テクノエイト	230	230	230	230	1
7289	マーレ テネックス	190	190	190	190	1
7290	日発精密工業	221	221	210	220	3
7291	日本プラスト	270	270	270	270	2
7292	村上開明	501	501	501	501	2
7293	大井製作所	0	0	0	0	0
7294	ヨロズ	320	330	315	330	69.9
7295	アイエス製機	305	305	305	305	1
7296	ＦＣＣ	1100	1100	1100	1100	2
7297	カーメイト	800	800	800	800	0.3
7298	八千代工	0	0	0	0	0
7299	フジオーゼ	0	0	0	0	0
7301	宮田	140	141	140	141	31
7305	新家工	125	125	125	125	6
7306	丸石自転車	315	320	311	311	16
7308	ツノダ	0	0	0	0	0
7309	シマノ	2570	2570	2420	2495	86.4
7399	ナンシン	285	290	285	285	8
7404	昭和飛	300	300	299	299	6
7407	日本飛行機	224	224	219	220	31
7408	ジャムコ	0	0	0	0	0
7410	横浜鋼業	0	0	0	0	0
7411	成和産業	0	0	0	0	0
7412	アトム	1441	1441	1440	1440	2
7413	創健社	0	0	0	0	0
7414	小野建	640	680	635	680	3
7415	新星堂	350	380	350	380	14
7416	はるやま	651	651	651	651	4
7418	ヤマキ	150	150	150	150	3
7419	ノジマ	1400	1400	1360	1380	3.2
7420	佐鳥電機	1151	1179	1150	1179	20
7421	カッパクリエ	2690	2690	2650	2650	2
7422	東邦レマック	520	520	520	520	4
7423	フォンテーヌ	1207	1230	1200	1215	4.1
7424	ニコニコ堂	0	0	0	0	0
7425	初穂商事	320	325	320	325	3
7426	山大	155	155	155	155	1
7427	エコーＴＤ	1950	1950	1928	1928	6
7428	江戸沢	810	810	810	810	0.5
7429	セイジョー	1730	1730	1730	1730	5.8
7430	サンワドー	459	459	459	459	0.3
7431	ニューフ	270	270	270	270	3
7432	ダルトン	0	0	0	0	0
7433	伯東	3740	3800	3650	3690	60.2
7434	オータケ	1590	1590	1570	1590	5
7435	ナ・デックス	435	435	435	435	1
7437	シーアンドエス	3750	3840	3570	3580	229.6
7438	コンドー	395	400	395	400	2
7439	サンミック千代田	176	176	176	176	2
7440	クラフト	755	820	755	770	69
7442	中山福	0	0	0	0	0
7443	横浜魚類	0	0	0	0	0
7444	ハリマ共和	0	0	0	0	0
7445	ライトオン	7590	7600	7100	7200	3.3
7446	東北化学	440	450	440	450	4
7447	ナガイレーベ	3300	3300	3300	3300	1.3
7448	ジンズメイト	2300	2320	2280	2320	7.8
7449	太洋興業	0	0	0	0	0
7450	サンデー	0	0	0	0	0
7451	菱食	4920	4950	4900	4920	31.8
7452	マツヤ	0	0	0	0	0
7453	良品計画	13000	13000	12020	12120	251.2
7454	ホットスパー	215	215	215	215	5
7455	三城	7440	7450	7300	7360	89.6
7456	松田産業	2230	2230	2180	2185	5
7457	セキテクノ	649	650	602	618	17
7458	第一興商	2060	2080	2030	2060	22.3
7459	メディセオＨＤ	975	980	955	966	384.2
7460	ヤギ	0	0	0	0	0
7461	キムラ	948	948	948	948	3
7462	ダイヤ通商	448	448	448	448	1
7463	アドヴァン	1195	1195	1170	1195	50.1
7464	セフテック	306	306	301	301	5
7465	ＭＶ北海道	1650	1650	1650	1650	1
7466	ＳＰＫ	1000	1000	995	1000	5.8
7467	萩原電気	0	0	0	0	0
7468	アムスク	1430	1430	1370	1420	11
7470	サロモンメイド	608	610	589	610	12
7471	ふじ	475	475	475	475	1
7472	鳥羽洋行	920	920	915	920	4
7473	静岡スバル	340	340	340	340	1
7474	パオ	0	0	0	0	0
7475	アルビス	445	450	440	450	11
7476	アズワン	1750	1800	1740	1800	12.5
7477	ムラキ	0	0	0	0	0
7478	ブルーグラス	616	616	616	616	2
7479	サンマルク	3750	3770	3750	3750	1.6
7480	スズデン	435	435	420	435	6
7481	尾家産	655	655	655	655	1
7482	シモジマ	975	980	975	980	2
7483	ドウシシャ	2220	2220	2200	2200	4
7485	岡谷鋼機	940	945	940	945	15
7486	サンリン	540	540	540	540	1
7487	小津産業	850	880	850	880	14.3
7488	ヤガミ	0	0	0	0	0
7490	日新商	315	315	315	315	3
7491	ＯＡシステム	970	1000	970	1000	9
7492	タイカン	360	360	360	360	1
7494	コナカ	758	758	731	731	4.1
7495	レオ	0	0	0	0	0
7496	八千代ムセン	1263	1263	1250	1250	4
7497	マインマート	729	729	700	715	8.2
7498	ジャパン	0	0	0	0	0
7500	西川計測	0	0	0	0	0
7501	ティムコ	1030	1030	1020	1030	1.7
7502	プラザクリエ	5680	5910	5680	5690	3.4
7503	ＩＭＩ	1700	1700	1660	1660	2
7504	高速	739	739	739	739	1
7505	扶桑電通	870	880	870	880	2
7506	ハウスローゼ	735	770	735	750	6.8
7507	浜 勝	0	0	0	0	0
7508	オートセブ	817	830	817	830	5
7509	アイエー	580	580	570	570	2
7510	竹菱電機	0	0	0	0	0
7511	ジプロ	0	0	0	0	0
7512	ポスフール	1304	1320	1304	1311	5.9
7513	コジマ	3000	3020	2855	2920	53.3
7514	ヒマラヤ	755	755	745	745	2
7515	マルヨシ	0	0	0	0	0
7516	コーナン	1320	1360	1320	1350	12.5
7517	黒田電気	3250	3300	3160	3300	5.8
7518	ネットワン	2250000	2350000	2210000	2350000	0.263
7519	五洋インテ	250	250	250	250	4
7520	エコス	930	940	930	940	4
7521	ムサシ	1100	1100	1100	1100	2
7522	ワタミ	6960	6960	6570	6610	14.5
7523	アールビバン	1530	1540	1510	1510	6.5
7524	マルシェ	1235	1235	1210	1230	5
7527	システムソフ	0	0	0	0	0
7528	安藤薬業公司	375	375	370	370	2
7529	はるやま	152	152	152	152	2
7530	ナブコドア	0	0	0	0	0
7531	清和鋼業	0	0	0	0	0
7532	ドンキホーテ	15390	15390	15000	15150	5.8
7535	グッドマン	3050	3050	3010	3040	3.3
7536	船橋薬品	799	799	799	799	0.1
7537	丸文	1570	1570	1505	1515	140
7538	大水	450	450	450	450	1
7539	アベルコ	320	325	320	325	8
7540	エルエスフェンス	200	200	200	200	1
7541	メガネトップ	2650	2700	2650	2700	2.4
7542	ビスケーＨＤ	0	0	0	0	0
7543	ミスタージョン	0	0	0	0	0
7544	スリーエフ	1460	1460	1460	1460	1
7545	西松屋チェ	2200	2200	2200	2200	7
7547	オートハローズ	295	300	290	290	5
7548	サンクスＪＰ	1130	1130	1130	1130	1
7549	エス・エス・ブイ	0	0	0	0	0
7550	ゼンショー	2380	2400	2350	2380	46
7551	ウェッズ	0	0	0	0	0
7552	ハピネット	2910	2930	2860	2895	22.2
7553	サザビー	5610	5640	5600	5640	7
7554	幸楽苑	1150	1150	1100	1100	2
7555	大田花き	450	450	450	450	1
7556	住商エレク	1550	1550	1550	1550	1
7557	サンクス	3590	3600	3440	3480	23.8
7558	トーメンエレ	4960	5200	4950	4950	11
7559	ジーエフシー	0	0	0	0	0
7560	ユニマット	1200	1200	1148	1150	17.1
7561	ハークスレイ	3200	3200	3000	3000	4
7562	安楽亭	914	914	898	898	18
7563	ニッパン	0	0	0	0	0
7564	ワークマン	0	0	0	0	0
7565	万世電機	547	547	547	547	5
7566	ジャパンケア	1620	1620	1510	1510	27
7567	栄電子	740	751	736	736	11
7568	クレックス	670	675	665	675	9
7569	モンテカルロ	0	0	0	0	0
7570	橋本総業	700	700	700	700	2
7571	ヤマノＨＣ	820	820	785	800	11
7573	ツルハ	5100	5100	4910	5000	12.7
7574	共信テクノ	1600	1600	1600	1600	3
7575	日本ライフＬ	1400	1400	1390	1390	6.1
7576	ベターライフ	625	625	625	625	1
7577	パスポート	0	0	0	0	0
7578	ニチリョク	980	980	890	900	34
7579	オリジン東	2290	2320	2270	2300	159
7580	フーズネット	0	0	0	0	0
7581	サイゼリヤ	7490	7700	6910	7700	39.5
7582	富デバイス	3060	3100	3050	3050	31
7583	通商	0	0	0	0	0
7584	丸紅インフォ	601	601	600	600	6
7585	かんなん	1290	1290	1290	1290	1
7586	寺島薬局	1650	1650	1640	1640	3
7587	ＰＡＬＴＥＫ	3190	3350	3190	3330	29.5
7588	シートゥーネット	20000	20000	19700	19850	5.9
7589	デジキューブ	2820000	2820000	2700000	2700000	0.02
7590	タカショー	630	630	630	630	2
7591	エクセル	1820	1820	1780	1780	17
7592	アイ・ユー・ケイ	780	780	780	780	1
7593	ＶＴＨＤ	1290	1360	1290	1360	3
7594	マルカキカイ	0	0	0	0	0
7595	アルゴグラフ	2340	2350	2330	2330	1.2
7596	魚力	5400	5400	5400	5400	2
7597	東京貴宝	0	0	0	0	0
7598	ナイスクラ	540	540	515	520	34
7599	ガリバー	4640	4650	4640	4640	5
7600	日本ＭＤＭ	3150	3200	3150	3200	4.5
7601	ポプラ	1549	1550	1520	1550	9
7602	ジャック	4740	4740	4620	4660	15.6
7603	マックハウス	690	690	685	685	2
7604	梅の花	0	0	0	0	0
7605	フジコーポ	310	310	300	300	3
7606	Ｕアローズ	3900	3900	3710	3710	1.6
7607	進和	0	0	0	0	0
7608	ＳＫジャパン	550	550	550	550	4
7609	ダイトエレク	3400	3450	3350	3450	43
7610	テイツー	2400000	2400000	2370000	2370000	0.014
7611	ハイデ日高	904	920	904	910	14
7612	コモンウェル	1340	1350	1340	1350	5
7613	シークス	2700	2740	2660	2670	7.1
7614	オーエムツー	5300	5300	5100	5200	1
7615	京都友禅	663000	663000	651000	660000	0.021
7616	コロワイド	2680	2680	2650	2650	3
7617	オオゼキ	0	0	0	0	0
7618	ＰＣＤＥＰＯ	0	0	0	0	0
7619	田中商事	300	300	300	300	1
7620	ヤマト硝子	800	800	765	775	26
7621	うかい	0	0	0	0	0
7622	焼肉サカイ	2600	2600	2600	2600	2
7623	サンオータス	490	500	490	500	2
7624	内藤	0	0	0	0	0
7625	ダイニング	7000	7000	6800	6800	3.3
7626	ドッドウエル	3450	3450	3350	3350	4
7627	なか卯	0	0	0	0	0
7628	オーハシテク	1950	1950	1950	1950	5
7629	ムラチク	1000	1050	980	1050	7
7630	壱番屋	1480	1500	1450	1480	12
7631	マクニカ	16000	16500	16000	16200	22
7632	住商メタレックス	535	535	525	525	6
7633	明響社	1150	1190	1140	1190	9
7634	星医療	1550	1550	1550	1550	2
7635	杉田エース	450	450	450	450	1
7636	ハンズマン	0	0	0	0	0
7637	白 銅	1370	1370	1350	1350	3
7638	シーマ	475	475	450	450	3
7639	贔屓屋	800	800	799	799	3
7640	トップカル	1990	1990	1990	1990	3
7641	フォーユー	2400000	2480000	2320000	2350000	0.008
7642	ビジョン	1720	1900	1710	1860	143
7643	ダイイチ	520	530	520	530	2
7644	常盤薬品	0	0	0	0	0
7645	日本トイザ	17300	17400	17000	17400	22
7646	ＰＬＡＮＴ	2050	2100	1980	2050	32
7647	音通	220	220	217	217	5
7648	トーカン	1331	1331	1306	1328	29
7701	島津	582	582	555	560	960
7702	ＪＭＳ	440	440	425	430	61
7703	川澄化	1030	1030	1030	1030	1
7704	アロカ	1340	1340	1300	1300	34
7705	ジーエル	2000	2000	1900	1900	5
7706	セントラユニ	550	550	540	540	3
7711	助川電気	230	230	230	230	1
7713	シグマ光機	0	0	0	0	0
7714	モリテックス	9800	9800	9750	9750	2
7715	長野計器	1700	1700	1700	1700	1
7718	スター精	1675	1675	1671	1674	4
7719	東衡機	115	118	113	113	9
7720	ソキア	280	280	275	275	55
7721	トキメック	143	145	142	143	120
7723	愛時計	310	310	305	310	28
7724	金門	194	198	194	198	16
7726	黒田精	310	310	310	310	1
7727	オーバル	150	150	150	150	7
7728	電産トーソク	965	979	951	979	8
7729	東京精	12360	12450	12300	12320	76.8
7731	ニコン	3420	3470	3360	3390	737
7732	トプコン	445	445	421	441	37
7733	オリンパス	1801	1838	1799	1838	336
7734	理計器	414	424	400	400	49
7735	スクリン	930	938	920	931	1803
7736	ユニオンＨＤ	138	145	123	140	129
7737	キャビン工業	230	230	225	230	68
7738	チノン	410	411	400	400	45
7739	キヤノン電	980	1040	977	1040	21
7740	タムロン	789	789	728	735	7
7741	ＨＯＹＡ	10580	10580	10300	10400	165
7743	シード	479	479	479	479	2
7744	ノーリツ鋼機	3880	3910	3820	3900	111.5
7750	ペンタックス	292	295	276	285	495
7751	キヤノン	5150	5270	4950	4980	2193
7752	リコー	2195	2195	2095	2130	1707
7753	ミノルタ	610	611	590	600	863
7756	電産コパル	1720	1730	1719	1719	37
7757	三協精	889	900	880	885	121
7758	セコニック	390	390	375	376	4
7762	シチズン	960	964	920	935	922
7764	オリエント時計	155	163	155	163	22
7765	リコーエレメ	860	860	859	860	3
7768	ジェコー	0	0	0	0	0
7769	リズム	244	244	231	235	255
7770	ミヨタ	2360	2380	2350	2350	8
7771	日本精密	0	0	0	0	0
7856	萩原工業	810	810	810	810	2
7857	セキ	1600	1600	1600	1600	3
7858	小野産業	1370	1370	1370	1370	1
7859	アルメディオ	1770	1780	1750	1780	30
7860	エイベックス	10700	10700	10300	10400	83.2
7861	東京リスマ	854	854	850	850	1.2
7862	トッパンフォ	2450	2470	2330	2335	102.1
7864	フジシール	5900	5910	5810	5910	5.8
7865	ピープル	1170	1170	1170	1170	2
7866	アトラス	1260	1290	1250	1250	11.3
7867	トミー	4000	4000	3900	3910	29.2
7868	広済堂	1040	1040	1030	1030	4.7
7869	日本フォーム	0	0	0	0	0
7870	福島印刷	500	500	500	500	1
7871	フクビ	0	0	0	0	0
7872	エステール	620	620	620	620	1
7873	アーク	5000	5000	4850	4850	27
7874	スルガ	6040	6040	6000	6000	4
7875	竹田印刷	0	0	0	0	0
7876	三陽PAX	0	0	0	0	0
7877	永大化工	865	865	860	860	2
7878	光彩工芸	0	0	0	0	0
7879	ノダ	407	407	400	402	16.8
7880	南部化成	0	0	0	0	0
7881	ニッソー	95	95	95	95	2
7882	アロン化成	448	455	445	449	42
7883	サンメッセ	0	0	0	0	0
7884	本間ゴルフ	370	375	355	356	64.9
7885	タカノ	1300	1320	1300	1300	5.6
7886	ヤマト・イン	0	0	0	0	0
7887	南プラ	418	418	418	418	1
7888	三光合成	0	0	0	0	0
7889	桑山	0	0	0	0	0
7890	アテナ工業	840	840	840	840	1
7891	日本ユピカ	0	0	0	0	0
7892	宇部日東化成	310	310	299	300	45
7893	亜細亜	0	0	0	0	0
7895	中央化学	1300	1300	1290	1300	1.8
7896	セブン工業	380	390	380	380	5
7897	ホクシン	170	170	162	168	5.5
7898	ウッドワン	760	764	751	760	174
7899	オザキ軽化	420	420	410	410	5
7900	大出産業	0	0	0	0	0
7901	マツモト	0	0	0	0	0
7902	ソノコム	1380	1380	1380	1380	2
7903	名木材	0	0	0	0	0
7904	天竜木	48	48	48	48	1
7905	大建工	275	279	267	274	123
7906	ヨネックス	398	398	383	390	7
7907	日防腐	0	0	0	0	0
7908	きもと	0	0	0	0	0
7909	シーアイ化	415	415	410	411	21
7910	段谷産業	122	125	119	119	69
7911	凸版	1148	1150	1116	1116	1266
7912	大日印	1862	1862	1830	1840	575
7913	図書印	234	234	231	231	17
7914	共同印	390	390	378	386	98
7915	日写印	640	640	632	632	11
7916	光村印	426	426	411	411	22
7917	藤森工業	720	720	720	720	7
7918	ヴィアＨＤ	0	0	0	0	0
7919	野崎紙	283	283	282	282	6
7920	三浦印	0	0	0	0	0
7921	宝印刷	1470	1470	1450	1450	4
7922	三光産業	0	0	0	0	0
7923	トーイン	0	0	0	0	0
7925	前沢化成	1185	1185	1175	1175	2.4
7926	ベルテクノ	0	0	0	0	0
7927	ムトー精工	1340	1340	1280	1280	12
7928	旭化学	0	0	0	0	0
7929	新輝合成	0	0	0	0	0
7931	未来工業	1380	1380	1360	1380	5
7932	ニッピ	0	0	0	0	0
7933	ファイリング	0	0	0	0	0
7934	メルクス	72	72	72	72	2
7935	コンビ	821	821	802	802	20
7936	アシックス	123	125	122	124	287
7937	ツツミ	2550	2600	2500	2520	10
7938	リーガル	170	172	170	172	3
7939	研創	0	0	0	0	0
7940	ウェーブＨＤ	0	0	0	0	0
7942	ＪＳＰ	655	660	652	660	10
7943	ニチハ	799	800	787	800	6.3
7944	ローランド	2200	2200	2160	2160	10.5
7945	コマニー	0	0	0	0	0
7946	光陽社	0	0	0	0	0
7947	エフピコ	4760	4760	4680	4750	16.7
7948	ＡＷ・エモト	153	153	153	153	2
7949	小松ウオール	860	860	860	860	2.5
7950	日デコラ	451	451	450	450	3
7951	ヤマハ	1150	1150	1091	1120	957
7952	河合楽	195	198	180	182	456
7953	菊水化	0	0	0	0	0
7954	ジャレコ	350	356	346	356	28
7955	クリナップ	500	500	480	480	32
7956	ピジョン	1165	1172	1155	1160	9.7
7957	フジコピアン	199	199	199	199	4
7958	天馬	1256	1259	1190	1240	41
7959	オリバー	1050	1050	1050	1050	6
7960	パラマウント	8050	8050	7830	7900	36.7
7961	兼松日産農	180	184	176	180	21
7962	キングジム	611	612	611	612	8
7963	興研	480	480	480	480	2
7964	セガ	1790	1790	1760	1773	202
7965	象印	500	500	500	500	2
7966	リンテック	1062	1071	1035	1060	32
7967	バンダイ	3870	3870	3800	3800	113
7968	田崎真珠	455	458	448	450	19
7969	タカラ	469	469	461	462	14
7970	信越ポリ	800	809	786	790	486
7971	東リ	230	233	222	225	51
7972	イトーキ	463	480	459	480	345
7973	ホウトク	0	0	0	0	0
7974	任天堂	17750	18000	17050	17300	171.3
7975	リヒトラブ	0	0	0	0	0
7976	菱鉛筆	865	870	840	850	88
7977	フランスベッド	430	440	430	440	141
7979	松風	810	810	808	810	7
7980	重松製	215	215	215	215	1
7981	タカラスタ	448	456	448	452	293
7983	ミロク	0	0	0	0	0
7984	コクヨ	1719	1720	1700	1712	65
7985	ネポン	270	270	270	270	2
7986	キング工	155	200	155	200	101
7987	ナカバヤシ	375	375	360	360	189
7988	ニフコ	1290	1290	1270	1278	136
7989	ブラインド	809	809	801	801	2.4
7990	ダイワ精	145	145	142	143	119
7991	マミヤＯＰ	335	339	331	335	14
7992	セーラー	1798	1798	1705	1755	96
7993	サンウエブ	205	205	200	205	17
7994	岡村製	335	345	335	344	196
7995	バルカー	189	190	184	185	127
7996	パイロット	410	410	409	410	4
7997	くろ工	251	252	250	250	18
7998	高島屋工作	403	403	403	403	3
7999	武藤工	380	400	373	398	544
8000	カイゲン	520	520	520	520	2
8001	伊藤忠	470	481	467	468	3698
8002	丸紅	299	304	294	296	3570
8003	トーメン	56	57	55	57	1206
8004	ニチメン	105	105	103	104	375
8005	ムトウ	660	660	651	660	15
8006	ユアサフナ	179	183	179	182	216
8007	高島	130	133	130	132	55
8008	アスティ	0	0	0	0	0
8010	新興産業	127	129	127	128	17
8011	三陽商	339	339	331	334	24
8012	長瀬産	540	566	540	545	823
8013	ナイガイ	116	116	99	110	150
8014	蝶理	116	118	114	115	93
8015	豊田通商	397	402	381	389	420
8016	オンワード	1437	1438	1383	1383	138
8017	阪急共栄物産	0	0	0	0	0
8018	三共興	292	292	288	288	21
8019	市田	78	79	75	76	180
8020	兼松	83	85	82	82	539
8021	レナウン	158	158	151	154	959
8022	ミズノ	332	334	326	326	279
8023	大興電子	485	485	485	485	1
8024	シルバーＯＸ	540	540	520	520	61
8025	ツカモトＣ	156	160	156	160	13
8027	ルシアン	155	155	145	150	70
8028	ファミリーＭ	4450	4480	4150	4250	184.7
8029	ルック	235	240	232	232	157
8030	中央魚	175	176	174	174	12
8031	三井物	757	769	737	741	2662
8032	紙パ商	338	339	333	338	30
8033	ジーネット	74	74	74	74	7
8035	東エレク	14050	14150	13620	13840	448
8036	日立ハイテク	1480	1480	1402	1435	53
8037	カメイ	520	520	510	513	44
8038	東都水	392	393	380	385	94
8039	築地魚	166	166	165	165	14
8040	東ソワール	216	216	211	215	42
8041	魚市場	290	300	290	300	7
8042	マタイ	221	240	220	238	37
8043	スターゼン	235	235	220	229	68
8044	大都魚	140	140	140	140	9
8045	浜丸魚	0	0	0	0	0
8046	丸藤パ	144	144	140	144	10
8047	デジ・ネット	0	0	0	0	0
8048	シャディ	2680	2720	2670	2720	10.8
8049	ＥＩＥ	400	407	396	407	18
8050	セイコー	500	500	493	495	81
8051	山善	197	197	185	192	115
8052	椿本興	191	191	182	185	58
8053	住友商	1030	1049	1015	1027	1015
8056	ユニシス	1880	2150	1880	2070	624
8057	内田洋	645	647	631	647	261
8058	三菱商	900	900	881	890	1297
8059	第一実	195	197	190	191	55
8060	キヤノン販	1647	1680	1641	1680	1274
8061	西華産	172	173	170	170	373
8063	日商岩井	110	110	107	109	1440
8064	金商	133	135	117	120	360
8065	佐藤商	0	0	0	0	0
8066	三谷商	405	405	405	405	2
8067	トミヤアパ	355	356	352	352	14
8068	菱洋エレク	1909	1920	1870	1870	174
8070	東京産	370	378	360	360	62
8071	東海物産	359	370	358	370	6
8072	出版貿	285	365	285	365	107
8073	Ｔ・ＺＯＮＥ	420	430	420	430	8
8074	ユアサ商	152	153	142	148	250
8075	神鋼商	166	170	158	158	192
8076	カノークス	0	0	0	0	0
8077	小林産	193	193	190	190	11
8078	阪和興	115	116	110	114	455
8079	正栄食	447	450	447	450	3
8080	ジョイス	0	0	0	0	0
8081	カナデン	490	492	480	480	44
8083	サンテレ	321	321	321	321	2
8084	菱電商	369	373	368	369	46
8085	ナラサキ産業	156	163	156	163	17
8086	ニプロ	863	867	862	862	11
8087	フルサト	410	410	400	400	5
8088	岩谷産	190	192	186	189	180
8089	ナイス	296	300	282	286	986
8090	昭光通商	160	161	155	160	201
8091	ニチモウ	141	141	140	140	16
8092	富士通シス	2830	2830	2730	2770	29.3
8093	極東貿易	765	765	745	746	30
8095	イワキ	0	0	0	0	0
8096	兼松エレク	490	499	490	498	25
8097	三愛石	293	293	286	287	18
8098	稲畑産	770	775	740	742	511
8100	藤井	80	80	73	76	89
8101	ＧＳＩクレ	169	169	155	159	241
8103	明和産	102	108	102	105	40
8105	丸正	152	152	150	150	6
8107	キムラタン	75	75	75	75	13
8109	山洋工	0	0	0	0	0
8110	川鉄商事	121	123	110	114	283
8111	ゴルドウイン	180	180	171	175	26
8112	東スタイル	1014	1015	990	990	137
8113	ユニチャーム	6200	6200	6050	6110	133.1
8114	デサント	204	207	204	206	49
8115	ムーンバット	116	116	116	116	21
8116	ダーバン	295	305	292	296	353
8117	中央自	266	267	266	266	6
8118	キング	214	215	200	204	215
8119	三栄コ	670	670	635	635	6
8120	大木	260	260	255	255	2
8123	川辺	0	0	0	0	0
8125	ワキタ	310	310	305	307	7
8126	三光純薬	690	754	650	685	179
8127	ヤマトインタ	140	140	140	140	2
8128	エフワン	67	67	67	67	13
8129	東邦薬	380	380	380	380	18
8130	サンゲツ	1799	1799	1770	1772	14
8131	ミツウロコ	542	544	542	544	12
8132	シナネン	448	462	444	444	294
8133	伊藤忠エネ	370	370	355	355	99
8134	ＴＯＫＡＩ	1338	1345	1330	1341	135
8135	ゼット	114	114	113	113	4
8136	サンリオ	2870	2880	2700	2765	176
8137	サンワテク	0	0	0	0	0
8138	三京化	239	239	235	238	7
8139	ナガホリ	229	229	228	228	7
8140	リョーサン	2200	2245	2050	2200	117
8141	新光商	899	899	874	898	26
8142	トーホー	840	840	839	840	5
8143	ラピーヌ	86	94	86	92	32
8144	電響社	404	423	395	395	128
8145	中部水産	335	335	335	335	1
8146	小杉産	0	0	0	0	0
8147	トミタ	248	248	246	246	13
8148	上原成	290	290	286	290	23
8150	三信電	870	870	815	820	164
8151	東陽テク	3490	3600	3430	3600	55
8152	ソマール	242	242	240	240	5
8153	モスフード	1041	1055	1041	1046	39
8154	加賀電子	1530	1530	1490	1512	106
8155	三益半導	1930	1960	1930	1957	26.3
8156	ガステック	515	515	512	512	4
8157	都築電	536	540	536	536	7
8158	ソーダニッカ	185	185	183	183	6
8159	立花エレ	590	590	588	589	12
8160	木曽路	1081	1100	1081	1100	2
8161	エイデン	940	940	911	930	10
8163	サトＲＳ	674	674	672	672	6
8164	キャビン	139	140	132	132	53
8165	千趣会	1146	1149	1141	1149	11
8166	タカキュー	179	179	160	161	67
8167	丸久	0	0	0	0	0
8168	ケーヨー	488	489	450	460	66.5
8169	宝船	236	250	236	250	7
8170	アデランス	4590	4700	4580	4650	167.5
8171	ＭＶ中部	0	0	0	0	0
8172	第一家庭電器	77	83	72	72	1745
8173	上新電	284	289	283	284	11
8174	日ガス	585	588	570	570	13
8175	ベスト電	712	730	711	730	78
8176	西洋フードシス	344	349	342	342	248
8178	マルエツ	358	360	342	345	96
8179	ロイヤルＨＤ	1089	1089	1051	1055	48
8180	すかいらく	3970	4000	3880	3970	172
8181	東天紅	588	590	565	570	77
8182	いなげや	736	736	736	736	33
8183	セブン−イレブン	8880	8880	8400	8520	839
8184	島忠	2060	2060	2000	2050	252.4
8185	チヨダ	530	540	530	535	18.4
8186	大塚家具	22600	23000	22500	22900	3.7
8188	ヨークベニ	2995	3020	2955	3010	57.5
8189	マツヤデンキ	272	274	271	273	32
8190	ヤマナカ	0	0	0	0	0
8191	光製作	600	600	600	600	1
8192	中川無線	75	75	74	75	18
8193	鈴丹	207	207	198	204	109
8194	ライフコーポ	640	640	640	640	1
8195	デニーズジャパン	2155	2170	2150	2165	19
8196	カスミ	445	447	440	444	24
8197	東急ストア	320	321	313	320	78
8199	デオデオ	894	895	860	861	106.3
8200	リンガハット	1078	1079	1070	1075	5
8201	さが美	294	294	290	294	10
8202	ラオックス	493	497	490	491	16
8203	ＭｒＭａｘ	330	330	325	329	13.9
8204	ジョナサン	1610	1620	1590	1610	23
8205	シャクリー	0	0	0	0	0
8206	アポロイン	70	71	70	71	17
8207	テンアライド	423	423	419	421	3.7
8208	エンチョー	550	550	545	545	18
8209	フレンドリ	470	470	470	470	2
8210	フットワーク	250	250	246	246	47
8211	相鉄ローゼ	530	530	530	530	4
8212	オーク	150	155	150	155	4
8213	トステムビバ	401	407	400	400	21
8214	アオキインタ	385	386	375	380	44.8
8215	銀座山形屋	246	246	245	245	3
8216	フォルクス	504	504	504	504	2
8217	オークワ	750	750	730	730	4
8218	コメリ	3210	3220	3150	3170	18.6
8219	青山商	1360	1380	1320	1335	154.2
8225	タカチホ	0	0	0	0	0
8226	理経	480	490	480	485	7
8227	しまむら	12000	12600	11600	12400	88.2
8228	マルイチ	0	0	0	0	0
8229	ＣＦＳコーポ	1000	1000	970	971	12.5
8230	はせがわ	685	690	685	690	14
8231	三越	447	450	422	434	1353
8232	東急百貨店	90	91	88	91	320
8233	高島屋	1009	1009	950	960	975
8234	大丸	348	348	338	339	458
8235	松坂屋	288	290	284	286	94
8236	丸善	180	181	174	175	427
8237	松屋	417	418	415	415	7
8238	伊勢丹	1180	1185	1119	1133	616
8239	横浜松坂屋	92	92	92	92	1
8240	サッポロライオン	620	630	620	630	3
8241	阪神百貨店	421	421	421	421	1
8242	阪急百	547	547	535	539	44
8243	そごう	68	70	67	70	392
8244	近鉄百貨店	130	130	130	130	2
8245	丸栄	275	280	275	280	7
8247	大和	0	0	0	0	0
8248	ニッセン	470	470	465	465	12.9
8249	東洋物	0	0	0	0	0
8250	小松ストアー	598	598	598	598	1
8251	パルコ	350	358	345	345	347
8252	丸井	2035	2055	2015	2055	791
8253	クレセゾン	2200	2200	2080	2130	510.6
8254	さいか屋	0	0	0	0	0
8255	原信	0	0	0	0	0
8256	プロルート	246	249	245	249	3.5
8257	山陽百	0	0	0	0	0
8258	ＯＭＣカード	400	403	395	398	332
8259	十字屋	59	60	57	60	225
8260	井筒屋	218	219	208	213	523
8261	ｼ鉄百貨店	283	283	283	283	1
8263	ダイエー	377	377	354	358	2623
8264	イトーヨーカ堂	6920	6920	6350	6580	415
8265	壽屋	151	151	151	151	1
8266	イズミヤ	698	720	698	700	97
8267	イオン	1796	1800	1723	1739	473
8268	西友	450	455	445	455	911
8269	マイカル	350	353	339	342	571
8270	ユニー	1333	1339	1280	1289	158
8273	イズミ	1420	1420	1396	1396	33
8274	東武ストア	200	200	195	195	12
8275	フォーバル	2300	2300	2200	2230	7.4
8276	平和堂	729	729	719	719	9
8278	フジ	1949	1950	1920	1945	10
8279	ヤオコー	1365	1366	1346	1347	1.8
8280	富士冷機	415	415	412	414	27
8281	ゼビオ	2430	2450	2410	2410	24
8282	ギガスケーズ	2150	2150	2130	2140	33.8
8283	パルタック	492	500	492	500	10
8285	三谷産業	0	0	0	0	0
8286	藍  屋	2375	2375	2330	2330	8
8287	ＭＶ西日本	0	0	0	0	0
8289	オリンピック	2300	2300	2200	2200	8.3
8290	デンコードー	685	710	685	710	10
8291	東日カーライフ	185	185	180	185	6
8292	東いすず	283	283	283	283	1
8293	愛トヨ	0	0	0	0	0
8295	キャノンシステム	830	832	830	830	19
8298	ファミリー	260	350	255	340	70
8299	大栄太源	0	0	0	0	0
8301	日銀	0	0	0	0	0
8302	興業銀行	790	798	764	779	1800
8311	第一勧銀	790	794	755	775	2270
8314	さくら銀行	691	700	684	692	6912
8315	東京三菱銀	1300	1302	1265	1275	4557
8317	富士銀行	795	806	765	787	6335
8318	三井住友銀行	1250	1264	1241	1261	5512
8319	大和銀行	264	264	259	263	1169
8320	三和銀行	820	820	801	801	5252
8321	東海銀行	513	514	496	503	3426
8322	あさひ銀行	466	469	455	457	3342
8324	第四銀	393	405	392	405	88
8325	北越銀	321	321	318	320	30
8326	福岡銀	728	728	710	718	281
8327	西日本シティ銀	427	427	419	426	139
8331	千葉銀	436	438	424	424	1265
8332	横浜銀	458	460	453	460	524
8333	常陽銀	409	414	406	406	297
8334	群馬銀	550	551	543	550	138
8335	足利銀行	212	213	210	212	188
8336	武蔵銀	4350	4400	4140	4250	1.1
8337	千葉興	1190	1190	1175	1189	3.1
8338	関東つくば銀	1425	1425	1412	1412	0.9
8339	都民銀	3770	3780	3690	3720	10.9
8341	七十七	823	834	823	830	307
8342	青森銀	491	496	490	494	23
8343	秋田銀	396	404	396	398	148
8344	山形銀	562	570	560	570	16
8345	岩手銀	3700	3720	3670	3680	5.5
8346	東邦銀	419	419	405	410	68
8349	東北銀	0	0	0	0	0
8350	みちのく銀	700	700	691	691	18
8353	北海道銀行	142	144	142	144	72
8355	静岡銀	899	900	885	894	445
8356	十六銀	470	475	470	475	53
8357	北陸銀行	247	248	245	246	158
8358	スルガ銀	1823	1824	1760	1768	173
8359	八十二	675	675	650	664	122
8360	山梨銀	351	355	351	355	37
8361	大垣共立	600	600	581	590	50
8362	福井銀	294	296	291	296	29
8363	北国銀	459	460	446	450	40
8364	清水銀	4260	4300	4260	4290	1.5
8365	富山銀	0	0	0	0	0
8366	滋賀銀	491	495	490	495	14
8367	南都銀	599	599	589	599	30
8368	百五銀	453	453	443	446	21
8369	京都銀	546	547	536	546	68
8370	紀陽銀	254	259	253	254	87
8371	近畿大阪銀	0	0	0	0	0
8372	泉州銀	340	340	340	340	1
8374	三重銀	509	509	502	509	8
8375	池田銀	5500	5500	5420	5490	2.2
8379	広島銀	398	401	388	400	206
8380	山口銀	744	758	727	735	52
8381	山陰合銀	612	622	610	610	45
8382	中国銀	978	979	970	970	42
8383	鳥取銀	380	380	375	375	8
8385	伊予銀	670	670	651	669	34
8386	百十四	649	649	629	647	147
8387	四国銀	645	646	645	646	28
8388	阿波銀	509	509	500	504	39
8390	鹿児銀	422	422	405	419	77
8391	親和銀行	335	340	325	333	39
8392	大分銀	512	513	512	513	7
8393	宮崎銀	348	349	337	343	32
8394	肥後銀	417	418	414	418	29
8395	佐賀銀	389	390	380	390	21
8396	十八銀	396	405	395	402	39
8397	沖縄銀	2520	2520	2455	2470	1.3
8399	琉球銀	1551	1579	1550	1579	2.3
8402	三菱信託	864	865	852	858	718
8403	住友信	719	719	686	689	1605
8404	みずほ信託銀	130	130	127	129	1453
8405	日本信託	153	153	148	151	88
8407	東洋信託	365	365	355	358	848
8408	中央三井信	457	470	457	465	659
8489	アプレック	360	360	355	360	4
8493	インター	2010	2065	2000	2065	3.8
8507	学研クレジット	590	590	585	585	5
8508	イッコー	700	715	690	715	11
8511	日証金	623	623	612	618	190
8512	大証金	310	314	310	310	11
8513	中証金	0	0	0	0	0
8515	アイフル	9500	9610	9470	9500	133.4
8518	アジア投資	614	785	600	780	6048
8519	ポケットＣ	3600	3660	3550	3610	27.7
8520	殖産銀行	399	399	379	399	24
8521	長野銀	495	497	483	492	18
8522	名古屋銀	635	635	625	635	55
8524	北洋銀行	580	580	541	560	31
8527	愛知銀	7590	7590	7500	7500	2
8528	岐阜銀	210	210	205	210	25
8529	第三銀	460	461	458	460	34
8530	中京銀	444	444	439	441	11
8533	広島総合銀行	450	450	441	441	16
8536	東日銀	638	638	628	633	8
8537	大光銀	290	295	290	295	12
8539	福岡シティ銀	493	495	486	494	37
8541	愛媛銀	471	472	461	472	14
8542	トマト銀	0	0	0	0	0
8543	みなと銀	249	249	242	248	111
8544	京葉銀	302	305	300	304	84
8545	関西アーバン	164	167	160	167	27
8548	九州銀行	328	328	318	328	13
8549	せとうち銀行	373	393	373	380	7
8550	栃木銀	580	598	580	598	10
8551	北日銀	5790	5790	5790	5790	1.7
8552	びわこ銀	285	285	285	285	1
8556	香川銀	555	555	543	543	5
8558	東和銀	445	445	435	435	29
8561	徳島銀	748	749	738	749	18
8562	福島銀	328	328	328	328	2
8563	大東銀	330	340	330	340	30
8564	武富士	11580	11720	11300	11400	98.8
8565	三洋クレ	4900	4950	4810	4950	19.5
8566	リコーリース	2690	2700	2515	2515	27
8567	クレディア	2090	2090	2000	2010	4.3
8568	シンキ	2240	2360	2230	2250	28.3
8569	ユニココーポ	0	0	0	0	0
8570	イオンクレ	6510	6510	6320	6470	64.7
8571	ニッシン	5600	5600	5310	5350	3.3
8572	アコム	8920	8970	8510	8800	206.8
8573	三洋信販	3500	3520	3380	3430	40.1
8574	プロミス	8850	8910	8490	8700	173.9
8577	ロプロ	1771	1820	1771	1780	142
8579	東京リース	0	0	0	0	0
8580	ファーストクレジット	295	303	286	288	205
8582	日貿信	3	4	3	4	219
8583	日信販	255	258	244	247	802
8584	ジャックス	346	351	343	343	85
8585	オリコ	575	579	550	550	1165
8586	日立キャピ	2735	2740	2610	2650	216.5
8587	ライフ	5	6	5	6	246
8588	セントラル	318	318	310	317	39
8589	アプラス	122	123	122	123	103
8591	オリックス	15300	15300	14670	14770	106
8592	住商リース	1597	1600	1580	1600	139
8593	ダイヤリース	1400	1400	1362	1370	15
8595	ジャフコ	16200	16400	15100	16100	127
8597	ＳＦＣＧ	23700	23800	22900	23000	7.75
8599	ＵＦＪセント	0	0	0	0	0
8601	大和証Ｇ	1400	1414	1338	1395	4517
8603	日興コーデ	1108	1130	1075	1079	2286
8604	野村ＨＤ	2700	2715	2605	2620	3723
8606	新光	461	466	452	459	430
8607	みずほイン証	225	226	218	221	447
8609	岡三ＨＤ	839	850	829	840	145
8610	さくらフレンド	317	325	314	314	143
8611	コスモ証	260	265	252	258	196
8613	丸三	736	739	729	737	55
8614	東洋	405	410	400	406	42
8615	三菱証	1519	1519	1480	1480	191
8616	東海東京	407	415	400	409	207
8617	光世	325	326	317	318	113
8620	東海丸万	705	706	693	699	41
8621	ＵＦＪつばさ証券	552	567	542	550	232
8622	水戸	400	405	395	405	45
8623	ＳＭＢＣ証	350	350	345	350	19
8624	いちよし証	856	860	845	845	23
8625	高木	385	385	360	370	30
8691	証券代	0	0	0	0	0
8692	だいこう	630	630	620	620	2
8742	小林洋行	1040	1040	1020	1020	2.5
8743	ひまわり証	210	211	210	211	4
8744	日本ユニコム	680	681	680	680	4
8745	グローバリー	1448	1500	1448	1500	14
8746	第一商品	300	300	300	300	6
8747	豊商事	0	0	0	0	0
8748	岡藤商事	380	380	380	380	3
8749	エース交易	320	320	305	308	20
8751	東京海上火災	1225	1225	1199	1211	777
8752	三井住友海上	529	529	510	526	638
8753	住友海上火災	648	648	628	637	1393
8754	日本興亜	308	308	294	295	358
8755	損害保険Ｊ	585	587	575	586	1427
8756	日産火災海上	320	323	315	315	124
8757	日新火	231	231	223	228	290
8758	千代田火災	340	345	331	331	193
8759	ニッセイ同和	260	264	255	257	363
8760	日動火災海上	572	580	553	567	397
8761	あいおい損保	350	350	332	333	252
8762	興亜火災	301	301	292	295	131
8763	富士火	197	202	196	201	228
8764	太陽火災	0	0	0	0	0
8765	大成火災海上	224	224	219	219	3
8801	三井不	1170	1170	1123	1123	1457
8802	菱地所	1247	1247	1198	1201	1481
8803	平和不	264	264	254	260	444.5
8804	東建物	236	237	224	224	658
8805	中央地	120	125	114	114	65
8806	ダイビル	899	899	830	859	14
8809	サンケビル	440	445	439	441	36
8810	港振興	0	0	0	0	0
8815	東急不	118	119	112	115	1297
8817	阪急不動産	402	402	390	393	22
8818	京阪神不	335	343	335	335	37
8821	立飛企	2300	2300	2300	2300	3
8829	大和団地	252	260	244	245	113
8830	住友不	479	479	453	460	2800
8832	小田急不	210	210	205	205	9
8833	東宝不	385	385	376	376	63
8834	藤和不	63	63	60	60	186
8835	太平発	127	128	117	120	95
8836	ヒューネット	901	914	830	830	1347
8838	有楽地	165	165	162	162	32
8839	ニチモ	82	82	80	80	83
8840	大京	264	264	249	250	487
8841	テーオーシー	730	740	684	702	74
8842	楽天地	365	367	363	363	14
8844	リクコスモス	465	465	450	450	12
8845	セザール	278	278	260	265	219
8846	積和不動産	410	418	401	401	14
8848	レオパレス	320	330	320	330	34
8850	スターツ	0	0	0	0	0
8851	アバンライフ	299	300	290	290	4
8852	積和不動関西	364	364	362	364	9
8853	ダイヤシティ	341	341	341	341	1
8854	日住	253	255	252	252	6
8855	全日空ビル	125	125	125	125	1
8857	三井不動販売	570	581	566	573	43
8858	ダイア建	233	234	233	234	15
8860	フジ住	525	525	511	513	26
8863	積和不動中部	0	0	0	0	0
8864	空港施設	455	460	455	459	21
8865	神鋼興産	0	0	0	0	0
8866	コマーシャル	340	350	335	350	7
8867	横浜地下街	257	257	257	257	1
8868	ＵＲＢＡＮ	2690	2700	2690	2700	2
8869	明和地所	3080	3140	3010	3020	27.5
8870	住不販売	3400	3400	3380	3390	4.7
8871	ゴールドクレ	11650	11650	11110	11110	7
8872	エイブル	2180	2180	1950	2050	30
8873	積和不動中国	480	480	470	470	2
8874	ジョイント	4170	4210	4170	4200	7
8875	東栄住宅	1720	1720	1680	1690	4
8876	リロＨＤ	0	0	0	0	0
8877	エスリード	1470	1500	1470	1500	5
8878	日綜地所	1600	1600	1510	1530	28
8879	東急リバブル	595	595	595	595	10
8880	飯田産業	1690	1690	1690	1690	6
9001	東武	316	316	302	306	434
9002	西武鉄道	1449	1449	1430	1439	78
9003	相鉄	285	289	283	287	68
9004	箱根登山鉄道	279	279	278	278	2
9005	東急	496	496	480	482	1153
9006	京急	394	396	390	395	340
9007	小田急	353	355	347	352	513
9008	京王	400	400	390	394	327
9009	京成	265	265	256	257	524
9010	富士急	350	350	330	334	9
9012	秩父鉄	151	151	151	151	1
9013	伊豆箱根鉄道	14000	14000	14000	14000	0.1
9014	新京成	285	285	285	285	1
9017	新潟交	0	0	0	0	0
9019	伊豆急行	0	0	0	0	0
9020	ＪＲ東日本	608000	608000	590000	594000	3.855
9021	ＪＲ西日本	417000	417000	410000	414000	1.203
9022	ＪＲ東海	610000	612000	594000	598000	0.932
9031	西鉄	266	269	265	266	79
9033	広電鉄	0	0	0	0	0
9036	東部ネット	545	560	535	560	27
9037	ハマキョウ	1380	1380	1380	1380	2
9038	東海西濃	0	0	0	0	0
9039	サカイ引越	2150	2150	2150	2150	2
9040	大宝運輸	0	0	0	0	0
9041	近鉄	422	425	420	421	431
9042	阪急ＨＤ	341	346	339	340	547
9043	阪神	297	298	290	290	359
9044	南海電	421	425	420	420	97
9045	京阪電	340	341	340	340	73
9046	神電鉄	421	421	421	421	11
9047	名糖運輸	1266	1266	1266	1266	1
9048	名鉄	303	305	300	302	244
9049	京福電	0	0	0	0	0
9050	三重交	0	0	0	0	0
9051	センコン物流	702	702	702	702	2
9052	山陽電	290	293	290	290	11
9053	中央運輸	0	0	0	0	0
9054	大和物流	0	0	0	0	0
9055	アルプス物流	721	721	720	720	9
9056	ヒューテック	0	0	0	0	0
9057	遠州トラック	810	810	810	810	3
9058	トランコム	525	530	515	515	15
9059	カンダ	0	0	0	0	0
9060	日ロジテム	350	350	320	340	35
9061	富士物流	0	0	0	0	0
9062	日通	626	629	611	619	1503
9063	岡県運送	0	0	0	0	0
9064	ヤマト運	2620	2630	2515	2605	539
9065	山九	96	96	94	95	719
9066	日新	172	173	165	168	58
9067	丸運	226	228	221	221	30
9068	丸全運	207	207	198	205	90
9069	センコー	214	214	210	210	80
9070	トナミ	205	209	198	204	192
9072	日梱包	671	678	661	661	29
9073	京極運	0	0	0	0	0
9074	日石輸	208	210	205	208	30
9075	福山運	659	669	652	652	122
9076	西濃運	547	554	539	543	1062
9077	名鉄運	0	0	0	0	0
9078	エスライン	0	0	0	0	0
9079	東急ロジ	0	0	0	0	0
9080	関東西濃	0	0	0	0	0
9081	神奈交	440	440	430	430	4
9082	大和自	0	0	0	0	0
9083	神姫バ	0	0	0	0	0
9086	日立物流	580	580	555	572	503
9087	タカセ	230	230	230	230	1
9088	濃飛西濃	894	894	894	894	1
9089	ロジパル	0	0	0	0	0
9101	郵船	490	494	478	479	1908
9104	商船三井	239	242	233	239	12335
9107	川崎汽	193	194	187	190	3057
9110	新和海	68	69	65	66	82
9113	乾汽船	72	72	71	71	32
9114	日之出汽船	52	53	49	50	127
9115	明治海	0	0	0	0	0
9119	飯野海	166	166	158	159	133
9123	太平海	55	55	52	52	67
9127	玉井船	45	45	43	43	6
9130	共栄タ	116	116	111	111	11
9132	第一汽	55	55	52	55	306
9133	東栄リーファ	185	185	180	180	8
9151	東京船舶	90	91	90	91	9
9152	関西汽	60	60	58	58	225
9171	栗林船	259	259	259	259	2
9173	東海汽	0	0	0	0	0
9174	ワンダーＴ	331	339	331	339	24
9176	佐渡汽	1000	1000	1000	1000	0.5
9178	日鉄物流	400	400	400	400	2
9179	川崎近海	185	185	184	184	13
9180	新和内航	210	210	210	210	2
9193	東京汽	353	353	346	346	13
9201	日本航空	368	372	360	365	2101
9202	ＡＮＡ	269	269	265	267	1358
9203	日本エアシス	3800	3800	3780	3800	2.6
9204	スカイマーク	184000	184000	175000	179000	0.091
9231	国際航	639	641	636	638	58
9232	パスコ	649	649	629	629	23
9233	アジア航	348	348	345	345	4
9301	三菱倉	979	980	952	952	235
9302	三井倉	234	234	229	229	333
9303	住友倉	315	315	303	314	470
9304	渋沢倉	272	278	272	278	102
9305	ヤマタネ	124	125	123	125	46
9306	東陽倉	210	210	197	200	3
9307	杉村倉	0	0	0	0	0
9308	イヌイ建	415	417	415	417	6
9309	京神倉庫	0	0	0	0	0
9310	トランシティ	210	210	206	206	4
9311	アサガミ	0	0	0	0	0
9312	ケイヒン	145	149	145	145	25
9313	丸八倉	151	151	151	151	4
9314	品川倉	0	0	0	0	0
9317	オーナミ	0	0	0	0	0
9318	Ｊブリッジ	250	250	250	250	6
9319	中央倉	500	510	500	510	36
9320	三和倉	148	148	141	141	2
9321	アイロジステ	155	155	155	155	1
9322	川西倉	0	0	0	0	0
9323	ロジステック	0	0	0	0	0
9324	安田倉	354	355	354	355	9
9351	洋埠頭	147	147	144	144	44
9353	桜島埠	0	0	0	0	0
9355	リンコー	140	170	140	160	24
9357	名港海	0	0	0	0	0
9358	宇徳運	132	134	132	134	7
9359	伊勢湾	264	264	264	264	1
9360	鈴与シンワ	141	141	141	141	3
9361	伏木運	250	250	250	250	2
9362	兵機海	0	0	0	0	0
9363	大運	57	57	56	56	8
9364	上組	562	562	540	548	158
9365	トレーディア	0	0	0	0	0
9366	サンリツ	705	705	701	705	1.3
9367	大東港運	0	0	0	0	0
9368	キムラユニテ	560	560	560	560	1
9369	キユソ流通	0	0	0	0	0
9370	郵船航空	2100	2160	2100	2140	31.2
9373	ニッコウトラ	2420	2420	2420	2420	2
9401	ＴＢＳ	3950	3970	3780	3800	875
9402	ＣＢＣ	1125	1130	1125	1130	0.6
9404	日テレ	71900	72000	67600	69300	27.72
9405	朝日放	8840	8840	8750	8750	0.4
9408	新潟放	750	750	750	750	0.5
9431	ＫＤＤ	9500	9560	9050	9290	158.2
9432	ＮＴＴ	1430000	1430000	1370000	1380000	12.817
9433	ＫＤＤＩ	910000	920000	867000	903000	10.509
9434	ボーダフォン	4140000	4200000	4040000	4040000	1.109
9435	光通信	5350	5450	5000	5400	191.9
9436	沖縄セルラー	570000	570000	550000	550000	0.017
9437	ＮＴＴドコモ	3020000	3050000	2950000	3020000	14.094
9438	ＭＴＩ	1500000	1500000	1320000	1320000	0.604
9439	ビーアイジー	3180000	3180000	3170000	3170000	0.003
9441	ベルパーク	2560000	2560000	2480000	2550000	0.036
9449	ＧＭＯインター	9000	9500	9000	9300	66
9470	学研	208	212	208	210	108
9471	文渓堂	615	620	615	620	6
9472	エスコム	512	524	500	524	171
9473	アスキー	1490	1490	1400	1490	18
9474	ゼンリン	3250	3260	3210	3220	118.4
9475	昭文社	3700	3800	3600	3690	29
9476	中央経済	303	303	303	303	9
9477	角川ＨＤ	10000	10000	9650	9730	61.6
9478	翔泳社	4730000	4730000	4510000	4700000	0.009
9501	東電	2610	2650	2590	2625	862.1
9502	中部電	1870	1899	1831	1850	260.5
9503	関西電	1870	1880	1835	1870	313.2
9504	中国電	1535	1540	1512	1520	118.4
9505	北陸電	1385	1385	1368	1377	93.3
9506	東北電	1373	1380	1360	1370	209.4
9507	四国電	1370	1390	1360	1377	116
9508	九州電	1450	1456	1431	1452	327.5
9509	北海電	1341	1353	1340	1353	114.5
9511	沖縄電	1976	1976	1945	1945	1.7
9531	東ガス	280	284	278	284	13334
9532	大ガス	299	300	294	294	3537
9533	邦ガス	198	201	198	199	421
9534	北ガス	190	194	188	194	13
9535	広ガス	0	0	0	0	0
9536	西部ガス	156	156	152	155	115
9537	北陸ガ	0	0	0	0	0
9539	葉ガス	0	0	0	0	0
9540	中ガス	0	0	0	0	0
9541	大多喜ガス	0	0	0	0	0
9542	新日ガス	0	0	0	0	0
9600	アイネット	980	980	930	942	23
9601	松竹	507	515	501	505	95
9602	東宝	18900	18900	18110	18200	9.5
9603	ＨＩＳ	5380	5450	5300	5300	22.6
9604	際放映	211	211	211	211	1
9605	東映	742	750	731	748	155
9607	葵プロ	1455	1480	1360	1430	49.5
9608	福山コンサル	0	0	0	0	0
9609	ベンチャーリ	8000	8250	8000	8090	41.3
9610	ウィルソン	3560	3700	3560	3570	0.8
9611	Ｄワンダー	0	0	0	0	0
9612	ラックランド	2510	2510	2500	2510	1.7
9613	ＮＴＴデータ	1010000	1020000	951000	999000	9.45
9614	ベルシス24	53100	53900	53100	53300	13.95
9615	東京美装	679	679	660	667	12
9616	共立メンテ	2900	2910	2860	2860	2.3
9618	エームサービス	1151	1151	1100	1120	14
9619	イチネン	890	890	885	885	4.5
9620	スクウェア	7850	7980	7400	7550	48.9
9621	建設技研	645	645	616	616	3.3
9622	スペース	539	539	501	535	18.5
9623	キヤノンソフ	710	710	710	710	3
9624	長大	485	485	480	480	10.5
9625	セレスポ	229	230	220	230	7
9626	日本技開	230	230	230	230	2
9627	アインファマ	1500	1520	1500	1520	2
9628	燦ＨＤ	4000	4000	3950	3950	0.5
9629	ＰＣＡ	2970	2970	2970	2970	2
9630	アップ	397	397	397	397	0.5
9631	東急レク	619	620	619	619	4
9632	スバル	360	360	349	360	6
9633	テアトル	170	170	169	170	11
9634	修学社	550	550	537	540	10
9635	武蔵野	0	0	0	0	0
9636	きんえい	339	339	339	339	2
9637	オーエス	0	0	0	0	0
9638	情報技術	0	0	0	0	0
9639	三協フロンテ	310	310	310	310	1
9640	セゾン情報	810	810	810	810	1
9641	サコス	120	120	120	120	0.3
9642	コマスタ	9500	9800	9500	9500	0.7
9643	中日興	0	0	0	0	0
9644	タナベ経営	485	510	485	510	8.8
9645	ダイヤモンドコン	1410	1420	1360	1380	21
9646	タイトー	102000	102000	99100	101000	0.109
9647	協和コンサル	260	260	250	250	4
9648	ウエスコ	310	310	300	300	50.5
9649	明電エンジニア	650	650	635	640	35.1
9650	テクモ	1548	1548	1510	1512	6.5
9651	日本プロセス	0	0	0	0	0
9652	日本医療	1910	1950	1910	1950	4
9653	ＳＢＩパートナ	1130	1130	1110	1110	7
9654	コーエー	3240	3280	3110	3230	29.6
9656	三井ランド	600	600	600	600	0.4
9657	コムテック	0	0	0	0	0
9658	ビジ太田昭	786	786	755	755	7
9660	ＣＲＣソリュ	1680	1680	1680	1680	2
9661	歌舞伎	3850	3850	3850	3850	2
9662	アイフル	0	0	0	0	0
9663	ナガワ	680	680	665	670	9
9664	御園座	1125	1130	1125	1130	4
9665	吉本興	1310	1350	1300	1305	39
9667	ホリプロ	850	850	840	840	3
9668	相鉄企業	0	0	0	0	0
9669	オークネット	5100	5440	5100	5230	17.4
9671	よみランド	383	385	370	378	56
9672	東競馬	140	140	135	138	235
9673	甲子園土地	0	0	0	0	0
9674	花月園	0	0	0	0	0
9675	常磐興	143	143	143	143	8
9676	松戸公産	450	460	450	460	8
9677	日本ジャンボ	780	800	780	800	1.1
9678	カナモト	775	778	772	777	100
9679	ホウライ	360	360	360	360	6
9680	共成レンテム	540	540	530	540	15
9681	東京ドーム	493	493	480	488	196
9682	ＤＴＳ	6390	6500	6380	6400	18
9684	スク・エニ	5290	5500	5250	5490	53
9685	共同コンＨＤ	315	315	315	315	1
9686	東洋テック	0	0	0	0	0
9687	ＫＳＫ	620	620	620	620	7
9689	グリンハウス	1740	1740	1740	1740	0.5
9691	両毛システム	2600	2600	2600	2600	1
9692	シーイーシー	1650	1700	1650	1700	27.2
9694	日立ソフト	10570	10690	10270	10610	82.8
9695	鴨川グランド	0	0	0	0	0
9696	ウィザス	395	395	395	395	1
9697	カプコン	3410	3420	3300	3420	123.3
9698	クレオ	1110	1110	1100	1100	3
9699	西尾レント	663	671	663	671	23.4
9700	エスアールエル	1214	1214	1191	1200	78
9701	会舘	0	0	0	0	0
9702	アイエスビー	2390	2390	2390	2390	1
9703	ジェネラスコーポ	109	109	105	108	62
9704	東海観	101	105	91	104	1773
9706	日本空港ビル	880	906	880	880	19
9707	メデカＪ	1100	1100	1040	1060	14
9708	帝ホテル	0	0	0	0	0
9709	日コンピュタ	690	690	690	690	1
9710	第一ホテ	7	10	6	10	2129
9711	日コンシス	0	0	0	0	0
9712	ファイ	731	745	712	712	49
9713	ロイヤルホ	200	200	200	200	14
9714	ＳＲＡ	1770	1770	1770	1770	1
9715	トランスコス	15510	16500	15270	16400	132.1
9716	乃村工芸社	401	410	400	400	7
9717	ジャステック	2650	2750	2630	2750	2.6
9718	国際観光会館	0	0	0	0	0
9719	住商情報	6180	6180	5850	5900	35
9720	グランド	0	0	0	0	0
9722	藤田観	570	570	560	569	23
9724	新阪急ホテル	200	200	200	200	1
9725	東急ホテル	176	178	174	178	61
9726	近ツーリスト	318	318	309	310	30
9727	東急観光	124	124	122	122	6
9728	日本管財	2090	2090	2050	2050	6
9729	トーカイ	0	0	0	0	0
9730	ワオコーポ	364	364	364	364	3
9731	白洋舎	325	326	320	325	13
9732	東映ラボ	0	0	0	0	0
9733	ナガセ	0	0	0	0	0
9734	精養軒	0	0	0	0	0
9735	セコム	7700	7740	7410	7690	328
9736	白青舎	170	170	170	170	3
9737	ＣＳＫ	3400	3550	3310	3550	231.2
9738	インテック	2315	2440	2315	2400	47
9739	ＮＳＷ	6780	6780	6650	6770	2.3
9740	ＣＳＰ	560	560	555	555	61
9741	日立情報	4260	4400	4210	4400	45
9742	アイネス	1505	1580	1505	1550	69
9743	丹青社	750	758	750	750	27
9744	メイテック	4030	4260	4020	4200	111.2
9746	ＴＫＣ	2330	2400	2330	2360	20.1
9747	アサツーＤＫ	3550	3550	3400	3480	157.8
9748	ＮＪＫ	711	712	711	711	5
9749	富士ソフト	5770	5900	5490	5850	110.6
9750	ソラン	2260	2315	2170	2300	167
9751	ＴＩＳ	5620	5740	5570	5670	168
9752	ナムコ	3150	3150	3060	3120	110.8
9753	ＩＸナレッジ	690	690	672	672	3
9755	応用地質	1430	1430	1415	1425	33.1
9756	ＡＳＫ	860	870	830	865	41
9757	船井研	830	830	810	811	5
9758	ジシステム	595	600	580	580	32
9759	日システムデ	10000	10100	9850	9950	65.2
9760	進学会	0	0	0	0	0
9761	東海リース	175	177	175	176	35
9762	大和リース	311	311	305	308	313
9763	丸紅リ	143	143	137	137	34
9764	技研興	0	0	0	0	0
9765	オオバ	159	160	159	159	8
9766	コナミ	6100	6200	5980	6000	233
9767	日建工学	249	250	245	245	5
9768	国土環境	749	749	749	749	1
9769	学究社	0	0	0	0	0
9776	札臨	500	515	495	500	16
9777	日電計算	2340	2340	2225	2250	7.9
9778	昴	0	0	0	0	0
9779	メフォス	0	0	0	0	0
9780	ビステム	0	0	0	0	0
9781	石川島汎サ	0	0	0	0	0
9782	ＤＭＳ	725	725	725	725	2
9783	ベネッセ	7000	7050	6670	6670	161.4
9784	日工検	0	0	0	0	0
9785	大新東	337	339	301	301	25
9786	キャッツ	1500	1500	1480	1480	33
9787	Ｊメンテ	980	984	960	970	4.8
9788	ナック	935	935	924	930	6.7
9789	栄光	396	396	395	395	4
9790	福井コン	730	735	730	735	5.5
9791	ビケンテクノ	745	750	745	750	2
9792	ニチイ学館	6390	6390	6120	6230	36.2
9793	ダイセキ	2020	2030	2010	2010	8.3
9794	カラカミ観光	690	690	690	690	1
9795	ステップ	755	755	755	755	1
9796	ダイテック	1480	1480	1480	1480	0.7
9797	大日本コン	287	287	277	285	12.6
9798	シダックス	2180	2200	2180	2200	0.9
9799	旭情報	1320	1320	1280	1300	4
9810	日鉄商	107	107	107	107	1
9811	アスティス	0	0	0	0	0
9812	テーオー	0	0	0	0	0
9813	トッキ	2280	2280	2240	2250	7
9814	アシックス商	639	639	639	639	3
9815	カテナ	735	740	735	738	48
9816	バーテックス	465	465	465	465	1
9817	ゴトー	0	0	0	0	0
9818	大丸エナ	709	709	709	709	1
9820	エムティＧ	165	170	165	170	2
9821	日アムウ	885	890	885	885	0.3
9822	なが多	259	264	251	256	490
9823	マミーマート	0	0	0	0	0
9824	泉州電	526	526	526	526	2
9825	アズウェル	405	410	405	410	14.2
9826	ＪＥＵＧＩＡ	0	0	0	0	0
9827	リリカラ	178	226	178	226	151
9828	元気寿司	920	920	920	920	4
9829	ながの東急	0	0	0	0	0
9830	トラスコ中山	1557	1559	1499	1559	4.1
9831	ヤマダ電	9090	9100	8720	9000	62
9832	オートバクス	3400	3470	3380	3470	47.2
9833	エルクコーポ	650	650	650	650	12
9834	リオチェン	365	365	365	365	0.6
9835	ジュンテン	350	370	343	343	9
9836	リーバイス	545	545	545	545	8
9837	モリト	495	495	490	490	3
9838	トラベラー	920	921	920	920	3
9839	ゲッツブラザーズ	521	526	521	521	5
9840	ホーマック	2620	2635	2510	2590	37.6
9841	ＢＭＢ	310	380	310	370	280
9842	アークランド	0	0	0	0	0
9844	ユーエスシー	1500	1500	1450	1500	7
9845	パーカー	245	245	245	245	2
9846	天満屋ス	0	0	0	0	0
9847	ソリスト	0	0	0	0	0
9848	トヨタカローラ岐阜	0	0	0	0	0
9849	河内屋紙	0	0	0	0	0
9850	グルメ杵屋	752	752	730	730	3
9852	中央物産	282	282	280	280	2
9853	銀座ルノア	0	0	0	0	0
9854	愛眼	900	900	896	899	3.1
9855	くろがねや	420	420	420	420	1
9856	ケーユー	0	0	0	0	0
9857	英和	380	380	380	380	1
9858	明光商会	1800	1800	1750	1750	1.1
9859	ユーストア	0	0	0	0	0
9860	岐阜日野	0	0	0	0	0
9861	吉野家ディー	2230000	2400000	2230000	2400000	0.055
9862	メモレックス・テレ	281	281	281	281	1
9863	靴のマルトミ	130	135	127	135	15.3
9864	ナカイ	348	348	348	348	2
9865	日商エレク	2465	2580	2465	2580	28
9867	ソレキア	530	540	520	530	62
9868	トリイ	0	0	0	0	0
9869	加藤産	585	585	585	585	4
9870	ハナテン	1755	1755	1755	1755	0.3
9871	イトーキ	200	200	198	198	9
9872	北恵	0	0	0	0	0
9873	ケンタッキー	1077	1090	1070	1070	8
9875	マツモトキヨ	10100	10190	9550	9950	64.7
9876	コックス	500	500	500	500	1
9877	マルフル	224	224	224	224	1
9878	セキド	0	0	0	0	0
9879	フタタ	182	183	182	183	3
9880	イノテック	4830	4900	4680	4800	25
9882	イエロハット	1030	1030	996	1024	25.7
9883	富士エレ	1900	1900	1900	1900	3
9884	都築電産	875	875	830	830	7
9885	シャルレ	0	0	0	0	0
9887	松屋フーズ	2870	2880	2870	2880	4
9888	ＵＥＸ	0	0	0	0	0
9889	ＪＢＣＣ	3950	3950	3710	3750	37
9890	マキヤ	0	0	0	0	0
9892	卑弥呼	1260	1280	1250	1260	36
9893	ホームワイド	396	400	390	390	21
9894	アトル	582	582	572	572	4
9895	コンセック	230	240	230	240	2
9896	Ｊ建材	510	510	504	504	6
9897	ユニダックス	750	750	740	740	48
9898	サハダイヤ	310	317	303	305	127
9899	サンデサン	0	0	0	0	0
9900	サガミ	881	885	881	885	2
9901	宮	870	900	870	900	6
9902	日伝	1250	1250	1250	1250	2
9903	カンセキ	0	0	0	0	0
9904	ベリテ	210	210	204	204	17
9905	コージツ	0	0	0	0	0
9906	藤井産業	0	0	0	0	0
9907	大電社	620	620	610	610	5
9908	日本電計	606	606	600	600	3
9909	愛光電気	0	0	0	0	0
9911	真電	400	400	400	400	2
9912	ダイワボ情	1671	1671	1654	1660	9.5
9913	日邦産業	380	380	350	365	19
9914	植松商会	280	280	280	280	1
9915	アサヒビールＳ	0	0	0	0	0
9916	バイタルＮ	610	619	600	619	5
9917	マツモト電器	0	0	0	0	0
9918	ダイワラクダ	360	360	360	360	1
9919	関西スーパ	527	527	525	525	4
9920	シービーエム	1510	1510	1460	1510	4.2
9921	ギガス	607	629	607	629	7
9922	日立機材	550	550	546	546	2
9923	ダイトーエム	390	390	390	390	1
9924	ドミー	0	0	0	0	0
9925	北の家族	1130	1140	1100	1120	11
9926	ダイカ	341	342	341	342	2
9927	ワットマン	305	305	300	300	6
9928	ミロク情報	1050	1060	1032	1033	6
9929	平和紙業	0	0	0	0	0
9930	北沢産	256	256	246	251	24
9931	家族亭	0	0	0	0	0
9932	杉本商	0	0	0	0	0
9934	因幡電産	1160	1160	1155	1155	1.5
9935	あずみ	279	284	279	284	2
9936	王将フード	1220	1220	1220	1220	2
9937	セシール	1515	1530	1490	1490	97.1
9938	住金物産	83	85	83	84	30
9939	すみや	0	0	0	0	0
9941	太洋物産	0	0	0	0	0
9943	ココス	690	699	680	695	30
9944	インパクト	1680	1680	1639	1640	2.9
9945	プレナス	4300	4300	4300	4300	3
9946	ミニストップ	2380	2390	2240	2290	36.5
9947	シムリー	1120	1120	1115	1120	4.4
9948	アークス	1150	1150	1130	1130	5
9949	タイヨー	0	0	0	0	0
9950	ハチバン	0	0	0	0	0
9951	カーマ	550	556	550	550	6.8
9952	ドトール	7500	7600	7490	7550	14.4
9953	ダイキ	1289	1289	1263	1271	1.5
9954	東京小僧寿し	540	540	540	540	3
9955	ヨンキュウ	2450	2450	2400	2400	0.8
9956	バロー	0	0	0	0	0
9957	バイテック	1450	1480	1450	1480	5
9958	サリ	0	0	0	0	0
9959	アシード	825	825	820	825	5
9960	東テク	485	485	485	485	1
9961	エムオーテック	141	143	140	140	5
9962	駿河製機	11300	11800	10800	11500	57.4
9963	江守商事	450	450	450	450	1
9964	アイ・テック	0	0	0	0	0
9965	福原	470	470	450	450	6
9966	藤久	2090	2090	2050	2060	3.3
9967	堺商事	250	250	250	250	1
9968	イチヤ	145	145	145	145	5
9969	ショクブン	823	825	823	825	3
9970	東洋オフィス	430	430	430	430	4
9971	カウボーイ	510	510	510	510	2
9972	アルテック	1370	1389	1355	1355	9.7
9973	小僧本部	1270	1270	1260	1260	4
9974	ベルク	0	0	0	0	0
9975	マルヤ	3200	3200	3200	3200	1.1
9976	セキチュー	0	0	0	0	0
9977	アオキスーパ	437	437	437	437	1
9978	文教堂	1400	1420	1400	1420	3
9979	大庄	1150	1166	1146	1150	19.5
9980	マルコ	849	849	845	845	1.5
9981	ニック産業	0	0	0	0	0
9982	タキヒヨー	480	480	480	480	1
9983	ファストリ	47300	47300	44350	44500	99.2
9984	ソフトバンク	17240	18490	16500	18330	831.7
9985	榮太郎	760	765	760	760	5
9986	蔵王産業	343	343	343	343	3
9987	スズケン	3670	3680	3590	3600	104
9988	神港魚類	0	0	0	0	0
9989	サンドラッグ	8940	9100	8900	9000	10.8
9990	東京デリカ	420	420	420	420	6
9991	ジェコス	342	345	335	339	13.6
9992	理研グリン	0	0	0	0	0
9993	ヤマザワ	1200	1200	1200	1200	1
9994	やまや	580	580	578	578	12.4
9995	イーストン	850	855	845	845	23
9996	サトー商会	600	600	600	600	1
9997	ベルーナ	2985	2985	2920	2950	97.5
