20001004
1001	日経２２５	15906	16154	15809	16149	61.021
1002	ＴＯＰＩＸ	1498	1512	1490	1512	61.021
1301	極洋	138	141	137	141	162
1319	日経300F	287	292	287	289	89
1331	ニチロ	162	164	161	162	145
1332	日水	178	181	176	178	817
1333	マルハ	123	126	123	125	451
1351	宝幸水産	70	70	69	70	24
1352	ホウスイ	88	88	86	86	4
1376	カネコ種	0	0	0	0	0
1377	サカタタネ	2080	2100	2070	2090	30.7
1378	雪国まいたけ	669	689	666	666	3
1379	ホクト	3600	3680	3580	3660	38.9
1380	秋川牧園	0	0	0	0	0
1491	中外鉱	212	213	203	205	1374
1501	三井鉱山	96	98	94	98	259
1503	住友炭	77	78	77	78	22
1515	日鉄鉱	224	230	221	226	50
1518	三井松島	162	163	158	162	21
1601	帝石	470	474	463	465	576
1603	アラビア石油	350	355	344	352	34.5
1661	ガス開	520	527	514	514	29
1701	昭和鉱	304	304	290	295	35
1702	共立マテリア	401	420	401	420	5
1735	伊田テクノス	412	415	412	412	7
1736	オーテック	275	280	275	280	2
1737	三井エンジ	350	350	345	350	13
1738	ＮＩＴＴＯＨ	0	0	0	0	0
1739	ＳＥＥＤ	341000	341000	341000	341000	0.001
1740	極東工業	366	366	360	360	2
1741	ミサワサンイ	0	0	0	0	0
1742	セコムテクノ	2560	2560	2550	2550	3
1743	コーアツ工業	0	0	0	0	0
1744	キョーエイ	594	595	594	595	3
1745	ミサワホーム東海	0	0	0	0	0
1746	光和建設	0	0	0	0	0
1748	ミサワ北日	295	295	295	295	1
1750	カナック	0	0	0	0	0
1751	日立プラサ	0	0	0	0	0
1752	富士通シス	1170	1189	1150	1180	26
1753	土屋ツバイ	0	0	0	0	0
1754	東新住建	780	780	765	780	9
1755	JFE工建	361	361	361	361	1
1756	和興エンジ	0	0	0	0	0
1757	千年の杜	0	0	0	0	0
1758	太洋基礎	440	440	440	440	4
1759	ジオトップ	0	0	0	0	0
1762	高松建設	1281	1327	1251	1327	3.5
1763	北陸ミサワ	0	0	0	0	0
1764	工藤建設	247	247	240	242	6
1765	イビデンテック	0	0	0	0	0
1766	東建コーポ	1220	1230	1200	1210	14
1767	沖ウィン	0	0	0	0	0
1768	ソネック	0	0	0	0	0
1770	藤田エンジ	460	480	460	470	18
1772	東北エンタープライズ	215	215	215	215	1
1774	機動建	0	0	0	0	0
1775	富士電Ｅ＆Ｃ	278	285	278	285	34
1776	三井住建道路	95	95	95	95	1
1777	川崎設備	340	340	340	340	1
1778	古河総設	215	220	200	220	12
1779	松本建工	380	380	360	380	6
1780	ヤマウラ	371	376	371	371	8.5
1781	国土総合	295	295	295	295	1
1782	常磐開発	231	231	231	231	1
1783	南野建設	72	72	72	72	2
1784	サワコー	150	150	142	145	12.1
1785	ナナボシ	425	425	425	425	1
1786	オリ建	370	370	365	365	15.3
1787	ナカボテック	235	235	235	235	1
1788	三東工業	229	229	229	229	1
1789	山加電業	0	0	0	0	0
1790	平和奥田	0	0	0	0	0
1791	三井木材	118	120	116	120	11
1792	みらい建設Ｇ	202	202	197	197	6
1793	大本組	0	0	0	0	0
1795	マサル	0	0	0	0	0
1796	トヨタウッド	279	280	279	280	0.4
1797	藤木工務店	0	0	0	0	0
1798	守谷商会	0	0	0	0	0
1799	第一建設	0	0	0	0	0
1800	利塚地下技術	0	0	0	0	0
1801	大成建	158	160	157	160	495
1802	大林組	401	405	401	402	788
1803	清水建	320	323	318	320	888
1804	佐藤工業	48	49	48	49	355
1805	飛島建	44	45	44	45	197
1806	ACリアル	38	39	37	37	319
1807	渡辺組	0	0	0	0	0
1808	長谷工	30	31	30	30	960
1809	富士工	48	48	45	45	101
1810	松井建	298	302	297	302	10
1811	銭高組	235	235	235	235	1
1812	鹿島	290	291	281	285	842
1813	不動建	122	124	121	124	47
1814	大末建	47	47	45	46	194
1815	鉄建	82	84	81	83	626
1816	安藤建	195	197	193	197	36
1817	勝村建	121	125	121	122	22
1818	日産建設	89	92	86	92	10
1819	太平工	138	141	138	140	28
1820	西松建	352	353	346	348	630
1821	三井住友建	65	67	65	66	83
1822	大豊建	155	156	151	156	49
1823	住友建設	75	78	75	78	137
1824	前田建	440	446	440	446	237
1825	環境建設	88	89	88	88	86
1826	佐田建	136	140	131	133	27
1827	ナカノフドー建	82	84	82	82	19
1828	田辺工業	0	0	0	0	0
1829	大和建設	72	72	72	72	3
1830	共栄冷機工業	0	0	0	0	0
1831	積水ハ北陸	670	670	670	670	8
1833	奥村組	352	352	344	347	153
1834	小田急建	235	235	235	235	0.5
1835	東鉄工	205	209	203	209	7
1836	大日本土木	158	158	157	158	7
1837	間組	48	49	46	48	529
1838	古久根建設	89	90	89	90	6
1839	真柄建	146	146	142	142	9
1840	土屋ホーム	285	290	285	290	2.6
1841	サンユ	0	0	0	0	0
1842	昭和テクノ	900	927	900	927	3
1844	大盛工業	100	100	100	100	6
1845	森本組	90	97	85	97	7
1846	鈴縫工	0	0	0	0	0
1847	イチケン	102	102	102	102	1
1848	富士ＰＳ	0	0	0	0	0
1850	南海辰村建	71	71	70	71	11
1851	大木建設	189	194	188	194	16
1852	浅沼組	148	154	147	152	23
1853	森組	0	0	0	0	0
1854	新井組	106	107	104	105	5.6
1855	東急建設	82	84	81	84	160
1856	ジェイオー建設	215	215	215	215	4
1857	松村組	90	90	88	88	33
1858	井上工	68	69	68	68	6
1860	戸田建	425	434	425	434	139
1861	熊谷組	32	33	32	33	1394
1862	横河工事	325	325	325	325	0.2
1863	テトラ	218	218	211	212	6
1865	青木あすなろ建	150	150	148	150	44
1866	北野建	235	240	235	236	61
1867	植木組	182	187	182	187	7
1868	三井ホーム	415	426	411	411	7
1869	名工建	0	0	0	0	0
1870	矢作建	389	400	388	400	4
1871	ピーエス三菱	382	390	378	390	31.9
1872	アゼル	301	304	300	303	42
1873	東ハウス	401	405	401	404	10
1874	佐藤秀	0	0	0	0	0
1875	青木マリン	281	281	281	281	1
1877	川田建設	470	500	470	500	28
1878	大東建	1750	1767	1750	1765	71.8
1879	新日本建	0	0	0	0	0
1880	スルガコーポ	0	0	0	0	0
1881	ＮＩＰＰＯ	450	454	446	450	76
1882	東亜道	208	210	202	208	40
1883	前田道	500	500	492	496	31
1884	日道路	160	160	153	158	35
1885	東亜建	124	129	124	129	219
1886	青木建設	30	31	29	31	500
1888	若築建	98	100	98	100	58
1889	佐伯建	127	130	127	130	8
1890	東洋建	76	76	73	75	131
1892	徳倉建	286	286	285	285	2
1893	五洋建	125	126	123	125	376
1895	大成ロテック	151	153	151	153	53
1896	大林道	257	257	246	247	12
1897	金下建	504	504	496	502	8
1898	世紀東急	79	82	79	82	9
1899	福田組	267	267	261	261	27
1900	白石	360	360	350	350	3
1902	山崎建設	0	0	0	0	0
1904	大成温調	0	0	0	0	0
1905	テノックス	249	249	245	245	2
1906	細田工務	327	327	327	327	6
1907	東北ミサワ	580	590	580	590	4.5
1908	三平建設	0	0	0	0	0
1909	日本ドライ	220	242	220	240	38.5
1910	フドウ建研	165	165	165	165	3
1911	住友林	769	769	734	749	66
1912	ミサワセラミ	350	350	350	350	1
1913	旭ホームズ	0	0	0	0	0
1914	日基技	479	479	473	478	12.4
1915	東京ミサワホーム	0	0	0	0	0
1916	日成ビルド	146	150	146	147	19
1917	ニッセキハウス	170	174	168	172	1565
1919	エスバイエル	238	243	238	243	96
1920	殖産住宅相互	84	85	82	84	295
1921	巴	184	187	184	187	14
1922	大成ユーレック	111	115	111	111	17
1923	ミサワホーム	322	329	322	322	72
1924	パナホーム	705	705	695	695	31
1925	大和ハウス	724	745	724	739	843
1926	ライト	405	413	405	411	12.7
1927	中 部	320	320	320	320	0.6
1928	積ハウス	1095	1100	1083	1099	1286
1929	日特建	180	186	180	186	11
1930	北陸電工	0	0	0	0	0
1931	日本電通	289	289	281	281	4
1932	コミュチュア	495	495	475	475	4
1933	西シス建	0	0	0	0	0
1934	ユアテック	356	360	356	360	21
1935	ＴＴＫ	230	230	227	227	4
1936	シーキューブ	276	279	275	279	10.4
1937	西部電工	0	0	0	0	0
1938	千歳電	241	241	241	241	2
1939	四電工	370	377	370	370	9
1940	つうけん	245	245	245	245	1
1941	中電工	1270	1270	1255	1255	63
1942	関電工	545	555	545	553	85
1943	大明	950	950	926	934	26
1944	きんでん	655	675	650	674	103
1945	東京エネシス	385	387	375	375	10
1946	トーエネク	404	414	404	414	13
1947	日本コムシス	1979	2005	1979	1999	581
1948	弘電社	418	418	415	415	5
1949	住友電設	541	560	541	557	6.5
1950	電設工	384	387	380	380	12
1951	協エクシオ	1253	1257	1245	1252	188
1952	新日空調	364	367	359	359	6.5
1953	国際電設	0	0	0	0	0
1954	日工営	216	220	216	219	40
1955	東電通	387	390	387	390	2
1956	日電設	404	404	392	398	8
1957	保安工	220	220	220	220	1
1958	三和エレック	286	286	286	286	2
1959	九電工	411	413	410	412	29
1960	サンテック	330	335	330	330	15
1961	三機工	632	645	632	637	54
1962	エルゴテック	0	0	0	0	0
1963	日揮	554	585	554	574	1728
1964	中外炉	355	370	355	370	11
1965	テクノ菱和	470	470	460	465	4.9
1966	高田工	272	272	272	272	1
1967	ヤマト	308	308	308	308	1
1968	太平電	252	252	248	252	7
1969	高砂熱	820	827	801	810	26
1970	日立プラ	290	290	289	290	28
1971	ビルト工	82	82	80	80	29
1972	三晃金	102	102	101	101	14
1973	ＮＥＣシス建	2110	2110	2060	2090	34.8
1974	宮地建設工業	570	578	570	578	7
1975	朝日工	285	288	285	286	10
1976	明星工	136	136	136	136	6
1977	ジェイコス	0	0	0	0	0
1978	アタカ	263	263	251	255	10
1979	大気社	1046	1048	1045	1045	7
1980	ダイダン	532	550	532	550	9
1981	協和日成	0	0	0	0	0
1982	日比谷設	483	488	483	488	3
1983	東芝プラ	230	239	230	235	77
1984	三信建	0	0	0	0	0
1985	大和電設	0	0	0	0	0
1986	日商インター	810	811	790	811	16.1
1987	ソルコム	0	0	0	0	0
1988	シボンド建	1424	1470	1424	1439	27
1989	北陸電話	260	260	260	260	1
1990	東邦建	0	0	0	0	0
1991	都築通技	0	0	0	0	0
1992	神田通機	308	308	308	308	1
1993	ニッタン	0	0	0	0	0
1994	高橋ウォール	0	0	0	0	0
1995	鈴木工務店	0	0	0	0	0
1996	三菱建設	182	182	182	182	3
1997	暁飯島工業	0	0	0	0	0
1998	日本土建	0	0	0	0	0
2001	日本粉	241	247	241	242	226
2002	日清粉	1060	1140	1060	1090	648
2003	日東粉	212	214	209	214	11
2004	昭和産	181	182	179	182	69
2006	東福粉	85	85	85	85	1
2007	富士粉	0	0	0	0	0
2008	増田粉	219	219	219	219	1
2009	鳥越粉	361	363	360	361	14
2051	農産工	176	178	175	177	115
2052	協同飼	111	112	111	112	56
2053	中部飼	541	568	541	568	2
2055	日和産	0	0	0	0	0
2056	日配飼	126	127	125	127	67
2057	雪印種	541	560	541	560	2
2102	台糖	248	255	248	255	12
2107	東洋糖	141	141	137	140	8
2108	甜菜糖	142	143	140	143	81
2109	三井糖	210	210	205	205	31
2111	フジ製糖	175	175	175	175	1
2112	塩水糖	285	286	285	286	8
2113	新光糖	0	0	0	0	0
2114	フジ日本精糖	0	0	0	0	0
2116	日新糖	129	130	129	130	8
2201	森永	235	239	235	237	173
2202	明菓	660	666	651	660	367
2204	中村屋	278	285	277	285	15
2205	駿河屋	0	0	0	0	0
2206	グリコ	625	629	621	623	85
2207	名糖産	1120	1120	1080	1080	7
2208	ブルボン	0	0	0	0	0
2209	井村屋	0	0	0	0	0
2211	不二家	254	254	249	253	74
2212	山パン	886	900	885	897	52
2213	ナガサキヤ	1	1	1	1	158
2215	一パン	250	260	250	255	24
2216	カンロ	259	259	259	259	5
2217	モロゾフ	216	216	211	211	7
2219	タカラブネ	102	103	100	102	43
2220	亀田製菓	490	490	489	489	3
2221	岩塚製菓	1000	1000	980	980	6
2222	寿製菓	482	482	482	482	1
2224	コモ	1340	1350	1340	1350	4
2261	明乳	502	507	501	507	281
2262	雪印	386	394	386	389	1103
2264	森永乳	261	265	261	262	112
2266	六甲バタ	390	390	390	390	1
2267	ヤクルト	1210	1220	1209	1213	556
2268	サーティワン	710	710	710	710	4
2281	プリマ	126	127	125	126	130
2282	日ハム	1410	1443	1407	1426	237
2284	伊藤ハ	415	422	415	417	119
2286	林兼	135	139	135	139	59
2287	雪印食品	192	203	190	190	7
2288	丸大食	165	168	165	166	67
2289	相模ハム	0	0	0	0	0
2290	米久	1253	1267	1250	1267	16.5
2291	福留ハ	0	0	0	0	0
2292	ＳＦＯＯＤＳ	960	960	940	940	3
2293	滝沢ハム	800	800	800	800	1
2294	柿安本店	0	0	0	0	0
2501	サッポロＨＤ	350	360	350	357	241
2502	アサヒ	1060	1093	1056	1075	2314
2503	キリン	1155	1170	1152	1169	769
2531	宝ＨＤ	2235	2275	2215	2240	752
2533	オエノンＨＤ	231	236	225	232	40
2536	メルシャン	269	278	266	272	231
2538	マルキン忠勇	150	152	150	152	18
2540	養命酒	701	719	701	719	23
2541	ニッカ	258	265	258	265	7
2571	中京コカ	900	900	875	886	38
2572	三国コカ	1215	1220	1215	1216	44
2573	北海コカ	860	870	860	860	11
2575	三笠コカ	751	770	748	748	1.4
2576	近畿コカ	1150	1150	1139	1150	68
2577	富士コカ	904	905	900	900	8
2578	四国コカ	975	975	955	955	27.3
2579	コカウエスト	3560	3630	3550	3610	25.5
2591	カルピス	473	480	473	480	28
2592	ポッカ	412	412	405	405	16
2593	伊藤園	8710	8810	8350	8510	93.4
2594	キーコーヒー	1393	1395	1390	1395	3.5
2595	キリンビバ	2995	3000	2975	2990	63
2596	キューサイ	2900	2940	2900	2905	56.9
2597	ユニカフェ	2110	2110	2060	2060	4.8
2598	アサヒ飲料	798	805	795	805	28
2599	ジャパンＦ	0	0	0	0	0
2601	ホーネンコーポ	202	205	200	201	198
2602	日清オイリオ	323	339	323	334	272
2604	吉原製油	261	271	261	270	15
2607	不二油	930	964	930	960	525
2608	ボーソー	0	0	0	0	0
2611	摂津油	0	0	0	0	0
2612	かどや製油	805	805	805	805	0.3
2650	橘テクトロン	1040	1090	1040	1050	19
2651	ローソン	4910	5100	4850	4990	318.2
2652	まんだらけ	302000	302000	298000	298000	0.022
2653	イオン九州	0	0	0	0	0
2654	シンワ	300	300	300	300	2
2655	マックス東北	610	610	603	605	9
2656	ベクター	2390000	2390000	2260000	2300000	0.014
2657	インタニクス	2640	2640	2500	2520	15
2658	ウライ	235	235	225	230	16
2659	サンエー	1610	1680	1610	1620	5
2660	キリン堂	550	550	542	542	13
2661	キンレイ	615	615	575	600	26
2662	ダイユエイト	375	375	375	375	2
2663	伊藤伊	0	0	0	0	0
2664	カワチ薬品	6500	6950	6450	6820	12
2665	ネクストコム	6110000	7100000	6000000	7100000	0.185
2666	オートウェブ	1250	1270	1250	1250	7
2667	イメージワン	1750000	1790000	1700000	1750000	0.098
2801	キッコマン	785	806	778	785	341
2802	味の素	1190	1219	1190	1202	596
2804	ブルドック	640	640	640	640	3
2805	エスビー	0	0	0	0	0
2806	ユタカフーズ	0	0	0	0	0
2808	サンビシ	269	269	269	269	1
2809	キユーピー	930	935	922	929	102
2810	ハウス食品	1489	1489	1457	1457	44
2811	カゴメ	1088	1088	1074	1087	12
2812	焼津水化	1900	1950	1890	1940	86
2813	和弘食品	117	117	114	114	8
2814	佐藤食品	0	0	0	0	0
2815	アリアケ	7530	7530	7420	7460	16.9
2816	ダイショー	790	810	790	810	10
2817	ギャバン	0	0	0	0	0
2830	アヲハタ	780	780	780	780	1
2831	はごろも	1150	1150	1150	1150	1
2871	ニチレイ	471	471	455	462	823
2872	セイヒョー	0	0	0	0	0
2873	加ト吉	2810	2850	2795	2845	170.2
2874	ヨコレイ	663	664	663	663	10
2875	東洋水	993	1008	993	1008	17
2876	ＪＣコムサ	0	0	0	0	0
2877	日東ベスト	0	0	0	0	0
2878	赤城水産	365	365	365	365	3
2879	ニチロサンフズ	0	0	0	0	0
2891	酵母工	482	494	482	494	18
2892	日食品	289	296	281	296	13
2893	ローマイヤ	115	115	115	115	3
2894	石井食	275	275	275	275	2
2897	日清食	2580	2655	2580	2590	188.5
2898	ソントン	975	975	975	975	3
2899	永谷園	914	914	890	914	6
2900	明星食	235	235	228	228	10
2901	石垣食	0	0	0	0	0
2902	太陽化	500	500	495	495	8
2903	シノブフズ	146	146	146	146	3
2904	一正蒲鉾	0	0	0	0	0
2905	オーケー食	118	120	118	120	3
2906	ホッコク	301	301	301	301	2
2907	あじかん	0	0	0	0	0
2908	フジッコ	1524	1524	1500	1504	17
2909	トオカツフズ	0	0	0	0	0
2910	Ｒフィールド	5180	5200	5050	5200	14.6
2911	旭松食品	0	0	0	0	0
2912	鐘崎	0	0	0	0	0
2913	フジフーズ	0	0	0	0	0
2914	ＪＴ	847000	867000	847000	850000	0.717
2915	ケンコーマヨ	0	0	0	0	0
2916	仙波糖化	0	0	0	0	0
2917	大森屋	700	705	700	705	2
2918	わらべ日洋	1050	1050	1050	1050	1
2920	ケイビー	0	0	0	0	0
2921	フクシマフズ	620	620	620	620	1
2922	なとり	1170	1170	1160	1170	5
3001	片倉	540	540	526	530	34
3002	グンゼ	325	332	325	328	255
3003	昭栄	1015	1015	1015	1015	4
3004	神栄	155	155	155	155	5
3007	神戸生絲	45	45	43	45	19
3009	川島織	152	156	150	156	58
3010	上毛	142	143	135	138	125
3011	バナーズ	85	89	85	89	3
3101	東洋紡	189	191	186	188	970
3102	カネボウ	319	328	316	319	2119
3103	ユニチカ	68	69	67	69	304
3104	富士紡Ｈ	65	66	65	65	35
3105	日清紡	546	560	546	555	479
3106	クラボウ	147	157	147	155	674
3107	ダイワボウ	102	103	102	102	20
3109	シキボウ	74	75	73	74	46
3110	日東紡	156	157	153	155	443
3111	オーミケン	71	73	71	73	15
3113	ＢＳＬ	62	66	62	66	49
3114	同興紡	110	110	101	101	2
3115	テザック	51	53	51	53	112
3116	トヨタ紡織	800	809	799	808	23
3117	興和紡	310	310	310	310	4
3121	アセットイン	69	69	69	69	1
3123	サイボー	0	0	0	0	0
3125	内外綿	0	0	0	0	0
3128	テラボウ	0	0	0	0	0
3129	ファブリカＴ	0	0	0	0	0
3201	日毛	425	425	420	421	54
3202	大東紡	92	93	90	93	31
3203	東亜紡織	78	78	76	77	31
3205	ダイドー	262	264	261	264	16
3206	南海毛糸紡績	85	86	85	86	25
3207	中央毛	151	151	151	151	5
3209	カネヨウ	115	115	110	111	13
3211	太陽毛絲紡	71	71	71	71	2
3216	御幸ＨＤ	435	435	428	428	8
3302	帝繊維	196	196	185	185	16
3304	トスコ	73	73	66	70	13
3306	日本麻	51	53	51	53	9
3401	帝人	470	480	465	470	628
3402	東レ	421	425	419	423	1583
3403	東邦テナ	102	105	101	101	90
3404	三菱レ	369	377	359	365	7451
3405	クラレ	1050	1065	1047	1060	538
3407	旭化成	698	702	691	699	2529
3408	サカイオーベ	98	98	96	96	54
3409	北日紡	100	100	100	100	6
3411	オートリ	112	112	103	103	27
3420	ケーエフシー	0	0	0	0	0
3421	稲葉製作	1390	1400	1360	1400	14.8
3422	丸順	0	0	0	0	0
3423	エスイー	430	450	430	440	19
3424	ミヤコ	400	400	400	400	1
3425	本郷	650	650	650	650	5
3426	アトムリビン	395	410	395	410	12
3501	住江織	128	129	125	129	5
3503	東和織	0	0	0	0	0
3512	フエルト	312	315	311	315	20
3513	イチカワ	215	216	210	210	81
3514	バイリーン	283	285	280	285	28
3515	フジコー	0	0	0	0	0
3521	エコナック	70	70	65	67	107
3524	日東網	82	82	82	82	2
3526	芦森工	210	210	207	208	26
3528	グローベルス	135	135	130	130	39
3529	アツギ	92	92	89	92	268
3532	堀田産	69	69	68	68	6
3533	ダイオ化成	0	0	0	0	0
3534	ＮＢＣ	980	1000	980	990	3
3551	ダイニック	168	173	168	169	8
3552	洋クロス	236	236	236	236	4
3553	共和レ	491	495	491	495	3
3569	セーレン	374	378	371	375	29
3570	オリカキャピ	174	176	170	175	63
3571	ソトー	511	511	511	511	1
3572	大同マルタ	0	0	0	0	0
3576	カンボウ	88	88	88	88	7
3577	東海染	127	130	120	127	23
3578	倉庫精	93	93	93	93	1
3580	小松精	289	289	281	281	10
3581	岐セン	0	0	0	0	0
3583	オーベクス	0	0	0	0	0
3584	福助	154	154	148	149	17
3585	トムスエンタ	312	322	312	318	60
3587	ＩＢダイワ	89	89	84	85	383
3588	丸山工	0	0	0	0	0
3591	ワコール	900	915	900	910	322
3592	ＣＨＯＹＡ	0	0	0	0	0
3593	ホギメデ	6890	6990	6870	6980	10.4
3594	モリシタ	0	0	0	0	0
3595	ヤギコーポ	305	305	305	305	1
3596	ワールド	3580	3630	3560	3590	102
3597	自重堂	698	698	698	698	1
3598	山喜	0	0	0	0	0
3599	コーコス	340	349	340	349	2
3600	フジックス	0	0	0	0	0
3601	ニチメンイン	1350	1353	1339	1350	8.2
3602	イタリヤード	153	153	153	153	2
3603	チャッコット	0	0	0	0	0
3706	東海パ	402	402	396	397	22
3861	王子紙	685	688	672	678	1365
3863	日本製紙	674	688	668	683	850
3864	三菱紙	244	248	236	246	470
3865	北越紙	790	799	784	798	348
3868	高崎三興	97	99	95	99	35
3869	日本板紙	228	230	216	230	21
3870	日本加工製紙	74	74	72	72	28
3871	大昭和紙	407	415	398	415	34
3872	三島紙	146	146	146	146	5
3877	中越パ	285	285	277	282	74
3878	巴川紙	505	507	503	505	21
3880	大王紙	1005	1025	1005	1023	40
3881	特種紙	409	415	409	414	9
3882	紀州紙	189	189	180	188	49
3886	チューエツ	85	85	85	85	3
3887	中央板紙	108	109	108	109	11
3889	大平製紙	0	0	0	0	0
3890	ゼネＫＫ	490	530	490	520	28
3891	高度紙	1550	1630	1550	1630	12
3941	レンゴー	534	544	532	539	243
3944	古林紙	0	0	0	0	0
3945	スパバッグ	173	173	173	173	1
3946	トーモク	215	215	208	212	40
3947	ダイナパック	495	495	455	455	4
3948	光ビジネス	0	0	0	0	0
3949	日本ハイパック	223	223	220	220	5
3950	ザ・パック	0	0	0	0	0
3951	朝日印刷	0	0	0	0	0
3952	中央紙器	0	0	0	0	0
3953	大村紙業	0	0	0	0	0
3954	昭和パックス	0	0	0	0	0
3955	イムラ封筒	750	750	720	720	5
3971	東セロ	305	305	280	280	22
4003	コープケミ	92	95	92	95	7
4004	昭電工	145	146	140	145	1802
4005	住友化学	530	539	530	537	1670
4007	日化成	153	158	153	156	27
4008	住友精化	268	268	263	268	27
4010	三菱化学	380	388	377	383	1882
4021	日産化	820	841	816	837	1092
4022	ラサ工	287	290	285	286	72
4023	呉羽化	280	282	279	279	130
4025	多木化	360	360	360	360	10
4026	神島化	380	380	380	380	1
4027	テイカ	269	269	258	267	24
4028	石原産	181	182	178	182	786
4031	チッカリン	359	364	359	364	10
4032	日東バイオン	0	0	0	0	0
4033	日東エフシー	410	410	400	400	4
4041	日曹達	341	346	338	345	431
4042	東ソー	353	357	350	356	1562
4043	トクヤマ	503	505	495	505	254
4044	セ硝子	525	531	523	528	300
4045	東合成	222	230	222	230	548
4046	ダイソー	201	213	201	213	47
4047	関電化	0	0	0	0	0
4050	鶴見曹達	456	456	456	456	2
4061	電化	400	414	399	404	1315
4062	イビデン	1900	1908	1848	1908	886
4063	信越化	4610	4760	4580	4760	1289
4064	カーバイド	111	115	111	111	80
4065	紀文フ	380	380	370	370	10
4077	富士チタン工業	515	540	515	540	11
4078	堺化学	697	706	690	695	87
4079	ハクスイテック	0	0	0	0	0
4080	田中化研	2100	2100	2050	2050	17
4086	日本エア・リキード	550	550	531	536	29
4088	エアウォータ	358	365	355	355	55
4089	大阪酸素工業	222	226	220	226	8
4091	大陽日酸	355	371	355	363	406
4092	日本化	328	332	326	326	113
4093	アセチレン	78	78	78	78	9
4094	日化産	321	328	321	328	14
4095	パーカライ	335	339	330	334	57
4096	昭炭酸	273	273	273	273	1
4097	高圧ガス	305	309	304	307	20
4098	チタン	167	170	167	170	12
4099	四国化	357	359	356	356	18
4100	戸田工	570	570	555	560	18
4101	日興酸素	0	0	0	0	0
4102	丸尾カル	0	0	0	0	0
4103	大陽東洋酸素	208	211	207	211	55
4104	タテホ	210	210	210	210	3
4105	メルテックス	0	0	0	0	0
4106	ケムキャット	1060	1060	1060	1060	1
4107	伊勢化	371	371	371	371	1
4109	ステラケミ	6190	6200	6150	6200	43.1
4112	保土谷	176	176	169	170	13
4113	田岡化	355	355	355	355	1
4114	日触媒	524	525	517	521	114
4115	本州化	0	0	0	0	0
4116	大日精	389	389	369	389	6
4117	川崎化	129	130	128	130	15
4118	カネカ	1080	1097	1074	1096	1149
4119	ピグメント	275	278	271	273	5
4120	スガイ	0	0	0	0	0
4123	山化成	690	750	690	750	2
4151	協発酵	919	928	908	916	434
4182	菱ガス化	332	340	332	340	323
4183	三井化学	513	522	511	522	1977
4185	ＪＳＲ	711	720	709	720	184
4186	東応化	1970	1999	1965	1990	164.2
4187	大有機	530	530	522	522	5
4201	日合成	148	150	146	150	45
4202	ダイセル	307	313	306	313	303
4203	住友ベ	1210	1260	1205	1260	851
4204	積水化	370	372	363	369	666
4205	ゼオン	435	440	426	432	984
4206	アイカ	689	700	681	700	138
4208	宇部興	228	231	227	228	665
4209	フドー	98	98	98	98	7
4210	東洋化学	429	432	416	432	24
4212	積水樹	360	370	360	370	15
4213	菱樹脂	205	207	202	206	133
4214	高分子	344	349	338	343	105
4215	タキロン	381	391	381	383	17
4216	旭有機	323	324	321	321	36
4217	日立化	3000	3120	3000	3100	195
4218	ニチバン	355	357	351	357	22
4219	プラス・テク	93	93	93	93	1
4220	リケンテクノ	300	302	300	302	43
4221	大倉工	367	376	367	372	12
4222	児玉化	65	66	65	66	11
4224	ロンシール	70	70	70	70	7
4225	筒中	308	313	307	307	16
4226	テスコ	0	0	0	0	0
4227	郡是高分子	0	0	0	0	0
4228	積化成	183	183	182	183	22
4229	群栄化	161	164	160	161	66
4231	タイガポリ	0	0	0	0	0
4232	東芝ケミカル	342	342	340	340	21
4233	ワコー	420	421	420	421	3
4234	サンエー化研	0	0	0	0	0
4271	カーリット	789	789	788	789	261
4272	日化薬	660	672	660	668	200
4274	細火工	0	0	0	0	0
4361	川口化	145	145	141	141	2
4362	日精化	405	405	392	396	22
4363	新日鐵化学	190	192	185	192	52
4364	マナック	0	0	0	0	0
4365	松本油脂	1980	1980	1980	1980	1
4366	ダイトーケミ	620	645	620	645	4
4367	広栄化学	0	0	0	0	0
4401	旭電化	760	767	760	767	35
4403	日油脂	232	235	232	235	305
4404	ミヨシ	235	236	231	236	94
4406	日理化	560	580	560	580	10
4409	東邦化	210	210	210	210	2
4410	ハリマ化成	420	440	420	425	10
4452	花王	3040	3220	3020	3160	1973
4461	一工薬	310	318	307	318	42
4462	石原薬品	0	0	0	0	0
4463	日華化学	402	402	402	402	1
4471	三洋化	877	877	872	876	64
4501	三共	2475	2500	2440	2490	592
4502	武田	7130	7230	7050	7230	2695
4503	アステラス薬	5480	5480	5350	5440	437
4505	第一製薬	2745	2790	2720	2775	458
4506	大日薬	1430	1444	1418	1440	447
4507	塩野義	2020	2070	2010	2055	481
4508	田辺薬	820	820	815	820	131
4509	三菱ウェルファーマ	848	848	822	833	243
4511	藤沢薬品	3900	3950	3800	3940	882
4512	わかもと	420	425	412	425	29
4514	帝臓器	760	760	750	750	13
4515	萬有製薬	2290	2300	2245	2300	247
4516	日新薬	1059	1065	1051	1065	59
4517	ビオフェル	959	959	957	957	2
4518	富山化	495	495	476	480	492
4519	中外薬	1931	1945	1914	1930	687
4520	和光堂	3100	3100	3100	3100	0.3
4521	科研薬	701	703	690	690	140
4523	エーザイ	3450	3520	3420	3500	1038
4524	仁丹	1650	1670	1650	1670	8
4526	理ビタ	0	0	0	0	0
4527	ロート	1600	1600	1540	1550	212
4528	小野薬	4400	4460	4220	4270	155
4529	日研化	367	369	365	367	22
4530	久光薬	1613	1614	1591	1614	179
4531	有機薬	361	363	353	362	8
4534	持田薬	691	691	680	686	34
4535	大正薬	3480	3480	3400	3470	390
4536	参天薬	2190	2190	2140	2150	103
4537	エスエス	1100	1120	1095	1115	135
4538	扶桑薬	601	615	597	615	23
4539	ケミファ	245	245	240	243	15
4540	ツムラ	375	375	369	370	13
4541	日医工	156	163	156	159	9
4542	三笠薬	416	416	416	416	2
4543	テルモ	3100	3170	3070	3140	263.5
4544	みらかＨＤ	761	761	742	745	216
4545	国際試薬	346	361	346	361	27
4546	北陸製薬	1279	1340	1279	1300	139
4547	キッセイ	2095	2095	1990	1990	17
4548	生化学	1080	1150	1080	1150	19
4549	栄研化	1680	1682	1620	1620	20
4550	日水薬	0	0	0	0	0
4551	鳥居薬	2660	2780	2660	2770	17.3
4552	日本ケミカル	761	761	758	758	13
4553	東和薬品	810	890	810	850	90
4554	富士製薬	0	0	0	0	0
4555	沢井製薬	1220	1220	1220	1220	0.5
4556	カイノス	910	910	820	850	35
4557	医学生物	1470	1500	1450	1470	6
4558	中京医薬	0	0	0	0	0
4559	ゼリア新薬	1151	1152	1151	1152	2
4560	キョーリン薬	4200	4290	4200	4290	65
4561	デンカ生研	1800	1800	1740	1740	3
4611	大日塗	169	172	168	172	33
4612	日本ペ	342	365	340	362	518
4613	関西ペ	305	309	300	308	83
4614	トウペ	0	0	0	0	0
4615	神東塗	125	125	125	125	4
4616	川上塗	0	0	0	0	0
4617	中国塗	220	220	216	216	45
4619	日特塗	246	252	245	246	19
4620	藤倉化	404	410	402	405	14
4621	ロック	0	0	0	0	0
4622	ユニペイン	0	0	0	0	0
4623	アサヒペン	276	276	276	276	6
4624	イサム	439	439	439	439	1
4625	アトミクス	0	0	0	0	0
4626	太陽インキ	6300	6450	6300	6440	1.9
4627	ナトコ	825	825	810	810	7
4628	エスケー化研	0	0	0	0	0
4629	大伸化学	0	0	0	0	0
4631	インキ	399	408	392	408	758
4633	サカタＩＮＸ	278	278	269	269	19
4634	洋インキ	200	201	198	200	117
4635	東インキ	232	234	232	234	2
4636	Ｔ＆Ｋ	2970	3030	2830	3030	20.3
4640	アンドール	411	411	410	410	5
4641	アルプス技	1850	1870	1850	1870	5
4642	オリジナル設	0	0	0	0	0
4643	コナミスポ	8030	8190	8000	8190	8.7
4644	イマジニア	1100	1140	1080	1130	50.6
4645	市進	0	0	0	0	0
4646	ジャスフォート	865	865	860	865	1.2
4649	大成	0	0	0	0	0
4650	スガイエンタ	0	0	0	0	0
4651	サニックス	6860	7000	6840	6960	37.5
4652	ウッドランド	1700	1790	1700	1790	5.3
4653	ダイオーズ	0	0	0	0	0
4654	ニチゾウテク	0	0	0	0	0
4655	ＮＯＶＡ	555	555	535	555	3
4656	サン・ライフ	3140	3140	3140	3140	0.3
4657	環境管理	970	970	970	970	1
4658	日本空調	0	0	0	0	0
4659	エイジス	945	945	945	945	1
4660	ニッポン放送	5610	5830	5610	5830	17
4661	ＯＬＣ	8900	9100	8900	9090	32.4
4662	フォーカス	2990	2990	2940	2960	28
4663	ＡＴＬ	700000	700000	670000	670000	0.018
4664	ＲＳＣ	0	0	0	0	0
4666	パーク２４	14300	14300	13980	14300	40.7
4667	アイサンテク	245	245	235	240	6
4668	明光ネット	391	391	390	390	6
4669	ニッパンＲ	0	0	0	0	0
4670	セタ	0	0	0	0	0
4671	ファルコバ	2160	2160	2110	2145	14
4672	ベルックス	0	0	0	0	0
4673	川崎地質	400	400	400	400	1
4674	クレスコ	7920	8000	7700	8000	9.3
4675	エヌエス環境	0	0	0	0	0
4676	フジテレビ	1380000	1400000	1350000	1390000	2.651
4678	秀英	1300	1300	1300	1300	0.1
4679	田谷	3000	3000	3000	3000	8
4680	ラウンドワン	161000	163000	158000	161000	0.452
4681	リゾートトラ	2500	2510	2470	2500	5.8
4682	電通テック	10800	10800	10800	10800	2.3
4683	堀内カラー	0	0	0	0	0
4684	オービック	38300	39800	38300	39250	11.7
4685	菱友システム	0	0	0	0	0
4686	ジャスト	4760	4800	4650	4740	9.7
4687	ＴＤＣソフト	3800	3850	3750	3750	1.2
4688	日本ドレーク	10100	10100	9900	9960	3.3
4689	ヤフー	11900000	12950000	11700000	12950000	0.102
4690	日パレット	0	0	0	0	0
4692	アルゴ２１	3600	4020	3590	3860	20.4
4694	ＢＭＬ	4000	4070	3870	4070	16.8
4695	マイスター	510	510	510	510	2
4696	ワタベ	960	960	960	960	3
4697	ゼロ	188000	215000	170000	210000	0.45
4699	ウチダエスコ	0	0	0	0	0
4700	アクセス	5580000	5680000	5550000	5600000	0.037
4701	プレック研	0	0	0	0	0
4702	55ステーション	0	0	0	0	0
4703	住商オート	790	805	790	795	5.3
4704	トレンド	15600	16300	15300	16250	201
4705	クリップ	0	0	0	0	0
4706	富士通サポート	14310	14310	13800	14090	74.4
4707	キタック	0	0	0	0	0
4708	もしもしＨＬ	8200	8300	8100	8300	1.7
4709	ＩＤ	1100	1170	1100	1120	2.9
4710	ウィン	0	0	0	0	0
4711	コミュニティ	1200	1200	1163	1200	0.9
4712	アドアーズ	325	329	322	329	9
4713	日信電サ	1100	1100	1040	1040	3
4714	リソー教育	209000	209000	203000	203000	0.002
4715	クリエイティブ	0	0	0	0	0
4716	日本オラクル	22550	24400	22550	24360	224.5
4717	ソデッソジャパン	2090	2100	2090	2100	8
4718	早稲アカ	360	360	350	350	3
4719	アルファシス	18000	18180	17800	17990	42.3
4720	城南進研	430	430	425	425	4
4721	フジスタッフ	2220	2240	2120	2150	13.2
4722	フューチャー	1650000	1650000	1620000	1650000	0.03
4723	グッドウィル	210000	221000	210000	212000	0.314
4724	シチエ	940	940	910	940	7.5
4725	ＣＡＣ	5400	5400	5400	5400	1
4726	ソフトバンテク	6690	6800	6690	6750	5.5
4727	アジアＳ総研	2550	2550	2500	2550	2
4728	トーセ	5000	5000	4900	4900	2.4
4729	コナミスタジオ	350000	359000	340000	340000	0.03
4730	関西メンテ	659	659	659	659	2
4731	ユニバホーム	661000	661000	661000	661000	0.009
4732	ＵＳＳ	3300	3340	3230	3300	24.7
4733	ＯＢＣ	11500	12000	11000	11800	20.3
4734	ビーイング	600	610	600	600	4
4735	京進	0	0	0	0	0
4736	日本ラッド	1070	1070	1070	1070	1
4737	シダックス	1180	1180	1180	1180	0.3
4738	日立ビジネス	1760	1760	1710	1730	21.7
4739	ＣＴＣ	22060	23000	21800	22800	380.9
4740	ニューディル	550000	550000	500000	530000	0.039
4741	ＩＲＩ	2950000	2950000	2850000	2850000	0.006
4742	エイトコン	705000	705000	705000	705000	0.003
4743	アイティフォ	4210	4300	4200	4300	3.2
4744	メッツ	600000	600000	540000	590000	0.013
4745	東京個別	4300	4300	4290	4300	3
4746	東計電算	1150	1150	1150	1150	1
4747	Ｃフィッシュ	0	0	0	0	0
4748	構造計画	1400	1400	1400	1400	1
4749	アドバックス	273	273	273	273	3
4750	ダイサン	290	290	290	290	1
4751	サイバエージ	604000	604000	551000	555000	0.06
4752	昭和システム	480	480	480	480	2
4753	ライブドア	1750000	1750000	1610000	1650000	0.011
4754	トスネット	365	365	340	350	11
4755	楽天	2620000	2720000	2600000	2720000	0.349
4756	ＣＣＣ	1230	1230	1180	1180	9
4757	インテリ	2400000	2400000	2220000	2250000	0.089
4758	シーアイエス	5550000	6000000	5500000	6000000	0.028
4759	ライブＭ	2000000	2000000	2000000	2000000	0.002
4760	ＡＬＰＨＡ	545	565	535	550	30
4761	さくらＫＣＳ	0	0	0	0	0
4762	エクスネット	3740000	3740000	3400000	3410000	0.02
4763	クリークリバ	1700000	1720000	1650000	1720000	0.011
4764	Ｄデザイン	1590000	1600000	1550000	1550000	0.005
4765	モーニングＳ	3350000	3350000	3250000	3350000	0.004
4766	ピーエイ	1050	1101	1050	1100	10
4767	ＴＯＷ	1050	1100	1050	1060	15
4768	大塚商会	6200	6200	5900	6050	35.5
4769	インフォクリ	570	570	555	560	8
4770	エルミック	1100	1130	1100	1130	12
4771	Ｆ＆Ｍ	3300000	3300000	3200000	3300000	0.004
4772	デジタルアド	5810	6100	5610	5990	56
4773	Ａ＆Ｉ	1960	2270	1940	2270	51
4774	NECソフト	15200	16400	14960	16300	118.6
4775	総合メディカ	1800	1800	1670	1670	2.5
4776	ＣＹＢＯＺＵ	2150000	2150000	2060000	2150000	0.006
4777	ガーラ	1500000	1510000	1470000	1500000	0.007
4778	ヒューマネジ	1600000	1610000	1580000	1580000	0.008
4780	コナミ東京	2000	2010	2000	2010	11
4781	日本ハウズ	670	670	620	620	74
4782	オリコンサル	280	280	270	270	5
4783	日ダイナミク	750	760	720	740	31
4784	まぐクリック	2200000	2250000	2150000	2250000	0.01
4785	Ｓサイエンス	750	750	730	745	19
4786	ディジット	1530000	1540000	1400000	1450000	0.114
4787	ＮＣＧ	1540000	1620000	1450000	1450000	0.261
4788	サイバＣＯＭ	1200000	1240000	1130000	1170000	0.506
4789	エスイーラボ	949	949	901	901	4
4790	グレース	400000	400000	375000	375000	0.005
4791	ドリーム・トレイン	1410000	1500000	1350000	1500000	0.034
4793	富士通ＢＳＣ	8900	8900	8900	8900	2175.5
4901	富士写	3720	3800	3710	3800	514
4902	コニカＨＤ	740	750	728	748	1087
4911	資生堂	1380	1388	1351	1380	839
4912	ライオン	408	409	405	409	284
4913	サンスター	325	326	325	326	14
4914	高砂香	429	432	425	430	41
4915	エイボンＪ	222	222	222	222	2
4916	ノエビア	1050	1060	1050	1050	7
4917	マンダム	1230	1250	1220	1250	106.6
4918	アイビー	0	0	0	0	0
4919	ミルボン	7340	7340	7200	7200	14.1
4920	日本色材	0	0	0	0	0
4921	ファンケル	8820	8880	8660	8750	21
4922	コーセー	3290	3310	3150	3160	40.5
4951	エステー化	646	656	646	651	7
4953	タイホー工業	415	415	414	414	5
4954	マークテック	360	370	360	370	3
4955	アグロカネシ	0	0	0	0	0
4956	コニシ	998	1006	987	1006	3.4
4957	ヤスハラケミ	0	0	0	0	0
4958	長谷川香料	1700	1740	1700	1740	0.6
4959	シーシーアイ	561	561	561	561	1
4960	ケミプロ	290	290	290	290	4
4961	日油技研	0	0	0	0	0
4963	星光ＰＭＣ	0	0	0	0	0
4964	星光化学工業	335	335	335	335	0.1
4965	曽田香料	0	0	0	0	0
4966	上村工	2280	2280	2260	2280	6
4967	小林製薬	7450	7540	7310	7350	47.3
4968	荒川化工	853	870	853	870	3
4970	東洋合成	1200	1200	1200	1200	2
4987	寺岡製	754	754	750	750	14
4989	イハラケミ	210	218	210	214	30
4990	昭和化	0	0	0	0	0
4992	北興化	326	326	326	326	1
4996	クミアイ化	185	189	185	187	15
4997	日農薬	255	255	250	252	118
4998	フマキラ	175	175	172	172	14
4999	セメダイン	0	0	0	0	0
5001	新日本石油	593	610	592	609	2094
5002	昭和シェル	527	543	524	530	423
5006	興亜石油	280	281	275	278	78
5007	コスモ石	209	210	200	204	286
5008	東亜石	111	111	110	110	93
5009	富士興	74	76	73	75	16
5010	日精蝋	82	82	82	82	3
5011	ニチレキ	470	470	460	460	5
5012	東燃ゼネ石	580	586	569	574	335
5013	ユシロ	521	530	520	530	8
5014	ジャパンエナジー	124	125	123	125	1499
5015	ＢＰカスト	630	630	610	630	3.5
5101	浜ゴム	250	254	247	249	239
5102	大機エンジ	210	210	205	205	3
5103	昭ゴム	140	144	135	139	301
5104	日東化工	102	102	102	102	5
5105	洋ゴム	141	143	141	143	92
5106	オーツタイヤ	188	192	185	192	20
5108	ブリヂストン	1249	1277	1238	1254	1493
5110	住友ゴ	641	642	632	638	110
5121	藤ゴム	205	205	200	201	7
5122	オカモト	261	267	250	250	80
5123	ミサワ東洋	0	0	0	0	0
5142	アキレス	159	162	159	162	43
5143	世界長	101	108	100	107	55
5161	西川ゴム	0	0	0	0	0
5162	朝日ラバー	1600	1600	1520	1550	7
5184	ニチリン	302	302	302	302	1
5185	フコク	0	0	0	0	0
5186	ニッタ	1437	1450	1420	1430	128.2
5187	クリエート	0	0	0	0	0
5188	帝都ゴム	0	0	0	0	0
5189	桜ゴム	0	0	0	0	0
5191	東海ゴ	1120	1130	1120	1121	14
5192	三星ベ	265	265	259	262	128
5193	平成ポリマー	102	102	102	102	2
5194	相模ゴ	522	522	521	521	3
5195	バンドー	208	210	206	206	100
5196	鬼ゴム	92	93	89	90	19
5199	不二ラテ	161	162	161	162	3
5201	旭硝子	1139	1140	1127	1131	2878
5202	板硝子	1890	1918	1881	1905	2683
5204	石塚硝	245	245	226	235	10
5205	日本無機	393	393	385	385	14
5208	有沢製	3050	3200	3050	3200	4.9
5210	日山村硝	173	176	172	176	206
5212	不二硝	0	0	0	0	0
5213	芝セラミ	649	658	642	650	392
5214	日電硝	2690	2700	2630	2660	294
5215	旭テクノグラス	1061	1077	1061	1077	6
5216	倉元	1860	1860	1800	1840	22.5
5217	テクノクオツ	1850	1850	1780	1820	15
5232	住友大阪	476	486	473	478	1038
5233	太平洋セメ	171	174	170	170	1338
5234	デイ・シイ	166	166	161	161	3
5237	ノザワ	90	90	86	86	10
5261	ミサワリゾ	269	270	265	269	19
5262	日ヒューム	260	260	245	250	30
5266	テイヒュー	144	144	144	144	1
5267	ハネックス	107	107	107	107	1
5268	旭コン	0	0	0	0	0
5269	日コン	105	105	101	102	18
5271	トヨアサノ	122	122	122	122	2
5273	三谷セキ	0	0	0	0	0
5274	ゼニパイプ	0	0	0	0	0
5276	石建工	361	361	355	355	32
5277	スパンクリト	0	0	0	0	0
5278	エバタ	140	140	140	140	1
5279	日本興業	0	0	0	0	0
5280	ヨシコン	556	556	556	556	2
5281	旭ダンケ	240	240	240	240	2
5282	ジオスター	930	945	930	945	14
5283	高見沢	0	0	0	0	0
5284	ヤマウ	0	0	0	0	0
5285	ヤマックス	430	500	430	481	107
5286	武井工業	240	240	240	240	2
5287	イトヨーギョ	920	920	920	920	2
5301	東海カ	263	266	261	265	348
5302	カーボン	103	105	102	105	101
5304	エスイ−シ−	245	245	245	245	1
5331	ノリタケ	478	480	475	475	127
5332	ＴＯＴＯ	937	978	920	962	5148
5333	ガイシ	1576	1590	1575	1583	869
5334	特殊陶	1751	1770	1711	1769	1148
5336	INAX	567	567	551	557	344
5337	ダントー	375	375	369	369	10
5338	大トー	0	0	0	0	0
5341	アサヒ陶	114	114	113	113	3
5342	ジャニス	0	0	0	0	0
5343	ニッコー	410	410	400	400	5
5344	ＭＡＲＵＷＡ	3850	3850	3710	3750	32
5351	白煉瓦	210	214	210	212	84
5352	黒崎	189	190	178	180	462
5355	ルツボ	140	142	140	140	10
5356	美濃窯	0	0	0	0	0
5357	ヨータイ	189	189	180	189	14
5358	イソライト	184	190	175	190	8
5361	東海熱	0	0	0	0	0
5362	九州耐	0	0	0	0	0
5363	ＴＹＫ	200	203	200	203	9
5367	ニッカトー	831	832	830	830	9
5382	中央商事	0	0	0	0	0
5383	三共理化	0	0	0	0	0
5384	フジミインコ	4680	4720	4500	4720	23.6
5386	鶴弥	0	0	0	0	0
5387	チヨダウーテ	0	0	0	0	0
5388	クニミネ	240	240	240	240	2
5389	日レヂボン	0	0	0	0	0
5390	宇部マテリア	141	141	139	139	14
5391	Ａ＆ＡＭ	117	121	117	118	30
5393	ニチアス	353	360	343	346	361
5395	コランダム	0	0	0	0	0
5397	ＭＩＥテクノ	115	115	115	115	1
5398	日研紙	0	0	0	0	0
5401	新日鉄	198	199	197	197	6443
5403	川崎製鉄	130	131	126	128	3522
5404	日本鋼管	67	68	66	67	2543
5405	住金	64	66	64	65	6304
5406	神戸鋼	68	69	67	69	1542
5407	日新鋼	92	92	89	90	519
5408	中山鋼	144	148	139	148	62
5410	合同鉄	101	103	101	102	136
5423	東京製鉄	500	509	500	508	517.7
5444	大和工	375	387	375	387	92
5445	東京鉄	70	74	70	74	39
5446	北越メ	0	0	0	0	0
5448	東京鋼鉄	0	0	0	0	0
5449	大阪製鉄	460	460	449	450	4.2
5451	淀川鋼	274	274	268	270	108
5453	洋鋼鈑	300	300	290	299	74
5454	日鉄鋼板	193	193	188	188	33
5457	住友鋼管	343	343	330	340	22
5458	高砂鉄	0	0	0	0	0
5461	中部鋼	160	160	160	160	9
5462	日鉄鋼管	130	130	130	130	2
5463	丸一管	1601	1618	1598	1617	74
5464	モリ工	225	225	223	224	15
5471	大同特鋼	280	296	277	295	3185
5476	高周波	93	98	93	98	100
5479	日金工	79	81	79	80	36
5480	冶金工	61	63	61	62	115
5481	山陽鋼	162	170	161	168	57
5482	愛知鋼	316	321	315	320	99
5484	東北鋼	0	0	0	0	0
5486	日立金	914	939	910	920	477
5491	日金属	95	96	94	95	20
5541	大平金	227	234	226	231	323
5542	報国鉄	0	0	0	0	0
5562	日本重化学	129	129	128	129	112
5563	日本電工	165	165	163	165	119
5566	中央電	177	185	177	185	11
5602	栗本鉄	239	240	236	238	108
5603	虹技	99	99	99	99	29
5605	自動鋳	58	58	58	58	6
5606	旭テック	160	165	160	165	25
5607	中可鍛	0	0	0	0	0
5608	川口金	0	0	0	0	0
5609	日鋳造	81	81	79	79	19
5610	大和重	0	0	0	0	0
5612	鋳鉄管	205	207	205	205	18
5613	日本カタン	0	0	0	0	0
5631	日製鋼	109	112	108	112	280
5632	菱製鋼	87	89	87	87	100
5633	関東特殊製鋼	82	82	80	81	91
5641	ＴＤＦ	519	533	500	533	174
5642	日本鍛工	0	0	0	0	0
5644	メタルアート	111	111	111	111	1
5645	イチタン	0	0	0	0	0
5657	鈴木金	151	151	146	150	7
5658	日亜鋼	320	326	320	325	14
5659	日精線	224	224	216	216	6
5660	神鋼線	70	70	68	68	26
5691	東京シヤリング	100	100	100	100	16
5694	大和綱帯	0	0	0	0	0
5695	パウダテック	0	0	0	0	0
5696	川鉄鋼板	0	0	0	0	0
5697	サンユウ	360	360	360	360	1
5701	日軽金	94	96	93	93	792
5702	大紀ア	167	167	167	167	1
5706	三井金	960	976	959	970	3496
5707	東邦鉛	209	209	207	208	330
5711	三菱マ	355	364	351	359	5034
5713	住友鉱	614	626	613	620	3700
5714	同和鉱	376	405	373	400	5796
5715	古河機金	270	274	268	272	809
5716	日鉱金属	585	595	575	595	333
5721	Ｓサイエンス	670	670	595	595	1034
5727	邦チタ	456	456	456	456	1
5728	アライドマテリアル	989	1000	979	994	12
5729	日精鉱	315	324	315	324	24
5734	昭和アルミ	151	151	140	140	152
5738	住軽金	81	83	80	81	179
5739	日製箔	0	0	0	0	0
5740	九州不二サッシ	200	200	200	200	1
5753	日伸銅	70	70	68	68	13
5756	東海アルミ箔	61	61	61	61	3
5757	サンエツ	0	0	0	0	0
5771	菱伸銅	330	330	321	323	38
5781	東邦金	190	190	190	190	7
5801	古河電	3160	3270	3110	3220	4587
5802	住友電	1955	2000	1930	1990	2544
5803	フジクラ	975	993	960	977	4894
5804	菱線工	384	390	378	380	862
5805	昭電線	263	264	255	257	662
5807	東特線	340	343	340	343	19
5808	理研線	330	350	325	350	50
5809	タツタ	176	178	176	178	56
5810	第一電工	104	107	100	105	214
5811	トヨ電線	0	0	0	0	0
5812	日立線	1405	1437	1370	1436	1512
5813	花島電線	0	0	0	0	0
5815	沖電線	300	300	282	282	19
5816	オーナンバ	0	0	0	0	0
5817	日電線	0	0	0	0	0
5818	東日京三電線	341	360	341	360	3
5819	カナレ電気	1890	2030	1890	2030	2.4
5820	三ッ星	249	264	249	264	2
5851	リョービ	174	178	171	176	166
5852	アーレスティ	305	305	305	305	3
5853	京都ダイカスト	0	0	0	0	0
5854	東京理化工	102	102	101	102	28
5855	アサヒプリテ	0	0	0	0	0
5900	ダイケン	420	420	420	420	2
5901	洋カン	1940	1980	1934	1960	284
5902	北カン	278	281	278	280	48
5903	シンポ	560	560	550	550	6
5904	アルコアシステム	511	511	511	511	2
5905	日カン	159	159	159	159	1
5906	エムケー精工	0	0	0	0	0
5907	ＪＦＥコンテ	125	125	125	125	1
5908	日鉄ドラム	265	265	265	265	1
5909	コロナ	1080	1080	1080	1080	0.3
5910	立山アルミ	255	255	250	250	100
5911	横河ブ	435	437	431	432	38
5912	日本橋	130	135	130	135	9
5913	松尾橋	217	217	211	211	4
5914	宮地鐵工所	197	198	192	192	39
5915	駒井鉄	261	265	257	265	98
5916	ハルテック	218	218	216	216	10
5917	サクラダ	107	108	103	104	13
5918	滝上工	310	315	310	310	11
5919	日鉄塔	0	0	0	0	0
5921	川岸工	0	0	0	0	0
5922	那須鉄	177	177	177	177	2
5923	高田機	433	433	432	432	10
5925	酒井鉄工所	0	0	0	0	0
5926	安治川鉄工	0	0	0	0	0
5927	ホリー	0	0	0	0	0
5928	アルメタクス	195	195	190	190	3
5929	三和シャタ	285	285	275	280	293
5930	文化シヤタ	228	232	226	231	43
5931	川田工	199	200	199	199	20
5932	三協アルミ	82	83	80	83	67
5933	アルインコ	0	0	0	0	0
5934	日本ア	53	65	52	64	12
5935	元旦	0	0	0	0	0
5936	洋シヤタ	80	83	80	83	41
5938	住生活Ｇ	1539	1540	1520	1530	189
5939	大谷工業	0	0	0	0	0
5940	不二サッシ	106	107	106	106	5.4
5941	中西製	0	0	0	0	0
5942	フイルコン	0	0	0	0	0
5943	ノーリツ	1145	1155	1144	1150	56
5944	日立粉末	1242	1269	1240	1259	59
5945	天竜製鋸	0	0	0	0	0
5946	長府製	1410	1417	1368	1400	21.7
5947	リンナイ	2240	2245	2215	2245	31.2
5949	ユニプレス	175	178	175	178	4
5950	パワーファス	130	130	130	130	1
5951	ダイニチ工業	273	273	270	270	8.1
5952	アマテイ	0	0	0	0	0
5954	トープラ	400	401	335	335	638
5955	ヤマシナ	100	104	95	99	526
5956	トーソー	420	420	420	420	1
5957	日東精	215	215	208	208	18
5958	三洋工	461	461	426	454	599
5959	岡部	319	321	319	319	14
5961	トーカロ	0	0	0	0	0
5962	浅香工	0	0	0	0	0
5963	日立ツール	678	678	678	678	1
5964	洋刃物	120	120	120	120	3
5965	フジマック	400	400	400	400	1
5966	ＫＴＣ	310	310	310	310	2
5967	前田金	0	0	0	0	0
5969	ロブテックス	127	127	127	127	4
5970	菊池プレス	552	552	551	551	4
5971	共和工業	0	0	0	0	0
5972	日本建鐵	252	252	250	250	1.5
5973	トーアミ	470	470	470	470	2
5974	中国工	165	165	160	164	48
5975	東プレ	338	348	338	348	57
5976	ネツレン	292	293	288	293	6
5977	コマツ電子	1099	1099	1060	1085	17.1
5979	カネソウ	0	0	0	0	0
5980	田中亜鉛	215	220	215	220	2
5981	東京綱	125	129	125	128	133
5982	マルゼン	388	392	388	392	2
5983	イワブチ	0	0	0	0	0
5984	兼房	0	0	0	0	0
5985	サンコール	380	380	375	375	22
5986	モリテック	0	0	0	0	0
5987	オーネックス	0	0	0	0	0
5988	パイオラクス	620	625	620	625	3
5989	ヒラタ	398	398	398	398	4
5990	スーパツール	0	0	0	0	0
5991	ニッパツ	453	456	450	453	230
5992	中央発條	375	380	375	380	11
5993	知多鋼	0	0	0	0	0
5994	ファインＳ	310	310	300	300	34
5995	科学冶金	425	425	425	425	1
5996	新立川	700	700	700	700	0.9
5997	協立エアテク	482	499	482	499	1
5998	アドバネクス	322	340	322	333	173
5999	イハラサイエ	330	330	315	315	3
6005	三浦工	1415	1435	1410	1415	12.5
6011	新潟鉄工所	70	72	70	72	579
6013	タクマ	775	788	775	787	46
6016	神発動	0	0	0	0	0
6018	阪神燃	0	0	0	0	0
6020	神鋼造機	0	0	0	0	0
6021	ロビン	0	0	0	0	0
6022	赤阪鉄	85	88	85	88	2
6023	ダイハツデ	151	151	151	151	1
6041	ボッシュ	133	136	132	135	159
6042	ニッキ	0	0	0	0	0
6101	ツガミ	400	401	394	396	320
6102	池貝	142	145	142	144	78
6103	オークマ	440	446	426	446	422
6104	東芝機	541	560	535	559	475
6106	日立精機	185	190	185	186	62
6107	アマダマシ	276	285	276	282	79
6111	旭精機	205	210	205	210	10
6112	小島鉄	0	0	0	0	0
6113	アマダ	872	919	867	918	581
6114	住倉工業	177	177	169	173	40
6118	アイダ	529	540	521	527	70
6119	ゼィープラス	282	283	282	283	11
6121	滝澤鉄	80	81	80	81	2
6125	岡本工	135	139	135	139	37
6130	日平トヤマ	276	280	270	280	32
6131	浜井産	159	159	150	150	10
6134	富機製	4140	4180	4000	4020	46.3
6135	牧野フ	918	937	916	935	476
6136	ＯＳＧ	620	623	618	623	17
6137	小池工	175	178	170	178	60
6138	ダイジェト	155	168	155	168	26
6139	東芝タンガロイ	675	699	670	690	134
6140	旭ダイヤ	622	623	621	622	26
6141	森精機	1360	1420	1350	1420	137
6142	富士精	231	231	231	231	3
6143	ソディック	688	705	678	705	102
6144	西部電機	230	230	230	230	1
6145	日特エンジ	1720	1800	1700	1760	40
6146	ディスコ	13400	14000	13130	14000	231.6
6147	ヤマザキ	1100	1100	1100	1100	1
6148	UHT	2500	2500	2440	2480	3.7
6149	小田原エンジ	630	630	630	630	0.5
6150	タケダ機械	110	110	108	108	3
6151	日東工器	2980	3000	2930	2930	5.8
6201	豊田織	2130	2140	2125	2140	706
6203	豊和工	141	141	137	139	39
6204	キリウ	180	180	180	180	3
6205	ＯＫＫ	159	160	152	155	25
6206	豊田工	900	914	893	893	104
6208	石川製	105	108	105	107	47
6210	東洋機械	400	400	390	390	12
6211	倉敷機	93	93	93	93	3
6212	帝人製機	259	265	254	265	19
6213	ＯＭ製	151	151	151	151	1
6214	大隈豊和機械	206	210	206	210	10
6216	寿工業	0	0	0	0	0
6217	津田駒	148	148	146	146	7
6218	エンシュウ	178	178	172	175	20
6221	大東製機	270	270	270	270	1
6222	島精機	2200	2200	2040	2050	23
6242	スピンドル	216	223	216	221	22
6245	ヒラノテク	0	0	0	0	0
6246	井上金	0	0	0	0	0
6247	日阪製	480	484	480	480	17
6271	ニッセイ	830	830	800	801	8.4
6272	レオン	381	387	380	380	14
6273	ＳＭＣ	17300	17750	17300	17690	120
6274	新川	4060	4360	4060	4360	98.1
6275	イセキ開発工	82	82	80	80	3
6276	ナビタス	720	725	720	725	3
6277	ホソミクロン	618	620	603	609	20
6278	ユニオンツル	9730	9860	9630	9850	8.8
6279	瑞光	990	1000	990	990	10.9
6280	名機製	685	720	685	720	67
6281	前田製作	0	0	0	0	0
6282	オイレス	1894	1900	1880	1895	2.3
6283	オリイメック	320	321	320	321	3
6284	ＡＳＢ機械	340	340	338	338	4
6286	静甲	570	570	550	550	6
6287	サトー	3030	3100	3020	3100	93.4
6288	ハマダ印刷機	175	175	175	175	3
6289	技研製	289	289	289	289	3
6290	ＳＥＳ	1270	1300	1270	1290	29
6291	エアーテック	817	817	802	802	3
6292	カワタ	690	700	690	700	7
6293	日精樹脂	1240	1242	1210	1220	26
6294	オカアイヨン	0	0	0	0	0
6295	富士変速	241	241	241	241	0.3
6296	ロキテクノ	0	0	0	0	0
6297	鉱研工業	306	315	306	315	2.3
6298	ワイエイシイ	1700	1700	1690	1690	5
6299	神鋼環境Ｓ	282	282	282	282	1
6300	アピクヤマダ	989	990	980	990	16
6301	コマツ	574	589	566	581	3304
6302	住友機	242	243	237	240	1160
6303	ササクラ	377	377	377	377	1
6304	マキ製作所	0	0	0	0	0
6305	日立建機	495	498	485	490	66
6306	日工	253	253	236	246	16
6307	サンセイ	77	78	71	78	7
6309	巴工業	0	0	0	0	0
6310	井関農	87	88	86	88	177
6311	セイレイ工業	233	233	233	233	1
6312	フロイント	0	0	0	0	0
6313	共立	148	150	146	150	13
6314	石井工研	1050	1050	1000	1050	4.4
6315	ＴＯＷＡ	3120	3120	2960	3000	85.5
6316	丸山製	152	152	149	149	47
6317	北川鉄	144	144	139	144	71
6319	シンニッタン	220	220	219	220	13
6320	新ダイワ	0	0	0	0	0
6321	石搬機	351	351	351	351	2
6322	タクミナ	0	0	0	0	0
6323	ローツェ	2050	2060	2000	2000	11
6324	ハーモニック	2500000	2510000	2450000	2450000	0.022
6325	タカキタ	200	200	200	200	7
6326	クボタ	367	374	366	374	1052
6327	北川精機	705	710	705	710	71
6328	荏原実業	1450	1450	1450	1450	1
6329	ＨＥＣ	410	410	400	400	3
6330	東洋エンジ	93	93	89	90	93
6331	化工機	216	219	216	218	52
6332	月島機	615	622	612	620	31
6333	帝国電	0	0	0	0	0
6334	明治機	146	148	140	140	442
6335	東京機	390	400	390	391	30
6336	石井表記	3000	3100	3000	3100	4
6337	テセック	0	0	0	0	0
6338	タカトリ	0	0	0	0	0
6339	新東工	273	276	271	276	12
6340	渋谷工	857	857	835	835	5
6341	日立造船富岡	0	0	0	0	0
6342	太平製	0	0	0	0	0
6343	フリージア	45	48	45	48	11
6345	アイチコーポ	175	176	168	175	12.4
6346	菊川鉄	0	0	0	0	0
6347	プラコー	94	94	94	94	5
6348	日本マリンテクノ	0	0	0	0	0
6349	小森	1361	1368	1350	1358	112
6350	新日本造機	0	0	0	0	0
6351	鶴見製	515	524	500	524	4
6352	トヨコケン	125	125	125	125	1
6354	日立機電	403	403	403	403	3
6355	住友精	361	361	360	360	19
6356	日ギア	175	175	175	175	1
6357	三精輸	316	320	316	316	13
6358	酒井重	228	229	223	228	18
6359	粟村製作所	0	0	0	0	0
6360	東自機	270	310	270	310	2
6361	荏原	1595	1599	1580	1595	473
6362	石井鉄	200	200	195	196	5
6363	酉島	502	505	501	501	12
6364	北越工	137	140	136	140	5
6365	電業社	4310	4310	4310	4310	0.2
6366	千代建	87	90	86	90	218
6367	ダイキン	2200	2280	2150	2275	460
6368	オルガノ	486	486	469	485	63
6369	トヨカネツ	107	109	107	109	73
6370	栗田工	1927	1979	1900	1935	248
6371	椿本チ	375	382	369	378	319
6372	セイサ	0	0	0	0	0
6373	大同工	250	256	248	255	32
6374	ＴＣＭ	331	335	325	335	74
6375	コンベヤ	84	87	84	85	143
6376	日機装	580	586	573	573	78
6377	甲陽建設	247	247	245	246	50
6378	木村化	229	229	220	227	17
6379	新興プラン	109	109	106	107	12
6380	オリチェン	101	105	101	105	7
6381	アネスト岩田	162	163	161	163	15
6382	トリニ工	224	224	224	224	1
6383	ダイフク	1109	1109	1090	1100	96
6386	扶桑レクセ	1280	1280	1250	1250	9
6388	ミサワバン	350	375	350	370	64
6389	内田油圧	51	51	48	51	17
6390	加藤製	151	155	149	155	11
6391	加地テック	152	172	152	165	13
6392	ヤマダコーポ	0	0	0	0	0
6393	油研工	122	123	120	120	35
6394	大江工業	124	124	124	124	2
6395	タダノ	197	199	192	195	28
6396	宇野鉄	143	143	143	143	1
6397	郷鉄工	0	0	0	0	0
6398	日本電産シンポ	0	0	0	0	0
6403	水道機	300	300	300	300	1
6406	フジテック	873	890	873	886	14
6407	シーケーディ	980	992	971	983	156
6408	クラッチ	0	0	0	0	0
6409	キトー	295	300	295	295	4
6411	中野冷	0	0	0	0	0
6412	平和	2100	2130	2085	2130	48.7
6413	理想科学	2280	2290	2280	2290	0.6
6414	川重冷熱	0	0	0	0	0
6415	ニスカ	0	0	0	0	0
6416	桂川電機	290	290	290	290	2
6417	ＳＡＮＫＹＯ	4020	4080	3970	4070	102.9
6418	日金銭	1527	1527	1525	1525	5
6419	マース	3130	3300	3110	3290	53.6
6420	福島工業	0	0	0	0	0
6421	キヤノンＦ	1078	1078	1078	1078	3
6422	キヤノン化成	1210	1230	1200	1220	101
6423	アビリット	4900	4970	4900	4970	24.1
6424	高見サイ	450	450	450	450	3
6425	アルゼ	6280	6330	6150	6170	21.8
6426	サミー	2470	2480	2470	2470	5.8
6427	東北リコー	939	939	939	939	12
6428	オーイズミ	1680	1680	1460	1500	24
6431	キャノンＮＴＣ	351	352	350	350	15
6436	アマノ	1094	1110	1070	1110	53
6437	三条機	135	138	135	138	6
6439	中日鋳	120	120	120	120	1
6440	ＪＵＫＩ	443	462	443	453	495
6442	コピア	392	410	392	410	2
6443	東洋製	122	122	121	121	2
6444	サンデン	560	563	540	553	472
6445	蛇の目	94	95	93	94	30
6448	ブラザー	233	237	233	234	106
6453	シルバ精	165	169	165	165	164
6454	マックス	1160	1160	1130	1155	51
6455	モリタ	282	292	282	282	7
6457	グローリー	1880	1894	1880	1894	39
6458	新晃工	185	187	178	178	9
6459	大和冷	311	314	309	314	19
6461	日ピス	100	100	99	100	79
6462	リケン	214	220	214	220	29
6463	ＴＰＲ	295	295	295	295	1
6466	トウアバルブ	95000	102000	95000	102000	0.01
6467	ニチダイ	540	545	540	545	3
6468	駿河精機	7900	7900	7490	7560	22
6469	放電精密	861	900	861	898	10
6470	大豊工業	890	895	890	895	3.3
6471	日精工	763	780	763	776	1053
6472	ＮＴＮ	408	408	401	405	487
6473	光洋精	804	825	804	809	216
6474	不二越	171	174	171	174	286
6475	天辻	0	0	0	0	0
6476	富士テクニカ	0	0	0	0	0
6477	ツバキ・ナカ	1380	1388	1370	1376	24
6478	ダイベア	0	0	0	0	0
6479	ミネベア	1195	1215	1192	1212	841
6480	トムソン	1400	1400	1370	1375	187
6481	ＴＨＫ	4000	4150	4000	4090	361.2
6482	ユーシン精機	7630	7800	7630	7800	4.4
6483	川重防災	0	0	0	0	0
6484	ＫＶＫ	0	0	0	0	0
6485	前沢給装	635	659	635	659	3
6486	イーグル工	331	333	325	325	7
6487	積水工機	222	222	222	222	1
6488	ヨシタケ	260	260	260	260	1
6489	前沢工業	825	850	822	845	13.9
6490	ピラー	831	839	821	821	33
6492	岡野バ	0	0	0	0	0
6493	日鍛バ	202	202	202	202	8
6494	ファネス	393	446	390	417	229
6495	宮入バ	81	81	80	80	3
6496	中北製	195	195	195	195	1
6497	ハマイ	0	0	0	0	0
6498	キッツ	181	184	180	182	153
6499	大隈エンジニア	0	0	0	0	0
6501	日立	1243	1273	1236	1265	5378
6502	東芝	872	906	870	906	13382
6503	三菱電	894	919	893	914	3623
6504	富士電機ＨＤ	394	397	386	395	2146
6505	東洋電	130	130	128	129	23
6506	安川電	1161	1199	1161	1192	572
6507	神鋼電	200	209	200	208	102
6508	明電舎	208	209	204	208	359
6513	オリジン	810	822	810	822	22
6516	山洋電	649	685	635	682	630
6517	デンヨー	671	680	671	680	10
6518	三相電機	0	0	0	0	0
6519	エネサーブ	4500	4600	4390	4480	46
6581	日立工	323	323	320	321	115
6584	三桜工	531	540	519	529	53
6585	サーボ	257	275	257	267	9
6586	マキタ	845	858	845	852	73
6587	松下精工	410	415	410	414	40
6588	東芝テック	453	460	441	460	326
6590	芝浦	890	934	885	934	95
6591	西芝電	161	161	160	160	9
6592	マブチ	13750	13890	13680	13790	26.8
6593	ローヤル電	0	0	0	0	0
6594	日電産	8780	9000	8750	8970	65
6621	高岳	165	165	161	163	84
6622	ダイヘン	198	201	197	199	114
6623	愛電機	220	220	220	220	1
6624	田淵電	216	216	216	216	2
6641	日新電	298	300	296	300	117
6643	戸上電	145	145	145	145	7
6644	大崎電	710	711	690	699	21
6645	オムロン	2850	2905	2850	2870	532
6646	エナジーサポ	359	360	350	360	22
6647	森尾電	125	125	125	125	2
6648	かわでん	5	5	4	4	816
6650	春日電	138	138	138	138	9
6651	日東工	905	910	899	900	53
6652	和泉電	1229	1293	1229	1293	6.5
6654	不二電機	590	610	590	610	2
6655	東洋電機	325	325	325	325	1
6701	ＮＥＣ	2485	2550	2470	2515	10482
6702	富士通	2465	2555	2455	2530	6784
6703	沖電気	726	760	726	760	1042
6704	岩崎通	250	250	246	250	71
6705	ＮＥＣインフ	572	587	571	587	46
6706	電気興	811	825	810	816	111
6707	サンケン	737	759	737	750	448
6708	東洋通	1208	1220	1188	1198	227
6709	明星電	140	140	132	132	2
6710	大興電機製作	227	227	225	226	15
6711	高見澤電機	217	217	197	206	9
6712	田村電機製作	272	278	271	273	29
6714	神田通信工業	198	200	198	198	14
6715	ナカヨ通	275	285	275	285	12
6716	中央無	400	400	400	400	7
6717	富士通アクセ	1690	1709	1670	1690	39.6
6718	アイホン	1250	1290	1250	1258	4
6741	信号	440	448	440	448	44
6742	京三	242	245	242	244	5
6743	大同信	0	0	0	0	0
6744	能美防災	399	405	395	399	38
6745	ホーチキ	280	283	278	278	22
6747	小糸工	294	294	292	293	6
6748	星和電	0	0	0	0	0
6749	マスプロ	1161	1180	1161	1170	1.3
6751	日無線	1039	1048	1038	1045	268
6752	松下	2995	3080	2975	3050	12609
6753	シャープ	1641	1690	1629	1686	4287
6754	アンリツ	3260	3350	3230	3310	1100
6755	富士通ゼ	667	684	667	676	33
6756	日立国際	1055	1080	1055	1078	105
6758	ソニー	10500	10870	10500	10760	1806
6759	ＮＥＣトーキ	1099	1130	1080	1125	292
6761	アイワ	1035	1120	1025	1099	452.6
6762	ＴＤＫ	13100	14200	13030	14100	520.8
6763	帝通工	376	383	376	383	53
6764	三洋電	1000	1031	999	1018	24640
6765	ケンウッド	397	404	396	402	236
6766	宮越商	27	27	25	26	193
6767	ミツミ	4070	4210	4010	4090	508
6768	タムラ	481	485	475	475	58
6770	アルプス	2130	2240	2110	2200	824
6771	池上通	292	292	281	283	30
6772	コスモス	150	150	150	150	8
6773	パイオニア	4010	4260	3980	4240	1154
6775	東和メクス	116	116	115	115	97
6776	天昇電	0	0	0	0	0
6779	日電波	4340	4460	4310	4310	60.7
6781	松下通信工業	16140	16430	15730	16320	844.8
6782	九州松下電器	1110	1135	1100	1135	140
6783	松下寿電子	2070	2070	2040	2045	138
6790	野田スクリン	5240000	5550000	5000000	5500000	0.042
6791	コロムビア	202	210	198	202	41
6792	ビクター	940	968	935	965	591
6793	山水電	10	11	10	10	672
6794	フォスター	585	600	581	594	136
6796	クラリオン	388	397	385	393	561
6797	名古屋電機	1500	1500	1500	1500	4
6798	ＳＭＫ	740	751	735	746	196
6799	日本マランツ	205	206	201	206	7
6800	ヨコオ	2210	2300	2205	2210	67.6
6801	東光	605	623	598	614	773
6802	赤井電機	10	11	10	10	3301
6803	ティアック	353	359	352	357	42
6804	ホシデン	3770	3840	3760	3810	146
6806	ヒロセ電	14190	14490	14060	14430	25.9
6807	航空電子	749	759	742	758	167
6808	シントム	57	57	55	57	2389
6809	ＴＯＡ	355	355	350	351	12
6810	マクセル	2390	2425	2370	2410	69
6811	クオンツ	497	499	480	499	38
6812	ジャルコ	478	478	470	470	3
6813	ナカミチ	84	84	83	83	57
6814	古野電	350	360	350	360	8
6815	ユニデン	569	583	566	583	207
6816	アルパイン	1500	1525	1500	1500	64
6817	スミダコーポ	5450	5460	5400	5450	5.5
6818	島田理	1341	1400	1330	1400	5.4
6819	オメガ・プロ	571	650	550	601	353
6820	アイコム	1770	1790	1760	1760	20.9
6821	バーテクスＳ	1100	1100	1100	1100	1
6822	大井電気	284	284	284	284	2
6823	リオン	745	745	745	745	1
6824	新コスモス	435	435	435	435	1
6825	パトライト	2000	2000	2000	2000	2
6826	本多通信	4500	4550	4500	4550	5.1
6827	東北パイオ	4690	5080	4670	5080	28
6828	シメオ精密	7020	7600	7020	7450	120
6829	ソーテック	1530000	1590000	1510000	1530000	0.161
6830	ＹＯＺＡＮ	7400000	8030000	7000000	7600000	0.222
6832	アオイ電子	4530	4610	4530	4600	14
6833	日電産リード	2300	2300	2280	2280	13
6834	精工技研	53300	54800	50700	53400	68.3
6835	アライドＨＤ	8600	8600	8300	8300	11.4
6836	ぷらっと	6900000	6900000	6850000	6850000	0.003
6837	京写	1060	1060	1060	1060	1
6838	多摩川電	1750	1750	1750	1750	1
6839	船井電	10000	10240	9360	9390	253.2
6840	アドテック	2000	2000	1950	1960	22
6841	横河電	992	1020	985	1019	420
6842	ユニパルス	2400	2400	2290	2390	10
6843	東光精機	0	0	0	0	0
6844	新電元	699	716	696	715	76
6845	山武	1220	1228	1215	1228	46
6846	中央製	0	0	0	0	0
6847	安藤電気	1520	1530	1500	1515	74
6848	東亜ＤＫＫ	364	381	364	381	16
6849	日本光電	300	302	299	300	16
6850	チノー	240	240	236	240	24
6851	大倉電気	201	203	198	201	46
6852	テクノセブン	133	133	132	132	5
6853	共和電	265	265	259	259	30
6855	電子材料	1610	1610	1500	1580	80
6856	堀場製	1020	1050	1020	1040	67
6857	アドバンテスト	15960	16740	15820	16740	582.1
6858	小野測器	225	237	225	237	12
6859	エスペック	1197	1210	1179	1200	54
6860	サンクス	1371	1380	1371	1380	2
6861	キーエンス	37000	37150	36250	36850	52.1
6862	ミナトエレ	180	180	180	180	2
6863	ニレコ	565	565	560	560	4
6864	ＮＦ回路	0	0	0	0	0
6866	ＨＩＯＫＩ	0	0	0	0	0
6867	リーダー電子	0	0	0	0	0
6868	東カソード	1140	1150	1100	1120	12.1
6869	シスメックス	3150	3190	3090	3150	4.6
6870	フェンオール	0	0	0	0	0
6871	日本マイクロ	1750	1830	1720	1830	21.4
6872	日本コーリン	6400	6400	6100	6340	17
6873	日立電子Ｅ	820	820	792	792	5
6874	協立電機	2600	2610	2570	2570	2.7
6875	メガチップス	4500	4550	4460	4460	29.3
6876	光波	2950	3100	2950	3100	41.9
6877	ＯＢＡＲＡ	0	0	0	0	0
6878	長野日無	526	526	521	521	10
6879	フォトロン	0	0	0	0	0
6880	シンワ	910	940	910	940	2
6881	キョウデン	2690	2695	2680	2690	56
6882	三社電機	900	910	900	900	11
6883	電産コ電	1310	1310	1310	1310	1
6884	デジタル	3700	3700	3700	3700	0.1
6885	ミヤチテクノ	4480	4500	4280	4350	154.2
6886	グラフィック	483	483	483	483	2
6887	日本ＬＳＩカード	320000	320000	300000	300000	0.009
6888	アクモス	370000	380000	355000	360000	0.039
6889	オーデリック	0	0	0	0	0
6890	フェローテク	1900	1980	1890	1910	60
6891	イーター電機	0	0	0	0	0
6892	シチズン電子	9800	9800	9500	9600	5.2
6893	タイテック	730	740	730	740	7
6894	パルステック	1810	1900	1790	1900	12
6895	ダイヤ電機	570	570	560	568	6
6896	北川工業	1000	1000	980	1000	14.3
6897	ツインバード	0	0	0	0	0
6898	トミタ電機	0	0	0	0	0
6899	ＡＳＴＩ	616	616	616	616	5
6900	東京電波	4930	5100	4920	5100	49.8
6901	沢藤電	246	246	240	245	12
6902	デンソー	2530	2610	2530	2600	817
6904	原田工業	0	0	0	0	0
6905	コーセル	3800	3870	3800	3870	6.5
6906	キヤ･コンポ	290	300	290	290	7
6907	ジオマテック	2210	2290	2200	2290	17.1
6908	イリソ電子	525	525	520	520	3
6909	北部通信工業	331	341	331	340	3
6910	日立メディコ	1090	1144	1090	1144	14
6911	新日無	1290	1430	1280	1350	113
6912	菊水電子	0	0	0	0	0
6913	メルコ	4000	4100	3980	4020	116.8
6914	オプテックス	1020	1020	1020	1020	1
6915	千代田インテ	1450	1480	1440	1440	16
6916	アイオデータ	2280	2290	2230	2280	18.7
6917	デンセラムダ	2310	2370	2310	2365	18.1
6918	アバール	974	974	950	950	5
6919	ケル	670	670	670	670	1
6920	レーザーテク	2320	2320	2250	2250	2
6921	東光電	307	307	307	307	1
6922	昭和情報	0	0	0	0	0
6923	スタンレー	1314	1357	1314	1350	1385
6924	岩崎電	250	258	250	256	32
6925	ウシオ電	2420	2445	2405	2440	318
6926	岡谷電	305	329	301	322	41
6928	エノモト	1130	1170	1130	1130	28
6929	日セラ	2330	2350	2315	2340	69
6930	日本アンテナ	1060	1060	1060	1060	1
6931	日本電池	428	430	426	428	127
6932	ユアサコーポ	385	385	385	385	8
6933	ＹＵＡＳＡ	272	278	266	277	194
6934	新神戸	668	670	659	665	16
6935	日デジタル	1725	1750	1715	1719	14.9
6936	東洋高砂乾	128	128	128	128	2
6937	古河池	298	300	298	300	5
6938	双信電機	920	920	890	890	8
6939	ＵＭＣＪ	1080000	1170000	1080000	1150000	0.666
6940	多摩電気	271	271	271	271	4
6941	山一電機	2530	2530	2445	2470	16.5
6942	ソフィア	240	240	240	240	1
6943	開閉器	690	690	680	680	2
6944	アイレックス	201	201	201	201	1
6945	ＦＴＥＣ	586	587	586	586	5
6946	日本アビオ	280	280	276	276	6
6947	図研	2420	2470	2420	2470	40.5
6948	住友電装	779	829	779	829	2
6949	キンセキ	1273	1280	1245	1255	67
6950	ＹＥデータ	435	435	429	429	7
6951	日電子	760	763	740	740	78
6952	カシオ	1250	1279	1246	1273	341
6954	ファナック	11800	12050	11750	11950	366.8
6955	ＦＤＫ	1100	1100	1059	1090	179
6956	神明電	1670	1670	1600	1650	20
6957	芝浦電子	305	305	305	305	4.1
6958	日本ＣＭＫ	2060	2125	2060	2100	182
6960	フクダ電	1970	1970	1950	1950	6
6961	エンプラス	5220	5480	5200	5400	71.1
6962	大真空	660	660	649	651	204
6963	ローム	28100	29100	28020	29100	399.9
6964	サンコー	1850	1865	1801	1865	15
6965	ホトニクス	7200	7390	7150	7270	260.6
6966	三井ハイテク	1850	1870	1845	1870	57.7
6967	新光電工	4400	4480	4340	4480	95.4
6968	グラフテック	171	171	170	171	11
6969	松尾電	501	515	501	502	60
6970	日本コンラックス	600	608	600	605	32
6971	京セラ	16920	17350	16730	17190	449.8
6972	エルナー	460	470	460	465	56
6973	協栄産	320	320	315	315	9
6974	日本インター	325	330	325	330	4
6975	ＮＥＯＭＡＸ	1136	1136	1121	1130	223
6976	太陽電	5020	5380	5020	5310	627
6977	抵抗器	210	224	210	224	6
6980	日立ＡＩＣ	1306	1319	1290	1295	18
6981	村田製	14000	14570	13990	14400	949.5
6982	リード	86	86	85	85	13
6984	朝日ナショナ	0	0	0	0	0
6985	ユーシン	392	392	375	376	9
6986	双葉電	4240	4320	4240	4280	45.7
6988	日東電	3900	4100	3890	3970	377.7
6989	北電工	184	193	182	190	106
6991	松電工	1253	1266	1253	1260	643
6992	国産電	0	0	0	0	0
6993	森電機	115	115	110	111	38
6994	指月電	225	225	224	224	3
6995	東海理	955	955	949	949	12
6996	ニチコン	2400	2545	2390	2480	253.9
6997	日ケミコン	744	780	741	780	246
6998	タングス	291	291	291	291	1
6999	ＫＯＡ	2800	2800	2690	2700	243.4
7003	三井造	109	113	109	113	1968
7004	日立造	97	101	97	100	3660
7007	佐世保	73	73	72	73	144
7011	三菱重	437	446	434	442	11268
7012	川重	133	138	132	138	1382
7013	石川島	193	207	193	207	9909
7014	名村造	121	122	120	120	8
7018	内海造	0	0	0	0	0
7020	サノヤス	168	168	165	168	4
7021	ニッチツ	157	157	155	155	3
7052	信貴造船所	0	0	0	0	0
7102	日車両	193	194	189	193	203
7104	富士車輌	126	126	126	126	3
7105	ニチユ	196	196	196	196	1
7122	近畿車	141	144	138	143	20
7123	東急車輌製造	79	80	78	80	18
7124	輸送機工業	0	0	0	0	0
7142	ナブコ	155	157	151	155	11
7201	日産自	635	650	632	646	26691
7202	いすゞ	230	237	228	235	788
7203	トヨタ	4320	4410	4310	4410	2467.8
7204	小松ゼノア	248	248	235	235	11
7205	日野自	430	441	418	429	509
7210	日産ディ	100	100	97	98	113
7211	三菱自	344	346	340	343	609
7212	エフテック	0	0	0	0	0
7219	ＨＫＳ	560	560	510	535	7
7220	武蔵精密	1180	1200	1170	1170	5
7221	トヨ車	1058	1099	1056	1099	16
7222	産車体	155	160	150	160	89
7223	関東自	634	635	624	624	14
7224	新明和	180	181	175	181	54
7225	小松フォーク	162	162	160	161	29
7226	極東開発	515	515	500	501	4.1
7227	アスカ	0	0	0	0	0
7228	デイトナ	0	0	0	0	0
7229	ユタカ技研	0	0	0	0	0
7230	日信工業	1687	1700	1680	1690	7
7231	トピー	171	175	170	173	229
7232	トキコ	197	198	194	196	91
7233	自部品	82	82	82	82	1
7234	橋本フォーミング	61	64	61	64	5
7235	東ラヂ	133	133	133	133	1
7236	ティラド	445	449	439	441	74
7237	ボッシュブレーキ	150	150	150	150	1
7238	ブレーキ	212	212	210	211	6
7239	タチエス	0	0	0	0	0
7240	ＮＯＫ	750	760	747	750	311
7241	フタバ	1221	1280	1221	1280	46
7242	カヤバ	201	204	198	204	44
7243	シロキ	223	224	217	224	11
7244	市光工	198	200	197	200	26
7245	大同メ	650	651	645	645	6
7246	プレス工	78	78	75	78	63
7247	ミクニ	137	137	137	137	1
7248	カルソニック	244	249	242	246	107
7249	尾張精	218	218	218	218	1
7250	太平洋工	264	268	264	265	10
7251	ケーヒン	828	850	828	844	27
7252	富士機	0	0	0	0	0
7253	日本ガスケット	0	0	0	0	0
7254	フジユニ	0	0	0	0	0
7255	桜井製	0	0	0	0	0
7256	河西工	235	235	224	233	20
7257	自転車電機工	410	414	401	410	11
7258	栃木富士産業	225	230	225	229	22
7259	アイシン	1700	1704	1687	1698	284
7260	富士機工	215	220	215	220	2
7261	マツダ	218	223	216	221	1805
7262	ダイハツ	875	890	875	883	275
7263	愛知機	211	225	210	218	51
7264	ＭＵＲＯ	0	0	0	0	0
7265	エイケン工業	0	0	0	0	0
7266	今仙電機	0	0	0	0	0
7267	ホンダ	3900	4050	3900	3990	1159
7268	タツミ	0	0	0	0	0
7269	スズキ	1150	1200	1150	1192	1217
7270	富士重	703	722	697	710	2387
7271	安永	0	0	0	0	0
7272	ヤマハ発	830	835	824	829	166
7273	イクヨ	0	0	0	0	0
7274	ショーワ	593	629	591	629	41
7275	ユニシア	168	178	168	178	38
7276	小糸製	525	525	521	522	41
7277	ＴＢＫ	118	118	118	118	5
7278	エクセディ	800	805	785	800	153.4
7279	ケーブル	1066	1066	1059	1060	6
7280	ミツバ	418	420	417	420	6
7282	豊田合	7490	7540	7300	7390	188
7283	愛三工	740	740	730	730	7
7284	盟和産	240	240	240	240	1
7285	池田物産	60	64	60	63	27
7286	イズミ工業	110	110	110	110	1
7287	日精機	680	680	675	675	17
7288	テクノエイト	237	237	237	237	1
7289	マーレ テネックス	197	198	197	198	3
7290	日発精密工業	340	340	340	340	4
7291	日本プラスト	270	279	270	279	2
7292	村上開明	0	0	0	0	0
7293	大井製作所	234	234	231	231	3
7294	ヨロズ	419	424	410	411	13.4
7295	アイエス製機	380	385	380	380	4
7296	ＦＣＣ	1060	1060	1060	1060	2
7297	カーメイト	620	620	620	620	0.5
7298	八千代工	0	0	0	0	0
7299	フジオーゼ	166	170	166	170	3
7301	宮田	120	120	120	120	5
7305	新家工	105	109	100	102	14
7306	丸石自転車	270	270	265	266	13
7308	ツノダ	80	80	80	80	2
7309	シマノ	2140	2140	2105	2140	29.6
7399	ナンシン	0	0	0	0	0
7404	昭和飛	280	280	280	280	1
7407	日本飛行機	269	279	266	268	52
7408	ジャムコ	465	465	465	465	5
7410	横浜鋼業	109	109	109	109	1
7411	成和産業	0	0	0	0	0
7412	アトム	1449	1450	1416	1416	7
7413	創健社	0	0	0	0	0
7414	小野建	680	680	680	680	1
7415	新星堂	310	310	300	310	11
7416	はるやま	640	640	640	640	3.5
7418	ヤマキ	0	0	0	0	0
7419	ノジマ	1370	1370	1290	1300	6.4
7420	佐鳥電機	1285	1300	1281	1290	13
7421	カッパクリエ	3320	3350	3320	3330	5.1
7422	東邦レマック	0	0	0	0	0
7423	フォンテーヌ	1231	1280	1230	1260	3.3
7424	ニコニコ堂	0	0	0	0	0
7425	初穂商事	285	285	285	285	1
7426	山大	0	0	0	0	0
7427	エコーＴＤ	1470	1470	1450	1450	2.7
7428	江戸沢	770	770	770	770	1
7429	セイジョー	1230	1230	1170	1180	6.7
7430	サンワドー	0	0	0	0	0
7432	ダルトン	264	264	264	264	1
7433	伯東	2980	3040	2915	2990	45.6
7434	オータケ	1500	1500	1500	1500	0.1
7435	ナ・デックス	0	0	0	0	0
7437	シーアンドエス	3650	3720	3650	3710	71.8
7438	コンドー	500	500	500	500	0.5
7439	サンミック千代田	176	176	176	176	1
7440	クラフト	840	840	840	840	1
7442	中山福	340	340	340	340	4
7443	横浜魚類	0	0	0	0	0
7444	ハリマ共和	0	0	0	0	0
7445	ライトオン	5000	5150	5000	5150	10.5
7446	東北化学	420	420	420	420	2
7447	ナガイレーベ	2390	2400	2220	2400	4.2
7448	ジンズメイト	1100	1120	1100	1120	9.2
7449	太洋興業	0	0	0	0	0
7450	サンデー	830	830	830	830	1
7451	菱食	5160	5240	5060	5150	8.1
7452	マツヤ	0	0	0	0	0
7453	良品計画	8540	9390	8450	9150	309.7
7454	ホットスパー	135	135	130	130	6
7455	三城	5200	5330	5150	5300	145.8
7456	松田産業	2100	2100	2100	2100	0.5
7457	セキテクノ	560	560	560	560	2
7458	第一興商	1490	1500	1460	1470	9.4
7459	メディセオＨＤ	906	907	890	890	95.5
7460	ヤギ	475	475	475	475	1
7461	キムラ	1170	1170	1170	1170	9
7462	ダイヤ通商	0	0	0	0	0
7463	アドヴァン	1659	1690	1650	1665	12.4
7464	セフテック	0	0	0	0	0
7465	ＭＶ北海道	0	0	0	0	0
7466	ＳＰＫ	0	0	0	0	0
7467	萩原電気	668	668	654	660	31
7468	アムスク	1330	1330	1330	1330	1
7470	サロモンメイド	0	0	0	0	0
7471	ふじ	0	0	0	0	0
7472	鳥羽洋行	1000	1000	1000	1000	1
7473	静岡スバル	0	0	0	0	0
7474	パオ	501	501	501	501	1
7475	アルビス	445	462	441	462	12
7476	アズワン	1700	1760	1690	1690	13.1
7477	ムラキ	0	0	0	0	0
7478	ブルーグラス	535	551	535	551	3
7479	サンマルク	3800	3810	3800	3800	11.1
7480	スズデン	0	0	0	0	0
7481	尾家産	800	800	800	800	1
7482	シモジマ	1010	1010	1010	1010	2
7483	ドウシシャ	2320	2380	2320	2350	5.1
7485	岡谷鋼機	940	940	940	940	3
7486	サンリン	0	0	0	0	0
7487	小津産業	1050	1050	1000	1000	2.1
7488	ヤガミ	0	0	0	0	0
7490	日新商	0	0	0	0	0
7491	ＯＡシステム	700	710	700	710	2
7492	タイカン	395	395	395	395	2
7494	コナカ	740	740	725	735	5.4
7495	レオ	0	0	0	0	0
7496	八千代ムセン	1050	1055	1050	1055	2.5
7497	マインマート	690	690	690	690	1.2
7498	ジャパン	2000	2000	2000	2000	1.5
7500	西川計測	380	380	380	380	1
7501	ティムコ	800	840	800	800	3
7502	プラザクリエ	4320	4320	4320	4320	2.1
7503	ＩＭＩ	0	0	0	0	0
7504	高速	0	0	0	0	0
7505	扶桑電通	720	722	720	722	2
7506	ハウスローゼ	783	783	780	780	0.4
7507	浜 勝	0	0	0	0	0
7508	オートセブ	0	0	0	0	0
7509	アイエー	600	600	600	600	3
7510	竹菱電機	0	0	0	0	0
7511	ジプロ	0	0	0	0	0
7512	ポスフール	1106	1106	1082	1093	7.2
7513	コジマ	2770	2800	2750	2775	50
7514	ヒマラヤ	711	711	691	691	1
7515	マルヨシ	0	0	0	0	0
7516	コーナン	1081	1081	1045	1051	17.2
7517	黒田電気	3500	3510	3400	3410	15
7518	ネットワン	3190000	3310000	3160000	3290000	0.532
7519	五洋インテ	0	0	0	0	0
7520	エコス	580	608	580	608	1.3
7521	ムサシ	0	0	0	0	0
7522	ワタミ	6500	6660	6400	6400	18
7523	アールビバン	1280	1280	1230	1250	5.9
7524	マルシェ	0	0	0	0	0
7527	システムソフ	0	0	0	0	0
7528	安藤薬業公司	280	280	280	280	5
7529	はるやま	0	0	0	0	0
7530	ナブコドア	0	0	0	0	0
7531	清和鋼業	0	0	0	0	0
7532	ドンキホーテ	11340	11700	11050	11600	13.4
7535	グッドマン	2500	2500	2440	2440	0.6
7536	船橋薬品	0	0	0	0	0
7537	丸文	1750	1801	1700	1700	32
7538	大水	433	433	433	433	3
7539	アベルコ	320	320	305	305	4
7540	エルエスフェンス	0	0	0	0	0
7541	メガネトップ	2450	2450	2450	2450	0.2
7542	ビスケーＨＤ	0	0	0	0	0
7543	ミスタージョン	0	0	0	0	0
7544	スリーエフ	1190	1251	1190	1251	3.2
7545	西松屋チェ	1471	1480	1470	1480	8.4
7547	オートハローズ	250	250	250	250	1
7548	サンクスＪＰ	1120	1140	1120	1140	7
7549	エス・エス・ブイ	0	0	0	0	0
7550	ゼンショー	1660	1660	1600	1600	4.8
7551	ウェッズ	347	347	347	347	0.1
7552	ハピネット	2230	2250	2200	2250	7.7
7553	サザビー	4900	5150	4900	5150	3.6
7554	幸楽苑	0	0	0	0	0
7555	大田花き	0	0	0	0	0
7556	住商エレク	1440	1450	1430	1430	4.1
7557	サンクス	3330	3360	3220	3270	88.9
7558	トーメンエレ	5100	5250	5100	5250	13.2
7559	ジーエフシー	0	0	0	0	0
7560	ユニマット	1020	1025	1010	1020	7.3
7561	ハークスレイ	1890	1960	1890	1910	5.3
7562	安楽亭	850	850	840	840	3
7563	ニッパン	0	0	0	0	0
7564	ワークマン	1660	1660	1660	1660	10
7565	万世電機	0	0	0	0	0
7566	ジャパンケア	1490	1530	1490	1500	34
7567	栄電子	1010	1010	991	1010	18
7568	クレックス	0	0	0	0	0
7569	モンテカルロ	210	215	210	215	4
7570	橋本総業	0	0	0	0	0
7571	ヤマノＨＣ	0	0	0	0	0
7573	ツルハ	2160	2160	2040	2100	41
7574	共信テクノ	1300	1300	1300	1300	6
7575	日本ライフＬ	1000	1020	1000	1010	2.1
7576	ベターライフ	630	630	630	630	1
7577	パスポート	0	0	0	0	0
7578	ニチリョク	690	690	690	690	1
7579	オリジン東	3560	3700	3480	3600	59.5
7580	フーズネット	1211	1211	1211	1211	1
7581	サイゼリヤ	6550	6600	6460	6590	12.4
7582	富デバイス	2350	2380	2310	2380	22
7583	通商	0	0	0	0	0
7584	丸紅インフォ	0	0	0	0	0
7585	かんなん	0	0	0	0	0
7586	寺島薬局	1370	1370	1280	1370	2.1
7587	ＰＡＬＴＥＫ	3690	3730	3600	3730	9.2
7588	シートゥーネット	7610	7990	7560	7950	16
7589	デジキューブ	1210000	1250000	1210000	1240000	0.011
7590	タカショー	0	0	0	0	0
7591	エクセル	1350	1400	1350	1350	16
7592	アイ・ユー・ケイ	0	0	0	0	0
7593	ＶＴＨＤ	0	0	0	0	0
7594	マルカキカイ	349	349	340	340	2
7595	アルゴグラフ	2300	2320	2250	2250	4.5
7596	魚力	3300	3300	3290	3300	2.2
7597	東京貴宝	0	0	0	0	0
7598	ナイスクラ	290	290	285	285	4
7599	ガリバー	3900	4150	3900	4100	14.5
7600	日本ＭＤＭ	3800	3900	3780	3850	46.1
7601	ポプラ	1350	1350	1310	1320	5.5
7602	ジャック	3400	3600	3400	3500	78.5
7603	マックハウス	510	520	510	520	6
7604	梅の花	1180000	1330000	1170000	1330000	0.019
7605	フジコーポ	205	230	205	210	14
7606	Ｕアローズ	1910	1910	1830	1890	8.7
7607	進和	920	920	920	920	1
7608	ＳＫジャパン	505	505	505	505	7
7609	ダイトエレク	3300	3340	2950	2950	37
7610	テイツー	640000	650000	640000	650000	0.002
7611	ハイデ日高	1380	1380	1350	1380	6
7612	コモンウェル	0	0	0	0	0
7613	シークス	1900	2100	1900	2100	3.1
7614	オーエムツー	3100	3110	3050	3100	0.9
7615	京都友禅	675000	675000	665000	668000	0.027
7616	コロワイド	0	0	0	0	0
7617	オオゼキ	4950	5000	4950	5000	3.5
7618	ＰＣＤＥＰＯ	0	0	0	0	0
7619	田中商事	300	300	300	300	12
7620	ヤマト硝子	415	415	415	415	1
7621	うかい	1070	1070	1070	1070	1
7622	焼肉サカイ	2200	2210	1860	1930	19.4
7623	サンオータス	418	418	410	410	3
7624	内藤	0	0	0	0	0
7625	ダイニング	3680	3810	3680	3800	6.9
7626	ドッドウエル	1550	1550	1500	1550	8
7627	なか卯	1050	1050	1050	1050	2
7628	オーハシテク	1950	2000	1950	2000	2
7629	ムラチク	999	999	999	999	1
7630	壱番屋	1500	1510	1480	1510	33
7631	マクニカ	16400	16400	16100	16300	7.1
7632	住商メタレックス	460	470	460	470	4
7633	明響社	640	655	640	655	2
7634	星医療	1370	1370	1350	1350	2
7635	杉田エース	0	0	0	0	0
7636	ハンズマン	1010	1020	1000	1000	4
7637	白 銅	1420	1460	1420	1460	10
7638	シーマ	375	375	375	375	1
7639	贔屓屋	775	775	755	755	2
7640	トップカル	0	0	0	0	0
7641	フォーユー	760000	810000	760000	810000	0.003
7642	ビジョン	0	0	0	0	0
7643	ダイイチ	410	410	410	410	1
7644	常盤薬品	599	599	599	599	1
7645	日本トイザ	16100	16700	16100	16500	9
7646	ＰＬＡＮＴ	2400	2400	2400	2400	1
7647	音通	169	169	169	169	1
7648	トーカン	0	0	0	0	0
7649	スギ薬局	4900	5000	4900	5000	20
7701	島津	434	450	431	450	262
7702	ＪＭＳ	423	425	423	425	11
7703	川澄化	991	1000	990	990	3
7704	アロカ	1245	1245	1220	1220	8
7705	ジーエル	0	0	0	0	0
7706	セントラユニ	460	460	460	460	3
7711	助川電気	0	0	0	0	0
7713	シグマ光機	2660	2950	2660	2870	271
7714	モリテックス	12600	12600	11800	12000	24.6
7715	長野計器	2110	2150	2110	2120	32
7716	ナカニシ	1910	1910	1910	1910	2
7718	スター精	1270	1270	1240	1260	54
7719	東衡機	75	80	75	80	2
7720	ソキア	211	215	200	211	52
7721	トキメック	145	152	145	152	37
7723	愛時計	280	285	280	285	5
7724	金門	144	145	139	142	59
7726	黒田精	0	0	0	0	0
7727	オーバル	138	138	138	138	1
7728	電産トーソク	910	910	910	910	11
7729	東京精	10310	10910	10260	10700	101.8
7731	ニコン	1990	2080	1930	2065	3963
7732	トプコン	370	385	370	385	6
7733	オリンパス	1600	1625	1590	1604	659
7734	理計器	395	395	395	395	2
7735	スクリン	730	768	730	751	458
7736	ユニオンＨＤ	93	93	90	90	9
7737	キャビン工業	221	225	221	225	4
7738	チノン	365	365	360	360	14
7739	キヤノン電	1154	1154	1140	1140	5
7740	タムロン	1010	1080	1000	1070	26
7741	ＨＯＹＡ	8670	8670	8380	8430	389.1
7743	シード	421	421	420	420	3
7744	ノーリツ鋼機	2825	2895	2825	2895	9
7750	ペンタックス	287	290	285	290	93
7751	キヤノン	4870	4950	4820	4880	2410
7752	リコー	1908	1969	1905	1964	1650
7753	ミノルタ	571	586	571	576	221
7756	電産コパル	1658	1666	1650	1650	51
7757	三協精	932	942	925	942	167
7758	セコニック	350	350	350	350	2
7762	シチズン	1108	1151	1104	1140	629
7764	オリエント時計	195	195	184	184	13
7765	リコーエレメ	770	780	770	780	2
7768	ジェコー	345	345	345	345	3
7769	リズム	200	203	200	201	96
7770	ミヨタ	0	0	0	0	0
7771	日本精密	400	400	400	400	1
7855	カーディナル	360	360	360	360	3
7856	萩原工業	800	800	800	800	2
7857	セキ	0	0	0	0	0
7858	小野産業	0	0	0	0	0
7859	アルメディオ	1040	1050	1030	1050	7
7860	エイベックス	11400	12000	11300	11880	93.1
7861	東京リスマ	1050	1060	1020	1060	17.3
7862	トッパンフォ	2180	2280	2175	2280	97.1
7864	フジシール	4540	4540	4350	4530	16.4
7865	ピープル	0	0	0	0	0
7866	アトラス	1310	1320	1290	1310	12.4
7867	トミー	3060	3100	3010	3010	10.9
7868	広済堂	1199	1230	1199	1230	2.3
7869	日本フォーム	0	0	0	0	0
7870	福島印刷	0	0	0	0	0
7871	フクビ	0	0	0	0	0
7872	エステール	490	570	490	570	0.3
7873	アーク	5200	5210	5150	5210	16
7874	スルガ	4200	4200	4000	4000	1.2
7875	竹田印刷	0	0	0	0	0
7876	三陽PAX	0	0	0	0	0
7877	永大化工	840	840	840	840	1
7878	光彩工芸	240	250	240	250	5
7879	ノダ	425	435	425	430	0.9
7880	南部化成	0	0	0	0	0
7881	ニッソー	98	98	98	98	2
7882	アロン化成	388	389	386	389	24
7883	サンメッセ	0	0	0	0	0
7884	本間ゴルフ	370	370	355	365	2.8
7885	タカノ	1361	1361	1322	1322	4
7886	ヤマト・イン	0	0	0	0	0
7887	南プラ	390	390	385	385	3
7888	三光合成	0	0	0	0	0
7889	桑山	520	550	520	540	0.4
7890	アテナ工業	0	0	0	0	0
7891	日本ユピカ	0	0	0	0	0
7892	宇部日東化成	325	325	323	323	5
7893	亜細亜	1401	1406	1401	1406	10
7895	中央化学	0	0	0	0	0
7896	セブン工業	330	330	330	330	2
7897	ホクシン	149	158	145	157	2.4
7898	ウッドワン	824	829	815	828	20
7899	オザキ軽化	395	400	395	400	2
7900	大出産業	0	0	0	0	0
7901	マツモト	0	0	0	0	0
7902	ソノコム	0	0	0	0	0
7903	名木材	0	0	0	0	0
7904	天竜木	46	46	45	45	21
7905	大建工	334	345	334	338	53
7906	ヨネックス	390	390	390	390	3
7907	日防腐	448	448	448	448	1
7908	きもと	0	0	0	0	0
7909	シーアイ化	370	370	360	360	6
7910	段谷産業	76	79	76	76	47
7911	凸版	1024	1030	1006	1026	1111
7912	大日印	1627	1650	1618	1637	967
7913	図書印	220	220	215	219	19
7914	共同印	355	370	350	370	30
7915	日写印	610	610	599	599	21
7916	光村印	380	380	380	380	14
7917	藤森工業	0	0	0	0	0
7918	ヴィアＨＤ	350	350	350	350	1
7919	野崎紙	0	0	0	0	0
7920	三浦印	400	400	400	400	1
7921	宝印刷	1212	1240	1200	1206	18.5
7922	三光産業	0	0	0	0	0
7923	トーイン	335	335	335	335	1
7925	前沢化成	1125	1140	1100	1120	4.2
7926	ベルテクノ	253	253	253	253	1
7927	ムトー精工	0	0	0	0	0
7928	旭化学	460	460	460	460	2
7929	新輝合成	0	0	0	0	0
7931	未来工業	1250	1260	1250	1250	9.8
7932	ニッピ	0	0	0	0	0
7933	ファイリング	0	0	0	0	0
7934	メルクス	0	0	0	0	0
7935	コンビ	670	690	660	680	26.5
7936	アシックス	112	116	112	116	99
7937	ツツミ	2235	2235	2185	2190	1.6
7938	リーガル	140	140	140	140	2
7939	研創	0	0	0	0	0
7940	ウェーブＨＤ	0	0	0	0	0
7942	ＪＳＰ	600	610	600	600	11
7943	ニチハ	737	738	711	730	3.4
7944	ローランド	2200	2215	2170	2210	20.9
7945	コマニー	530	530	530	530	1
7946	光陽社	0	0	0	0	0
7947	エフピコ	4110	4110	4030	4030	7.8
7948	ＡＷ・エモト	0	0	0	0	0
7949	小松ウオール	861	861	861	861	0.5
7950	日デコラ	0	0	0	0	0
7951	ヤマハ	910	934	894	922	224
7952	河合楽	150	154	150	153	29
7953	菊水化	0	0	0	0	0
7954	ジャレコ	1770	1980	1700	1980	130
7955	クリナップ	474	474	470	470	3
7956	ピジョン	965	965	950	960	14.2
7957	フジコピアン	0	0	0	0	0
7958	天馬	1180	1199	1180	1191	16
7959	オリバー	0	0	0	0	0
7960	パラマウント	4910	4980	4870	4980	17.8
7961	兼松日産農	162	170	162	165	6
7962	キングジム	645	645	631	631	8
7963	興研	0	0	0	0	0
7964	セガ	1050	1053	1012	1020	219.8
7965	象印	493	493	493	493	2
7966	リンテック	1029	1047	1020	1047	58
7967	バンダイ	3450	3550	3430	3550	53.1
7968	田崎真珠	465	465	455	464	13
7969	タカラ	463	463	455	455	46
7970	信越ポリ	715	727	710	727	17
7971	東リ	204	204	198	201	18
7972	イトーキ	375	390	371	385	30
7973	ホウトク	136	136	136	136	6
7974	任天堂	19500	19750	19300	19700	210.2
7975	リヒトラブ	212	212	212	212	1
7976	菱鉛筆	850	854	850	854	2
7977	フランスベッド	386	399	386	396	29
7979	松風	689	691	689	691	2
7980	重松製	0	0	0	0	0
7981	タカラスタ	408	414	407	407	37
7983	ミロク	170	170	170	170	1
7984	コクヨ	1770	1830	1766	1830	61
7985	ネポン	0	0	0	0	0
7986	キング工	127	127	127	127	1
7987	ナカバヤシ	320	322	316	322	13
7988	ニフコ	1240	1244	1238	1240	70
7989	ブラインド	671	679	671	679	0.3
7990	ダイワ精	138	140	137	140	31
7991	マミヤＯＰ	252	261	252	256	20
7992	セーラー	619	660	612	657	223
7993	サンウエブ	196	204	195	204	8
7994	岡村製	410	410	405	410	36
7995	バルカー	176	179	176	179	33
7996	パイロット	421	425	421	425	2
7997	くろ工	222	222	222	222	2
7998	高島屋工作	325	325	325	325	12
7999	武藤工	300	305	295	305	27
8000	カイゲン	0	0	0	0	0
8001	伊藤忠	515	521	513	515	5381
8002	丸紅	277	284	277	282	3150
8003	トーメン	139	143	134	135	3746
8004	ニチメン	88	89	87	89	151
8005	ムトウ	700	701	690	700	11
8006	ユアサフナ	163	165	163	163	5
8007	高島	113	120	112	115	20
8008	アスティ	0	0	0	0	0
8010	新興産業	113	113	113	113	2
8011	三陽商	285	288	283	284	43
8012	長瀬産	555	581	553	577	96
8013	ナイガイ	85	89	83	83	40
8014	蝶理	125	125	112	120	135
8015	豊田通商	395	396	390	393	63
8016	オンワード	989	1022	986	1018	900
8017	阪急共栄物産	150	150	150	150	1
8018	三共興	270	275	266	266	19
8019	市田	58	59	57	58	171
8020	兼松	97	98	95	95	257
8021	レナウン	93	96	93	96	352
8022	ミズノ	296	299	293	299	62
8023	大興電子	410	410	410	410	1
8024	シルバーＯＸ	445	452	445	445	13
8025	ツカモトＣ	153	153	146	146	9
8027	ルシアン	93	93	93	93	3
8028	ファミリーＭ	3080	3120	3030	3070	352.4
8029	ルック	240	250	240	250	24
8030	中央魚	0	0	0	0	0
8031	三井物	729	742	720	739	2733
8032	紙パ商	345	346	335	345	18
8033	ジーネット	131	131	131	131	12
8035	東エレク	9120	9800	9120	9710	2395.3
8036	日立ハイテク	1396	1423	1380	1418	21
8037	カメイ	506	512	506	512	6
8038	東都水	333	336	330	333	93
8039	築地魚	0	0	0	0	0
8040	東ソワール	205	205	205	205	16
8041	魚市場	305	305	305	305	2
8042	マタイ	208	208	203	203	16
8043	スターゼン	197	199	195	199	33
8044	大都魚	137	137	137	137	3
8045	浜丸魚	0	0	0	0	0
8046	丸藤パ	151	155	151	155	30
8047	デジ・ネット	0	0	0	0	0
8048	シャディ	2230	2285	2230	2280	9.5
8050	セイコー	500	507	500	507	33
8051	山善	213	218	210	218	75
8052	椿本興	182	182	175	175	18
8053	住友商	988	1011	981	1010	3767
8056	ユニシス	2165	2270	2165	2225	303.9
8057	内田洋	608	628	605	628	134
8058	三菱商	895	908	895	908	1386
8059	第一実	211	212	205	207	65
8060	キヤノン販	1755	1810	1754	1800	30
8061	西華産	160	161	158	161	73
8063	日商岩井	107	107	106	107	784
8064	金商	127	130	127	130	4
8065	佐藤商	398	399	398	399	5
8066	三谷商	475	475	475	475	1
8067	トミヤアパ	322	323	318	320	6
8068	菱洋エレク	1699	1721	1699	1719	64
8070	東京産	300	300	291	292	23
8071	東海物産	341	341	340	340	6
8072	出版貿	0	0	0	0	0
8073	Ｔ・ＺＯＮＥ	285	285	280	280	5
8074	ユアサ商	132	135	130	135	78
8075	神鋼商	163	163	161	162	19
8076	カノークス	110	110	110	110	1
8077	小林産	0	0	0	0	0
8078	阪和興	101	103	101	103	62
8079	正栄食	469	470	468	469	5
8080	ジョイス	1040	1060	1020	1060	1.9
8081	カナデン	435	452	435	445	11
8083	サンテレ	284	297	284	297	10
8084	菱電商	356	362	352	352	20
8085	ナラサキ産業	126	136	126	136	21
8086	ニプロ	871	880	870	880	14
8087	フルサト	0	0	0	0	0
8088	岩谷産	217	217	214	216	199
8089	ナイス	248	250	245	247	161
8090	昭光通商	147	148	142	147	57
8091	ニチモウ	138	138	138	138	11
8092	富士通シス	2340	2460	2340	2435	43
8093	極東貿易	565	575	555	555	89
8095	イワキ	213	213	213	213	1
8096	兼松エレク	473	491	473	473	8
8097	三愛石	293	294	290	291	9
8098	稲畑産	630	635	626	635	42
8100	藤井	4	5	3	4	2144
8101	ＧＳＩクレ	115	116	114	115	13
8103	明和産	97	105	97	99	4
8105	丸正	159	159	158	158	2
8107	キムラタン	48	49	45	48	83
8109	山洋工	99	99	99	99	1
8110	川鉄商事	120	126	120	122	76
8111	ゴルドウイン	135	142	135	136	21
8112	東スタイル	965	965	953	955	108
8113	ユニチャーム	5750	5750	5650	5730	94.3
8114	デサント	227	228	223	228	36
8115	ムーンバット	100	100	100	100	10
8116	ダーバン	225	226	220	221	97
8117	中央自	223	224	218	220	9
8118	キング	149	149	145	145	13
8119	三栄コ	406	410	406	410	6
8120	大木	235	235	230	230	2
8123	川辺	0	0	0	0	0
8125	ワキタ	265	265	264	264	12
8126	三光純薬	359	380	359	380	13
8127	ヤマトインタ	118	120	118	120	4
8128	エフワン	48	48	41	43	4
8129	東邦薬	410	410	410	410	1
8130	サンゲツ	1530	1600	1530	1534	7
8131	ミツウロコ	580	609	580	590	6
8132	シナネン	390	399	386	386	14
8133	伊藤忠エネ	373	384	371	382	45
8134	ＴＯＫＡＩ	925	925	902	910	86
8135	ゼット	0	0	0	0	0
8136	サンリオ	2125	2150	2115	2140	75.9
8137	サンワテク	695	695	690	690	3
8138	三京化	205	210	200	210	10
8139	ナガホリ	256	256	256	256	2
8140	リョーサン	2050	2100	2050	2100	6
8141	新光商	830	855	830	845	13
8142	トーホー	850	870	850	870	14
8143	ラピーヌ	79	79	75	75	22
8144	電響社	421	421	421	421	2
8145	中部水産	298	298	298	298	2
8146	小杉産	116	116	115	115	7
8147	トミタ	0	0	0	0	0
8148	上原成	282	282	282	282	3
8150	三信電	705	728	705	728	39
8151	東陽テク	3090	3120	3030	3090	58
8152	ソマール	0	0	0	0	0
8153	モスフード	1111	1111	1102	1108	18
8154	加賀電子	1399	1400	1385	1390	34
8155	三益半導	1580	1589	1579	1589	32.6
8156	ガステック	440	441	440	440	33
8157	都築電	505	510	505	505	11
8158	ソーダニッカ	192	192	183	183	4
8159	立花エレ	0	0	0	0	0
8160	木曽路	1155	1155	1155	1155	1
8161	エイデン	741	745	735	740	15
8163	サトＲＳ	700	700	700	700	3
8164	キャビン	100	104	99	99	108
8165	千趣会	695	695	685	688	90
8166	タカキュー	112	112	110	110	27
8167	丸久	0	0	0	0	0
8168	ケーヨー	615	615	585	600	149.6
8169	宝船	165	170	165	169	9
8170	アデランス	4060	4060	3970	4000	72
8171	ＭＶ中部	507	507	507	507	1
8172	第一家庭電器	47	47	45	45	192
8173	上新電	290	290	285	285	10
8174	日ガス	670	670	640	640	6
8175	ベスト電	698	699	688	699	10
8176	西洋フードシス	375	379	371	375	25
8178	マルエツ	342	348	331	347	76
8179	ロイヤルＨＤ	1095	1099	1081	1099	13
8180	すかいらく	3750	3770	3710	3740	215
8181	東天紅	360	365	360	360	25
8182	いなげや	713	713	706	712	5
8183	セブン−イレブン	7080	7270	7010	7260	1348
8184	島忠	1740	1740	1689	1704	104.5
8185	チヨダ	543	543	513	513	7.2
8186	大塚家具	9990	10400	9900	9900	22.1
8188	ヨークベニ	2800	2850	2710	2750	35.9
8189	マツヤデンキ	292	292	292	292	10
8190	ヤマナカ	0	0	0	0	0
8191	光製作	550	550	530	530	10
8192	中川無線	87	87	87	87	1
8193	鈴丹	126	129	124	124	45
8194	ライフコーポ	656	674	656	674	8
8195	デニーズジャパン	2010	2050	2010	2045	5
8196	カスミ	430	430	420	420	12
8197	東急ストア	314	319	306	319	15
8199	デオデオ	840	840	826	840	42.2
8200	リンガハット	1150	1178	1150	1151	3.9
8201	さが美	371	371	367	367	21
8202	ラオックス	514	520	510	518	22
8203	ＭｒＭａｘ	359	360	345	346	9.2
8204	ジョナサン	1480	1480	1480	1480	1
8205	シャクリー	883	883	883	883	1
8206	アポロイン	0	0	0	0	0
8207	テンアライド	405	407	400	405	10.7
8208	エンチョー	0	0	0	0	0
8209	フレンドリ	502	502	501	501	3
8210	フットワーク	196	199	196	197	17
8211	相鉄ローゼ	520	520	511	511	3
8212	オーク	0	0	0	0	0
8213	トステムビバ	345	355	345	353	11
8214	アオキインタ	355	356	345	353	7.8
8215	銀座山形屋	215	215	215	215	2
8216	フォルクス	0	0	0	0	0
8217	オークワ	797	820	797	820	4
8218	コメリ	3000	3000	2955	2980	7.9
8219	青山商	1025	1030	1010	1014	161.8
8225	タカチホ	0	0	0	0	0
8226	理経	401	401	390	390	8
8227	しまむら	9450	9850	9450	9800	162.4
8228	マルイチ	0	0	0	0	0
8229	ＣＦＳコーポ	870	870	840	869	8
8230	はせがわ	590	605	580	605	21
8231	三越	402	414	402	413	1925
8232	東急百貨店	82	87	82	86	579
8233	高島屋	792	794	780	790	344
8234	大丸	316	319	309	313	95
8235	松坂屋	250	250	245	250	34
8236	丸善	334	337	312	314	4302
8237	松屋	379	379	377	378	14
8238	伊勢丹	945	976	945	976	93
8239	横浜松坂屋	84	84	84	84	2
8240	サッポロライオン	605	610	605	610	4
8241	阪神百貨店	419	419	419	419	1
8242	阪急百	472	490	472	485	52
8243	そごう	2	3	2	2	2653
8244	近鉄百貨店	0	0	0	0	0
8245	丸栄	270	270	270	270	2
8247	大和	0	0	0	0	0
8248	ニッセン	344	344	330	341	10
8249	東洋物	660	660	660	660	3
8250	小松ストアー	0	0	0	0	0
8251	パルコ	335	340	328	339	58
8252	丸井	1810	1848	1810	1828	683
8253	クレセゾン	2345	2350	2285	2285	168.7
8254	さいか屋	0	0	0	0	0
8255	原信	905	905	900	900	2.1
8256	プロルート	220	220	220	220	1.5
8257	山陽百	0	0	0	0	0
8258	ＯＭＣカード	368	380	368	380	149
8259	十字屋	50	53	50	52	89
8260	井筒屋	157	163	155	160	295
8261	ｼ鉄百貨店	210	210	210	210	1
8263	ダイエー	286	294	285	294	868
8264	イトーヨーカ堂	5970	6000	5880	5910	517
8265	壽屋	129	139	129	139	33
8266	イズミヤ	738	739	725	739	27
8267	イオン	2075	2100	2070	2100	644
8268	西友	417	420	412	415	158
8269	マイカル	305	310	305	310	236
8270	ユニー	1198	1198	1184	1186	123
8273	イズミ	1181	1181	1141	1172	6
8274	東武ストア	159	159	155	156	24
8275	フォーバル	1490	1500	1440	1460	16.4
8276	平和堂	705	735	705	735	8
8278	フジ	1910	1940	1910	1940	1.8
8279	ヤオコー	1230	1239	1219	1239	3
8280	富士冷機	396	401	394	398	20
8281	ゼビオ	2300	2380	2300	2355	11.2
8282	ギガスケーズ	2360	2400	2340	2360	12.8
8283	パルタック	458	470	458	470	8
8285	三谷産業	460	460	460	460	1
8287	ＭＶ西日本	0	0	0	0	0
8289	オリンピック	1930	1930	1930	1930	0.1
8290	デンコードー	705	719	700	700	6
8291	東日カーライフ	194	196	189	189	9
8293	愛トヨ	0	0	0	0	0
8295	キャノンシステム	750	780	750	780	8
8298	ファミリー	0	0	0	0	0
8299	大栄太源	0	0	0	0	0
8301	日銀	0	0	0	0	0
8305	みずほＨ	964000	964000	944000	954000	20.793
8314	さくら銀行	855	858	838	850	8486
8315	東京三菱銀	1390	1402	1381	1402	6397
8318	三井住友銀行	1440	1448	1426	1448	3897
8319	大和銀行	254	255	245	253	1121
8320	三和銀行	1050	1064	1031	1042	11758
8321	東海銀行	579	585	573	579	3841
8322	あさひ銀行	502	508	482	486	6727
8324	第四銀	403	408	401	407	32
8325	北越銀	325	328	322	325	38
8326	福岡銀	600	610	594	610	625
8327	西日本シティ銀	450	455	450	455	124
8331	千葉銀	444	444	431	434	555
8332	横浜銀	534	548	529	548	2499
8333	常陽銀	401	401	396	400	165
8334	群馬銀	589	591	585	587	59
8335	足利銀行	207	210	205	209	146
8336	武蔵銀	4280	4360	4280	4290	1.7
8337	千葉興	1430	1445	1420	1420	7
8338	関東つくば銀	1420	1420	1400	1420	1.6
8339	都民銀	3350	3350	3180	3200	5.4
8341	七十七	833	852	833	852	236
8342	青森銀	492	498	491	493	16
8343	秋田銀	456	459	456	459	16
8344	山形銀	579	579	562	571	13
8345	岩手銀	3670	3720	3640	3700	2.2
8346	東邦銀	400	400	390	400	52
8349	東北銀	205	218	205	218	2
8350	みちのく銀	685	699	685	699	42
8353	北海道銀行	130	132	130	132	56
8355	静岡銀	939	950	928	950	663
8356	十六銀	479	480	476	480	28
8357	北陸銀行	250	250	246	249	157
8358	スルガ銀	1640	1660	1627	1653	425
8359	八十二	630	639	622	629	160
8360	山梨銀	362	375	362	375	22
8361	大垣共立	620	629	620	629	19
8362	福井銀	299	303	297	302	34
8363	北国銀	455	458	451	458	96
8364	清水銀	4330	4400	4330	4400	0.8
8365	富山銀	465	465	465	465	1
8366	滋賀銀	489	490	480	483	20
8367	南都銀	490	498	490	497	24
8368	百五銀	444	449	443	449	42
8369	京都銀	545	550	541	550	112
8370	紀陽銀	280	288	279	279	75
8371	近畿大阪銀	216	223	216	220	9
8372	泉州銀	260	262	227	245	21
8374	三重銀	500	510	500	510	12
8375	池田銀	5470	5630	5470	5630	2.6
8379	広島銀	390	393	385	393	65
8380	山口銀	700	700	688	700	237
8381	山陰合銀	544	544	529	529	21
8382	中国銀	820	820	805	812	83
8383	鳥取銀	364	374	364	374	27
8385	伊予銀	670	679	670	679	42
8386	百十四	648	648	646	648	33
8387	四国銀	635	639	630	635	39
8388	阿波銀	506	520	506	520	29
8390	鹿児銀	434	439	433	439	64
8391	親和銀行	345	345	344	345	47
8392	大分銀	525	525	518	524	32
8393	宮崎銀	382	393	372	372	11
8394	肥後銀	434	439	423	430	80
8395	佐賀銀	393	393	386	390	25
8396	十八銀	380	385	379	383	96
8397	沖縄銀	2355	2420	2355	2420	2.8
8399	琉球銀	1539	1539	1531	1539	6
8402	三菱信託	952	960	943	960	1554
8403	住友信	820	834	815	831	4522
8404	みずほ信託銀	130	130	127	129	1868
8405	日本信託	193	193	188	193	506
8407	東洋信託	378	400	378	399	4947
8408	中央三井信	391	401	386	390	826
8489	アプレック	0	0	0	0	0
8493	インター	901	901	850	876	16.3
8507	学研クレジット	565	566	563	563	5
8508	イッコー	590	590	540	579	14
8511	日証金	416	423	415	418	636
8512	大証金	241	248	241	245	9
8513	中証金	0	0	0	0	0
8515	アイフル	9980	9980	9320	9510	126.5
8518	アジア投資	515	519	505	514	463
8519	ポケットＣ	2300	2300	2230	2270	13.7
8520	殖産銀行	409	409	409	409	9
8521	長野銀	492	493	490	493	11
8522	名古屋銀	570	570	569	569	51
8524	北洋銀行	715	720	714	720	42
8527	愛知銀	7820	7840	7770	7840	1.8
8528	岐阜銀	200	200	195	200	63
8529	第三銀	479	479	465	465	13
8530	中京銀	449	454	445	454	25
8533	広島総合銀行	464	464	450	460	20
8536	東日銀	639	640	630	630	23
8537	大光銀	300	300	300	300	5
8539	福岡シティ銀	488	490	487	490	26
8541	愛媛銀	478	478	477	478	18
8542	トマト銀	385	385	385	385	3
8543	みなと銀	278	280	270	280	55
8544	京葉銀	328	328	317	322	59
8545	関西アーバン	135	135	135	135	1
8548	九州銀行	310	310	305	305	24
8549	せとうち銀行	0	0	0	0	0
8550	栃木銀	670	680	670	675	11
8551	北日銀	5840	5890	5840	5890	2.5
8552	びわこ銀	252	275	252	275	18
8556	香川銀	552	564	552	564	12
8558	東和銀	439	445	439	440	31
8561	徳島銀	710	714	710	714	14
8562	福島銀	330	330	328	328	12
8563	大東銀	329	330	329	330	11
8564	武富士	11600	11600	11210	11420	120.8
8565	三洋クレ	4410	4650	4400	4650	51
8566	リコーリース	2165	2180	2160	2160	11.6
8567	クレディア	1910	1919	1900	1919	3.6
8568	シンキ	2390	2390	2285	2305	23.1
8569	ユニココーポ	0	0	0	0	0
8570	イオンクレ	6600	6650	6220	6650	32.4
8571	ニッシン	4030	4300	3950	4300	31.3
8572	アコム	8420	8800	8390	8790	115.1
8573	三洋信販	2915	2915	2850	2860	16.7
8574	プロミス	8500	8500	8330	8440	172.8
8577	ロプロ	719	730	709	725	250.5
8579	東京リース	561	570	561	570	2
8580	ファーストクレジット	255	262	255	262	79
8583	日信販	219	220	215	220	322
8584	ジャックス	360	367	353	367	40
8585	オリコ	234	234	221	225	1891
8586	日立キャピ	2940	2970	2920	2970	103.4
8588	セントラル	325	325	315	325	30
8589	アプラス	110	114	110	110	109
8591	オリックス	12770	13090	12760	12990	154.5
8592	住商リース	1370	1370	1360	1369	13
8593	ダイヤリース	1370	1405	1370	1400	5
8595	ジャフコ	16200	16600	16100	16200	85.6
8597	ＳＦＣＧ	14010	14120	13970	14000	6.31
8599	ＵＦＪセント	0	0	0	0	0
8601	大和証Ｇ	1290	1306	1282	1297	2486
8603	日興コーデ	988	1024	986	1024	5241
8604	野村ＨＤ	2440	2485	2425	2480	3535
8606	新光	394	403	393	402	1331
8607	みずほイン証	195	200	195	199	680
8609	岡三ＨＤ	676	690	676	690	118
8610	さくらフレンド	250	261	250	250	125
8611	コスモ証	210	214	208	214	128
8613	丸三	584	588	580	588	84
8614	東洋	274	278	271	278	92
8615	三菱証	1199	1210	1190	1209	299
8616	東海東京	294	306	294	306	363
8617	光世	220	221	215	220	87
8621	ＵＦＪつばさ証券	440	455	440	453	267
8622	水戸	304	307	302	307	21
8623	ＳＭＢＣ証	263	270	263	268	19
8624	いちよし証	601	610	595	604	58
8625	高木	330	345	330	345	17
8626	マネックス	69000	69500	67500	67600	0.761
8627	イー・トレード	650000	650000	611000	620000	0.217
8691	証券代	0	0	0	0	0
8692	だいこう	420	420	420	420	7
8742	小林洋行	1300	1300	1250	1300	3.7
8743	ひまわり証	216	216	210	210	11
8744	日本ユニコム	0	0	0	0	0
8745	グローバリー	0	0	0	0	0
8746	第一商品	0	0	0	0	0
8747	豊商事	0	0	0	0	0
8748	岡藤商事	0	0	0	0	0
8749	エース交易	266	266	266	266	4
8751	東京海上火災	1118	1144	1112	1127	1152
8752	三井住友海上	522	536	517	532	1563
8753	住友海上火災	690	690	670	675	1225
8754	日本興亜	446	446	435	446	219
8755	損害保険Ｊ	577	589	577	588	926
8756	日産火災海上	327	332	321	329	93
8757	日新火	249	250	242	250	21
8758	千代田火災	323	325	316	317	340
8759	ニッセイ同和	263	269	263	269	44
8760	日動火災海上	620	620	600	615	162
8761	あいおい損保	343	345	335	336	395
8762	興亜火災	427	429	422	429	70
8763	富士火	211	211	209	210	107
8764	太陽火災	0	0	0	0	0
8765	大成火災海上	235	235	234	234	6
8801	三井不	1331	1349	1316	1319	2177
8802	菱地所	1165	1199	1165	1191	5658
8803	平和不	282	287	279	280	259
8804	東建物	223	233	223	229	912
8805	中央地	106	112	106	112	18
8806	ダイビル	898	915	895	915	54
8809	サンケビル	373	416	373	400	120
8810	港振興	0	0	0	0	0
8815	東急不	128	129	125	127	599
8817	阪急不動産	365	365	352	352	16
8818	京阪神不	320	320	320	320	1
8821	立飛企	2150	2150	2070	2070	5
8829	大和団地	229	229	220	225	31
8830	住友不	592	605	586	587	4936
8832	小田急不	212	215	212	215	2
8833	東宝不	375	384	375	377	11
8834	藤和不	49	50	49	50	84
8835	太平発	124	124	121	121	48
8836	ヒューネット	910	995	910	995	2396
8838	有楽地	181	181	171	175	34
8839	ニチモ	83	83	82	83	31
8840	大京	210	212	208	210	268
8841	テーオーシー	810	810	795	800	84
8842	楽天地	358	359	346	349	13
8844	リクコスモス	510	560	510	530	118
8845	セザール	246	253	245	250	35
8846	積和不動産	415	418	415	415	22
8848	レオパレス	327	336	325	336	74
8850	スターツ	0	0	0	0	0
8851	アバンライフ	155	155	155	155	7
8852	積和不動関西	335	340	333	340	7
8853	ダイヤシティ	0	0	0	0	0
8854	日住	236	238	236	238	6
8855	全日空ビル	0	0	0	0	0
8857	三井不動販売	590	600	590	600	60
8858	ダイア建	220	220	211	212	32
8860	フジ住	484	490	484	484	7
8863	積和不動中部	470	470	470	470	1
8864	空港施設	395	395	390	395	15
8865	神鋼興産	230	230	230	230	9
8866	コマーシャル	254	265	254	265	5
8867	横浜地下街	270	270	261	261	3
8868	ＵＲＢＡＮ	2300	2450	2250	2400	135.1
8869	明和地所	2600	2610	2565	2590	16.1
8870	住不販売	4480	4510	4450	4500	20.9
8871	ゴールドクレ	11870	11870	11730	11800	24
8872	エイブル	1650	1760	1650	1750	20
8873	積和不動中国	0	0	0	0	0
8874	ジョイント	3600	3600	3450	3570	8.9
8875	東栄住宅	1700	1730	1700	1700	13.6
8876	リロＨＤ	6950	7100	6950	7100	5
8877	エスリード	1185	1190	1150	1190	6.3
8878	日綜地所	1410	1410	1410	1410	2
8879	東急リバブル	699	700	699	700	51.5
8880	飯田産業	1350	1350	1350	1350	0.6
8881	日神不動産	1450	1450	1410	1410	5.7
8882	ゼファー	3800000	3950000	3800000	3900000	0.09
9001	東武	324	328	323	328	408
9002	西武鉄道	1600	1619	1599	1610	44
9003	相鉄	304	305	295	305	67
9004	箱根登山鉄道	281	281	281	281	1
9005	東急	562	565	557	562	635
9006	京急	418	423	416	422	345
9007	小田急	403	410	403	407	317
9008	京王	444	450	443	450	319
9009	京成	267	270	265	270	444
9010	富士急	415	415	400	400	5
9012	秩父鉄	0	0	0	0	0
9013	伊豆箱根鉄道	0	0	0	0	0
9014	新京成	276	276	276	276	1
9017	新潟交	0	0	0	0	0
9019	伊豆急行	0	0	0	0	0
9020	ＪＲ東日本	612000	614000	605000	610000	3.558
9021	ＪＲ西日本	482000	495000	475000	479000	1.839
9022	ＪＲ東海	625000	635000	625000	634000	0.574
9031	西鉄	282	287	282	285	59
9033	広電鉄	0	0	0	0	0
9036	東部ネット	0	0	0	0	0
9037	ハマキョウ	1200	1200	1200	1200	1
9038	東海西濃	271	271	271	271	1
9039	サカイ引越	2200	2200	2100	2100	5.5
9040	大宝運輸	0	0	0	0	0
9041	近鉄	493	498	485	497	343
9042	阪急ＨＤ	362	375	360	373	410
9043	阪神	303	304	299	304	138
9044	南海電	353	359	353	354	73
9045	京阪電	343	343	341	341	105
9046	神電鉄	420	422	420	420	23
9047	名糖運輸	1199	1200	1199	1200	0.2
9048	名鉄	310	310	304	309	207
9049	京福電	0	0	0	0	0
9050	三重交	348	348	348	348	1
9051	センコン物流	0	0	0	0	0
9052	山陽電	270	270	270	270	24
9053	中央運輸	0	0	0	0	0
9054	大和物流	0	0	0	0	0
9055	アルプス物流	730	730	730	730	1
9056	ヒューテック	1200	1200	1200	1200	2
9057	遠州トラック	660	660	660	660	1
9058	トランコム	455	455	440	440	4
9059	カンダ	280	280	280	280	1
9060	日ロジテム	365	365	360	360	3
9061	富士物流	190	190	190	190	1
9062	日通	640	640	626	630	4701
9063	岡県運送	155	156	155	156	4
9064	ヤマト運	2410	2420	2350	2390	499
9065	山九	93	94	92	93	171
9066	日新	191	191	189	191	9
9067	丸運	218	218	218	218	3
9068	丸全運	205	205	201	205	20
9069	センコー	210	210	209	209	23
9070	トナミ	211	214	211	214	29
9072	日梱包	729	744	729	740	79
9073	京極運	0	0	0	0	0
9074	日石輸	194	194	188	188	15
9075	福山運	596	615	596	609	66
9076	西濃運	555	555	540	542	102
9077	名鉄運	296	296	296	296	1
9078	エスライン	0	0	0	0	0
9079	東急ロジ	425	425	425	425	1
9080	関東西濃	1700	1700	1700	1700	3
9081	神奈交	500	510	499	510	15
9082	大和自	0	0	0	0	0
9083	神姫バ	0	0	0	0	0
9086	日立物流	589	589	572	582	28
9087	タカセ	238	238	238	238	1
9088	濃飛西濃	810	810	810	810	3
9089	ロジパル	0	0	0	0	0
9101	郵船	535	542	533	537	1832
9104	商船三井	245	246	242	245	7661
9107	川崎汽	218	220	212	212	888
9110	新和海	69	69	67	69	27
9113	乾汽船	67	68	67	68	4
9114	日之出汽船	51	53	51	52	155
9115	明治海	187	187	172	183	4
9119	飯野海	151	154	150	152	35
9123	太平海	51	52	51	52	36
9127	玉井船	40	41	40	41	5
9130	共栄タ	111	115	111	115	6
9132	第一汽	50	52	49	52	89
9133	東栄リーファ	130	130	130	130	8
9151	東京船舶	86	87	86	87	21
9152	関西汽	50	51	50	51	63
9171	栗林船	210	210	205	205	3
9173	東海汽	350	350	350	350	1
9174	ワンダーＴ	377	377	349	355	8
9176	佐渡汽	0	0	0	0	0
9178	日鉄物流	0	0	0	0	0
9179	川崎近海	0	0	0	0	0
9180	新和内航	0	0	0	0	0
9193	東京汽	0	0	0	0	0
9201	日本航空	425	432	423	431	2207
9202	ＡＮＡ	352	355	351	355	749
9203	日本エアシス	3800	3800	3800	3800	0.8
9204	スカイマーク	197000	198000	195000	195000	0.01
9231	国際航	599	599	585	589	11
9232	パスコ	469	469	460	464	49
9233	アジア航	339	339	339	339	2
9301	三菱倉	910	935	910	935	154
9302	三井倉	207	209	206	206	196
9303	住友倉	291	293	288	290	150
9304	渋沢倉	248	250	246	246	11
9305	ヤマタネ	127	128	121	128	17
9306	東陽倉	206	207	201	207	7
9307	杉村倉	0	0	0	0	0
9308	イヌイ建	0	0	0	0	0
9309	京神倉庫	0	0	0	0	0
9310	トランシティ	194	199	194	199	9
9311	アサガミ	0	0	0	0	0
9312	ケイヒン	146	147	146	147	41
9313	丸八倉	0	0	0	0	0
9314	品川倉	0	0	0	0	0
9317	オーナミ	109	109	109	109	1
9318	Ｊブリッジ	250	250	250	250	41
9319	中央倉	0	0	0	0	0
9320	三和倉	0	0	0	0	0
9321	アイロジステ	153	153	153	153	2
9322	川西倉	0	0	0	0	0
9323	ロジステック	490	490	490	490	1
9324	安田倉	348	348	348	348	4
9351	洋埠頭	138	140	137	140	67
9353	桜島埠	0	0	0	0	0
9355	リンコー	130	131	128	128	6
9357	名港海	0	0	0	0	0
9358	宇徳運	137	137	137	137	2
9359	伊勢湾	250	258	250	258	2
9360	鈴与シンワ	165	165	165	165	1
9361	伏木運	240	240	240	240	2
9362	兵機海	0	0	0	0	0
9363	大運	57	58	56	57	10
9364	上組	513	516	507	516	70
9365	トレーディア	0	0	0	0	0
9366	サンリツ	710	724	705	705	1.2
9367	大東港運	0	0	0	0	0
9368	キムラユニテ	0	0	0	0	0
9369	キユソ流通	1209	1250	1209	1250	16
9370	郵船航空	2450	2480	2300	2300	9.5
9373	ニッコウトラ	1700	1700	1650	1690	6
9375	近鉄エクス	1100	1100	1031	1050	22
9401	ＴＢＳ	4500	4540	4360	4450	443
9402	ＣＢＣ	1120	1120	1120	1120	0.1
9404	日テレ	62000	63400	61800	63000	20.56
9405	朝日放	10640	10800	10540	10800	1.82
9408	新潟放	770	770	750	750	0.3
9409	テレビ朝日	389000	390000	359000	361000	6.704
9432	ＮＴＴ	1130000	1130000	1080000	1110000	13.423
9433	ＫＤＤＩ	659000	684000	652000	684000	7.287
9434	ボーダフォン	3160000	3200000	3130000	3180000	0.682
9435	光通信	3900	3950	3870	3920	82.8
9436	沖縄セルラー	328000	328000	313000	320000	0.108
9437	ＮＴＴドコモ	3240000	3310000	3200000	3310000	10.754
9438	ＭＴＩ	550000	569000	539000	550000	0.105
9439	ビーアイジー	607000	607000	607000	607000	0.001
9441	ベルパーク	1800000	1800000	1800000	1800000	0.003
9442	ＪＳＡＴ	1200000	1220000	1180000	1220000	0.849
9443	インテックコミュ	930	949	900	910	24
9449	ＧＭＯインター	2010	2250	1960	2250	167
9470	学研	192	193	190	193	61
9471	文渓堂	0	0	0	0	0
9472	エスコム	303	330	303	323	63
9473	アスキー	912	912	901	906	27
9474	ゼンリン	2650	2690	2610	2640	6.8
9475	昭文社	2030	2090	2000	2060	75.3
9476	中央経済	0	0	0	0	0
9477	角川ＨＤ	5010	5390	5000	5390	91.4
9478	翔泳社	2250000	2250000	2250000	2250000	0.001
9501	東電	2595	2600	2580	2585	1071.8
9502	中部電	1785	1789	1770	1784	234.1
9503	関西電	1800	1800	1785	1800	312.6
9504	中国電	1627	1664	1627	1662	90.2
9505	北陸電	1535	1569	1535	1558	73.4
9506	東北電	1530	1547	1530	1547	145.4
9507	四国電	1551	1613	1551	1599	87.1
9508	九州電	1659	1680	1659	1668	167
9509	北海電	1530	1530	1501	1504	75.1
9511	沖縄電	1939	1939	1880	1880	1.2
9531	東ガス	288	290	287	289	5151
9532	大ガス	290	296	289	296	2871
9533	邦ガス	212	212	207	209	111
9534	北ガス	198	204	194	201	20
9535	広ガス	251	251	251	251	6
9536	西部ガス	161	162	160	162	113
9537	北陸ガ	0	0	0	0	0
9539	葉ガス	0	0	0	0	0
9540	中ガス	230	230	230	230	1
9541	大多喜ガス	339	339	339	339	1
9542	新日ガス	0	0	0	0	0
9600	アイネット	730	749	700	721	8
9601	松竹	509	515	498	500	25
9602	東宝	17900	18240	17900	18100	22.8
9603	ＨＩＳ	2000	2280	1970	2280	277.3
9604	際放映	0	0	0	0	0
9605	東映	683	688	660	670	834
9607	葵プロ	1430	1449	1426	1426	3.5
9608	福山コンサル	0	0	0	0	0
9609	ベンチャーリ	7000	7000	6910	6910	6.4
9610	ウィルソン	2830	2850	2810	2850	1.1
9611	Ｄワンダー	0	0	0	0	0
9612	ラックランド	2580	2600	2580	2600	0.2
9613	ＮＴＴデータ	1020000	1050000	1010000	1030000	5.358
9614	ベルシス24	53700	54500	53600	54300	8.3
9615	東京美装	490	495	490	495	7
9616	共立メンテ	2500	2500	2480	2480	1.1
9618	エームサービス	1340	1340	1340	1340	1
9619	イチネン	0	0	0	0	0
9620	スクウェア	4000	4030	3900	4000	79.1
9621	建設技研	600	611	600	610	2.6
9622	スペース	465	465	460	465	2.4
9623	キヤノンソフ	680	700	680	700	2
9624	長大	418	430	418	430	2
9625	セレスポ	0	0	0	0	0
9626	日本技開	0	0	0	0	0
9627	アインファマ	0	0	0	0	0
9628	燦ＨＤ	4400	4410	4360	4390	1.7
9629	ＰＣＡ	2955	3000	2950	3000	15
9630	アップ	360	369	360	369	6
9631	東急レク	593	598	592	598	7
9632	スバル	342	345	340	345	8
9633	テアトル	179	180	170	175	64
9634	修学社	576	580	561	561	17
9635	武蔵野	460	460	460	460	2
9636	きんえい	0	0	0	0	0
9637	オーエス	0	0	0	0	0
9638	情報技術	650	650	650	650	1
9639	三協フロンテ	312	312	312	312	1
9640	セゾン情報	769	780	760	780	3
9641	サコス	111	111	111	111	0.1
9642	コマスタ	0	0	0	0	0
9643	中日興	0	0	0	0	0
9644	タナベ経営	320	320	310	310	2.5
9645	ダイヤモンドコン	1150	1230	1150	1220	40.6
9646	タイトー	93500	96000	92500	93500	0.194
9647	協和コンサル	210	220	205	215	14
9648	ウエスコ	273	280	273	280	2.5
9649	明電エンジニア	603	620	600	620	15.2
9650	テクモ	1468	1480	1468	1471	3.5
9651	日本プロセス	0	0	0	0	0
9652	日本医療	2100	2120	2050	2080	5.2
9653	ＳＢＩパートナ	1090	1090	1050	1070	4
9654	コーエー	4500	4550	4470	4480	104.2
9656	三井ランド	505	514	505	507	0.8
9657	コムテック	0	0	0	0	0
9658	ビジ太田昭	550	555	550	550	11
9660	ＣＲＣソリュ	0	0	0	0	0
9661	歌舞伎	3800	3880	3800	3880	2
9663	ナガワ	660	680	660	680	13
9664	御園座	1050	1050	1050	1050	4
9665	吉本興	1050	1070	1050	1069	6
9667	ホリプロ	690	700	665	700	7
9668	相鉄企業	0	0	0	0	0
9669	オークネット	4350	4400	4250	4250	11.4
9671	よみランド	404	408	399	400	16
9672	東競馬	115	116	114	115	163
9673	甲子園土地	56	56	56	56	1
9674	花月園	201	201	201	201	1
9675	常磐興	146	147	145	145	11
9676	松戸公産	0	0	0	0	0
9677	日本ジャンボ	705	707	705	705	1.2
9678	カナモト	650	668	650	668	43
9679	ホウライ	0	0	0	0	0
9680	共成レンテム	0	0	0	0	0
9681	東京ドーム	497	505	495	505	179
9682	ＤＴＳ	7940	8190	7810	8190	75.5
9684	スク・エニ	4500	4720	4500	4710	49
9685	共同コンＨＤ	320	320	320	320	1
9686	東洋テック	425	425	425	425	3
9687	ＫＳＫ	545	545	538	540	4
9689	グリンハウス	1590	1610	1590	1590	1.5
9691	両毛システム	0	0	0	0	0
9692	シーイーシー	1965	1970	1911	1950	63.7
9694	日立ソフト	14070	14240	13900	14050	94.3
9695	鴨川グランド	0	0	0	0	0
9696	ウィザス	320	325	320	325	2
9697	カプコン	4300	4480	4250	4400	338.7
9698	クレオ	980	981	980	980	6
9699	西尾レント	700	700	675	675	6.6
9700	エスアールエル	1211	1220	1200	1200	14
9701	会舘	249	250	249	250	4
9702	アイエスビー	0	0	0	0	0
9703	ジェネラスコーポ	86	86	83	84	154
9704	東海観	86	95	85	95	2385
9706	日本空港ビル	827	865	826	827	46
9707	メデカＪ	870	900	870	900	20
9708	帝ホテル	0	0	0	0	0
9709	日コンピュタ	630	630	630	630	2
9711	日コンシス	0	0	0	0	0
9712	ファイ	438	438	390	411	202
9713	ロイヤルホ	0	0	0	0	0
9714	ＳＲＡ	1850	1890	1850	1850	2.3
9715	トランスコス	12050	12550	12040	12550	44.7
9716	乃村工芸社	365	365	365	365	4
9717	ジャステック	3350	3450	3350	3450	3.9
9718	国際観光会館	0	0	0	0	0
9719	住商情報	8240	8250	8000	8220	101.1
9720	グランド	0	0	0	0	0
9722	藤田観	539	543	530	543	10
9724	新阪急ホテル	180	180	180	180	1
9725	東急ホテル	167	168	165	168	13
9726	近ツーリスト	302	310	301	301	28
9727	東急観光	122	122	118	121	12
9728	日本管財	1590	1590	1500	1560	5.9
9729	トーカイ	0	0	0	0	0
9730	ワオコーポ	350	350	346	346	5
9731	白洋舎	340	340	335	340	6
9732	東映ラボ	0	0	0	0	0
9733	ナガセ	0	0	0	0	0
9734	精養軒	665	665	665	665	0.2
9735	セコム	8520	8720	8470	8520	751
9736	白青舎	164	164	164	164	2
9737	ＣＳＫ	2700	2720	2680	2700	192
9738	インテック	2060	2100	2030	2080	125
9739	ＮＳＷ	9860	10000	9350	9990	42.1
9740	ＣＳＰ	0	0	0	0	0
9741	日立情報	4940	5100	4870	5080	230.2
9742	アイネス	1700	1767	1700	1721	63.9
9743	丹青社	580	591	580	588	6
9744	メイテック	5030	5030	5000	5030	56.3
9746	ＴＫＣ	2250	2280	2200	2280	14.5
9747	アサツーＤＫ	3600	3650	3540	3640	22.5
9748	ＮＪＫ	622	645	618	645	9
9749	富士ソフト	8490	8540	8210	8500	164
9750	ソラン	2250	2250	2225	2245	41
9751	ＴＩＳ	7280	7350	7250	7350	116
9752	ナムコ	3050	3200	3050	3200	165.3
9753	ＩＸナレッジ	0	0	0	0	0
9755	応用地質	1288	1288	1269	1284	18.3
9756	ＡＳＫ	740	800	740	800	14
9757	船井研	715	716	715	715	3
9758	ジシステム	501	529	500	529	10
9759	日システムデ	12410	12950	12410	12930	60.3
9760	進学会	0	0	0	0	0
9761	東海リース	188	188	188	188	27
9762	大和リース	326	328	321	324	96
9763	丸紅リ	93	95	93	93	24
9764	技研興	0	0	0	0	0
9765	オオバ	153	154	153	154	5
9766	コナミ	9410	9800	9410	9760	380.7
9767	日建工学	250	250	245	245	11
9768	国土環境	714	714	710	710	2
9769	学究社	0	0	0	0	0
9776	札臨	0	0	0	0	0
9777	日電計算	2075	2145	2075	2095	10.2
9778	昴	380	380	300	365	23
9779	メフォス	845	845	845	845	2
9780	ビステム	0	0	0	0	0
9781	石川島汎サ	0	0	0	0	0
9782	ＤＭＳ	583	586	583	586	3
9783	ベネッセ	6790	6790	6400	6500	133.1
9784	日工検	1470	1470	1470	1470	1
9785	大新東	242	242	240	240	4
9786	キャッツ	2020	2130	2020	2110	118
9787	Ｊメンテ	960	970	945	960	2.4
9788	ナック	740	740	720	720	9.9
9789	栄光	0	0	0	0	0
9790	福井コン	575	585	570	580	6
9791	ビケンテクノ	650	650	650	650	1
9792	ニチイ学館	4540	4550	4450	4450	62.5
9793	ダイセキ	1900	1900	1880	1885	17.6
9794	カラカミ観光	660	660	660	660	2
9795	ステップ	730	740	730	740	3
9796	ダイテック	1380	1390	1380	1390	1.7
9797	大日本コン	0	0	0	0	0
9798	シダックス	0	0	0	0	0
9799	旭情報	1130	1130	1130	1130	2
9810	日鉄商	95	95	95	95	4
9811	アスティス	0	0	0	0	0
9812	テーオー	0	0	0	0	0
9813	トッキ	1950	1990	1950	1990	3
9814	アシックス商	0	0	0	0	0
9815	カテナ	1150	1290	1110	1290	260
9816	バーテックス	365	365	360	360	4
9817	ゴトー	0	0	0	0	0
9818	大丸エナ	0	0	0	0	0
9820	エムティＧ	200	200	191	191	7
9822	なが多	86	87	80	81	790
9823	マミーマート	0	0	0	0	0
9824	泉州電	0	0	0	0	0
9825	アズウェル	396	396	391	392	2.5
9826	ＪＥＵＧＩＡ	0	0	0	0	0
9827	リリカラ	159	159	159	159	1
9828	元気寿司	0	0	0	0	0
9829	ながの東急	0	0	0	0	0
9830	トラスコ中山	1550	1555	1547	1555	9.4
9831	ヤマダ電	10650	10650	9900	9980	113.7
9832	オートバクス	3200	3280	3190	3210	60.4
9833	エルクコーポ	610	610	610	610	1
9834	リオチェン	370	370	370	370	0.1
9835	ジュンテン	270	270	270	270	1
9836	リーバイス	453	453	453	453	2
9837	モリト	0	0	0	0	0
9838	トラベラー	0	0	0	0	0
9839	ゲッツブラザーズ	575	590	575	590	6.5
9840	ホーマック	2250	2250	2135	2145	47.9
9841	ＢＭＢ	370	378	360	361	104
9842	アークランド	1220	1220	1220	1220	1
9844	ユーエスシー	1500	1500	1410	1450	9
9845	パーカー	0	0	0	0	0
9846	天満屋ス	0	0	0	0	0
9847	ソリスト	480	490	480	490	3
9848	トヨタカローラ岐阜	0	0	0	0	0
9849	河内屋紙	0	0	0	0	0
9850	グルメ杵屋	830	830	825	825	3
9852	中央物産	203	203	203	203	2
9853	銀座ルノア	0	0	0	0	0
9854	愛眼	965	965	950	950	6.8
9855	くろがねや	395	395	390	390	4
9856	ケーユー	820	840	820	840	3.2
9857	英和	353	375	353	375	2.5
9858	明光商会	1700	1710	1670	1670	8.7
9859	ユーストア	887	887	887	887	1
9860	岐阜日野	0	0	0	0	0
9861	吉野家ディー	191000	191000	188000	191000	0.16
9862	メモレックス・テレ	216	216	216	216	4
9863	靴のマルトミ	100	102	100	102	4.2
9864	ナカイ	0	0	0	0	0
9865	日商エレク	3000	3000	2995	2995	13
9867	ソレキア	450	460	443	445	15
9868	トリイ	360	360	360	360	7
9869	加藤産	590	600	590	600	2
9870	ハナテン	1820	1820	1820	1820	0.2
9871	イトーキ	269	269	269	269	1
9872	北恵	0	0	0	0	0
9873	ケンタッキー	1325	1348	1325	1340	26
9875	マツモトキヨ	9330	9800	9290	9790	38.2
9876	コックス	0	0	0	0	0
9877	マルフル	240	240	240	240	1
9878	セキド	590	590	590	590	1
9879	フタタ	168	168	168	168	2
9880	イノテック	2830	2850	2700	2850	28.2
9882	イエロハット	960	981	950	976	27.3
9883	富士エレ	1890	1900	1870	1900	8
9884	都築電産	705	705	700	700	6
9885	シャルレ	655	655	650	650	3
9887	松屋フーズ	1900	1900	1850	1870	2.5
9888	ＵＥＸ	0	0	0	0	0
9889	ＪＢＣＣ	3000	3050	2950	3050	24.8
9890	マキヤ	0	0	0	0	0
9892	卑弥呼	0	0	0	0	0
9893	ホームワイド	380	380	380	380	1
9894	アトル	600	610	600	610	2
9895	コンセック	191	191	190	190	2
9896	Ｊ建材	546	546	546	546	3
9897	ユニダックス	700	700	690	690	8
9898	サハダイヤ	248	248	230	239	119
9899	サンデサン	740	740	730	730	4
9900	サガミ	853	860	853	860	5
9901	宮	770	770	770	770	3
9902	日伝	1560	1560	1560	1560	1
9903	カンセキ	0	0	0	0	0
9904	ベリテ	210	210	209	209	3
9905	コージツ	0	0	0	0	0
9906	藤井産業	0	0	0	0	0
9907	大電社	0	0	0	0	0
9908	日本電計	0	0	0	0	0
9909	愛光電気	0	0	0	0	0
9911	真電	390	390	390	390	1
9912	ダイワボ情	1797	1827	1793	1819	7
9913	日邦産業	275	275	270	270	2
9914	植松商会	0	0	0	0	0
9915	アサヒビールＳ	0	0	0	0	0
9916	バイタルＮ	700	715	700	715	3.7
9917	マツモト電器	0	0	0	0	0
9918	ダイワラクダ	379	379	379	379	1
9919	関西スーパ	0	0	0	0	0
9920	シービーエム	1400	1400	1400	1400	1
9921	ギガス	0	0	0	0	0
9922	日立機材	535	535	530	531	7.5
9923	ダイトーエム	0	0	0	0	0
9924	ドミー	0	0	0	0	0
9925	北の家族	1040	1040	1040	1040	1
9926	ダイカ	305	305	305	305	10
9927	ワットマン	0	0	0	0	0
9928	ミロク情報	1001	1020	1000	1019	14
9929	平和紙業	0	0	0	0	0
9930	北沢産	279	285	279	285	11.5
9931	家族亭	665	665	665	665	1
9932	杉本商	0	0	0	0	0
9934	因幡電産	1295	1315	1276	1276	2.1
9935	あずみ	290	290	290	290	2
9936	王将フード	1051	1051	1050	1050	35
9937	セシール	1031	1050	1030	1040	4.5
9938	住金物産	88	88	88	88	6
9939	すみや	0	0	0	0	0
9941	太洋物産	197	197	197	197	1
9943	ココス	651	651	651	651	1
9944	インパクト	1480	1480	1455	1457	2.4
9945	プレナス	4300	4300	4200	4200	1.2
9946	ミニストップ	2170	2200	2160	2190	17.1
9947	シムリー	799	805	775	805	5
9948	アークス	949	949	949	949	1
9949	タイヨー	0	0	0	0	0
9950	ハチバン	0	0	0	0	0
9951	カーマ	566	574	566	571	1.1
9952	ドトール	8240	8250	7880	7880	15
9953	ダイキ	1310	1330	1310	1330	1.6
9954	東京小僧寿し	0	0	0	0	0
9955	ヨンキュウ	1940	1940	1880	1940	3.5
9956	バロー	0	0	0	0	0
9957	バイテック	1800	1800	1750	1780	6.4
9958	サリ	0	0	0	0	0
9959	アシード	790	790	785	785	0.4
9960	東テク	0	0	0	0	0
9961	エムオーテック	135	135	135	135	1
9962	駿河製機	9760	10550	9680	10550	74.1
9963	江守商事	0	0	0	0	0
9964	アイ・テック	0	0	0	0	0
9965	福原	0	0	0	0	0
9966	藤久	2100	2110	2100	2100	0.6
9967	堺商事	222	222	220	220	3
9968	イチヤ	640	640	640	640	26
9969	ショクブン	780	790	780	790	2
9970	東洋オフィス	395	400	395	400	4
9971	カウボーイ	0	0	0	0	0
9972	アルテック	1040	1080	1021	1051	13.5
9973	小僧本部	1250	1250	1250	1250	3
9974	ベルク	0	0	0	0	0
9975	マルヤ	2850	2850	2800	2850	0.8
9976	セキチュー	0	0	0	0	0
9977	アオキスーパ	0	0	0	0	0
9978	文教堂	955	956	930	940	10
9979	大庄	960	960	953	958	25
9980	マルコ	739	739	730	735	3.6
9981	ニック産業	0	0	0	0	0
9982	タキヒヨー	0	0	0	0	0
9983	ファストリ	24200	26200	24010	25840	576.4
9984	ソフトバンク	9900	10050	9800	10020	1137.5
9985	榮太郎	810	810	810	810	1
9986	蔵王産業	0	0	0	0	0
9987	スズケン	4650	4790	4600	4720	35.4
9988	神港魚類	0	0	0	0	0
9989	サンドラッグ	7500	7500	7380	7380	3.2
9990	東京デリカ	395	405	390	405	5
9991	ジェコス	309	310	309	310	1.2
9992	理研グリン	0	0	0	0	0
9993	ヤマザワ	0	0	0	0	0
9994	やまや	570	570	570	570	0.4
9995	イーストン	645	650	640	650	11
9996	サトー商会	0	0	0	0	0
9997	ベルーナ	4030	4100	4000	4100	27.9
