20001016
1001	日経２２５	15367	15688	15367	15512	43.186
1002	ＴＯＰＩＸ	1443	1466	1443	1451	43.186
1301	極洋	136	136	134	136	179
1319	日経300F	280	283	280	282	355
1331	ニチロ	168	170	165	166	1259
1332	日水	173	176	172	174	460
1333	マルハ	123	124	121	121	288
1351	宝幸水産	67	68	65	65	20
1352	ホウスイ	86	86	81	85	10
1376	カネコ種	710	750	710	750	20
1377	サカタタネ	2080	2080	2060	2070	20.6
1378	雪国まいたけ	0	0	0	0	0
1379	ホクト	3560	3570	3480	3490	24.8
1380	秋川牧園	620	620	620	620	3
1491	中外鉱	183	193	179	193	5554
1501	三井鉱山	91	92	89	89	196
1503	住友炭	75	78	74	75	83
1515	日鉄鉱	220	227	220	225	35
1518	三井松島	153	155	151	152	11
1601	帝石	490	517	486	510	3012
1603	アラビア石油	358	370	357	370	188.1
1661	ガス開	540	559	525	555	431
1701	昭和鉱	285	287	278	278	16
1702	共立マテリア	0	0	0	0	0
1735	伊田テクノス	385	385	385	385	1
1736	オーテック	0	0	0	0	0
1737	三井エンジ	340	340	340	340	2
1738	ＮＩＴＴＯＨ	0	0	0	0	0
1739	ＳＥＥＤ	0	0	0	0	0
1740	極東工業	369	369	365	365	4
1741	ミサワサンイ	0	0	0	0	0
1742	セコムテクノ	2455	2455	2400	2440	6
1743	コーアツ工業	0	0	0	0	0
1744	キョーエイ	580	580	580	580	4
1745	ミサワホーム東海	360	360	360	360	4
1746	光和建設	0	0	0	0	0
1748	ミサワ北日	280	280	280	280	1
1750	カナック	0	0	0	0	0
1751	日立プラサ	0	0	0	0	0
1752	富士通シス	1160	1160	1145	1145	3
1753	土屋ツバイ	176000	176000	176000	176000	0.005
1754	東新住建	773	775	765	775	7
1755	JFE工建	350	350	350	350	4
1756	和興エンジ	260	260	260	260	1
1757	千年の杜	0	0	0	0	0
1758	太洋基礎	461	470	461	470	5
1759	ジオトップ	237	237	234	234	19
1762	高松建設	1251	1290	1231	1290	2.5
1763	北陸ミサワ	500	500	500	500	0.5
1764	工藤建設	259	259	259	259	3
1765	イビデンテック	0	0	0	0	0
1766	東建コーポ	1150	1150	1100	1120	9
1767	沖ウィン	0	0	0	0	0
1768	ソネック	242	242	242	242	8
1770	藤田エンジ	465	465	460	460	9
1772	東北エンタープライズ	212	215	210	210	5
1774	機動建	0	0	0	0	0
1775	富士電Ｅ＆Ｃ	275	275	266	270	25
1776	三井住建道路	94	94	94	94	1
1777	川崎設備	316	316	316	316	1
1778	古河総設	0	0	0	0	0
1779	松本建工	320	330	290	305	8
1780	ヤマウラ	370	380	362	370	28.5
1781	国土総合	283	283	283	283	2
1782	常磐開発	195	195	195	195	3
1783	南野建設	0	0	0	0	0
1784	サワコー	110	110	95	100	253.2
1785	ナナボシ	0	0	0	0	0
1786	オリ建	365	380	365	378	2.2
1787	ナカボテック	228	228	228	228	7
1788	三東工業	0	0	0	0	0
1789	山加電業	0	0	0	0	0
1790	平和奥田	0	0	0	0	0
1791	三井木材	116	121	116	121	6
1792	みらい建設Ｇ	209	209	206	206	28
1793	大本組	0	0	0	0	0
1795	マサル	0	0	0	0	0
1796	トヨタウッド	290	290	290	290	0.4
1797	藤木工務店	0	0	0	0	0
1798	守谷商会	0	0	0	0	0
1799	第一建設	0	0	0	0	0
1800	利塚地下技術	0	0	0	0	0
1801	大成建	154	157	153	155	899
1802	大林組	410	412	405	405	1109
1803	清水建	309	310	302	304	731
1804	佐藤工業	46	47	46	47	233
1805	飛島建	40	41	40	41	146
1806	ACリアル	35	36	35	36	244
1807	渡辺組	0	0	0	0	0
1808	長谷工	29	30	28	29	708
1809	富士工	39	40	39	40	70
1810	松井建	292	297	291	291	5
1811	銭高組	237	237	237	237	2
1812	鹿島	273	276	268	273	2419
1813	不動建	129	129	125	126	40
1814	大末建	38	40	38	39	383
1815	鉄建	83	84	80	83	647
1816	安藤建	190	194	185	185	16
1817	勝村建	115	120	115	118	23
1818	日産建設	93	93	91	91	65
1819	太平工	136	137	136	137	17
1820	西松建	340	343	336	340	282
1821	三井住友建	62	64	61	64	77
1822	大豊建	151	158	151	158	23
1823	住友建設	75	76	73	74	47
1824	前田建	420	425	420	421	231
1825	環境建設	81	85	81	83	74
1826	佐田建	132	135	132	135	3
1827	ナカノフドー建	81	81	80	81	98
1828	田辺工業	0	0	0	0	0
1829	大和建設	77	77	77	77	6
1830	共栄冷機工業	0	0	0	0	0
1831	積水ハ北陸	700	700	690	690	51
1833	奥村組	354	354	347	348	237
1834	小田急建	223	223	223	223	2.5
1835	東鉄工	204	204	201	201	4
1836	大日本土木	145	154	145	148	5
1837	間組	44	45	43	44	243
1838	古久根建設	91	91	90	90	16
1839	真柄建	143	143	136	136	4
1840	土屋ホーム	280	280	280	280	0.4
1841	サンユ	385	385	385	385	2
1842	昭和テクノ	0	0	0	0	0
1844	大盛工業	110	111	100	100	9
1845	森本組	91	95	91	95	7
1846	鈴縫工	101	115	101	115	2
1847	イチケン	95	100	91	100	19
1848	富士ＰＳ	449	449	449	449	4
1850	南海辰村建	0	0	0	0	0
1851	大木建設	191	193	190	191	8
1852	浅沼組	144	145	141	142	15
1853	森組	101	101	101	101	1
1854	新井組	103	103	99	103	13
1855	東急建設	69	71	69	71	147
1856	ジェイオー建設	200	200	200	200	1
1857	松村組	81	85	80	80	28
1858	井上工	0	0	0	0	0
1860	戸田建	410	433	409	430	165
1861	熊谷組	32	32	31	31	650
1862	横河工事	325	325	320	320	3.2
1863	テトラ	208	210	208	209	19
1865	青木あすなろ建	150	155	150	151	12
1866	北野建	229	234	226	228	41
1867	植木組	176	176	176	176	4
1868	三井ホーム	404	404	400	403	15
1869	名工建	0	0	0	0	0
1870	矢作建	370	370	369	369	6
1871	ピーエス三菱	368	368	361	362	8.1
1872	アゼル	290	290	285	285	52
1873	東ハウス	400	400	396	400	12
1874	佐藤秀	0	0	0	0	0
1875	青木マリン	0	0	0	0	0
1877	川田建設	0	0	0	0	0
1878	大東建	1899	1924	1890	1892	242
1879	新日本建	210	210	201	209	9
1880	スルガコーポ	0	0	0	0	0
1881	ＮＩＰＰＯ	448	451	445	450	51
1882	東亜道	200	210	200	210	29
1883	前田道	498	498	475	476	43
1884	日道路	150	158	150	156	21
1885	東亜建	121	124	120	124	78
1886	青木建設	29	30	28	28	407
1888	若築建	95	99	95	99	38
1889	佐伯建	126	132	125	125	88
1890	東洋建	73	75	73	75	44
1892	徳倉建	251	251	251	251	1
1893	五洋建	130	131	128	128	240
1895	大成ロテック	149	152	149	150	14
1896	大林道	250	250	234	236	25
1897	金下建	500	500	485	486	20
1898	世紀東急	78	80	78	80	3
1899	福田組	261	267	261	267	2
1900	白石	340	348	338	348	10
1902	山崎建設	265	270	265	270	2
1904	大成温調	315	360	310	335	23
1905	テノックス	0	0	0	0	0
1906	細田工務	0	0	0	0	0
1907	東北ミサワ	590	590	579	580	15.5
1908	三平建設	420000	420000	420000	420000	0.003
1909	日本ドライ	230	230	225	225	21
1910	フドウ建研	130	130	130	130	2
1911	住友林	763	763	737	737	80
1912	ミサワセラミ	320	320	320	320	1
1913	旭ホームズ	0	0	0	0	0
1914	日基技	479	479	466	469	6.6
1915	東京ミサワホーム	0	0	0	0	0
1916	日成ビルド	149	149	145	149	40
1917	ニッセキハウス	167	167	161	165	292
1919	エスバイエル	230	235	230	234	72
1920	殖産住宅相互	82	83	79	83	181
1921	巴	178	180	178	180	3
1922	大成ユーレック	101	105	95	97	16
1923	ミサワホーム	311	311	303	303	135
1924	パナホーム	660	669	655	661	39
1925	大和ハウス	729	729	687	699	987
1926	ライト	410	411	405	405	63.7
1927	中 部	300	300	300	300	1.1
1928	積ハウス	1115	1119	1083	1093	450
1929	日特建	178	178	172	172	16
1930	北陸電工	290	290	280	280	2
1931	日本電通	274	274	274	274	7
1932	コミュチュア	455	460	450	450	8
1933	西シス建	0	0	0	0	0
1934	ユアテック	342	352	342	346	11
1935	ＴＴＫ	0	0	0	0	0
1936	シーキューブ	264	264	264	264	12.5
1937	西部電工	289	290	289	289	12
1938	千歳電	255	255	255	255	16
1939	四電工	355	372	355	372	7
1940	つうけん	235	239	235	235	13
1941	中電工	1214	1220	1207	1207	59
1942	関電工	530	535	519	519	171
1943	大明	920	921	915	919	15
1944	きんでん	680	703	680	696	152
1945	東京エネシス	0	0	0	0	0
1946	トーエネク	406	406	401	405	5
1947	日本コムシス	2100	2120	2030	2060	675
1948	弘電社	380	380	345	345	16
1949	住友電設	550	550	521	545	7.1
1950	電設工	356	363	356	360	19
1951	協エクシオ	1220	1230	1199	1216	144
1952	新日空調	346	358	345	358	2.5
1953	国際電設	191	191	191	191	1
1954	日工営	211	211	208	209	39
1955	東電通	376	380	374	380	46
1956	日電設	399	400	385	385	9
1957	保安工	215	215	215	215	1
1958	三和エレック	290	302	290	300	7
1959	九電工	400	409	388	409	249
1960	サンテック	329	330	329	330	5
1961	三機工	601	601	593	593	183
1962	エルゴテック	0	0	0	0	0
1963	日揮	663	701	656	699	6431
1964	中外炉	360	360	358	360	16
1965	テクノ菱和	499	500	499	499	11.1
1966	高田工	0	0	0	0	0
1967	ヤマト	310	310	309	310	4
1968	太平電	245	259	245	256	32
1969	高砂熱	802	820	802	818	61
1970	日立プラ	271	279	271	279	5
1971	ビルト工	95	99	95	95	26
1972	三晃金	99	100	99	100	12
1973	ＮＥＣシス建	2090	2090	2050	2050	36.4
1974	宮地建設工業	560	560	530	560	7
1975	朝日工	263	270	260	260	42
1976	明星工	130	130	130	130	7
1977	ジェイコス	0	0	0	0	0
1978	アタカ	241	249	240	249	7
1979	大気社	1040	1040	987	987	37
1980	ダイダン	500	500	500	500	4
1981	協和日成	0	0	0	0	0
1982	日比谷設	476	485	475	485	21
1983	東芝プラ	240	240	231	232	37
1984	三信建	150	150	150	150	1
1985	大和電設	0	0	0	0	0
1986	日商インター	691	710	690	700	14.8
1987	ソルコム	0	0	0	0	0
1988	シボンド建	1490	1490	1468	1484	29.9
1989	北陸電話	0	0	0	0	0
1990	東邦建	205	205	205	205	1
1991	都築通技	0	0	0	0	0
1992	神田通機	0	0	0	0	0
1993	ニッタン	0	0	0	0	0
1994	高橋ウォール	0	0	0	0	0
1995	鈴木工務店	0	0	0	0	0
1996	三菱建設	181	181	181	181	2
1997	暁飯島工業	0	0	0	0	0
1998	日本土建	1000	1000	1000	1000	3
2001	日本粉	238	241	237	237	219
2002	日清粉	1069	1090	1060	1067	175
2003	日東粉	198	212	198	212	4
2004	昭和産	175	178	175	177	38
2006	東福粉	80	80	80	80	1
2007	富士粉	0	0	0	0	0
2008	増田粉	0	0	0	0	0
2009	鳥越粉	352	352	350	352	11
2051	農産工	169	174	168	169	140
2052	協同飼	108	110	108	108	39
2053	中部飼	549	549	549	549	2
2055	日和産	0	0	0	0	0
2056	日配飼	122	123	121	121	37
2057	雪印種	560	560	560	560	7
2102	台糖	240	245	240	240	4
2107	東洋糖	131	137	131	136	17
2108	甜菜糖	138	138	135	137	75
2109	三井糖	205	213	205	209	39
2111	フジ製糖	170	170	170	170	1
2112	塩水糖	280	280	265	280	5
2113	新光糖	0	0	0	0	0
2114	フジ日本精糖	240	240	240	240	6
2116	日新糖	125	128	125	128	10
2201	森永	231	233	229	232	212
2202	明菓	650	654	639	644	232
2204	中村屋	280	280	271	278	9
2205	駿河屋	0	0	0	0	0
2206	グリコ	610	619	610	616	114
2207	名糖産	1060	1099	1060	1099	5
2208	ブルボン	709	709	700	700	4
2209	井村屋	460	460	450	450	9
2211	不二家	243	244	242	244	52
2212	山パン	866	869	852	856	42
2215	一パン	254	257	253	255	11
2216	カンロ	274	274	274	274	10
2217	モロゾフ	205	207	205	206	11
2219	タカラブネ	96	102	96	100	12
2220	亀田製菓	545	550	540	550	9
2221	岩塚製菓	0	0	0	0	0
2222	寿製菓	450	450	450	450	1
2224	コモ	1350	1360	1350	1360	3
2261	明乳	492	498	492	497	292
2262	雪印	385	385	380	382	617
2264	森永乳	247	249	246	246	157
2266	六甲バタ	383	383	380	380	7
2267	ヤクルト	1165	1193	1165	1184	157
2268	サーティワン	709	709	709	709	1
2281	プリマ	120	121	119	119	152
2282	日ハム	1376	1376	1345	1345	101
2284	伊藤ハ	408	410	408	410	55
2286	林兼	135	136	130	134	65
2287	雪印食品	185	190	185	190	3
2288	丸大食	160	162	160	160	65
2289	相模ハム	0	0	0	0	0
2290	米久	1250	1254	1246	1253	6.5
2291	福留ハ	175	175	161	161	3
2292	ＳＦＯＯＤＳ	924	924	910	910	2
2293	滝沢ハム	0	0	0	0	0
2294	柿安本店	1090	1090	1090	1090	1
2501	サッポロＨＤ	350	350	340	340	315
2502	アサヒ	1070	1070	1047	1047	1532
2503	キリン	1179	1185	1156	1180	601
2531	宝ＨＤ	2110	2115	2080	2095	571
2533	オエノンＨＤ	222	227	222	227	18
2536	メルシャン	271	283	270	270	201
2538	マルキン忠勇	145	145	125	140	18
2540	養命酒	710	718	710	718	8
2541	ニッカ	336	339	327	331	184
2571	中京コカ	900	901	880	880	9
2572	三国コカ	1185	1190	1176	1176	42
2573	北海コカ	850	850	850	850	2
2575	三笠コカ	755	770	750	765	14
2576	近畿コカ	1160	1160	1141	1160	8
2577	富士コカ	885	885	885	885	9
2578	四国コカ	883	895	883	895	16.8
2579	コカウエスト	3640	3650	3560	3640	84.3
2591	カルピス	471	478	471	472	8
2592	ポッカ	400	405	399	405	20
2593	伊藤園	8310	8600	8310	8500	38.6
2594	キーコーヒー	1342	1350	1321	1330	9.2
2595	キリンビバ	2930	2960	2930	2930	15
2596	キューサイ	2860	2900	2860	2900	18.6
2597	ユニカフェ	1800	1800	1761	1770	16.8
2598	アサヒ飲料	748	765	748	765	37.5
2599	ジャパンＦ	730	730	730	730	2
2601	ホーネンコーポ	190	193	185	189	162
2602	日清オイリオ	322	327	318	319	299
2604	吉原製油	261	265	261	261	6
2607	不二油	1048	1060	1036	1036	416
2608	ボーソー	135	135	135	135	1
2611	摂津油	0	0	0	0	0
2612	かどや製油	0	0	0	0	0
2650	橘テクトロン	1060	1060	1050	1060	9
2651	ローソン	4350	4350	4200	4340	150.5
2652	まんだらけ	265000	270000	265000	269000	0.018
2653	イオン九州	780	780	780	780	3
2654	シンワ	0	0	0	0	0
2655	マックス東北	600	600	590	590	4
2656	ベクター	2290000	2400000	2290000	2400000	0.004
2657	インタニクス	2490	2500	2450	2450	8
2658	ウライ	215	215	210	215	13
2659	サンエー	1560	1600	1560	1590	7
2660	キリン堂	530	530	530	530	2
2661	キンレイ	510	515	505	515	14
2662	ダイユエイト	350	350	350	350	3
2663	伊藤伊	550	550	540	549	5
2664	カワチ薬品	6950	7000	6950	6960	5
2665	ネクストコム	6900000	6900000	6690000	6700000	0.013
2666	オートウェブ	1230	1270	1230	1270	8
2667	イメージワン	1460000	1500000	1420000	1450000	0.019
2668	ダン	891	900	891	892	11
2801	キッコマン	807	809	800	801	179
2802	味の素	1195	1203	1173	1194	1247
2804	ブルドック	615	615	615	615	1
2805	エスビー	585	585	585	585	4
2806	ユタカフーズ	0	0	0	0	0
2808	サンビシ	0	0	0	0	0
2809	キユーピー	910	914	908	912	47
2810	ハウス食品	1458	1481	1458	1481	78
2811	カゴメ	1060	1074	1056	1070	14
2812	焼津水化	1825	1850	1825	1850	8.5
2813	和弘食品	110	110	110	110	1
2814	佐藤食品	0	0	0	0	0
2815	アリアケ	7340	7340	7210	7210	4.6
2816	ダイショー	800	800	800	800	2
2817	ギャバン	0	0	0	0	0
2830	アヲハタ	780	780	770	770	2
2831	はごろも	1120	1120	1120	1120	1
2871	ニチレイ	457	463	450	458	806
2872	セイヒョー	0	0	0	0	0
2873	加ト吉	2935	2970	2860	2900	103.1
2874	ヨコレイ	644	650	644	645	14
2875	東洋水	949	996	941	996	29
2876	ＪＣコムサ	300	300	300	300	1
2877	日東ベスト	0	0	0	0	0
2878	赤城水産	365	370	360	360	4
2879	ニチロサンフズ	390	390	390	390	4
2891	酵母工	461	461	455	455	7
2892	日食品	283	284	280	280	5
2893	ローマイヤ	120	120	120	120	15
2894	石井食	280	280	270	270	4
2897	日清食	2960	3030	2955	2995	728
2898	ソントン	900	920	900	920	5
2899	永谷園	840	850	840	850	6
2900	明星食	230	231	230	231	13
2901	石垣食	0	0	0	0	0
2902	太陽化	0	0	0	0	0
2903	シノブフズ	0	0	0	0	0
2904	一正蒲鉾	0	0	0	0	0
2905	オーケー食	120	120	120	120	7
2906	ホッコク	300	300	300	300	1
2907	あじかん	0	0	0	0	0
2908	フジッコ	1500	1500	1500	1500	7
2909	トオカツフズ	270	270	270	270	3
2910	Ｒフィールド	5060	5110	5050	5100	27
2911	旭松食品	0	0	0	0	0
2912	鐘崎	0	0	0	0	0
2913	フジフーズ	240	240	240	240	1
2914	ＪＴ	860000	860000	840000	846000	1.541
2915	ケンコーマヨ	0	0	0	0	0
2916	仙波糖化	0	0	0	0	0
2917	大森屋	710	785	705	705	13
2918	わらべ日洋	1018	1030	1018	1030	8
2920	ケイビー	950	979	950	979	2
2921	フクシマフズ	550	550	550	550	1
2922	なとり	0	0	0	0	0
3001	片倉	502	513	502	513	36
3002	グンゼ	322	322	316	318	314
3003	昭栄	1000	1000	1000	1000	11
3004	神栄	149	149	142	145	17
3007	神戸生絲	44	44	40	40	21
3009	川島織	140	143	140	140	56
3010	上毛	128	136	128	135	111
3011	バナーズ	82	82	82	82	1
3101	東洋紡	190	195	189	193	581
3102	カネボウ	307	310	306	310	380
3103	ユニチカ	66	66	65	65	308
3104	富士紡Ｈ	61	62	60	60	117
3105	日清紡	532	543	528	530	251
3106	クラボウ	144	148	143	144	167
3107	ダイワボウ	104	104	103	103	10
3109	シキボウ	71	72	71	72	19
3110	日東紡	144	146	143	144	234
3111	オーミケン	73	73	70	70	15
3113	ＢＳＬ	65	68	64	67	120
3114	同興紡	91	100	91	100	5
3115	テザック	50	50	48	48	65
3116	トヨタ紡織	775	775	774	774	18
3117	興和紡	300	300	300	300	13
3121	アセットイン	0	0	0	0	0
3123	サイボー	0	0	0	0	0
3125	内外綿	55	55	44	44	12
3128	テラボウ	60	60	51	51	7
3129	ファブリカＴ	0	0	0	0	0
3201	日毛	419	425	419	425	17
3202	大東紡	93	93	89	89	14
3203	東亜紡織	74	74	74	74	18
3205	ダイドー	260	266	258	258	10
3206	南海毛糸紡績	85	86	85	86	13
3207	中央毛	150	150	150	150	4
3209	カネヨウ	121	121	116	116	9
3211	太陽毛絲紡	70	70	70	70	2
3216	御幸ＨＤ	414	414	404	405	4
3302	帝繊維	180	180	177	178	6
3304	トスコ	72	72	72	72	9
3306	日本麻	52	55	50	50	12
3401	帝人	463	465	454	458	397
3402	東レ	419	422	415	420	1774
3403	東邦テナ	91	92	90	90	75
3404	三菱レ	369	374	362	370	3025
3405	クラレ	1050	1053	1040	1053	318
3407	旭化成	688	693	682	686	1242
3408	サカイオーベ	83	90	83	89	31
3409	北日紡	92	100	92	92	8
3411	オートリ	97	101	97	99	16
3420	ケーエフシー	0	0	0	0	0
3421	稲葉製作	1410	1410	1352	1355	7.9
3422	丸順	0	0	0	0	0
3423	エスイー	420	425	420	425	5
3424	ミヤコ	360	365	360	360	7
3425	本郷	650	660	650	660	3
3426	アトムリビン	410	410	385	385	2
3501	住江織	130	130	123	130	20
3503	東和織	53	53	53	53	5
3512	フエルト	303	306	303	306	12
3513	イチカワ	213	213	208	208	11
3514	バイリーン	266	266	256	256	19
3515	フジコー	370	370	360	360	7
3521	エコナック	78	78	73	76	19
3524	日東網	79	80	79	80	6
3526	芦森工	204	208	203	208	23
3528	グローベルス	123	123	120	123	36
3529	アツギ	90	90	89	90	146
3532	堀田産	0	0	0	0	0
3533	ダイオ化成	541	541	541	541	1
3534	ＮＢＣ	0	0	0	0	0
3551	ダイニック	160	160	158	160	19
3552	洋クロス	222	230	221	230	21
3553	共和レ	470	470	470	470	2
3569	セーレン	313	318	300	300	54
3570	オリカキャピ	160	162	160	160	20
3571	ソトー	504	520	504	520	9
3572	大同マルタ	0	0	0	0	0
3576	カンボウ	0	0	0	0	0
3577	東海染	117	120	112	120	8
3578	倉庫精	0	0	0	0	0
3580	小松精	272	272	272	272	1
3581	岐セン	0	0	0	0	0
3583	オーベクス	138	138	138	138	2
3584	福助	148	150	136	150	22
3585	トムスエンタ	301	301	279	279	125
3587	ＩＢダイワ	75	80	75	78	502
3588	丸山工	0	0	0	0	0
3591	ワコール	895	915	895	915	126
3592	ＣＨＯＹＡ	0	0	0	0	0
3593	ホギメデ	6700	6800	6700	6780	9.9
3594	モリシタ	0	0	0	0	0
3595	ヤギコーポ	0	0	0	0	0
3596	ワールド	3680	3780	3650	3660	141.4
3597	自重堂	601	621	601	621	4
3598	山喜	196	201	196	201	2
3599	コーコス	0	0	0	0	0
3600	フジックス	0	0	0	0	0
3601	ニチメンイン	1260	1335	1260	1335	1.7
3602	イタリヤード	0	0	0	0	0
3603	チャッコット	0	0	0	0	0
3706	東海パ	392	393	390	393	5
3861	王子紙	694	694	679	681	723
3863	日本製紙	694	703	692	692	1184
3864	三菱紙	231	240	228	240	415
3865	北越紙	772	774	751	758	252
3868	高崎三興	90	93	90	93	34
3869	日本板紙	214	220	214	215	15
3870	日本加工製紙	70	72	70	72	27
3871	大昭和紙	412	419	403	419	43
3872	三島紙	146	146	146	146	4
3877	中越パ	250	267	250	250	224
3878	巴川紙	485	495	482	487	21
3880	大王紙	968	1010	968	990	40
3881	特種紙	405	410	405	410	15
3882	紀州紙	173	178	171	177	22
3886	チューエツ	95	95	95	95	2
3887	中央板紙	100	100	96	100	5
3889	大平製紙	0	0	0	0	0
3890	ゼネＫＫ	494	494	494	494	2
3891	高度紙	1460	1460	1450	1450	8
3941	レンゴー	557	557	540	549	273
3944	古林紙	127	128	127	128	2
3945	スパバッグ	0	0	0	0	0
3946	トーモク	205	205	200	200	27
3947	ダイナパック	0	0	0	0	0
3948	光ビジネス	515	515	515	515	2
3949	日本ハイパック	0	0	0	0	0
3950	ザ・パック	800	800	800	800	0.5
3951	朝日印刷	0	0	0	0	0
3952	中央紙器	305	305	305	305	3
3953	大村紙業	0	0	0	0	0
3954	昭和パックス	0	0	0	0	0
3955	イムラ封筒	0	0	0	0	0
3971	東セロ	288	288	288	288	1
4003	コープケミ	94	94	90	90	9
4004	昭電工	140	141	137	137	592
4005	住友化学	523	529	515	518	2767
4007	日化成	140	148	140	148	39
4008	住友精化	254	261	254	255	12
4010	三菱化学	388	390	384	387	1966
4021	日産化	853	853	831	844	492
4022	ラサ工	266	273	266	271	52
4023	呉羽化	272	276	268	268	111
4025	多木化	345	347	345	345	7
4026	神島化	0	0	0	0	0
4027	テイカ	250	252	250	251	11
4028	石原産	180	180	171	172	410
4031	チッカリン	348	348	345	348	5
4032	日東バイオン	0	0	0	0	0
4033	日東エフシー	390	390	390	390	2
4041	日曹達	320	329	320	322	387
4042	東ソー	342	345	337	337	1247
4043	トクヤマ	501	515	501	508	217
4044	セ硝子	495	520	493	520	329
4045	東合成	212	215	211	213	241
4046	ダイソー	205	205	195	201	15
4047	関電化	0	0	0	0	0
4050	鶴見曹達	434	434	434	434	4
4061	電化	393	408	393	401	543
4062	イビデン	1645	1690	1631	1631	340
4063	信越化	4520	4610	4510	4550	403
4064	カーバイド	103	106	103	105	106
4065	紀文フ	385	390	385	390	4
4077	富士チタン工業	520	540	510	540	33
4078	堺化学	672	692	670	670	55
4079	ハクスイテック	0	0	0	0	0
4080	田中化研	2110	2140	2080	2080	16
4086	日本エア・リキード	541	556	533	552	111
4088	エアウォータ	352	352	340	347	115
4089	大阪酸素工業	218	218	218	218	1
4091	大陽日酸	327	331	326	328	341
4092	日本化	312	322	312	316	464
4093	アセチレン	79	79	78	79	3
4094	日化産	340	350	330	350	22
4095	パーカライ	333	338	330	335	29
4096	昭炭酸	272	272	271	272	4
4097	高圧ガス	307	307	304	305	8
4098	チタン	166	169	166	167	6
4099	四国化	352	357	352	355	4
4100	戸田工	587	587	562	562	24
4101	日興酸素	0	0	0	0	0
4102	丸尾カル	0	0	0	0	0
4103	大陽東洋酸素	205	205	200	201	50
4104	タテホ	209	215	209	215	14
4105	メルテックス	0	0	0	0	0
4106	ケムキャット	0	0	0	0	0
4107	伊勢化	360	369	360	369	6
4109	ステラケミ	6300	6300	6000	6100	39.1
4112	保土谷	180	180	161	163	29
4113	田岡化	0	0	0	0	0
4114	日触媒	503	520	503	509	212
4115	本州化	681	681	681	681	2
4116	大日精	357	374	354	374	32
4117	川崎化	133	133	130	130	7
4118	カネカ	1068	1104	1068	1104	300
4119	ピグメント	266	266	257	257	2
4120	スガイ	290	290	290	290	6
4123	山化成	755	755	755	755	4
4151	協発酵	898	899	886	897	360
4182	菱ガス化	325	331	325	328	383
4183	三井化学	508	512	500	503	1234
4185	ＪＳＲ	779	779	751	751	269
4186	東応化	1960	1995	1960	1960	31.4
4187	大有機	510	510	510	510	6
4201	日合成	141	143	140	141	46
4202	ダイセル	303	321	301	320	614
4203	住友ベ	1250	1272	1250	1268	496
4204	積水化	360	360	350	351	300
4205	ゼオン	451	451	443	447	397
4206	アイカ	673	696	673	691	195
4208	宇部興	231	235	231	233	609
4209	フドー	99	99	99	99	5
4210	東洋化学	406	424	406	421	27
4212	積水樹	379	379	367	373	25
4213	菱樹脂	189	190	187	188	98
4214	高分子	326	327	325	325	44
4215	タキロン	382	386	373	380	21
4216	旭有機	306	308	302	303	31
4217	日立化	2720	2770	2710	2760	237.5
4218	ニチバン	342	351	342	351	11
4219	プラス・テク	0	0	0	0	0
4220	リケンテクノ	303	310	303	305	45
4221	大倉工	357	367	357	358	14
4222	児玉化	60	62	60	62	21
4224	ロンシール	69	69	69	69	6
4225	筒中	300	307	299	299	30
4226	テスコ	0	0	0	0	0
4227	郡是高分子	190	190	190	190	2
4228	積化成	175	177	175	177	27
4229	群栄化	154	160	154	160	22
4231	タイガポリ	550	550	550	550	1
4232	東芝ケミカル	322	330	320	320	35
4233	ワコー	0	0	0	0	0
4234	サンエー化研	731	735	731	735	2
4271	カーリット	769	769	769	769	5
4272	日化薬	657	659	645	648	228
4274	細火工	0	0	0	0	0
4361	川口化	136	136	136	136	6
4362	日精化	400	410	400	410	10
4363	新日鐵化学	175	175	172	172	33
4364	マナック	0	0	0	0	0
4365	松本油脂	1970	1970	1970	1970	3
4366	ダイトーケミ	680	689	680	689	3
4367	広栄化学	0	0	0	0	0
4401	旭電化	750	760	750	758	39
4403	日油脂	230	233	227	233	306
4404	ミヨシ	231	235	226	226	57
4406	日理化	550	570	550	570	5
4409	東邦化	195	195	195	195	1
4410	ハリマ化成	426	426	420	425	24
4452	花王	3060	3120	3010	3090	1200
4461	一工薬	303	303	300	300	35
4462	石原薬品	950	950	905	905	2
4463	日華化学	0	0	0	0	0
4471	三洋化	846	851	846	848	96
4501	三共	2430	2470	2360	2435	885
4502	武田	6770	6940	6700	6850	1905
4503	アステラス薬	5080	5090	4950	4990	1240
4505	第一製薬	2645	2745	2620	2695	347
4506	大日薬	1352	1360	1343	1355	387
4507	塩野義	2050	2085	2020	2080	391
4508	田辺薬	810	813	798	809	169
4509	三菱ウェルファーマ	834	843	833	835	237
4511	藤沢薬品	0	0	0	0	0
4512	わかもと	425	426	425	426	7
4514	帝臓器	711	720	711	713	9
4515	萬有製薬	2330	2380	2280	2295	119
4516	日新薬	1065	1100	1065	1090	301
4517	ビオフェル	900	900	900	900	2.5
4518	富山化	405	412	398	403	510
4519	中外薬	1865	1899	1865	1881	389
4520	和光堂	3000	3000	3000	3000	0.5
4521	科研薬	688	691	680	688	88
4523	エーザイ	3150	3180	3130	3150	595
4524	仁丹	1530	1620	1530	1620	11
4526	理ビタ	1400	1400	1360	1370	7
4527	ロート	1439	1439	1399	1399	24
4528	小野薬	4350	4350	4200	4270	72
4529	日研化	355	367	355	367	12
4530	久光薬	1694	1694	1620	1633	55
4531	有機薬	350	368	348	364	6
4534	持田薬	654	663	652	660	43
4535	大正薬	2910	2950	2900	2920	452
4536	参天薬	2290	2290	2205	2210	78
4537	エスエス	1025	1059	1025	1034	50
4538	扶桑薬	569	572	560	560	15
4539	ケミファ	235	240	235	237	17
4540	ツムラ	351	356	350	355	44
4541	日医工	160	162	157	162	13
4542	三笠薬	411	411	411	411	6
4543	テルモ	2920	2980	2900	2915	275.5
4544	みらかＨＤ	715	730	713	728	30
4545	国際試薬	351	351	350	350	13
4546	北陸製薬	1261	1300	1261	1285	31
4547	キッセイ	1980	1980	1950	1957	17
4548	生化学	1100	1100	1050	1080	13
4549	栄研化	1630	1650	1623	1640	11
4550	日水薬	620	620	610	610	3
4551	鳥居薬	2750	2755	2720	2720	13.7
4552	日本ケミカル	750	750	740	740	5
4553	東和薬品	830	830	820	820	3
4554	富士製薬	340	340	340	340	1
4555	沢井製薬	1300	1300	1300	1300	1
4556	カイノス	790	800	790	800	10
4557	医学生物	1610	1700	1600	1670	168
4558	中京医薬	0	0	0	0	0
4559	ゼリア新薬	1130	1145	1125	1144	20
4560	キョーリン薬	4000	4020	3970	3980	21
4561	デンカ生研	0	0	0	0	0
4611	大日塗	158	161	155	156	72
4612	日本ペ	351	352	347	347	113
4613	関西ペ	306	308	303	305	163
4614	トウペ	136	140	130	132	20
4615	神東塗	120	120	120	120	7
4616	川上塗	111	111	111	111	1
4617	中国塗	211	212	211	211	53
4619	日特塗	246	247	241	247	6
4620	藤倉化	398	400	395	398	21
4621	ロック	801	801	801	801	1
4622	ユニペイン	0	0	0	0	0
4623	アサヒペン	275	280	275	277	30
4624	イサム	450	450	450	450	2
4625	アトミクス	0	0	0	0	0
4626	太陽インキ	5800	5900	5750	5900	3.6
4627	ナトコ	750	760	750	760	9
4628	エスケー化研	0	0	0	0	0
4629	大伸化学	0	0	0	0	0
4631	インキ	377	378	367	367	663
4633	サカタＩＮＸ	264	265	262	262	9
4634	洋インキ	196	196	194	194	67
4635	東インキ	230	230	230	230	3
4636	Ｔ＆Ｋ	3080	3100	3080	3080	2
4640	アンドール	380	390	380	390	4
4641	アルプス技	1699	1699	1680	1680	3
4642	オリジナル設	882	882	882	882	0.5
4643	コナミスポ	7980	8000	7950	7980	21.3
4644	イマジニア	1270	1300	1220	1220	4.2
4645	市進	0	0	0	0	0
4646	ジャスフォート	848	848	848	848	0.5
4649	大成	0	0	0	0	0
4650	スガイエンタ	0	0	0	0	0
4651	サニックス	6540	6550	6220	6220	23.6
4652	ウッドランド	1700	1750	1700	1750	0.4
4653	ダイオーズ	0	0	0	0	0
4654	ニチゾウテク	320	320	320	320	1
4655	ＮＯＶＡ	480	480	480	480	2
4656	サン・ライフ	3010	3010	3010	3010	0.1
4657	環境管理	0	0	0	0	0
4658	日本空調	0	0	0	0	0
4659	エイジス	0	0	0	0	0
4660	ニッポン放送	6190	6500	6190	6420	24
4661	ＯＬＣ	8980	8980	8650	8680	92.6
4662	フォーカス	2490	2770	2490	2770	33.7
4663	ＡＴＬ	710000	710000	680000	680000	0.006
4664	ＲＳＣ	0	0	0	0	0
4666	パーク２４	13500	13670	13500	13500	47.1
4667	アイサンテク	215	215	200	205	5
4668	明光ネット	390	390	390	390	8
4669	ニッパンＲ	0	0	0	0	0
4670	セタ	0	0	0	0	0
4671	ファルコバ	2180	2180	2050	2050	5
4672	ベルックス	0	0	0	0	0
4673	川崎地質	0	0	0	0	0
4674	クレスコ	8550	8550	8100	8200	9
4675	エヌエス環境	0	0	0	0	0
4676	フジテレビ	1450000	1450000	1420000	1440000	1.314
4678	秀英	1200	1200	1140	1140	2.7
4679	田谷	3000	3000	2950	2950	5.3
4680	ラウンドワン	145000	154000	144000	146000	0.542
4681	リゾートトラ	2510	2550	2480	2480	7.6
4682	電通テック	10400	10600	10400	10500	2.7
4683	堀内カラー	0	0	0	0	0
4684	オービック	42150	42150	40900	41900	6.9
4685	菱友システム	0	0	0	0	0
4686	ジャスト	4200	4250	4130	4130	6.8
4687	ＴＤＣソフト	3690	3690	3400	3400	2.4
4688	日本ドレーク	6500	6500	6500	6500	2.7
4689	ヤフー	12150000	12450000	11800000	12250000	0.144
4690	日パレット	0	0	0	0	0
4692	アルゴ２１	3910	3910	3810	3900	26.8
4694	ＢＭＬ	3750	3760	3750	3750	11.6
4695	マイスター	470	470	470	470	3
4696	ワタベ	0	0	0	0	0
4697	ゼロ	190000	196000	180000	182000	0.2
4699	ウチダエスコ	0	0	0	0	0
4700	アクセス	5160000	5300000	5060000	5100000	0.012
4701	プレック研	0	0	0	0	0
4702	55ステーション	0	0	0	0	0
4703	住商オート	780	785	775	785	1.8
4704	トレンド	14060	14200	13360	13680	220.5
4705	クリップ	0	0	0	0	0
4706	富士通サポート	13300	13470	13270	13300	74.1
4707	キタック	0	0	0	0	0
4708	もしもしＨＬ	7910	7950	7850	7850	2
4709	ＩＤ	980	1000	980	1000	1.2
4710	ウィン	0	0	0	0	0
4711	コミュニティ	1188	1188	1142	1180	1.4
4712	アドアーズ	340	340	320	340	15
4713	日信電サ	1060	1060	1060	1060	0.1
4714	リソー教育	202000	202000	200000	200000	0.006
4715	クリエイティブ	0	0	0	0	0
4716	日本オラクル	24300	24320	23120	23300	87.5
4717	ソデッソジャパン	2000	2010	2000	2010	2
4718	早稲アカ	330	335	330	335	5
4719	アルファシス	18170	18400	17950	18400	30.4
4720	城南進研	0	0	0	0	0
4721	フジスタッフ	2150	2200	2100	2100	8.2
4722	フューチャー	1570000	1570000	1500000	1540000	0.028
4723	グッドウィル	210000	210000	210000	210000	0.104
4724	シチエ	910	915	900	905	8.2
4725	ＣＡＣ	5300	5300	5160	5160	7
4726	ソフトバンテク	6500	6500	6300	6350	4
4727	アジアＳ総研	2500	2550	2440	2440	3.2
4728	トーセ	4820	4830	4820	4820	0.3
4729	コナミスタジオ	336000	336000	330000	330000	0.028
4730	関西メンテ	610	615	610	612	12
4731	ユニバホーム	663000	663000	661000	661000	0.003
4732	ＵＳＳ	3180	3300	3080	3080	43.6
4733	ＯＢＣ	12400	12700	12300	12700	11.2
4734	ビーイング	520	530	520	520	6
4735	京進	370	380	370	380	5
4736	日本ラッド	900	935	900	901	4
4737	シダックス	0	0	0	0	0
4738	日立ビジネス	1750	1750	1690	1690	6.6
4739	ＣＴＣ	25450	25600	24800	24900	244.6
4740	ニューディル	481000	490000	475000	485000	0.033
4741	ＩＲＩ	2350000	2350000	2350000	2350000	0.001
4742	エイトコン	710000	720000	710000	710000	0.006
4743	アイティフォ	5000	5000	4900	4970	11.9
4744	メッツ	600000	600000	600000	600000	0.001
4745	東京個別	0	0	0	0	0
4746	東計電算	1015	1031	1011	1011	5
4747	Ｃフィッシュ	810000	810000	798000	800000	0.009
4748	構造計画	1250	1250	1250	1250	1
4749	アドバックス	275	280	275	280	2
4750	ダイサン	285	285	285	285	1
4751	サイバエージ	493000	505000	478000	500000	0.09
4752	昭和システム	480	480	480	480	5
4753	ライブドア	1600000	1600000	1600000	1600000	0.01
4754	トスネット	290	290	270	270	19
4755	楽天	2000000	2050000	1780000	1820000	1.174
4756	ＣＣＣ	1500	1500	1500	1500	22
4757	インテリ	2450000	2450000	2390000	2420000	0.026
4758	シーアイエス	0	0	0	0	0
4759	ライブＭ	1760000	1760000	1760000	1760000	0.001
4760	ＡＬＰＨＡ	650	660	640	655	53
4761	さくらＫＣＳ	0	0	0	0	0
4762	エクスネット	3200000	3200000	3200000	3200000	0.001
4763	クリークリバ	1950000	1950000	1950000	1950000	0.002
4764	Ｄデザイン	1450000	1450000	1450000	1450000	0.001
4765	モーニングＳ	2990000	2990000	2990000	2990000	0.001
4766	ピーエイ	1050	1120	1050	1120	5
4767	ＴＯＷ	1100	1120	1100	1120	6
4768	大塚商会	5500	5530	5300	5400	12
4769	インフォクリ	560	570	555	560	11
4770	エルミック	1090	1090	1090	1090	2
4771	Ｆ＆Ｍ	3200000	3300000	3200000	3200000	0.005
4772	デジタルアド	5420	5800	5300	5300	24
4773	Ａ＆Ｉ	2100	2100	2000	2000	6
4774	NECソフト	16600	16600	16000	16300	38.3
4775	総合メディカ	1830	1850	1800	1800	6.1
4776	ＣＹＢＯＺＵ	2000000	2000000	2000000	2000000	0.002
4777	ガーラ	1300000	1300000	1250000	1250000	0.01
4778	ヒューマネジ	1700000	1700000	1590000	1590000	0.017
4780	コナミ東京	1670	1670	1650	1650	9
4781	日本ハウズ	520	525	495	510	19
4782	オリコンサル	250	255	245	250	11
4783	日ダイナミク	700	700	690	690	11
4784	まぐクリック	1750000	1750000	1650000	1650000	0.01
4785	Ｓサイエンス	650	650	650	650	1
4786	ディジット	1150000	1150000	1000000	1020000	0.045
4787	ＮＣＧ	1230000	1240000	1150000	1150000	0.042
4788	サイバＣＯＭ	980000	990000	930000	980000	0.241
4789	エスイーラボ	760	760	710	710	5
4790	グレース	371000	371000	366000	366000	0.004
4791	ドリーム・トレイン	1110000	1130000	960000	960000	0.008
4792	ＴＦＰコンサ	800000	800000	800000	800000	0.003
4793	富士通ＢＳＣ	8120	8180	7650	7650	93.8
4901	富士写	3700	3810	3670	3750	901
4902	コニカＨＤ	753	789	753	785	1026
4911	資生堂	1390	1390	1355	1360	532
4912	ライオン	409	419	405	413	165
4913	サンスター	327	329	324	324	11
4914	高砂香	415	416	412	414	28
4915	エイボンＪ	218	222	215	215	9
4916	ノエビア	1030	1030	1030	1030	1
4917	マンダム	1170	1210	1170	1190	20.8
4918	アイビー	0	0	0	0	0
4919	ミルボン	7200	7200	7160	7200	5.8
4920	日本色材	0	0	0	0	0
4921	ファンケル	8200	8420	8200	8390	17.3
4922	コーセー	3490	3570	3490	3550	63.2
4951	エステー化	618	618	618	618	3
4953	タイホー工業	0	0	0	0	0
4954	マークテック	0	0	0	0	0
4955	アグロカネシ	770	770	770	770	1
4956	コニシ	941	960	920	930	12.8
4957	ヤスハラケミ	850	850	845	845	2
4958	長谷川香料	1700	1700	1580	1620	3.9
4959	シーシーアイ	0	0	0	0	0
4960	ケミプロ	0	0	0	0	0
4961	日油技研	0	0	0	0	0
4963	星光ＰＭＣ	529	530	529	530	2
4964	星光化学工業	0	0	0	0	0
4965	曽田香料	370	370	370	370	1
4966	上村工	0	0	0	0	0
4967	小林製薬	7000	7150	7000	7100	14.4
4968	荒川化工	870	880	870	880	8
4970	東洋合成	1080	1090	1040	1040	4
4987	寺岡製	702	703	702	702	5
4989	イハラケミ	214	215	208	215	25
4990	昭和化	0	0	0	0	0
4992	北興化	305	305	304	305	8
4996	クミアイ化	183	184	181	181	8
4997	日農薬	223	230	223	229	27
4998	フマキラ	168	173	166	173	17
4999	セメダイン	0	0	0	0	0
5001	新日本石油	605	605	576	595	1146
5002	昭和シェル	537	539	522	539	438
5006	興亜石油	279	279	271	274	63
5007	コスモ石	215	215	207	213	394
5008	東亜石	107	113	107	110	53
5009	富士興	72	72	71	71	7
5010	日精蝋	84	87	84	87	3
5011	ニチレキ	441	445	441	441	17
5012	東燃ゼネ石	600	613	596	606	643
5013	ユシロ	520	520	520	520	2
5014	ジャパンエナジー	129	139	129	138	23009
5015	ＢＰカスト	640	640	640	640	1.3
5101	浜ゴム	243	245	240	241	211
5102	大機エンジ	190	190	190	190	1
5103	昭ゴム	129	129	123	123	106
5104	日東化工	111	112	101	101	22
5105	洋ゴム	133	133	130	130	229
5106	オーツタイヤ	190	190	186	190	10
5108	ブリヂストン	1150	1165	1133	1133	1562
5110	住友ゴ	617	617	595	595	238
5121	藤ゴム	204	204	204	204	1
5122	オカモト	263	263	258	260	92
5123	ミサワ東洋	0	0	0	0	0
5142	アキレス	155	160	155	156	90
5143	世界長	103	105	103	105	10
5161	西川ゴム	0	0	0	0	0
5162	朝日ラバー	0	0	0	0	0
5184	ニチリン	340	340	340	340	3
5185	フコク	577	577	550	550	4
5186	ニッタ	1449	1470	1447	1468	96
5187	クリエート	0	0	0	0	0
5188	帝都ゴム	119	119	119	119	1
5189	桜ゴム	174	174	174	174	3
5191	東海ゴ	1065	1100	1065	1100	9
5192	三星ベ	261	265	261	264	32
5193	平成ポリマー	102	104	100	104	10
5194	相模ゴ	505	510	505	505	7
5195	バンドー	200	206	200	201	56
5196	鬼ゴム	92	92	86	87	8
5199	不二ラテ	160	163	160	163	2
5201	旭硝子	1130	1135	1123	1129	2469
5202	板硝子	1768	1790	1750	1782	1648
5204	石塚硝	222	222	222	222	4
5205	日本無機	410	421	410	413	17
5208	有沢製	2950	2950	2950	2950	5.9
5210	日山村硝	171	176	170	170	100
5212	不二硝	0	0	0	0	0
5213	芝セラミ	631	631	603	610	437
5214	日電硝	2610	2695	2605	2650	769
5215	旭テクノグラス	1000	1019	980	1019	20
5216	倉元	1820	1860	1810	1840	7.9
5217	テクノクオツ	1620	1660	1560	1560	24
5232	住友大阪	464	473	458	458	548
5233	太平洋セメ	180	192	180	189	4094
5234	デイ・シイ	155	161	155	161	7
5237	ノザワ	90	90	90	90	2
5261	ミサワリゾ	252	252	249	251	6
5262	日ヒューム	240	250	240	240	11
5266	テイヒュー	0	0	0	0	0
5267	ハネックス	107	107	107	107	4
5268	旭コン	299	299	299	299	3
5269	日コン	103	103	103	103	2
5271	トヨアサノ	125	125	125	125	2
5273	三谷セキ	0	0	0	0	0
5274	ゼニパイプ	138	138	138	138	1
5276	石建工	360	360	355	355	8
5277	スパンクリト	335	335	335	335	7
5278	エバタ	0	0	0	0	0
5279	日本興業	0	0	0	0	0
5280	ヨシコン	546	546	546	546	1
5281	旭ダンケ	0	0	0	0	0
5282	ジオスター	920	940	920	940	8
5283	高見沢	0	0	0	0	0
5284	ヤマウ	0	0	0	0	0
5285	ヤマックス	426	426	410	410	10
5286	武井工業	0	0	0	0	0
5287	イトヨーギョ	899	899	899	899	1
5301	東海カ	262	269	261	268	497
5302	カーボン	98	102	96	99	179
5304	エスイ−シ−	219	219	212	212	2
5331	ノリタケ	464	481	460	471	242
5332	ＴＯＴＯ	901	924	891	913	1397
5333	ガイシ	1493	1529	1488	1500	529
5334	特殊陶	1828	1828	1750	1759	839
5336	INAX	540	540	528	529	301
5337	ダントー	366	370	365	365	10
5338	大トー	0	0	0	0	0
5341	アサヒ陶	135	135	130	130	22
5342	ジャニス	0	0	0	0	0
5343	ニッコー	410	410	410	410	2
5344	ＭＡＲＵＷＡ	3500	3550	3460	3490	9.6
5351	白煉瓦	200	200	195	199	152
5352	黒崎	161	169	159	164	99
5355	ルツボ	126	126	125	125	4
5356	美濃窯	0	0	0	0	0
5357	ヨータイ	0	0	0	0	0
5358	イソライト	0	0	0	0	0
5361	東海熱	592	592	580	580	12
5362	九州耐	0	0	0	0	0
5363	ＴＹＫ	192	195	188	195	11
5367	ニッカトー	800	800	800	800	3
5382	中央商事	0	0	0	0	0
5383	三共理化	0	0	0	0	0
5384	フジミインコ	4000	4150	4000	4070	29.6
5386	鶴弥	0	0	0	0	0
5387	チヨダウーテ	885	885	880	880	4
5388	クニミネ	265	265	265	265	3
5389	日レヂボン	0	0	0	0	0
5390	宇部マテリア	135	136	135	135	10
5391	Ａ＆ＡＭ	113	118	113	118	27
5393	ニチアス	320	335	318	329	343
5395	コランダム	160	160	160	160	2
5397	ＭＩＥテクノ	0	0	0	0	0
5398	日研紙	0	0	0	0	0
5401	新日鉄	183	185	182	184	7352
5403	川崎製鉄	123	125	123	125	2120
5404	日本鋼管	66	66	64	66	1637
5405	住金	63	64	62	63	2527
5406	神戸鋼	62	64	62	63	1522
5407	日新鋼	88	90	87	88	401
5408	中山鋼	140	141	137	138	44
5410	合同鉄	104	104	96	96	96
5423	東京製鉄	495	495	483	483	161.5
5444	大和工	389	393	386	386	116
5445	東京鉄	71	72	71	71	12
5446	北越メ	0	0	0	0	0
5448	東京鋼鉄	0	0	0	0	0
5449	大阪製鉄	457	460	456	456	15.2
5451	淀川鋼	265	272	263	263	163
5453	洋鋼鈑	297	298	292	292	28
5454	日鉄鋼板	179	188	179	185	26
5457	住友鋼管	324	330	324	325	21
5458	高砂鉄	105	105	101	101	3
5461	中部鋼	0	0	0	0	0
5462	日鉄鋼管	0	0	0	0	0
5463	丸一管	1638	1650	1638	1645	111
5464	モリ工	229	229	219	220	20
5471	大同特鋼	302	303	295	295	1134
5476	高周波	85	85	83	85	65
5479	日金工	74	75	73	74	117
5480	冶金工	59	61	59	61	301
5481	山陽鋼	157	161	155	158	137
5482	愛知鋼	302	313	302	311	38
5484	東北鋼	0	0	0	0	0
5486	日立金	902	917	897	903	472
5491	日金属	87	97	85	96	95
5541	大平金	199	200	191	191	461
5542	報国鉄	0	0	0	0	0
5562	日本重化学	120	123	120	122	165
5563	日本電工	164	165	163	163	191
5566	中央電	183	183	180	182	7
5602	栗本鉄	233	235	233	233	32
5603	虹技	95	95	95	95	1
5605	自動鋳	0	0	0	0	0
5606	旭テック	154	155	154	155	26
5607	中可鍛	0	0	0	0	0
5608	川口金	210	210	206	206	3
5609	日鋳造	78	78	78	78	2
5610	大和重	130	130	130	130	2
5612	鋳鉄管	200	207	199	207	17
5613	日本カタン	330	330	330	330	1
5631	日製鋼	101	103	101	103	363
5632	菱製鋼	82	82	80	81	121
5633	関東特殊製鋼	74	75	72	72	45
5641	ＴＤＦ	480	490	473	490	61
5642	日本鍛工	46	46	46	46	3
5644	メタルアート	0	0	0	0	0
5645	イチタン	0	0	0	0	0
5657	鈴木金	141	143	141	141	12
5658	日亜鋼	317	318	310	315	29
5659	日精線	203	225	203	220	3
5660	神鋼線	64	66	64	66	4
5691	東京シヤリング	80	90	80	83	15
5694	大和綱帯	0	0	0	0	0
5695	パウダテック	0	0	0	0	0
5696	川鉄鋼板	0	0	0	0	0
5697	サンユウ	0	0	0	0	0
5701	日軽金	91	91	90	90	448
5702	大紀ア	165	165	163	163	8
5706	三井金	904	912	888	905	1186
5707	東邦鉛	203	203	198	200	222
5711	三菱マ	335	345	331	345	1577
5713	住友鉱	610	630	608	630	6762
5714	同和鉱	403	408	399	404	1267
5715	古河機金	248	250	245	249	303
5716	日鉱金属	598	599	580	584	194
5721	Ｓサイエンス	590	590	550	550	253
5727	邦チタ	441	441	441	441	1
5728	アライドマテリアル	960	970	960	970	14
5729	日精鉱	300	307	300	300	7
5734	昭和アルミ	136	140	136	139	29
5738	住軽金	78	80	76	79	120
5739	日製箔	175	175	175	175	8
5740	九州不二サッシ	0	0	0	0	0
5753	日伸銅	63	63	63	63	3
5756	東海アルミ箔	56	57	56	57	17
5757	サンエツ	0	0	0	0	0
5771	菱伸銅	307	315	305	311	38
5781	東邦金	210	244	195	244	229
5801	古河電	2900	2910	2810	2820	3275
5802	住友電	1949	1949	1890	1900	1584
5803	フジクラ	959	1001	959	989	5849
5804	菱線工	353	364	351	357	595
5805	昭電線	239	244	235	235	406
5807	東特線	306	315	306	315	5
5808	理研線	320	320	310	310	2
5809	タツタ	165	171	160	166	61
5810	第一電工	91	96	91	96	35
5811	トヨ電線	0	0	0	0	0
5812	日立線	1350	1369	1329	1339	656
5813	花島電線	0	0	0	0	0
5815	沖電線	280	280	275	275	12
5816	オーナンバ	0	0	0	0	0
5817	日電線	0	0	0	0	0
5818	東日京三電線	350	350	350	350	1
5819	カナレ電気	1790	1820	1790	1800	9
5820	三ッ星	0	0	0	0	0
5851	リョービ	171	173	170	172	134
5852	アーレスティ	285	285	284	284	2
5853	京都ダイカスト	140	140	135	135	4
5854	東京理化工	139	185	137	185	424
5855	アサヒプリテ	2000000	2000000	2000000	2000000	0.001
5900	ダイケン	400	405	400	405	6
5901	洋カン	1850	1893	1840	1876	212
5902	北カン	277	277	267	267	32
5903	シンポ	545	550	545	550	3
5904	アルコアシステム	0	0	0	0	0
5905	日カン	175	175	157	157	2
5906	エムケー精工	0	0	0	0	0
5907	ＪＦＥコンテ	0	0	0	0	0
5908	日鉄ドラム	265	265	252	252	3
5909	コロナ	970	970	970	970	0.1
5910	立山アルミ	260	261	260	261	20
5911	横河ブ	415	415	400	400	67
5912	日本橋	121	121	121	121	10
5913	松尾橋	208	213	208	209	10
5914	宮地鐵工所	190	192	190	192	10
5915	駒井鉄	256	262	250	253	21
5916	ハルテック	218	218	215	218	16
5917	サクラダ	106	106	100	103	6
5918	滝上工	315	315	313	313	15
5919	日鉄塔	294	299	294	298	11
5921	川岸工	261	261	260	260	3
5922	那須鉄	207	207	205	205	7
5923	高田機	415	416	415	415	15
5925	酒井鉄工所	0	0	0	0	0
5926	安治川鉄工	0	0	0	0	0
5927	ホリー	105	105	105	105	1
5928	アルメタクス	181	185	180	185	1.5
5929	三和シャタ	263	269	263	267	255
5930	文化シヤタ	222	222	220	220	44
5931	川田工	203	215	202	215	79
5932	三協アルミ	79	80	78	78	98
5933	アルインコ	192	192	192	192	3
5934	日本ア	52	52	52	52	2
5935	元旦	758	758	758	758	2
5936	洋シヤタ	77	77	76	77	36
5938	住生活Ｇ	1585	1690	1580	1690	242
5939	大谷工業	170	170	170	170	6
5940	不二サッシ	100	102	100	100	4.6
5941	中西製	620	620	620	620	8
5942	フイルコン	270	275	270	275	2
5943	ノーリツ	1146	1146	1140	1143	35
5944	日立粉末	1088	1118	1088	1118	15
5945	天竜製鋸	0	0	0	0	0
5946	長府製	1300	1300	1288	1290	20.3
5947	リンナイ	2150	2200	2110	2200	64.1
5949	ユニプレス	175	175	175	175	1
5950	パワーファス	0	0	0	0	0
5951	ダイニチ工業	266	270	265	269	1.9
5952	アマテイ	90	90	90	90	1
5954	トープラ	240	255	228	228	467
5955	ヤマシナ	87	87	79	83	763
5956	トーソー	0	0	0	0	0
5957	日東精	206	206	205	205	23
5958	三洋工	355	359	326	348	428
5959	岡部	329	329	320	320	8
5961	トーカロ	800	870	800	870	1.2
5962	浅香工	225	225	225	225	2
5963	日立ツール	641	641	640	640	8
5964	洋刃物	118	118	118	118	2
5965	フジマック	400	400	400	400	5
5966	ＫＴＣ	0	0	0	0	0
5967	前田金	130	130	130	130	2
5969	ロブテックス	140	140	140	140	3
5970	菊池プレス	0	0	0	0	0
5971	共和工業	0	0	0	0	0
5972	日本建鐵	245	245	230	230	2
5973	トーアミ	510	510	510	510	2
5974	中国工	160	160	156	156	17
5975	東プレ	345	345	340	340	23
5976	ネツレン	295	295	282	285	26
5977	コマツ電子	1030	1080	1030	1045	15
5979	カネソウ	0	0	0	0	0
5980	田中亜鉛	210	210	210	210	1
5981	東京綱	124	124	121	121	67
5982	マルゼン	390	390	390	390	4
5983	イワブチ	0	0	0	0	0
5984	兼房	490	490	490	490	0.5
5985	サンコール	379	385	379	385	35
5986	モリテック	0	0	0	0	0
5987	オーネックス	0	0	0	0	0
5988	パイオラクス	0	0	0	0	0
5989	ヒラタ	0	0	0	0	0
5990	スーパツール	125	125	125	125	7
5991	ニッパツ	463	480	460	473	389
5992	中央発條	370	375	370	375	6
5993	知多鋼	0	0	0	0	0
5994	ファインＳ	296	296	290	290	5
5995	科学冶金	398	398	398	398	2
5996	新立川	0	0	0	0	0
5997	協立エアテク	470	480	470	480	1.5
5998	アドバネクス	310	316	305	310	88
5999	イハラサイエ	325	325	315	325	6
6005	三浦工	1400	1430	1398	1420	12.5
6011	新潟鉄工所	65	65	64	64	411
6013	タクマ	780	792	771	771	117
6016	神発動	0	0	0	0	0
6018	阪神燃	85	85	85	85	1
6020	神鋼造機	0	0	0	0	0
6021	ロビン	0	0	0	0	0
6022	赤阪鉄	85	85	85	85	1
6023	ダイハツデ	0	0	0	0	0
6041	ボッシュ	125	129	125	128	163
6042	ニッキ	144	150	143	150	13
6101	ツガミ	370	370	365	369	237
6102	池貝	147	148	143	143	42
6103	オークマ	421	429	418	418	139
6104	東芝機	535	535	520	521	215
6106	日立精機	180	180	174	176	33
6107	アマダマシ	270	270	260	260	135
6111	旭精機	200	200	200	200	7
6112	小島鉄	135	135	135	135	1
6113	アマダ	889	907	889	899	723
6114	住倉工業	140	140	132	135	121
6118	アイダ	513	517	510	515	72
6119	ゼィープラス	265	280	265	280	2
6121	滝澤鉄	72	73	72	72	7
6125	岡本工	126	128	125	125	29
6130	日平トヤマ	248	248	235	247	64
6131	浜井産	162	167	162	162	33
6134	富機製	3870	4100	3850	4100	55
6135	牧野フ	898	900	880	880	65
6136	ＯＳＧ	615	630	610	611	67
6137	小池工	174	180	174	175	14
6138	ダイジェト	161	170	161	170	6
6139	東芝タンガロイ	660	665	660	665	42
6140	旭ダイヤ	604	620	604	618	31
6141	森精機	1379	1381	1360	1365	253
6142	富士精	240	240	231	231	2
6143	ソディック	570	570	520	520	934
6144	西部電機	222	222	222	222	6
6145	日特エンジ	1720	1750	1630	1640	67.5
6146	ディスコ	13940	13940	13310	13410	59.9
6147	ヤマザキ	0	0	0	0	0
6148	UHT	2200	2300	2200	2230	8.8
6149	小田原エンジ	605	605	605	605	0.5
6150	タケダ機械	0	0	0	0	0
6151	日東工器	2945	2945	2900	2930	3.2
6201	豊田織	2000	2020	1980	2000	412
6203	豊和工	135	135	127	127	28
6204	キリウ	191	191	190	191	11
6205	ＯＫＫ	148	155	148	150	39
6206	豊田工	844	858	841	851	57
6208	石川製	100	103	98	100	55
6210	東洋機械	350	399	350	390	3
6211	倉敷機	87	87	82	82	5
6212	帝人製機	232	237	232	235	14
6213	ＯＭ製	145	145	138	138	14
6214	大隈豊和機械	198	201	198	201	6
6216	寿工業	115	115	115	115	1
6217	津田駒	146	146	146	146	1
6218	エンシュウ	171	176	171	172	11
6221	大東製機	0	0	0	0	0
6222	島精機	1970	2000	1930	1930	23.7
6242	スピンドル	210	210	204	207	20
6245	ヒラノテク	305	305	305	305	2
6246	井上金	0	0	0	0	0
6247	日阪製	450	466	450	466	12
6271	ニッセイ	813	814	813	814	1.5
6272	レオン	371	380	371	379	3
6273	ＳＭＣ	18180	18450	18180	18180	91.9
6274	新川	4270	4270	3950	4000	167.8
6275	イセキ開発工	78	78	78	78	6
6276	ナビタス	690	690	690	690	2
6277	ホソミクロン	580	620	580	620	4
6278	ユニオンツル	9500	9500	9350	9450	13.6
6279	瑞光	1020	1080	1020	1060	12.3
6280	名機製	681	685	675	685	9
6281	前田製作	0	0	0	0	0
6282	オイレス	1943	1943	1905	1925	26.8
6283	オリイメック	0	0	0	0	0
6284	ＡＳＢ機械	301	301	301	301	5
6286	静甲	0	0	0	0	0
6287	サトー	2780	2780	2730	2775	22.4
6288	ハマダ印刷機	0	0	0	0	0
6289	技研製	290	290	290	290	1
6290	ＳＥＳ	1210	1220	1200	1200	27
6291	エアーテック	760	760	760	760	2
6292	カワタ	680	680	680	680	4
6293	日精樹脂	1190	1190	1190	1190	1
6294	オカアイヨン	0	0	0	0	0
6295	富士変速	235	275	235	275	0.6
6296	ロキテクノ	1300	1340	1300	1300	16
6297	鉱研工業	315	315	312	312	1.4
6298	ワイエイシイ	1500	1500	1480	1480	3
6299	神鋼環境Ｓ	0	0	0	0	0
6300	アピクヤマダ	900	900	900	900	9
6301	コマツ	542	544	530	535	2543
6302	住友機	227	232	222	225	1260
6303	ササクラ	347	350	347	350	9
6304	マキ製作所	510	510	510	510	1
6305	日立建機	463	465	458	460	56
6306	日工	240	249	240	248	4
6307	サンセイ	80	80	80	80	1
6309	巴工業	0	0	0	0	0
6310	井関農	86	88	85	87	122
6311	セイレイ工業	230	230	230	230	2
6312	フロイント	0	0	0	0	0
6313	共立	136	140	135	139	60
6314	石井工研	930	950	930	950	0.9
6315	ＴＯＷＡ	2800	2800	2700	2735	140.5
6316	丸山製	137	138	133	133	49
6317	北川鉄	135	138	132	135	20
6319	シンニッタン	219	229	219	229	4
6320	新ダイワ	0	0	0	0	0
6321	石搬機	369	369	360	369	11
6322	タクミナ	0	0	0	0	0
6323	ローツェ	1950	2000	1860	1890	7
6324	ハーモニック	2330000	2330000	2280000	2280000	0.012
6325	タカキタ	195	199	195	199	5
6326	クボタ	356	364	356	361	1187
6327	北川精機	650	670	650	650	6
6328	荏原実業	1360	1360	1340	1340	2
6329	ＨＥＣ	392	393	391	391	4
6330	東洋エンジ	90	91	88	91	86
6331	化工機	207	211	206	206	24
6332	月島機	610	620	610	615	16
6333	帝国電	600	600	600	600	4
6334	明治機	136	139	133	133	205
6335	東京機	381	382	376	380	14
6336	石井表記	2960	3000	2960	2960	2.3
6337	テセック	4500	4510	4500	4510	4
6338	タカトリ	0	0	0	0	0
6339	新東工	249	249	244	244	10
6340	渋谷工	885	886	855	855	19
6341	日立造船富岡	0	0	0	0	0
6342	太平製	91	91	90	90	21
6343	フリージア	45	45	45	45	1
6344	ＮＥＣマシナ	3250	3390	3250	3320	22
6345	アイチコーポ	167	170	167	168	13.1
6346	菊川鉄	0	0	0	0	0
6347	プラコー	0	0	0	0	0
6348	日本マリンテクノ	580	580	580	580	2
6349	小森	1447	1450	1410	1410	135
6350	新日本造機	0	0	0	0	0
6351	鶴見製	495	510	495	500	3
6352	トヨコケン	0	0	0	0	0
6354	日立機電	385	385	385	385	3
6355	住友精	345	356	345	350	23
6356	日ギア	186	186	186	186	13
6357	三精輸	320	320	320	320	8
6358	酒井重	214	219	213	214	12
6359	粟村製作所	130	130	130	130	1
6360	東自機	0	0	0	0	0
6361	荏原	1620	1687	1615	1679	1131
6362	石井鉄	186	187	186	187	3
6363	酉島	500	500	486	486	4
6364	北越工	148	148	146	146	4
6365	電業社	0	0	0	0	0
6366	千代建	85	87	85	87	120
6367	ダイキン	2285	2290	2180	2190	531
6368	オルガノ	485	500	485	490	93
6369	トヨカネツ	106	106	105	106	42
6370	栗田工	1854	1917	1845	1917	182
6371	椿本チ	360	369	360	365	629
6372	セイサ	0	0	0	0	0
6373	大同工	249	250	245	250	10
6374	ＴＣＭ	320	324	315	323	58
6375	コンベヤ	89	89	85	85	36
6376	日機装	592	592	568	568	28
6377	甲陽建設	256	278	256	278	85
6378	木村化	213	220	213	220	3
6379	新興プラン	105	105	101	101	33
6380	オリチェン	103	103	102	102	2
6381	アネスト岩田	163	163	158	159	23
6382	トリニ工	225	225	225	225	6
6383	ダイフク	1080	1080	1055	1060	140
6386	扶桑レクセ	1230	1230	1130	1130	7
6388	ミサワバン	361	371	360	371	35
6389	内田油圧	46	48	46	48	6
6390	加藤製	146	153	145	153	9
6391	加地テック	0	0	0	0	0
6392	ヤマダコーポ	131	139	131	139	5
6393	油研工	120	120	118	118	10
6394	大江工業	0	0	0	0	0
6395	タダノ	185	185	180	180	46
6396	宇野鉄	143	143	143	143	1
6397	郷鉄工	0	0	0	0	0
6398	日本電産シンポ	880	880	880	880	1
6403	水道機	305	305	305	305	1
6406	フジテック	881	885	878	878	30
6407	シーケーディ	938	950	935	942	49
6408	クラッチ	760	760	760	760	1
6409	キトー	305	305	305	305	1
6411	中野冷	0	0	0	0	0
6412	平和	2055	2090	2025	2060	63.4
6413	理想科学	2110	2140	2100	2140	3.5
6414	川重冷熱	480	480	480	480	1
6415	ニスカ	965	965	965	965	5
6416	桂川電機	275	275	275	275	2
6417	ＳＡＮＫＹＯ	3880	3980	3830	3920	68.1
6418	日金銭	1352	1356	1345	1355	22
6419	マース	4150	4150	3880	3960	82.1
6420	福島工業	550	550	530	530	2.5
6421	キヤノンＦ	1081	1100	1080	1100	11
6422	キヤノン化成	1050	1100	1050	1050	16
6423	アビリット	4900	4990	4890	4900	16
6424	高見サイ	0	0	0	0	0
6425	アルゼ	5900	6200	5900	6080	16.3
6426	サミー	2210	2270	2200	2270	6.6
6427	東北リコー	860	910	860	910	4
6428	オーイズミ	0	0	0	0	0
6431	キャノンＮＴＣ	341	341	338	338	6
6436	アマノ	1182	1218	1182	1206	309
6437	三条機	131	131	131	131	5
6439	中日鋳	0	0	0	0	0
6440	ＪＵＫＩ	438	440	433	440	138
6442	コピア	400	400	380	381	19
6443	東洋製	117	118	117	118	2
6444	サンデン	531	535	510	512	410
6445	蛇の目	94	94	91	93	71
6448	ブラザー	222	226	222	222	156
6453	シルバ精	175	175	165	169	137
6454	マックス	1103	1118	1091	1091	14
6455	モリタ	280	281	280	280	7
6457	グローリー	1870	1870	1840	1870	9
6458	新晃工	159	159	156	156	25
6459	大和冷	295	300	295	297	35
6461	日ピス	92	93	91	92	71
6462	リケン	217	217	211	211	20
6463	ＴＰＲ	310	310	307	310	3
6466	トウアバルブ	92000	92000	92000	92000	0.006
6467	ニチダイ	550	550	545	550	13
6468	駿河精機	8020	8200	7790	7900	28
6469	放電精密	830	830	830	830	3
6470	大豊工業	860	862	860	862	4.6
6471	日精工	757	770	750	750	687
6472	ＮＴＮ	375	378	365	365	789
6473	光洋精	764	786	761	769	273
6474	不二越	163	168	162	164	180
6475	天辻	0	0	0	0	0
6476	富士テクニカ	0	0	0	0	0
6477	ツバキ・ナカ	1471	1480	1471	1479	9.5
6478	ダイベア	0	0	0	0	0
6479	ミネベア	1215	1225	1211	1218	549
6480	トムソン	1280	1294	1260	1281	320
6481	ＴＨＫ	3870	3940	3850	3890	277.3
6482	ユーシン精機	7000	7200	7000	7030	4.6
6483	川重防災	0	0	0	0	0
6484	ＫＶＫ	235	235	235	235	1
6485	前沢給装	602	620	602	620	11
6486	イーグル工	0	0	0	0	0
6487	積水工機	208	208	208	208	1
6488	ヨシタケ	280	280	275	275	9
6489	前沢工業	800	820	800	804	18.2
6490	ピラー	798	820	798	820	16
6492	岡野バ	0	0	0	0	0
6493	日鍛バ	197	197	197	197	2
6494	ファネス	351	355	320	321	75
6495	宮入バ	77	77	77	77	2
6496	中北製	185	185	179	180	77
6497	ハマイ	0	0	0	0	0
6498	キッツ	169	169	159	160	185
6499	大隈エンジニア	0	0	0	0	0
6501	日立	1298	1299	1271	1271	3496
6502	東芝	872	882	867	870	9573
6503	三菱電	875	887	872	873	2534
6504	富士電機ＨＤ	375	378	371	374	417
6505	東洋電	131	132	128	128	15
6506	安川電	1187	1190	1154	1166	336
6507	神鋼電	191	192	186	186	161
6508	明電舎	205	210	200	205	351
6513	オリジン	730	738	718	731	94
6516	山洋電	679	680	665	667	157
6517	デンヨー	621	622	610	619	13
6518	三相電機	0	0	0	0	0
6519	エネサーブ	4450	4450	4310	4320	20
6581	日立工	355	359	344	345	327
6584	三桜工	503	506	503	503	9
6585	サーボ	250	250	250	250	4
6586	マキタ	838	845	820	825	96
6587	松下精工	404	406	397	401	155
6588	東芝テック	420	430	420	422	145
6590	芝浦	891	925	891	900	83
6591	西芝電	148	150	148	150	6
6592	マブチ	13010	13480	12990	13320	43.1
6593	ローヤル電	0	0	0	0	0
6594	日電産	7500	7720	7310	7360	148.3
6621	高岳	155	160	155	159	96
6622	ダイヘン	195	195	188	189	45
6623	愛電機	245	250	240	240	67
6624	田淵電	0	0	0	0	0
6641	日新電	275	284	275	282	165
6643	戸上電	143	143	143	143	5
6644	大崎電	754	761	749	761	95
6645	オムロン	2800	2840	2750	2750	228
6646	エナジーサポ	349	349	349	349	1
6647	森尾電	125	125	125	125	3
6648	かわでん	5	5	3	3	343
6650	春日電	140	140	135	135	4
6651	日東工	816	831	808	808	22
6652	和泉電	1277	1279	1275	1275	9
6654	不二電機	0	0	0	0	0
6655	東洋電機	0	0	0	0	0
6701	ＮＥＣ	2300	2320	2270	2275	5049
6702	富士通	2320	2330	2285	2290	7512
6703	沖電気	710	710	700	700	701
6704	岩崎通	243	243	227	232	118
6705	ＮＥＣインフ	569	576	561	562	42
6706	電気興	755	788	755	772	173
6707	サンケン	736	749	730	730	104
6708	東洋通	1030	1045	1010	1010	210
6709	明星電	121	124	121	124	6
6710	大興電機製作	226	226	220	226	7
6711	高見澤電機	202	202	200	200	4
6712	田村電機製作	252	275	252	260	49
6714	神田通信工業	0	0	0	0	0
6715	ナカヨ通	271	281	266	281	4
6716	中央無	330	330	330	330	1
6717	富士通アクセ	1716	1716	1652	1667	36.4
6718	アイホン	1155	1180	1155	1170	20.1
6741	信号	427	435	426	426	45
6742	京三	231	236	231	235	43
6743	大同信	190	190	190	190	4
6744	能美防災	389	389	373	373	14
6745	ホーチキ	270	271	269	269	19
6747	小糸工	293	295	291	295	7
6748	星和電	0	0	0	0	0
6749	マスプロ	1130	1150	1110	1150	4.5
6751	日無線	978	1002	977	977	312
6752	松下	3040	3070	3030	3060	5812
6753	シャープ	1676	1690	1632	1653	1411
6754	アンリツ	2970	3120	2950	3060	1617
6755	富士通ゼ	688	688	658	666	39
6756	日立国際	970	987	960	964	264
6758	ソニー	10200	10270	10010	10080	2389.2
6759	ＮＥＣトーキ	1079	1079	1031	1033	122
6761	アイワ	1020	1025	1005	1006	43.5
6762	ＴＤＫ	12630	12880	12400	12500	434.8
6763	帝通工	365	365	364	365	54
6764	三洋電	998	1013	990	996	5019
6765	ケンウッド	387	387	377	379	124
6766	宮越商	27	27	25	27	67
6767	ミツミ	3830	3900	3680	3830	462
6768	タムラ	470	470	464	465	75
6770	アルプス	2180	2245	2170	2200	1179
6771	池上通	251	263	250	260	110
6772	コスモス	127	128	127	128	9
6773	パイオニア	4320	4380	4300	4300	648
6775	東和メクス	108	110	106	110	57
6776	天昇電	0	0	0	0	0
6779	日電波	4050	4080	3890	3920	80.3
6781	松下通信工業	15300	15700	15200	15200	419.5
6782	九州松下電器	1179	1179	1120	1120	131
6783	松下寿電子	2325	2350	2275	2275	213
6790	野田スクリン	4500000	4500000	4300000	4390000	0.019
6791	コロムビア	205	205	200	200	27
6792	ビクター	993	999	970	993	436
6793	山水電	10	10	9	9	476
6794	フォスター	598	600	595	598	26
6796	クラリオン	365	374	364	365	178
6797	名古屋電機	1310	1310	1310	1310	2
6798	ＳＭＫ	745	749	731	731	168
6799	日本マランツ	193	193	193	193	1
6800	ヨコオ	2220	2260	2100	2130	27.4
6801	東光	596	610	592	592	933
6802	赤井電機	11	12	10	12	1911
6803	ティアック	351	351	345	345	35
6804	ホシデン	3770	3780	3710	3730	93
6806	ヒロセ電	14170	14450	14050	14050	43.7
6807	航空電子	730	740	727	740	84
6808	シントム	57	61	54	55	3333
6809	ＴＯＡ	331	331	331	331	4
6810	マクセル	2360	2395	2300	2325	135
6811	クオンツ	434	435	420	425	25
6812	ジャルコ	461	461	461	461	3
6813	ナカミチ	69	70	69	69	75
6814	古野電	339	339	331	332	9
6815	ユニデン	552	552	520	521	135
6816	アルパイン	1450	1450	1416	1416	33
6817	スミダコーポ	5400	5500	5260	5260	5.8
6818	島田理	1320	1340	1300	1300	8.7
6819	オメガ・プロ	675	680	660	670	143
6820	アイコム	1660	1670	1625	1650	6.4
6821	バーテクスＳ	1010	1010	1000	1000	6
6822	大井電気	280	280	280	280	1
6823	リオン	720	720	701	701	2
6824	新コスモス	0	0	0	0	0
6825	パトライト	0	0	0	0	0
6826	本多通信	5050	5400	5000	5400	68.8
6827	東北パイオ	4310	4310	4310	4310	3
6828	シメオ精密	7450	7550	7400	7450	15
6829	ソーテック	1800000	1800000	1740000	1760000	0.155
6830	ＹＯＺＡＮ	7220000	7300000	7020000	7020000	0.035
6832	アオイ電子	4500	4510	4450	4450	16
6833	日電産リード	2230	2230	2230	2230	17
6834	精工技研	46800	47200	46000	46100	12.3
6835	アライドＨＤ	8260	8310	8060	8100	6.7
6836	ぷらっと	6600000	6950000	6600000	6780000	0.011
6837	京写	1050	1050	1050	1050	1
6838	多摩川電	1640	1660	1640	1660	2
6839	船井電	11390	11450	11100	11100	63
6840	アドテック	1820	2000	1820	2000	20
6841	横河電	978	987	971	976	218
6842	ユニパルス	2320	2320	2320	2320	1
6843	東光精機	0	0	0	0	0
6844	新電元	691	716	688	690	466
6845	山武	1200	1253	1200	1221	186
6846	中央製	0	0	0	0	0
6847	安藤電気	1305	1339	1289	1297	141
6848	東亜ＤＫＫ	340	340	335	335	19
6849	日本光電	303	303	297	297	14
6850	チノー	235	240	234	235	13
6851	大倉電気	198	198	194	194	16
6852	テクノセブン	130	130	130	130	3
6853	共和電	250	250	250	250	23
6855	電子材料	1700	1710	1700	1700	9
6856	堀場製	970	985	960	960	24
6857	アドバンテスト	18300	18600	17900	18000	651.7
6858	小野測器	223	224	223	224	2
6859	エスペック	1143	1143	1123	1123	36
6860	サンクス	1380	1380	1350	1370	11
6861	キーエンス	37100	37500	36950	37200	39.9
6862	ミナトエレ	160	160	160	160	3
6863	ニレコ	550	550	550	550	2
6864	ＮＦ回路	410	410	410	410	1
6866	ＨＩＯＫＩ	0	0	0	0	0
6867	リーダー電子	860	860	820	850	20
6868	東カソード	1160	1170	1160	1170	2.1
6869	シスメックス	2850	2855	2675	2730	12.4
6870	フェンオール	0	0	0	0	0
6871	日本マイクロ	1820	1900	1800	1800	3.8
6872	日本コーリン	5500	5500	5400	5450	24.2
6873	日立電子Ｅ	852	852	752	752	10
6874	協立電機	2500	2500	2460	2460	0.4
6875	メガチップス	4560	4570	4500	4540	4.5
6876	光波	2560	2590	2400	2400	17.3
6877	ＯＢＡＲＡ	0	0	0	0	0
6878	長野日無	500	500	497	499	8
6879	フォトロン	0	0	0	0	0
6880	シンワ	852	860	820	820	7.9
6881	キョウデン	2650	2650	2550	2620	312
6882	三社電機	851	870	851	870	2
6883	電産コ電	1220	1290	1220	1290	5
6884	デジタル	3450	3510	3450	3500	2.8
6885	ミヤチテクノ	5540	5900	5500	5780	147.4
6886	グラフィック	380	380	380	380	2
6887	日本ＬＳＩカード	302000	302000	302000	302000	0.001
6888	アクモス	300000	330000	300000	325000	0.021
6889	オーデリック	490	490	490	490	1
6890	フェローテク	1850	1900	1840	1850	15
6891	イーター電機	530	530	530	530	3
6892	シチズン電子	8200	8300	7860	7860	15.5
6893	タイテック	690	720	690	720	10
6894	パルステック	1910	1910	1820	1820	5
6895	ダイヤ電機	580	580	531	531	10
6896	北川工業	980	1000	980	1000	1.3
6897	ツインバード	203	203	201	201	3
6898	トミタ電機	0	0	0	0	0
6899	ＡＳＴＩ	0	0	0	0	0
6900	東京電波	4710	4760	4630	4690	19.5
6901	沢藤電	222	234	222	234	6
6902	デンソー	2470	2500	2435	2445	479
6904	原田工業	0	0	0	0	0
6905	コーセル	3650	3650	3610	3650	5.4
6906	キヤ･コンポ	0	0	0	0	0
6907	ジオマテック	2390	2400	2250	2290	9.3
6908	イリソ電子	502	502	502	502	1
6909	北部通信工業	306	306	305	305	2
6910	日立メディコ	1200	1220	1200	1200	6
6911	新日無	1312	1312	1275	1275	16
6912	菊水電子	0	0	0	0	0
6913	メルコ	3800	3810	3680	3680	36.6
6914	オプテックス	0	0	0	0	0
6915	千代田インテ	1460	1460	1430	1430	7
6916	アイオデータ	2100	2130	2100	2100	23.2
6917	デンセラムダ	2440	2440	2345	2350	244.2
6918	アバール	845	871	845	870	4
6919	ケル	635	635	635	635	1
6920	レーザーテク	1870	1900	1870	1900	6
6921	東光電	286	300	286	299	4
6922	昭和情報	370	370	370	370	1
6923	スタンレー	1290	1314	1290	1301	409
6924	岩崎電	240	249	240	241	35
6925	ウシオ電	2350	2440	2270	2270	222
6926	岡谷電	304	330	304	321	27
6928	エノモト	1020	1060	1020	1030	17
6929	日セラ	2280	2295	2215	2215	46
6930	日本アンテナ	0	0	0	0	0
6931	日本電池	412	420	410	413	69
6932	ユアサコーポ	378	380	368	380	8
6933	ＹＵＡＳＡ	256	262	256	260	201
6934	新神戸	611	640	611	640	79
6935	日デジタル	1700	1700	1653	1664	11.4
6936	東洋高砂乾	130	130	117	117	11
6937	古河池	290	290	290	290	2
6938	双信電機	770	810	770	790	21
6939	ＵＭＣＪ	1000000	1080000	1000000	1070000	0.712
6940	多摩電気	0	0	0	0	0
6941	山一電機	2540	2550	2380	2380	8.3
6942	ソフィア	0	0	0	0	0
6943	開閉器	681	700	681	700	2
6944	アイレックス	0	0	0	0	0
6945	ＦＴＥＣ	585	597	584	597	7
6946	日本アビオ	280	280	280	280	1
6947	図研	2460	2460	2370	2380	36
6948	住友電装	0	0	0	0	0
6949	キンセキ	1210	1224	1200	1200	100
6950	ＹＥデータ	400	405	391	395	12
6951	日電子	730	740	726	730	52
6952	カシオ	1164	1192	1150	1192	399
6954	ファナック	11750	12000	11510	11750	413.8
6955	ＦＤＫ	1060	1060	1010	1010	73
6956	神明電	0	0	0	0	0
6957	芝浦電子	300	300	300	300	2.2
6958	日本ＣＭＫ	1875	1882	1851	1851	231
6960	フクダ電	2060	2110	2060	2080	162
6961	エンプラス	4690	4720	4550	4570	61.2
6962	大真空	635	644	630	630	115
6963	ローム	28490	28570	27840	27930	300.9
6964	サンコー	1850	1850	1720	1720	4
6965	ホトニクス	7530	7530	7350	7380	148.8
6966	三井ハイテク	1829	1830	1774	1774	25
6967	新光電工	4640	4640	4350	4370	49.3
6968	グラフテック	168	170	166	166	7
6969	松尾電	549	549	512	530	44
6970	日本コンラックス	575	575	567	570	59
6971	京セラ	15540	15610	15060	15150	593.1
6972	エルナー	450	450	436	441	16
6973	協栄産	290	290	285	285	19
6974	日本インター	330	330	310	310	17
6975	ＮＥＯＭＡＸ	1076	1100	1070	1100	83
6976	太陽電	4500	4540	4370	4390	927
6977	抵抗器	0	0	0	0	0
6980	日立ＡＩＣ	1179	1179	1160	1165	10
6981	村田製	13230	13330	12980	13100	1653.6
6982	リード	85	85	85	85	10
6984	朝日ナショナ	0	0	0	0	0
6985	ユーシン	371	373	371	373	10
6986	双葉電	4200	4290	4150	4150	45.7
6988	日東電	3940	3950	3710	3720	160.9
6989	北電工	184	186	181	185	25
6991	松電工	1265	1268	1251	1266	969
6992	国産電	205	205	205	205	1
6993	森電機	110	112	107	107	45
6994	指月電	221	221	221	221	9
6995	東海理	885	900	869	870	81
6996	ニチコン	2325	2330	2300	2315	216.2
6997	日ケミコン	740	742	705	706	488
6998	タングス	281	281	281	281	1
6999	ＫＯＡ	2450	2590	2445	2455	195.7
7003	三井造	115	116	113	114	1629
7004	日立造	93	93	90	90	832
7007	佐世保	69	70	69	70	105
7011	三菱重	430	430	417	420	2213
7012	川重	128	130	124	125	3028
7013	石川島	198	199	193	197	1455
7014	名村造	119	121	118	120	18
7018	内海造	0	0	0	0	0
7020	サノヤス	160	165	160	165	21
7021	ニッチツ	0	0	0	0	0
7052	信貴造船所	0	0	0	0	0
7102	日車両	188	189	182	189	276
7104	富士車輌	120	120	114	114	13
7105	ニチユ	195	195	170	179	44
7122	近畿車	135	139	131	133	27
7123	東急車輌製造	77	79	76	79	28
7124	輸送機工業	0	0	0	0	0
7142	ナブコ	154	159	150	150	8
7201	日産自	640	645	629	630	4372
7202	いすゞ	228	237	227	234	367
7203	トヨタ	4320	4340	4270	4290	1879.2
7204	小松ゼノア	221	236	221	235	7
7205	日野自	413	416	408	409	196
7210	日産ディ	90	93	90	91	98
7211	三菱自	325	333	315	333	1982
7212	エフテック	0	0	0	0	0
7219	ＨＫＳ	0	0	0	0	0
7220	武蔵精密	1270	1270	1270	1270	1
7221	トヨ車	1009	1051	1009	1034	18
7222	産車体	150	154	150	154	130
7223	関東自	610	620	610	619	6
7224	新明和	175	179	172	176	25
7225	小松フォーク	163	163	162	163	14
7226	極東開発	490	490	485	490	5.3
7227	アスカ	0	0	0	0	0
7228	デイトナ	490	490	490	490	1
7229	ユタカ技研	0	0	0	0	0
7230	日信工業	1901	1901	1900	1900	15
7231	トピー	166	170	166	168	125
7232	トキコ	180	190	180	187	144
7233	自部品	0	0	0	0	0
7234	橋本フォーミング	60	60	60	60	7
7235	東ラヂ	111	111	111	111	3
7236	ティラド	429	434	427	433	110
7237	ボッシュブレーキ	155	155	155	155	1
7238	ブレーキ	215	220	213	220	9
7239	タチエス	520	530	520	530	7
7240	ＮＯＫ	749	784	749	781	426
7241	フタバ	1267	1294	1267	1288	34
7242	カヤバ	190	190	186	186	151
7243	シロキ	219	219	203	212	60
7244	市光工	193	193	183	183	60
7245	大同メ	550	580	550	580	5
7246	プレス工	68	70	68	70	22
7247	ミクニ	125	125	113	113	9
7248	カルソニック	232	233	231	231	42
7249	尾張精	0	0	0	0	0
7250	太平洋工	266	266	264	264	22
7251	ケーヒン	840	840	836	837	132
7252	富士機	0	0	0	0	0
7253	日本ガスケット	0	0	0	0	0
7254	フジユニ	166	166	166	166	1
7255	桜井製	0	0	0	0	0
7256	河西工	215	230	215	221	62
7257	自転車電機工	379	379	370	370	17
7258	栃木富士産業	222	230	222	230	11
7259	アイシン	1644	1670	1621	1627	408
7260	富士機工	210	210	201	206	11
7261	マツダ	217	218	212	214	611
7262	ダイハツ	834	844	826	837	197
7263	愛知機	204	205	203	205	26
7264	ＭＵＲＯ	0	0	0	0	0
7265	エイケン工業	665	665	665	665	1
7266	今仙電機	350	350	350	350	5
7267	ホンダ	3930	3930	3850	3870	611
7268	タツミ	0	0	0	0	0
7269	スズキ	1156	1186	1152	1170	1125
7270	富士重	657	664	647	653	1561
7271	安永	0	0	0	0	0
7272	ヤマハ発	787	794	757	757	95
7273	イクヨ	155	155	155	155	1
7274	ショーワ	635	635	628	628	8
7275	ユニシア	170	170	167	167	71
7276	小糸製	510	523	500	500	79
7277	ＴＢＫ	114	114	114	114	4
7278	エクセディ	715	750	714	720	11.4
7279	ケーブル	1100	1100	1100	1100	1
7280	ミツバ	426	426	426	426	3
7282	豊田合	7330	7400	6900	6990	167
7283	愛三工	700	710	700	700	4
7284	盟和産	239	239	237	238	6
7285	池田物産	59	59	54	55	39
7286	イズミ工業	0	0	0	0	0
7287	日精機	635	635	620	620	15
7288	テクノエイト	223	223	222	222	4
7289	マーレ テネックス	0	0	0	0	0
7290	日発精密工業	320	330	320	330	3
7291	日本プラスト	280	280	280	280	1
7292	村上開明	580	580	580	580	1
7293	大井製作所	0	0	0	0	0
7294	ヨロズ	380	399	380	399	2.6
7295	アイエス製機	0	0	0	0	0
7296	ＦＣＣ	0	0	0	0	0
7297	カーメイト	0	0	0	0	0
7298	八千代工	358	358	350	350	3
7299	フジオーゼ	175	180	175	180	4
7301	宮田	111	115	111	115	4
7305	新家工	100	100	100	100	2
7306	丸石自転車	222	230	222	225	15
7308	ツノダ	0	0	0	0	0
7309	シマノ	2080	2110	2030	2100	50.1
7399	ナンシン	0	0	0	0	0
7404	昭和飛	280	285	280	285	5
7407	日本飛行機	255	255	249	249	9
7408	ジャムコ	450	450	450	450	3
7410	横浜鋼業	0	0	0	0	0
7411	成和産業	0	0	0	0	0
7412	アトム	1480	1480	1480	1480	2
7413	創健社	201	201	201	201	1
7414	小野建	690	690	650	650	5
7415	新星堂	290	290	285	285	4
7416	はるやま	641	641	640	640	1.5
7418	ヤマキ	0	0	0	0	0
7419	ノジマ	1230	1250	1230	1250	2.7
7420	佐鳥電機	1247	1265	1220	1222	19
7421	カッパクリエ	3550	3800	3550	3710	19.2
7422	東邦レマック	0	0	0	0	0
7423	フォンテーヌ	1225	1225	1202	1202	2.2
7424	ニコニコ堂	175	175	170	170	9
7425	初穂商事	300	300	300	300	1
7426	山大	135	135	135	135	3
7427	エコーＴＤ	1350	1350	1330	1335	3.3
7428	江戸沢	761	770	761	770	1.5
7429	セイジョー	1100	1100	1050	1050	3.8
7430	サンワドー	0	0	0	0	0
7432	ダルトン	0	0	0	0	0
7433	伯東	2850	2850	2795	2835	32
7434	オータケ	1520	1520	1520	1520	2.1
7435	ナ・デックス	501	501	500	500	2
7437	シーアンドエス	4130	4130	4020	4090	76.5
7438	コンドー	449	450	449	450	2
7439	サンミック千代田	0	0	0	0	0
7440	クラフト	875	875	850	850	3
7442	中山福	0	0	0	0	0
7443	横浜魚類	0	0	0	0	0
7444	ハリマ共和	0	0	0	0	0
7445	ライトオン	5560	5600	5500	5510	6.6
7446	東北化学	411	411	411	411	1
7447	ナガイレーベ	2040	2040	2030	2030	1.1
7448	ジンズメイト	971	995	970	984	5
7449	太洋興業	130	140	130	140	2
7450	サンデー	825	825	825	825	2
7451	菱食	4850	4850	4800	4820	23.3
7452	マツヤ	0	0	0	0	0
7453	良品計画	8200	8250	8050	8150	93
7454	ホットスパー	120	120	116	118	6
7455	三城	5350	5350	5050	5080	95.3
7456	松田産業	1990	1990	1990	1990	2
7457	セキテクノ	500	505	500	500	3
7458	第一興商	1370	1460	1370	1440	15.3
7459	メディセオＨＤ	870	904	870	870	148.7
7460	ヤギ	470	470	470	470	2
7461	キムラ	1150	1150	1150	1150	2
7462	ダイヤ通商	0	0	0	0	0
7463	アドヴァン	1696	1745	1600	1619	17.5
7464	セフテック	301	301	301	301	3
7465	ＭＶ北海道	1640	1640	1640	1640	0.2
7466	ＳＰＫ	1005	1005	1005	1005	0.5
7467	萩原電気	650	651	630	650	20
7468	アムスク	1290	1290	1290	1290	2
7470	サロモンメイド	565	565	565	565	7
7471	ふじ	0	0	0	0	0
7472	鳥羽洋行	950	950	950	950	3
7473	静岡スバル	0	0	0	0	0
7474	パオ	0	0	0	0	0
7475	アルビス	450	450	450	450	5
7476	アズワン	1680	1700	1635	1635	7.5
7477	ムラキ	0	0	0	0	0
7478	ブルーグラス	530	530	530	530	3
7479	サンマルク	3730	3730	3600	3610	2.2
7480	スズデン	0	0	0	0	0
7481	尾家産	795	795	795	795	6
7482	シモジマ	1020	1020	1020	1020	1
7483	ドウシシャ	2250	2250	2200	2200	4.5
7485	岡谷鋼機	930	940	930	940	2
7486	サンリン	0	0	0	0	0
7487	小津産業	1110	1130	1060	1060	9.6
7488	ヤガミ	0	0	0	0	0
7490	日新商	0	0	0	0	0
7491	ＯＡシステム	620	630	600	620	10
7492	タイカン	0	0	0	0	0
7494	コナカ	716	717	705	707	5.7
7495	レオ	0	0	0	0	0
7496	八千代ムセン	0	0	0	0	0
7497	マインマート	0	0	0	0	0
7498	ジャパン	2025	2280	2025	2280	4
7500	西川計測	0	0	0	0	0
7501	ティムコ	780	780	780	780	0.1
7502	プラザクリエ	4650	4650	4650	4650	0.1
7503	ＩＭＩ	1460	1460	1460	1460	1
7504	高速	0	0	0	0	0
7505	扶桑電通	655	655	655	655	1
7506	ハウスローゼ	785	850	785	850	3.1
7507	浜 勝	0	0	0	0	0
7508	オートセブ	0	0	0	0	0
7509	アイエー	541	541	540	540	5
7510	竹菱電機	0	0	0	0	0
7511	ジプロ	0	0	0	0	0
7512	ポスフール	1037	1080	1036	1036	2.4
7513	コジマ	2665	2680	2550	2550	122.3
7514	ヒマラヤ	604	630	604	630	1.5
7515	マルヨシ	364	364	364	364	2
7516	コーナン	1051	1099	1051	1099	2.8
7517	黒田電気	3340	3360	3100	3200	13.7
7518	ネットワン	3400000	3430000	3360000	3360000	1.001
7519	五洋インテ	245	245	245	245	1
7520	エコス	596	596	591	594	1.2
7521	ムサシ	870	870	861	861	2
7522	ワタミ	6050	6050	5950	5950	9.7
7523	アールビバン	1260	1270	1180	1180	2.1
7524	マルシェ	1120	1120	1090	1100	8
7527	システムソフ	0	0	0	0	0
7528	安藤薬業公司	285	285	270	270	2
7529	はるやま	0	0	0	0	0
7530	ナブコドア	0	0	0	0	0
7531	清和鋼業	0	0	0	0	0
7532	ドンキホーテ	10300	10450	10200	10210	11.9
7535	グッドマン	2140	2270	2140	2270	1.4
7536	船橋薬品	0	0	0	0	0
7537	丸文	1560	1600	1480	1520	46
7538	大水	0	0	0	0	0
7539	アベルコ	315	315	315	315	5
7540	エルエスフェンス	0	0	0	0	0
7541	メガネトップ	2020	2100	2000	2000	5
7542	ビスケーＨＤ	880	880	880	880	1
7543	ミスタージョン	494	494	494	494	1
7544	スリーエフ	1160	1160	1150	1150	2.5
7545	西松屋チェ	1780	1780	1690	1780	19.2
7547	オートハローズ	0	0	0	0	0
7548	サンクスＪＰ	1200	1210	1200	1200	3
7549	エス・エス・ブイ	0	0	0	0	0
7550	ゼンショー	1450	1485	1410	1485	8.6
7551	ウェッズ	0	0	0	0	0
7552	ハピネット	1960	2000	1950	1960	6.2
7553	サザビー	4600	4630	4600	4620	1.9
7554	幸楽苑	1050	1050	1050	1050	1
7555	大田花き	0	0	0	0	0
7556	住商エレク	1440	1450	1420	1420	1.8
7557	サンクス	3610	3630	3510	3550	144.1
7558	トーメンエレ	4990	5050	4940	5050	11.7
7559	ジーエフシー	0	0	0	0	0
7560	ユニマット	1020	1021	985	985	10.2
7561	ハークスレイ	1850	1850	1800	1800	15.7
7562	安楽亭	850	850	848	848	5
7563	ニッパン	192	192	192	192	4
7564	ワークマン	0	0	0	0	0
7565	万世電機	0	0	0	0	0
7566	ジャパンケア	1740	1760	1720	1760	40
7567	栄電子	929	930	915	915	7
7568	クレックス	375	400	375	400	9
7569	モンテカルロ	0	0	0	0	0
7570	橋本総業	680	680	670	670	4
7571	ヤマノＨＣ	0	0	0	0	0
7573	ツルハ	1980	2000	1900	1950	58.8
7574	共信テクノ	1250	1270	1250	1270	2
7575	日本ライフＬ	980	980	970	980	1.3
7576	ベターライフ	0	0	0	0	0
7577	パスポート	235	235	230	230	2
7578	ニチリョク	0	0	0	0	0
7579	オリジン東	3750	3800	3750	3800	24.5
7580	フーズネット	1220	1220	1210	1210	3
7581	サイゼリヤ	6400	6500	6360	6420	29.7
7582	富デバイス	2015	2100	2015	2080	26
7583	通商	0	0	0	0	0
7584	丸紅インフォ	573	573	570	570	2
7585	かんなん	0	0	0	0	0
7586	寺島薬局	1260	1260	1250	1250	0.5
7587	ＰＡＬＴＥＫ	3420	3560	3420	3560	2.1
7588	シートゥーネット	8500	8800	8500	8800	37
7589	デジキューブ	1010000	1050000	1000000	1010000	0.022
7590	タカショー	0	0	0	0	0
7591	エクセル	1320	1330	1320	1330	2
7592	アイ・ユー・ケイ	501	501	501	501	1
7593	ＶＴＨＤ	0	0	0	0	0
7594	マルカキカイ	331	331	331	331	1
7595	アルゴグラフ	2140	2180	2120	2140	4.8
7596	魚力	3090	3100	3080	3080	2.6
7597	東京貴宝	560	560	560	560	1
7598	ナイスクラ	265	275	260	260	8
7599	ガリバー	4200	4350	4200	4300	13.7
7600	日本ＭＤＭ	3800	3800	3600	3660	4.3
7601	ポプラ	1350	1350	1250	1300	2.8
7602	ジャック	3150	3150	3040	3070	9.5
7603	マックハウス	0	0	0	0	0
7604	梅の花	0	0	0	0	0
7605	フジコーポ	175	175	170	170	8
7606	Ｕアローズ	1480	1480	1280	1290	34.6
7607	進和	0	0	0	0	0
7608	ＳＫジャパン	0	0	0	0	0
7609	ダイトエレク	2960	2960	2870	2960	16
7610	テイツー	640000	640000	640000	640000	0.003
7611	ハイデ日高	1430	1430	1430	1430	1
7612	コモンウェル	510	510	510	510	2
7613	シークス	2110	2110	2100	2110	1.2
7614	オーエムツー	3000	3080	2910	3080	0.6
7615	京都友禅	695000	700000	665000	665000	0.058
7616	コロワイド	2130	2250	2130	2200	7.5
7617	オオゼキ	4940	4940	4940	4940	0.1
7618	ＰＣＤＥＰＯ	721000	730000	720000	730000	0.006
7619	田中商事	300	300	300	300	1
7620	ヤマト硝子	405	405	405	405	4
7621	うかい	0	0	0	0	0
7622	焼肉サカイ	1830	1930	1830	1880	7
7623	サンオータス	381	381	381	381	1
7624	内藤	1010	1010	1010	1010	9
7625	ダイニング	3300	3300	3290	3300	3.1
7626	ドッドウエル	1510	1530	1510	1530	2
7627	なか卯	0	0	0	0	0
7628	オーハシテク	0	0	0	0	0
7629	ムラチク	950	950	950	950	6
7630	壱番屋	1430	1430	1410	1410	9
7631	マクニカ	15000	15000	14430	14500	22
7632	住商メタレックス	460	471	460	471	5
7633	明響社	520	520	515	520	7
7634	星医療	1310	1310	1310	1310	1
7635	杉田エース	0	0	0	0	0
7636	ハンズマン	0	0	0	0	0
7637	白 銅	1600	1600	1570	1600	17
7638	シーマ	0	0	0	0	0
7639	贔屓屋	803	803	803	803	6
7640	トップカル	1360	1360	1360	1360	2
7641	フォーユー	771000	775000	771000	771000	0.003
7642	ビジョン	0	0	0	0	0
7643	ダイイチ	390	390	390	390	1
7644	常盤薬品	0	0	0	0	0
7645	日本トイザ	14500	14800	14500	14800	1
7646	ＰＬＡＮＴ	2300	2450	2300	2400	7
7647	音通	0	0	0	0	0
7648	トーカン	1400	1400	1400	1400	1
7649	スギ薬局	4900	4900	4900	4900	2
7701	島津	422	426	418	419	254
7702	ＪＭＳ	420	420	409	409	4
7703	川澄化	991	1019	991	1005	12
7704	アロカ	1101	1190	1101	1188	6
7705	ジーエル	1630	1710	1630	1710	10
7706	セントラユニ	425	425	425	425	2
7711	助川電気	0	0	0	0	0
7713	シグマ光機	3000	3160	2970	3100	299
7714	モリテックス	13600	13700	12400	12500	40.7
7715	長野計器	2350	2350	2350	2350	4
7716	ナカニシ	0	0	0	0	0
7718	スター精	1285	1290	1260	1282	17
7719	東衡機	75	75	75	75	5
7720	ソキア	228	228	210	215	11
7721	トキメック	148	148	145	147	45
7723	愛時計	272	280	272	280	14
7724	金門	136	136	126	126	57
7726	黒田精	280	299	280	299	15
7727	オーバル	137	137	137	137	1
7728	電産トーソク	910	910	910	910	5
7729	東京精	10340	10800	10300	10570	145.4
7731	ニコン	1930	1964	1850	1874	2095
7732	トプコン	363	370	363	367	11
7733	オリンパス	1535	1549	1501	1510	366
7734	理計器	390	404	390	404	3
7735	スクリン	701	713	697	700	523
7736	ユニオンＨＤ	85	85	80	80	31
7737	キャビン工業	223	225	223	224	4
7738	チノン	331	331	325	325	8
7739	キヤノン電	1119	1119	1094	1094	4
7740	タムロン	1060	1070	1060	1070	12
7741	ＨＯＹＡ	8880	8900	8660	8710	138.3
7743	シード	420	420	420	420	1
7744	ノーリツ鋼機	2725	2730	2710	2720	6.1
7750	ペンタックス	315	316	305	306	95
7751	キヤノン	4300	4370	4220	4230	1851
7752	リコー	1820	1848	1816	1826	1309
7753	ミノルタ	535	554	535	542	181
7756	電産コパル	1640	1653	1640	1650	31
7757	三協精	991	1010	985	996	215
7758	セコニック	330	350	330	350	3
7762	シチズン	1075	1148	1057	1079	1001
7764	オリエント時計	195	195	180	180	3
7765	リコーエレメ	711	720	710	710	20
7768	ジェコー	332	332	332	332	3
7769	リズム	184	188	183	185	110
7770	ミヨタ	2020	2020	1900	1950	30
7771	日本精密	0	0	0	0	0
7855	カーディナル	310	350	310	350	8
7856	萩原工業	798	798	798	798	2
7857	セキ	0	0	0	0	0
7858	小野産業	0	0	0	0	0
7859	アルメディオ	1040	1040	1020	1020	5
7860	エイベックス	10870	11470	10710	10730	18.7
7861	東京リスマ	1020	1020	1000	1000	6.9
7862	トッパンフォ	2295	2295	2205	2285	59.7
7864	フジシール	4150	4160	4130	4140	7.4
7865	ピープル	1000	1000	995	997	5.5
7866	アトラス	1180	1200	1160	1160	10.7
7867	トミー	2770	2770	2610	2610	22.9
7868	広済堂	1091	1094	1072	1088	2.9
7869	日本フォーム	0	0	0	0	0
7870	福島印刷	421	421	421	421	1
7871	フクビ	655	655	655	655	7
7872	エステール	560	560	560	560	0.8
7873	アーク	5420	5500	5420	5450	12
7874	スルガ	3900	3900	3890	3890	0.6
7875	竹田印刷	0	0	0	0	0
7876	三陽PAX	0	0	0	0	0
7877	永大化工	810	810	795	800	5
7878	光彩工芸	0	0	0	0	0
7879	ノダ	470	470	465	465	8
7880	南部化成	0	0	0	0	0
7881	ニッソー	96	96	96	96	1
7882	アロン化成	385	385	380	380	3
7883	サンメッセ	1460	1470	1460	1470	2
7884	本間ゴルフ	335	355	330	335	34.9
7885	タカノ	1360	1480	1360	1450	6
7886	ヤマト・イン	235	235	235	235	2
7887	南プラ	0	0	0	0	0
7888	三光合成	0	0	0	0	0
7889	桑山	521	521	521	521	0.1
7890	アテナ工業	0	0	0	0	0
7891	日本ユピカ	0	0	0	0	0
7892	宇部日東化成	297	297	297	297	7
7893	亜細亜	0	0	0	0	0
7895	中央化学	1400	1400	1400	1400	1.1
7896	セブン工業	0	0	0	0	0
7897	ホクシン	140	147	140	145	12.3
7898	ウッドワン	796	797	788	789	47
7899	オザキ軽化	385	390	375	390	6
7900	大出産業	0	0	0	0	0
7901	マツモト	0	0	0	0	0
7902	ソノコム	0	0	0	0	0
7903	名木材	0	0	0	0	0
7904	天竜木	44	44	44	44	5
7905	大建工	336	341	336	337	35
7906	ヨネックス	399	399	390	396	16
7907	日防腐	437	447	437	447	2
7908	きもと	525	530	525	530	32
7909	シーアイ化	378	378	370	370	4
7910	段谷産業	64	66	64	64	86
7911	凸版	1039	1045	1014	1019	1357
7912	大日印	1685	1701	1675	1694	688
7913	図書印	213	216	211	216	9
7914	共同印	357	357	336	336	24
7915	日写印	586	593	585	593	7
7916	光村印	380	380	352	352	6
7917	藤森工業	0	0	0	0	0
7918	ヴィアＨＤ	0	0	0	0	0
7919	野崎紙	251	254	251	254	2
7920	三浦印	402	402	402	402	1
7921	宝印刷	1135	1135	1130	1130	6
7922	三光産業	0	0	0	0	0
7923	トーイン	339	339	339	339	1
7925	前沢化成	1081	1100	1075	1075	3.4
7926	ベルテクノ	0	0	0	0	0
7927	ムトー精工	0	0	0	0	0
7928	旭化学	448	450	448	450	2
7929	新輝合成	0	0	0	0	0
7931	未来工業	1210	1210	1200	1210	7.6
7932	ニッピ	270	270	270	270	1
7933	ファイリング	0	0	0	0	0
7934	メルクス	0	0	0	0	0
7935	コンビ	595	600	585	590	28.5
7936	アシックス	108	110	106	107	68
7937	ツツミ	2040	2040	1980	2000	4.4
7938	リーガル	125	125	121	121	14
7939	研創	340	340	340	340	1
7940	ウェーブＨＤ	0	0	0	0	0
7942	ＪＳＰ	616	620	616	620	5
7943	ニチハ	710	710	699	700	22
7944	ローランド	2250	2250	2175	2190	3.6
7945	コマニー	0	0	0	0	0
7946	光陽社	0	0	0	0	0
7947	エフピコ	3820	3860	3770	3830	2.2
7948	ＡＷ・エモト	0	0	0	0	0
7949	小松ウオール	850	850	850	850	1.5
7950	日デコラ	0	0	0	0	0
7951	ヤマハ	902	911	890	911	246
7952	河合楽	146	149	143	148	22
7953	菊水化	0	0	0	0	0
7954	ジャレコ	1450	1480	1300	1300	80
7955	クリナップ	456	456	452	453	7
7956	ピジョン	899	899	880	880	6.6
7957	フジコピアン	150	150	150	150	2
7958	天馬	1189	1189	1145	1145	13
7959	オリバー	1050	1050	1050	1050	1
7960	パラマウント	4460	4500	4100	4140	85
7961	兼松日産農	158	158	155	157	12
7962	キングジム	600	600	600	600	3
7963	興研	480	490	480	490	5
7964	セガ	971	1023	970	985	388.3
7965	象印	496	499	490	495	6
7966	リンテック	1033	1050	1033	1044	18
7967	バンダイ	3400	3480	3400	3440	60.2
7968	田崎真珠	465	468	460	465	13
7969	タカラ	484	484	474	480	30
7970	信越ポリ	720	724	691	691	38
7971	東リ	203	204	202	202	29
7972	イトーキ	328	330	320	320	59
7973	ホウトク	0	0	0	0	0
7974	任天堂	19200	19290	18800	19260	151.5
7975	リヒトラブ	0	0	0	0	0
7976	菱鉛筆	850	851	831	851	43
7977	フランスベッド	370	374	365	368	31
7979	松風	700	700	700	700	2
7980	重松製	250	250	250	250	1
7981	タカラスタ	402	412	402	408	185
7983	ミロク	0	0	0	0	0
7984	コクヨ	1760	1811	1735	1785	52
7985	ネポン	220	220	220	220	1
7986	キング工	123	123	123	123	2
7987	ナカバヤシ	319	319	316	316	5
7988	ニフコ	1225	1235	1220	1220	71
7989	ブラインド	671	671	662	662	5.3
7990	ダイワ精	130	135	130	135	33
7991	マミヤＯＰ	230	235	230	234	14
7992	セーラー	690	720	680	720	175
7993	サンウエブ	204	204	204	204	39
7994	岡村製	428	430	420	428	197
7995	バルカー	169	169	163	163	44
7996	パイロット	448	448	448	448	2
7997	くろ工	0	0	0	0	0
7998	高島屋工作	323	323	322	322	4
7999	武藤工	295	302	285	302	24
8000	カイゲン	480	480	480	480	2
8001	伊藤忠	497	500	491	491	1395
8002	丸紅	269	270	266	266	2375
8003	トーメン	121	122	121	121	312
8004	ニチメン	103	103	97	98	1536
8005	ムトウ	700	717	697	697	3
8006	ユアサフナ	163	163	163	163	1
8007	高島	113	116	113	115	75
8008	アスティ	0	0	0	0	0
8010	新興産業	112	112	112	112	1
8011	三陽商	279	281	279	281	56
8012	長瀬産	540	549	537	540	46
8013	ナイガイ	86	86	84	84	59
8014	蝶理	122	122	119	119	45
8015	豊田通商	377	384	372	375	55
8016	オンワード	986	1000	949	960	662
8017	阪急共栄物産	0	0	0	0	0
8018	三共興	262	267	262	267	6
8019	市田	55	56	55	55	77
8020	兼松	84	86	84	86	157
8021	レナウン	88	92	88	91	373
8022	ミズノ	279	281	279	280	73
8023	大興電子	429	429	429	429	8
8024	シルバーＯＸ	454	454	450	450	4
8025	ツカモトＣ	146	151	146	151	3
8027	ルシアン	105	105	97	102	19
8028	ファミリーＭ	3330	3350	3280	3350	206.7
8029	ルック	234	243	234	243	14
8030	中央魚	190	190	184	184	6
8031	三井物	721	727	710	720	1409
8032	紙パ商	323	341	323	341	25
8033	ジーネット	132	132	132	132	1
8035	東エレク	10270	10340	9970	9970	1244.9
8036	日立ハイテク	1368	1395	1353	1353	16
8037	カメイ	500	504	500	501	32
8038	東都水	280	285	280	280	70
8039	築地魚	161	161	161	161	2
8040	東ソワール	204	204	203	203	9
8041	魚市場	301	301	301	301	5
8042	マタイ	212	212	211	211	28
8043	スターゼン	190	192	186	192	31
8044	大都魚	135	135	135	135	5
8045	浜丸魚	0	0	0	0	0
8046	丸藤パ	142	142	142	142	2
8047	デジ・ネット	735	735	735	735	2
8048	シャディ	2195	2195	2155	2175	1.7
8050	セイコー	479	480	470	471	44
8051	山善	203	206	203	205	64
8052	椿本興	177	177	175	176	5
8053	住友商	961	971	945	956	498
8056	ユニシス	2060	2090	1970	1971	122.3
8057	内田洋	610	610	600	610	42
8058	三菱商	898	900	872	881	939
8059	第一実	193	196	193	195	23
8060	キヤノン販	1702	1740	1702	1705	49
8061	西華産	155	155	153	154	49
8063	日商岩井	100	102	99	100	1039
8064	金商	124	125	120	124	5
8065	佐藤商	398	398	397	397	3
8066	三谷商	440	440	440	440	1
8067	トミヤアパ	301	303	301	303	12
8068	菱洋エレク	1650	1650	1610	1615	41
8070	東京産	290	290	281	284	9
8071	東海物産	330	350	330	350	2
8072	出版貿	0	0	0	0	0
8073	Ｔ・ＺＯＮＥ	255	261	255	260	3
8074	ユアサ商	128	128	123	123	79
8075	神鋼商	156	159	153	153	11
8076	カノークス	0	0	0	0	0
8077	小林産	192	192	187	187	3
8078	阪和興	98	100	97	97	127
8079	正栄食	480	480	479	479	3
8080	ジョイス	1030	1050	1030	1050	0.2
8081	カナデン	448	448	443	447	36
8083	サンテレ	272	272	272	272	2
8084	菱電商	343	361	343	345	25
8085	ナラサキ産業	180	180	170	179	46
8086	ニプロ	860	870	860	860	25
8087	フルサト	370	370	370	370	9
8088	岩谷産	213	213	205	209	217
8089	ナイス	235	238	232	232	300
8090	昭光通商	141	141	136	141	18
8091	ニチモウ	128	132	128	129	3
8092	富士通シス	1940	2000	1850	1935	273.7
8093	極東貿易	546	558	546	550	38
8095	イワキ	0	0	0	0	0
8096	兼松エレク	459	467	459	462	9
8097	三愛石	284	284	282	283	30
8098	稲畑産	595	600	587	594	36
8100	藤井	4	4	3	3	1057
8101	ＧＳＩクレ	107	110	107	107	10
8103	明和産	105	107	105	105	7
8105	丸正	170	170	170	170	2
8107	キムラタン	45	45	40	40	42
8109	山洋工	0	0	0	0	0
8110	川鉄商事	118	120	117	120	79
8111	ゴルドウイン	123	125	123	123	34
8112	東スタイル	918	926	911	911	52
8113	ユニチャーム	5400	5410	5360	5400	53.6
8114	デサント	219	225	219	224	34
8115	ムーンバット	100	102	100	102	37
8116	ダーバン	198	199	184	185	205
8117	中央自	213	213	212	212	3
8118	キング	140	140	138	138	37
8119	三栄コ	381	381	375	375	17
8120	大木	240	250	240	250	7
8123	川辺	0	0	0	0	0
8125	ワキタ	255	274	255	274	14
8126	三光純薬	370	370	360	360	8
8127	ヤマトインタ	120	125	120	125	4
8128	エフワン	44	44	44	44	3
8129	東邦薬	399	400	385	400	9
8130	サンゲツ	1550	1550	1540	1540	9
8131	ミツウロコ	600	600	590	590	3
8132	シナネン	380	380	365	370	19
8133	伊藤忠エネ	381	383	380	381	38
8134	ＴＯＫＡＩ	890	890	862	862	31
8135	ゼット	115	115	115	115	3
8136	サンリオ	1992	1992	1900	1915	122.2
8137	サンワテク	660	660	660	660	3
8138	三京化	191	191	191	191	7
8139	ナガホリ	251	251	250	250	3
8140	リョーサン	2045	2085	2030	2040	20
8141	新光商	865	865	820	830	20
8142	トーホー	850	860	850	850	28
8143	ラピーヌ	74	74	74	74	1
8144	電響社	410	410	410	410	9
8145	中部水産	289	290	265	265	21
8146	小杉産	112	112	112	112	5
8147	トミタ	0	0	0	0	0
8148	上原成	281	281	281	281	7
8150	三信電	680	685	666	670	38
8151	東陽テク	3170	3250	3170	3210	30
8152	ソマール	245	245	245	245	1
8153	モスフード	1128	1128	1116	1116	8
8154	加賀電子	1352	1380	1305	1305	60
8155	三益半導	1425	1481	1425	1458	39.7
8156	ガステック	420	420	416	420	17
8157	都築電	511	511	511	511	2
8158	ソーダニッカ	181	186	181	185	4
8159	立花エレ	640	640	640	640	1
8160	木曽路	1141	1141	1140	1140	5.5
8161	エイデン	740	750	740	750	12
8163	サトＲＳ	687	687	686	687	6
8164	キャビン	98	98	95	98	30
8165	千趣会	650	650	630	635	35
8166	タカキュー	103	104	103	103	33.5
8167	丸久	180	180	180	180	1
8168	ケーヨー	620	620	591	610	27.2
8169	宝船	150	150	150	150	1
8170	アデランス	3920	4240	3920	4190	58.5
8171	ＭＶ中部	511	530	510	530	8
8172	第一家庭電器	37	40	37	38	202
8173	上新電	276	282	276	279	6
8174	日ガス	649	649	647	649	3
8175	ベスト電	635	651	635	650	39
8176	西洋フードシス	339	340	325	334	243
8178	マルエツ	315	324	315	315	21
8179	ロイヤルＨＤ	1088	1095	1087	1090	54
8180	すかいらく	3850	3900	3830	3840	187
8181	東天紅	359	369	359	360	14
8182	いなげや	710	711	709	711	4
8183	セブン−イレブン	7380	7700	7280	7670	709
8184	島忠	1610	1638	1605	1611	31
8185	チヨダ	525	525	500	515	5.8
8186	大塚家具	9910	9950	9900	9900	2.2
8188	ヨークベニ	2770	2830	2770	2775	29.3
8189	マツヤデンキ	275	275	271	271	5
8190	ヤマナカ	0	0	0	0	0
8191	光製作	0	0	0	0	0
8192	中川無線	0	0	0	0	0
8193	鈴丹	114	118	110	118	46
8194	ライフコーポ	642	642	642	642	1
8195	デニーズジャパン	2080	2080	2070	2080	12
8196	カスミ	408	408	407	408	17
8197	東急ストア	303	307	300	305	21
8199	デオデオ	794	800	780	787	61.7
8200	リンガハット	1200	1200	1169	1175	8
8201	さが美	383	383	375	376	6
8202	ラオックス	518	520	513	513	26
8203	ＭｒＭａｘ	331	335	330	335	12.1
8204	ジョナサン	1480	1480	1470	1470	5
8205	シャクリー	0	0	0	0	0
8206	アポロイン	0	0	0	0	0
8207	テンアライド	403	403	398	403	3.7
8208	エンチョー	490	490	490	490	1
8209	フレンドリ	480	480	480	480	1
8210	フットワーク	187	190	186	186	6
8211	相鉄ローゼ	500	500	500	500	3
8212	オーク	136	136	136	136	4
8213	トステムビバ	350	373	350	370	35
8214	アオキインタ	330	334	330	333	54.6
8215	銀座山形屋	215	215	215	215	2
8216	フォルクス	0	0	0	0	0
8217	オークワ	825	837	825	837	2
8218	コメリ	2885	2890	2850	2880	8
8219	青山商	943	955	905	908	93.2
8225	タカチホ	0	0	0	0	0
8226	理経	390	390	373	373	10
8227	しまむら	8800	8890	8800	8810	33.4
8228	マルイチ	0	0	0	0	0
8229	ＣＦＳコーポ	870	870	860	865	5.5
8230	はせがわ	636	636	600	600	5
8231	三越	417	428	412	426	1519
8232	東急百貨店	81	83	80	82	156
8233	高島屋	770	774	762	772	188
8234	大丸	305	305	301	305	104
8235	松坂屋	245	250	242	242	23
8236	丸善	275	277	256	264	3772
8237	松屋	377	380	377	378	51
8238	伊勢丹	970	990	965	971	260
8239	横浜松坂屋	78	78	78	78	7
8240	サッポロライオン	601	601	601	601	2
8241	阪神百貨店	390	391	390	391	4
8242	阪急百	475	477	465	465	65
8244	近鉄百貨店	103	103	68	68	17
8245	丸栄	269	269	260	260	7
8247	大和	0	0	0	0	0
8248	ニッセン	331	340	325	331	20.5
8249	東洋物	603	603	601	601	2
8250	小松ストアー	0	0	0	0	0
8251	パルコ	323	324	322	322	29
8252	丸井	1707	1729	1680	1699	515
8253	クレセゾン	2285	2355	2285	2285	98.5
8254	さいか屋	451	451	450	450	21
8255	原信	879	879	870	870	3.1
8256	プロルート	221	221	221	221	8.5
8257	山陽百	0	0	0	0	0
8258	ＯＭＣカード	327	329	319	320	304
8259	十字屋	42	42	40	41	148
8260	井筒屋	146	150	145	145	181
8261	ｼ鉄百貨店	0	0	0	0	0
8263	ダイエー	234	234	212	216	5688
8264	イトーヨーカ堂	5880	6010	5810	6000	941
8265	壽屋	125	130	125	130	9
8266	イズミヤ	706	716	706	715	10
8267	イオン	2040	2100	2035	2090	573
8268	西友	393	395	384	384	221
8269	マイカル	299	299	292	296	774
8270	ユニー	1330	1330	1300	1312	148
8273	イズミ	1173	1187	1173	1187	11
8274	東武ストア	153	154	153	154	9
8275	フォーバル	1360	2000	1350	1980	93.8
8276	平和堂	739	739	738	738	4
8278	フジ	1938	1938	1930	1935	30.9
8279	ヤオコー	1190	1275	1190	1275	3.7
8280	富士冷機	378	380	374	380	62
8281	ゼビオ	2470	2510	2420	2505	25.9
8282	ギガスケーズ	1940	2080	1940	2050	30.5
8283	パルタック	0	0	0	0	0
8285	三谷産業	0	0	0	0	0
8287	ＭＶ西日本	1000	1000	1000	1000	1
8289	オリンピック	1800	1880	1752	1850	1.6
8290	デンコードー	675	675	675	675	1
8291	東日カーライフ	201	201	190	190	19
8293	愛トヨ	770	770	770	770	1
8295	キャノンシステム	760	760	760	760	4
8298	ファミリー	0	0	0	0	0
8299	大栄太源	0	0	0	0	0
8301	日銀	76000	76000	76000	76000	0.2
8305	みずほＨ	870000	870000	830000	834000	10.555
8314	さくら銀行	797	797	775	777	3034
8315	東京三菱銀	1316	1316	1295	1296	2789
8318	三井住友銀行	1333	1337	1305	1305	3636
8319	大和銀行	230	231	227	229	1088
8320	三和銀行	900	906	882	884	2454
8321	東海銀行	544	551	539	541	2274
8322	あさひ銀行	420	422	406	412	3798
8324	第四銀	395	397	393	397	37
8325	北越銀	301	310	301	309	16
8326	福岡銀	567	568	565	568	921
8327	西日本シティ銀	440	445	436	445	87
8331	千葉銀	425	430	423	425	571
8332	横浜銀	506	516	496	497	1589
8333	常陽銀	387	393	384	384	332
8334	群馬銀	574	574	564	568	55
8335	足利銀行	200	204	200	200	166
8336	武蔵銀	4180	4200	4180	4200	2.7
8337	千葉興	1310	1330	1280	1330	8.1
8338	関東つくば銀	1391	1391	1389	1390	1
8339	都民銀	3150	3250	3150	3230	8.8
8341	七十七	817	820	808	808	65
8342	青森銀	484	487	480	480	27
8343	秋田銀	430	430	426	426	67
8344	山形銀	533	536	533	533	26
8345	岩手銀	3650	3680	3640	3650	3.6
8346	東邦銀	400	400	393	393	35
8349	東北銀	210	210	210	210	1
8350	みちのく銀	682	690	681	686	9
8353	北海道銀行	128	130	128	130	54
8355	静岡銀	931	950	931	943	352
8356	十六銀	470	477	469	473	30
8357	北陸銀行	240	240	238	240	111
8358	スルガ銀	1620	1680	1613	1613	102
8359	八十二	639	639	621	622	189
8360	山梨銀	365	373	364	368	37
8361	大垣共立	600	600	592	600	23
8362	福井銀	280	296	277	287	84
8363	北国銀	446	455	446	448	34
8364	清水銀	4170	4260	4170	4170	1.1
8365	富山銀	470	470	470	470	3
8366	滋賀銀	476	487	476	485	27
8367	南都銀	485	490	485	485	40
8368	百五銀	453	455	453	455	26
8369	京都銀	521	525	520	522	79
8370	紀陽銀	276	280	275	275	98
8371	近畿大阪銀	213	213	213	213	3
8372	泉州銀	218	218	200	200	24
8374	三重銀	505	505	503	505	13
8375	池田銀	5530	5530	5490	5500	1.3
8379	広島銀	388	388	380	380	98
8380	山口銀	678	678	651	651	138
8381	山陰合銀	510	515	510	514	32
8382	中国銀	776	794	776	789	90
8383	鳥取銀	360	360	360	360	3
8385	伊予銀	650	670	650	670	62
8386	百十四	630	639	630	637	49
8387	四国銀	615	616	610	616	51
8388	阿波銀	508	515	506	509	39
8390	鹿児銀	439	439	434	435	27
8391	親和銀行	336	336	320	335	29
8392	大分銀	530	535	528	535	79
8393	宮崎銀	390	392	369	389	63
8394	肥後銀	400	401	396	401	87
8395	佐賀銀	385	386	385	386	20
8396	十八銀	390	390	383	384	247
8397	沖縄銀	2370	2420	2365	2395	10
8399	琉球銀	1500	1515	1499	1515	4.1
8402	三菱信託	895	900	885	894	791
8403	住友信	834	841	829	830	2232
8404	みずほ信託銀	118	119	114	116	1483
8405	日本信託	179	183	178	180	141
8407	東洋信託	396	405	392	395	1436
8408	中央三井信	362	365	360	363	545
8489	アプレック	0	0	0	0	0
8493	インター	890	907	890	901	1.6
8507	学研クレジット	561	561	561	561	1
8508	イッコー	549	549	545	545	3
8511	日証金	410	410	399	402	313
8512	大証金	228	235	226	226	17
8513	中証金	0	0	0	0	0
8515	アイフル	10000	10000	9640	9700	216.3
8518	アジア投資	469	495	469	472	295
8519	ポケットＣ	2050	2050	1950	1960	81.4
8520	殖産銀行	405	405	405	405	19
8521	長野銀	480	490	480	490	2
8522	名古屋銀	552	560	547	548	32
8524	北洋銀行	672	705	672	698	25
8527	愛知銀	7430	7580	7430	7580	0.8
8528	岐阜銀	200	200	200	200	20
8529	第三銀	462	463	461	462	18
8530	中京銀	416	416	411	416	72
8533	広島総合銀行	423	430	423	430	46
8536	東日銀	607	621	606	616	15
8537	大光銀	300	300	300	300	12
8539	福岡シティ銀	469	479	469	478	24
8541	愛媛銀	473	474	473	473	8
8542	トマト銀	0	0	0	0	0
8543	みなと銀	275	278	275	275	59
8544	京葉銀	325	325	315	320	32
8545	関西アーバン	131	131	131	131	2
8548	九州銀行	305	305	292	305	21
8549	せとうち銀行	0	0	0	0	0
8550	栃木銀	637	670	637	667	14
8551	北日銀	5700	5800	5700	5800	0.7
8552	びわこ銀	266	267	266	267	3
8556	香川銀	561	565	561	565	12
8558	東和銀	437	439	433	433	26
8561	徳島銀	690	700	690	700	6
8562	福島銀	325	328	325	328	17
8563	大東銀	323	325	323	325	9
8564	武富士	11600	11930	11500	11800	119.2
8565	三洋クレ	4710	4830	4710	4790	28.9
8566	リコーリース	2140	2180	2140	2180	20.8
8567	クレディア	1850	1850	1771	1850	5.9
8568	シンキ	2170	2270	2165	2225	24.9
8569	ユニココーポ	888	988	888	988	1.5
8570	イオンクレ	6700	6800	6660	6700	32
8571	ニッシン	3770	3820	3750	3790	8.3
8572	アコム	9050	9070	8660	8660	130.4
8573	三洋信販	2850	2860	2800	2805	22.3
8574	プロミス	8690	8900	8490	8490	105.4
8577	ロプロ	724	735	703	718	115.1
8579	東京リース	0	0	0	0	0
8580	ファーストクレジット	240	242	238	242	110
8583	日信販	180	182	174	180	2197
8584	ジャックス	358	358	345	346	37
8585	オリコ	207	208	204	206	713
8586	日立キャピ	2970	3090	2950	2960	278.6
8588	セントラル	316	320	316	320	24
8589	アプラス	106	111	106	110	15
8591	オリックス	12600	12850	12560	12660	285.4
8592	住商リース	1251	1290	1250	1281	24
8593	ダイヤリース	1296	1316	1287	1302	20
8595	ジャフコ	13500	14000	13400	13700	91.7
8597	ＳＦＣＧ	13110	13720	13100	13300	29.95
8599	ＵＦＪセント	540	540	540	540	2
8601	大和証Ｇ	1280	1284	1256	1265	1638
8603	日興コーデ	972	1004	972	1000	4242
8604	野村ＨＤ	2400	2475	2385	2440	3780
8606	新光	385	388	380	383	722
8607	みずほイン証	190	192	184	189	360
8609	岡三ＨＤ	670	675	650	655	74
8610	さくらフレンド	250	250	235	237	102
8611	コスモ証	190	191	188	190	189
8613	丸三	550	570	549	570	97
8614	東洋	264	273	264	273	58
8615	三菱証	1150	1159	1150	1159	311
8616	東海東京	290	295	288	292	274
8617	光世	203	205	199	203	79
8621	ＵＦＪつばさ証券	438	440	433	437	255
8622	水戸	305	315	304	315	15
8623	ＳＭＢＣ証	252	264	252	252	11
8624	いちよし証	600	600	577	577	26
8625	高木	335	350	335	349	26
8626	マネックス	65000	65000	62800	63500	0.806
8627	イー・トレード	627000	646000	585000	587000	0.42
8691	証券代	0	0	0	0	0
8692	だいこう	421	421	421	421	1
8740	フジトミ	500	540	500	534	25
8742	小林洋行	1248	1248	1228	1228	0.8
8743	ひまわり証	215	215	215	215	7
8744	日本ユニコム	810	810	780	780	2
8745	グローバリー	0	0	0	0	0
8746	第一商品	0	0	0	0	0
8747	豊商事	0	0	0	0	0
8748	岡藤商事	351	351	351	351	1
8749	エース交易	249	249	238	244	24
8751	東京海上火災	1147	1168	1141	1156	973
8752	三井住友海上	554	561	547	550	1291
8753	住友海上火災	680	682	675	677	1277
8754	日本興亜	415	417	410	413	295
8755	損害保険Ｊ	570	579	561	565	646
8756	日産火災海上	338	338	328	328	128
8757	日新火	235	237	235	237	45
8758	千代田火災	302	305	300	301	348
8759	ニッセイ同和	265	265	261	261	71
8760	日動火災海上	584	584	558	558	396
8761	あいおい損保	330	330	320	322	465
8762	興亜火災	410	410	406	407	84
8763	富士火	204	205	201	201	166
8764	太陽火災	0	0	0	0	0
8765	大成火災海上	227	232	227	232	10
8801	三井不	1315	1315	1251	1255	1289
8802	菱地所	1166	1170	1145	1145	1512
8803	平和不	266	270	266	266	304.5
8804	東建物	211	211	208	209	136
8805	中央地	105	110	105	110	15
8806	ダイビル	865	890	865	880	13
8809	サンケビル	395	395	381	386	6
8810	港振興	0	0	0	0	0
8815	東急不	120	122	117	117	305
8817	阪急不動産	343	343	341	341	5
8818	京阪神不	300	302	300	302	2
8821	立飛企	2100	2190	2100	2190	3
8829	大和団地	214	223	205	206	43
8830	住友不	614	624	594	594	4178
8832	小田急不	205	205	195	199	7
8833	東宝不	387	387	367	367	6
8834	藤和不	45	50	44	49	360
8835	太平発	124	124	120	121	10
8836	ヒューネット	1200	1230	1080	1100	2200
8838	有楽地	170	170	166	166	8
8839	ニチモ	75	77	74	76	21
8840	大京	190	194	186	186	279
8841	テーオーシー	810	810	795	805	61
8842	楽天地	351	358	351	358	7
8844	リクコスモス	464	467	464	467	6
8845	セザール	227	227	223	227	35
8846	積和不動産	410	410	410	410	1
8848	レオパレス	321	327	320	323	36
8850	スターツ	0	0	0	0	0
8851	アバンライフ	0	0	0	0	0
8852	積和不動関西	330	330	330	330	1
8853	ダイヤシティ	320	320	320	320	2
8854	日住	0	0	0	0	0
8855	全日空ビル	0	0	0	0	0
8857	三井不動販売	585	586	570	570	58
8858	ダイア建	210	220	210	220	7
8860	フジ住	470	480	470	475	11
8863	積和不動中部	0	0	0	0	0
8864	空港施設	381	390	380	390	16
8865	神鋼興産	220	220	220	220	3
8866	コマーシャル	251	251	250	250	10
8867	横浜地下街	0	0	0	0	0
8868	ＵＲＢＡＮ	2400	2430	2300	2300	34.5
8869	明和地所	2500	2505	2420	2485	15.1
8870	住不販売	4350	4350	4100	4100	61.4
8871	ゴールドクレ	11700	11700	11360	11490	5.9
8872	エイブル	1600	1600	1600	1600	6
8873	積和不動中国	345	390	345	390	5
8874	ジョイント	3600	3600	3430	3580	5.7
8875	東栄住宅	1760	1790	1700	1790	21.3
8876	リロＨＤ	6300	6350	6300	6300	44.4
8877	エスリード	1289	1289	1170	1200	3.6
8878	日綜地所	1420	1420	1350	1380	12
8879	東急リバブル	650	650	640	640	14.5
8880	飯田産業	1350	1400	1350	1360	12.6
8881	日神不動産	1360	1360	1320	1330	2.6
8882	ゼファー	3800000	3800000	3500000	3500000	0.016
9001	東武	323	325	320	323	508
9002	西武鉄道	1554	1569	1524	1545	56
9003	相鉄	290	290	288	289	67
9004	箱根登山鉄道	265	265	265	265	1
9005	東急	564	564	553	553	520
9006	京急	414	420	412	420	248
9007	小田急	402	403	399	399	283
9008	京王	446	449	442	445	434
9009	京成	265	266	263	264	387
9010	富士急	400	400	398	399	15
9012	秩父鉄	0	0	0	0	0
9013	伊豆箱根鉄道	0	0	0	0	0
9014	新京成	0	0	0	0	0
9017	新潟交	0	0	0	0	0
9019	伊豆急行	0	0	0	0	0
9020	ＪＲ東日本	615000	618000	605000	606000	2.417
9021	ＪＲ西日本	477000	483000	475000	476000	1.121
9022	ＪＲ東海	635000	640000	633000	636000	0.808
9031	西鉄	274	279	270	279	124
9033	広電鉄	1165	1165	1165	1165	2
9036	東部ネット	480	485	480	485	3
9037	ハマキョウ	1380	1380	1380	1380	1
9038	東海西濃	0	0	0	0	0
9039	サカイ引越	2075	2180	2075	2080	0.8
9040	大宝運輸	0	0	0	0	0
9041	近鉄	479	484	479	483	329
9042	阪急ＨＤ	359	362	356	359	234
9043	阪神	296	297	295	295	181
9044	南海電	354	355	353	353	66
9045	京阪電	342	342	341	341	54
9046	神電鉄	423	424	423	424	5
9047	名糖運輸	1180	1180	1180	1180	1
9048	名鉄	305	305	304	305	166
9049	京福電	0	0	0	0	0
9050	三重交	348	348	348	348	1
9051	センコン物流	0	0	0	0	0
9052	山陽電	260	260	257	257	12
9053	中央運輸	0	0	0	0	0
9054	大和物流	450	460	450	460	13
9055	アルプス物流	705	711	705	711	2
9056	ヒューテック	0	0	0	0	0
9057	遠州トラック	0	0	0	0	0
9058	トランコム	440	440	440	440	4
9059	カンダ	0	0	0	0	0
9060	日ロジテム	330	330	325	325	2
9061	富士物流	185	185	185	185	2
9062	日通	663	671	655	655	1241
9063	岡県運送	0	0	0	0	0
9064	ヤマト運	2250	2290	2210	2235	827
9065	山九	94	96	94	96	151
9066	日新	182	184	182	183	9
9067	丸運	219	220	219	220	2
9068	丸全運	199	199	193	193	20
9069	センコー	201	205	201	202	25
9070	トナミ	204	210	204	210	40
9072	日梱包	728	728	710	715	68
9073	京極運	0	0	0	0	0
9074	日石輸	182	185	182	184	5
9075	福山運	576	602	576	596	267
9076	西濃運	512	520	512	512	141
9077	名鉄運	0	0	0	0	0
9078	エスライン	0	0	0	0	0
9079	東急ロジ	0	0	0	0	0
9080	関東西濃	0	0	0	0	0
9081	神奈交	475	500	475	500	4
9082	大和自	0	0	0	0	0
9083	神姫バ	0	0	0	0	0
9086	日立物流	579	579	570	575	25
9087	タカセ	0	0	0	0	0
9088	濃飛西濃	0	0	0	0	0
9089	ロジパル	392	392	392	392	1
9101	郵船	542	547	539	547	2647
9104	商船三井	240	243	238	242	1982
9107	川崎汽	201	203	200	200	804
9110	新和海	66	66	64	64	63
9113	乾汽船	64	67	63	67	5
9114	日之出汽船	54	55	53	53	50
9115	明治海	171	171	171	171	1
9119	飯野海	148	150	147	150	92
9123	太平海	50	51	50	50	59
9127	玉井船	37	37	37	37	2
9130	共栄タ	108	108	108	108	6
9132	第一汽	48	49	48	48	42
9133	東栄リーファ	112	112	110	110	4
9151	東京船舶	0	0	0	0	0
9152	関西汽	45	46	44	45	71
9171	栗林船	0	0	0	0	0
9173	東海汽	314	314	314	314	1
9174	ワンダーＴ	0	0	0	0	0
9176	佐渡汽	1000	1000	1000	1000	1
9178	日鉄物流	0	0	0	0	0
9179	川崎近海	0	0	0	0	0
9180	新和内航	0	0	0	0	0
9193	東京汽	321	321	320	320	5
9201	日本航空	428	436	423	425	1281
9202	ＡＮＡ	340	342	335	335	1345
9203	日本エアシス	3800	3800	3800	3800	1.3
9204	スカイマーク	190000	191000	190000	190000	0.013
9231	国際航	606	606	587	587	16
9232	パスコ	479	491	479	485	58
9233	アジア航	0	0	0	0	0
9301	三菱倉	920	935	909	935	166
9302	三井倉	195	199	195	197	176
9303	住友倉	283	283	281	281	101
9304	渋沢倉	251	253	250	253	37
9305	ヤマタネ	124	125	124	125	11
9306	東陽倉	205	205	205	205	1
9307	杉村倉	0	0	0	0	0
9308	イヌイ建	0	0	0	0	0
9309	京神倉庫	230	230	230	230	1
9310	トランシティ	198	199	190	199	8
9311	アサガミ	0	0	0	0	0
9312	ケイヒン	142	144	142	143	32
9313	丸八倉	0	0	0	0	0
9314	品川倉	0	0	0	0	0
9317	オーナミ	0	0	0	0	0
9318	Ｊブリッジ	245	250	245	250	15
9319	中央倉	0	0	0	0	0
9320	三和倉	0	0	0	0	0
9321	アイロジステ	0	0	0	0	0
9322	川西倉	630	630	630	630	3
9323	ロジステック	440	440	440	440	1
9324	安田倉	350	360	350	360	11
9351	洋埠頭	136	138	136	137	14
9353	桜島埠	177	177	175	175	9
9355	リンコー	0	0	0	0	0
9357	名港海	0	0	0	0	0
9358	宇徳運	138	144	138	144	6
9359	伊勢湾	250	250	250	250	3
9360	鈴与シンワ	165	165	165	165	1
9361	伏木運	0	0	0	0	0
9362	兵機海	0	0	0	0	0
9363	大運	57	59	56	59	11
9364	上組	518	530	518	529	529
9365	トレーディア	100	100	100	100	2
9366	サンリツ	720	720	700	700	3.8
9367	大東港運	100	100	100	100	5
9368	キムラユニテ	0	0	0	0	0
9369	キユソ流通	1210	1210	1172	1172	4
9370	郵船航空	2310	2310	2240	2250	6.3
9373	ニッコウトラ	1361	1500	1361	1500	5
9375	近鉄エクス	1050	1060	1050	1060	12
9401	ＴＢＳ	4050	4170	4050	4050	345
9402	ＣＢＣ	1130	1130	1130	1130	0.1
9404	日テレ	60700	61500	59800	60600	18.53
9405	朝日放	10500	10760	10500	10550	0.51
9408	新潟放	0	0	0	0	0
9409	テレビ朝日	355000	363000	353000	356000	0.833
9432	ＮＴＴ	1100000	1110000	1080000	1090000	9.57
9433	ＫＤＤＩ	640000	649000	638000	642000	6.934
9434	ボーダフォン	2650000	2720000	2600000	2650000	1.201
9435	光通信	3220	3250	3040	3050	133.8
9436	沖縄セルラー	330000	333000	301000	310000	0.067
9437	ＮＴＴドコモ	3150000	3220000	3130000	3170000	9.641
9438	ＭＴＩ	458000	478000	440000	445000	0.529
9439	ビーアイジー	524000	550000	520000	531000	0.009
9441	ベルパーク	0	0	0	0	0
9442	ＪＳＡＴ	1120000	1130000	1090000	1090000	0.871
9443	インテックコミュ	745	780	745	759	18
9444	トーシン	431000	461000	431000	461000	0.078
9449	ＧＭＯインター	2010	2050	1900	1950	51
9470	学研	178	186	178	183	60
9471	文渓堂	860	860	860	860	2
9472	エスコム	262	265	257	257	55
9473	アスキー	850	850	800	830	23
9474	ゼンリン	2540	2595	2540	2550	4.6
9475	昭文社	1985	1985	1901	1905	70.3
9476	中央経済	0	0	0	0	0
9477	角川ＨＤ	4650	4700	4560	4680	7.8
9478	翔泳社	2300000	2310000	2300000	2300000	0.013
9479	インプレスＨＤ	639000	647000	549000	549000	0.476
9501	東電	2550	2560	2530	2540	993.9
9502	中部電	1755	1760	1719	1719	363.2
9503	関西電	1777	1798	1760	1781	439.8
9504	中国電	1623	1623	1600	1611	54.7
9505	北陸電	1535	1535	1520	1528	40.3
9506	東北電	1480	1494	1470	1484	190
9507	四国電	1536	1540	1526	1536	49.6
9508	九州電	1640	1640	1600	1610	148.6
9509	北海電	1450	1465	1445	1453	86
9511	沖縄電	1850	1860	1848	1848	3.7
9531	東ガス	289	291	287	288	2607
9532	大ガス	280	280	277	280	1341
9533	邦ガス	205	205	204	205	92
9534	北ガス	190	191	190	190	7
9535	広ガス	0	0	0	0	0
9536	西部ガス	158	160	158	158	135
9537	北陸ガ	305	305	305	305	7
9539	葉ガス	0	0	0	0	0
9540	中ガス	0	0	0	0	0
9541	大多喜ガス	0	0	0	0	0
9542	新日ガス	0	0	0	0	0
9600	アイネット	671	678	670	673	12
9601	松竹	489	489	480	480	18
9602	東宝	16800	16800	16710	16770	22.5
9603	ＨＩＳ	2080	2120	1940	1950	120.3
9604	際放映	150	150	150	150	1
9605	東映	567	580	555	555	406
9607	葵プロ	1310	1310	1280	1283	19.5
9608	福山コンサル	0	0	0	0	0
9609	ベンチャーリ	7030	7120	7030	7090	5.8
9610	ウィルソン	2830	2830	2800	2800	0.7
9611	Ｄワンダー	0	0	0	0	0
9612	ラックランド	0	0	0	0	0
9613	ＮＴＴデータ	1020000	1030000	1010000	1010000	2.925
9614	ベルシス24	54000	54000	53100	53100	6.17
9615	東京美装	491	491	491	491	4
9616	共立メンテ	2350	2360	2320	2350	2.8
9618	エームサービス	1200	1200	1200	1200	1
9619	イチネン	800	800	800	800	1
9620	スクウェア	4270	4380	4120	4120	66.3
9621	建設技研	575	600	575	600	0.6
9622	スペース	451	454	450	454	6.7
9623	キヤノンソフ	0	0	0	0	0
9624	長大	401	403	401	403	2
9625	セレスポ	175	180	175	175	12
9626	日本技開	201	201	180	180	6
9627	アインファマ	1250	1300	1250	1260	33
9628	燦ＨＤ	4200	4200	4070	4070	1
9629	ＰＣＡ	2205	2325	2150	2240	6.5
9630	アップ	352	360	352	360	5
9631	東急レク	595	595	592	592	2
9632	スバル	338	342	335	342	5
9633	テアトル	174	179	171	176	16
9634	修学社	640	640	600	620	11
9635	武蔵野	0	0	0	0	0
9636	きんえい	0	0	0	0	0
9637	オーエス	785	785	785	785	1
9638	情報技術	595	595	595	595	1
9639	三協フロンテ	0	0	0	0	0
9640	セゾン情報	779	800	779	800	5
9641	サコス	110	110	110	110	10.8
9642	コマスタ	0	0	0	0	0
9643	中日興	13300	13300	13300	13300	0.1
9644	タナベ経営	300	307	300	300	6.7
9645	ダイヤモンドコン	1132	1135	1110	1110	1.3
9646	タイトー	87800	90000	87800	88300	0.15
9647	協和コンサル	0	0	0	0	0
9648	ウエスコ	264	270	250	250	26
9649	明電エンジニア	589	589	571	583	5.1
9650	テクモ	1301	1319	1300	1315	20.9
9651	日本プロセス	650	650	650	650	2
9652	日本医療	1950	1950	1950	1950	0.1
9653	ＳＢＩパートナ	940	940	940	940	2
9654	コーエー	3900	4040	3780	3800	41.1
9656	三井ランド	510	510	480	481	2.7
9657	コムテック	0	0	0	0	0
9658	ビジ太田昭	555	555	551	553	7
9660	ＣＲＣソリュ	1500	1500	1420	1490	4
9661	歌舞伎	3800	3800	3800	3800	2
9663	ナガワ	660	660	660	660	2
9664	御園座	1000	1000	1000	1000	8
9665	吉本興	975	980	972	975	19
9667	ホリプロ	0	0	0	0	0
9668	相鉄企業	0	0	0	0	0
9669	オークネット	4450	4450	4210	4210	5.8
9671	よみランド	389	399	388	398	13
9672	東競馬	113	114	113	113	72
9673	甲子園土地	0	0	0	0	0
9674	花月園	0	0	0	0	0
9675	常磐興	148	148	146	146	42
9676	松戸公産	451	451	451	451	2
9677	日本ジャンボ	680	680	671	671	3.5
9678	カナモト	678	678	650	651	70
9679	ホウライ	390	390	350	350	6
9680	共成レンテム	497	497	495	495	2
9681	東京ドーム	483	486	480	480	155
9682	ＤＴＳ	8350	8380	8160	8270	64.3
9684	スク・エニ	4120	4190	4000	4010	88
9685	共同コンＨＤ	320	320	320	320	1
9686	東洋テック	430	430	430	430	1
9687	ＫＳＫ	530	530	530	530	5
9689	グリンハウス	1530	1560	1530	1560	3.5
9691	両毛システム	1800	1800	1800	1800	1
9692	シーイーシー	1750	1750	1701	1710	53.6
9694	日立ソフト	14940	14960	14600	14680	79.5
9695	鴨川グランド	0	0	0	0	0
9696	ウィザス	330	330	330	330	3
9697	カプコン	4330	4450	4330	4390	297.6
9698	クレオ	920	970	910	970	4
9699	西尾レント	660	660	640	640	12.7
9700	エスアールエル	1180	1210	1180	1190	7
9701	会舘	250	250	250	250	6
9702	アイエスビー	1370	1370	1370	1370	1
9703	ジェネラスコーポ	82	83	82	82	42
9704	東海観	84	86	84	84	471
9706	日本空港ビル	802	829	802	829	20
9707	メデカＪ	1080	1140	991	1020	38
9708	帝ホテル	0	0	0	0	0
9709	日コンピュタ	599	599	599	599	1
9711	日コンシス	0	0	0	0	0
9712	ファイ	390	410	386	391	175
9713	ロイヤルホ	215	215	210	210	15
9714	ＳＲＡ	1850	1850	1700	1750	2.1
9715	トランスコス	11380	11380	10660	10680	134.1
9716	乃村工芸社	360	360	360	360	9
9717	ジャステック	3700	3780	3650	3750	18
9718	国際観光会館	240	240	240	240	2
9719	住商情報	8480	8660	8390	8640	123.7
9720	グランド	0	0	0	0	0
9722	藤田観	505	505	504	504	20
9724	新阪急ホテル	170	170	170	170	10
9725	東急ホテル	150	153	148	149	24
9726	近ツーリスト	298	298	281	289	34
9727	東急観光	120	122	120	120	8
9728	日本管財	1400	1420	1400	1410	29
9729	トーカイ	0	0	0	0	0
9730	ワオコーポ	0	0	0	0	0
9731	白洋舎	333	333	333	333	2
9732	東映ラボ	205	205	205	205	1
9733	ナガセ	0	0	0	0	0
9734	精養軒	0	0	0	0	0
9735	セコム	8290	8510	8270	8370	344
9736	白青舎	0	0	0	0	0
9737	ＣＳＫ	2420	2430	2320	2320	160.3
9738	インテック	2000	2015	1935	1935	34
9739	ＮＳＷ	9810	10000	9700	9710	12.4
9740	ＣＳＰ	570	620	570	620	6
9741	日立情報	5100	5180	4960	5000	94.6
9742	アイネス	1736	1750	1668	1668	101.8
9743	丹青社	525	559	525	550	26
9744	メイテック	4930	5020	4920	4970	47.7
9746	ＴＫＣ	2240	2280	2220	2280	31.2
9747	アサツーＤＫ	3400	3480	3330	3330	46.1
9748	ＮＪＫ	591	595	585	585	9
9749	富士ソフト	8400	8400	8160	8200	90.4
9750	ソラン	2180	2260	2165	2165	26
9751	ＴＩＳ	7200	7400	7200	7320	125
9752	ナムコ	2650	2700	2610	2610	163.1
9753	ＩＸナレッジ	0	0	0	0	0
9755	応用地質	1273	1283	1273	1279	7.7
9756	ＡＳＫ	690	700	675	691	8
9757	船井研	697	697	651	651	3
9758	ジシステム	480	485	470	485	9
9759	日システムデ	14100	14100	13500	13590	97.4
9760	進学会	0	0	0	0	0
9761	東海リース	182	183	182	183	4
9762	大和リース	322	322	314	318	142
9763	丸紅リ	90	90	85	90	14
9764	技研興	0	0	0	0	0
9765	オオバ	147	154	147	154	4
9766	コナミ	9350	9500	9030	9100	174.6
9767	日建工学	0	0	0	0	0
9768	国土環境	650	650	650	650	5
9769	学究社	0	0	0	0	0
9776	札臨	345	345	345	345	1
9777	日電計算	2000	2040	1980	1980	5.9
9778	昴	360	365	340	365	9
9779	メフォス	810	820	800	820	8
9780	ビステム	0	0	0	0	0
9781	石川島汎サ	0	0	0	0	0
9782	ＤＭＳ	0	0	0	0	0
9783	ベネッセ	6250	6290	6190	6230	54.1
9784	日工検	0	0	0	0	0
9785	大新東	222	222	220	220	7
9786	キャッツ	2025	2040	2000	2000	13
9787	Ｊメンテ	900	914	900	909	4.3
9788	ナック	666	675	662	662	5.9
9789	栄光	400	400	395	400	3
9790	福井コン	580	580	580	580	3
9791	ビケンテクノ	656	656	656	656	1
9792	ニチイ学館	4180	4230	4030	4040	37.3
9793	ダイセキ	1960	1970	1960	1962	14.3
9794	カラカミ観光	625	625	610	610	6
9795	ステップ	690	700	690	700	4
9796	ダイテック	1400	1400	1400	1400	1
9797	大日本コン	251	251	236	236	6.3
9798	シダックス	1700	1740	1700	1740	1
9799	旭情報	1150	1160	1150	1150	3
9810	日鉄商	90	95	84	95	6
9811	アスティス	480	480	450	450	2
9812	テーオー	2000	2000	2000	2000	2
9813	トッキ	1900	1910	1900	1910	4
9814	アシックス商	601	601	601	601	1
9815	カテナ	1102	1102	1060	1070	109
9816	バーテックス	366	370	366	370	4
9817	ゴトー	0	0	0	0	0
9818	大丸エナ	760	760	760	760	2
9820	エムティＧ	192	192	192	192	3
9822	なが多	92	106	90	94	2713
9823	マミーマート	0	0	0	0	0
9824	泉州電	621	621	621	621	1
9825	アズウェル	400	400	385	385	14.1
9826	ＪＥＵＧＩＡ	0	0	0	0	0
9827	リリカラ	0	0	0	0	0
9828	元気寿司	1021	1021	1021	1021	2
9829	ながの東急	0	0	0	0	0
9830	トラスコ中山	1436	1500	1436	1480	2.2
9831	ヤマダ電	10000	10300	9960	10100	44.3
9832	オートバクス	3240	3240	3160	3170	48.5
9833	エルクコーポ	650	688	650	688	5
9834	リオチェン	465	465	460	460	8.4
9835	ジュンテン	0	0	0	0	0
9836	リーバイス	466	470	466	466	4
9837	モリト	500	500	500	500	7
9838	トラベラー	0	0	0	0	0
9839	ゲッツブラザーズ	579	579	579	579	1
9840	ホーマック	1799	1800	1760	1760	28.3
9841	ＢＭＢ	417	435	407	415	344
9842	アークランド	0	0	0	0	0
9844	ユーエスシー	1380	1450	1380	1390	5
9845	パーカー	0	0	0	0	0
9846	天満屋ス	0	0	0	0	0
9847	ソリスト	495	495	490	490	11
9848	トヨタカローラ岐阜	0	0	0	0	0
9849	河内屋紙	0	0	0	0	0
9850	グルメ杵屋	819	830	819	830	3
9852	中央物産	0	0	0	0	0
9853	銀座ルノア	440	440	440	440	1
9854	愛眼	930	930	920	925	15.6
9855	くろがねや	391	391	391	391	1
9856	ケーユー	791	791	791	791	0.4
9857	英和	0	0	0	0	0
9858	明光商会	1660	1690	1660	1660	6.4
9859	ユーストア	821	821	821	821	2
9860	岐阜日野	0	0	0	0	0
9861	吉野家ディー	190000	194000	189000	192000	0.241
9862	メモレックス・テレ	200	201	200	201	9
9863	靴のマルトミ	101	101	89	89	26.6
9864	ナカイ	324	324	324	324	2
9865	日商エレク	2890	2890	2890	2890	1
9867	ソレキア	425	425	420	425	7
9868	トリイ	351	351	351	351	3
9869	加藤産	601	638	600	638	6
9870	ハナテン	1830	1830	1830	1830	0.3
9871	イトーキ	0	0	0	0	0
9872	北恵	0	0	0	0	0
9873	ケンタッキー	1378	1395	1378	1395	6
9875	マツモトキヨ	9300	9380	9300	9300	29.2
9876	コックス	0	0	0	0	0
9877	マルフル	0	0	0	0	0
9878	セキド	0	0	0	0	0
9879	フタタ	160	160	160	160	5
9880	イノテック	2780	2850	2750	2830	14.4
9882	イエロハット	932	956	932	945	6.7
9883	富士エレ	1890	1890	1880	1880	2
9884	都築電産	681	681	681	681	1
9885	シャルレ	595	600	595	600	10
9887	松屋フーズ	1828	1828	1810	1820	6.9
9888	ＵＥＸ	0	0	0	0	0
9889	ＪＢＣＣ	2840	2840	2655	2655	29.3
9890	マキヤ	1210	1210	1160	1160	3
9892	卑弥呼	1270	1300	1270	1270	5
9893	ホームワイド	380	380	380	380	16
9894	アトル	0	0	0	0	0
9895	コンセック	0	0	0	0	0
9896	Ｊ建材	0	0	0	0	0
9897	ユニダックス	749	795	749	790	104
9898	サハダイヤ	312	320	275	275	424
9899	サンデサン	729	729	729	729	2
9900	サガミ	850	860	850	855	8
9901	宮	750	750	750	750	3
9902	日伝	1550	1550	1550	1550	1
9903	カンセキ	120	120	120	120	8
9904	ベリテ	210	210	210	210	23
9905	コージツ	150	150	150	150	2
9906	藤井産業	0	0	0	0	0
9907	大電社	0	0	0	0	0
9908	日本電計	0	0	0	0	0
9909	愛光電気	0	0	0	0	0
9911	真電	0	0	0	0	0
9912	ダイワボ情	1621	1621	1570	1570	39.5
9913	日邦産業	265	270	265	270	8
9914	植松商会	222	222	210	219	5
9915	アサヒビールＳ	530	530	520	522	4
9916	バイタルＮ	665	705	664	705	5.4
9917	マツモト電器	0	0	0	0	0
9918	ダイワラクダ	373	373	373	373	2
9919	関西スーパ	520	520	520	520	7
9920	シービーエム	0	0	0	0	0
9921	ギガス	0	0	0	0	0
9922	日立機材	0	0	0	0	0
9923	ダイトーエム	375	375	365	365	3
9924	ドミー	490	490	490	490	1
9925	北の家族	902	971	902	971	2
9926	ダイカ	282	290	281	290	6
9927	ワットマン	0	0	0	0	0
9928	ミロク情報	976	976	970	970	9.5
9929	平和紙業	0	0	0	0	0
9930	北沢産	266	279	265	270	6.5
9931	家族亭	670	670	670	670	1
9932	杉本商	0	0	0	0	0
9934	因幡電産	1250	1250	1250	1250	1
9935	あずみ	290	290	290	290	2
9936	王将フード	1020	1020	1010	1010	9
9937	セシール	960	1020	960	981	10.9
9938	住金物産	82	85	82	85	16
9939	すみや	0	0	0	0	0
9941	太洋物産	0	0	0	0	0
9943	ココス	0	0	0	0	0
9944	インパクト	1400	1400	1360	1368	4.1
9945	プレナス	0	0	0	0	0
9946	ミニストップ	2330	2340	2320	2340	21.9
9947	シムリー	820	820	800	800	1.6
9948	アークス	912	912	912	912	1
9949	タイヨー	2145	2145	2145	2145	3
9950	ハチバン	510	510	510	510	4
9951	カーマ	535	535	516	529	2.7
9952	ドトール	7950	7950	7860	7860	1.4
9953	ダイキ	1300	1300	1278	1286	20
9954	東京小僧寿し	570	570	570	570	1
9955	ヨンキュウ	1920	1970	1900	1910	0.7
9956	バロー	0	0	0	0	0
9957	バイテック	1700	1750	1700	1730	5.5
9958	サリ	170	170	170	170	1
9959	アシード	785	785	765	765	2.8
9960	東テク	0	0	0	0	0
9961	エムオーテック	138	138	138	138	1
9962	駿河製機	10000	10020	9840	9890	20.8
9963	江守商事	0	0	0	0	0
9964	アイ・テック	0	0	0	0	0
9965	福原	0	0	0	0	0
9966	藤久	0	0	0	0	0
9967	堺商事	0	0	0	0	0
9968	イチヤ	669	699	660	670	49
9969	ショクブン	790	790	775	780	6
9970	東洋オフィス	380	380	380	380	2
9971	カウボーイ	455	470	455	470	2
9972	アルテック	1010	1029	1010	1020	7.5
9973	小僧本部	0	0	0	0	0
9974	ベルク	970	970	970	970	1.2
9975	マルヤ	2800	2800	2800	2800	0.3
9976	セキチュー	0	0	0	0	0
9977	アオキスーパ	391	391	391	391	1
9978	文教堂	801	820	780	780	10
9979	大庄	1050	1089	1050	1065	29
9980	マルコ	705	705	698	701	12.4
9981	ニック産業	0	0	0	0	0
9982	タキヒヨー	0	0	0	0	0
9983	ファストリ	27000	27100	26000	26180	206.6
9984	ソフトバンク	9050	9200	8680	8750	2437.9
9985	榮太郎	790	795	790	795	2
9986	蔵王産業	0	0	0	0	0
9987	スズケン	4360	4510	4150	4180	227.8
9988	神港魚類	0	0	0	0	0
9989	サンドラッグ	7100	7230	7100	7230	34.8
9990	東京デリカ	390	390	385	385	3
9991	ジェコス	275	275	272	274	27.2
9992	理研グリン	0	0	0	0	0
9993	ヤマザワ	0	0	0	0	0
9994	やまや	560	560	560	560	2.8
9995	イーストン	625	630	610	610	9
9996	サトー商会	530	560	530	560	10
9997	ベルーナ	4270	4270	4200	4250	52.2
