20001227
1001	日経２２５	13935	13981	13798	13981	34.741
1002	ＴＯＰＩＸ	1291	1294	1283	1294	34.741
1301	極洋	141	142	140	142	499
1319	日経300F	269	269	262	263	28
1331	ニチロ	219	227	219	226	1002
1332	日水	179	181	178	181	591
1333	マルハ	130	131	129	131	421
1351	宝幸水産	63	64	62	63	78
1352	ホウスイ	75	78	75	78	3
1376	カネコ種	655	655	655	655	1
1377	サカタタネ	1850	1850	1825	1839	16.6
1378	雪国まいたけ	0	0	0	0	0
1379	ホクト	3890	3900	3860	3870	61.3
1380	秋川牧園	0	0	0	0	0
1381	アクシーズ	485	485	482	482	2
1491	中外鉱	130	133	126	127	4079
1501	三井鉱山	84	85	83	83	290
1503	住友炭	60	60	57	58	160
1515	日鉄鉱	237	238	236	236	84
1518	三井松島	147	147	144	146	72
1601	帝石	476	485	474	480	394
1603	アラビア石油	801	881	801	881	1699.1
1661	ガス開	515	524	505	505	23
1701	昭和鉱	222	225	220	225	17
1702	共立マテリア	370	370	370	370	1
1735	伊田テクノス	0	0	0	0	0
1736	オーテック	300	300	300	300	2
1737	三井エンジ	318	330	318	330	41
1738	ＮＩＴＴＯＨ	345	345	345	345	1
1739	ＳＥＥＤ	295000	295000	290000	290000	0.013
1740	極東工業	350	350	350	350	9
1741	ミサワサンイ	800	800	800	800	1
1742	セコムテクノ	2470	2500	2465	2500	7
1743	コーアツ工業	0	0	0	0	0
1744	キョーエイ	540	579	540	579	4
1745	ミサワホーム東海	360	360	360	360	2
1748	ミサワ北日	0	0	0	0	0
1750	カナック	0	0	0	0	0
1751	日立プラサ	420	420	420	420	4
1752	富士通シス	1050	1050	1030	1030	7
1753	土屋ツバイ	0	0	0	0	0
1754	東新住建	620	620	620	620	1
1755	JFE工建	0	0	0	0	0
1756	和興エンジ	0	0	0	0	0
1757	千年の杜	200	230	200	230	9
1758	太洋基礎	410	415	410	410	3
1759	ジオトップ	235	235	235	235	2
1762	高松建設	1249	1265	1249	1265	3.5
1763	北陸ミサワ	0	0	0	0	0
1764	工藤建設	0	0	0	0	0
1765	イビデンテック	0	0	0	0	0
1766	東建コーポ	950	955	950	950	4
1767	沖ウィン	495	495	495	495	1
1768	ソネック	218	218	210	210	3
1770	藤田エンジ	445	455	445	450	30
1772	東北エンタープライズ	190	195	190	195	6
1774	機動建	0	0	0	0	0
1775	富士電Ｅ＆Ｃ	215	229	215	229	6
1776	三井住建道路	87	87	81	81	25
1777	川崎設備	0	0	0	0	0
1778	古河総設	166	166	151	151	3
1779	松本建工	379	379	379	379	1
1780	ヤマウラ	335	335	335	335	0.5
1781	国土総合	0	0	0	0	0
1782	常磐開発	0	0	0	0	0
1783	南野建設	0	0	0	0	0
1784	サワコー	22	26	22	24	102.7
1785	ナナボシ	430	430	430	430	1
1786	オリ建	361	380	361	379	6
1787	ナカボテック	0	0	0	0	0
1788	三東工業	0	0	0	0	0
1789	山加電業	315	315	310	310	0.7
1790	平和奥田	359	359	344	344	2
1791	三井木材	109	109	106	106	4.5
1792	みらい建設Ｇ	188	188	188	188	1
1793	大本組	0	0	0	0	0
1795	マサル	0	0	0	0	0
1796	トヨタウッド	224	224	224	224	0.1
1797	藤木工務店	0	0	0	0	0
1798	守谷商会	407	407	407	407	1
1799	第一建設	230	230	230	230	1
1800	利塚地下技術	210	210	180	180	13
1801	大成建	222	222	216	216	1953
1802	大林組	481	496	481	486	526
1803	清水建	341	342	336	342	506
1804	佐藤工業	47	47	45	47	353
1805	飛島建	46	46	44	45	163
1806	ACリアル	35	36	34	36	1128
1807	渡辺組	0	0	0	0	0
1808	長谷工	35	36	34	36	2775
1809	富士工	41	42	40	40	31
1810	松井建	303	303	298	298	3
1811	銭高組	210	220	210	220	20
1812	鹿島	318	318	312	317	1143
1813	不動建	102	104	100	100	155
1814	大末建	40	41	39	40	212
1815	鉄建	97	99	96	99	119
1816	安藤建	194	194	189	189	12
1817	勝村建	117	119	117	119	18
1818	日産建設	75	77	73	77	24
1819	太平工	121	122	121	122	44
1820	西松建	382	392	381	392	259
1821	三井住友建	49	50	48	48	69
1822	大豊建	133	134	132	134	37
1823	住友建設	63	63	62	63	134
1824	前田建	392	400	392	399	62
1825	環境建設	94	95	92	92	88
1826	佐田建	120	121	115	115	105
1827	ナカノフドー建	70	71	70	71	21
1828	田辺工業	390	390	390	390	1
1829	大和建設	68	68	68	68	1
1830	共栄冷機工業	0	0	0	0	0
1831	積水ハ北陸	0	0	0	0	0
1833	奥村組	356	362	356	359	73
1834	小田急建	226	226	208	208	11
1835	東鉄工	217	217	215	215	2
1836	大日本土木	147	148	147	148	2
1837	間組	46	49	45	49	451
1838	古久根建設	67	70	66	70	7
1839	真柄建	131	131	129	130	17
1840	土屋ホーム	245	245	230	230	7.2
1841	サンユ	0	0	0	0	0
1842	昭和テクノ	915	915	911	911	4
1844	大盛工業	88	88	88	88	2
1845	森本組	108	108	108	108	3
1846	鈴縫工	0	0	0	0	0
1847	イチケン	95	99	94	96	24
1848	富士ＰＳ	0	0	0	0	0
1850	南海辰村建	70	72	70	72	7
1851	大木建設	228	229	222	227	91
1852	浅沼組	134	134	125	133	15
1853	森組	84	95	84	87	22
1854	新井組	101	102	96	102	23.8
1855	東急建設	66	68	63	68	152
1856	ジェイオー建設	243	243	243	243	1
1857	松村組	92	92	91	91	46
1858	井上工	86	93	86	92	76
1860	戸田建	516	523	511	517	207
1861	熊谷組	35	39	33	39	13517
1862	横河工事	322	322	322	322	0.5
1863	テトラ	197	203	197	203	26
1865	青木あすなろ建	125	125	125	125	4
1866	北野建	212	212	209	212	35
1867	植木組	167	167	167	167	5
1868	三井ホーム	415	415	407	415	36
1869	名工建	460	460	460	460	2
1870	矢作建	358	358	358	358	3
1871	ピーエス三菱	335	340	335	340	2.6
1872	アゼル	188	191	186	186	40
1873	東ハウス	302	312	302	312	10
1874	佐藤秀	0	0	0	0	0
1875	青木マリン	289	295	289	295	5
1877	川田建設	0	0	0	0	0
1878	大東建	1999	2000	1990	2000	134.1
1879	新日本建	200	200	200	200	1
1880	スルガコーポ	1320	1320	1320	1320	1
1881	ＮＩＰＰＯ	480	493	480	487	41
1882	東亜道	190	199	190	199	32
1883	前田道	481	481	474	478	43
1884	日道路	153	153	151	151	36
1885	東亜建	130	134	130	134	124
1886	青木建設	30	31	30	31	416
1888	若築建	95	95	92	93	106
1889	佐伯建	115	115	114	114	18
1890	東洋建	62	63	61	63	145
1892	徳倉建	266	266	266	266	2
1893	五洋建	136	138	136	136	343
1895	大成ロテック	152	152	150	151	89
1896	大林道	230	235	230	235	29
1897	金下建	0	0	0	0	0
1898	世紀東急	80	80	75	78	19
1899	福田組	271	271	271	271	1
1900	白石	0	0	0	0	0
1902	山崎建設	0	0	0	0	0
1904	大成温調	0	0	0	0	0
1905	テノックス	0	0	0	0	0
1906	細田工務	303	310	303	303	12
1907	東北ミサワ	575	575	550	550	4.5
1908	三平建設	0	0	0	0	0
1910	フドウ建研	0	0	0	0	0
1911	住友林	686	729	685	721	104
1912	ミサワセラミ	0	0	0	0	0
1913	旭ホームズ	0	0	0	0	0
1914	日基技	401	405	400	400	30.7
1915	東京ミサワホーム	0	0	0	0	0
1916	日成ビルド	98	100	98	98	22
1917	ニッセキハウス	116	120	116	119	161
1919	エスバイエル	233	238	232	235	151
1920	殖産住宅相互	57	58	56	58	157
1921	巴	170	170	167	167	10
1922	大成ユーレック	103	105	102	105	26
1923	ミサワホーム	303	311	303	310	66
1924	パナホーム	706	706	688	705	43
1925	大和ハウス	714	726	712	726	231
1926	ライト	390	390	383	383	23.8
1927	中 部	0	0	0	0	0
1928	積ハウス	1019	1029	1015	1029	437
1929	日特建	142	142	139	139	42
1930	北陸電工	299	300	299	300	3
1931	日本電通	279	279	279	279	10
1932	コミュチュア	442	442	442	442	7
1933	西シス建	0	0	0	0	0
1934	ユアテック	368	368	360	361	36
1935	ＴＴＫ	218	218	217	218	28
1936	シーキューブ	260	265	260	265	75.6
1937	西部電工	267	267	267	267	10
1938	千歳電	0	0	0	0	0
1939	四電工	370	370	368	368	3
1940	つうけん	198	199	195	199	4
1941	中電工	1433	1449	1433	1449	3
1942	関電工	594	618	594	617	159
1943	大明	796	796	785	785	41
1944	きんでん	660	667	657	662	49
1945	東京エネシス	371	371	360	360	26
1946	トーエネク	426	427	426	427	17
1947	日本コムシス	1960	2030	1956	2030	171
1948	弘電社	0	0	0	0	0
1949	住友電設	495	500	495	496	3.4
1950	電設工	330	330	320	320	8
1951	協エクシオ	1189	1195	1171	1171	104
1952	新日空調	355	358	355	358	1.4
1953	国際電設	0	0	0	0	0
1954	日工営	200	206	200	204	72
1955	東電通	305	307	305	306	22
1956	日電設	363	365	362	365	16
1957	保安工	235	235	235	235	7
1958	三和エレック	235	241	230	230	29
1959	九電工	339	346	338	346	13
1960	サンテック	311	311	311	311	8
1961	三機工	517	519	508	514	140
1962	エルゴテック	117	117	117	117	1
1963	日揮	741	751	725	730	1029
1964	中外炉	274	274	265	273	47
1965	テクノ菱和	531	531	510	517	14.2
1966	高田工	300	300	300	300	1
1967	ヤマト	269	269	269	269	1
1968	太平電	262	262	250	252	94
1969	高砂熱	776	800	775	799	15
1970	日立プラ	266	266	263	265	31
1971	ビルト工	0	0	0	0	0
1972	三晃金	95	98	95	98	21
1973	ＮＥＣシス建	2350	2385	2350	2350	26.3
1974	宮地建設工業	201	205	191	196	75
1975	朝日工	243	243	239	243	39
1976	明星工	110	110	108	110	34
1977	ジェイコス	0	0	0	0	0
1978	アタカ	232	233	232	233	2
1979	大気社	726	726	710	710	4
1980	ダイダン	461	461	461	461	2
1981	協和日成	0	0	0	0	0
1982	日比谷設	431	435	430	435	17
1983	東芝プラ	217	220	217	218	19
1984	三信建	0	0	0	0	0
1985	大和電設	236	236	236	236	2
1986	日商インター	400	400	380	390	10.9
1987	ソルコム	0	0	0	0	0
1988	シボンド建	1550	1551	1540	1547	39.7
1989	北陸電話	0	0	0	0	0
1990	東邦建	0	0	0	0	0
1991	都築通技	0	0	0	0	0
1992	神田通機	0	0	0	0	0
1993	ニッタン	0	0	0	0	0
1994	高橋ウォール	0	0	0	0	0
1995	鈴木工務店	0	0	0	0	0
1996	三菱建設	0	0	0	0	0
1997	暁飯島工業	0	0	0	0	0
1998	日本土建	0	0	0	0	0
2001	日本粉	251	259	248	259	405
2002	日清粉	1011	1018	996	1018	276
2003	日東粉	205	205	200	205	12
2004	昭和産	179	181	179	180	58
2006	東福粉	0	0	0	0	0
2007	富士粉	0	0	0	0	0
2008	増田粉	191	191	191	191	3
2009	鳥越粉	331	331	330	330	68
2051	農産工	165	167	165	167	77
2052	協同飼	105	108	105	106	60
2053	中部飼	0	0	0	0	0
2055	日和産	0	0	0	0	0
2056	日配飼	118	119	118	119	16
2057	雪印種	461	461	461	461	1
2102	台糖	225	225	224	225	18
2107	東洋糖	108	113	108	108	21
2108	甜菜糖	134	135	133	134	202
2109	三井糖	205	205	203	204	65
2111	フジ製糖	155	155	155	155	1
2112	塩水糖	235	245	235	245	7
2113	新光糖	0	0	0	0	0
2114	フジ日本精糖	280	285	280	285	6
2116	日新糖	123	124	123	124	5
2201	森永	238	240	234	240	352
2202	明菓	640	655	636	653	407
2204	中村屋	270	270	270	270	4
2205	駿河屋	0	0	0	0	0
2206	グリコ	670	694	670	691	139
2207	名糖産	1116	1116	1116	1116	1
2208	ブルボン	0	0	0	0	0
2209	井村屋	0	0	0	0	0
2211	不二家	213	214	211	213	32
2212	山パン	781	792	781	791	62
2215	一パン	215	215	209	210	16
2216	カンロ	275	275	270	270	2
2217	モロゾフ	200	200	200	200	4
2219	タカラブネ	87	89	86	86	16
2220	亀田製菓	0	0	0	0	0
2221	岩塚製菓	0	0	0	0	0
2222	寿製菓	0	0	0	0	0
2224	コモ	1500	1500	1480	1490	8
2261	明乳	509	517	500	517	221
2262	雪印	392	392	386	392	682
2264	森永乳	262	270	262	269	107
2266	六甲バタ	351	351	350	350	5
2267	ヤクルト	1302	1325	1300	1325	79
2268	サーティワン	0	0	0	0	0
2281	プリマ	104	105	103	103	68
2282	日ハム	1582	1582	1551	1568	161
2284	伊藤ハ	386	388	383	387	41
2286	林兼	117	119	117	117	83
2287	雪印食品	181	181	181	181	1
2288	丸大食	148	150	140	148	244
2289	相模ハム	616	616	616	616	2
2290	米久	1150	1150	1142	1147	14
2291	福留ハ	180	180	180	180	4
2292	ＳＦＯＯＤＳ	0	0	0	0	0
2293	滝沢ハム	0	0	0	0	0
2294	柿安本店	1210	1220	1210	1220	8
2501	サッポロＨＤ	334	340	334	340	167
2502	アサヒ	1184	1189	1172	1185	725
2503	キリン	1019	1020	1012	1020	472
2531	宝ＨＤ	2040	2040	1995	2040	415
2533	オエノンＨＤ	226	226	225	225	10
2536	メルシャン	266	269	262	269	423
2538	マルキン忠勇	140	140	140	140	9
2540	養命酒	707	707	696	696	19
2541	ニッカ	369	375	369	370	43
2571	中京コカ	876	876	876	876	1
2572	三国コカ	1200	1210	1197	1210	77
2573	北海コカ	0	0	0	0	0
2575	三笠コカ	810	810	810	810	1.7
2576	近畿コカ	1201	1206	1200	1200	37
2577	富士コカ	905	905	884	899	9
2578	四国コカ	0	0	0	0	0
2579	コカウエスト	2790	2800	2725	2750	34.1
2591	カルピス	475	475	465	465	7
2592	ポッカ	413	413	405	410	13
2593	伊藤園	7900	8240	7900	8240	77.3
2594	キーコーヒー	1310	1343	1310	1310	1.5
2595	キリンビバ	2285	2285	2240	2275	32
2596	キューサイ	1820	1920	1820	1850	13.5
2597	ユニカフェ	1280	1299	1270	1280	1.7
2598	アサヒ飲料	621	635	620	630	12.5
2599	ジャパンＦ	700	700	700	700	2
2601	ホーネンコーポ	176	177	174	175	198
2602	日清オイリオ	291	299	291	299	151
2604	吉原製油	268	268	265	267	8
2607	不二油	1000	1004	995	1003	145
2608	ボーソー	149	149	128	128	27
2611	摂津油	0	0	0	0	0
2612	かどや製油	770	770	770	770	1
2650	橘テクトロン	690	695	670	680	9
2651	ローソン	4280	4480	4200	4440	105.4
2652	まんだらけ	210000	210000	210000	210000	0.002
2653	イオン九州	940	940	940	940	5
2654	シンワ	186	200	186	200	7
2655	マックス東北	610	610	610	610	1
2656	ベクター	940000	1060000	940000	1060000	0.004
2657	インタニクス	1480	1580	1480	1550	32
2658	ウライ	220	235	220	225	13
2659	サンエー	1700	1700	1700	1700	1
2660	キリン堂	0	0	0	0	0
2661	キンレイ	550	560	550	555	15
2662	ダイユエイト	430	430	400	400	3
2663	伊藤伊	460	460	460	460	3
2664	カワチ薬品	6700	6700	6600	6610	2.3
2665	ネクストコム	6180000	6180000	6180000	6180000	0.001
2666	オートウェブ	1100	1100	1100	1100	1
2667	イメージワン	890000	900000	890000	900000	0.004
2668	ダン	855	855	855	855	1
2669	カネ美食品	3370	3370	3330	3350	10
2670	ＡＢＣマート	2710	2740	2670	2690	50
2671	エフディシィ	510	511	500	500	6
2672	アクティ２１	531000	533000	531000	532000	0.005
2673	ステイラー	419	419	415	419	3
2674	ハードオフ	980	980	980	980	8
2675	ダイナック	0	0	0	0	0
2676	高千穂交易	1290	1350	1280	1340	12
2678	アスクル	6600	6700	6550	6600	35
2680	日本オプティ	430	435	420	435	9
2681	ゲオ	555000	555000	550000	550000	0.002
2682	ジューテック	490	495	490	495	6
2683	魚喜	800	810	800	810	5
2684	プライム	1630000	1670000	1540000	1560000	0.016
2685	ポイント	690	690	655	670	16
2686	ツルヤ靴店	737	750	730	750	12
2687	ＣＶＳベイ	655	700	635	700	16
2688	レックスＨＤ	2250000	2250000	2140000	2140000	0.023
2689	カワニシ	420	451	414	450	190
2801	キッコマン	858	871	849	871	395
2802	味の素	1410	1425	1408	1425	1852
2804	ブルドック	0	0	0	0	0
2805	エスビー	0	0	0	0	0
2806	ユタカフーズ	0	0	0	0	0
2808	サンビシ	250	250	245	245	2
2809	キユーピー	954	959	945	959	76
2810	ハウス食品	1432	1458	1432	1458	68
2811	カゴメ	911	911	901	901	34
2812	焼津水化	1830	1830	1800	1830	26
2813	和弘食品	0	0	0	0	0
2814	佐藤食品	0	0	0	0	0
2815	アリアケ	6890	7480	6880	7480	40.7
2816	ダイショー	0	0	0	0	0
2817	ギャバン	460	460	460	460	1
2830	アヲハタ	0	0	0	0	0
2831	はごろも	950	1010	950	1010	9
2871	ニチレイ	484	486	482	484	304
2872	セイヒョー	0	0	0	0	0
2873	加ト吉	3000	3000	2950	2955	31.3
2874	ヨコレイ	589	595	585	591	35
2875	東洋水	899	899	870	886	26
2876	ＪＣコムサ	0	0	0	0	0
2877	日東ベスト	1150	1150	1150	1150	3.4
2878	赤城水産	365	365	365	365	2
2879	ニチロサンフズ	362	362	362	362	1
2891	酵母工	424	430	420	420	14
2892	日食品	253	253	245	245	4
2893	ローマイヤ	100	100	100	100	1
2894	石井食	250	250	246	246	3
2897	日清食	2790	2820	2780	2785	128.6
2898	ソントン	0	0	0	0	0
2899	永谷園	784	793	781	781	12
2900	明星食	216	217	216	217	2
2901	石垣食	316	316	316	316	2
2902	太陽化	521	521	520	520	5
2903	シノブフズ	141	144	141	144	2
2904	一正蒲鉾	0	0	0	0	0
2905	オーケー食	0	0	0	0	0
2906	ホッコク	0	0	0	0	0
2907	あじかん	570	570	570	570	1
2908	フジッコ	1320	1320	1301	1304	10
2909	トオカツフズ	0	0	0	0	0
2910	Ｒフィールド	4910	4910	4750	4780	6.3
2911	旭松食品	579	579	560	560	2
2912	鐘崎	0	0	0	0	0
2913	フジフーズ	229	229	220	220	4
2914	ＪＴ	885000	885000	860000	879000	0.631
2915	ケンコーマヨ	480	480	480	480	2
2916	仙波糖化	0	0	0	0	0
2917	大森屋	700	700	700	700	1
2918	わらべ日洋	910	910	910	910	1
2920	ケイビー	639	659	595	596	14
2921	フクシマフズ	0	0	0	0	0
2922	なとり	1210	1210	1210	1210	4
3001	片倉	475	475	475	475	6
3002	グンゼ	400	409	400	407	153
3003	昭栄	990	990	990	990	1
3004	神栄	143	147	143	147	9
3007	神戸生絲	37	38	36	38	14
3009	川島織	126	126	125	126	43
3010	上毛	164	169	161	169	37
3011	バナーズ	0	0	0	0	0
3101	東洋紡	220	228	219	228	3132
3102	カネボウ	285	289	285	289	555
3103	ユニチカ	79	82	77	82	525
3104	富士紡Ｈ	51	52	50	52	219
3105	日清紡	518	522	508	522	140
3106	クラボウ	164	173	164	170	1310
3107	ダイワボウ	92	93	92	92	81
3109	シキボウ	65	66	65	66	14
3110	日東紡	143	143	138	141	327
3111	オーミケン	63	63	62	62	12
3113	ＢＳＬ	88	102	88	96	449
3114	同興紡	110	115	110	115	4
3115	テザック	42	43	42	42	68
3116	トヨタ紡織	621	634	620	630	17
3117	興和紡	0	0	0	0	0
3121	アセットイン	0	0	0	0	0
3123	サイボー	0	0	0	0	0
3125	内外綿	0	0	0	0	0
3128	テラボウ	0	0	0	0	0
3129	ファブリカＴ	0	0	0	0	0
3201	日毛	419	419	415	418	29
3202	大東紡	75	77	75	77	11
3203	東亜紡織	57	57	55	55	19
3205	ダイドー	249	249	249	249	8
3206	南海毛糸紡績	66	66	63	63	40
3207	中央毛	148	148	148	148	20
3209	カネヨウ	92	93	92	93	10
3211	太陽毛絲紡	0	0	0	0	0
3216	御幸ＨＤ	400	400	393	393	3
3302	帝繊維	166	171	165	165	20
3304	トスコ	67	69	67	69	5
3306	日本麻	40	43	40	43	6
3401	帝人	575	585	571	584	2503
3402	東レ	435	438	433	438	856
3403	東邦テナ	83	83	82	83	48
3404	三菱レ	349	354	345	354	578
3405	クラレ	1059	1059	1026	1055	443
3407	旭化成	663	663	658	663	931
3408	サカイオーベ	77	77	77	77	19
3409	北日紡	76	81	76	78	13
3411	オートリ	90	90	90	90	4
3420	ケーエフシー	0	0	0	0	0
3421	稲葉製作	1430	1440	1430	1440	0.2
3422	丸順	0	0	0	0	0
3423	エスイー	355	370	355	370	3
3424	ミヤコ	385	385	385	385	7
3425	本郷	545	550	540	550	4
3426	アトムリビン	0	0	0	0	0
3428	サンポット	294	295	285	285	13
3501	住江織	123	125	123	125	10
3503	東和織	0	0	0	0	0
3512	フエルト	338	338	337	337	6
3513	イチカワ	245	245	240	240	2
3514	バイリーン	230	234	230	234	7
3515	フジコー	0	0	0	0	0
3521	エコナック	92	92	90	91	56
3524	日東網	71	71	70	70	9
3526	芦森工	186	186	182	185	25
3528	グローベルス	115	119	114	114	106
3529	アツギ	71	74	71	74	228
3532	堀田産	51	51	51	51	3
3533	ダイオ化成	0	0	0	0	0
3534	ＮＢＣ	950	950	950	950	5
3551	ダイニック	144	144	141	143	20
3552	洋クロス	0	0	0	0	0
3553	共和レ	470	470	470	470	1
3569	セーレン	293	293	292	292	5
3570	オリカキャピ	135	135	130	135	4
3571	ソトー	0	0	0	0	0
3572	大同マルタ	0	0	0	0	0
3576	カンボウ	79	79	78	78	3
3577	東海染	102	102	100	100	5
3578	倉庫精	83	83	83	83	2
3580	小松精	280	280	280	280	2
3581	岐セン	135	135	135	135	2
3583	オーベクス	138	138	138	138	1
3584	福助	121	121	120	121	13
3585	トムスエンタ	250	315	245	288	264
3587	ＩＢダイワ	49	50	47	48	217
3588	丸山工	0	0	0	0	0
3591	ワコール	959	985	958	980	115
3592	ＣＨＯＹＡ	171	179	171	179	7
3593	ホギメデ	7040	7050	6910	7050	4.6
3594	モリシタ	0	0	0	0	0
3595	ヤギコーポ	310	310	310	310	1
3596	ワールド	4440	4450	4360	4400	53.9
3597	自重堂	0	0	0	0	0
3598	山喜	0	0	0	0	0
3599	コーコス	425	425	415	420	7
3600	フジックス	429	429	429	429	1
3601	ニチメンイン	1000	1020	1000	1020	3.4
3602	イタリヤード	0	0	0	0	0
3603	チャッコット	0	0	0	0	0
3706	東海パ	399	399	390	390	13
3861	王子紙	579	599	579	599	756
3863	日本製紙	658	683	656	675	1742
3864	三菱紙	240	247	238	246	661
3865	北越紙	847	880	840	880	506
3868	高崎三興	79	79	76	79	72
3869	日本板紙	210	210	208	208	10
3870	日本加工製紙	60	61	59	59	29
3871	大昭和紙	377	395	377	393	278
3872	三島紙	133	133	133	133	2
3877	中越パ	244	246	244	245	73
3878	巴川紙	330	340	328	340	37
3880	大王紙	904	919	904	905	35
3881	特種紙	398	398	394	394	23
3882	紀州紙	169	170	169	170	22
3886	チューエツ	78	78	78	78	17
3887	中央板紙	102	102	95	95	9
3889	大平製紙	68	68	68	68	2
3890	ゼネＫＫ	510	510	500	501	11
3891	高度紙	1300	1300	1300	1300	3
3892	岡山製紙	280	280	270	270	13
3941	レンゴー	420	422	418	422	77
3944	古林紙	118	118	118	118	12
3945	スパバッグ	170	170	170	170	3
3946	トーモク	198	198	195	197	18
3947	ダイナパック	0	0	0	0	0
3948	光ビジネス	0	0	0	0	0
3949	日本ハイパック	0	0	0	0	0
3950	ザ・パック	800	800	800	800	6
3951	朝日印刷	0	0	0	0	0
3952	中央紙器	0	0	0	0	0
3953	大村紙業	345	345	345	345	1
3954	昭和パックス	0	0	0	0	0
3955	イムラ封筒	719	720	719	720	4
3971	東セロ	0	0	0	0	0
4003	コープケミ	82	82	82	82	3
4004	昭電工	139	155	138	154	8254
4005	住友化学	570	600	570	587	5471
4007	日化成	144	145	141	144	38
4008	住友精化	240	241	239	239	26
4010	三菱化学	301	308	301	308	904
4021	日産化	930	934	910	915	372
4022	ラサ工	236	236	234	236	86
4023	呉羽化	266	275	265	274	63
4025	多木化	326	326	311	311	5
4026	神島化	285	295	285	295	4
4027	テイカ	240	240	233	233	26
4028	石原産	198	202	195	202	6839
4031	チッカリン	340	342	340	342	7
4032	日東バイオン	0	0	0	0	0
4033	日東エフシー	0	0	0	0	0
4041	日曹達	291	300	285	300	284
4042	東ソー	310	332	306	326	1220
4043	トクヤマ	442	450	441	445	146
4044	セ硝子	532	564	522	545	984
4045	東合成	201	202	200	201	303
4046	ダイソー	186	188	182	188	32
4047	関電化	0	0	0	0	0
4050	鶴見曹達	390	390	355	360	17
4061	電化	407	415	402	415	388
4062	イビデン	1905	1940	1905	1928	291
4063	信越化	4440	4510	4320	4510	448
4064	カーバイド	100	100	97	99	159
4065	紀文フ	376	378	368	368	8
4077	富士チタン工業	480	480	480	480	8
4078	堺化学	717	740	717	724	90
4079	ハクスイテック	0	0	0	0	0
4080	田中化研	2050	2050	2000	2000	2
4086	日本エア・リキード	627	637	627	636	124
4088	エアウォータ	396	396	382	386	98
4089	大阪酸素工業	0	0	0	0	0
4091	大陽日酸	427	427	415	415	165
4092	日本化	383	388	380	386	78
4093	アセチレン	80	80	80	80	11
4094	日化産	301	301	285	290	38
4095	パーカライ	333	336	330	331	20
4096	昭炭酸	271	271	267	267	7
4097	高圧ガス	330	332	328	332	8
4098	チタン	145	150	145	150	6
4099	四国化	375	376	375	376	9
4100	戸田工	480	481	472	480	11
4101	日興酸素	0	0	0	0	0
4102	丸尾カル	198	198	198	198	1
4103	大陽東洋酸素	211	212	208	211	26
4104	タテホ	172	172	171	171	28
4105	メルテックス	0	0	0	0	0
4106	ケムキャット	0	0	0	0	0
4107	伊勢化	350	350	350	350	3
4109	ステラケミ	4690	4700	4600	4600	7.6
4112	保土谷	150	157	150	151	22
4113	田岡化	288	288	286	286	8
4114	日触媒	436	440	435	440	103
4115	本州化	591	599	591	599	3
4116	大日精	342	342	334	339	17
4117	川崎化	108	109	108	108	18
4118	カネカ	982	1035	982	1025	861
4119	ピグメント	230	230	220	220	8
4120	スガイ	212	212	212	212	1
4123	山化成	564	564	560	560	7
4151	協発酵	775	795	770	795	394
4182	菱ガス化	347	350	344	350	807
4183	三井化学	551	565	550	563	1522
4185	ＪＳＲ	690	705	685	705	511
4186	東応化	1830	1839	1790	1814	35.1
4187	大有機	455	455	440	440	2
4201	日合成	136	137	136	137	129
4202	ダイセル	338	353	338	350	1572
4203	住友ベ	1099	1100	1089	1098	270
4204	積水化	323	330	323	330	186
4205	ゼオン	422	422	417	421	108
4206	アイカ	620	635	612	625	66
4208	宇部興	262	274	257	271	1138
4209	フドー	0	0	0	0	0
4210	東洋化学	370	375	368	373	29
4212	積水樹	351	351	347	347	12
4213	菱樹脂	187	189	186	187	183
4214	高分子	341	343	339	340	58
4215	タキロン	355	361	340	340	87
4216	旭有機	308	308	302	306	57
4217	日立化	2700	2730	2625	2730	38
4218	ニチバン	310	317	307	307	8
4219	プラス・テク	75	75	75	75	2
4220	リケンテクノ	312	312	309	310	18
4221	大倉工	321	334	321	324	31
4222	児玉化	54	56	54	56	6
4224	ロンシール	65	65	64	64	4
4225	筒中	281	281	278	281	15
4226	テスコ	280	280	280	280	2
4227	郡是高分子	0	0	0	0	0
4228	積化成	182	183	180	181	29
4229	群栄化	147	148	146	147	33
4231	タイガポリ	0	0	0	0	0
4232	東芝ケミカル	295	295	293	293	4
4233	ワコー	0	0	0	0	0
4234	サンエー化研	760	780	760	770	10
4271	カーリット	780	780	778	778	55
4272	日化薬	710	712	691	703	185
4274	細火工	0	0	0	0	0
4361	川口化	0	0	0	0	0
4362	日精化	400	403	398	398	9
4363	新日鐵化学	180	190	180	190	117
4364	マナック	395	395	380	395	6
4365	松本油脂	1740	1740	1720	1720	4
4366	ダイトーケミ	589	590	589	590	4
4367	広栄化学	0	0	0	0	0
4401	旭電化	787	787	778	780	61
4403	日油脂	236	236	232	232	313
4404	ミヨシ	211	215	210	215	22
4406	日理化	571	571	569	570	10
4409	東邦化	170	173	170	173	11
4410	ハリマ化成	430	430	412	412	14
4452	花王	3380	3390	3340	3360	912
4461	一工薬	271	275	271	274	12
4462	石原薬品	912	912	909	909	6
4463	日華化学	0	0	0	0	0
4471	三洋化	835	844	835	844	35
4501	三共	2600	2640	2600	2630	668
4502	武田	6600	6600	6480	6560	778
4503	アステラス薬	4880	4960	4860	4950	544
4505	第一製薬	3400	3590	3370	3590	981
4506	大日薬	1940	1949	1874	1929	524
4507	塩野義	2290	2390	2260	2390	207
4508	田辺薬	920	937	917	926	438
4509	三菱ウェルファーマ	885	887	872	884	79
4511	藤沢薬品	3720	3800	3710	3750	1105
4512	わかもと	414	414	406	406	8
4514	帝臓器	715	725	710	715	28
4515	萬有製薬	2500	2585	2500	2585	133
4516	日新薬	970	980	969	979	30
4517	ビオフェル	0	0	0	0	0
4518	富山化	406	412	401	412	407
4519	中外薬	1841	1880	1840	1879	298
4520	和光堂	0	0	0	0	0
4521	科研薬	642	642	628	630	138
4523	エーザイ	3840	4000	3820	4000	749
4524	仁丹	1650	1650	1620	1620	14
4526	理ビタ	1304	1304	1300	1300	6
4527	ロート	1500	1500	1465	1500	12
4528	小野薬	4440	4480	4400	4450	44
4529	日研化	327	327	325	326	18
4530	久光薬	1970	1998	1951	1995	55
4531	有機薬	298	305	298	305	9
4534	持田薬	713	724	705	715	146
4535	大正薬	2965	2965	2925	2960	98
4536	参天薬	2290	2320	2280	2295	81
4537	エスエス	960	960	950	952	19
4538	扶桑薬	472	472	461	461	73
4539	ケミファ	220	229	220	229	15
4540	ツムラ	319	320	316	319	89
4541	日医工	140	142	140	142	9
4542	三笠薬	398	398	398	398	10
4543	テルモ	2530	2550	2495	2550	204.6
4544	みらかＨＤ	595	605	585	605	42
4545	国際試薬	370	375	370	370	13
4546	北陸製薬	1840	1880	1830	1880	219
4547	キッセイ	2200	2300	2200	2235	59
4548	生化学	805	810	800	801	12
4549	栄研化	1400	1435	1400	1420	26
4550	日水薬	590	591	590	590	4
4551	鳥居薬	2305	2400	2250	2400	26
4552	日本ケミカル	665	680	665	680	11
4553	東和薬品	1110	1150	1100	1150	89
4554	富士製薬	309	309	300	308	29
4555	沢井製薬	1090	1100	1090	1090	6
4556	カイノス	470	470	450	460	14
4557	医学生物	725	735	705	710	128
4558	中京医薬	0	0	0	0	0
4559	ゼリア新薬	1051	1051	1050	1050	3
4560	キョーリン薬	4130	4150	4020	4050	80
4561	デンカ生研	1750	1750	1750	1750	2
4611	大日塗	160	163	159	163	22
4612	日本ペ	330	330	317	320	251
4613	関西ペ	344	353	344	348	220
4614	トウペ	125	125	125	125	1
4615	神東塗	106	106	99	99	23
4616	川上塗	0	0	0	0	0
4617	中国塗	202	207	202	202	62
4619	日特塗	242	248	242	248	23
4620	藤倉化	357	360	357	357	14
4621	ロック	0	0	0	0	0
4622	ユニペイン	0	0	0	0	0
4623	アサヒペン	206	211	206	210	64
4624	イサム	440	440	440	440	2
4625	アトミクス	0	0	0	0	0
4626	太陽インキ	4650	4680	4450	4500	11.4
4627	ナトコ	590	605	590	600	7
4628	エスケー化研	1990	1990	1990	1990	1
4629	大伸化学	0	0	0	0	0
4631	インキ	344	348	337	348	1453
4633	サカタＩＮＸ	277	295	277	292	70
4634	洋インキ	336	345	335	337	3455
4635	東インキ	251	251	241	243	7
4636	Ｔ＆Ｋ	2910	2910	2910	2910	2
4640	アンドール	240	240	240	240	1
4641	アルプス技	0	0	0	0	0
4642	オリジナル設	910	930	910	930	1
4643	コナミスポ	6850	7240	6850	7100	32.7
4644	イマジニア	870	870	840	845	11
4645	市進	0	0	0	0	0
4646	ジャスフォート	0	0	0	0	0
4649	大成	0	0	0	0	0
4650	スガイエンタ	520	520	520	520	1
4651	サニックス	4400	4480	4360	4400	16.1
4652	ウッドランド	980	980	980	980	0.6
4653	ダイオーズ	0	0	0	0	0
4654	ニチゾウテク	300	300	300	300	1
4655	ＮＯＶＡ	600	605	595	600	12
4656	サン・ライフ	0	0	0	0	0
4657	環境管理	705	705	705	705	1
4658	日本空調	0	0	0	0	0
4659	エイジス	0	0	0	0	0
4660	ニッポン放送	3950	3950	3900	3900	3
4661	ＯＬＣ	7650	7650	7520	7650	31.1
4662	フォーカス	1140	1220	1100	1100	194.3
4663	ＡＴＬ	380000	380000	375000	375000	0.005
4664	ＲＳＣ	0	0	0	0	0
4666	パーク２４	9480	9500	9260	9400	11.6
4667	アイサンテク	110	115	110	110	8
4668	明光ネット	0	0	0	0	0
4669	ニッパンＲ	0	0	0	0	0
4670	セタ	0	0	0	0	0
4671	ファルコバ	1350	1370	1250	1280	12
4672	ベルックス	0	0	0	0	0
4673	川崎地質	0	0	0	0	0
4674	クレスコ	5760	5800	5670	5710	1.1
4675	エヌエス環境	600	600	600	600	1
4676	フジテレビ	720000	734000	719000	730000	2.152
4678	秀英	806	820	806	820	0.5
4679	田谷	0	0	0	0	0
4680	ラウンドワン	111000	114000	111000	113000	0.141
4681	リゾートトラ	3150	3200	3130	3170	18
4682	電通テック	7810	8000	7750	7750	1.7
4683	堀内カラー	0	0	0	0	0
4684	オービック	25460	25810	25390	25390	3.5
4685	菱友システム	620	660	620	660	13
4686	ジャスト	2990	3100	2990	3050	4.7
4687	ＴＤＣソフト	2290	2550	2290	2500	1.4
4688	日本ドレーク	4450	4450	4400	4420	1.4
4689	ヤフー	6500000	6850000	6440000	6780000	0.181
4690	日パレット	263	263	263	263	1
4692	アルゴ２１	2070	2125	2040	2120	11.1
4694	ＢＭＬ	2190	2400	2190	2400	4.5
4695	マイスター	410	410	410	410	1
4696	ワタベ	0	0	0	0	0
4697	ゼロ	123000	135000	120000	130000	0.183
4699	ウチダエスコ	347	347	347	347	1
4700	アクセス	1860000	1900000	1760000	1780000	0.015
4701	プレック研	0	0	0	0	0
4702	55ステーション	0	0	0	0	0
4703	住商オート	810	820	803	820	2.6
4704	トレンド	8770	9100	8770	8860	82.5
4705	クリップ	0	0	0	0	0
4706	富士通サポート	8510	8510	8140	8190	65.8
4707	キタック	0	0	0	0	0
4708	もしもしＨＬ	9600	9600	9500	9600	3.5
4709	ＩＤ	831	849	831	849	0.8
4710	ウィン	0	0	0	0	0
4711	コミュニティ	1123	1123	1123	1123	0.2
4712	アドアーズ	365	365	345	345	34
4713	日信電サ	0	0	0	0	0
4714	リソー教育	165000	168000	165000	165000	0.017
4715	クリエイティブ	308	308	308	308	1
4716	日本オラクル	20700	20890	20580	20740	57.5
4717	ソデッソジャパン	0	0	0	0	0
4718	早稲アカ	295	295	285	285	51
4719	アルファシス	11970	12230	11700	12000	5.9
4720	城南進研	430	440	420	430	16
4721	フジスタッフ	1090	1270	1080	1170	37.6
4722	フューチャー	786000	825000	780000	810000	0.101
4723	グッドウィル	105000	108000	102000	105000	0.115
4724	シチエ	861	861	861	861	0.2
4725	ＣＡＣ	4400	4400	4320	4400	10.4
4726	ソフトバンテク	3510	3950	3400	3700	23
4727	アジアＳ総研	1160	1200	1160	1200	3.4
4728	トーセ	3010	3050	2890	2890	3
4729	コナミスタジオ	228000	232000	227000	230000	0.038
4730	関西メンテ	430	435	430	435	7
4731	ユニバホーム	0	0	0	0	0
4732	ＵＳＳ	2330	2440	2320	2400	14.7
4733	ＯＢＣ	9010	9250	9000	9250	3.6
4734	ビーイング	370	430	370	430	25
4735	京進	273	273	273	273	1
4736	日本ラッド	575	575	575	575	1
4737	シダックス	735	820	735	784	4.9
4738	日立ビジネス	1010	1040	1010	1030	12.4
4739	ＣＴＣ	22000	22400	21670	22400	137
4740	ニューディル	107000	117000	107000	108000	0.223
4741	ＩＲＩ	1560000	1680000	1560000	1680000	0.007
4742	エイトコン	752000	752000	750000	750000	0.004
4743	アイティフォ	2450	2450	2350	2350	5
4744	メッツ	256000	260000	250000	250000	0.01
4745	東京個別	2700	2700	2620	2700	3
4746	東計電算	925	925	925	925	1
4747	Ｃフィッシュ	580000	600000	570000	600000	0.009
4748	構造計画	840	890	840	850	6.1
4749	アドバックス	117	117	112	112	9
4750	ダイサン	0	0	0	0	0
4751	サイバエージ	441000	445000	436000	441000	0.033
4752	昭和システム	0	0	0	0	0
4753	ライブドア	810000	830000	810000	810000	0.005
4754	トスネット	235	235	235	235	6
4755	楽天	683000	720000	670000	680000	0.66
4756	ＣＣＣ	0	0	0	0	0
4757	インテリ	545000	600000	545000	590000	0.034
4758	シーアイエス	0	0	0	0	0
4759	ライブＭ	1170000	1170000	1080000	1080000	0.01
4760	ＡＬＰＨＡ	0	0	0	0	0
4761	さくらＫＣＳ	950	950	949	949	9
4762	エクスネット	0	0	0	0	0
4763	クリークリバ	1510000	1510000	1500000	1500000	0.013
4764	Ｄデザイン	540000	540000	540000	540000	0.001
4765	モーニングＳ	1890000	1890000	1840000	1850000	0.004
4766	ピーエイ	0	0	0	0	0
4767	ＴＯＷ	0	0	0	0	0
4768	大塚商会	2400	2405	2335	2350	11.2
4769	インフォクリ	470	470	470	470	4
4770	エルミック	820	820	800	800	6
4771	Ｆ＆Ｍ	1100000	1150000	1100000	1150000	0.003
4772	デジタルアド	2720	2800	2690	2750	14
4773	Ａ＆Ｉ	1501	1600	1501	1600	2
4774	NECソフト	10500	10500	9800	9820	19.8
4775	総合メディカ	2300	2300	2300	2300	2.4
4776	ＣＹＢＯＺＵ	805000	805000	805000	805000	0.001
4777	ガーラ	479000	480000	470000	470000	0.004
4778	ヒューマネジ	600000	600000	600000	600000	0.002
4779	ソフトブレン	301000	338000	300000	338000	0.106
4780	コナミ東京	1150	1150	1100	1140	5
4781	日本ハウズ	480	480	480	480	1
4782	オリコンサル	0	0	0	0	0
4783	日ダイナミク	550	550	550	550	1
4784	まぐクリック	720000	760000	720000	760000	0.003
4785	Ｓサイエンス	440	440	440	440	4
4786	ディジット	650000	650000	620000	620000	0.002
4787	ＮＣＧ	503000	503000	475000	503000	0.014
4788	サイバＣＯＭ	529000	540000	500000	530000	0.027
4789	エスイーラボ	0	0	0	0	0
4790	グレース	0	0	0	0	0
4791	ドリーム・トレイン	520000	520000	500000	500000	0.005
4792	ＴＦＰコンサ	399000	399000	389000	389000	0.007
4793	富士通ＢＳＣ	3170	3200	3000	3070	11.1
4794	デザインＥＸ	234000	255000	234000	248000	0.011
4795	スカパー	151000	162000	150000	159000	2.191
4797	アイシーエフ	160000	160000	160000	160000	0.002
4798	日本ＬＣＡ	566	566	560	560	9
4800	オリコン	750000	750000	749000	749000	0.002
4801	セントラルＳ	1000	1010	990	1010	11.2
4812	電通国際情報	9650	9800	9510	9780	85.6
4814	ネクストウェ	441000	470000	441000	460000	0.013
4815	ジャパンＤＣ	0	0	0	0	0
4816	東映アニメ	3200	3700	3200	3600	107
4818	サイトデザイン	290000	320000	290000	320000	0.064
4819	デジタルガレ	1300000	1320000	1190000	1220000	0.096
4820	イーエムシス	1000	1030	1000	1030	7
4821	ウェブゲノム	688000	688000	623000	675000	0.041
4822	ハドソン	1030	1230	1030	1230	117
4823	サイバード	900000	900000	900000	900000	0.081
4824	メディアＳ	500000	500000	480000	485000	0.017
4825	ウェザーニュ	1700	1700	1601	1694	71
4901	富士写	4580	4670	4570	4670	464
4902	コニカＨＤ	875	886	864	875	1155
4911	資生堂	1290	1320	1280	1300	527
4912	ライオン	404	404	400	402	85
4913	サンスター	347	347	342	342	3
4914	高砂香	400	405	398	405	242
4915	エイボンＪ	205	210	205	205	4
4916	ノエビア	1050	1080	1050	1080	10
4917	マンダム	1100	1100	1090	1100	22.3
4918	アイビー	0	0	0	0	0
4919	ミルボン	4800	4800	4650	4700	4
4920	日本色材	0	0	0	0	0
4921	ファンケル	3300	3300	3100	3150	64.3
4922	コーセー	3900	3900	3800	3820	14.4
4951	エステー化	640	650	630	650	3
4953	タイホー工業	735	835	715	835	53
4954	マークテック	345	345	345	345	2
4955	アグロカネシ	0	0	0	0	0
4956	コニシ	935	935	932	932	1.4
4957	ヤスハラケミ	0	0	0	0	0
4958	長谷川香料	1795	1800	1795	1800	11.4
4959	シーシーアイ	0	0	0	0	0
4960	ケミプロ	295	295	280	280	4
4961	日油技研	0	0	0	0	0
4963	星光ＰＭＣ	500	500	500	500	1
4964	星光化学工業	0	0	0	0	0
4965	曽田香料	0	0	0	0	0
4966	上村工	1900	1980	1900	1950	5
4967	小林製薬	5900	5900	5840	5860	8.8
4968	荒川化工	735	735	701	701	4
4970	東洋合成	0	0	0	0	0
4987	寺岡製	690	690	690	690	1
4989	イハラケミ	183	183	180	180	12
4990	昭和化	241	241	241	241	1
4992	北興化	318	319	312	319	7
4996	クミアイ化	158	159	157	157	40
4997	日農薬	199	200	198	200	31
4998	フマキラ	160	160	160	160	9
4999	セメダイン	245	245	245	245	3
5001	新日本石油	557	587	554	587	1464
5002	昭和シェル	475	485	471	482	190
5006	興亜石油	254	255	252	252	66
5007	コスモ石	206	207	204	205	365
5008	東亜石	111	113	109	110	100
5009	富士興	72	77	72	77	91
5010	日精蝋	0	0	0	0	0
5011	ニチレキ	442	442	441	441	2
5012	東燃ゼネ石	621	632	615	631	455
5013	ユシロ	521	521	520	520	18
5014	ジャパンエナジー	180	186	176	184	6459
5015	ＢＰカスト	595	597	595	595	2
5101	浜ゴム	219	224	214	224	570
5102	大機エンジ	0	0	0	0	0
5103	昭ゴム	145	155	138	140	1551
5104	日東化工	98	100	98	98	19
5105	洋ゴム	132	133	131	133	79
5106	オーツタイヤ	190	190	180	190	24
5108	ブリヂストン	980	982	973	980	1799
5110	住友ゴ	475	480	475	479	79
5121	藤ゴム	176	176	170	170	23
5122	オカモト	243	247	242	243	23
5123	ミサワ東洋	103	103	103	103	1
5142	アキレス	148	149	147	149	41
5143	世界長	80	80	79	79	4
5161	西川ゴム	0	0	0	0	0
5162	朝日ラバー	930	930	930	930	1
5184	ニチリン	0	0	0	0	0
5185	フコク	525	525	510	510	8
5186	ニッタ	1171	1198	1145	1198	8.3
5187	クリエート	500	500	500	500	1
5188	帝都ゴム	150	150	150	150	2
5189	桜ゴム	245	245	245	245	2
5191	東海ゴ	1263	1299	1255	1299	61
5192	三星ベ	272	273	272	273	42
5193	平成ポリマー	0	0	0	0	0
5194	相模ゴ	426	426	410	411	9
5195	バンドー	199	200	198	200	81
5196	鬼ゴム	77	78	77	78	16
5199	不二ラテ	165	165	165	165	1
5201	旭硝子	950	955	940	948	2167
5202	板硝子	1465	1465	1399	1414	2579
5204	石塚硝	182	182	180	182	12
5205	日本無機	400	403	395	395	15
5208	有沢製	3190	3190	3000	3150	4.4
5210	日山村硝	160	163	160	160	184
5212	不二硝	280	280	280	280	6
5213	芝セラミ	594	624	584	622	431
5214	日電硝	2150	2150	2070	2140	526
5215	旭テクノグラス	900	920	900	920	10
5216	倉元	1720	1720	1600	1700	4.5
5217	テクノクオツ	0	0	0	0	0
5232	住友大阪	360	390	353	389	1222
5233	太平洋セメ	190	195	189	195	1398
5234	デイ・シイ	151	153	150	153	4
5237	ノザワ	0	0	0	0	0
5261	ミサワリゾ	224	224	219	220	17
5262	日ヒューム	190	190	187	190	10
5266	テイヒュー	0	0	0	0	0
5267	ハネックス	96	96	92	92	3
5268	旭コン	0	0	0	0	0
5269	日コン	94	97	94	97	16
5271	トヨアサノ	128	128	127	127	2
5273	三谷セキ	266	266	266	266	2
5274	ゼニパイプ	0	0	0	0	0
5276	石建工	310	310	305	310	5
5277	スパンクリト	0	0	0	0	0
5278	エバタ	0	0	0	0	0
5279	日本興業	185	195	185	195	4
5280	ヨシコン	0	0	0	0	0
5281	旭ダンケ	0	0	0	0	0
5282	ジオスター	0	0	0	0	0
5283	高見沢	325	325	275	275	5
5284	ヤマウ	0	0	0	0	0
5285	ヤマックス	260	265	260	260	7
5286	武井工業	0	0	0	0	0
5287	イトヨーギョ	580	580	580	580	1
5301	東海カ	238	239	231	239	215
5302	カーボン	87	89	86	89	81
5304	エスイ−シ−	0	0	0	0	0
5331	ノリタケ	633	633	625	631	113
5332	ＴＯＴＯ	825	869	813	832	407
5333	ガイシ	1530	1543	1510	1524	873
5334	特殊陶	1666	1677	1641	1650	305
5336	INAX	561	574	561	568	248
5337	ダントー	366	367	365	365	24
5338	大トー	120	120	120	120	1
5341	アサヒ陶	123	123	123	123	3
5342	ジャニス	72	72	72	72	8
5343	ニッコー	0	0	0	0	0
5344	ＭＡＲＵＷＡ	3240	3240	3050	3180	6.8
5351	白煉瓦	188	190	187	187	72
5352	黒崎	140	140	135	136	29
5355	ルツボ	139	139	139	139	6
5356	美濃窯	0	0	0	0	0
5357	ヨータイ	162	162	160	161	24
5358	イソライト	161	161	161	161	2
5361	東海熱	0	0	0	0	0
5362	九州耐	0	0	0	0	0
5363	ＴＹＫ	177	177	175	177	18
5367	ニッカトー	640	640	630	630	3
5382	中央商事	320	320	320	320	3
5383	三共理化	0	0	0	0	0
5384	フジミインコ	3500	3550	3500	3550	12.5
5386	鶴弥	515	515	515	515	1
5387	チヨダウーテ	0	0	0	0	0
5388	クニミネ	265	265	265	265	1
5389	日レヂボン	285	285	285	285	10
5390	宇部マテリア	116	116	114	115	19
5391	Ａ＆ＡＭ	102	105	102	105	5
5393	ニチアス	320	321	316	317	272
5395	コランダム	0	0	0	0	0
5397	ＭＩＥテクノ	0	0	0	0	0
5398	日研紙	170	170	170	170	2
5401	新日鉄	192	192	189	192	3453
5403	川崎製鉄	123	123	119	123	3276
5404	日本鋼管	72	72	71	72	1330
5405	住金	65	66	64	65	3403
5406	神戸鋼	63	64	63	64	694
5407	日新鋼	93	93	91	92	823
5408	中山鋼	122	123	120	123	43
5410	合同鉄	78	79	78	79	40
5423	東京製鉄	432	432	429	431	106
5444	大和工	368	369	365	367	149
5445	東京鉄	62	62	61	61	13
5446	北越メ	0	0	0	0	0
5448	東京鋼鉄	0	0	0	0	0
5449	大阪製鉄	401	410	400	410	0.7
5451	淀川鋼	249	255	245	254	71
5453	洋鋼鈑	280	280	270	276	38
5454	日鉄鋼板	170	170	166	166	37
5457	住友鋼管	340	346	332	345	20
5458	高砂鉄	98	99	98	99	2
5461	中部鋼	140	140	140	140	2
5462	日鉄鋼管	130	130	130	130	9
5463	丸一管	1570	1593	1570	1585	7
5464	モリ工	215	215	215	215	2
5471	大同特鋼	300	300	296	300	192
5476	高周波	81	81	79	81	55
5479	日金工	69	70	68	70	156
5480	冶金工	59	60	59	59	186
5481	山陽鋼	139	140	138	139	48
5482	愛知鋼	310	310	309	310	6
5484	東北鋼	400	400	400	400	2
5486	日立金	752	777	745	758	462
5491	日金属	78	83	78	79	74
5541	大平金	192	193	188	192	524
5542	報国鉄	0	0	0	0	0
5562	日本重化学	109	110	108	109	197
5563	日本電工	153	154	153	154	67
5566	中央電	160	160	160	160	3
5602	栗本鉄	220	224	220	223	32
5603	虹技	115	115	114	115	11
5605	自動鋳	66	66	66	66	1
5606	旭テック	141	147	141	147	21
5607	中可鍛	299	299	298	298	6
5608	川口金	0	0	0	0	0
5609	日鋳造	73	73	72	72	4
5610	大和重	139	139	139	139	2
5612	鋳鉄管	192	193	192	193	10
5613	日本カタン	365	365	365	365	4
5631	日製鋼	94	94	92	94	677
5632	菱製鋼	86	91	84	91	516
5633	関東特殊製鋼	63	63	61	62	17
5641	ＴＤＦ	416	419	400	408	35
5642	日本鍛工	45	45	42	42	13
5644	メタルアート	0	0	0	0	0
5645	イチタン	131	131	131	131	6
5657	鈴木金	132	140	132	140	10
5658	日亜鋼	277	277	275	277	29
5659	日精線	0	0	0	0	0
5660	神鋼線	62	64	61	64	11
5691	東京シヤリング	89	93	89	90	9
5694	大和綱帯	0	0	0	0	0
5695	パウダテック	0	0	0	0	0
5696	川鉄鋼板	105	105	105	105	2
5697	サンユウ	0	0	0	0	0
5701	日軽金	86	86	85	86	447
5702	大紀ア	173	175	170	170	14
5706	三井金	944	944	917	925	1194
5707	東邦鉛	210	210	202	206	227
5711	三菱マ	281	284	280	283	1475
5713	住友鉱	577	589	571	583	1023
5714	同和鉱	500	505	490	503	1810
5715	古河機金	239	239	229	234	299
5716	日鉱金属	601	605	601	603	75
5721	Ｓサイエンス	471	472	425	470	526
5727	邦チタ	558	569	550	560	67
5728	アライドマテリアル	870	880	860	880	94
5729	日精鉱	225	230	225	230	12
5734	昭和アルミ	131	150	131	148	304
5738	住軽金	73	75	73	75	132
5739	日製箔	130	130	130	130	1
5740	九州不二サッシ	125	135	125	135	2
5753	日伸銅	0	0	0	0	0
5756	東海アルミ箔	52	54	51	54	8
5757	サンエツ	0	0	0	0	0
5771	菱伸銅	282	282	275	280	81
5781	東邦金	219	233	219	223	225
5801	古河電	2180	2180	1980	2065	5015
5802	住友電	1930	1938	1885	1910	953
5803	フジクラ	867	880	859	865	1450
5804	菱線工	267	269	265	265	101
5805	昭電線	166	168	165	165	248
5807	東特線	271	274	270	274	17
5808	理研線	0	0	0	0	0
5809	タツタ	160	165	158	163	25
5810	第一電工	82	83	81	83	24
5811	トヨ電線	799	799	799	799	1
5812	日立線	1011	1054	1011	1028	254
5813	花島電線	0	0	0	0	0
5815	沖電線	267	267	261	261	5
5816	オーナンバ	0	0	0	0	0
5817	日電線	350	350	350	350	2
5818	東日京三電線	0	0	0	0	0
5819	カナレ電気	1800	1850	1800	1850	4.3
5820	三ッ星	0	0	0	0	0
5851	リョービ	145	145	142	143	134
5852	アーレスティ	300	300	296	300	20
5853	京都ダイカスト	125	125	125	125	3
5854	東京理化工	300	315	290	310	98
5855	アサヒプリテ	1680000	1700000	1680000	1700000	0.009
5900	ダイケン	380	380	380	380	1
5901	洋カン	1865	1880	1835	1880	193
5902	北カン	228	235	228	235	57
5903	シンポ	565	565	550	565	7
5904	アルコアシステム	0	0	0	0	0
5905	日カン	0	0	0	0	0
5906	エムケー精工	0	0	0	0	0
5907	ＪＦＥコンテ	0	0	0	0	0
5908	日鉄ドラム	0	0	0	0	0
5909	コロナ	1030	1030	1030	1030	17.3
5910	立山アルミ	0	0	0	0	0
5911	横河ブ	362	362	360	361	21
5912	日本橋	116	117	112	112	56
5913	松尾橋	219	223	215	223	40
5914	宮地鐵工所	189	189	186	188	15
5915	駒井鉄	247	250	247	247	35
5916	ハルテック	223	237	223	237	34
5917	サクラダ	97	97	96	96	8
5918	滝上工	296	296	296	296	3
5919	日鉄塔	285	285	285	285	2
5921	川岸工	0	0	0	0	0
5922	那須鉄	0	0	0	0	0
5923	高田機	409	410	408	409	9
5925	酒井鉄工所	106	106	106	106	1
5926	安治川鉄工	105	105	90	90	8
5927	ホリー	90	90	90	90	3
5928	アルメタクス	181	181	181	181	2
5929	三和シャタ	229	229	227	227	178
5930	文化シヤタ	210	210	206	210	54
5931	川田工	203	205	203	203	14
5932	三協アルミ	63	65	63	65	63
5933	アルインコ	160	160	160	160	5
5934	日本ア	46	46	45	45	5
5935	元旦	0	0	0	0	0
5936	洋シヤタ	78	80	77	80	223
5938	住生活Ｇ	1466	1492	1457	1465	72
5939	大谷工業	0	0	0	0	0
5940	不二サッシ	84	85	83	85	13.3
5941	中西製	0	0	0	0	0
5942	フイルコン	315	315	315	315	2
5943	ノーリツ	904	930	904	920	72
5944	日立粉末	960	960	960	960	1
5945	天竜製鋸	0	0	0	0	0
5946	長府製	1180	1200	1180	1200	6.5
5947	リンナイ	1891	1985	1850	1901	26.4
5949	ユニプレス	0	0	0	0	0
5950	パワーファス	138	138	138	138	7
5951	ダイニチ工業	262	265	261	261	1.1
5952	アマテイ	72	72	72	72	1
5954	トープラ	179	179	168	168	10
5955	ヤマシナ	69	69	64	65	214
5956	トーソー	0	0	0	0	0
5957	日東精	179	179	177	177	3
5958	三洋工	333	339	326	334	393
5959	岡部	304	308	304	308	12
5961	トーカロ	770	770	770	770	1.4
5962	浅香工	0	0	0	0	0
5963	日立ツール	561	561	530	530	14.5
5964	洋刃物	103	103	103	103	2
5965	フジマック	0	0	0	0	0
5966	ＫＴＣ	260	260	260	260	8
5967	前田金	130	130	130	130	3
5969	ロブテックス	110	110	110	110	1
5970	菊池プレス	450	450	450	450	1
5971	共和工業	0	0	0	0	0
5972	日本建鐵	213	230	212	213	18
5973	トーアミ	0	0	0	0	0
5974	中国工	151	151	150	150	23
5975	東プレ	337	337	335	336	7
5976	ネツレン	275	279	275	279	19
5977	コマツ電子	710	720	705	705	5.9
5979	カネソウ	0	0	0	0	0
5980	田中亜鉛	225	225	225	225	1
5981	東京綱	112	112	110	110	147
5982	マルゼン	355	360	355	360	2
5983	イワブチ	0	0	0	0	0
5984	兼房	0	0	0	0	0
5985	サンコール	355	355	350	350	18
5986	モリテック	215	215	215	215	5
5987	オーネックス	195	195	195	195	2
5988	パイオラクス	649	649	649	649	2
5989	ヒラタ	381	381	381	381	1
5990	スーパツール	119	119	119	119	1
5991	ニッパツ	469	473	461	472	191
5992	中央発條	360	360	359	359	2
5993	知多鋼	0	0	0	0	0
5994	ファインＳ	264	270	264	270	4
5995	科学冶金	399	405	399	405	2
5996	新立川	650	650	645	645	2.1
5997	協立エアテク	420	420	420	420	0.1
5998	アドバネクス	255	255	251	251	17
5999	イハラサイエ	0	0	0	0	0
6005	三浦工	1619	1619	1570	1592	64.4
6011	新潟鉄工所	71	74	71	74	413
6013	タクマ	791	795	785	793	74
6016	神発動	0	0	0	0	0
6018	阪神燃	0	0	0	0	0
6020	神鋼造機	0	0	0	0	0
6021	ロビン	0	0	0	0	0
6022	赤阪鉄	0	0	0	0	0
6023	ダイハツデ	145	145	145	145	2
6041	ボッシュ	121	123	121	121	142
6042	ニッキ	165	169	155	165	21
6101	ツガミ	332	332	321	323	182
6102	池貝	112	112	88	96	2874
6103	オークマ	387	387	372	375	122
6104	東芝機	393	395	389	395	234
6106	日立精機	139	139	133	135	39
6107	アマダマシ	260	260	252	256	171
6111	旭精機	192	192	192	192	3
6112	小島鉄	0	0	0	0	0
6113	アマダ	865	899	864	885	963
6114	住倉工業	109	118	109	117	168
6118	アイダ	425	425	417	420	22
6119	ゼィープラス	230	235	230	235	13
6121	滝澤鉄	68	68	64	64	12
6125	岡本工	136	139	135	135	41
6130	日平トヤマ	193	193	182	182	21
6131	浜井産	146	146	145	145	3
6134	富機製	3100	3140	3060	3090	19.8
6135	牧野フ	590	599	588	592	82
6136	ＯＳＧ	632	632	618	618	13
6137	小池工	153	158	153	158	7
6138	ダイジェト	140	140	140	140	1
6139	東芝タンガロイ	497	498	489	498	81
6140	旭ダイヤ	550	550	537	546	60
6141	森精機	1242	1270	1240	1250	17
6142	富士精	0	0	0	0	0
6143	ソディック	445	445	439	440	138
6144	西部電機	0	0	0	0	0
6145	日特エンジ	1440	1540	1440	1540	25.5
6146	ディスコ	6100	6200	6010	6150	39.5
6147	ヤマザキ	0	0	0	0	0
6148	UHT	1720	1750	1700	1740	5.5
6149	小田原エンジ	470	470	470	470	3
6150	タケダ機械	0	0	0	0	0
6151	日東工器	2500	2500	2405	2405	3.3
6201	豊田織	2225	2275	2220	2260	146
6203	豊和工	117	117	112	112	30
6204	キリウ	217	217	207	207	4
6205	ＯＫＫ	117	117	117	117	4
6206	豊田工	639	639	619	628	72
6208	石川製	83	84	83	83	36
6210	東洋機械	292	294	292	294	4
6211	倉敷機	0	0	0	0	0
6212	帝人製機	233	238	233	233	18
6213	ＯＭ製	120	120	118	120	15
6214	大隈豊和機械	170	175	170	175	7
6216	寿工業	82	82	77	77	3
6217	津田駒	115	120	112	114	17
6218	エンシュウ	144	146	144	146	6
6221	大東製機	404	404	400	401	11
6222	島精機	2065	2065	2005	2035	2.3
6242	スピンドル	178	178	172	172	38
6245	ヒラノテク	310	310	310	310	6
6246	井上金	126	138	123	138	17
6247	日阪製	453	453	450	450	9
6271	ニッセイ	892	892	892	892	0.4
6272	レオン	341	341	337	340	5
6273	ＳＭＣ	14050	14450	13770	14450	159
6274	新川	2520	2550	2505	2535	32.1
6275	イセキ開発工	50	50	48	48	6
6276	ナビタス	500	510	500	510	3
6277	ホソミクロン	610	615	610	615	15
6278	ユニオンツル	6850	6980	6780	6930	23.7
6279	瑞光	971	980	960	960	4.9
6280	名機製	574	574	555	556	24
6281	前田製作	0	0	0	0	0
6282	オイレス	1720	1730	1691	1691	7.9
6283	オリイメック	290	290	290	290	3
6284	ＡＳＢ機械	270	270	255	270	14
6286	静甲	0	0	0	0	0
6287	サトー	2490	2530	2490	2530	41.6
6288	ハマダ印刷機	122	130	122	125	5
6289	技研製	255	255	255	255	2
6290	ＳＥＳ	600	631	599	630	93
6291	エアーテック	600	600	588	591	6
6292	カワタ	480	480	460	460	7
6293	日精樹脂	682	695	676	695	21
6294	オカアイヨン	0	0	0	0	0
6295	富士変速	263	263	262	262	0.7
6296	ロキテクノ	1120	1120	1110	1110	3
6297	鉱研工業	222	222	216	218	2.9
6298	ワイエイシイ	675	685	655	680	12
6299	神鋼環境Ｓ	277	277	277	277	1
6300	アピクヤマダ	598	598	581	589	34
6301	コマツ	509	517	504	512	731
6302	住友機	177	179	176	179	476
6303	ササクラ	373	373	373	373	1
6304	マキ製作所	0	0	0	0	0
6305	日立建機	400	405	400	404	35
6306	日工	234	234	226	226	14
6307	サンセイ	0	0	0	0	0
6309	巴工業	0	0	0	0	0
6310	井関農	78	80	76	80	137
6311	セイレイ工業	197	197	196	196	2
6312	フロイント	620	620	620	620	1
6313	共立	126	129	126	129	30
6314	石井工研	700	730	700	730	1.7
6315	ＴＯＷＡ	2200	2230	2140	2230	7.1
6316	丸山製	133	133	130	130	46
6317	北川鉄	121	124	121	123	31
6319	シンニッタン	199	202	197	200	73
6320	新ダイワ	0	0	0	0	0
6321	石搬機	361	361	351	351	4
6322	タクミナ	0	0	0	0	0
6323	ローツェ	1330	1330	1320	1320	2
6324	ハーモニック	1280000	1320000	1280000	1320000	0.003
6325	タカキタ	0	0	0	0	0
6326	クボタ	355	359	348	352	1281
6327	北川精機	0	0	0	0	0
6328	荏原実業	0	0	0	0	0
6329	ＨＥＣ	380	389	372	372	5
6330	東洋エンジ	95	95	93	94	236
6331	化工機	177	177	174	176	44
6332	月島機	660	660	652	652	12
6333	帝国電	600	600	600	600	1
6334	明治機	93	93	90	91	233
6335	東京機	394	403	387	403	139
6336	石井表記	3440	3450	3300	3450	7
6337	テセック	2360	2360	2350	2350	2
6338	タカトリ	900	900	900	900	2
6339	新東工	237	238	237	237	21
6340	渋谷工	0	0	0	0	0
6341	日立造船富岡	0	0	0	0	0
6342	太平製	0	0	0	0	0
6343	フリージア	36	37	36	36	98
6344	ＮＥＣマシナ	1560	1600	1550	1580	11
6345	アイチコーポ	155	155	145	153	48.5
6346	菊川鉄	0	0	0	0	0
6347	プラコー	71	74	71	74	2
6348	日本マリンテクノ	570	570	570	570	1
6349	小森	1828	1880	1828	1857	93
6350	新日本造機	0	0	0	0	0
6351	鶴見製	500	500	500	500	1
6352	トヨコケン	85	85	85	85	2
6354	日立機電	348	348	345	345	6
6355	住友精	297	298	297	298	59
6356	日ギア	0	0	0	0	0
6357	三精輸	278	278	276	276	3
6358	酒井重	209	209	206	209	14
6359	粟村製作所	0	0	0	0	0
6360	東自機	0	0	0	0	0
6361	荏原	1231	1289	1210	1273	552
6362	石井鉄	190	190	189	189	2
6363	酉島	476	476	470	470	9
6364	北越工	0	0	0	0	0
6365	電業社	3700	3700	3700	3700	2.6
6366	千代建	74	74	71	73	464
6367	ダイキン	2320	2320	2170	2180	480
6368	オルガノ	413	414	405	407	169
6369	トヨカネツ	92	96	90	96	580
6370	栗田工	1475	1475	1440	1474	38
6371	椿本チ	350	352	340	347	81
6372	セイサ	70	80	70	80	4
6373	大同工	197	197	190	191	20
6374	ＴＣＭ	267	267	260	265	27
6375	コンベヤ	74	75	73	75	64
6376	日機装	485	498	485	498	59
6377	甲陽建設	360	361	360	361	9
6378	木村化	185	185	175	175	15
6379	新興プラン	89	89	81	81	14
6380	オリチェン	96	96	96	96	3
6381	アネスト岩田	159	159	154	159	48
6382	トリニ工	215	218	215	218	2
6383	ダイフク	653	665	650	661	59
6384	昭和真空	3520	3940	3500	3900	471
6386	扶桑レクセ	955	960	955	960	4
6388	ミサワバン	441	451	440	450	123
6389	内田油圧	43	45	41	43	42
6390	加藤製	135	137	133	133	25
6391	加地テック	135	135	135	135	7
6392	ヤマダコーポ	138	138	133	133	19
6393	油研工	106	110	106	110	25
6394	大江工業	144	144	144	144	16
6395	タダノ	165	175	165	171	46
6396	宇野鉄	0	0	0	0	0
6397	郷鉄工	95	95	95	95	5
6398	日本電産シンポ	0	0	0	0	0
6403	水道機	335	350	335	350	16
6406	フジテック	564	569	560	564	48
6407	シーケーディ	740	748	730	748	39
6408	クラッチ	716	716	716	716	1
6409	キトー	260	260	260	260	2
6411	中野冷	0	0	0	0	0
6412	平和	1480	1491	1471	1490	75.3
6413	理想科学	1700	1700	1700	1700	5.5
6414	川重冷熱	420	435	400	410	7
6415	ニスカ	0	0	0	0	0
6416	桂川電機	0	0	0	0	0
6417	ＳＡＮＫＹＯ	2980	3000	2965	2995	24.1
6418	日金銭	1300	1320	1300	1301	23
6419	マース	3280	3280	3170	3190	16.3
6420	福島工業	0	0	0	0	0
6421	キヤノンＦ	930	939	930	930	3
6423	アビリット	1660	1690	1610	1610	110.6
6424	高見サイ	0	0	0	0	0
6425	アルゼ	4430	4430	4350	4420	9.5
6426	サミー	2120	2130	2080	2120	10.8
6427	東北リコー	800	800	800	800	4
6428	オーイズミ	1150	1150	1150	1150	1
6431	キャノンＮＴＣ	325	340	325	340	9
6436	アマノ	902	910	894	910	66
6437	三条機	133	133	133	133	3
6439	中日鋳	106	106	106	106	2
6440	ＪＵＫＩ	405	407	400	402	168
6442	コピア	323	323	301	310	20
6443	東洋製	113	113	113	113	4
6444	サンデン	491	498	490	497	41
6445	蛇の目	80	82	79	80	98
6448	ブラザー	208	210	206	209	138
6453	シルバ精	100	102	97	99	151
6454	マックス	1094	1109	1094	1100	9
6455	モリタ	245	245	245	245	5
6457	グローリー	2300	2300	2260	2290	21
6458	新晃工	144	144	142	144	12
6459	大和冷	280	280	278	280	32
6461	日ピス	83	83	83	83	32
6462	リケン	209	209	204	207	41
6463	ＴＰＲ	262	263	262	263	2
6466	トウアバルブ	0	0	0	0	0
6467	ニチダイ	530	530	530	530	1
6468	駿河精機	4100	4100	4100	4100	2
6469	放電精密	1180	1190	1180	1180	6
6470	大豊工業	900	900	898	898	1.8
6471	日精工	686	699	675	699	1045
6472	ＮＴＮ	349	359	349	359	265
6473	光洋精	805	815	794	815	152
6474	不二越	174	174	169	171	158
6475	天辻	0	0	0	0	0
6476	富士テクニカ	0	0	0	0	0
6477	ツバキ・ナカ	1051	1070	1051	1051	14
6478	ダイベア	198	198	198	198	1
6479	ミネベア	1035	1049	1015	1044	630
6480	トムソン	936	936	898	898	109
6481	ＴＨＫ	2500	2500	2420	2470	71.8
6482	ユーシン精機	4090	4100	4000	4050	13.7
6483	川重防災	409	409	409	409	91
6484	ＫＶＫ	0	0	0	0	0
6485	前沢給装	600	600	600	600	15
6486	イーグル工	0	0	0	0	0
6487	積水工機	0	0	0	0	0
6488	ヨシタケ	250	250	250	250	4
6489	前沢工業	700	700	696	699	29.7
6490	ピラー	670	680	670	680	53
6492	岡野バ	116	116	116	116	3
6493	日鍛バ	180	180	180	180	3
6494	ファネス	350	350	330	331	115
6495	宮入バ	61	61	60	60	17
6496	中北製	192	192	192	192	5
6497	ハマイ	561	561	561	561	2
6498	キッツ	150	151	149	151	65
6499	大隈エンジニア	0	0	0	0	0
6501	日立	1047	1048	1025	1048	1580
6502	東芝	759	765	753	760	3515
6503	三菱電	701	705	695	702	1741
6504	富士電機ＨＤ	330	335	328	335	387
6505	東洋電	120	121	120	120	61
6506	安川電	800	800	781	798	246
6507	神鋼電	160	160	155	159	232
6508	明電舎	201	201	193	198	131
6513	オリジン	621	625	619	621	24
6516	山洋電	565	570	560	563	47
6517	デンヨー	601	601	601	601	1
6518	三相電機	0	0	0	0	0
6519	エネサーブ	3850	3850	3850	3850	2
6581	日立工	314	315	310	315	76
6584	三桜工	474	475	472	475	33
6585	サーボ	201	201	198	198	6
6586	マキタ	801	807	800	800	40
6587	松下精工	402	402	400	402	17
6588	東芝テック	303	306	295	298	444
6590	芝浦	540	545	532	536	136
6591	西芝電	142	142	142	142	5
6592	マブチ	10410	11000	10410	10980	21.3
6593	ローヤル電	0	0	0	0	0
6594	日電産	5330	5380	5280	5330	14.2
6621	高岳	136	136	129	129	70
6622	ダイヘン	176	178	172	178	137
6623	愛電機	0	0	0	0	0
6624	田淵電	158	160	156	156	6
6641	日新電	239	239	233	237	101
6643	戸上電	143	143	143	143	1
6644	大崎電	631	631	612	622	22
6645	オムロン	2360	2385	2335	2345	1023
6646	エナジーサポ	384	385	384	385	6
6647	森尾電	110	110	110	110	1
6648	かわでん	1	1	1	1	33
6650	春日電	128	129	128	129	5
6651	日東工	821	832	816	832	14
6652	和泉電	1210	1210	1169	1170	13
6654	不二電機	0	0	0	0	0
6655	東洋電機	0	0	0	0	0
6701	ＮＥＣ	2095	2095	2045	2080	1651
6702	富士通	1686	1687	1666	1683	2704
6703	沖電気	555	555	528	543	1033
6704	岩崎通	216	219	215	217	102
6705	ＮＥＣインフ	500	500	484	495	46
6706	電気興	620	651	620	651	119
6707	サンケン	620	620	600	601	162
6708	東洋通	784	795	759	759	75
6709	明星電	107	109	107	107	7
6710	大興電機製作	180	182	180	180	16
6711	高見澤電機	192	195	188	195	9
6712	田村電機製作	212	220	212	217	24
6714	神田通信工業	161	169	161	169	3
6715	ナカヨ通	233	242	233	233	9
6716	中央無	0	0	0	0	0
6717	富士通アクセ	1230	1230	1200	1200	12.4
6718	アイホン	1045	1051	1042	1048	5.1
6741	信号	385	385	369	370	89
6742	京三	240	240	235	235	23
6743	大同信	0	0	0	0	0
6744	能美防災	382	382	381	382	6
6745	ホーチキ	286	286	280	280	10
6747	小糸工	277	277	277	277	1
6748	星和電	439	439	439	439	38
6749	マスプロ	1029	1029	1000	1019	7.2
6751	日無線	732	733	730	730	187
6752	松下	2605	2615	2575	2600	1658
6753	シャープ	1382	1398	1372	1388	1487
6754	アンリツ	2760	2760	2620	2640	385
6755	富士通ゼ	523	523	516	520	79
6756	日立国際	890	898	855	876	109
6758	ソニー	7880	7930	7770	7900	1017.4
6759	ＮＥＣトーキ	1350	1360	1349	1349	53
6761	アイワ	730	747	725	741	65.2
6762	ＴＤＫ	11920	11920	11250	11430	561.8
6763	帝通工	310	311	309	309	71
6764	三洋電	954	961	946	958	2560
6765	ケンウッド	250	251	246	246	114
6766	宮越商	33	35	33	33	48
6767	ミツミ	1930	1940	1900	1940	140
6768	タムラ	390	399	385	387	47
6770	アルプス	1800	1800	1727	1800	705
6771	池上通	218	219	217	217	19
6772	コスモス	130	130	130	130	2
6773	パイオニア	3100	3130	3030	3090	418
6775	東和メクス	85	93	85	93	39
6776	天昇電	140	140	140	140	3
6779	日電波	3650	3650	3500	3540	22.3
6781	松下通信工業	14700	14980	14610	14920	216.6
6782	九州松下電器	1015	1037	1011	1037	134
6783	松下寿電子	1714	1780	1714	1780	16
6786	リアルＶ	1820000	2040000	1800000	1900000	0.052
6787	メイコー	915	950	890	935	20
6788	日本トリム	1060	1110	1050	1080	169
6789	ローランドDG	750	760	750	760	2.8
6790	野田スクリン	3040000	3400000	3040000	3200000	0.009
6791	コロムビア	171	171	170	171	25
6792	ビクター	707	734	707	734	60
6793	山水電	8	8	7	8	500
6794	フォスター	477	477	462	468	85
6796	クラリオン	267	271	267	270	311
6797	名古屋電機	1140	1140	1120	1140	3
6798	ＳＭＫ	550	550	537	537	57
6799	日本マランツ	193	193	191	191	4
6800	ヨコオ	1980	2020	1920	1920	36.7
6801	東光	555	557	552	553	258
6802	赤井電機	1	1	1	1	61
6803	ティアック	306	308	304	304	39
6804	ホシデン	4280	4380	4280	4350	29
6806	ヒロセ電	11710	11900	11490	11500	26
6807	航空電子	802	802	790	794	101
6808	シントム	24	25	23	23	1212
6809	ＴＯＡ	300	306	300	300	12
6810	マクセル	2050	2050	1902	1908	60
6811	クオンツ	250	250	240	250	21
6812	ジャルコ	446	446	442	442	3
6813	ナカミチ	62	64	61	61	31
6814	古野電	297	297	296	296	6
6815	ユニデン	550	550	530	549	137
6816	アルパイン	1180	1180	1163	1163	12
6817	スミダコーポ	3790	3790	3740	3780	1.7
6818	島田理	998	1000	990	990	4.4
6819	オメガ・プロ	253	253	243	243	135
6820	アイコム	1170	1170	1101	1150	7
6821	バーテクスＳ	760	770	760	765	8
6822	大井電気	205	205	205	205	3
6823	リオン	620	640	620	640	9
6824	新コスモス	0	0	0	0	0
6825	パトライト	1305	1340	1305	1320	5
6826	本多通信	2800	2800	2600	2690	7.3
6827	東北パイオ	0	0	0	0	0
6828	シメオ精密	6990	6990	6800	6810	3
6829	ソーテック	838000	850000	820000	848000	0.045
6830	ＹＯＺＡＮ	2880000	2980000	2880000	2980000	0.104
6832	アオイ電子	2800	2800	2760	2760	5
6833	日電産リード	2065	2065	2065	2065	2
6834	精工技研	26000	26400	25000	25000	5.5
6835	アライドＨＤ	3850	3850	3550	3700	8
6836	ぷらっと	5000000	5000000	5000000	5000000	0.001
6837	京写	700	730	700	730	7
6838	多摩川電	1280	1280	1280	1280	1
6839	船井電	8390	8390	8190	8350	15.4
6840	アドテック	1460	1460	1390	1390	21
6841	横河電	935	975	932	950	486
6842	ユニパルス	2730	2730	2650	2650	7
6843	東光精機	218	218	218	218	2
6844	新電元	637	637	620	626	173
6845	山武	1174	1174	1142	1143	31
6846	中央製	0	0	0	0	0
6847	安藤電気	950	950	910	915	26
6848	東亜ＤＫＫ	298	308	298	308	13
6849	日本光電	267	270	267	270	12
6850	チノー	211	215	211	212	22
6851	大倉電気	0	0	0	0	0
6852	テクノセブン	138	138	131	132	5
6853	共和電	290	290	290	290	3
6855	電子材料	1410	1410	1410	1410	1
6856	堀場製	865	865	859	860	20
6857	アドバンテスト	10540	10730	10400	10730	261.6
6858	小野測器	173	173	173	173	9
6859	エスペック	1000	1002	996	996	17
6860	サンクス	1080	1160	1080	1160	2
6861	キーエンス	27990	28300	27300	28250	96
6862	ミナトエレ	130	130	125	125	2
6863	ニレコ	0	0	0	0	0
6864	ＮＦ回路	340	340	340	340	1
6866	ＨＩＯＫＩ	0	0	0	0	0
6867	リーダー電子	921	921	921	921	1
6868	東カソード	930	930	925	930	3.3
6869	シスメックス	2410	2540	2410	2515	21.5
6870	フェンオール	0	0	0	0	0
6871	日本マイクロ	1570	1570	1520	1550	2.3
6872	日本コーリン	6200	6300	6150	6300	7.9
6873	日立電子Ｅ	580	580	565	565	3
6874	協立電機	1950	1950	1870	1870	0.4
6875	メガチップス	3790	3900	3620	3700	108.5
6876	光波	1730	1790	1700	1720	3.9
6877	ＯＢＡＲＡ	900	900	900	900	5
6878	長野日無	460	460	460	460	4
6879	フォトロン	315	315	315	315	1
6880	シンワ	720	720	720	720	1
6881	キョウデン	2045	2050	1960	2000	10
6882	三社電機	849	849	808	808	9
6883	電産コ電	998	1078	998	1060	70
6884	デジタル	2900	2900	2900	2900	1.3
6885	ミヤチテクノ	3700	3700	3240	3300	25.1
6886	グラフィック	353	353	353	353	1
6887	日本ＬＳＩカード	181000	182000	181000	182000	0.002
6888	アクモス	330000	331000	310000	310000	0.008
6889	オーデリック	470	470	450	450	5
6890	フェローテク	2200	2200	2170	2200	11
6891	イーター電機	450	450	430	430	10
6892	シチズン電子	5700	5770	5600	5680	29.7
6893	タイテック	695	695	695	695	2
6894	パルステック	1550	1550	1500	1500	16
6895	ダイヤ電機	470	470	470	470	1
6896	北川工業	880	900	880	890	7.7
6897	ツインバード	0	0	0	0	0
6898	トミタ電機	0	0	0	0	0
6899	ＡＳＴＩ	551	551	551	551	1
6900	東京電波	3080	3140	3020	3100	20.7
6901	沢藤電	197	197	197	197	2
6902	デンソー	2525	2525	2475	2510	487
6904	原田工業	0	0	0	0	0
6905	コーセル	3150	3160	3150	3160	16.7
6906	キヤ･コンポ	210	210	210	210	5
6907	ジオマテック	1990	1990	1900	1960	3.8
6908	イリソ電子	400	400	400	400	4
6909	北部通信工業	220	220	220	220	1
6910	日立メディコ	1110	1110	1109	1110	13
6911	新日無	694	695	694	695	23
6912	菊水電子	0	0	0	0	0
6913	メルコ	2240	2350	2240	2350	30.7
6914	オプテックス	875	880	875	880	4
6915	千代田インテ	1250	1250	1250	1250	2
6916	アイオデータ	1170	1180	1140	1150	29.1
6917	デンセラムダ	2440	2440	2350	2370	20.4
6918	アバール	690	690	690	690	2
6919	ケル	540	550	540	540	4
6920	レーザーテク	0	0	0	0	0
6921	東光電	286	286	284	284	11
6922	昭和情報	330	330	330	330	1
6923	スタンレー	1080	1080	1056	1074	145
6924	岩崎電	296	300	283	283	132
6925	ウシオ電	1885	1899	1879	1880	157
6926	岡谷電	291	291	290	290	6
6928	エノモト	600	630	600	630	13
6929	日セラ	2130	2155	2090	2150	25
6930	日本アンテナ	1020	1020	1000	1020	4
6931	日本電池	332	333	325	333	194
6932	ユアサコーポ	330	340	330	340	8
6933	ＹＵＡＳＡ	218	222	218	222	181
6934	新神戸	469	470	452	462	34
6935	日デジタル	1335	1351	1325	1335	32.3
6936	東洋高砂乾	110	110	101	101	8
6937	古河池	240	240	240	240	2
6938	双信電機	738	750	737	740	9
6939	ＵＭＣＪ	845000	845000	820000	820000	0.031
6940	多摩電気	275	277	275	277	5
6941	山一電機	1752	1780	1715	1715	32.6
6942	ソフィア	170	170	170	170	1
6943	開閉器	548	548	538	538	2
6944	アイレックス	195	195	195	195	1
6945	ＦＴＥＣ	550	550	521	521	12
6946	日本アビオ	0	0	0	0	0
6947	図研	2190	2190	2110	2130	47.7
6948	住友電装	0	0	0	0	0
6949	キンセキ	1042	1044	1023	1040	40
6950	ＹＥデータ	339	339	339	339	1
6951	日電子	549	550	540	550	12
6952	カシオ	952	952	924	938	313
6954	ファナック	7810	7970	7760	7960	232.6
6955	ＦＤＫ	1198	1200	1190	1197	166
6956	神明電	1600	1610	1600	1610	3
6957	芝浦電子	280	290	280	286	2.2
6958	日本ＣＭＫ	1627	1677	1627	1669	209
6960	フクダ電	2010	2010	2010	2010	3
6961	エンプラス	3900	3980	3850	3860	7.4
6962	大真空	610	610	590	610	21
6963	ローム	21700	22300	21650	22000	195
6964	サンコー	936	936	880	881	17
6965	ホトニクス	7800	8050	7750	7990	336
6966	三井ハイテク	1410	1410	1362	1383	31
6967	新光電工	3140	3200	3050	3200	53.3
6968	グラフテック	136	137	130	130	30
6969	松尾電	439	439	430	430	48
6970	日本コンラックス	557	561	551	554	86
6971	京セラ	12770	12870	12450	12850	448.1
6972	エルナー	330	330	317	317	22
6973	協栄産	335	335	335	335	9
6974	日本インター	291	291	291	291	2
6975	ＮＥＯＭＡＸ	980	990	980	987	45
6976	太陽電	4040	4050	3960	4050	570
6977	抵抗器	0	0	0	0	0
6980	日立ＡＩＣ	750	754	742	754	26
6981	村田製	13510	13790	13400	13700	453.1
6982	リード	187	187	173	176	71
6984	朝日ナショナ	362	362	362	362	6
6985	ユーシン	353	353	349	350	39
6986	双葉電	3400	3500	3390	3500	11.1
6988	日東電	3180	3180	3090	3180	102.9
6989	北電工	212	218	211	213	224
6991	松電工	1339	1339	1321	1325	1039
6992	国産電	211	211	211	211	9
6993	森電機	85	90	84	84	19
6994	指月電	197	197	197	197	17
6995	東海理	836	846	834	834	8
6996	ニチコン	1590	1668	1571	1653	138.6
6997	日ケミコン	800	800	780	786	137
6998	タングス	301	302	300	300	10
6999	ＫＯＡ	2000	2000	1924	1954	25.4
7003	三井造	102	103	100	100	482
7004	日立造	85	86	85	86	1175
7007	佐世保	68	68	67	67	168
7011	三菱重	484	493	483	489	2502
7012	川重	131	133	130	131	846
7013	石川島	229	229	222	224	1103
7014	名村造	157	158	155	157	51
7018	内海造	105	105	100	100	28
7020	サノヤス	155	165	155	161	27
7021	ニッチツ	145	145	145	145	1
7052	信貴造船所	0	0	0	0	0
7102	日車両	197	197	192	195	132
7104	富士車輌	110	110	103	103	10
7105	ニチユ	177	177	174	174	4
7122	近畿車	127	128	127	128	8
7123	東急車輌製造	69	70	68	70	36
7124	輸送機工業	0	0	0	0	0
7142	ナブコ	143	149	143	149	8
7201	日産自	655	655	639	645	3294
7202	いすゞ	215	218	215	218	264
7203	トヨタ	3650	3690	3640	3690	1331.5
7204	小松ゼノア	226	228	225	225	16
7205	日野自	448	452	445	445	425
7210	日産ディ	97	99	96	97	84
7211	三菱自	338	338	330	336	354
7212	エフテック	0	0	0	0	0
7218	田中精密	757	757	750	750	5
7219	ＨＫＳ	0	0	0	0	0
7220	武蔵精密	1040	1040	1040	1040	1
7221	トヨ車	1011	1025	1010	1025	13
7222	産車体	149	150	148	149	121
7223	関東自	575	581	575	581	13
7224	新明和	171	171	168	171	25
7225	小松フォーク	151	152	150	152	38
7226	極東開発	428	428	425	425	6.9
7227	アスカ	0	0	0	0	0
7228	デイトナ	520	520	520	520	2
7229	ユタカ技研	0	0	0	0	0
7230	日信工業	1620	1629	1561	1565	43
7231	トピー	166	169	162	169	113
7232	トキコ	187	190	187	188	130
7233	自部品	72	73	72	73	4
7234	橋本フォーミング	58	59	57	59	10
7235	東ラヂ	0	0	0	0	0
7236	ティラド	409	415	397	415	192
7237	ボッシュブレーキ	150	150	150	150	5
7238	ブレーキ	198	199	196	196	36
7239	タチエス	505	505	505	505	3
7240	ＮＯＫ	1352	1358	1330	1349	237
7241	フタバ	1389	1400	1375	1375	31
7242	カヤバ	173	174	172	173	130
7243	シロキ	185	192	185	188	9
7244	市光工	198	198	191	191	38
7245	大同メ	583	583	548	548	9
7246	プレス工	61	62	61	62	30
7247	ミクニ	125	126	120	120	10
7248	カルソニック	278	278	270	277	59
7249	尾張精	180	180	180	180	4
7250	太平洋工	243	252	243	252	72
7251	ケーヒン	990	1000	985	990	37
7252	富士機	0	0	0	0	0
7253	日本ガスケット	0	0	0	0	0
7254	フジユニ	170	170	160	160	2
7255	桜井製	0	0	0	0	0
7256	河西工	169	173	165	170	78
7257	自転車電機工	320	339	320	325	14
7258	栃木富士産業	200	202	200	202	21
7259	アイシン	1515	1515	1500	1515	67
7260	富士機工	193	208	193	208	39
7261	マツダ	290	295	289	295	796
7262	ダイハツ	849	854	842	854	112
7263	愛知機	182	185	181	183	51
7264	ＭＵＲＯ	0	0	0	0	0
7265	エイケン工業	509	509	509	509	1
7266	今仙電機	0	0	0	0	0
7267	ホンダ	4050	4070	4030	4060	1449
7268	タツミ	0	0	0	0	0
7269	スズキ	1200	1206	1191	1206	302
7270	富士重	720	720	708	719	332
7271	安永	0	0	0	0	0
7272	ヤマハ発	766	785	765	785	32
7273	イクヨ	159	159	155	155	2
7274	ショーワ	614	614	614	614	4
7275	ユニシア	168	168	166	166	18
7276	小糸製	455	464	451	462	163
7277	ＴＢＫ	90	94	90	92	30
7278	エクセディ	738	760	738	760	12.2
7279	ケーブル	989	989	980	980	5
7280	ミツバ	403	403	395	395	5
7282	豊田合	2535	2535	2400	2500	86
7283	愛三工	580	590	575	585	16
7284	盟和産	220	220	220	220	5
7285	池田物産	104	106	101	106	109
7286	イズミ工業	0	0	0	0	0
7287	日精機	610	610	591	600	32
7288	テクノエイト	215	215	215	215	1
7289	マーレ テネックス	167	167	167	167	8
7290	日発精密工業	288	291	285	290	8
7291	日本プラスト	0	0	0	0	0
7292	村上開明	0	0	0	0	0
7293	大井製作所	216	216	216	216	2
7294	ヨロズ	402	413	402	413	8.3
7295	アイエス製機	0	0	0	0	0
7296	ＦＣＣ	0	0	0	0	0
7297	カーメイト	0	0	0	0	0
7298	八千代工	365	365	365	365	7
7299	フジオーゼ	0	0	0	0	0
7301	宮田	102	102	101	101	13
7305	新家工	94	95	94	94	8
7306	丸石自転車	218	218	200	201	11
7308	ツノダ	0	0	0	0	0
7309	シマノ	2155	2155	2080	2100	60.5
7399	ナンシン	180	190	180	190	4
7404	昭和飛	242	242	242	242	10
7407	日本飛行機	235	237	235	235	11
7408	ジャムコ	420	420	420	420	3
7410	横浜鋼業	0	0	0	0	0
7411	成和産業	0	0	0	0	0
7412	アトム	0	0	0	0	0
7413	創健社	0	0	0	0	0
7414	小野建	0	0	0	0	0
7415	新星堂	202	202	200	200	26
7416	はるやま	679	679	679	679	0.5
7418	ヤマキ	0	0	0	0	0
7419	ノジマ	1350	1350	1350	1350	0.5
7420	佐鳥電機	0	0	0	0	0
7421	カッパクリエ	4580	4580	4550	4550	1.9
7422	東邦レマック	0	0	0	0	0
7423	フォンテーヌ	1150	1150	1149	1149	1.7
7424	ニコニコ堂	0	0	0	0	0
7425	初穂商事	288	288	282	282	3
7426	山大	105	105	105	105	1
7427	エコーＴＤ	1250	1250	1250	1250	3.7
7428	江戸沢	780	780	775	775	2
7429	セイジョー	1049	1050	1010	1030	3
7430	サンワドー	0	0	0	0	0
7432	ダルトン	0	0	0	0	0
7433	伯東	3100	3230	3100	3220	18.9
7434	オータケ	1620	1620	1620	1620	0.3
7435	ナ・デックス	470	500	470	500	3
7437	シーアンドエス	4230	4230	4060	4100	38.3
7438	コンドー	362	377	362	377	1.5
7439	サンミック千代田	159	159	159	159	2
7440	クラフト	0	0	0	0	0
7442	中山福	317	317	317	317	2
7443	横浜魚類	0	0	0	0	0
7444	ハリマ共和	0	0	0	0	0
7445	ライトオン	1800	1800	1651	1670	30.8
7446	東北化学	398	398	390	390	3
7447	ナガイレーベ	2080	2080	2050	2050	1.3
7448	ジンズメイト	706	736	702	708	7.5
7449	太洋興業	140	140	135	140	13
7450	サンデー	0	0	0	0	0
7451	菱食	4450	4520	4450	4500	0.8
7452	マツヤ	0	0	0	0	0
7453	良品計画	4400	4400	4270	4340	155.1
7454	ホットスパー	98	98	98	98	5
7455	三城	2375	2415	2200	2230	67.8
7456	松田産業	2150	2150	2100	2150	2
7457	セキテクノ	0	0	0	0	0
7458	第一興商	1320	1350	1320	1350	34.4
7459	メディセオＨＤ	930	940	920	940	69.1
7460	ヤギ	480	480	480	480	2
7461	キムラ	0	0	0	0	0
7462	ダイヤ通商	0	0	0	0	0
7463	アドヴァン	1160	1180	1160	1175	8.4
7464	セフテック	0	0	0	0	0
7465	ＭＶ北海道	1650	1650	1650	1650	0.5
7466	ＳＰＫ	0	0	0	0	0
7467	萩原電気	0	0	0	0	0
7468	アムスク	766	766	755	760	7
7470	サロモンメイド	580	600	580	600	14
7471	ふじ	400	400	400	400	1
7472	鳥羽洋行	0	0	0	0	0
7473	静岡スバル	335	335	320	320	2
7474	パオ	530	530	530	530	1
7475	アルビス	490	490	490	490	2
7476	アズワン	1690	1760	1680	1742	20.2
7477	ムラキ	0	0	0	0	0
7478	ブルーグラス	450	450	450	450	1
7479	サンマルク	3500	3500	3500	3500	1.2
7480	スズデン	0	0	0	0	0
7481	尾家産	0	0	0	0	0
7482	シモジマ	965	967	965	967	3
7483	ドウシシャ	1650	1650	1650	1650	2.4
7485	岡谷鋼機	938	938	938	938	2
7486	サンリン	0	0	0	0	0
7487	小津産業	1100	1120	1100	1120	0.3
7488	ヤガミ	0	0	0	0	0
7490	日新商	0	0	0	0	0
7491	ＯＡシステム	0	0	0	0	0
7492	タイカン	299	300	299	300	27
7494	コナカ	646	650	645	650	7.2
7495	レオ	0	0	0	0	0
7496	八千代ムセン	753	770	753	770	1
7497	マインマート	880	990	880	990	2
7498	ジャパン	1950	1950	1950	1950	0.5
7500	西川計測	360	360	360	360	1
7501	ティムコ	701	701	701	701	1.4
7502	プラザクリエ	3000	3200	3000	3000	1.1
7503	ＩＭＩ	1250	1250	1250	1250	5
7504	高速	0	0	0	0	0
7505	扶桑電通	0	0	0	0	0
7506	ハウスローゼ	695	695	680	680	1.3
7507	浜 勝	0	0	0	0	0
7508	オートセブ	472	472	471	471	3
7509	アイエー	397	397	397	397	2
7510	竹菱電機	1110	1110	1110	1110	1
7511	ジプロ	540	550	540	550	4
7512	ポスフール	892	900	892	900	8
7513	コジマ	1980	1990	1950	1966	38.7
7514	ヒマラヤ	391	391	391	391	0.5
7515	マルヨシ	330	330	330	330	9
7516	コーナン	998	998	970	980	3
7517	黒田電気	2005	2010	1950	2000	14.2
7518	ネットワン	2740000	2810000	2700000	2800000	0.587
7519	五洋インテ	219	219	219	219	1
7520	エコス	0	0	0	0	0
7521	ムサシ	988	989	988	989	2
7522	ワタミ	4560	4560	4300	4360	13.4
7523	アールビバン	918	930	918	930	2.1
7524	マルシェ	941	941	941	941	0.5
7527	システムソフ	340	341	340	340	4
7528	安藤薬業公司	295	295	295	295	1
7529	はるやま	140	140	140	140	2.3
7530	ナブコドア	0	0	0	0	0
7531	清和鋼業	440	440	430	440	3
7532	ドンキホーテ	9640	9640	9540	9540	4.2
7535	グッドマン	1720	1720	1700	1700	1.3
7536	船橋薬品	0	0	0	0	0
7537	丸文	1250	1250	1245	1245	21
7538	大水	400	470	400	470	4
7539	アベルコ	315	315	310	310	12
7540	エルエスフェンス	0	0	0	0	0
7541	メガネトップ	1800	1830	1770	1800	10.2
7542	ビスケーＨＤ	800	800	780	780	3
7543	ミスタージョン	0	0	0	0	0
7544	スリーエフ	0	0	0	0	0
7545	西松屋チェ	1450	1499	1450	1460	15.3
7547	オートハローズ	203	203	203	203	1
7548	サンクスＪＰ	1320	1320	1320	1320	2
7549	エス・エス・ブイ	0	0	0	0	0
7550	ゼンショー	830	831	830	830	2.3
7551	ウェッズ	330	330	330	330	1.9
7552	ハピネット	1690	1745	1680	1745	4.5
7553	サザビー	4560	4560	4550	4560	7
7554	幸楽苑	1000	1000	1000	1000	2
7555	大田花き	0	0	0	0	0
7556	住商エレク	1120	1120	1100	1100	1.7
7557	サンクス	3600	3620	3530	3530	25.1
7558	トーメンエレ	3700	3700	3500	3550	2.4
7559	ジーエフシー	650	650	640	640	5
7560	ユニマット	830	830	818	819	11.8
7561	ハークスレイ	0	0	0	0	0
7562	安楽亭	710	710	710	710	1
7563	ニッパン	0	0	0	0	0
7564	ワークマン	1700	1800	1700	1750	4.7
7565	万世電機	0	0	0	0	0
7566	ジャパンケア	1610	1620	1610	1620	26
7567	栄電子	0	0	0	0	0
7568	クレックス	420	420	415	415	6
7569	モンテカルロ	280	280	251	280	7
7570	橋本総業	730	730	730	730	3
7571	ヤマノＨＣ	0	0	0	0	0
7573	ツルハ	1450	1460	1450	1460	5.6
7574	共信テクノ	1130	1130	1130	1130	1
7575	日本ライフＬ	730	750	730	750	0.8
7576	ベターライフ	405	405	405	405	1
7577	パスポート	225	225	225	225	1
7578	ニチリョク	0	0	0	0	0
7579	オリジン東	3370	3370	3350	3350	1.5
7580	フーズネット	1150	1150	1150	1150	2
7581	サイゼリヤ	5650	5730	5650	5730	17.2
7582	富デバイス	1284	1284	1221	1235	27
7583	通商	344	344	344	344	11
7584	丸紅インフォ	493	495	493	494	3
7585	かんなん	0	0	0	0	0
7586	寺島薬局	850	855	850	855	5
7587	ＰＡＬＴＥＫ	2140	2150	2100	2140	2.3
7588	シートゥーネット	7000	7350	7000	7350	2.9
7589	デジキューブ	501000	501000	499000	499000	0.007
7590	タカショー	410	410	410	410	4
7591	エクセル	1010	1010	990	1000	9
7592	アイ・ユー・ケイ	0	0	0	0	0
7593	ＶＴＨＤ	800	800	800	800	0.5
7594	マルカキカイ	0	0	0	0	0
7595	アルゴグラフ	1800	1800	1700	1710	3.9
7596	魚力	1440	1460	1380	1390	8.8
7597	東京貴宝	555	555	555	555	1
7598	ナイスクラ	245	245	240	245	6
7599	ガリバー	1275	1290	1255	1278	25.5
7600	日本ＭＤＭ	3200	3200	3150	3150	3.2
7601	ポプラ	1000	1000	998	1000	10
7602	ジャック	1380	1398	1375	1383	12.7
7603	マックハウス	0	0	0	0	0
7604	梅の花	770000	770000	750000	750000	0.016
7605	フジコーポ	150	150	150	150	4
7606	Ｕアローズ	770	800	760	780	9.2
7607	進和	0	0	0	0	0
7608	ＳＫジャパン	0	0	0	0	0
7609	ダイトエレク	1850	1880	1850	1850	6
7610	テイツー	350000	350000	315000	340000	0.014
7611	ハイデ日高	0	0	0	0	0
7612	コモンウェル	315	315	315	315	3
7613	シークス	1120	1200	1120	1200	1.8
7614	オーエムツー	1390	1420	1350	1390	2.6
7615	京都友禅	455000	460000	450000	455000	0.041
7616	コロワイド	2050	2050	2000	2000	2
7617	オオゼキ	4000	4000	4000	4000	2.6
7618	ＰＣＤＥＰＯ	395000	396000	395000	396000	0.003
7619	田中商事	276	276	275	275	2
7620	ヤマト硝子	415	440	410	440	22
7621	うかい	0	0	0	0	0
7622	焼肉サカイ	860	860	837	841	5.7
7623	サンオータス	380	380	380	380	2
7624	内藤	0	0	0	0	0
7625	ダイニング	1430	1470	1430	1470	5
7626	ドッドウエル	0	0	0	0	0
7627	なか卯	1050	1050	1050	1050	1
7628	オーハシテク	0	0	0	0	0
7629	ムラチク	0	0	0	0	0
7630	壱番屋	815	830	780	780	55
7631	マクニカ	9600	9600	9400	9400	4.4
7632	住商メタレックス	575	575	560	560	3
7633	明響社	295	295	250	280	12
7634	星医療	0	0	0	0	0
7635	杉田エース	0	0	0	0	0
7636	ハンズマン	0	0	0	0	0
7637	白 銅	1390	1390	1390	1390	1
7638	シーマ	0	0	0	0	0
7639	贔屓屋	0	0	0	0	0
7640	トップカル	0	0	0	0	0
7641	フォーユー	472000	476000	465000	475000	0.037
7642	ビジョン	500	505	500	505	5.5
7643	ダイイチ	400	400	400	400	5
7644	常盤薬品	629	650	629	650	10
7645	日本トイザ	13100	13100	13000	13000	2.5
7646	ＰＬＡＮＴ	2440	2450	2440	2450	3
7647	音通	125	125	125	125	2
7648	トーカン	1400	1400	1400	1400	7
7649	スギ薬局	3100	3100	3100	3100	1
7701	島津	385	388	381	386	532
7702	ＪＭＳ	368	368	359	360	24
7703	川澄化	1090	1090	1062	1062	2
7704	アロカ	883	887	882	887	4
7705	ジーエル	1330	1390	1330	1390	8
7706	セントラユニ	395	395	395	395	3
7711	助川電気	0	0	0	0	0
7713	シグマ光機	1700	1700	1590	1590	14
7714	モリテックス	5100	5100	4840	5030	70
7715	長野計器	2410	2450	2410	2450	31
7716	ナカニシ	1960	2100	1950	2050	25
7717	ブイテクノ	810000	810000	780000	810000	0.018
7718	スター精	1250	1250	1229	1240	14
7719	東衡機	65	65	65	65	3
7720	ソキア	160	161	155	155	28
7721	トキメック	116	119	113	119	35
7723	愛時計	262	262	262	262	1
7724	金門	116	116	111	116	46
7726	黒田精	260	270	260	270	3
7727	オーバル	155	155	155	155	1
7728	電産トーソク	808	808	808	808	5
7729	東京精	6500	6510	6360	6500	34.9
7731	ニコン	1218	1218	1190	1210	456
7732	トプコン	319	320	318	320	23
7733	オリンパス	1880	1939	1870	1935	618
7734	理計器	393	393	387	387	19
7735	スクリン	536	545	536	540	380
7736	ユニオンＨＤ	84	86	83	84	12
7738	チノン	300	300	300	300	10
7739	キヤノン電	1130	1134	1130	1134	27
7740	タムロン	940	945	930	945	7
7741	ＨＯＹＡ	8570	8590	8470	8570	68.3
7743	シード	0	0	0	0	0
7744	ノーリツ鋼機	2440	2480	2440	2480	3.6
7750	ペンタックス	262	262	254	254	66
7751	キヤノン	3960	3960	3830	3830	1672
7752	リコー	2050	2100	2015	2060	2623
7753	ミノルタ	421	435	420	431	195
7756	電産コパル	1290	1290	1283	1289	14
7757	三協精	685	690	681	681	75
7758	セコニック	295	295	295	295	1
7762	シチズン	810	900	800	856	954
7764	オリエント時計	155	155	150	150	5
7765	リコーエレメ	646	646	640	640	7
7768	ジェコー	0	0	0	0	0
7769	リズム	165	170	165	167	145
7770	ミヨタ	1890	1890	1890	1890	2
7771	日本精密	0	0	0	0	0
7854	バンプレスト	0	0	0	0	0
7855	カーディナル	0	0	0	0	0
7856	萩原工業	800	810	800	810	3
7857	セキ	0	0	0	0	0
7858	小野産業	0	0	0	0	0
7859	アルメディオ	870	870	870	870	1
7860	エイベックス	6970	6970	6780	6820	31.1
7861	東京リスマ	900	900	885	890	1.5
7862	トッパンフォ	1745	1745	1690	1720	56.7
7863	平賀	550	550	550	550	1
7864	フジシール	3250	3250	3120	3150	3.8
7865	ピープル	895	895	895	895	0.5
7866	アトラス	695	695	670	690	7.1
7867	トミー	2750	2750	2600	2655	16.9
7868	広済堂	991	1000	991	1000	0.7
7869	日本フォーム	385	385	385	385	1
7870	福島印刷	500	500	500	500	2
7871	フクビ	600	600	600	600	2
7872	エステール	500	500	500	500	0.1
7873	アーク	4220	4220	4220	4220	1
7874	スルガ	3690	3690	3640	3690	1.2
7875	竹田印刷	800	800	800	800	5
7876	三陽PAX	450	450	450	450	1
7877	永大化工	550	550	550	550	2
7878	光彩工芸	0	0	0	0	0
7879	ノダ	426	431	426	431	100.5
7880	南部化成	0	0	0	0	0
7881	ニッソー	80	80	80	80	5
7882	アロン化成	353	353	350	350	28
7883	サンメッセ	0	0	0	0	0
7884	本間ゴルフ	255	265	255	265	3.5
7885	タカノ	1320	1320	1300	1300	0.7
7886	ヤマト・イン	210	226	210	226	2
7887	南プラ	0	0	0	0	0
7888	三光合成	0	0	0	0	0
7889	桑山	520	520	520	520	0.1
7890	アテナ工業	790	790	790	790	1
7891	日本ユピカ	240	240	240	240	3
7892	宇部日東化成	266	270	262	263	20
7893	亜細亜	0	0	0	0	0
7895	中央化学	1600	1610	1590	1590	7.8
7896	セブン工業	320	320	320	320	1
7897	ホクシン	118	120	118	120	4.9
7898	ウッドワン	589	598	583	589	25
7899	オザキ軽化	345	350	345	350	4
7900	大出産業	0	0	0	0	0
7901	マツモト	0	0	0	0	0
7902	ソノコム	1100	1100	1100	1100	1
7903	名木材	0	0	0	0	0
7904	天竜木	28	28	27	27	10
7905	大建工	308	309	300	309	31
7906	ヨネックス	366	366	366	366	1
7907	日防腐	0	0	0	0	0
7908	きもと	0	0	0	0	0
7909	シーアイ化	317	320	307	320	15
7910	段谷産業	52	52	51	51	66
7911	凸版	950	970	946	968	437
7912	大日印	1630	1668	1627	1668	829
7913	図書印	202	206	202	206	46
7914	共同印	304	304	300	302	62
7915	日写印	575	585	570	578	26
7916	光村印	307	310	306	310	4
7917	藤森工業	0	0	0	0	0
7918	ヴィアＨＤ	0	0	0	0	0
7919	野崎紙	0	0	0	0	0
7920	三浦印	410	410	410	410	2
7921	宝印刷	823	823	810	821	6.5
7922	三光産業	0	0	0	0	0
7923	トーイン	0	0	0	0	0
7925	前沢化成	1002	1030	1001	1001	5.8
7926	ベルテクノ	225	225	225	225	2
7927	ムトー精工	0	0	0	0	0
7928	旭化学	500	500	500	500	1
7929	新輝合成	0	0	0	0	0
7931	未来工業	981	981	970	970	13.9
7932	ニッピ	0	0	0	0	0
7933	ファイリング	415	425	415	425	2
7934	メルクス	0	0	0	0	0
7935	コンビ	415	420	410	415	3.5
7936	アシックス	100	100	98	100	40
7937	ツツミ	1630	1630	1550	1551	3
7938	リーガル	0	0	0	0	0
7939	研創	305	305	300	300	2
7940	ウェーブＨＤ	234	234	225	225	3
7942	ＪＳＰ	595	595	590	590	3
7943	ニチハ	654	654	642	650	11.5
7944	ローランド	1872	1899	1851	1872	8.7
7945	コマニー	555	555	550	550	2
7946	光陽社	260	270	260	270	3
7947	エフピコ	3410	3440	3410	3440	1.3
7948	ＡＷ・エモト	0	0	0	0	0
7949	小松ウオール	940	940	940	940	1.5
7950	日デコラ	0	0	0	0	0
7951	ヤマハ	1119	1119	1086	1100	198
7952	河合楽	128	130	127	129	49
7953	菊水化	0	0	0	0	0
7954	ジャレコ	700	740	690	740	14
7955	クリナップ	480	481	477	481	4
7956	ピジョン	770	780	762	780	2.9
7957	フジコピアン	110	110	110	110	4
7958	天馬	1029	1029	1003	1005	36
7959	オリバー	0	0	0	0	0
7960	パラマウント	3420	3480	3350	3480	31.9
7961	兼松日産農	140	140	137	137	6
7962	キングジム	0	0	0	0	0
7963	興研	0	0	0	0	0
7964	セガ	940	1054	940	1054	272.1
7965	象印	465	469	459	459	9
7966	リンテック	1030	1037	1029	1034	44
7967	バンダイ	4230	4390	4230	4290	40.9
7968	田崎真珠	403	408	401	402	17
7969	タカラ	429	431	420	431	54
7970	信越ポリ	640	640	615	617	26
7971	東リ	191	193	191	193	11
7972	イトーキ	280	290	280	281	60
7973	ホウトク	139	139	139	139	3
7974	任天堂	18140	18800	17300	17450	285.2
7975	リヒトラブ	0	0	0	0	0
7976	菱鉛筆	743	745	740	740	31
7977	フランスベッド	331	331	325	325	21
7979	松風	676	676	676	676	4
7980	重松製	0	0	0	0	0
7981	タカラスタ	418	418	411	414	25
7983	ミロク	161	165	161	165	3
7984	コクヨ	1690	1698	1690	1698	21
7985	ネポン	240	240	240	240	1
7986	キング工	115	116	115	115	8
7987	ナカバヤシ	248	248	242	242	47
7988	ニフコ	1076	1076	1062	1067	33
7989	ブラインド	642	691	633	691	2.4
7990	ダイワ精	118	118	114	116	14
7991	マミヤＯＰ	225	228	220	220	21
7992	セーラー	560	562	540	541	111
7993	サンウエブ	168	173	168	173	5
7994	岡村製	466	470	466	467	11
7995	バルカー	145	146	144	145	81
7996	パイロット	510	510	500	500	7
7997	くろ工	207	207	205	205	3
7999	武藤工	259	261	247	261	82
8000	カイゲン	0	0	0	0	0
8001	伊藤忠	518	525	518	524	3899
8002	丸紅	267	268	261	268	803
8003	トーメン	113	117	110	117	525
8004	ニチメン	114	114	110	112	344
8005	ムトウ	571	571	566	567	5
8006	ユアサフナ	154	155	151	154	67
8007	高島	109	110	106	109	28
8008	アスティ	0	0	0	0	0
8010	新興産業	109	109	108	108	31
8011	三陽商	285	285	280	280	28
8012	長瀬産	421	426	414	426	107
8013	ナイガイ	77	78	77	77	11
8014	蝶理	97	97	96	96	14
8015	豊田通商	387	387	384	384	30
8016	オンワード	953	953	930	940	57
8017	阪急共栄物産	125	129	125	125	8
8018	三共興	249	252	249	252	27
8019	市田	46	46	45	46	59
8020	兼松	128	130	125	130	340
8021	レナウン	90	90	88	89	165
8022	ミズノ	310	312	310	310	31
8023	大興電子	0	0	0	0	0
8024	シルバーＯＸ	390	390	386	387	12
8025	ツカモトＣ	120	120	117	118	9
8027	ルシアン	78	78	74	78	10
8028	ファミリーＭ	2900	2920	2885	2900	64.8
8029	ルック	223	223	215	215	4
8030	中央魚	178	178	178	178	4
8031	三井物	724	724	711	719	945
8032	紙パ商	348	348	348	348	17
8033	ジーネット	0	0	0	0	0
8035	東エレク	6400	6520	6260	6520	467.3
8036	日立ハイテク	1237	1237	1220	1230	11
8037	カメイ	500	508	500	508	2
8038	東都水	241	243	240	240	30
8039	築地魚	148	148	142	143	15
8040	東ソワール	0	0	0	0	0
8041	魚市場	0	0	0	0	0
8042	マタイ	218	218	215	215	2
8043	スターゼン	171	174	170	170	36
8044	大都魚	132	134	132	133	4
8045	浜丸魚	0	0	0	0	0
8046	丸藤パ	130	130	123	123	16
8048	シャディ	1520	1552	1519	1521	8.8
8050	セイコー	408	409	400	409	33
8051	山善	193	194	193	194	36
8052	椿本興	178	178	172	175	8
8053	住友商	803	810	800	810	409
8056	ユニシス	1201	1240	1200	1240	42.8
8057	内田洋	605	621	602	621	64
8058	三菱商	814	817	801	817	560
8059	第一実	195	195	191	192	35
8060	キヤノン販	1331	1331	1280	1300	74
8061	西華産	151	152	151	151	88
8063	日商岩井	108	110	107	109	2269
8064	金商	100	100	90	95	271
8065	佐藤商	0	0	0	0	0
8066	三谷商	0	0	0	0	0
8067	トミヤアパ	253	268	252	268	7
8068	菱洋エレク	1365	1365	1310	1312	129
8070	東京産	282	294	282	294	16
8071	東海物産	359	359	359	359	1
8072	出版貿	0	0	0	0	0
8073	Ｔ・ＺＯＮＥ	187	235	187	235	21
8074	ユアサ商	115	121	115	121	102
8075	神鋼商	130	131	130	131	22
8076	カノークス	97	97	97	97	1
8077	小林産	0	0	0	0	0
8078	阪和興	95	97	95	97	61
8079	正栄食	453	453	453	453	2
8080	ジョイス	0	0	0	0	0
8081	カナデン	430	430	425	425	3
8083	サンテレ	240	245	240	240	4
8084	菱電商	319	319	314	315	45
8085	ナラサキ産業	143	155	140	155	41
8086	ニプロ	854	855	848	855	34
8087	フルサト	0	0	0	0	0
8088	岩谷産	229	229	224	225	136
8089	ナイス	218	218	214	216	415
8090	昭光通商	133	134	131	134	49
8091	ニチモウ	120	120	116	120	8
8092	富士通シス	1560	1600	1520	1561	18.5
8093	極東貿易	465	470	460	470	43
8095	イワキ	193	195	193	195	2
8096	兼松エレク	470	470	470	470	2
8097	三愛石	312	314	306	314	32
8098	稲畑産	572	572	566	568	43
8101	ＧＳＩクレ	95	98	94	96	34
8103	明和産	98	98	98	98	1
8105	丸正	139	139	139	139	1
8107	キムラタン	40	40	37	37	18
8109	山洋工	65	65	65	65	7
8110	川鉄商事	112	112	107	110	52
8111	ゴルドウイン	121	122	118	118	21
8112	東スタイル	1021	1048	1021	1048	24
8113	ユニチャーム	5410	5700	5400	5680	54
8114	デサント	186	189	186	187	6
8115	ムーンバット	98	100	98	100	8
8116	ダーバン	164	164	162	162	17
8117	中央自	244	244	230	230	10
8118	キング	134	134	133	133	4
8119	三栄コ	265	265	250	250	9
8120	大木	0	0	0	0	0
8123	川辺	0	0	0	0	0
8125	ワキタ	240	250	240	240	21
8126	三光純薬	245	255	245	255	2
8127	ヤマトインタ	104	105	104	105	8
8128	エフワン	0	0	0	0	0
8129	東邦薬	400	400	400	400	20
8130	サンゲツ	1506	1506	1480	1480	6
8131	ミツウロコ	611	611	611	611	1
8132	シナネン	358	366	355	365	54
8133	伊藤忠エネ	404	404	393	398	18
8134	ＴＯＫＡＩ	616	619	615	619	45
8135	ゼット	110	110	110	110	4
8136	サンリオ	1987	1987	1955	1980	53.5
8137	サンワテク	0	0	0	0	0
8138	三京化	185	188	185	188	5
8139	ナガホリ	221	221	221	221	1
8140	リョーサン	1960	1980	1945	1980	30
8141	新光商	715	715	691	710	18
8142	トーホー	853	870	850	850	20
8143	ラピーヌ	71	71	71	71	4
8144	電響社	358	358	358	358	2
8145	中部水産	229	229	229	229	1
8146	小杉産	0	0	0	0	0
8147	トミタ	0	0	0	0	0
8148	上原成	275	275	275	275	15
8150	三信電	622	629	618	618	33
8151	東陽テク	2540	2540	2495	2495	16
8152	ソマール	246	246	237	237	6
8153	モスフード	880	899	880	898	6
8154	加賀電子	1355	1355	1320	1330	27
8155	三益半導	1119	1119	1075	1075	32.3
8156	ガステック	421	421	421	421	11
8157	都築電	400	400	380	380	32
8158	ソーダニッカ	0	0	0	0	0
8159	立花エレ	630	630	630	630	2
8160	木曽路	1200	1200	1196	1200	6
8161	エイデン	730	730	690	697	14
8163	サトＲＳ	677	679	677	679	5
8164	キャビン	83	83	80	81	23
8165	千趣会	589	589	560	560	8
8166	タカキュー	91	92	90	92	23
8167	丸久	185	185	185	185	1
8168	ケーヨー	491	492	469	475	81.1
8169	宝船	0	0	0	0	0
8170	アデランス	4400	4450	4350	4420	78.2
8171	ＭＶ中部	550	550	550	550	2
8172	第一家庭電器	37	39	36	36	86
8173	上新電	284	285	278	278	18
8174	日ガス	612	612	612	612	5
8175	ベスト電	546	546	530	535	59
8176	西洋フードシス	322	324	321	322	15
8178	マルエツ	302	303	300	303	12
8179	ロイヤルＨＤ	945	953	940	940	21
8180	すかいらく	2980	3000	2905	3000	39
8181	東天紅	303	303	299	299	11
8182	いなげや	654	660	654	660	35
8183	セブン−イレブン	6950	6990	6700	6830	485
8184	島忠	1345	1370	1326	1360	21.5
8185	チヨダ	460	465	460	465	3.6
8186	大塚家具	6850	7000	6850	7000	6.1
8188	ヨークベニ	2420	2525	2420	2520	7.1
8189	マツヤデンキ	210	214	210	214	5
8190	ヤマナカ	0	0	0	0	0
8191	光製作	0	0	0	0	0
8192	中川無線	71	75	70	75	16
8193	鈴丹	87	92	87	87	62
8194	ライフコーポ	0	0	0	0	0
8195	デニーズジャパン	1870	1870	1850	1850	2
8196	カスミ	417	417	403	403	7
8197	東急ストア	311	311	310	310	4
8199	デオデオ	660	662	651	656	44.3
8200	リンガハット	1200	1200	1190	1200	3.5
8201	さが美	350	350	350	350	1
8202	ラオックス	407	412	407	412	3
8203	ＭｒＭａｘ	332	335	331	335	28.1
8204	ジョナサン	1480	1500	1470	1500	15
8205	シャクリー	0	0	0	0	0
8206	アポロイン	79	79	79	79	1
8207	テンアライド	390	395	385	395	5
8208	エンチョー	300	320	300	300	27
8209	フレンドリ	529	530	529	530	2
8210	フットワーク	136	141	131	141	21
8211	相鉄ローゼ	0	0	0	0	0
8212	オーク	114	114	114	114	11
8213	トステムビバ	331	335	331	334	14
8214	アオキインタ	320	321	315	321	38
8215	銀座山形屋	0	0	0	0	0
8216	フォルクス	505	510	505	510	2
8217	オークワ	0	0	0	0	0
8218	コメリ	2450	2470	2345	2430	19.2
8219	青山商	809	810	804	807	85.4
8225	タカチホ	125	125	125	125	1
8226	理経	321	321	318	320	8
8227	しまむら	6210	6300	6060	6160	25.5
8228	マルイチ	0	0	0	0	0
8229	ＣＦＳコーポ	840	840	839	839	1.5
8230	はせがわ	712	713	710	713	13
8231	三越	473	475	470	475	515
8232	東急百貨店	76	78	75	78	212
8233	高島屋	805	808	795	803	155
8234	大丸	326	330	320	325	115
8235	松坂屋	257	262	254	257	45
8236	丸善	282	292	278	285	1820
8237	松屋	335	335	335	335	3
8238	伊勢丹	1209	1209	1181	1181	203
8239	横浜松坂屋	0	0	0	0	0
8240	サッポロライオン	0	0	0	0	0
8241	阪神百貨店	0	0	0	0	0
8242	阪急百	503	509	494	495	100
8244	近鉄百貨店	135	135	135	135	3
8245	丸栄	223	230	223	230	6
8247	大和	0	0	0	0	0
8248	ニッセン	263	280	263	266	5.6
8249	東洋物	0	0	0	0	0
8250	小松ストアー	0	0	0	0	0
8251	パルコ	310	315	310	312	22
8252	丸井	1642	1711	1642	1709	506
8253	クレセゾン	2400	2420	2380	2420	80.4
8254	さいか屋	0	0	0	0	0
8255	原信	880	880	880	880	0.1
8256	プロルート	225	225	222	222	5
8257	山陽百	0	0	0	0	0
8258	ＯＭＣカード	272	274	270	272	56
8259	十字屋	38	40	38	40	101
8260	井筒屋	149	149	145	145	205
8261	ｼ鉄百貨店	181	219	181	219	11
8263	ダイエー	180	185	180	183	460
8264	イトーヨーカ堂	5750	5900	5740	5900	1000
8265	壽屋	111	111	106	106	7
8266	イズミヤ	658	658	650	650	18
8267	イオン	2530	2530	2490	2525	243
8268	西友	317	317	305	306	87
8269	マイカル	241	243	236	236	242
8270	ユニー	1205	1210	1170	1191	83
8273	イズミ	950	950	938	938	3
8274	東武ストア	172	172	169	169	15
8275	フォーバル	1310	1400	1310	1390	9.2
8276	平和堂	715	715	675	675	4
8278	フジ	1880	1919	1880	1919	1.6
8279	ヤオコー	1180	1200	1175	1180	0.9
8280	富士冷機	351	351	351	351	6
8281	ゼビオ	1880	1882	1863	1880	26.1
8282	ギガスケーズ	1590	1600	1570	1570	7.2
8283	パルタック	550	560	550	560	6
8285	三谷産業	391	391	391	391	3
8287	ＭＶ西日本	0	0	0	0	0
8289	オリンピック	2025	2025	1993	1993	5.4
8290	デンコードー	619	619	619	619	1
8291	東日カーライフ	187	187	186	186	5
8293	愛トヨ	770	770	770	770	1
8295	キャノンシステム	800	800	796	796	9
8298	ファミリー	245	245	245	245	1
8299	大栄太源	0	0	0	0	0
8301	日銀	65100	65100	65100	65100	0.1
8305	みずほＨ	692000	707000	690000	703000	4.809
8314	さくら銀行	665	669	662	669	2591
8315	東京三菱銀	1150	1151	1137	1150	1463
8318	三井住友銀行	1132	1140	1125	1140	986
8319	大和銀行	191	193	187	190	2038
8320	三和銀行	800	800	790	800	1841
8321	東海銀行	500	500	490	492	1073
8322	あさひ銀行	393	393	385	387	880
8324	第四銀	382	383	382	383	9
8325	北越銀	287	292	287	292	4
8326	福岡銀	480	487	478	478	187
8327	西日本シティ銀	433	434	420	434	23
8331	千葉銀	445	453	445	452	279
8332	横浜銀	513	515	510	515	411
8333	常陽銀	362	370	361	370	187
8334	群馬銀	538	560	538	560	27
8335	足利銀行	195	196	194	195	69
8336	武蔵銀	4150	4190	4150	4180	1.2
8337	千葉興	1059	1080	1059	1080	4.1
8338	関東つくば銀	1266	1350	1266	1340	2.3
8339	都民銀	2315	2355	2315	2355	0.6
8341	七十七	643	659	643	658	65
8342	青森銀	473	476	473	476	5
8343	秋田銀	416	417	416	417	21
8344	山形銀	517	525	517	524	12
8345	岩手銀	3980	3990	3980	3990	3.9
8346	東邦銀	400	401	400	401	11
8349	東北銀	220	220	220	220	1
8350	みちのく銀	643	650	643	646	3
8353	北海道銀行	122	123	121	122	24
8355	静岡銀	1030	1045	1025	1045	212
8356	十六銀	440	443	440	443	19
8357	北陸銀行	228	230	228	229	26
8358	スルガ銀	993	1035	991	1028	93
8359	八十二	586	604	585	604	42
8360	山梨銀	370	370	364	364	147
8361	大垣共立	585	595	585	595	27
8362	福井銀	298	298	297	297	8
8363	北国銀	444	449	444	449	10
8364	清水銀	4130	4130	4130	4130	0.7
8365	富山銀	0	0	0	0	0
8366	滋賀銀	490	490	489	489	38
8367	南都銀	355	366	355	366	42
8368	百五銀	433	434	433	434	13
8369	京都銀	509	513	506	513	20
8370	紀陽銀	287	290	271	284	251
8371	近畿大阪銀	0	0	0	0	0
8372	泉州銀	0	0	0	0	0
8374	三重銀	489	489	488	488	3
8375	池田銀	5360	5440	5360	5360	0.9
8379	広島銀	413	418	410	415	345
8380	山口銀	643	651	639	651	116
8381	山陰合銀	555	566	555	564	12
8382	中国銀	840	843	840	843	81
8383	鳥取銀	365	365	360	365	9
8385	伊予銀	617	630	617	630	20
8386	百十四	613	619	613	619	18
8387	四国銀	618	619	618	618	13
8388	阿波銀	495	496	495	496	6
8390	鹿児銀	418	423	417	420	19
8391	親和銀行	350	351	350	351	22
8392	大分銀	541	546	540	540	14
8393	宮崎銀	367	368	367	368	9
8394	肥後銀	405	415	402	414	15
8395	佐賀銀	362	369	362	362	18
8396	十八銀	432	448	432	443	55
8397	沖縄銀	2260	2260	2260	2260	0.2
8399	琉球銀	1508	1526	1501	1526	2.9
8402	三菱信託	785	785	773	784	764
8403	住友信	769	779	757	779	621
8404	みずほ信託銀	97	99	97	98	698
8405	日本信託	154	158	154	158	115
8407	東洋信託	368	368	361	367	415
8408	中央三井信	348	350	346	347	167
8421	信中金	390000	415000	390000	401000	0.858
8473	ＳＢＩＨＤ	1460000	1500000	1420000	1480000	0.394
8489	アプレック	270	270	260	260	4
8493	インター	795	795	795	795	4.1
8507	学研クレジット	531	535	530	530	3
8508	イッコー	370	370	370	370	1
8511	日証金	402	403	390	390	101
8512	大証金	205	205	199	200	80
8513	中証金	0	0	0	0	0
8515	アイフル	9290	9290	9110	9180	42.55
8518	アジア投資	265	272	260	267	189
8519	ポケットＣ	1800	1800	1750	1752	7.6
8520	殖産銀行	405	405	405	405	5
8521	長野銀	452	456	452	455	6
8522	名古屋銀	580	580	578	578	8
8524	北洋銀行	680	697	680	685	10
8527	愛知銀	7350	7360	7350	7360	0.4
8528	岐阜銀	0	0	0	0	0
8529	第三銀	441	448	441	448	54
8530	中京銀	439	440	439	440	10
8533	広島総合銀行	406	407	404	407	6
8536	東日銀	540	551	540	551	5
8537	大光銀	0	0	0	0	0
8539	福岡シティ銀	434	441	434	441	17
8541	愛媛銀	460	467	460	467	12
8542	トマト銀	0	0	0	0	0
8543	みなと銀	275	277	272	277	40
8544	京葉銀	311	312	310	311	31
8545	関西アーバン	118	120	118	119	42
8548	九州銀行	318	318	317	318	5
8549	せとうち銀行	0	0	0	0	0
8550	栃木銀	685	688	685	688	15
8551	北日銀	5520	5630	5520	5630	0.3
8552	びわこ銀	0	0	0	0	0
8556	香川銀	604	604	604	604	3
8558	東和銀	432	438	432	438	73
8561	徳島銀	677	690	677	680	12
8562	福島銀	317	323	317	323	4
8563	大東銀	325	329	325	329	12
8564	武富士	7200	7340	7100	7340	68.7
8565	三洋クレ	4050	4050	3850	3850	10.8
8566	リコーリース	1950	1951	1940	1940	3.2
8567	クレディア	1590	1650	1590	1650	4.5
8568	シンキ	799	810	788	791	6.5
8569	ユニココーポ	0	0	0	0	0
8570	イオンクレ	6700	6760	6580	6670	28.5
8571	ニッシン	4250	4250	4150	4220	5.5
8572	アコム	8760	8760	8450	8570	87.2
8573	三洋信販	3360	3370	3290	3300	13.5
8574	プロミス	7990	8030	7930	8030	114.4
8577	ロプロ	575	585	569	582	59.3
8579	東京リース	0	0	0	0	0
8580	ファーストクレジット	123	124	115	117	124
8583	日信販	146	148	143	148	710
8584	ジャックス	310	310	303	308	8
8585	オリコ	137	137	130	135	638
8586	日立キャピ	2130	2200	2125	2170	34.4
8588	セントラル	337	338	323	338	17
8589	アプラス	93	93	92	93	31
8591	オリックス	10970	11250	10970	11130	74.7
8592	住商リース	936	936	906	924	133
8593	ダイヤリース	1149	1149	1141	1145	13
8595	ジャフコ	11400	11600	11200	11400	177.8
8597	ＳＦＣＧ	11900	11950	11500	11530	6.3
8599	ＵＦＪセント	481	481	481	481	1
8601	大和証Ｇ	1187	1187	1171	1180	1072
8603	日興コーデ	892	899	867	879	2103
8604	野村ＨＤ	2140	2140	2105	2130	1268
8606	新光	338	340	332	339	548
8607	みずほイン証	132	135	131	135	220
8609	岡三ＨＤ	544	544	536	539	105
8610	さくらフレンド	200	200	195	199	65
8611	コスモ証	141	145	140	144	120
8613	丸三	474	475	470	470	11
8614	東洋	241	241	235	241	29
8615	三菱証	933	933	916	916	66
8616	東海東京	245	246	242	246	146
8617	光世	179	179	173	173	97
8621	ＵＦＪつばさ証券	369	369	361	368	80
8622	水戸	254	254	250	252	9
8623	ＳＭＢＣ証	205	205	202	202	31.5
8624	いちよし証	398	399	380	380	22
8625	高木	361	370	361	370	4
8626	マネックス	52500	54200	52000	53500	0.397
8627	イー・トレード	294000	309000	294000	300000	0.094
8691	証券代	790	790	790	790	5
8692	だいこう	389	389	389	389	5
8740	フジトミ	500	500	500	500	2
8741	スターフューチャーズ	800	800	800	800	1
8742	小林洋行	1230	1250	1230	1250	2.3
8743	ひまわり証	0	0	0	0	0
8744	日本ユニコム	0	0	0	0	0
8745	グローバリー	1220	1220	1220	1220	9
8746	第一商品	221	221	221	221	3
8747	豊商事	520	520	520	520	1
8748	岡藤商事	360	360	360	360	1
8749	エース交易	0	0	0	0	0
8751	東京海上火災	1291	1310	1280	1309	1055
8752	三井住友海上	662	670	660	670	375
8753	住友海上火災	749	749	743	749	644
8754	日本興亜	403	408	403	407	241
8755	損害保険Ｊ	662	672	662	672	444
8756	日産火災海上	389	390	383	386	130
8757	日新火	232	235	232	233	18
8758	千代田火災	304	306	303	304	69
8759	ニッセイ同和	256	257	252	252	136
8760	日動火災海上	595	601	595	601	95
8761	あいおい損保	335	335	329	330	54
8762	興亜火災	404	407	400	401	306
8763	富士火	192	197	191	192	820
8764	太陽火災	0	0	0	0	0
8765	大成火災海上	303	311	303	311	6
8801	三井不	1123	1130	1110	1130	723
8802	菱地所	1231	1234	1205	1226	754
8803	平和不	255	258	251	255	117.5
8804	東建物	184	185	183	185	211
8805	中央地	97	97	90	90	12
8806	ダイビル	830	830	815	820	12
8809	サンケビル	369	369	358	358	4
8810	港振興	0	0	0	0	0
8815	東急不	114	114	112	114	335
8817	阪急不動産	321	324	320	324	18
8818	京阪神不	303	303	301	301	2
8821	立飛企	1920	1920	1920	1920	1
8829	大和団地	208	212	207	212	22
8830	住友不	571	584	568	571	1059
8832	小田急不	186	186	180	180	3
8833	東宝不	372	376	368	376	17
8834	藤和不	52	52	51	52	60
8835	太平発	117	117	115	115	23
8836	ヒューネット	510	510	441	455	1246
8838	有楽地	164	164	160	163	14
8839	ニチモ	68	69	67	68	12
8840	大京	172	172	168	169	247
8841	テーオーシー	705	705	703	703	20
8842	楽天地	349	349	348	348	4
8844	リクコスモス	410	417	400	417	16
8845	セザール	191	191	190	190	25
8846	積和不動産	0	0	0	0	0
8848	レオパレス	222	229	222	223	102
8850	スターツ	695	695	695	695	1
8851	アバンライフ	0	0	0	0	0
8852	積和不動関西	306	306	306	306	1
8853	ダイヤシティ	315	315	315	315	1
8854	日住	210	210	210	210	1
8855	全日空ビル	0	0	0	0	0
8857	三井不動販売	492	493	492	493	4
8858	ダイア建	205	220	201	220	44
8860	フジ住	410	418	400	402	24
8863	積和不動中部	419	420	415	420	19
8864	空港施設	405	405	405	405	115
8865	神鋼興産	0	0	0	0	0
8866	コマーシャル	198	200	198	200	5
8867	横浜地下街	0	0	0	0	0
8868	ＵＲＢＡＮ	1520	1550	1450	1480	47.1
8869	明和地所	2030	2085	2020	2020	5.2
8870	住不販売	3700	3700	3670	3680	0.9
8871	ゴールドクレ	6800	6800	6670	6770	11
8872	エイブル	735	740	731	740	3
8873	積和不動中国	380	380	380	380	1
8874	ジョイント	2080	2115	2080	2105	4.9
8875	東栄住宅	1335	1340	1335	1335	0.8
8876	リロＨＤ	6400	6550	6400	6480	4.2
8877	エスリード	710	730	708	730	6.5
8878	日綜地所	1020	1020	1000	1010	14
8879	東急リバブル	610	615	610	610	5
8880	飯田産業	0	0	0	0	0
8881	日神不動産	1210	1210	1210	1210	0.1
8882	ゼファー	2210000	2210000	2200000	2200000	0.003
8884	ディックス	460	460	460	460	4
8886	ウッドフレン	410000	410000	400000	400000	0.003
8887	リベレステ	950000	990000	950000	970000	0.053
9001	東武	330	335	327	335	254
9002	西武鉄道	1360	1400	1360	1399	11
9003	相鉄	280	284	280	284	47
9004	箱根登山鉄道	0	0	0	0	0
9005	東急	614	621	614	620	622
9006	京急	454	455	453	455	329
9007	小田急	401	405	401	405	229
9008	京王	515	515	501	508	379
9009	京成	270	276	265	276	760
9010	富士急	368	368	368	368	4
9012	秩父鉄	0	0	0	0	0
9013	伊豆箱根鉄道	0	0	0	0	0
9014	新京成	264	264	264	264	1
9017	新潟交	285	285	285	285	4
9019	伊豆急行	0	0	0	0	0
9020	ＪＲ東日本	684000	688000	679000	686000	8.756
9021	ＪＲ西日本	520000	525000	509000	525000	2.816
9022	ＪＲ東海	717000	729000	717000	719000	0.633
9031	西鉄	280	280	275	276	68
9033	広電鉄	0	0	0	0	0
9036	東部ネット	0	0	0	0	0
9037	ハマキョウ	1190	1200	1190	1200	3
9038	東海西濃	0	0	0	0	0
9039	サカイ引越	1926	1926	1920	1920	1.5
9040	大宝運輸	0	0	0	0	0
9041	近鉄	468	475	468	470	191
9042	阪急ＨＤ	363	368	363	367	250
9043	阪神	291	292	290	292	73
9044	南海電	363	364	360	364	9
9045	京阪電	347	347	346	346	27
9046	神電鉄	420	422	420	422	11
9047	名糖運輸	980	1035	960	1035	10
9048	名鉄	303	308	303	307	170
9049	京福電	170	170	170	170	2
9050	三重交	335	335	335	335	4
9051	センコン物流	0	0	0	0	0
9052	山陽電	255	260	255	260	12
9053	中央運輸	0	0	0	0	0
9054	大和物流	430	430	430	430	1
9055	アルプス物流	521	535	521	521	7
9056	ヒューテック	1160	1160	1160	1160	2
9057	遠州トラック	660	660	660	660	2
9058	トランコム	390	395	386	395	4
9059	カンダ	0	0	0	0	0
9060	日ロジテム	275	275	275	275	4
9061	富士物流	0	0	0	0	0
9062	日通	675	695	673	689	932
9063	岡県運送	0	0	0	0	0
9064	ヤマト運	2170	2170	2125	2145	454
9065	山九	95	95	92	95	86
9066	日新	180	190	180	189	9
9067	丸運	186	190	186	189	4
9068	丸全運	194	195	190	195	66
9069	センコー	212	213	210	213	88
9070	トナミ	206	210	206	206	8
9072	日梱包	705	705	705	705	1
9073	京極運	0	0	0	0	0
9074	日石輸	180	180	180	180	9
9075	福山運	482	483	475	480	63
9076	西濃運	479	500	476	491	324
9077	名鉄運	0	0	0	0	0
9078	エスライン	0	0	0	0	0
9079	東急ロジ	0	0	0	0	0
9080	関東西濃	0	0	0	0	0
9081	神奈交	0	0	0	0	0
9082	大和自	219	219	219	219	1
9083	神姫バ	0	0	0	0	0
9086	日立物流	550	579	550	575	11
9087	タカセ	226	226	226	226	2
9088	濃飛西濃	0	0	0	0	0
9089	ロジパル	0	0	0	0	0
9101	郵船	466	478	461	473	1609
9104	商船三井	211	213	211	213	957
9107	川崎汽	172	174	170	172	1563
9110	新和海	60	62	60	60	64
9113	乾汽船	62	62	61	61	2
9114	日之出汽船	44	47	44	45	52
9115	明治海	150	151	150	151	4
9119	飯野海	145	149	145	147	57
9123	太平海	48	48	46	47	19
9127	玉井船	38	39	38	39	2
9130	共栄タ	102	103	101	103	5
9132	第一汽	44	44	43	44	40
9133	東栄リーファ	116	116	116	116	3
9151	東京船舶	0	0	0	0	0
9152	関西汽	42	42	40	42	74
9171	栗林船	190	190	190	190	2
9173	東海汽	0	0	0	0	0
9174	ワンダーＴ	230	230	225	226	6
9176	佐渡汽	0	0	0	0	0
9178	日鉄物流	0	0	0	0	0
9179	川崎近海	160	160	160	160	3
9180	新和内航	0	0	0	0	0
9193	東京汽	0	0	0	0	0
9201	日本航空	521	526	519	523	881
9202	ＡＮＡ	390	391	387	390	1256
9203	日本エアシス	3760	3760	3720	3730	0.7
9204	スカイマーク	85000	87000	85000	86600	0.059
9231	国際航	492	492	484	490	17
9232	パスコ	370	370	360	370	20
9233	アジア航	305	308	305	308	4
9301	三菱倉	1030	1043	1010	1043	147
9302	三井倉	213	217	213	216	64
9303	住友倉	285	287	281	287	96
9304	渋沢倉	230	230	229	230	7
9305	ヤマタネ	112	113	112	113	12
9306	東陽倉	191	191	191	191	1
9307	杉村倉	0	0	0	0	0
9308	イヌイ建	359	359	350	350	8
9309	京神倉庫	370	400	370	400	4
9310	トランシティ	190	190	189	189	30
9311	アサガミ	0	0	0	0	0
9312	ケイヒン	137	137	137	137	9
9313	丸八倉	0	0	0	0	0
9314	品川倉	0	0	0	0	0
9317	オーナミ	110	110	110	110	1
9318	Ｊブリッジ	230	230	220	230	7
9319	中央倉	0	0	0	0	0
9320	三和倉	0	0	0	0	0
9321	アイロジステ	142	145	142	145	6
9322	川西倉	640	640	635	640	3
9323	ロジステック	0	0	0	0	0
9324	安田倉	0	0	0	0	0
9351	洋埠頭	135	137	134	136	33
9353	桜島埠	0	0	0	0	0
9355	リンコー	111	111	111	111	1
9357	名港海	0	0	0	0	0
9358	宇徳運	126	126	126	126	3
9359	伊勢湾	0	0	0	0	0
9360	鈴与シンワ	0	0	0	0	0
9361	伏木運	0	0	0	0	0
9362	兵機海	0	0	0	0	0
9363	大運	49	49	49	49	12
9364	上組	497	497	492	494	53
9365	トレーディア	108	108	108	108	1
9366	サンリツ	660	661	630	630	3.6
9367	大東港運	0	0	0	0	0
9368	キムラユニテ	500	500	500	500	2
9369	キユソ流通	1081	1123	1081	1123	2
9370	郵船航空	1820	1850	1820	1850	1.5
9373	ニッコウトラ	1210	1210	1210	1210	1
9374	軽貨急配	891	915	873	915	12
9375	近鉄エクス	1000	1030	1000	1020	9
9401	ＴＢＳ	3280	3440	3270	3370	352
9402	ＣＢＣ	900	900	899	900	1.9
9404	日テレ	40000	40050	39350	39900	19.36
9405	朝日放	10200	11000	10200	10800	3.72
9408	新潟放	700	700	700	700	10.1
9409	テレビ朝日	312000	315000	311000	311000	0.143
9432	ＮＴＴ	855000	855000	843000	854000	7.841
9433	ＫＤＤＩ	574000	574000	560000	574000	2.518
9434	ボーダフォン	2260000	2270000	2150000	2270000	0.375
9435	光通信	1887	1949	1881	1931	53.8
9436	沖縄セルラー	226000	226000	225000	225000	0.009
9437	ＮＴＴドコモ	2180000	2190000	2100000	2130000	8.384
9438	ＭＴＩ	298000	316000	282000	305000	0.283
9439	ビーアイジー	280000	285000	275000	275000	0.006
9441	ベルパーク	0	0	0	0	0
9442	ＪＳＡＴ	710000	716000	699000	709000	0.269
9443	インテックコミュ	550	600	550	600	7
9444	トーシン	197000	197000	197000	197000	0.001
9445	フォバルテレ	0	0	0	0	0
9449	ＧＭＯインター	990	990	900	900	26
9470	学研	142	142	140	142	86
9471	文渓堂	0	0	0	0	0
9472	エスコム	245	245	240	245	30
9473	アスキー	520	610	512	610	19
9474	ゼンリン	1500	1500	1441	1442	7.6
9475	昭文社	1180	1203	1150	1170	22.1
9476	中央経済	0	0	0	0	0
9477	角川ＨＤ	3000	3000	2950	3000	8.9
9478	翔泳社	1300000	1340000	1280000	1300000	0.014
9479	インプレスＨＤ	341000	368000	340000	368000	0.093
9501	東電	2800	2850	2790	2845	1638.2
9502	中部電	1972	1990	1961	1987	1114.4
9503	関西電	1915	1948	1915	1945	709.8
9504	中国電	1595	1600	1593	1595	102.2
9505	北陸電	1505	1505	1499	1503	69.1
9506	東北電	1507	1520	1499	1520	135.2
9507	四国電	1500	1530	1500	1530	49.2
9508	九州電	1600	1604	1596	1600	312
9509	北海電	1446	1458	1443	1458	107.3
9511	沖縄電	1950	1950	1950	1950	2
9531	東ガス	333	334	328	334	3561
9532	大ガス	340	350	335	350	6215
9533	邦ガス	204	206	204	206	330
9534	北ガス	201	201	199	199	4
9535	広ガス	267	267	267	267	4
9536	西部ガス	152	154	152	152	74
9537	北陸ガ	0	0	0	0	0
9539	葉ガス	0	0	0	0	0
9540	中ガス	229	229	229	229	1
9541	大多喜ガス	0	0	0	0	0
9542	新日ガス	0	0	0	0	0
9600	アイネット	0	0	0	0	0
9601	松竹	490	490	488	488	12
9602	東宝	15580	15780	15580	15620	12
9603	ＨＩＳ	1880	2040	1880	1990	170.8
9604	際放映	130	130	130	130	6
9605	東映	401	409	399	406	209
9607	葵プロ	1041	1041	1040	1040	5.5
9608	福山コンサル	200	200	199	199	9
9609	ベンチャーリ	5890	5900	5800	5900	6.2
9610	ウィルソン	2100	2100	2100	2100	0.4
9611	Ｄワンダー	880	880	880	880	1
9612	ラックランド	2700	2710	2700	2700	1.1
9613	ＮＴＴデータ	810000	810000	786000	800000	3.645
9614	ベルシス24	46300	48000	45100	47900	5.15
9615	東京美装	397	397	397	397	1
9616	共立メンテ	1910	1950	1900	1950	0.4
9618	エームサービス	1200	1200	1200	1200	1
9619	イチネン	0	0	0	0	0
9620	スクウェア	3050	3050	3000	3030	15.9
9621	建設技研	570	577	551	577	5.6
9622	スペース	490	490	475	475	3.4
9623	キヤノンソフ	0	0	0	0	0
9624	長大	420	420	419	419	9
9625	セレスポ	0	0	0	0	0
9626	日本技開	187	187	187	187	1
9627	アインファマ	0	0	0	0	0
9628	燦ＨＤ	4490	4490	4440	4440	0.3
9629	ＰＣＡ	1211	1312	1211	1310	5.5
9630	アップ	0	0	0	0	0
9631	東急レク	595	595	591	591	3
9632	スバル	335	335	333	334	7
9633	テアトル	165	166	163	164	20
9634	修学社	525	561	525	550	12
9635	武蔵野	440	440	440	440	1
9636	きんえい	330	330	330	330	2
9637	オーエス	0	0	0	0	0
9638	情報技術	0	0	0	0	0
9639	三協フロンテ	298	298	298	298	4
9640	セゾン情報	694	694	690	690	3
9641	サコス	86	86	85	85	11
9642	コマスタ	0	0	0	0	0
9643	中日興	0	0	0	0	0
9644	タナベ経営	277	290	277	290	4.8
9645	ダイヤモンドコン	912	912	907	911	12.7
9646	タイトー	65200	66000	64000	65500	0.077
9647	協和コンサル	0	0	0	0	0
9648	ウエスコ	260	264	260	264	2.1
9649	明電エンジニア	574	574	557	573	44.9
9650	テクモ	820	822	800	805	8.4
9651	日本プロセス	0	0	0	0	0
9652	日本医療	1530	1530	1500	1500	2.4
9653	ＳＢＩパートナ	366	366	350	350	7
9654	コーエー	3250	3300	3130	3250	15.8
9656	三井ランド	449	455	422	455	0.8
9657	コムテック	0	0	0	0	0
9658	ビジ太田昭	419	419	410	410	2
9660	ＣＲＣソリュ	1640	1640	1490	1490	2
9661	歌舞伎	3880	3880	3880	3880	1
9663	ナガワ	550	550	550	550	3
9664	御園座	0	0	0	0	0
9665	吉本興	870	900	870	900	6
9667	ホリプロ	640	640	640	640	1
9668	相鉄企業	500	515	500	515	2
9669	オークネット	3200	3250	3150	3230	2.3
9671	よみランド	330	339	327	339	9
9672	東競馬	110	112	110	111	58
9673	甲子園土地	40	40	40	40	3
9674	花月園	184	184	180	180	2
9675	常磐興	138	141	138	141	24
9676	松戸公産	379	379	379	379	2
9677	日本ジャンボ	486	487	486	487	0.6
9678	カナモト	445	455	445	446	20
9679	ホウライ	0	0	0	0	0
9680	共成レンテム	0	0	0	0	0
9681	東京ドーム	430	438	425	438	213
9682	ＤＴＳ	6400	6620	6400	6470	12.7
9684	スク・エニ	3130	3150	3080	3140	15.2
9685	共同コンＨＤ	0	0	0	0	0
9686	東洋テック	0	0	0	0	0
9687	ＫＳＫ	400	400	400	400	1
9689	グリンハウス	1470	1480	1470	1470	6
9691	両毛システム	980	980	980	980	1
9692	シーイーシー	1190	1210	1190	1205	16.8
9694	日立ソフト	8500	8700	8250	8500	152.9
9695	鴨川グランド	0	0	0	0	0
9696	ウィザス	0	0	0	0	0
9697	カプコン	4040	4040	3980	4040	32
9698	クレオ	766	766	766	766	1
9699	西尾レント	630	640	630	640	10.1
9700	エスアールエル	921	950	921	950	20
9701	会舘	0	0	0	0	0
9702	アイエスビー	0	0	0	0	0
9703	ジェネラスコーポ	76	76	75	75	26
9704	東海観	52	56	52	54	879
9706	日本空港ビル	987	987	980	983	114
9707	メデカＪ	736	750	725	730	34
9708	帝ホテル	0	0	0	0	0
9709	日コンピュタ	500	500	491	491	4
9711	日コンシス	0	0	0	0	0
9712	ファイ	265	268	250	255	181
9713	ロイヤルホ	197	199	197	197	6
9714	ＳＲＡ	1380	1440	1330	1400	3.1
9715	トランスコス	5070	5590	4900	5140	348.4
9716	乃村工芸社	328	328	311	311	3
9717	ジャステック	0	0	0	0	0
9718	国際観光会館	193	193	193	193	2
9719	住商情報	6350	6540	6330	6540	7
9720	グランド	0	0	0	0	0
9722	藤田観	515	516	511	511	8
9724	新阪急ホテル	162	168	162	168	2
9725	東急ホテル	166	199	163	191	1226
9726	近ツーリスト	269	269	265	267	45
9727	東急観光	116	117	115	117	5
9728	日本管財	1257	1301	1257	1300	2
9729	トーカイ	0	0	0	0	0
9730	ワオコーポ	310	310	310	310	2
9731	白洋舎	370	370	355	355	24
9732	東映ラボ	200	200	200	200	1
9733	ナガセ	798	798	798	798	1
9734	精養軒	0	0	0	0	0
9735	セコム	7640	7750	7440	7750	148.5
9736	白青舎	155	155	155	155	1
9737	ＣＳＫ	1467	1661	1430	1661	1143
9738	インテック	1350	1350	1344	1345	17
9739	ＮＳＷ	7400	7400	7110	7200	7.4
9740	ＣＳＰ	590	590	590	590	2
9741	日立情報	3990	3990	3920	3930	18.9
9742	アイネス	1117	1145	1086	1127	13.6
9743	丹青社	372	373	372	372	3
9744	メイテック	3650	3720	3600	3680	33.6
9746	ＴＫＣ	1831	1831	1804	1818	7.5
9747	アサツーＤＫ	2750	2895	2750	2860	18.1
9748	ＮＪＫ	0	0	0	0	0
9749	富士ソフト	7950	7990	7810	7810	65.1
9750	ソラン	1440	1440	1379	1380	17
9751	ＴＩＳ	6160	6160	6100	6100	3
9752	ナムコ	2125	2125	2080	2110	111.9
9753	ＩＸナレッジ	500	500	500	500	1
9755	応用地質	1202	1210	1201	1202	5.7
9756	ＡＳＫ	510	515	500	515	22
9757	船井研	560	560	540	540	2
9758	ジシステム	420	430	401	430	10
9759	日システムデ	10500	10500	10310	10470	13.9
9760	進学会	358	358	358	358	1
9761	東海リース	157	157	154	157	14
9762	大和リース	306	308	306	307	78
9763	丸紅リ	75	75	75	75	4
9764	技研興	0	0	0	0	0
9765	オオバ	118	118	118	118	1
9766	コナミ	8590	8600	8330	8490	110.4
9767	日建工学	0	0	0	0	0
9768	国土環境	600	600	600	600	4
9769	学究社	0	0	0	0	0
9776	札臨	270	330	270	330	10
9777	日電計算	1490	1491	1450	1472	15.1
9778	昴	485	485	485	485	2
9779	メフォス	0	0	0	0	0
9780	ビステム	0	0	0	0	0
9781	石川島汎サ	450	450	450	450	2
9782	ＤＭＳ	420	420	420	420	1
9783	ベネッセ	4130	4170	4040	4170	26.5
9784	日工検	1350	1350	1350	1350	0.5
9785	大新東	0	0	0	0	0
9786	キャッツ	3120	3170	3120	3140	22.5
9787	Ｊメンテ	808	820	800	820	7.5
9788	ナック	610	630	610	628	7.7
9789	栄光	0	0	0	0	0
9790	福井コン	590	600	580	580	10
9791	ビケンテクノ	541	541	540	540	3
9792	ニチイ学館	2760	2770	2720	2770	11.7
9793	ダイセキ	1891	1893	1860	1891	14.4
9794	カラカミ観光	0	0	0	0	0
9795	ステップ	0	0	0	0	0
9796	ダイテック	951	971	951	951	1.1
9797	大日本コン	230	230	230	230	1.2
9798	シダックス	1670	1700	1670	1700	3.2
9799	旭情報	920	920	901	901	4
9810	日鉄商	88	89	88	89	16
9811	アスティス	0	0	0	0	0
9812	テーオー	0	0	0	0	0
9813	トッキ	2650	3030	2600	2940	90
9814	アシックス商	609	609	609	609	9
9815	カテナ	850	859	840	845	51
9816	バーテックス	0	0	0	0	0
9817	ゴトー	0	0	0	0	0
9818	大丸エナ	775	775	748	748	5
9820	エムティＧ	179	185	179	185	6
9822	なが多	53	54	51	52	428
9823	マミーマート	0	0	0	0	0
9824	泉州電	0	0	0	0	0
9825	アズウェル	449	449	425	440	45.3
9826	ＪＥＵＧＩＡ	0	0	0	0	0
9827	リリカラ	127	127	127	127	7
9828	元気寿司	1053	1053	1053	1053	1
9829	ながの東急	395	395	395	395	1
9830	トラスコ中山	1386	1386	1338	1339	1.5
9831	ヤマダ電	9000	9330	8990	9300	21.3
9832	オートバクス	2370	2370	2340	2360	4.1
9833	エルクコーポ	720	720	700	700	3
9834	リオチェン	380	380	380	380	2
9835	ジュンテン	200	205	200	205	3
9836	リーバイス	400	400	400	400	2
9837	モリト	0	0	0	0	0
9838	トラベラー	0	0	0	0	0
9839	ゲッツブラザーズ	0	0	0	0	0
9840	ホーマック	930	940	899	899	25
9841	ＢＭＢ	311	311	300	311	52
9842	アークランド	0	0	0	0	0
9844	ユーエスシー	1120	1120	1080	1080	10
9845	パーカー	225	225	225	225	1
9846	天満屋ス	0	0	0	0	0
9847	ソリスト	621	621	620	620	3
9848	トヨタカローラ岐阜	0	0	0	0	0
9849	河内屋紙	0	0	0	0	0
9850	グルメ杵屋	810	810	810	810	1
9852	中央物産	0	0	0	0	0
9853	銀座ルノア	0	0	0	0	0
9854	愛眼	760	780	760	760	1
9855	くろがねや	338	338	335	335	2
9856	ケーユー	735	735	735	735	0.1
9857	英和	368	368	368	368	3
9858	明光商会	1540	1540	1510	1540	1.9
9859	ユーストア	0	0	0	0	0
9860	岐阜日野	0	0	0	0	0
9861	吉野家ディー	216000	218000	214000	218000	0.247
9862	メモレックス・テレ	160	160	147	147	4
9863	靴のマルトミ	3	4	2	3	140.7
9864	ナカイ	0	0	0	0	0
9865	日商エレク	2630	2640	2600	2630	48
9867	ソレキア	385	385	375	385	22
9868	トリイ	276	286	276	286	5
9869	加藤産	640	640	639	640	13
9870	ハナテン	1799	1809	1719	1809	0.4
9871	イトーキ	260	260	260	260	1
9872	北恵	185	185	185	185	2
9873	ケンタッキー	1535	1550	1516	1521	56
9875	マツモトキヨ	3390	3400	3260	3260	40
9876	コックス	0	0	0	0	0
9877	マルフル	0	0	0	0	0
9878	セキド	0	0	0	0	0
9879	フタタ	0	0	0	0	0
9880	イノテック	1900	1930	1850	1930	8
9882	イエロハット	800	804	782	782	4.7
9883	富士エレ	1410	1410	1380	1400	4
9884	都築電産	550	550	550	550	2
9885	シャルレ	575	575	575	575	1
9887	松屋フーズ	1540	1594	1510	1551	16.4
9888	ＵＥＸ	0	0	0	0	0
9889	ＪＢＣＣ	1500	1530	1425	1430	38
9890	マキヤ	1150	1200	1150	1200	3
9892	卑弥呼	1200	1210	1200	1210	11
9893	ホームワイド	370	370	370	370	5
9894	アトル	625	625	625	625	11
9895	コンセック	220	220	220	220	4
9896	Ｊ建材	546	549	546	549	3
9897	ユニダックス	649	649	610	610	10
9898	サハダイヤ	110	110	87	89	1045
9899	サンデサン	0	0	0	0	0
9900	サガミ	870	870	867	868	6
9901	宮	700	700	700	700	3
9902	日伝	0	0	0	0	0
9903	カンセキ	105	105	105	105	1
9904	ベリテ	209	209	209	209	2
9905	コージツ	0	0	0	0	0
9906	藤井産業	400	400	400	400	1
9907	大電社	493	493	493	493	1
9908	日本電計	481	481	481	481	1
9909	愛光電気	225	225	215	215	4
9911	真電	361	361	361	361	1
9912	ダイワボ情	1265	1275	1258	1265	11
9913	日邦産業	225	235	220	225	7
9914	植松商会	165	166	165	166	4
9915	アサヒビールＳ	590	600	590	590	5
9916	バイタルＮ	700	720	700	720	4.4
9917	マツモト電器	0	0	0	0	0
9918	ダイワラクダ	360	360	360	360	1
9919	関西スーパ	0	0	0	0	0
9920	シービーエム	0	0	0	0	0
9921	ギガス	0	0	0	0	0
9922	日立機材	490	490	485	485	1.5
9923	ダイトーエム	0	0	0	0	0
9924	ドミー	0	0	0	0	0
9925	北の家族	581	610	581	582	14
9926	ダイカ	312	312	312	312	1
9927	ワットマン	0	0	0	0	0
9928	ミロク情報	755	758	740	754	26.5
9929	平和紙業	580	580	580	580	6
9930	北沢産	228	237	228	237	5
9931	家族亭	625	625	624	624	4
9932	杉本商	0	0	0	0	0
9934	因幡電産	1240	1240	1207	1207	5.8
9935	あずみ	0	0	0	0	0
9936	王将フード	941	941	940	940	2
9937	セシール	810	825	790	800	6.9
9938	住金物産	82	89	82	89	56
9939	すみや	329	329	295	295	4
9941	太洋物産	0	0	0	0	0
9943	ココス	598	598	598	598	1
9944	インパクト	985	995	976	985	2.8
9945	プレナス	3690	3690	3680	3680	0.2
9946	ミニストップ	2060	2100	2060	2100	6.4
9947	シムリー	677	677	615	630	1.4
9948	アークス	669	669	669	669	1
9949	タイヨー	0	0	0	0	0
9950	ハチバン	504	504	504	504	1
9951	カーマ	526	544	526	544	1
9952	ドトール	7550	7660	7510	7510	5.6
9953	ダイキ	1219	1256	1219	1220	9.4
9954	東京小僧寿し	450	460	445	460	6
9955	ヨンキュウ	1650	1650	1640	1640	1.6
9956	バロー	0	0	0	0	0
9957	バイテック	1550	1580	1550	1580	0.5
9958	サリ	145	149	145	149	5
9959	アシード	0	0	0	0	0
9960	東テク	0	0	0	0	0
9961	エムオーテック	0	0	0	0	0
9962	駿河製機	6780	6980	6780	6900	17.3
9963	江守商事	400	400	400	400	1
9964	アイ・テック	0	0	0	0	0
9965	福原	360	360	360	360	2
9966	藤久	1580	1580	1550	1550	1.9
9967	堺商事	212	212	212	212	2
9968	イチヤ	190	192	180	182	206
9969	ショクブン	800	800	795	795	2
9970	東洋オフィス	390	390	390	390	2
9971	カウボーイ	535	600	530	565	10
9972	アルテック	754	754	710	739	10.8
9973	小僧本部	1150	1150	1150	1150	1
9974	ベルク	0	0	0	0	0
9975	マルヤ	2950	2950	2950	2950	1
9976	セキチュー	510	510	510	510	2
9977	アオキスーパ	0	0	0	0	0
9978	文教堂	650	650	641	645	7
9979	大庄	1170	1189	1170	1180	18.5
9980	マルコ	690	690	684	689	1.4
9981	ニック産業	600	600	600	600	1
9982	タキヒヨー	455	455	455	455	1
9983	ファストリ	23000	23990	22470	23530	155.5
9984	ソフトバンク	3990	4410	3920	4230	5342.7
9985	榮太郎	730	730	725	730	4
9986	蔵王産業	0	0	0	0	0
9987	スズケン	3420	3430	3390	3390	5.6
9988	神港魚類	407	407	407	407	2
9989	サンドラッグ	3800	3850	3800	3850	0.9
9990	東京デリカ	393	393	393	393	2
9991	ジェコス	282	290	280	288	3.2
9992	理研グリン	0	0	0	0	0
9993	ヤマザワ	1060	1060	1060	1060	1
9994	やまや	400	400	400	400	0.3
9995	イーストン	480	495	480	485	9
9996	サトー商会	0	0	0	0	0
9997	ベルーナ	2800	2800	2710	2790	11.5
