20001121
1001	日経２２５	14413	14415	14211	14408	59.858
1002	ＴＯＰＩＸ	1360	1360	1343	1358	59.858
1301	極洋	141	141	140	140	146
1319	日経300F	269	269	266	266	483
1331	ニチロ	186	191	185	189	697
1332	日水	174	175	171	175	465
1333	マルハ	132	132	129	131	244
1351	宝幸水産	65	65	64	65	67
1352	ホウスイ	82	82	81	82	16
1376	カネコ種	730	730	730	730	2
1377	サカタタネ	1960	1980	1940	1980	24.8
1378	雪国まいたけ	601	601	600	601	4
1379	ホクト	3500	3520	3480	3510	7
1380	秋川牧園	0	0	0	0	0
1491	中外鉱	139	142	136	139	2009
1501	三井鉱山	89	89	85	89	246
1503	住友炭	61	61	58	60	145
1515	日鉄鉱	225	225	217	224	64
1518	三井松島	150	153	147	147	35
1601	帝石	567	572	550	572	590
1603	アラビア石油	956	1016	932	1016	4201.9
1661	ガス開	600	600	554	570	99
1701	昭和鉱	264	264	257	257	15
1702	共立マテリア	0	0	0	0	0
1735	伊田テクノス	0	0	0	0	0
1736	オーテック	250	250	250	250	3
1737	三井エンジ	312	312	311	311	5
1738	ＮＩＴＴＯＨ	313	313	300	300	3
1739	ＳＥＥＤ	0	0	0	0	0
1740	極東工業	344	344	342	342	3
1741	ミサワサンイ	750	750	750	750	1
1742	セコムテクノ	2450	2455	2405	2405	4
1743	コーアツ工業	0	0	0	0	0
1744	キョーエイ	0	0	0	0	0
1745	ミサワホーム東海	0	0	0	0	0
1746	光和建設	0	0	0	0	0
1748	ミサワ北日	0	0	0	0	0
1750	カナック	0	0	0	0	0
1751	日立プラサ	0	0	0	0	0
1752	富士通シス	1121	1122	1121	1122	3
1753	土屋ツバイ	0	0	0	0	0
1754	東新住建	665	665	660	665	3
1755	JFE工建	346	346	345	345	12
1756	和興エンジ	0	0	0	0	0
1757	千年の杜	249	258	249	255	25
1758	太洋基礎	470	470	450	450	2
1759	ジオトップ	222	222	222	222	1
1762	高松建設	1240	1240	1240	1240	0.5
1763	北陸ミサワ	0	0	0	0	0
1764	工藤建設	250	250	250	250	3
1765	イビデンテック	0	0	0	0	0
1766	東建コーポ	1000	1000	990	990	5
1767	沖ウィン	385	385	380	385	3
1768	ソネック	212	212	212	212	1
1770	藤田エンジ	435	440	420	420	20
1772	東北エンタープライズ	210	210	210	210	2
1774	機動建	220	220	220	220	3
1775	富士電Ｅ＆Ｃ	238	239	238	239	2
1776	三井住建道路	90	90	87	90	5
1777	川崎設備	386	386	386	386	16
1778	古河総設	175	175	175	175	1
1779	松本建工	0	0	0	0	0
1780	ヤマウラ	349	349	344	346	11.5
1781	国土総合	251	251	251	251	7
1782	常磐開発	0	0	0	0	0
1783	南野建設	0	0	0	0	0
1784	サワコー	135	135	125	127	99.7
1785	ナナボシ	424	425	424	425	6
1786	オリ建	380	390	371	390	6.7
1787	ナカボテック	174	174	174	174	3
1788	三東工業	219	219	219	219	1
1789	山加電業	275	280	275	280	2.9
1790	平和奥田	350	350	341	341	6
1791	三井木材	115	116	114	116	21
1792	みらい建設Ｇ	194	195	192	193	5
1793	大本組	0	0	0	0	0
1795	マサル	0	0	0	0	0
1796	トヨタウッド	241	243	241	243	0.8
1797	藤木工務店	0	0	0	0	0
1798	守谷商会	465	465	465	465	3
1799	第一建設	230	230	230	230	1
1800	利塚地下技術	272	290	270	281	19
1801	大成建	156	159	156	158	591
1802	大林組	443	455	443	455	1142
1803	清水建	305	312	302	309	856
1804	佐藤工業	40	40	39	39	203
1805	飛島建	40	42	40	40	139
1806	ACリアル	28	29	27	28	715
1807	渡辺組	0	0	0	0	0
1808	長谷工	24	25	23	23	1149
1809	富士工	31	32	27	27	368
1810	松井建	296	296	295	295	5
1811	銭高組	230	230	230	230	9
1812	鹿島	294	295	289	293	824
1813	不動建	112	117	111	117	108
1814	大末建	38	39	35	35	177
1815	鉄建	85	86	84	85	333
1816	安藤建	188	193	188	191	38
1817	勝村建	115	120	115	116	10
1818	日産建設	70	70	68	68	12
1819	太平工	136	136	120	123	65
1820	西松建	348	352	346	352	307
1821	三井住友建	60	60	55	55	110
1822	大豊建	132	135	130	134	54
1823	住友建設	65	65	62	62	211
1824	前田建	395	401	395	398	76
1825	環境建設	96	103	96	101	388
1826	佐田建	105	125	105	123	115
1827	ナカノフドー建	71	71	70	70	32
1828	田辺工業	430	430	430	430	3
1829	大和建設	0	0	0	0	0
1830	共栄冷機工業	0	0	0	0	0
1831	積水ハ北陸	688	688	688	688	1
1833	奥村組	315	318	312	318	263
1834	小田急建	210	214	210	214	2
1835	東鉄工	200	205	199	199	21
1836	大日本土木	142	143	142	142	10
1837	間組	40	40	38	39	283
1838	古久根建設	77	77	73	73	4
1839	真柄建	127	128	125	128	14
1840	土屋ホーム	249	260	249	260	6.7
1841	サンユ	0	0	0	0	0
1842	昭和テクノ	980	980	980	980	2
1844	大盛工業	85	86	85	86	4
1845	森本組	86	89	86	89	7
1846	鈴縫工	0	0	0	0	0
1847	イチケン	90	90	88	90	8
1848	富士ＰＳ	0	0	0	0	0
1850	南海辰村建	67	67	67	67	4
1851	大木建設	195	196	192	195	18
1852	浅沼組	138	138	132	133	12
1853	森組	0	0	0	0	0
1854	新井組	87	88	85	87	37.2
1855	東急建設	63	64	61	61	67
1856	ジェイオー建設	201	201	201	201	1
1857	松村組	67	68	67	68	14
1858	井上工	50	51	50	50	42
1860	戸田建	458	458	445	445	173
1861	熊谷組	25	25	22	22	1730
1862	横河工事	0	0	0	0	0
1863	テトラ	199	199	194	194	4
1865	青木あすなろ建	0	0	0	0	0
1866	北野建	210	211	207	207	28
1867	植木組	165	172	165	172	7
1868	三井ホーム	385	390	385	387	5
1869	名工建	439	439	439	439	2
1870	矢作建	390	396	390	394	9
1871	ピーエス三菱	340	340	333	334	3.8
1872	アゼル	197	198	195	195	39
1873	東ハウス	293	295	290	292	34
1874	佐藤秀	0	0	0	0	0
1875	青木マリン	0	0	0	0	0
1877	川田建設	0	0	0	0	0
1878	大東建	1680	1705	1675	1700	215.1
1879	新日本建	199	200	194	200	4
1880	スルガコーポ	1380	1380	1380	1380	1
1881	ＮＩＰＰＯ	447	447	436	439	39
1882	東亜道	185	190	185	190	6
1883	前田道	450	459	441	441	111
1884	日道路	153	159	151	159	44
1885	東亜建	122	124	120	120	264
1886	青木建設	21	21	20	20	574
1888	若築建	95	95	93	94	39
1889	佐伯建	108	108	106	107	30
1890	東洋建	65	65	63	63	58
1892	徳倉建	240	240	240	240	1
1893	五洋建	131	132	129	132	242
1895	大成ロテック	146	147	145	145	27
1896	大林道	257	257	250	250	11
1897	金下建	500	500	500	500	7
1898	世紀東急	68	69	68	69	9
1899	福田組	260	268	260	268	36
1900	白石	330	330	320	320	15
1902	山崎建設	0	0	0	0	0
1904	大成温調	0	0	0	0	0
1905	テノックス	0	0	0	0	0
1906	細田工務	300	300	300	300	1
1907	東北ミサワ	552	552	552	552	0.5
1908	三平建設	0	0	0	0	0
1909	日本ドライ	250	251	230	233	18
1910	フドウ建研	0	0	0	0	0
1911	住友林	667	667	620	620	91
1912	ミサワセラミ	0	0	0	0	0
1913	旭ホームズ	0	0	0	0	0
1914	日基技	400	407	400	405	14.6
1915	東京ミサワホーム	295	298	295	298	5
1916	日成ビルド	105	105	95	99	108
1917	ニッセキハウス	105	115	104	115	1525
1919	エスバイエル	231	234	228	230	185
1920	殖産住宅相互	58	60	54	58	498
1921	巴	171	171	170	170	2
1922	大成ユーレック	94	94	90	92	31
1923	ミサワホーム	300	312	300	312	101
1924	パナホーム	710	710	703	710	74
1925	大和ハウス	681	690	670	690	746
1926	ライト	376	379	371	375	34
1927	中 部	320	335	319	335	2.8
1928	積ハウス	1055	1075	1055	1069	1050
1929	日特建	139	141	136	140	17
1930	北陸電工	281	281	274	274	2
1931	日本電通	288	288	288	288	1
1932	コミュチュア	451	451	451	451	1
1933	西シス建	0	0	0	0	0
1934	ユアテック	338	341	337	341	12
1935	ＴＴＫ	218	218	218	218	10
1936	シーキューブ	231	231	230	230	10.3
1937	西部電工	0	0	0	0	0
1938	千歳電	0	0	0	0	0
1939	四電工	360	364	360	364	12
1940	つうけん	228	228	225	228	13
1941	中電工	1235	1245	1224	1245	44
1942	関電工	553	559	543	545	287
1943	大明	850	853	842	845	89
1944	きんでん	670	705	670	700	214
1945	東京エネシス	363	365	360	362	16
1946	トーエネク	404	407	404	404	14
1947	日本コムシス	2275	2275	2205	2240	210
1948	弘電社	0	0	0	0	0
1949	住友電設	508	520	508	509	3
1950	電設工	347	350	346	346	28
1951	協エクシオ	1300	1307	1289	1297	182
1952	新日空調	360	360	355	355	7.7
1953	国際電設	0	0	0	0	0
1954	日工営	202	205	202	203	9
1955	東電通	341	341	340	341	61
1956	日電設	369	369	360	362	10
1957	保安工	213	213	210	210	4
1958	三和エレック	275	275	275	275	1
1959	九電工	345	349	343	349	48
1960	サンテック	310	310	310	310	1
1961	三機工	479	494	479	492	144
1962	エルゴテック	0	0	0	0	0
1963	日揮	665	688	660	681	1560
1964	中外炉	285	301	282	301	24
1965	テクノ菱和	436	436	436	436	1.1
1966	高田工	280	300	280	300	5
1967	ヤマト	294	294	280	285	7
1968	太平電	256	258	255	255	22
1969	高砂熱	804	830	804	830	116
1970	日立プラ	272	277	267	277	34
1971	ビルト工	95	95	92	92	17
1972	三晃金	87	88	87	88	11
1973	ＮＥＣシス建	2145	2145	2090	2100	26.1
1974	宮地建設工業	565	565	540	540	4
1975	朝日工	242	244	242	244	2
1976	明星工	108	108	108	108	14
1977	ジェイコス	0	0	0	0	0
1978	アタカ	232	241	228	240	11
1979	大気社	800	800	780	780	15
1980	ダイダン	460	460	460	460	1
1981	協和日成	0	0	0	0	0
1982	日比谷設	403	405	401	405	40
1983	東芝プラ	214	220	214	220	27
1984	三信建	0	0	0	0	0
1985	大和電設	0	0	0	0	0
1986	日商インター	520	520	500	500	3
1987	ソルコム	284	284	284	284	2
1988	シボンド建	1390	1435	1390	1416	25.6
1989	北陸電話	0	0	0	0	0
1990	東邦建	0	0	0	0	0
1991	都築通技	0	0	0	0	0
1992	神田通機	0	0	0	0	0
1993	ニッタン	188	190	188	190	7
1994	高橋ウォール	285	285	285	285	1
1995	鈴木工務店	0	0	0	0	0
1996	三菱建設	185	185	185	185	2
1997	暁飯島工業	0	0	0	0	0
1998	日本土建	0	0	0	0	0
2001	日本粉	238	243	238	242	231
2002	日清粉	989	1004	960	993	167
2003	日東粉	193	193	193	193	1
2004	昭和産	180	183	179	183	81
2006	東福粉	71	71	71	71	1
2007	富士粉	157	160	157	160	6
2008	増田粉	195	195	190	190	5
2009	鳥越粉	335	340	335	336	8
2051	農産工	165	168	163	163	109
2052	協同飼	109	110	108	110	23
2053	中部飼	515	515	515	515	2
2055	日和産	0	0	0	0	0
2056	日配飼	120	120	119	119	21
2057	雪印種	500	500	490	490	2
2102	台糖	222	222	220	220	13
2107	東洋糖	116	117	116	117	11
2108	甜菜糖	135	135	134	134	56
2109	三井糖	210	214	208	208	45
2111	フジ製糖	170	170	170	170	3
2112	塩水糖	261	261	255	255	3
2113	新光糖	185	185	180	180	4
2114	フジ日本精糖	0	0	0	0	0
2116	日新糖	118	120	118	120	7
2201	森永	239	240	235	240	186
2202	明菓	644	645	632	644	283
2204	中村屋	273	273	268	268	11
2205	駿河屋	0	0	0	0	0
2206	グリコ	669	695	668	695	304
2207	名糖産	1100	1100	1090	1095	10
2208	ブルボン	597	597	591	591	8
2209	井村屋	456	456	456	456	6
2211	不二家	224	225	222	223	47
2212	山パン	808	810	796	800	291
2215	一パン	216	220	213	213	20
2216	カンロ	280	280	277	277	2
2217	モロゾフ	205	205	200	202	18
2219	タカラブネ	91	91	91	91	11
2220	亀田製菓	0	0	0	0	0
2221	岩塚製菓	0	0	0	0	0
2222	寿製菓	0	0	0	0	0
2224	コモ	1400	1400	1400	1400	1
2261	明乳	459	462	452	460	278
2262	雪印	381	385	368	370	1103
2264	森永乳	247	252	247	252	135
2266	六甲バタ	370	370	365	365	11
2267	ヤクルト	1236	1237	1217	1237	91
2268	サーティワン	0	0	0	0	0
2281	プリマ	106	107	105	106	83
2282	日ハム	1425	1442	1425	1440	39
2284	伊藤ハ	395	395	390	390	160
2286	林兼	124	125	120	125	72
2287	雪印食品	171	171	171	171	1
2288	丸大食	156	161	155	161	75
2289	相模ハム	0	0	0	0	0
2290	米久	1243	1251	1241	1250	20.5
2291	福留ハ	175	175	175	175	1
2292	ＳＦＯＯＤＳ	850	851	850	850	11
2293	滝沢ハム	0	0	0	0	0
2294	柿安本店	1070	1070	1070	1070	1
2501	サッポロＨＤ	335	338	331	335	325
2502	アサヒ	1128	1144	1128	1144	1067
2503	キリン	1050	1050	1035	1043	1128
2531	宝ＨＤ	2085	2110	2035	2095	509
2533	オエノンＨＤ	222	224	220	220	30
2536	メルシャン	267	267	262	267	198
2538	マルキン忠勇	157	163	150	163	42
2540	養命酒	714	717	714	714	11
2541	ニッカ	359	364	358	364	67
2571	中京コカ	880	880	873	878	12
2572	三国コカ	1212	1212	1200	1212	66
2573	北海コカ	860	860	860	860	2
2575	三笠コカ	820	820	820	820	3.3
2576	近畿コカ	1030	1030	1017	1023	53
2577	富士コカ	842	870	842	855	90
2578	四国コカ	835	850	830	835	11.7
2579	コカウエスト	2850	2860	2830	2860	49.6
2591	カルピス	470	470	461	470	28
2592	ポッカ	432	437	432	435	38
2593	伊藤園	7340	7340	6950	7100	44.1
2594	キーコーヒー	1281	1300	1275	1299	2.7
2595	キリンビバ	2490	2495	2415	2475	54
2596	キューサイ	2200	2200	2080	2080	40.6
2597	ユニカフェ	1220	1250	1201	1235	8.6
2598	アサヒ飲料	675	680	665	680	47
2599	ジャパンＦ	0	0	0	0	0
2601	ホーネンコーポ	180	181	178	180	117
2602	日清オイリオ	299	304	296	303	181
2604	吉原製油	275	280	270	275	30
2607	不二油	1084	1138	1084	1135	231
2608	ボーソー	0	0	0	0	0
2611	摂津油	260	260	260	260	3
2612	かどや製油	765	770	765	765	2
2650	橘テクトロン	0	0	0	0	0
2651	ローソン	3530	3620	3440	3620	164.4
2652	まんだらけ	249000	249000	240000	240000	0.007
2653	イオン九州	830	830	830	830	3
2654	シンワ	250	250	250	250	1
2655	マックス東北	596	596	590	590	2
2656	ベクター	1600000	1650000	1600000	1650000	0.007
2657	インタニクス	1990	1990	1800	1800	23
2658	ウライ	225	225	210	210	4
2659	サンエー	1720	1720	1680	1700	16
2660	キリン堂	545	545	516	516	2
2661	キンレイ	510	510	495	495	9
2662	ダイユエイト	0	0	0	0	0
2663	伊藤伊	0	0	0	0	0
2664	カワチ薬品	7350	7350	7200	7320	30.6
2665	ネクストコム	9250000	9400000	9050000	9400000	0.009
2666	オートウェブ	0	0	0	0	0
2667	イメージワン	1080000	1080000	1010000	1030000	0.007
2668	ダン	0	0	0	0	0
2669	カネ美食品	3290	3390	3280	3330	56
2670	ＡＢＣマート	3400	3410	3370	3400	126
2671	エフディシィ	560	560	550	550	6
2672	アクティ２１	521000	521000	502000	502000	0.006
2673	ステイラー	420	445	401	440	11
2674	ハードオフ	1280	1290	1170	1170	19
2675	ダイナック	501	515	501	515	5
2676	高千穂交易	1800	1800	1600	1650	52
2678	アスクル	6000	6000	6000	6000	766
2801	キッコマン	812	821	812	821	252
2802	味の素	1243	1280	1243	1280	2754
2804	ブルドック	0	0	0	0	0
2805	エスビー	0	0	0	0	0
2806	ユタカフーズ	0	0	0	0	0
2808	サンビシ	0	0	0	0	0
2809	キユーピー	930	950	930	950	94
2810	ハウス食品	1460	1475	1460	1475	102
2811	カゴメ	1030	1037	1006	1013	18
2812	焼津水化	1790	1790	1790	1790	7
2813	和弘食品	108	111	105	105	7
2814	佐藤食品	0	0	0	0	0
2815	アリアケ	6700	6800	6700	6700	14.4
2816	ダイショー	830	895	830	895	3
2817	ギャバン	461	461	461	461	1
2830	アヲハタ	0	0	0	0	0
2831	はごろも	980	980	980	980	1
2871	ニチレイ	488	494	481	491	964
2872	セイヒョー	0	0	0	0	0
2873	加ト吉	3150	3200	3110	3160	162.6
2874	ヨコレイ	602	605	602	603	10
2875	東洋水	855	870	855	870	39
2876	ＪＣコムサ	0	0	0	0	0
2877	日東ベスト	0	0	0	0	0
2878	赤城水産	410	430	410	410	18
2879	ニチロサンフズ	0	0	0	0	0
2891	酵母工	432	432	432	432	4
2892	日食品	245	245	240	240	6
2893	ローマイヤ	0	0	0	0	0
2894	石井食	250	250	250	250	1
2897	日清食	2900	2945	2860	2920	199.3
2898	ソントン	0	0	0	0	0
2899	永谷園	816	820	811	820	7
2900	明星食	223	223	220	220	4
2901	石垣食	336	336	336	336	1
2902	太陽化	0	0	0	0	0
2903	シノブフズ	136	136	136	136	5
2904	一正蒲鉾	0	0	0	0	0
2905	オーケー食	116	116	116	116	1
2906	ホッコク	314	314	314	314	6
2907	あじかん	0	0	0	0	0
2908	フジッコ	1306	1306	1285	1285	3
2909	トオカツフズ	274	274	274	274	1
2910	Ｒフィールド	5360	5360	5300	5350	28.9
2911	旭松食品	0	0	0	0	0
2912	鐘崎	0	0	0	0	0
2913	フジフーズ	0	0	0	0	0
2914	ＪＴ	705000	706000	699000	702000	2.13
2915	ケンコーマヨ	0	0	0	0	0
2916	仙波糖化	0	0	0	0	0
2917	大森屋	680	690	680	690	2
2918	わらべ日洋	995	995	990	990	5
2920	ケイビー	750	750	750	750	1
2921	フクシマフズ	0	0	0	0	0
2922	なとり	1220	1220	1210	1210	6
3001	片倉	498	498	495	498	5
3002	グンゼ	373	376	360	375	338
3003	昭栄	999	999	980	982	12
3004	神栄	140	140	136	136	9
3007	神戸生絲	36	36	35	36	15
3009	川島織	130	130	127	127	27
3010	上毛	170	179	170	170	41
3011	バナーズ	80	80	80	80	2
3101	東洋紡	214	220	208	212	6832
3102	カネボウ	290	291	282	291	747
3103	ユニチカ	81	82	77	77	1565
3104	富士紡Ｈ	48	49	47	47	83
3105	日清紡	529	529	512	527	208
3106	クラボウ	137	141	136	139	640
3107	ダイワボウ	95	99	95	99	10
3109	シキボウ	65	65	64	65	32
3110	日東紡	134	134	132	132	253
3111	オーミケン	64	65	61	65	8
3113	ＢＳＬ	74	99	71	99	916
3114	同興紡	101	101	101	101	2
3115	テザック	43	45	43	43	31
3116	トヨタ紡織	740	740	711	729	24
3117	興和紡	0	0	0	0	0
3121	アセットイン	0	0	0	0	0
3123	サイボー	600	600	600	600	30
3125	内外綿	50	50	48	48	6
3128	テラボウ	0	0	0	0	0
3129	ファブリカＴ	0	0	0	0	0
3201	日毛	440	450	435	450	55
3202	大東紡	79	79	75	75	28
3203	東亜紡織	60	60	60	60	15
3205	ダイドー	260	260	249	249	36
3206	南海毛糸紡績	69	69	68	68	3
3207	中央毛	0	0	0	0	0
3209	カネヨウ	105	105	102	102	12
3211	太陽毛絲紡	0	0	0	0	0
3216	御幸ＨＤ	400	400	399	400	15
3302	帝繊維	179	179	177	178	5
3304	トスコ	69	70	69	69	8
3306	日本麻	37	40	37	40	8
3401	帝人	510	515	501	509	2564
3402	東レ	440	440	424	435	2037
3403	東邦テナ	80	84	78	80	130
3404	三菱レ	371	371	357	364	2005
3405	クラレ	940	947	925	930	896
3407	旭化成	690	697	684	697	1739
3408	サカイオーベ	81	81	80	80	20
3409	北日紡	0	0	0	0	0
3411	オートリ	95	95	94	94	3
3420	ケーエフシー	0	0	0	0	0
3421	稲葉製作	1460	1480	1460	1480	0.5
3422	丸順	0	0	0	0	0
3423	エスイー	325	325	320	325	3
3424	ミヤコ	0	0	0	0	0
3425	本郷	0	0	0	0	0
3426	アトムリビン	405	405	405	405	2
3501	住江織	115	120	114	114	15
3503	東和織	60	60	60	60	1
3512	フエルト	310	310	310	310	3
3513	イチカワ	217	217	216	216	8
3514	バイリーン	256	257	250	250	28
3515	フジコー	382	382	382	382	1
3521	エコナック	85	85	80	81	22
3524	日東網	70	71	70	71	4
3526	芦森工	186	190	186	190	37
3528	グローベルス	134	135	125	125	48
3529	アツギ	76	78	76	77	118
3532	堀田産	55	55	55	55	5
3533	ダイオ化成	593	593	581	585	5
3534	ＮＢＣ	880	910	880	910	6
3551	ダイニック	140	141	140	140	89
3552	洋クロス	225	238	225	238	2
3553	共和レ	470	470	470	470	16
3569	セーレン	292	295	285	290	33
3570	オリカキャピ	150	150	150	150	15
3571	ソトー	499	500	499	500	5
3572	大同マルタ	0	0	0	0	0
3576	カンボウ	0	0	0	0	0
3577	東海染	110	110	103	103	9
3578	倉庫精	0	0	0	0	0
3580	小松精	0	0	0	0	0
3581	岐セン	125	125	125	125	1
3583	オーベクス	0	0	0	0	0
3584	福助	123	123	118	118	53
3585	トムスエンタ	240	240	235	240	31
3587	ＩＢダイワ	90	95	86	86	935
3588	丸山工	0	0	0	0	0
3591	ワコール	987	995	982	995	235
3592	ＣＨＯＹＡ	188	188	188	188	2
3593	ホギメデ	7080	7080	6950	6990	18.9
3594	モリシタ	0	0	0	0	0
3595	ヤギコーポ	0	0	0	0	0
3596	ワールド	3360	3360	3270	3320	149.2
3597	自重堂	0	0	0	0	0
3598	山喜	0	0	0	0	0
3599	コーコス	0	0	0	0	0
3600	フジックス	0	0	0	0	0
3601	ニチメンイン	1250	1250	1182	1199	1.8
3602	イタリヤード	111	111	110	110	4
3603	チャッコット	0	0	0	0	0
3706	東海パ	401	401	396	400	7
3861	王子紙	617	620	604	612	1644
3863	日本製紙	602	604	595	599	1939
3864	三菱紙	215	220	213	219	276
3865	北越紙	733	733	713	724	259
3868	高崎三興	82	82	80	80	59
3869	日本板紙	197	204	194	202	26
3870	日本加工製紙	65	65	62	62	36
3871	大昭和紙	361	362	359	360	17
3872	三島紙	137	137	135	135	3
3877	中越パ	232	233	225	227	74
3878	巴川紙	420	421	415	421	25
3880	大王紙	824	832	824	826	25
3881	特種紙	406	406	405	405	26
3882	紀州紙	161	161	160	160	19
3886	チューエツ	0	0	0	0	0
3887	中央板紙	91	95	91	95	6
3889	大平製紙	0	0	0	0	0
3890	ゼネＫＫ	387	405	380	405	12
3891	高度紙	1440	1440	1440	1440	1
3941	レンゴー	494	495	485	491	290
3944	古林紙	106	106	106	106	4
3945	スパバッグ	167	167	166	166	3
3946	トーモク	195	195	193	193	21
3947	ダイナパック	490	490	480	480	4
3948	光ビジネス	460	460	460	460	2
3949	日本ハイパック	205	205	205	205	4
3950	ザ・パック	0	0	0	0	0
3951	朝日印刷	0	0	0	0	0
3952	中央紙器	0	0	0	0	0
3953	大村紙業	400	400	400	400	2
3954	昭和パックス	0	0	0	0	0
3955	イムラ封筒	730	730	730	730	1
3971	東セロ	0	0	0	0	0
4003	コープケミ	82	82	82	82	9
4004	昭電工	120	122	119	121	860
4005	住友化学	490	491	477	486	3168
4007	日化成	140	144	140	141	9
4008	住友精化	245	245	241	242	12
4010	三菱化学	335	337	323	336	2810
4021	日産化	790	791	771	786	341
4022	ラサ工	243	245	242	242	53
4023	呉羽化	256	260	256	260	89
4025	多木化	313	318	310	318	16
4026	神島化	0	0	0	0	0
4027	テイカ	245	245	240	240	62
4028	石原産	166	166	161	162	346
4031	チッカリン	328	328	321	323	5
4032	日東バイオン	171	171	171	171	1
4033	日東エフシー	379	379	379	379	1
4041	日曹達	305	307	293	293	748
4042	東ソー	335	340	320	320	877
4043	トクヤマ	410	420	400	420	857
4044	セ硝子	510	520	510	520	453
4045	東合成	204	206	200	201	241
4046	ダイソー	204	204	187	189	20
4047	関電化	0	0	0	0	0
4050	鶴見曹達	395	396	395	396	4
4061	電化	390	394	380	382	931
4062	イビデン	1570	1645	1570	1620	392
4063	信越化	4790	4790	4600	4720	789
4064	カーバイド	98	100	98	99	65
4065	紀文フ	359	359	355	358	14
4077	富士チタン工業	453	460	451	451	22
4078	堺化学	620	629	605	629	79
4079	ハクスイテック	0	0	0	0	0
4080	田中化研	2350	2350	2190	2350	10
4086	日本エア・リキード	573	595	573	595	86
4088	エアウォータ	413	420	406	415	358
4089	大阪酸素工業	227	227	225	226	10
4091	大陽日酸	493	500	476	484	1324
4092	日本化	401	415	395	415	400
4093	アセチレン	77	77	75	75	9
4094	日化産	294	344	294	344	47
4095	パーカライ	329	329	323	327	17
4096	昭炭酸	265	265	265	265	14
4097	高圧ガス	313	313	306	307	16
4098	チタン	143	148	143	148	2
4099	四国化	379	381	376	381	31
4100	戸田工	475	480	454	456	73
4101	日興酸素	0	0	0	0	0
4102	丸尾カル	207	207	207	207	1
4103	大陽東洋酸素	212	212	205	207	227
4104	タテホ	202	203	200	200	7
4105	メルテックス	742	742	742	742	1
4106	ケムキャット	0	0	0	0	0
4107	伊勢化	355	355	355	355	1
4109	ステラケミ	4800	4810	4730	4730	3
4112	保土谷	152	155	152	152	8
4113	田岡化	291	291	291	291	2
4114	日触媒	491	497	475	478	174
4115	本州化	0	0	0	0	0
4116	大日精	334	338	330	331	42
4117	川崎化	123	123	121	123	14
4118	カネカ	952	958	936	947	482
4119	ピグメント	237	237	237	237	3
4120	スガイ	0	0	0	0	0
4123	山化成	738	738	738	738	1
4151	協発酵	875	880	871	880	388
4182	菱ガス化	350	356	346	355	1256
4183	三井化学	539	544	537	541	1981
4185	ＪＳＲ	716	716	691	704	334
4186	東応化	1760	1762	1720	1725	51.8
4187	大有機	491	491	491	491	1
4201	日合成	138	139	135	135	36
4202	ダイセル	335	338	334	338	895
4203	住友ベ	1071	1090	1062	1090	1127
4204	積水化	315	319	307	312	1005
4205	ゼオン	426	430	409	418	778
4206	アイカ	686	686	673	680	48
4208	宇部興	231	235	226	235	1359
4209	フドー	81	81	81	81	3
4210	東洋化学	395	397	394	394	23
4212	積水樹	353	359	350	359	14
4213	菱樹脂	191	191	186	190	88
4214	高分子	341	341	334	336	73
4215	タキロン	354	381	354	381	153
4216	旭有機	309	310	303	308	21
4217	日立化	2630	2660	2595	2600	91
4218	ニチバン	324	328	320	325	22
4219	プラス・テク	90	90	90	90	1
4220	リケンテクノ	310	311	307	307	25
4221	大倉工	361	361	350	356	29
4222	児玉化	58	58	58	58	11
4224	ロンシール	60	61	60	61	14
4225	筒中	286	286	280	280	10
4226	テスコ	240	240	240	240	3
4227	郡是高分子	200	200	200	200	3
4228	積化成	183	188	183	188	15
4229	群栄化	162	162	155	155	26
4231	タイガポリ	0	0	0	0	0
4232	東芝ケミカル	300	300	291	292	18
4233	ワコー	420	420	420	420	4
4234	サンエー化研	0	0	0	0	0
4271	カーリット	790	790	790	790	28
4272	日化薬	693	699	690	699	315
4274	細火工	0	0	0	0	0
4361	川口化	130	130	127	127	4
4362	日精化	428	428	420	420	21
4363	新日鐵化学	165	168	162	162	59
4364	マナック	0	0	0	0	0
4365	松本油脂	1720	1750	1690	1700	15
4366	ダイトーケミ	600	600	600	600	1
4367	広栄化学	255	255	252	252	2
4401	旭電化	746	755	743	755	134
4403	日油脂	250	250	244	247	450
4404	ミヨシ	217	220	210	211	82
4406	日理化	536	537	520	537	119
4409	東邦化	178	178	178	178	2
4410	ハリマ化成	406	406	405	405	8
4452	花王	3380	3380	3260	3320	1661
4461	一工薬	334	334	323	326	97
4462	石原薬品	910	910	910	910	1
4463	日華化学	360	360	360	360	2
4471	三洋化	810	830	808	830	70
4501	三共	2395	2395	2365	2395	551
4502	武田	7080	7080	6880	7000	1514
4503	アステラス薬	5230	5230	5080	5150	817
4505	第一製薬	2880	2915	2875	2910	844
4506	大日薬	1620	1630	1575	1615	549
4507	塩野義	2180	2200	2150	2200	527
4508	田辺薬	890	890	876	887	1082
4509	三菱ウェルファーマ	841	860	840	860	269
4511	藤沢薬品	3410	3510	3400	3470	811
4512	わかもと	404	404	399	399	8
4514	帝臓器	693	705	693	705	6
4515	萬有製薬	2295	2350	2290	2350	298
4516	日新薬	1095	1095	1082	1085	106
4517	ビオフェル	890	900	890	900	2
4518	富山化	405	415	405	415	288
4519	中外薬	1915	1935	1913	1927	439
4520	和光堂	0	0	0	0	0
4521	科研薬	615	615	600	602	181
4523	エーザイ	3580	3700	3580	3700	918
4524	仁丹	1350	1350	1340	1340	10
4526	理ビタ	1425	1430	1400	1400	8
4527	ロート	1605	1606	1570	1580	92
4528	小野薬	4310	4350	4160	4350	48
4529	日研化	336	336	335	335	20
4530	久光薬	2085	2085	2015	2045	86
4531	有機薬	288	300	285	300	8
4534	持田薬	632	645	630	640	127
4535	大正薬	2990	3020	2955	3000	149
4536	参天薬	2140	2200	2125	2200	55
4537	エスエス	1000	1025	1000	1025	46
4538	扶桑薬	525	525	510	520	53
4539	ケミファ	223	223	221	221	23
4540	ツムラ	318	325	315	320	16
4541	日医工	144	145	140	140	9
4542	三笠薬	433	434	421	431	25
4543	テルモ	2350	2350	2315	2335	378.5
4544	みらかＨＤ	675	675	660	666	32
4545	国際試薬	345	345	330	330	26
4546	北陸製薬	1398	1398	1344	1359	47
4547	キッセイ	2250	2255	2180	2205	118
4548	生化学	921	921	920	920	5
4549	栄研化	1200	1200	1016	1060	103
4550	日水薬	600	600	600	600	3
4551	鳥居薬	2550	2550	2475	2500	7.3
4552	日本ケミカル	770	770	740	759	9
4553	東和薬品	1050	1100	940	1100	120
4554	富士製薬	330	330	330	330	1
4555	沢井製薬	0	0	0	0	0
4556	カイノス	590	590	570	570	6
4557	医学生物	1150	1220	1120	1130	58
4558	中京医薬	970	970	970	970	2
4559	ゼリア新薬	1100	1100	1090	1100	4
4560	キョーリン薬	3300	3370	3260	3370	58
4561	デンカ生研	0	0	0	0	0
4611	大日塗	157	161	156	161	31
4612	日本ペ	345	350	327	330	542
4613	関西ペ	327	332	322	330	146
4614	トウペ	0	0	0	0	0
4615	神東塗	108	108	106	106	15
4616	川上塗	102	102	102	102	1
4617	中国塗	203	204	202	204	24
4619	日特塗	244	244	244	244	1
4620	藤倉化	360	360	358	358	14
4621	ロック	0	0	0	0	0
4622	ユニペイン	0	0	0	0	0
4623	アサヒペン	275	277	275	277	10
4624	イサム	420	420	420	420	1
4625	アトミクス	280	280	280	280	1
4626	太陽インキ	4750	4760	4710	4750	4.4
4627	ナトコ	730	733	727	727	6
4628	エスケー化研	0	0	0	0	0
4629	大伸化学	350	350	350	350	1
4631	インキ	342	347	341	347	609
4633	サカタＩＮＸ	264	270	264	268	30
4634	洋インキ	225	227	223	227	279
4635	東インキ	230	230	230	230	6
4636	Ｔ＆Ｋ	3000	3010	2980	3000	2.7
4640	アンドール	330	330	318	318	6
4641	アルプス技	1520	1520	1520	1520	2
4642	オリジナル設	750	750	750	750	0.5
4643	コナミスポ	6650	6650	6420	6500	20.3
4644	イマジニア	1080	1100	1070	1100	3.5
4645	市進	0	0	0	0	0
4646	ジャスフォート	810	810	810	810	0.2
4649	大成	0	0	0	0	0
4650	スガイエンタ	500	500	500	500	0.5
4651	サニックス	5410	5430	5190	5400	24.3
4652	ウッドランド	1040	1040	980	1000	28.5
4653	ダイオーズ	0	0	0	0	0
4654	ニチゾウテク	0	0	0	0	0
4655	ＮＯＶＡ	450	455	440	440	5
4656	サン・ライフ	2860	2860	2830	2830	0.2
4657	環境管理	0	0	0	0	0
4658	日本空調	0	0	0	0	0
4659	エイジス	850	860	850	860	2
4660	ニッポン放送	4930	5000	4930	5000	13
4661	ＯＬＣ	6750	6750	6330	6550	187.8
4662	フォーカス	1600	1600	1520	1540	28
4663	ＡＴＬ	620000	620000	595000	605000	0.009
4664	ＲＳＣ	0	0	0	0	0
4666	パーク２４	10200	10200	9500	9500	15.1
4667	アイサンテク	135	140	124	125	10
4668	明光ネット	0	0	0	0	0
4669	ニッパンＲ	280	280	280	280	1
4670	セタ	355	355	355	355	1
4671	ファルコバ	1525	1640	1500	1640	11
4672	ベルックス	0	0	0	0	0
4673	川崎地質	0	0	0	0	0
4674	クレスコ	6510	6660	6510	6650	2.5
4675	エヌエス環境	0	0	0	0	0
4676	フジテレビ	1120000	1120000	1040000	1060000	2.319
4678	秀英	951	951	951	951	0.2
4679	田谷	2845	2845	2795	2795	0.6
4680	ラウンドワン	132000	132000	126000	130000	0.59
4681	リゾートトラ	2970	3010	2950	3000	81.7
4682	電通テック	7990	7990	7400	7620	12.4
4683	堀内カラー	0	0	0	0	0
4684	オービック	38500	38500	37000	37550	26.6
4685	菱友システム	0	0	0	0	0
4686	ジャスト	3500	3580	3500	3550	4.7
4687	ＴＤＣソフト	2950	2950	2800	2800	4.2
4688	日本ドレーク	3640	3640	3400	3570	11.6
4689	ヤフー	9000000	9400000	8910000	8920000	0.362
4690	日パレット	0	0	0	0	0
4692	アルゴ２１	3070	3080	2950	3070	9.3
4694	ＢＭＬ	0	0	0	0	0
4695	マイスター	395	395	395	395	1
4696	ワタベ	1000	1000	990	990	3
4697	ゼロ	145000	145000	130000	140000	0.082
4699	ウチダエスコ	0	0	0	0	0
4700	アクセス	3150000	3150000	2790000	2820000	0.068
4701	プレック研	0	0	0	0	0
4702	55ステーション	460	460	390	390	7
4703	住商オート	730	735	730	735	1.6
4704	トレンド	12700	12800	12250	12430	229
4705	クリップ	0	0	0	0	0
4706	富士通サポート	13280	13400	13050	13310	73.2
4707	キタック	0	0	0	0	0
4708	もしもしＨＬ	9450	9480	9250	9450	6.5
4709	ＩＤ	810	850	790	820	1.8
4710	ウィン	283	303	283	303	6
4711	コミュニティ	1096	1100	1082	1082	2.9
4712	アドアーズ	301	301	300	300	7
4713	日信電サ	931	950	931	950	3
4714	リソー教育	0	0	0	0	0
4715	クリエイティブ	0	0	0	0	0
4716	日本オラクル	22360	22560	21900	22500	170.7
4717	ソデッソジャパン	0	0	0	0	0
4718	早稲アカ	255	260	255	255	13
4719	アルファシス	14100	14100	13100	13300	28.7
4720	城南進研	430	430	430	430	4
4721	フジスタッフ	1670	1680	1660	1670	9.6
4722	フューチャー	700000	709000	655000	655000	0.208
4723	グッドウィル	136000	141000	136000	140000	0.144
4724	シチエ	790	790	770	775	13.8
4725	ＣＡＣ	4890	4890	4750	4830	8.4
4726	ソフトバンテク	6100	6390	6010	6200	8
4727	アジアＳ総研	1660	1670	1660	1670	0.4
4728	トーセ	3800	3800	3650	3650	1.8
4729	コナミスタジオ	271000	282000	262000	282000	0.021
4730	関西メンテ	450	450	450	450	1
4731	ユニバホーム	0	0	0	0	0
4732	ＵＳＳ	2750	2750	2520	2600	68
4733	ＯＢＣ	9800	10000	9600	10000	37
4734	ビーイング	540	540	530	540	5
4735	京進	0	0	0	0	0
4736	日本ラッド	830	830	815	815	4
4737	シダックス	980	1040	980	1000	2.6
4738	日立ビジネス	1120	1149	1060	1125	26.1
4739	ＣＴＣ	26750	27310	26200	26490	138.4
4740	ニューディル	200000	200000	175000	175000	0.062
4741	ＩＲＩ	2450000	2450000	2210000	2340000	0.015
4742	エイトコン	0	0	0	0	0
4743	アイティフォ	3920	4050	3800	3920	14.8
4744	メッツ	405000	405000	380000	380000	0.004
4745	東京個別	2540	2540	2540	2540	2
4746	東計電算	952	960	950	960	7
4747	Ｃフィッシュ	0	0	0	0	0
4748	構造計画	1100	1100	1080	1080	0.7
4749	アドバックス	200	220	200	220	12
4750	ダイサン	0	0	0	0	0
4751	サイバエージ	430000	430000	410000	410000	0.017
4752	昭和システム	380	380	380	380	2
4753	ライブドア	1000000	1000000	940000	950000	0.006
4754	トスネット	210	210	205	205	8
4755	楽天	1380000	1420000	1320000	1340000	0.383
4756	ＣＣＣ	1840	1840	1840	1840	1
4757	インテリ	2120000	2120000	1990000	2000000	0.029
4758	シーアイエス	4700000	4700000	4700000	4700000	0.001
4759	ライブＭ	0	0	0	0	0
4760	ＡＬＰＨＡ	500	500	490	500	10
4761	さくらＫＣＳ	750	750	749	749	3
4762	エクスネット	0	0	0	0	0
4763	クリークリバ	1650000	1650000	1600000	1600000	0.002
4764	Ｄデザイン	951000	951000	880000	890000	0.008
4765	モーニングＳ	2910000	2910000	2900000	2900000	0.002
4766	ピーエイ	900	900	900	900	4
4767	ＴＯＷ	1000	1000	1000	1000	9
4768	大塚商会	2600	2745	2600	2745	11.5
4769	インフォクリ	500	500	490	490	4
4770	エルミック	1100	1100	1100	1100	2
4771	Ｆ＆Ｍ	3100000	3100000	3100000	3100000	0.003
4772	デジタルアド	3350	3500	3250	3250	43
4773	Ａ＆Ｉ	1850	1860	1850	1850	6
4774	NECソフト	14200	14200	13500	13900	38.3
4775	総合メディカ	2010	2050	2010	2050	1.4
4776	ＣＹＢＯＺＵ	1500000	1500000	1450000	1500000	0.006
4777	ガーラ	1000000	1000000	1000000	1000000	0.003
4778	ヒューマネジ	680000	680000	600000	620000	0.013
4780	コナミ東京	1300	1300	1300	1300	1
4781	日本ハウズ	475	485	470	475	23
4782	オリコンサル	250	250	250	250	1
4783	日ダイナミク	555	560	555	560	2
4784	まぐクリック	1120000	1160000	1120000	1160000	0.004
4785	Ｓサイエンス	0	0	0	0	0
4786	ディジット	1020000	1020000	950000	990000	0.021
4787	ＮＣＧ	873000	873000	830000	830000	0.014
4788	サイバＣＯＭ	680000	690000	658000	670000	0.061
4789	エスイーラボ	800	800	800	800	2
4790	グレース	258000	258000	255000	258000	0.014
4791	ドリーム・トレイン	630000	631000	630000	630000	0.003
4792	ＴＦＰコンサ	550000	550000	540000	540000	0.003
4793	富士通ＢＳＣ	6000	6000	5430	5670	27.7
4794	デザインＥＸ	346000	350000	340000	340000	0.009
4795	スカパー	114000	124000	110000	124000	7.444
4797	アイシーエフ	299000	315000	299000	315000	0.025
4798	日本ＬＣＡ	799	820	799	800	44
4800	オリコン	1070000	1070000	1000000	1020000	0.008
4801	セントラルＳ	1340	1340	1240	1290	36.6
4901	富士写	4200	4490	4200	4460	2871
4902	コニカＨＤ	892	900	854	900	479
4911	資生堂	1380	1390	1353	1390	761
4912	ライオン	427	427	422	422	196
4913	サンスター	338	338	323	325	51
4914	高砂香	419	419	414	414	29
4915	エイボンＪ	212	212	210	210	2
4916	ノエビア	1040	1040	1040	1040	1
4917	マンダム	1140	1140	1110	1120	35.6
4918	アイビー	350	350	345	345	6
4919	ミルボン	6550	6650	6500	6550	4.6
4920	日本色材	390	400	390	400	3
4921	ファンケル	3450	3500	3260	3400	124.2
4922	コーセー	3940	3940	3820	3820	21.2
4951	エステー化	667	677	667	677	36
4953	タイホー工業	415	415	415	415	4
4954	マークテック	310	315	305	315	3
4955	アグロカネシ	649	649	628	628	9
4956	コニシ	925	927	920	924	7.6
4957	ヤスハラケミ	0	0	0	0	0
4958	長谷川香料	1450	1450	1401	1401	0.3
4959	シーシーアイ	0	0	0	0	0
4960	ケミプロ	230	230	230	230	1
4961	日油技研	670	670	670	670	1
4963	星光ＰＭＣ	490	490	490	490	1
4964	星光化学工業	0	0	0	0	0
4965	曽田香料	0	0	0	0	0
4966	上村工	0	0	0	0	0
4967	小林製薬	5990	5990	5820	5990	19.4
4968	荒川化工	780	780	780	780	1
4970	東洋合成	980	990	970	970	6
4987	寺岡製	705	705	700	700	3
4989	イハラケミ	181	181	170	170	66
4990	昭和化	260	260	260	260	1
4992	北興化	317	317	305	306	9
4996	クミアイ化	161	161	160	161	25
4997	日農薬	214	214	204	206	66
4998	フマキラ	163	163	159	159	15
4999	セメダイン	241	241	240	240	5
5001	新日本石油	635	640	598	620	3240
5002	昭和シェル	551	557	530	547	605
5006	興亜石油	275	278	273	278	29
5007	コスモ石	256	258	240	248	1336
5008	東亜石	110	139	110	135	548
5009	富士興	72	84	72	83	976
5010	日精蝋	77	77	77	77	5
5011	ニチレキ	432	433	432	433	12
5012	東燃ゼネ石	716	728	716	728	1870
5013	ユシロ	535	536	506	506	7
5014	ジャパンエナジー	210	216	196	212	42095
5015	ＢＰカスト	598	598	592	593	2
5101	浜ゴム	248	253	244	253	353
5102	大機エンジ	0	0	0	0	0
5103	昭ゴム	310	359	280	299	2646
5104	日東化工	100	100	100	100	6
5105	洋ゴム	131	132	129	132	217
5106	オーツタイヤ	182	184	181	184	25
5108	ブリヂストン	1310	1317	1250	1284	2960
5110	住友ゴ	448	457	435	435	752
5121	藤ゴム	173	173	172	172	2
5122	オカモト	245	245	240	240	25
5123	ミサワ東洋	0	0	0	0	0
5142	アキレス	149	150	145	150	56
5143	世界長	87	87	85	85	15
5161	西川ゴム	0	0	0	0	0
5162	朝日ラバー	1150	1150	1130	1130	4.5
5184	ニチリン	281	281	281	281	1
5185	フコク	0	0	0	0	0
5186	ニッタ	1353	1390	1300	1380	71.2
5187	クリエート	530	530	530	530	1
5188	帝都ゴム	0	0	0	0	0
5189	桜ゴム	174	174	170	170	5
5191	東海ゴ	1090	1098	1065	1075	46
5192	三星ベ	257	262	253	262	52
5193	平成ポリマー	0	0	0	0	0
5194	相模ゴ	435	435	430	430	6
5195	バンドー	194	199	194	199	132
5196	鬼ゴム	77	79	77	77	20
5199	不二ラテ	0	0	0	0	0
5201	旭硝子	1080	1080	1056	1070	1772
5202	板硝子	1590	1614	1585	1599	4593
5204	石塚硝	202	204	202	204	5
5205	日本無機	410	410	392	392	9
5208	有沢製	2710	2860	2710	2830	19.9
5210	日山村硝	160	168	160	168	124
5212	不二硝	0	0	0	0	0
5213	芝セラミ	620	660	615	645	1181
5214	日電硝	2935	2935	2750	2855	592
5215	旭テクノグラス	1239	1253	1180	1180	68
5216	倉元	1800	1800	1730	1790	6.1
5217	テクノクオツ	1250	1250	1250	1250	4
5232	住友大阪	425	428	416	427	1456
5233	太平洋セメ	168	169	164	169	834
5234	デイ・シイ	148	162	146	162	21
5237	ノザワ	87	87	87	87	1
5261	ミサワリゾ	224	228	224	228	3
5262	日ヒューム	218	219	215	215	15
5266	テイヒュー	0	0	0	0	0
5267	ハネックス	104	104	104	104	13
5268	旭コン	291	291	286	286	21
5269	日コン	93	96	93	93	12
5271	トヨアサノ	125	125	125	125	1
5273	三谷セキ	238	238	238	238	20
5274	ゼニパイプ	100	100	100	100	1
5276	石建工	330	330	325	325	5
5277	スパンクリト	310	310	310	310	1
5278	エバタ	0	0	0	0	0
5279	日本興業	0	0	0	0	0
5280	ヨシコン	530	530	530	530	5
5281	旭ダンケ	0	0	0	0	0
5282	ジオスター	0	0	0	0	0
5283	高見沢	199	234	199	234	4
5284	ヤマウ	0	0	0	0	0
5285	ヤマックス	300	310	285	300	14
5286	武井工業	0	0	0	0	0
5287	イトヨーギョ	580	589	580	589	3
5301	東海カ	235	235	229	232	358
5302	カーボン	86	90	85	85	142
5304	エスイ−シ−	0	0	0	0	0
5331	ノリタケ	585	590	561	590	299
5332	ＴＯＴＯ	830	830	801	812	436
5333	ガイシ	1459	1510	1459	1500	908
5334	特殊陶	1854	1854	1772	1809	925
5336	INAX	504	515	501	509	377
5337	ダントー	356	360	354	354	39
5338	大トー	150	150	150	150	1
5341	アサヒ陶	111	112	111	112	2
5342	ジャニス	0	0	0	0	0
5343	ニッコー	342	342	342	342	3
5344	ＭＡＲＵＷＡ	3550	3550	3450	3500	8.3
5351	白煉瓦	210	210	197	201	120
5352	黒崎	143	147	142	147	26
5355	ルツボ	110	110	105	105	6
5356	美濃窯	0	0	0	0	0
5357	ヨータイ	172	172	166	171	8
5358	イソライト	0	0	0	0	0
5361	東海熱	480	490	470	490	4
5362	九州耐	295	295	295	295	3
5363	ＴＹＫ	186	190	181	186	12
5367	ニッカトー	760	760	760	760	2
5382	中央商事	0	0	0	0	0
5383	三共理化	0	0	0	0	0
5384	フジミインコ	3920	3920	3550	3750	1.1
5386	鶴弥	600	600	600	600	1
5387	チヨダウーテ	805	810	805	805	6
5388	クニミネ	0	0	0	0	0
5389	日レヂボン	0	0	0	0	0
5390	宇部マテリア	123	123	123	123	2
5391	Ａ＆ＡＭ	108	108	105	105	29
5393	ニチアス	336	338	329	333	274
5395	コランダム	145	145	145	145	1
5397	ＭＩＥテクノ	97	97	97	97	1
5398	日研紙	0	0	0	0	0
5401	新日鉄	177	179	175	179	3890
5403	川崎製鉄	109	109	103	105	3958
5404	日本鋼管	67	69	67	69	2878
5405	住金	59	60	58	60	3852
5406	神戸鋼	60	61	59	61	980
5407	日新鋼	80	81	78	79	877
5408	中山鋼	118	120	117	120	57
5410	合同鉄	80	81	78	79	390
5423	東京製鉄	462	469	452	460	266.8
5444	大和工	395	397	385	395	423
5445	東京鉄	61	62	60	62	19
5446	北越メ	0	0	0	0	0
5448	東京鋼鉄	0	0	0	0	0
5449	大阪製鉄	408	408	407	408	4
5451	淀川鋼	242	242	235	238	245
5453	洋鋼鈑	284	295	280	295	35
5454	日鉄鋼板	175	175	171	171	21
5457	住友鋼管	425	425	410	420	122
5458	高砂鉄	105	105	103	103	10
5461	中部鋼	140	140	140	140	4
5462	日鉄鋼管	133	133	130	130	2
5463	丸一管	1565	1620	1565	1620	16
5464	モリ工	202	203	201	203	17
5471	大同特鋼	305	305	290	294	912
5476	高周波	80	80	76	79	79
5479	日金工	71	71	70	70	34
5480	冶金工	55	57	55	56	100
5481	山陽鋼	137	147	134	147	163
5482	愛知鋼	309	315	309	315	54
5484	東北鋼	0	0	0	0	0
5486	日立金	859	859	830	849	282
5491	日金属	74	74	70	71	119
5541	大平金	218	218	195	202	3793
5542	報国鉄	0	0	0	0	0
5562	日本重化学	120	120	115	118	351
5563	日本電工	167	170	165	165	117
5566	中央電	180	180	170	170	3
5602	栗本鉄	224	224	220	222	92
5603	虹技	107	109	104	105	18
5605	自動鋳	65	65	65	65	5
5606	旭テック	140	141	136	136	21
5607	中可鍛	299	299	294	294	2
5608	川口金	207	207	205	205	2
5609	日鋳造	84	84	84	84	1
5610	大和重	122	122	122	122	1
5612	鋳鉄管	197	197	195	195	2
5613	日本カタン	0	0	0	0	0
5631	日製鋼	98	99	97	97	227
5632	菱製鋼	80	80	77	77	96
5633	関東特殊製鋼	61	62	60	61	80
5641	ＴＤＦ	480	493	474	485	58
5642	日本鍛工	0	0	0	0	0
5644	メタルアート	103	103	101	101	2
5645	イチタン	0	0	0	0	0
5657	鈴木金	0	0	0	0	0
5658	日亜鋼	320	320	314	318	37
5659	日精線	210	210	201	201	2
5660	神鋼線	61	61	61	61	3
5691	東京シヤリング	75	75	75	75	1
5694	大和綱帯	0	0	0	0	0
5695	パウダテック	0	0	0	0	0
5696	川鉄鋼板	0	0	0	0	0
5697	サンユウ	0	0	0	0	0
5701	日軽金	87	88	87	88	511
5702	大紀ア	158	160	158	160	6
5706	三井金	798	817	795	817	2242
5707	東邦鉛	189	189	184	184	162
5711	三菱マ	300	300	290	295	3252
5713	住友鉱	510	513	498	505	1671
5714	同和鉱	451	458	447	457	1355
5715	古河機金	230	233	229	232	314
5716	日鉱金属	669	671	662	670	407
5721	Ｓサイエンス	684	695	670	678	741
5727	邦チタ	457	460	455	456	7
5728	アライドマテリアル	807	807	765	765	32
5729	日精鉱	283	290	280	290	9
5734	昭和アルミ	118	120	117	120	196
5738	住軽金	71	73	71	71	56
5739	日製箔	141	141	141	141	1
5740	九州不二サッシ	0	0	0	0	0
5753	日伸銅	54	58	53	58	14
5756	東海アルミ箔	49	49	48	49	16
5757	サンエツ	0	0	0	0	0
5771	菱伸銅	272	276	268	276	68
5781	東邦金	248	248	235	240	51
5801	古河電	2650	2670	2555	2595	5232
5802	住友電	1968	1978	1908	1953	3211
5803	フジクラ	964	968	948	964	2862
5804	菱線工	280	290	280	287	496
5805	昭電線	202	202	195	201	715
5807	東特線	291	316	290	316	7
5808	理研線	329	340	329	340	3
5809	タツタ	170	175	168	169	33
5810	第一電工	85	89	85	87	22
5811	トヨ電線	750	790	750	790	6
5812	日立線	1145	1146	1080	1096	1457
5813	花島電線	130	130	130	130	1
5815	沖電線	266	272	266	272	6
5816	オーナンバ	0	0	0	0	0
5817	日電線	0	0	0	0	0
5818	東日京三電線	325	325	325	325	2
5819	カナレ電気	1910	1910	1850	1850	2.9
5820	三ッ星	280	280	280	280	1
5851	リョービ	165	165	162	164	225
5852	アーレスティ	290	290	271	271	3
5853	京都ダイカスト	0	0	0	0	0
5854	東京理化工	285	285	250	280	36
5855	アサヒプリテ	1800000	1800000	1800000	1800000	0.006
5900	ダイケン	360	360	360	360	1
5901	洋カン	1844	1849	1805	1844	184
5902	北カン	218	225	218	225	35
5903	シンポ	520	520	520	520	1
5904	アルコアシステム	0	0	0	0	0
5905	日カン	150	150	150	150	1
5906	エムケー精工	0	0	0	0	0
5907	ＪＦＥコンテ	117	117	117	117	4
5908	日鉄ドラム	0	0	0	0	0
5909	コロナ	1020	1020	1020	1020	0.5
5910	立山アルミ	0	0	0	0	0
5911	横河ブ	385	385	370	375	48
5912	日本橋	123	123	117	123	19
5913	松尾橋	212	212	207	207	13
5914	宮地鐵工所	175	175	171	171	8
5915	駒井鉄	241	242	240	240	16
5916	ハルテック	205	205	205	205	8
5917	サクラダ	91	91	86	86	23
5918	滝上工	314	314	302	302	2
5919	日鉄塔	275	275	274	275	4
5921	川岸工	238	238	238	238	2
5922	那須鉄	0	0	0	0	0
5923	高田機	400	400	398	400	6
5925	酒井鉄工所	107	107	107	107	1
5926	安治川鉄工	103	103	102	102	3
5927	ホリー	107	107	100	100	6
5928	アルメタクス	0	0	0	0	0
5929	三和シャタ	250	259	247	259	312
5930	文化シヤタ	202	206	201	202	13
5931	川田工	208	225	207	211	51
5932	三協アルミ	69	72	69	72	137
5933	アルインコ	179	179	179	179	6
5934	日本ア	48	48	48	48	1
5935	元旦	0	0	0	0	0
5936	洋シヤタ	53	54	50	50	123
5938	住生活Ｇ	1609	1609	1522	1550	205
5939	大谷工業	0	0	0	0	0
5940	不二サッシ	78	78	71	77	21.3
5941	中西製	0	0	0	0	0
5942	フイルコン	306	306	305	306	29
5943	ノーリツ	952	953	921	922	68
5944	日立粉末	1020	1061	1020	1061	9
5945	天竜製鋸	0	0	0	0	0
5946	長府製	1130	1149	1130	1140	21.6
5947	リンナイ	2205	2270	2155	2240	80.2
5949	ユニプレス	181	181	175	175	5
5950	パワーファス	115	115	115	115	3
5951	ダイニチ工業	258	258	257	257	2.4
5952	アマテイ	70	71	70	70	11
5954	トープラ	246	246	232	233	83
5955	ヤマシナ	89	89	83	85	249
5956	トーソー	0	0	0	0	0
5957	日東精	184	184	184	184	2
5958	三洋工	305	320	302	307	195
5959	岡部	329	329	325	325	8
5961	トーカロ	800	800	800	800	0.9
5962	浅香工	0	0	0	0	0
5963	日立ツール	610	610	600	600	4.5
5964	洋刃物	116	116	116	116	1
5965	フジマック	0	0	0	0	0
5966	ＫＴＣ	0	0	0	0	0
5967	前田金	0	0	0	0	0
5969	ロブテックス	134	134	134	134	3
5970	菊池プレス	500	500	500	500	1
5971	共和工業	0	0	0	0	0
5972	日本建鐵	220	220	210	210	3.5
5973	トーアミ	0	0	0	0	0
5974	中国工	148	148	145	145	16
5975	東プレ	330	340	325	340	57
5976	ネツレン	279	279	272	278	48
5977	コマツ電子	839	839	829	830	5.6
5979	カネソウ	0	0	0	0	0
5980	田中亜鉛	205	205	205	205	1
5981	東京綱	117	117	114	115	135
5982	マルゼン	400	400	395	395	13
5983	イワブチ	0	0	0	0	0
5984	兼房	0	0	0	0	0
5985	サンコール	355	355	352	355	24
5986	モリテック	220	220	220	220	4
5987	オーネックス	200	200	200	200	4
5988	パイオラクス	665	665	665	665	3
5989	ヒラタ	362	362	362	362	1
5990	スーパツール	0	0	0	0	0
5991	ニッパツ	540	550	537	550	1700
5992	中央発條	350	357	350	357	8
5993	知多鋼	0	0	0	0	0
5994	ファインＳ	280	280	275	275	2
5995	科学冶金	0	0	0	0	0
5996	新立川	0	0	0	0	0
5997	協立エアテク	440	440	440	440	3
5998	アドバネクス	280	280	271	272	9
5999	イハラサイエ	295	295	293	293	4
6005	三浦工	1540	1545	1525	1540	43.6
6011	新潟鉄工所	80	86	79	82	2788
6013	タクマ	807	820	807	820	107
6016	神発動	0	0	0	0	0
6018	阪神燃	78	78	78	78	10
6020	神鋼造機	0	0	0	0	0
6021	ロビン	0	0	0	0	0
6022	赤阪鉄	84	84	84	84	9
6023	ダイハツデ	130	130	130	130	2
6041	ボッシュ	122	128	122	126	167
6042	ニッキ	140	148	136	137	33
6101	ツガミ	311	320	311	315	156
6102	池貝	127	130	111	127	289
6103	オークマ	385	385	371	379	303
6104	東芝機	529	537	516	530	503
6106	日立精機	151	155	151	151	49
6107	アマダマシ	260	263	255	263	70
6111	旭精機	0	0	0	0	0
6112	小島鉄	0	0	0	0	0
6113	アマダ	910	924	910	924	773
6114	住倉工業	138	140	125	135	561
6118	アイダ	478	478	468	475	42
6119	ゼィープラス	285	285	285	285	3
6121	滝澤鉄	71	71	68	68	3
6125	岡本工	130	131	128	129	77
6130	日平トヤマ	227	227	212	216	14
6131	浜井産	152	154	151	151	9
6134	富機製	3190	3190	2950	3050	102.7
6135	牧野フ	640	640	623	628	274
6136	ＯＳＧ	647	659	638	659	85
6137	小池工	150	150	150	150	13
6138	ダイジェト	151	155	151	155	5
6139	東芝タンガロイ	610	613	593	613	212
6140	旭ダイヤ	569	569	561	568	38
6141	森精機	1111	1135	1111	1126	182
6142	富士精	235	235	235	235	3
6143	ソディック	500	510	499	509	51
6144	西部電機	0	0	0	0	0
6145	日特エンジ	2090	2090	1990	1990	80.5
6146	ディスコ	8760	8980	8760	8760	186.2
6147	ヤマザキ	0	0	0	0	0
6148	UHT	2200	2200	2180	2180	3
6149	小田原エンジ	0	0	0	0	0
6150	タケダ機械	0	0	0	0	0
6151	日東工器	2755	2800	2755	2800	9.5
6201	豊田織	2000	2025	2000	2020	212
6203	豊和工	118	118	115	115	62
6204	キリウ	204	204	201	201	10
6205	ＯＫＫ	128	129	128	128	43
6206	豊田工	668	669	665	668	217
6208	石川製	82	82	80	81	97
6210	東洋機械	311	311	310	310	5
6211	倉敷機	78	78	78	78	1
6212	帝人製機	246	248	241	248	20
6213	ＯＭ製	136	145	136	145	8
6214	大隈豊和機械	175	175	168	175	13
6216	寿工業	0	0	0	0	0
6217	津田駒	122	122	120	120	4
6218	エンシュウ	149	149	146	146	27
6221	大東製機	420	420	404	410	15
6222	島精機	1951	1951	1917	1939	9.9
6242	スピンドル	198	198	192	193	15
6245	ヒラノテク	275	275	275	275	1
6246	井上金	140	140	140	140	2
6247	日阪製	456	456	456	456	7
6271	ニッセイ	0	0	0	0	0
6272	レオン	369	369	351	351	14
6273	ＳＭＣ	15800	15980	15550	15760	87.7
6274	新川	3210	3250	3180	3230	66.9
6275	イセキ開発工	66	66	66	66	1
6276	ナビタス	510	520	500	520	3
6277	ホソミクロン	630	630	620	620	4
6278	ユニオンツル	8000	8000	7650	7700	20.6
6279	瑞光	1018	1018	980	980	8.2
6280	名機製	510	510	496	510	18
6281	前田製作	485	485	485	485	5
6282	オイレス	1715	1735	1705	1710	2.2
6283	オリイメック	285	285	285	285	3
6284	ＡＳＢ機械	270	270	270	270	2
6286	静甲	0	0	0	0	0
6287	サトー	2545	2590	2535	2580	19.7
6288	ハマダ印刷機	146	146	146	146	1
6289	技研製	265	269	264	269	5
6290	ＳＥＳ	830	860	760	860	47
6291	エアーテック	670	675	670	670	10
6292	カワタ	540	540	540	540	1
6293	日精樹脂	921	921	920	920	2
6294	オカアイヨン	0	0	0	0	0
6295	富士変速	0	0	0	0	0
6296	ロキテクノ	1190	1190	1100	1100	15
6297	鉱研工業	290	290	285	285	6.3
6298	ワイエイシイ	980	980	980	980	1
6299	神鋼環境Ｓ	265	265	265	265	2
6300	アピクヤマダ	780	780	768	776	6
6301	コマツ	534	550	527	545	2487
6302	住友機	225	229	220	229	1376
6303	ササクラ	0	0	0	0	0
6304	マキ製作所	0	0	0	0	0
6305	日立建機	411	420	410	416	66
6306	日工	250	250	250	250	2
6307	サンセイ	0	0	0	0	0
6309	巴工業	803	803	803	803	3
6310	井関農	77	77	74	75	150
6311	セイレイ工業	0	0	0	0	0
6312	フロイント	0	0	0	0	0
6313	共立	130	130	127	130	43
6314	石井工研	800	800	790	790	1.4
6315	ＴＯＷＡ	2365	2365	2355	2360	24.2
6316	丸山製	130	133	130	130	13
6317	北川鉄	123	125	123	123	23
6319	シンニッタン	207	207	205	205	12
6320	新ダイワ	260	260	260	260	1
6321	石搬機	350	353	350	350	4
6322	タクミナ	438	438	438	438	1
6323	ローツェ	1400	1400	1380	1380	10
6324	ハーモニック	2150000	2150000	2060000	2140000	0.005
6325	タカキタ	0	0	0	0	0
6326	クボタ	391	391	380	390	619
6327	北川精機	0	0	0	0	0
6328	荏原実業	1260	1290	1260	1290	3
6329	ＨＥＣ	370	370	360	360	8
6330	東洋エンジ	104	104	97	97	205
6331	化工機	189	189	185	186	50
6332	月島機	591	600	583	600	25
6333	帝国電	0	0	0	0	0
6334	明治機	114	115	110	114	686
6335	東京機	370	375	366	370	69
6336	石井表記	3170	3300	3120	3250	13.6
6337	テセック	0	0	0	0	0
6338	タカトリ	850	850	850	850	3
6339	新東工	238	251	232	251	21
6340	渋谷工	836	853	830	850	9
6341	日立造船富岡	145	145	140	140	3
6342	太平製	90	95	90	95	7
6343	フリージア	40	43	40	43	165
6344	ＮＥＣマシナ	2405	2420	2305	2320	19
6345	アイチコーポ	170	171	165	165	13.2
6346	菊川鉄	0	0	0	0	0
6347	プラコー	0	0	0	0	0
6348	日本マリンテクノ	580	580	580	580	5
6349	小森	1650	1655	1600	1624	112
6350	新日本造機	136	136	136	136	1
6351	鶴見製	500	500	500	500	8
6352	トヨコケン	0	0	0	0	0
6354	日立機電	353	355	353	355	2
6355	住友精	334	334	325	326	30
6356	日ギア	158	158	151	151	2
6357	三精輸	292	292	285	285	31
6358	酒井重	210	210	202	209	26
6359	粟村製作所	115	115	115	115	1
6360	東自機	0	0	0	0	0
6361	荏原	1463	1468	1425	1443	607
6362	石井鉄	182	182	180	181	4
6363	酉島	470	470	470	470	4
6364	北越工	117	117	117	117	3
6365	電業社	4000	4000	4000	4000	0.5
6366	千代建	106	106	81	93	10444
6367	ダイキン	2220	2235	2190	2235	419
6368	オルガノ	390	390	375	385	58
6369	トヨカネツ	105	106	96	102	209
6370	栗田工	1610	1610	1585	1607	268
6371	椿本チ	366	366	354	356	267
6372	セイサ	0	0	0	0	0
6373	大同工	220	224	210	224	36
6374	ＴＣＭ	285	285	272	273	99
6375	コンベヤ	75	75	71	73	96
6376	日機装	539	539	533	538	57
6377	甲陽建設	421	436	388	418	222
6378	木村化	209	209	209	209	2
6379	新興プラン	87	87	87	87	4
6380	オリチェン	93	93	91	91	4
6381	アネスト岩田	138	138	135	135	17
6382	トリニ工	0	0	0	0	0
6383	ダイフク	945	945	920	930	274
6386	扶桑レクセ	1081	1120	1071	1120	4
6388	ミサワバン	415	416	410	415	57
6389	内田油圧	46	46	46	46	6
6390	加藤製	137	137	135	135	24
6391	加地テック	140	140	140	140	1
6392	ヤマダコーポ	0	0	0	0	0
6393	油研工	120	120	118	118	29
6394	大江工業	106	106	106	106	6
6395	タダノ	167	167	166	166	45
6396	宇野鉄	0	0	0	0	0
6397	郷鉄工	0	0	0	0	0
6398	日本電産シンポ	0	0	0	0	0
6403	水道機	0	0	0	0	0
6406	フジテック	699	699	680	680	132
6407	シーケーディ	815	822	801	815	135
6408	クラッチ	680	680	680	680	1
6409	キトー	0	0	0	0	0
6411	中野冷	0	0	0	0	0
6412	平和	1800	1810	1750	1800	102.1
6413	理想科学	1770	1770	1750	1750	7.4
6414	川重冷熱	355	355	330	330	4
6415	ニスカ	0	0	0	0	0
6416	桂川電機	209	210	209	210	9
6417	ＳＡＮＫＹＯ	3370	3400	3220	3300	121.9
6418	日金銭	1390	1390	1350	1360	15
6419	マース	4090	4200	4070	4080	31.6
6420	福島工業	586	594	586	594	1
6421	キヤノンＦ	842	861	841	861	9
6423	アビリット	3690	3700	3520	3560	54
6424	高見サイ	0	0	0	0	0
6425	アルゼ	6090	6090	5910	6000	8.4
6426	サミー	2260	2270	2230	2230	18.1
6427	東北リコー	910	910	910	910	2
6428	オーイズミ	0	0	0	0	0
6431	キャノンＮＴＣ	340	340	335	335	13
6436	アマノ	910	926	905	924	193
6437	三条機	135	136	135	136	3
6439	中日鋳	0	0	0	0	0
6440	ＪＵＫＩ	408	415	400	403	207
6442	コピア	350	350	346	346	3
6443	東洋製	125	125	125	125	9
6444	サンデン	524	535	515	529	97
6445	蛇の目	83	84	80	82	113
6448	ブラザー	210	210	197	197	479
6453	シルバ精	146	146	127	131	510
6454	マックス	1100	1137	1091	1137	80
6455	モリタ	268	268	260	260	17
6457	グローリー	2030	2040	1980	2040	19
6458	新晃工	141	142	141	141	27
6459	大和冷	278	279	275	275	84
6461	日ピス	93	94	90	91	40
6462	リケン	192	200	192	200	47
6463	ＴＰＲ	290	290	285	285	16
6466	トウアバルブ	0	0	0	0	0
6467	ニチダイ	545	550	545	550	28
6468	駿河精機	6800	6800	6800	6800	1
6469	放電精密	1110	1110	1040	1080	39
6470	大豊工業	868	870	867	867	11.1
6471	日精工	777	781	763	775	1155
6472	ＮＴＮ	323	323	312	315	1128
6473	光洋精	781	790	761	767	401
6474	不二越	173	174	170	174	238
6475	天辻	0	0	0	0	0
6476	富士テクニカ	0	0	0	0	0
6477	ツバキ・ナカ	1350	1350	1313	1345	47
6478	ダイベア	0	0	0	0	0
6479	ミネベア	1097	1100	1070	1100	719
6480	トムソン	1092	1140	1090	1095	108
6481	ＴＨＫ	2990	2990	2850	2890	344.8
6482	ユーシン精機	5200	5200	4990	5100	22.1
6483	川重防災	0	0	0	0	0
6484	ＫＶＫ	0	0	0	0	0
6485	前沢給装	591	591	585	585	7
6486	イーグル工	341	344	341	343	10
6487	積水工機	0	0	0	0	0
6488	ヨシタケ	268	268	263	263	8
6489	前沢工業	700	701	680	681	22.5
6490	ピラー	733	733	710	715	19
6492	岡野バ	122	122	122	122	1
6493	日鍛バ	183	183	183	183	2
6494	ファネス	380	439	375	430	359
6495	宮入バ	62	62	62	62	5
6496	中北製	185	185	175	175	4
6497	ハマイ	0	0	0	0	0
6498	キッツ	149	150	146	147	202
6499	大隈エンジニア	168	168	168	168	1
6501	日立	1088	1088	1065	1079	5341
6502	東芝	740	748	722	727	16768
6503	三菱電	716	720	700	713	6025
6504	富士電機ＨＤ	324	330	322	330	920
6505	東洋電	115	122	115	116	24
6506	安川電	970	970	893	950	1379
6507	神鋼電	169	170	167	169	69
6508	明電舎	200	203	194	202	199
6513	オリジン	700	701	685	685	18
6516	山洋電	691	691	674	675	82
6517	デンヨー	606	606	605	606	6
6518	三相電機	0	0	0	0	0
6519	エネサーブ	4020	4020	4000	4010	17
6581	日立工	341	350	330	350	220
6584	三桜工	467	497	467	479	38
6585	サーボ	242	242	242	242	5
6586	マキタ	850	851	810	830	166
6587	松下精工	403	408	400	408	55
6588	東芝テック	371	371	361	371	309
6590	芝浦	706	706	647	660	120
6591	西芝電	145	145	145	145	4
6592	マブチ	11800	12000	11750	11990	67.8
6593	ローヤル電	0	0	0	0	0
6594	日電産	6620	6770	6420	6600	154.6
6621	高岳	138	138	135	135	71
6622	ダイヘン	173	175	171	175	78
6623	愛電機	0	0	0	0	0
6624	田淵電	190	190	181	184	16
6641	日新電	280	280	265	265	45
6643	戸上電	0	0	0	0	0
6644	大崎電	713	713	680	707	41
6645	オムロン	2550	2600	2480	2530	850
6646	エナジーサポ	340	345	340	345	14
6647	森尾電	102	102	101	101	2
6648	かわでん	2	2	1	2	516
6650	春日電	131	131	130	130	5
6651	日東工	748	790	748	790	62
6652	和泉電	1269	1405	1250	1400	447.5
6654	不二電機	525	535	525	530	12
6655	東洋電機	0	0	0	0	0
6701	ＮＥＣ	1990	1994	1937	1962	4432
6702	富士通	1725	1745	1684	1720	8625
6703	沖電気	630	643	628	643	837
6704	岩崎通	230	230	220	229	64
6705	ＮＥＣインフ	496	502	495	495	41
6706	電気興	675	690	675	680	57
6707	サンケン	678	680	663	674	245
6708	東洋通	801	801	791	798	79
6709	明星電	121	121	121	121	1
6710	大興電機製作	201	201	200	201	5
6711	高見澤電機	220	220	220	220	6
6712	田村電機製作	215	217	211	215	21
6714	神田通信工業	169	169	167	167	5
6715	ナカヨ通	245	245	233	233	11
6716	中央無	0	0	0	0	0
6717	富士通アクセ	1270	1275	1260	1267	14.4
6718	アイホン	1090	1100	1060	1100	9.6
6741	信号	390	395	390	392	54
6742	京三	230	235	230	230	93
6743	大同信	200	200	200	200	7
6744	能美防災	391	400	385	396	7
6745	ホーチキ	262	263	262	263	6
6747	小糸工	280	280	272	272	3
6748	星和電	451	451	451	451	1
6749	マスプロ	1050	1064	1031	1031	5.1
6751	日無線	690	701	670	701	451
6752	松下	2905	2940	2890	2940	6059
6753	シャープ	1288	1308	1282	1308	1961
6754	アンリツ	3170	3220	3060	3090	794
6755	富士通ゼ	597	600	591	597	24
6756	日立国際	850	853	845	850	95
6758	ソニー	8000	8010	7820	7940	3808.6
6759	ＮＥＣトーキ	1287	1291	1270	1283	209
6761	アイワ	805	817	805	813	100.8
6762	ＴＤＫ	11340	11550	11310	11550	541
6763	帝通工	330	330	319	320	49
6764	三洋電	860	876	859	872	4510
6765	ケンウッド	280	284	270	281	412
6766	宮越商	16	17	16	17	69
6767	ミツミ	3380	3380	3000	3110	777
6768	タムラ	409	410	403	403	36
6770	アルプス	2320	2400	2320	2400	755
6771	池上通	239	240	231	235	39
6772	コスモス	127	127	127	127	4
6773	パイオニア	3080	3250	3050	3250	1019
6775	東和メクス	97	97	95	96	83
6776	天昇電	130	130	130	130	2
6779	日電波	3520	3530	3470	3520	48
6781	松下通信工業	15430	15810	15250	15800	465.1
6782	九州松下電器	1021	1021	1017	1019	109
6783	松下寿電子	2025	2055	2025	2055	38
6789	ローランドDG	777	800	777	778	9.2
6790	野田スクリン	3850000	3850000	3750000	3800000	0.007
6791	コロムビア	178	179	177	177	39
6792	ビクター	829	830	792	819	204
6793	山水電	5	6	5	5	673
6794	フォスター	550	555	550	551	9
6796	クラリオン	315	317	308	311	366
6797	名古屋電機	1180	1180	1180	1180	8
6798	ＳＭＫ	663	669	654	654	87
6799	日本マランツ	0	0	0	0	0
6800	ヨコオ	2100	2120	2080	2080	26.6
6801	東光	565	568	560	562	255
6802	赤井電機	1	2	1	1	2885
6803	ティアック	309	312	308	312	27
6804	ホシデン	3400	3520	3350	3520	147
6806	ヒロセ電	12830	13190	12830	13190	25.1
6807	航空電子	891	891	865	872	350
6808	シントム	46	46	44	45	1553
6809	ＴＯＡ	306	314	306	312	23
6810	マクセル	2000	2020	1990	2020	169
6811	クオンツ	331	350	320	350	32
6812	ジャルコ	470	470	451	451	14
6813	ナカミチ	58	59	57	57	44
6814	古野電	315	315	313	313	3
6815	ユニデン	465	466	451	456	68
6816	アルパイン	1250	1250	1242	1245	24
6817	スミダコーポ	4850	4850	4700	4830	7.1
6818	島田理	1121	1121	1110	1110	2.5
6819	オメガ・プロ	350	350	330	330	373
6820	アイコム	1460	1480	1460	1460	3.9
6821	バーテクスＳ	940	940	940	940	1
6822	大井電気	0	0	0	0	0
6823	リオン	590	600	580	580	4
6824	新コスモス	370	370	355	360	12
6825	パトライト	1640	1650	1640	1650	3
6826	本多通信	3810	3810	3730	3750	4.9
6827	東北パイオ	3750	3750	3600	3680	29
6828	シメオ精密	0	0	0	0	0
6829	ソーテック	1480000	1480000	1430000	1450000	0.07
6830	ＹＯＺＡＮ	4350000	5000000	4300000	4960000	0.158
6832	アオイ電子	4550	4550	4490	4500	9
6833	日電産リード	2060	2060	2060	2060	3
6834	精工技研	38000	38000	36000	36300	10.2
6835	アライドＨＤ	4840	4950	4600	4850	4.4
6836	ぷらっと	7480000	7510000	7300000	7300000	0.013
6837	京写	780	780	780	780	2
6838	多摩川電	0	0	0	0	0
6839	船井電	7860	8000	7550	7800	66.7
6840	アドテック	2650	2650	2500	2500	20
6841	横河電	955	955	920	955	289
6842	ユニパルス	3100	3100	3000	3000	6
6843	東光精機	214	214	214	214	1
6844	新電元	542	550	542	550	183
6845	山武	1254	1254	1222	1225	111
6846	中央製	0	0	0	0	0
6847	安藤電気	1149	1149	1120	1130	43
6848	東亜ＤＫＫ	280	280	280	280	2
6849	日本光電	288	288	285	285	13
6850	チノー	235	235	222	224	20
6851	大倉電気	160	160	157	157	5
6852	テクノセブン	145	145	120	131	49
6853	共和電	250	259	247	258	26
6855	電子材料	1600	1600	1540	1550	12
6856	堀場製	925	925	910	916	34
6857	アドバンテスト	12850	13000	12500	13000	286.3
6858	小野測器	0	0	0	0	0
6859	エスペック	1040	1040	1026	1026	13
6860	サンクス	1374	1374	1374	1374	1
6861	キーエンス	31000	31000	29500	30000	106.9
6862	ミナトエレ	148	148	148	148	5
6863	ニレコ	630	630	630	630	2
6864	ＮＦ回路	370	370	370	370	1
6866	ＨＩＯＫＩ	870	870	870	870	4
6867	リーダー電子	1240	1240	1220	1220	3
6868	東カソード	1060	1060	1040	1040	5.3
6869	シスメックス	2680	2680	2600	2600	27.8
6870	フェンオール	460	460	460	460	1
6871	日本マイクロ	1750	1760	1670	1670	6.3
6872	日本コーリン	7600	7990	7600	7610	45.8
6873	日立電子Ｅ	629	629	600	620	9
6874	協立電機	2070	2070	2060	2060	1.5
6875	メガチップス	4550	4550	4200	4260	8.3
6876	光波	2550	2550	2450	2450	3.3
6877	ＯＢＡＲＡ	0	0	0	0	0
6878	長野日無	0	0	0	0	0
6879	フォトロン	0	0	0	0	0
6880	シンワ	720	720	690	690	1.2
6881	キョウデン	2420	2420	2410	2420	23
6882	三社電機	771	800	771	800	3
6883	電産コ電	1360	1360	1350	1350	2
6884	デジタル	0	0	0	0	0
6885	ミヤチテクノ	4600	4700	4100	4550	160.2
6886	グラフィック	0	0	0	0	0
6887	日本ＬＳＩカード	270000	270000	270000	270000	0.003
6888	アクモス	275000	275000	270000	270000	0.006
6889	オーデリック	425	430	425	430	3
6890	フェローテク	2300	2600	2300	2600	153
6891	イーター電機	500	500	500	500	1
6892	シチズン電子	7200	7550	7000	7150	8.3
6893	タイテック	750	750	750	750	3
6894	パルステック	0	0	0	0	0
6895	ダイヤ電機	550	550	550	550	1
6896	北川工業	893	900	881	881	6.9
6897	ツインバード	0	0	0	0	0
6898	トミタ電機	0	0	0	0	0
6899	ＡＳＴＩ	559	559	559	559	1
6900	東京電波	4500	4600	4410	4450	16
6901	沢藤電	197	197	195	195	3
6902	デンソー	2360	2430	2355	2430	1055
6904	原田工業	0	0	0	0	0
6905	コーセル	3820	3870	3680	3850	18.4
6906	キヤ･コンポ	240	240	240	240	3
6907	ジオマテック	2140	2170	2090	2100	13.8
6908	イリソ電子	0	0	0	0	0
6909	北部通信工業	302	302	280	280	6
6910	日立メディコ	1194	1194	1185	1185	9
6911	新日無	951	951	920	930	50
6912	菊水電子	0	0	0	0	0
6913	メルコ	2085	2085	2000	2015	109.2
6914	オプテックス	0	0	0	0	0
6915	千代田インテ	1390	1400	1390	1400	3
6916	アイオデータ	1660	1700	1640	1640	16.8
6917	デンセラムダ	2560	2580	2480	2570	33
6918	アバール	0	0	0	0	0
6919	ケル	605	605	605	605	2
6920	レーザーテク	0	0	0	0	0
6921	東光電	275	275	275	275	4
6922	昭和情報	350	350	330	330	4
6923	スタンレー	1240	1257	1221	1240	403
6924	岩崎電	240	240	230	239	26
6925	ウシオ電	1752	1820	1730	1820	426
6926	岡谷電	311	311	311	311	8
6928	エノモト	830	840	829	840	15
6929	日セラ	2110	2185	2110	2150	44
6930	日本アンテナ	1130	1130	1130	1130	2
6931	日本電池	382	385	380	385	140
6932	ユアサコーポ	375	375	360	360	6
6933	ＹＵＡＳＡ	225	225	220	222	325
6934	新神戸	590	590	572	573	25
6935	日デジタル	1400	1400	1370	1400	22.6
6936	東洋高砂乾	110	115	110	115	7
6937	古河池	251	251	251	251	1
6938	双信電機	650	650	635	650	13
6939	ＵＭＣＪ	1000000	1030000	990000	1000000	0.306
6940	多摩電気	0	0	0	0	0
6941	山一電機	2315	2315	2220	2305	9
6942	ソフィア	180	180	180	180	1
6943	開閉器	650	650	650	650	2
6944	アイレックス	0	0	0	0	0
6945	ＦＴＥＣ	532	532	530	530	15
6946	日本アビオ	252	260	252	260	2
6947	図研	2150	2150	2020	2095	85.6
6948	住友電装	0	0	0	0	0
6949	キンセキ	1295	1321	1280	1312	159
6950	ＹＥデータ	0	0	0	0	0
6951	日電子	654	658	650	650	55
6952	カシオ	994	998	977	995	853
6954	ファナック	9090	9090	8540	8730	765
6955	ＦＤＫ	1140	1160	1140	1160	70
6956	神明電	1570	1570	1540	1540	5
6957	芝浦電子	305	305	300	300	3.5
6958	日本ＣＭＫ	1460	1471	1460	1468	59
6960	フクダ電	2180	2180	2150	2150	3
6961	エンプラス	4720	4720	4430	4500	56.1
6962	大真空	605	610	591	604	132
6963	ローム	24700	25910	24600	25910	222.2
6964	サンコー	1320	1320	1320	1320	1
6965	ホトニクス	6970	6970	6900	6940	58.3
6966	三井ハイテク	1639	1639	1580	1600	39
6967	新光電工	4030	4070	3980	4000	40.1
6968	グラフテック	150	151	146	146	15
6969	松尾電	481	481	475	480	16
6970	日本コンラックス	534	534	520	526	50
6971	京セラ	14380	14500	14100	14500	716.8
6972	エルナー	400	405	380	380	10
6973	協栄産	335	340	333	340	9
6974	日本インター	310	310	280	285	55
6975	ＮＥＯＭＡＸ	1050	1075	1050	1050	31
6976	太陽電	4130	4180	4010	4090	578
6977	抵抗器	201	201	201	201	1
6980	日立ＡＩＣ	1090	1099	1090	1099	3
6981	村田製	14700	14720	14300	14700	998.7
6982	リード	173	188	166	185	482
6984	朝日ナショナ	0	0	0	0	0
6985	ユーシン	380	383	380	383	3
6986	双葉電	3660	3720	3460	3500	76
6988	日東電	3910	3910	3650	3770	262.5
6989	北電工	189	189	180	185	130
6991	松電工	1305	1308	1296	1303	2345
6992	国産電	0	0	0	0	0
6993	森電機	86	90	85	85	41
6994	指月電	202	202	200	200	12
6995	東海理	746	746	738	738	91
6996	ニチコン	1800	1889	1800	1821	126.4
6997	日ケミコン	815	820	780	798	707
6998	タングス	295	295	280	280	4
6999	ＫＯＡ	2395	2420	2350	2390	206
7003	三井造	119	119	114	117	2697
7004	日立造	86	86	83	86	918
7007	佐世保	69	69	67	67	47
7011	三菱重	486	489	476	483	4579
7012	川重	130	131	126	129	1400
7013	石川島	234	238	219	224	8449
7014	名村造	132	139	131	139	125
7018	内海造	0	0	0	0	0
7020	サノヤス	130	132	130	132	9
7021	ニッチツ	160	160	160	160	3
7052	信貴造船所	0	0	0	0	0
7102	日車両	181	183	175	177	302
7104	富士車輌	101	110	101	101	22
7105	ニチユ	180	180	176	176	35
7122	近畿車	130	133	128	128	7
7123	東急車輌製造	69	70	69	69	20
7124	輸送機工業	0	0	0	0	0
7142	ナブコ	147	147	141	141	8
7201	日産自	712	714	694	702	8190
7202	いすゞ	217	220	216	220	788
7203	トヨタ	4000	4020	3980	4020	2980.7
7204	小松ゼノア	231	231	227	228	6
7205	日野自	370	370	366	370	316
7210	日産ディ	95	97	93	93	131
7211	三菱自	340	345	335	345	675
7212	エフテック	490	510	490	510	2
7219	ＨＫＳ	510	510	510	510	2
7220	武蔵精密	0	0	0	0	0
7221	トヨ車	985	1017	985	1017	17
7222	産車体	158	158	152	158	28
7223	関東自	580	580	568	575	19
7224	新明和	166	166	163	163	18
7225	小松フォーク	155	155	152	154	16
7226	極東開発	421	430	419	423	19
7227	アスカ	0	0	0	0	0
7228	デイトナ	515	525	515	520	5
7229	ユタカ技研	0	0	0	0	0
7230	日信工業	1830	1831	1830	1831	2
7231	トピー	166	167	162	162	305
7232	トキコ	200	204	196	197	288
7233	自部品	73	73	70	70	6
7234	橋本フォーミング	51	54	51	54	13
7235	東ラヂ	0	0	0	0	0
7236	ティラド	461	465	450	458	212
7237	ボッシュブレーキ	0	0	0	0	0
7238	ブレーキ	200	204	200	204	28
7239	タチエス	480	480	480	480	7
7240	ＮＯＫ	1159	1175	1150	1160	315
7241	フタバ	1371	1400	1371	1400	48
7242	カヤバ	172	175	167	175	227
7243	シロキ	184	186	184	186	25
7244	市光工	190	192	190	191	34
7245	大同メ	550	550	535	540	13
7246	プレス工	67	67	65	65	76
7247	ミクニ	130	130	115	115	41
7248	カルソニック	228	232	221	230	143
7249	尾張精	0	0	0	0	0
7250	太平洋工	259	265	250	265	42
7251	ケーヒン	843	872	843	869	201
7252	富士機	0	0	0	0	0
7253	日本ガスケット	0	0	0	0	0
7254	フジユニ	165	165	165	165	3
7255	桜井製	0	0	0	0	0
7256	河西工	185	185	176	184	31
7257	自転車電機工	413	413	380	380	27
7258	栃木富士産業	219	219	214	215	4
7259	アイシン	1685	1698	1663	1698	176
7260	富士機工	196	196	196	196	22
7261	マツダ	251	257	247	253	9854
7262	ダイハツ	812	825	810	825	479
7263	愛知機	199	199	195	196	46
7264	ＭＵＲＯ	0	0	0	0	0
7265	エイケン工業	610	610	605	605	8
7266	今仙電機	0	0	0	0	0
7267	ホンダ	3850	3900	3780	3840	1419
7268	タツミ	0	0	0	0	0
7269	スズキ	1270	1282	1225	1240	534
7270	富士重	720	720	704	709	3237
7271	安永	0	0	0	0	0
7272	ヤマハ発	771	777	770	771	179
7273	イクヨ	153	153	153	153	2
7274	ショーワ	589	590	580	580	100
7275	ユニシア	164	170	164	167	21
7276	小糸製	480	480	475	480	211
7277	ＴＢＫ	107	108	107	107	10
7278	エクセディ	754	760	746	760	13.1
7279	ケーブル	1130	1130	1060	1060	8
7280	ミツバ	416	420	410	420	10
7282	豊田合	0	0	0	0	0
7283	愛三工	690	690	680	680	5
7284	盟和産	220	220	220	220	3
7285	池田物産	65	75	60	75	750
7286	イズミ工業	0	0	0	0	0
7287	日精機	590	590	575	575	5
7288	テクノエイト	220	220	215	215	4
7289	マーレ テネックス	180	180	180	180	3
7290	日発精密工業	311	311	305	305	4
7291	日本プラスト	0	0	0	0	0
7292	村上開明	0	0	0	0	0
7293	大井製作所	222	222	222	222	1
7294	ヨロズ	390	399	390	399	0.8
7295	アイエス製機	0	0	0	0	0
7296	ＦＣＣ	970	978	970	973	10
7297	カーメイト	0	0	0	0	0
7298	八千代工	360	360	360	360	1
7299	フジオーゼ	175	175	175	175	1
7301	宮田	106	106	105	105	5
7305	新家工	0	0	0	0	0
7306	丸石自転車	205	205	200	200	11
7308	ツノダ	0	0	0	0	0
7309	シマノ	2030	2120	2030	2030	66.8
7399	ナンシン	0	0	0	0	0
7404	昭和飛	255	265	255	255	12
7407	日本飛行機	233	234	227	227	13
7408	ジャムコ	420	420	381	381	2
7410	横浜鋼業	0	0	0	0	0
7411	成和産業	0	0	0	0	0
7412	アトム	0	0	0	0	0
7413	創健社	0	0	0	0	0
7414	小野建	0	0	0	0	0
7415	新星堂	270	270	270	270	1
7416	はるやま	728	728	728	728	5
7418	ヤマキ	0	0	0	0	0
7419	ノジマ	1350	1360	1340	1350	10.1
7420	佐鳥電機	1180	1249	1170	1201	25
7421	カッパクリエ	4050	4050	3900	3900	2.1
7422	東邦レマック	0	0	0	0	0
7423	フォンテーヌ	1150	1160	1100	1100	4.4
7424	ニコニコ堂	160	160	160	160	1
7425	初穂商事	295	296	295	295	4
7426	山大	0	0	0	0	0
7427	エコーＴＤ	1400	1400	1400	1400	2.8
7428	江戸沢	778	778	778	778	2
7429	セイジョー	1099	1099	1010	1020	6.5
7430	サンワドー	0	0	0	0	0
7432	ダルトン	0	0	0	0	0
7433	伯東	2800	2900	2785	2890	39.9
7434	オータケ	1800	1800	1680	1680	0.9
7435	ナ・デックス	0	0	0	0	0
7437	シーアンドエス	3810	3850	3760	3800	34.6
7438	コンドー	370	370	365	365	7.5
7439	サンミック千代田	143	143	143	143	6
7440	クラフト	0	0	0	0	0
7442	中山福	0	0	0	0	0
7443	横浜魚類	300	300	300	300	3
7444	ハリマ共和	0	0	0	0	0
7445	ライトオン	2420	2700	2400	2655	42.9
7446	東北化学	400	400	400	400	4
7447	ナガイレーベ	2150	2150	2130	2150	2.1
7448	ジンズメイト	750	750	730	730	10.4
7449	太洋興業	125	125	125	125	2
7450	サンデー	790	790	790	790	1
7451	菱食	4050	4080	4050	4080	4
7452	マツヤ	0	0	0	0	0
7453	良品計画	4610	4900	4470	4900	103.4
7454	ホットスパー	0	0	0	0	0
7455	三城	2750	2800	2620	2730	262.8
7456	松田産業	1880	1880	1880	1880	0.5
7457	セキテクノ	450	450	450	450	3
7458	第一興商	1150	1180	1130	1180	16.9
7459	メディセオＨＤ	965	1000	965	1000	319.2
7460	ヤギ	470	470	470	470	8
7461	キムラ	0	0	0	0	0
7462	ダイヤ通商	519	519	519	519	2
7463	アドヴァン	1530	1530	1450	1451	6.1
7464	セフテック	0	0	0	0	0
7465	ＭＶ北海道	1650	1650	1650	1650	0.5
7466	ＳＰＫ	970	970	970	970	0.2
7467	萩原電気	580	580	571	579	4
7468	アムスク	994	994	950	980	9
7470	サロモンメイド	560	560	560	560	1
7471	ふじ	415	415	415	415	3
7472	鳥羽洋行	1020	1020	1010	1010	5
7473	静岡スバル	0	0	0	0	0
7474	パオ	0	0	0	0	0
7475	アルビス	452	460	452	460	10
7476	アズワン	1570	1570	1501	1530	2.9
7477	ムラキ	0	0	0	0	0
7478	ブルーグラス	445	445	440	440	5
7479	サンマルク	3790	3850	3750	3850	22.4
7480	スズデン	0	0	0	0	0
7481	尾家産	750	750	749	749	3
7482	シモジマ	1020	1020	1020	1020	1
7483	ドウシシャ	1880	1880	1880	1880	0.1
7485	岡谷鋼機	920	940	920	940	8
7486	サンリン	0	0	0	0	0
7487	小津産業	0	0	0	0	0
7488	ヤガミ	0	0	0	0	0
7490	日新商	0	0	0	0	0
7491	ＯＡシステム	470	470	450	450	10
7492	タイカン	325	325	325	325	1
7494	コナカ	650	650	617	630	4.5
7495	レオ	0	0	0	0	0
7496	八千代ムセン	900	900	900	900	3
7497	マインマート	650	650	650	650	0.5
7498	ジャパン	0	0	0	0	0
7500	西川計測	0	0	0	0	0
7501	ティムコ	780	780	780	780	1
7502	プラザクリエ	3800	3800	3800	3800	2.7
7503	ＩＭＩ	1410	1410	1410	1410	3
7504	高速	600	600	600	600	1
7505	扶桑電通	510	510	510	510	1
7506	ハウスローゼ	640	650	630	650	0.8
7507	浜 勝	1120	1120	1120	1120	0.5
7508	オートセブ	530	530	530	530	5
7509	アイエー	0	0	0	0	0
7510	竹菱電機	0	0	0	0	0
7511	ジプロ	0	0	0	0	0
7512	ポスフール	970	970	895	908	4.9
7513	コジマ	2220	2270	2180	2210	84.1
7514	ヒマラヤ	490	490	490	490	3
7515	マルヨシ	0	0	0	0	0
7516	コーナン	1035	1060	1030	1060	7.2
7517	黒田電気	2635	2655	2560	2600	6.8
7518	ネットワン	3480000	3480000	3270000	3300000	0.332
7519	五洋インテ	230	230	230	230	2
7520	エコス	420	425	420	425	4.7
7521	ムサシ	910	910	910	910	1
7522	ワタミ	6100	6150	5850	6010	36.4
7523	アールビバン	1060	1100	1050	1100	1.6
7524	マルシェ	900	910	900	910	3.5
7527	システムソフ	435	435	415	415	4
7528	安藤薬業公司	265	265	260	260	2
7529	はるやま	0	0	0	0	0
7530	ナブコドア	0	0	0	0	0
7531	清和鋼業	230	235	230	235	5
7532	ドンキホーテ	9260	9750	9160	9430	39.4
7535	グッドマン	2050	2050	2000	2000	2.5
7536	船橋薬品	0	0	0	0	0
7537	丸文	1350	1400	1350	1400	6
7538	大水	0	0	0	0	0
7539	アベルコ	0	0	0	0	0
7540	エルエスフェンス	0	0	0	0	0
7541	メガネトップ	0	0	0	0	0
7542	ビスケーＨＤ	0	0	0	0	0
7543	ミスタージョン	0	0	0	0	0
7544	スリーエフ	1140	1140	1100	1100	3.9
7545	西松屋チェ	1670	1670	1660	1660	8.4
7547	オートハローズ	0	0	0	0	0
7548	サンクスＪＰ	1210	1210	1170	1200	9
7549	エス・エス・ブイ	0	0	0	0	0
7550	ゼンショー	960	962	950	962	0.9
7551	ウェッズ	0	0	0	0	0
7552	ハピネット	1602	1602	1581	1600	6.3
7553	サザビー	4950	4990	4850	4850	5.7
7554	幸楽苑	0	0	0	0	0
7555	大田花き	425	425	425	425	3
7556	住商エレク	1250	1260	1240	1250	2.5
7557	サンクス	3340	3460	3290	3400	25.5
7558	トーメンエレ	4710	4710	4500	4600	2.3
7559	ジーエフシー	0	0	0	0	0
7560	ユニマット	890	890	882	882	1.4
7561	ハークスレイ	1700	1700	1660	1690	3.9
7562	安楽亭	762	762	755	760	5
7563	ニッパン	200	200	200	200	1
7564	ワークマン	0	0	0	0	0
7565	万世電機	0	0	0	0	0
7566	ジャパンケア	1770	1770	1670	1700	10
7567	栄電子	0	0	0	0	0
7568	クレックス	510	510	510	510	1
7569	モンテカルロ	160	160	151	160	4
7570	橋本総業	0	0	0	0	0
7571	ヤマノＨＣ	755	755	755	755	10
7573	ツルハ	1760	1760	1550	1580	20
7574	共信テクノ	1280	1280	1230	1230	5
7575	日本ライフＬ	689	700	680	700	3.3
7576	ベターライフ	0	0	0	0	0
7577	パスポート	206	220	206	220	3
7578	ニチリョク	0	0	0	0	0
7579	オリジン東	3540	3540	3450	3450	6
7580	フーズネット	1250	1250	1250	1250	1
7581	サイゼリヤ	5850	6000	5680	5800	12.8
7582	富デバイス	1600	1600	1560	1560	12
7583	通商	0	0	0	0	0
7584	丸紅インフォ	0	0	0	0	0
7585	かんなん	0	0	0	0	0
7586	寺島薬局	1040	1050	1040	1050	1.1
7587	ＰＡＬＴＥＫ	2500	2550	2500	2540	22
7588	シートゥーネット	5550	5600	5500	5500	6.7
7589	デジキューブ	700000	700000	700000	700000	0.01
7590	タカショー	0	0	0	0	0
7591	エクセル	1250	1250	1240	1240	3
7592	アイ・ユー・ケイ	475	475	475	475	1
7593	ＶＴＨＤ	800	800	800	800	0.5
7594	マルカキカイ	0	0	0	0	0
7595	アルゴグラフ	1870	1920	1870	1920	1.1
7596	魚力	2730	2750	2690	2700	3.6
7597	東京貴宝	0	0	0	0	0
7598	ナイスクラ	250	250	250	250	1
7599	ガリバー	3600	3600	3400	3460	35.8
7600	日本ＭＤＭ	3600	3600	3400	3400	3.6
7601	ポプラ	1041	1100	1015	1015	4.3
7602	ジャック	2020	2040	2005	2040	11.4
7603	マックハウス	0	0	0	0	0
7604	梅の花	1180000	1190000	1180000	1190000	0.003
7605	フジコーポ	135	145	130	140	6
7606	Ｕアローズ	650	660	650	655	7.2
7607	進和	1000	1000	1000	1000	1
7608	ＳＫジャパン	0	0	0	0	0
7609	ダイトエレク	2800	2880	2800	2880	2
7610	テイツー	510000	515000	497000	499000	0.039
7611	ハイデ日高	0	0	0	0	0
7612	コモンウェル	0	0	0	0	0
7613	シークス	1290	1350	1289	1300	13.1
7614	オーエムツー	1850	1950	1750	1950	2.1
7615	京都友禅	580000	580000	579000	580000	0.005
7616	コロワイド	2030	2080	2030	2080	2.5
7617	オオゼキ	4020	4020	4020	4020	0.2
7618	ＰＣＤＥＰＯ	601000	601000	590000	600000	0.015
7619	田中商事	286	286	275	275	4
7620	ヤマト硝子	0	0	0	0	0
7621	うかい	0	0	0	0	0
7622	焼肉サカイ	1500	1510	1500	1500	1.8
7623	サンオータス	0	0	0	0	0
7624	内藤	915	915	915	915	1
7625	ダイニング	2900	2900	2800	2800	3.5
7626	ドッドウエル	1400	1400	1390	1390	2
7627	なか卯	1200	1200	1200	1200	1
7628	オーハシテク	1710	1800	1710	1800	6
7629	ムラチク	850	850	850	850	1
7630	壱番屋	1300	1300	1300	1300	5
7631	マクニカ	12050	12700	12050	12700	10.7
7632	住商メタレックス	580	580	560	560	12
7633	明響社	390	390	380	385	7
7634	星医療	0	0	0	0	0
7635	杉田エース	0	0	0	0	0
7636	ハンズマン	0	0	0	0	0
7637	白 銅	1450	1450	1450	1450	2
7638	シーマ	0	0	0	0	0
7639	贔屓屋	691	691	690	690	3
7640	トップカル	0	0	0	0	0
7641	フォーユー	690000	690000	690000	690000	0.003
7642	ビジョン	590	650	590	600	26.3
7643	ダイイチ	390	395	390	395	2
7644	常盤薬品	0	0	0	0	0
7645	日本トイザ	15900	15900	15500	15500	3
7646	ＰＬＡＮＴ	2580	2620	2570	2600	33
7647	音通	139	145	135	145	5
7648	トーカン	0	0	0	0	0
7649	スギ薬局	3800	3800	3800	3800	1
7701	島津	372	374	355	373	687
7702	ＪＭＳ	390	391	382	391	30
7703	川澄化	1009	1009	998	999	6
7704	アロカ	928	933	898	930	30
7705	ジーエル	1400	1400	1390	1390	5
7706	セントラユニ	0	0	0	0	0
7711	助川電気	240	240	240	240	3
7713	シグマ光機	2560	2590	2520	2560	17
7714	モリテックス	5400	5400	4800	4900	22.3
7715	長野計器	2280	2280	2230	2230	3
7716	ナカニシ	1980	1980	1950	1950	10
7718	スター精	1445	1451	1382	1451	119
7719	東衡機	71	73	71	73	3
7720	ソキア	200	200	192	192	8
7721	トキメック	111	113	111	112	43
7723	愛時計	262	266	262	266	7
7724	金門	120	121	120	121	36
7726	黒田精	275	275	275	275	1
7727	オーバル	0	0	0	0	0
7728	電産トーソク	901	901	901	901	19
7729	東京精	7500	7550	7000	7270	168
7731	ニコン	1536	1605	1536	1577	1077
7732	トプコン	343	343	341	341	14
7733	オリンパス	1587	1632	1572	1632	340
7734	理計器	390	390	387	390	21
7735	スクリン	550	552	530	541	1216
7736	ユニオンＨＤ	81	89	81	83	9
7738	チノン	307	307	306	306	4
7739	キヤノン電	1130	1130	1099	1129	31
7740	タムロン	1140	1140	1050	1060	18
7741	ＨＯＹＡ	9080	9200	9020	9130	119.3
7743	シード	360	360	350	350	4
7744	ノーリツ鋼機	2510	2530	2480	2490	10.8
7750	ペンタックス	280	280	271	271	73
7751	キヤノン	4270	4300	4070	4140	1846
7752	リコー	1890	1899	1860	1899	1055
7753	ミノルタ	451	456	435	446	311
7756	電産コパル	1620	1646	1590	1600	35
7757	三協精	871	871	831	855	136
7758	セコニック	310	318	310	310	3
7762	シチズン	1060	1080	1036	1080	829
7764	オリエント時計	0	0	0	0	0
7765	リコーエレメ	710	710	690	690	8
7768	ジェコー	400	400	400	400	3
7769	リズム	160	161	158	161	215
7770	ミヨタ	0	0	0	0	0
7771	日本精密	449	449	449	449	1
7854	バンプレスト	1510	1510	1510	1510	1
7855	カーディナル	0	0	0	0	0
7856	萩原工業	770	770	770	770	1
7857	セキ	0	0	0	0	0
7858	小野産業	849	849	830	839	10
7859	アルメディオ	1000	1000	1000	1000	4
7860	エイベックス	7800	8600	7510	8600	111
7861	東京リスマ	1000	1000	990	1000	1.6
7862	トッパンフォ	1669	1744	1669	1743	56.5
7863	平賀	660	670	660	660	11
7864	フジシール	1910	1910	1650	1740	88.3
7865	ピープル	0	0	0	0	0
7866	アトラス	801	810	780	795	7.3
7867	トミー	1900	1900	1860	1879	32.2
7868	広済堂	1029	1029	1002	1004	2.2
7869	日本フォーム	0	0	0	0	0
7870	福島印刷	0	0	0	0	0
7871	フクビ	0	0	0	0	0
7872	エステール	0	0	0	0	0
7873	アーク	4300	4300	4290	4300	22
7874	スルガ	3590	3590	3530	3550	5.7
7875	竹田印刷	0	0	0	0	0
7876	三陽PAX	0	0	0	0	0
7877	永大化工	670	670	670	670	2
7878	光彩工芸	259	259	259	259	1
7879	ノダ	423	423	423	423	0.3
7880	南部化成	0	0	0	0	0
7881	ニッソー	0	0	0	0	0
7882	アロン化成	365	375	365	370	8
7883	サンメッセ	0	0	0	0	0
7884	本間ゴルフ	290	300	275	280	9.7
7885	タカノ	1400	1400	1370	1370	3.8
7886	ヤマト・イン	0	0	0	0	0
7887	南プラ	0	0	0	0	0
7888	三光合成	0	0	0	0	0
7889	桑山	500	500	500	500	0.1
7890	アテナ工業	665	665	665	665	3
7891	日本ユピカ	0	0	0	0	0
7892	宇部日東化成	285	287	285	285	12
7893	亜細亜	1027	1027	1026	1026	3
7895	中央化学	1450	1490	1450	1450	1.6
7896	セブン工業	355	355	355	355	1
7897	ホクシン	125	125	121	124	6.4
7898	ウッドワン	645	645	630	630	22
7899	オザキ軽化	370	370	370	370	1
7900	大出産業	0	0	0	0	0
7901	マツモト	450	450	450	450	3
7902	ソノコム	0	0	0	0	0
7903	名木材	0	0	0	0	0
7904	天竜木	41	41	41	41	1
7905	大建工	315	315	307	313	33
7906	ヨネックス	377	377	377	377	6
7907	日防腐	0	0	0	0	0
7908	きもと	0	0	0	0	0
7909	シーアイ化	0	0	0	0	0
7910	段谷産業	44	45	42	42	212
7911	凸版	899	908	880	908	1332
7912	大日印	1634	1638	1623	1635	535
7913	図書印	207	207	200	201	14
7914	共同印	312	319	310	314	32
7915	日写印	550	560	545	555	57
7916	光村印	350	350	340	340	4
7917	藤森工業	750	760	750	750	4
7918	ヴィアＨＤ	0	0	0	0	0
7919	野崎紙	230	235	230	235	9
7920	三浦印	402	402	402	402	1
7921	宝印刷	970	985	955	985	10.5
7922	三光産業	750	750	750	750	1
7923	トーイン	0	0	0	0	0
7925	前沢化成	1026	1029	1026	1026	3.8
7926	ベルテクノ	0	0	0	0	0
7927	ムトー精工	1010	1010	980	980	5
7928	旭化学	440	440	440	440	5
7929	新輝合成	0	0	0	0	0
7931	未来工業	1196	1196	1185	1185	7.1
7932	ニッピ	230	230	220	220	5
7933	ファイリング	0	0	0	0	0
7934	メルクス	58	66	58	66	14
7935	コンビ	495	500	490	495	9.5
7936	アシックス	100	100	97	97	75
7937	ツツミ	1828	1828	1816	1816	16.1
7938	リーガル	115	115	115	115	2
7939	研創	315	320	300	320	5
7940	ウェーブＨＤ	0	0	0	0	0
7942	ＪＳＰ	0	0	0	0	0
7943	ニチハ	700	700	691	691	4.2
7944	ローランド	1890	1890	1806	1806	1.2
7945	コマニー	610	610	599	599	11
7946	光陽社	0	0	0	0	0
7947	エフピコ	2910	2950	2810	2870	7.5
7948	ＡＷ・エモト	117	117	117	117	1
7949	小松ウオール	905	905	905	905	4
7950	日デコラ	0	0	0	0	0
7951	ヤマハ	1000	1003	960	985	375
7952	河合楽	137	139	137	137	12
7953	菊水化	480	490	480	490	5
7954	ジャレコ	1070	1070	985	985	44
7955	クリナップ	481	481	474	474	8
7956	ピジョン	780	787	780	785	4.3
7957	フジコピアン	139	139	134	138	3
7958	天馬	1000	1000	975	1000	24
7959	オリバー	0	0	0	0	0
7960	パラマウント	3840	3840	3650	3700	20.2
7961	兼松日産農	0	0	0	0	0
7962	キングジム	591	591	585	585	9
7963	興研	0	0	0	0	0
7964	セガ	753	760	750	759	208.3
7965	象印	491	491	491	491	1
7966	リンテック	1095	1100	1079	1100	45
7967	バンダイ	3880	4020	3880	4000	179.7
7968	田崎真珠	424	424	411	411	15
7969	タカラ	415	427	411	411	8
7970	信越ポリ	612	632	612	627	24
7971	東リ	194	195	193	193	11
7972	イトーキ	275	276	270	271	45
7973	ホウトク	128	128	128	128	1
7974	任天堂	18290	18500	18000	18420	124.4
7975	リヒトラブ	0	0	0	0	0
7976	菱鉛筆	842	842	835	835	7
7977	フランスベッド	320	324	320	321	33
7979	松風	649	649	554	554	2
7980	重松製	0	0	0	0	0
7981	タカラスタ	415	420	414	420	86
7983	ミロク	0	0	0	0	0
7984	コクヨ	1565	1568	1550	1555	161
7985	ネポン	0	0	0	0	0
7986	キング工	115	115	115	115	4
7987	ナカバヤシ	278	278	269	273	93
7988	ニフコ	1150	1170	1122	1129	70
7989	ブラインド	575	575	570	570	5.3
7990	ダイワ精	124	125	121	125	27
7991	マミヤＯＰ	226	226	223	223	11
7992	セーラー	491	500	483	490	165
7993	サンウエブ	188	188	178	178	14
7994	岡村製	418	423	418	423	25
7995	バルカー	159	159	155	159	43
7996	パイロット	448	448	448	448	2
7997	くろ工	219	219	219	219	8
7999	武藤工	290	290	282	289	24
8000	カイゲン	0	0	0	0	0
8001	伊藤忠	498	510	493	493	5848
8002	丸紅	247	248	244	247	1891
8003	トーメン	111	117	111	112	477
8004	ニチメン	104	109	103	107	1682
8005	ムトウ	631	631	631	631	1
8006	ユアサフナ	159	159	158	159	12
8007	高島	111	111	111	111	8
8008	アスティ	0	0	0	0	0
8010	新興産業	110	110	108	108	3
8011	三陽商	284	295	284	291	43
8012	長瀬産	560	562	530	531	195
8013	ナイガイ	80	81	79	79	20
8014	蝶理	115	115	111	113	17
8015	豊田通商	375	382	375	382	48
8016	オンワード	800	800	789	794	203
8017	阪急共栄物産	0	0	0	0	0
8018	三共興	263	265	263	264	11
8019	市田	48	48	46	46	67
8020	兼松	98	104	94	103	1111
8021	レナウン	87	89	85	85	303
8022	ミズノ	314	314	295	303	374
8023	大興電子	0	0	0	0	0
8024	シルバーＯＸ	405	405	383	383	11
8025	ツカモトＣ	135	135	130	130	5
8027	ルシアン	80	82	78	82	26
8028	ファミリーＭ	2775	2830	2750	2785	239.9
8029	ルック	228	229	228	228	16
8030	中央魚	181	181	181	181	2
8031	三井物	660	665	648	665	2752
8032	紙パ商	342	349	342	349	20
8033	ジーネット	150	150	150	150	3
8035	東エレク	8000	8140	7930	8100	513.3
8036	日立ハイテク	1270	1270	1260	1270	19
8037	カメイ	502	502	500	500	9
8038	東都水	260	265	260	264	46
8039	築地魚	159	160	159	160	7
8040	東ソワール	204	205	203	203	9
8041	魚市場	0	0	0	0	0
8042	マタイ	211	215	211	211	5
8043	スターゼン	177	180	176	180	31
8044	大都魚	133	133	133	133	8
8045	浜丸魚	0	0	0	0	0
8046	丸藤パ	129	129	129	129	1
8047	デジ・ネット	0	0	0	0	0
8048	シャディ	1740	1740	1701	1712	1.6
8050	セイコー	435	438	407	411	115
8051	山善	196	197	191	193	58
8052	椿本興	173	173	167	167	6
8053	住友商	860	861	844	847	2112
8056	ユニシス	1450	1455	1400	1400	265.7
8057	内田洋	671	679	670	677	95
8058	三菱商	813	823	805	823	3375
8059	第一実	198	203	190	191	36
8060	キヤノン販	1412	1467	1412	1439	131
8061	西華産	153	155	152	152	68
8063	日商岩井	95	95	92	95	787
8064	金商	120	120	120	120	1
8065	佐藤商	385	385	385	385	11
8066	三谷商	0	0	0	0	0
8067	トミヤアパ	279	279	275	275	7
8068	菱洋エレク	1420	1420	1383	1390	34
8070	東京産	283	283	275	275	5
8071	東海物産	339	339	339	339	11
8072	出版貿	0	0	0	0	0
8073	Ｔ・ＺＯＮＥ	172	172	170	170	7
8074	ユアサ商	115	117	115	117	70
8075	神鋼商	142	142	141	141	29
8076	カノークス	0	0	0	0	0
8077	小林産	0	0	0	0	0
8078	阪和興	92	94	91	91	113
8079	正栄食	450	450	450	450	1
8080	ジョイス	910	910	910	910	0.1
8081	カナデン	436	453	436	453	2
8083	サンテレ	240	245	240	245	11
8084	菱電商	341	342	330	330	32
8085	ナラサキ産業	195	195	180	180	136
8086	ニプロ	857	859	853	855	44
8087	フルサト	349	349	349	349	1
8088	岩谷産	233	233	222	229	255
8089	ナイス	231	232	227	227	151
8090	昭光通商	133	139	133	139	39
8091	ニチモウ	113	118	111	111	22
8092	富士通シス	1720	1780	1682	1700	25.6
8093	極東貿易	491	520	491	518	30
8095	イワキ	208	208	200	200	8
8096	兼松エレク	455	455	451	451	4
8097	三愛石	295	295	290	290	19
8098	稲畑産	629	631	618	631	55
8100	藤井	1	2	1	2	83
8101	ＧＳＩクレ	99	99	96	96	41
8103	明和産	88	93	88	88	13
8105	丸正	160	160	160	160	5
8107	キムラタン	48	48	47	47	7
8109	山洋工	0	0	0	0	0
8110	川鉄商事	118	120	113	120	45
8111	ゴルドウイン	115	118	115	116	16
8112	東スタイル	1000	1003	973	981	118
8113	ユニチャーム	5540	5540	5440	5500	161.6
8114	デサント	185	189	185	189	6
8115	ムーンバット	104	115	104	114	19
8116	ダーバン	168	168	166	166	22
8117	中央自	240	240	238	240	14
8118	キング	131	131	131	131	7
8119	三栄コ	315	315	291	299	50
8120	大木	0	0	0	0	0
8123	川辺	94	94	94	94	1
8125	ワキタ	267	267	255	255	6
8126	三光純薬	340	340	326	326	12
8127	ヤマトインタ	118	118	118	118	5
8128	エフワン	45	45	45	45	3
8129	東邦薬	380	380	380	380	6
8130	サンゲツ	1374	1375	1355	1375	19
8131	ミツウロコ	600	608	597	608	17
8132	シナネン	342	343	336	336	16
8133	伊藤忠エネ	374	374	362	371	29
8134	ＴＯＫＡＩ	728	728	686	700	55
8135	ゼット	0	0	0	0	0
8136	サンリオ	1520	1520	1501	1503	53.1
8137	サンワテク	665	665	665	665	2
8138	三京化	178	180	175	180	36
8139	ナガホリ	232	235	232	235	2
8140	リョーサン	1983	1995	1983	1995	16
8141	新光商	733	740	730	740	26
8142	トーホー	825	900	825	860	24
8143	ラピーヌ	67	68	67	68	8
8144	電響社	396	396	395	395	2
8145	中部水産	249	249	247	248	4
8146	小杉産	120	120	119	119	12
8147	トミタ	0	0	0	0	0
8148	上原成	275	275	275	275	4
8150	三信電	660	666	655	657	29
8151	東陽テク	3050	3050	3000	3010	24
8152	ソマール	236	236	235	235	5
8153	モスフード	900	900	890	895	35
8154	加賀電子	1330	1345	1310	1310	55
8155	三益半導	1372	1381	1361	1372	9.3
8156	ガステック	405	410	401	410	12
8157	都築電	430	430	430	430	2
8158	ソーダニッカ	174	194	174	189	162
8159	立花エレ	600	601	600	601	2
8160	木曽路	1199	1199	1160	1160	15.5
8161	エイデン	681	681	680	680	8
8163	サトＲＳ	675	677	675	677	5
8164	キャビン	95	95	90	94	48
8165	千趣会	500	526	500	526	28
8166	タカキュー	86	86	86	86	9.5
8167	丸久	180	180	180	180	3
8168	ケーヨー	560	560	538	538	18.1
8169	宝船	0	0	0	0	0
8170	アデランス	3800	3830	3730	3730	66.7
8171	ＭＶ中部	0	0	0	0	0
8172	第一家庭電器	30	31	30	31	94
8173	上新電	0	0	0	0	0
8174	日ガス	640	640	630	638	8
8175	ベスト電	625	626	603	620	23
8176	西洋フードシス	328	333	328	330	6
8178	マルエツ	300	300	294	300	39
8179	ロイヤルＨＤ	1001	1001	990	1000	16
8180	すかいらく	3490	3560	3440	3540	190
8181	東天紅	320	323	311	321	16
8182	いなげや	620	621	620	620	9
8183	セブン−イレブン	7700	7790	7350	7640	862
8184	島忠	1540	1571	1534	1571	27
8185	チヨダ	486	498	486	488	1.7
8186	大塚家具	7500	7530	7490	7490	3.5
8188	ヨークベニ	2530	2530	2450	2490	74.6
8189	マツヤデンキ	220	224	210	219	10
8190	ヤマナカ	0	0	0	0	0
8191	光製作	0	0	0	0	0
8192	中川無線	0	0	0	0	0
8193	鈴丹	99	99	93	94	47
8194	ライフコーポ	669	669	659	659	5
8195	デニーズジャパン	1876	1900	1876	1900	9
8196	カスミ	425	425	400	401	43
8197	東急ストア	317	318	310	311	9
8199	デオデオ	690	695	674	685	53.4
8200	リンガハット	1170	1185	1145	1178	3.4
8201	さが美	353	353	351	352	9
8202	ラオックス	450	451	420	420	84
8203	ＭｒＭａｘ	338	341	330	333	38.4
8204	ジョナサン	1500	1500	1490	1490	3
8205	シャクリー	0	0	0	0	0
8206	アポロイン	0	0	0	0	0
8207	テンアライド	392	392	390	390	6.9
8208	エンチョー	0	0	0	0	0
8209	フレンドリ	495	495	495	495	1
8210	フットワーク	170	170	167	168	7
8211	相鉄ローゼ	505	505	505	505	3
8212	オーク	107	107	107	107	1
8213	トステムビバ	360	370	355	358	37
8214	アオキインタ	317	320	315	316	34.5
8215	銀座山形屋	190	190	190	190	2
8216	フォルクス	500	510	500	510	3
8217	オークワ	915	915	905	905	57
8218	コメリ	2500	2520	2475	2520	35.3
8219	青山商	800	813	792	796	220
8225	タカチホ	0	0	0	0	0
8226	理経	350	350	340	340	6
8227	しまむら	8250	8250	7990	8100	47.2
8228	マルイチ	0	0	0	0	0
8229	ＣＦＳコーポ	894	894	850	853	7.5
8230	はせがわ	668	668	668	668	4
8231	三越	401	408	391	408	929
8232	東急百貨店	72	72	70	70	188
8233	高島屋	705	729	705	714	410
8234	大丸	283	294	283	287	331
8235	松坂屋	233	233	228	230	108
8236	丸善	269	273	263	267	749
8237	松屋	360	365	360	360	5
8238	伊勢丹	862	862	825	846	716
8239	横浜松坂屋	0	0	0	0	0
8240	サッポロライオン	623	623	618	618	2
8241	阪神百貨店	416	416	415	416	5
8242	阪急百	445	445	438	445	113
8244	近鉄百貨店	0	0	0	0	0
8245	丸栄	265	265	265	265	4
8247	大和	0	0	0	0	0
8248	ニッセン	272	280	271	271	3.7
8249	東洋物	600	600	600	600	4
8250	小松ストアー	0	0	0	0	0
8251	パルコ	311	312	310	310	23
8252	丸井	1400	1420	1340	1420	1069
8253	クレセゾン	2255	2270	2235	2270	304.7
8254	さいか屋	0	0	0	0	0
8255	原信	0	0	0	0	0
8256	プロルート	255	257	255	255	4.5
8257	山陽百	0	0	0	0	0
8258	ＯＭＣカード	260	260	255	260	106
8259	十字屋	31	32	30	31	97
8260	井筒屋	149	150	142	143	413
8261	ｼ鉄百貨店	170	170	169	169	7
8263	ダイエー	142	148	140	145	6553
8264	イトーヨーカ堂	4960	5100	4920	4980	693
8265	壽屋	130	130	130	130	2
8266	イズミヤ	695	705	681	705	36
8267	イオン	2175	2200	2175	2200	725
8268	西友	298	300	295	300	306
8269	マイカル	241	244	236	241	520
8270	ユニー	1400	1430	1400	1430	403
8273	イズミ	1000	1031	1000	1031	23
8274	東武ストア	169	169	160	160	9
8275	フォーバル	1560	1560	1490	1520	11.4
8276	平和堂	720	720	690	691	5
8278	フジ	1924	1929	1924	1929	12.7
8279	ヤオコー	1165	1200	1165	1180	2.3
8280	富士冷機	350	357	350	352	14
8281	ゼビオ	2370	2370	2325	2335	31.3
8282	ギガスケーズ	1900	1900	1820	1840	7.5
8283	パルタック	0	0	0	0	0
8285	三谷産業	394	394	394	394	1
8287	ＭＶ西日本	0	0	0	0	0
8289	オリンピック	2045	2045	2005	2005	0.2
8290	デンコードー	720	720	691	691	7
8291	東日カーライフ	198	198	190	191	10
8293	愛トヨ	0	0	0	0	0
8295	キャノンシステム	785	850	785	830	110
8298	ファミリー	0	0	0	0	0
8299	大栄太源	500	500	500	500	3
8301	日銀	0	0	0	0	0
8305	みずほＨ	756000	760000	741000	760000	7.136
8314	さくら銀行	740	750	725	750	8183
8315	東京三菱銀	1174	1240	1170	1238	8908
8318	三井住友銀行	1266	1281	1237	1281	6437
8319	大和銀行	206	206	197	204	2587
8320	三和銀行	860	879	848	879	4569
8321	東海銀行	530	540	523	540	3518
8322	あさひ銀行	380	383	377	382	4622
8324	第四銀	387	393	382	393	62
8325	北越銀	295	298	295	298	66
8326	福岡銀	512	512	480	500	1234
8327	西日本シティ銀	430	440	430	438	78
8331	千葉銀	434	436	434	436	876
8332	横浜銀	504	509	502	509	504
8333	常陽銀	378	380	374	380	268
8334	群馬銀	584	584	556	579	273
8335	足利銀行	204	204	201	204	175
8336	武蔵銀	4350	4350	4240	4320	15
8337	千葉興	1181	1182	1179	1180	7.9
8338	関東つくば銀	1360	1360	1340	1340	7.7
8339	都民銀	2640	2650	2595	2650	18.4
8341	七十七	770	777	750	777	290
8342	青森銀	474	474	470	474	34
8343	秋田銀	430	430	416	430	61
8344	山形銀	554	555	552	555	29
8345	岩手銀	3890	3950	3890	3950	7.9
8346	東邦銀	414	420	414	420	91
8349	東北銀	213	218	213	218	7
8350	みちのく銀	669	669	663	669	22
8353	北海道銀行	128	130	127	127	171
8355	静岡銀	989	1005	986	1002	933
8356	十六銀	460	460	456	460	55
8357	北陸銀行	244	244	238	240	237
8358	スルガ銀	1444	1444	1400	1400	72
8359	八十二	583	605	583	605	87
8360	山梨銀	370	370	358	370	61
8361	大垣共立	599	610	596	610	47
8362	福井銀	295	295	290	295	79
8363	北国銀	460	465	446	451	51
8364	清水銀	4120	4150	4120	4150	2.2
8365	富山銀	0	0	0	0	0
8366	滋賀銀	480	487	478	480	39
8367	南都銀	410	410	391	399	796
8368	百五銀	430	433	427	428	16
8369	京都銀	475	475	470	474	101
8370	紀陽銀	280	283	277	283	68
8371	近畿大阪銀	0	0	0	0	0
8372	泉州銀	229	229	228	228	6
8374	三重銀	498	499	489	489	13
8375	池田銀	5450	5450	5330	5410	2.9
8379	広島銀	395	399	391	399	109
8380	山口銀	648	658	648	650	40
8381	山陰合銀	530	532	515	530	47
8382	中国銀	771	794	771	784	36
8383	鳥取銀	368	368	362	362	7
8385	伊予銀	634	636	627	636	26
8386	百十四	639	640	630	640	45
8387	四国銀	615	617	600	617	47
8388	阿波銀	503	504	500	500	19
8390	鹿児銀	506	506	490	505	88
8391	親和銀行	350	350	347	350	55
8392	大分銀	595	600	595	600	82
8393	宮崎銀	396	400	391	400	35
8394	肥後銀	433	435	425	433	112
8395	佐賀銀	373	373	367	371	15
8396	十八銀	390	395	389	390	366
8397	沖縄銀	2230	2250	2230	2250	0.5
8399	琉球銀	1520	1520	1490	1510	7.4
8402	三菱信託	800	848	800	848	3792
8403	住友信	781	785	766	782	1753
8404	みずほ信託銀	94	94	92	94	1144
8405	日本信託	166	175	162	175	239
8407	東洋信託	383	393	381	393	1446
8408	中央三井信	360	364	360	364	667
8489	アプレック	0	0	0	0	0
8493	インター	729	729	725	725	4
8507	学研クレジット	505	505	505	505	4
8508	イッコー	0	0	0	0	0
8511	日証金	405	407	398	400	152
8512	大証金	211	213	211	213	13
8513	中証金	188	188	188	188	1
8515	アイフル	8260	8260	7900	8040	221.3
8518	アジア投資	370	372	357	365	373
8519	ポケットＣ	1449	1449	1400	1408	27.9
8520	殖産銀行	419	419	406	406	2
8521	長野銀	463	468	463	468	4
8522	名古屋銀	575	576	575	576	44
8524	北洋銀行	717	726	710	726	16
8527	愛知銀	7580	7600	7580	7600	2
8528	岐阜銀	187	188	187	188	10
8529	第三銀	451	456	450	456	70
8530	中京銀	429	438	429	438	8
8533	広島総合銀行	406	409	406	408	132
8536	東日銀	598	609	597	609	12
8537	大光銀	304	304	304	304	11
8539	福岡シティ銀	458	460	458	460	25
8541	愛媛銀	460	470	460	470	12
8542	トマト銀	349	349	349	349	4
8543	みなと銀	276	278	270	270	99
8544	京葉銀	305	318	305	318	57
8545	関西アーバン	131	131	127	130	21
8548	九州銀行	304	305	303	305	18
8549	せとうち銀行	387	396	387	396	11
8550	栃木銀	667	668	666	667	22
8551	北日銀	5740	5800	5740	5800	3.1
8552	びわこ銀	250	250	250	250	3
8556	香川銀	585	588	585	588	26
8558	東和銀	424	425	421	424	180
8561	徳島銀	695	700	691	700	28
8562	福島銀	320	326	320	326	39
8563	大東銀	327	327	326	327	11
8564	武富士	6450	6450	6450	6450	108.1
8565	三洋クレ	4560	4560	4300	4400	7.7
8566	リコーリース	2100	2100	2020	2060	4.3
8567	クレディア	1656	1690	1650	1690	3.4
8568	シンキ	881	899	838	899	178.2
8569	ユニココーポ	0	0	0	0	0
8570	イオンクレ	6150	6410	6140	6400	16.8
8571	ニッシン	3290	3290	3140	3250	13.5
8572	アコム	8180	8180	7600	7770	326
8573	三洋信販	2610	2640	2610	2620	34.4
8574	プロミス	7220	7220	6500	6500	463.2
8577	ロプロ	585	585	540	550	335.3
8579	東京リース	0	0	0	0	0
8580	ファーストクレジット	175	175	162	168	133
8583	日信販	155	157	153	155	481
8584	ジャックス	300	300	297	299	39
8585	オリコ	189	189	180	180	579
8586	日立キャピ	2350	2390	2280	2310	187.9
8588	セントラル	320	325	320	325	25
8589	アプラス	89	89	85	88	93
8591	オリックス	11500	11580	11240	11490	237.9
8592	住商リース	1185	1200	1179	1200	21
8593	ダイヤリース	1170	1170	1150	1155	26
8595	ジャフコ	12800	13100	12300	12500	236.5
8597	ＳＦＣＧ	10500	10600	10420	10470	80.09
8599	ＵＦＪセント	0	0	0	0	0
8601	大和証Ｇ	1285	1290	1238	1250	3767
8603	日興コーデ	880	887	862	887	3233
8604	野村ＨＤ	2480	2510	2460	2510	5411
8606	新光	355	360	350	360	623
8607	みずほイン証	158	158	154	157	252
8609	岡三ＨＤ	560	570	557	570	144
8610	さくらフレンド	210	212	205	212	142
8611	コスモ証	165	165	159	165	120
8613	丸三	484	484	479	484	56
8614	東洋	257	260	251	260	57
8615	三菱証	965	965	952	960	363
8616	東海東京	280	285	277	280	218
8617	光世	193	193	186	192	40
8621	ＵＦＪつばさ証券	390	398	385	398	150
8622	水戸	270	270	260	260	24
8623	ＳＭＢＣ証	224	224	210	210	21.5
8624	いちよし証	434	448	430	448	30
8625	高木	332	334	324	334	9
8626	マネックス	55000	55500	54000	55200	0.484
8627	イー・トレード	491000	495000	481000	483000	0.072
8691	証券代	0	0	0	0	0
8692	だいこう	400	400	400	400	1
8740	フジトミ	511	511	500	500	3
8742	小林洋行	1090	1100	1090	1100	2.3
8743	ひまわり証	158	160	157	157	18
8744	日本ユニコム	0	0	0	0	0
8745	グローバリー	0	0	0	0	0
8746	第一商品	235	235	230	230	7
8747	豊商事	0	0	0	0	0
8748	岡藤商事	0	0	0	0	0
8749	エース交易	185	200	180	200	29
8751	東京海上火災	1239	1239	1220	1235	1663
8752	三井住友海上	581	587	581	585	1232
8753	住友海上火災	712	718	703	716	1217
8754	日本興亜	390	394	386	394	243
8755	損害保険Ｊ	545	552	542	550	2114
8756	日産火災海上	345	349	342	349	39
8757	日新火	235	235	229	235	57
8758	千代田火災	295	301	294	301	104
8759	ニッセイ同和	245	256	245	256	81
8760	日動火災海上	530	540	528	539	239
8761	あいおい損保	317	324	316	319	290
8762	興亜火災	392	392	382	386	126
8763	富士火	202	202	200	202	204
8764	太陽火災	0	0	0	0	0
8765	大成火災海上	277	277	270	271	40
8801	三井不	1360	1378	1340	1355	1878
8802	菱地所	1268	1276	1245	1262	3456
8803	平和不	269	276	268	270	220.5
8804	東建物	209	210	200	208	576
8805	中央地	90	91	90	91	23
8806	ダイビル	825	849	825	849	19
8809	サンケビル	359	359	346	359	32
8810	港振興	0	0	0	0	0
8815	東急不	104	105	103	105	387
8817	阪急不動産	0	0	0	0	0
8818	京阪神不	295	296	295	296	10
8821	立飛企	0	0	0	0	0
8829	大和団地	203	206	202	202	17
8830	住友不	632	646	613	617	3486
8832	小田急不	191	191	191	191	6
8833	東宝不	384	384	370	379	26
8834	藤和不	45	47	45	47	88
8835	太平発	114	115	111	111	21
8836	ヒューネット	878	919	851	877	848
8838	有楽地	170	170	165	165	49
8839	ニチモ	69	69	68	68	32
8840	大京	183	183	175	179	216
8841	テーオーシー	650	664	620	622	114
8842	楽天地	356	356	355	356	15
8844	リクコスモス	422	422	420	420	13
8845	セザール	204	208	204	207	20
8846	積和不動産	400	400	400	400	4
8848	レオパレス	266	272	255	258	127
8850	スターツ	0	0	0	0	0
8851	アバンライフ	140	140	140	140	4
8852	積和不動関西	321	321	319	319	15
8853	ダイヤシティ	0	0	0	0	0
8854	日住	0	0	0	0	0
8855	全日空ビル	110	110	110	110	1
8857	三井不動販売	581	581	531	531	21
8858	ダイア建	179	179	171	179	23
8860	フジ住	425	449	425	449	24
8863	積和不動中部	416	416	415	415	4
8864	空港施設	395	395	395	395	1
8865	神鋼興産	0	0	0	0	0
8866	コマーシャル	270	280	268	280	13
8867	横浜地下街	0	0	0	0	0
8868	ＵＲＢＡＮ	2040	2040	1930	1970	10.2
8869	明和地所	2300	2300	2220	2270	41.8
8870	住不販売	3900	3930	3890	3930	24.7
8871	ゴールドクレ	8200	8400	8000	8050	80.8
8872	エイブル	982	999	970	970	18
8873	積和不動中国	0	0	0	0	0
8874	ジョイント	2700	2710	2570	2620	3.5
8875	東栄住宅	1400	1450	1360	1400	26.7
8876	リロＨＤ	6450	6450	6350	6400	25
8877	エスリード	990	1000	971	971	3.2
8878	日綜地所	1330	1350	1320	1330	15
8879	東急リバブル	640	640	639	639	3
8880	飯田産業	1420	1420	1400	1400	1.4
8881	日神不動産	1200	1250	1190	1200	6.8
8882	ゼファー	2950000	2950000	2830000	2830000	0.006
8884	ディックス	530	530	510	530	34
9001	東武	323	325	319	324	320
9002	西武鉄道	1443	1463	1440	1449	38
9003	相鉄	285	288	284	288	103
9004	箱根登山鉄道	268	268	265	265	6
9005	東急	582	585	576	585	1204
9006	京急	438	439	435	439	350
9007	小田急	397	398	395	398	269
9008	京王	456	459	456	459	362
9009	京成	262	263	258	263	396
9010	富士急	368	370	368	370	16
9012	秩父鉄	158	160	158	160	5
9013	伊豆箱根鉄道	0	0	0	0	0
9014	新京成	263	263	263	263	2
9017	新潟交	280	280	280	280	9
9019	伊豆急行	2050	2050	2050	2050	0.9
9020	ＪＲ東日本	634000	634000	625000	634000	4.255
9021	ＪＲ西日本	465000	466000	453000	463000	2.44
9022	ＪＲ東海	681000	688000	680000	688000	1.079
9031	西鉄	279	280	277	280	61
9033	広電鉄	0	0	0	0	0
9036	東部ネット	400	400	400	400	4
9037	ハマキョウ	0	0	0	0	0
9038	東海西濃	0	0	0	0	0
9039	サカイ引越	1890	1890	1890	1890	0.5
9040	大宝運輸	266	266	266	266	4
9041	近鉄	461	469	460	469	385
9042	阪急ＨＤ	356	360	355	360	372
9043	阪神	291	293	289	293	190
9044	南海電	359	359	355	355	77
9045	京阪電	350	350	343	343	63
9046	神電鉄	421	421	421	421	3
9047	名糖運輸	1150	1200	1150	1200	3.3
9048	名鉄	300	302	298	302	279
9049	京福電	0	0	0	0	0
9050	三重交	335	335	330	330	7
9051	センコン物流	0	0	0	0	0
9052	山陽電	250	252	250	252	41
9053	中央運輸	0	0	0	0	0
9054	大和物流	0	0	0	0	0
9055	アルプス物流	585	585	575	575	3
9056	ヒューテック	0	0	0	0	0
9057	遠州トラック	0	0	0	0	0
9058	トランコム	460	460	460	460	1
9059	カンダ	252	255	252	255	4
9060	日ロジテム	0	0	0	0	0
9061	富士物流	179	179	178	178	3
9062	日通	660	683	660	680	3671
9063	岡県運送	0	0	0	0	0
9064	ヤマト運	2070	2075	2030	2065	982
9065	山九	96	98	94	98	617
9066	日新	174	180	174	180	12
9067	丸運	196	205	186	186	4
9068	丸全運	192	193	190	191	20
9069	センコー	191	192	189	192	67
9070	トナミ	200	209	200	209	46
9072	日梱包	695	715	685	696	6
9073	京極運	400	400	400	400	0.5
9074	日石輸	173	173	171	172	8
9075	福山運	544	544	530	543	239
9076	西濃運	505	515	505	515	70
9077	名鉄運	0	0	0	0	0
9078	エスライン	0	0	0	0	0
9079	東急ロジ	0	0	0	0	0
9080	関東西濃	0	0	0	0	0
9081	神奈交	496	499	494	499	15
9082	大和自	0	0	0	0	0
9083	神姫バ	0	0	0	0	0
9086	日立物流	549	552	549	552	39
9087	タカセ	210	210	210	210	1
9088	濃飛西濃	0	0	0	0	0
9089	ロジパル	0	0	0	0	0
9101	郵船	527	530	505	510	2252
9104	商船三井	240	242	236	241	2745
9107	川崎汽	187	191	185	189	880
9110	新和海	61	61	60	60	44
9113	乾汽船	60	60	60	60	2
9114	日之出汽船	50	52	50	50	243
9115	明治海	172	172	168	168	7
9119	飯野海	155	155	150	152	63
9123	太平海	45	46	45	45	25
9127	玉井船	0	0	0	0	0
9130	共栄タ	111	111	103	103	15
9132	第一汽	45	46	44	44	47
9133	東栄リーファ	0	0	0	0	0
9151	東京船舶	87	87	87	87	1
9152	関西汽	43	43	41	42	62
9171	栗林船	190	190	190	190	1
9173	東海汽	0	0	0	0	0
9174	ワンダーＴ	220	220	211	211	12
9176	佐渡汽	1000	1000	1000	1000	0.5
9178	日鉄物流	0	0	0	0	0
9179	川崎近海	162	162	162	162	1
9180	新和内航	220	220	220	220	1
9193	東京汽	0	0	0	0	0
9201	日本航空	494	497	491	496	4081
9202	ＡＮＡ	353	357	351	356	699
9203	日本エアシス	3740	3790	3740	3780	1
9204	スカイマーク	140000	141000	139000	139000	0.014
9231	国際航	518	523	513	513	12
9232	パスコ	364	365	356	357	11
9233	アジア航	308	308	300	300	5
9301	三菱倉	989	990	971	989	439
9302	三井倉	200	207	200	207	171
9303	住友倉	281	281	272	272	125
9304	渋沢倉	244	245	240	245	34
9305	ヤマタネ	119	122	117	117	44
9306	東陽倉	190	190	189	189	2
9307	杉村倉	0	0	0	0	0
9308	イヌイ建	0	0	0	0	0
9309	京神倉庫	266	270	266	270	2
9310	トランシティ	201	201	191	191	24
9311	アサガミ	0	0	0	0	0
9312	ケイヒン	138	138	137	137	3
9313	丸八倉	135	135	133	133	5
9314	品川倉	0	0	0	0	0
9317	オーナミ	109	109	109	109	3
9318	Ｊブリッジ	0	0	0	0	0
9319	中央倉	0	0	0	0	0
9320	三和倉	0	0	0	0	0
9321	アイロジステ	144	154	144	154	4
9322	川西倉	0	0	0	0	0
9323	ロジステック	230	230	230	230	1
9324	安田倉	335	335	330	330	3
9351	洋埠頭	134	135	132	132	33
9353	桜島埠	0	0	0	0	0
9355	リンコー	0	0	0	0	0
9357	名港海	309	309	309	309	1
9358	宇徳運	132	132	132	132	4
9359	伊勢湾	0	0	0	0	0
9360	鈴与シンワ	149	149	149	149	2
9361	伏木運	0	0	0	0	0
9362	兵機海	0	0	0	0	0
9363	大運	53	53	52	52	13
9364	上組	525	525	507	524	345
9365	トレーディア	0	0	0	0	0
9366	サンリツ	650	650	650	650	0.2
9367	大東港運	0	0	0	0	0
9368	キムラユニテ	475	475	475	475	1
9369	キユソ流通	1090	1090	1080	1080	3
9370	郵船航空	2050	2050	2010	2050	0.9
9373	ニッコウトラ	1420	1420	1420	1420	13
9374	軽貨急配	909	910	885	910	14
9375	近鉄エクス	1284	1284	1170	1180	11
9401	ＴＢＳ	3720	3720	3650	3680	420
9402	ＣＢＣ	940	940	900	900	5.4
9404	日テレ	51800	52400	51700	52400	62.68
9405	朝日放	9300	9300	8900	9100	0.64
9408	新潟放	0	0	0	0	0
9409	テレビ朝日	352000	356000	343000	346000	0.603
9432	ＮＴＴ	923000	933000	910000	933000	24.14
9433	ＫＤＤＩ	481000	494000	462000	470000	10.935
9434	ボーダフォン	1930000	1930000	1890000	1930000	0.767
9435	光通信	2210	2615	2150	2615	129.4
9436	沖縄セルラー	253000	254000	250000	250000	0.035
9437	ＮＴＴドコモ	2900000	2900000	2850000	2900000	8.157
9438	ＭＴＩ	340000	360000	335000	360000	0.12
9439	ビーアイジー	360000	375000	359000	375000	0.004
9441	ベルパーク	1240000	1300000	1240000	1300000	0.003
9442	ＪＳＡＴ	880000	885000	870000	879000	0.3
9443	インテックコミュ	701	710	700	700	7
9444	トーシン	0	0	0	0	0
9449	ＧＭＯインター	1350	1400	1310	1400	37
9470	学研	151	155	151	151	50
9471	文渓堂	0	0	0	0	0
9472	エスコム	320	330	290	290	166
9473	アスキー	680	680	650	652	13
9474	ゼンリン	2150	2220	2050	2070	6
9475	昭文社	1272	1320	1270	1310	65.6
9476	中央経済	350	350	350	350	1
9477	角川ＨＤ	2870	2925	2835	2840	19.3
9478	翔泳社	1860000	1910000	1830000	1900000	0.012
9479	インプレスＨＤ	473000	527000	435000	526000	0.219
9501	東電	2675	2695	2670	2695	2331.6
9502	中部電	1900	1905	1888	1905	706.9
9503	関西電	1788	1810	1780	1810	735.2
9504	中国電	1583	1590	1571	1590	114.1
9505	北陸電	1500	1500	1478	1500	44.7
9506	東北電	1424	1424	1370	1380	823.7
9507	四国電	1415	1429	1410	1429	115.8
9508	九州電	1640	1660	1635	1660	424.9
9509	北海電	1423	1432	1413	1421	59.8
9511	沖縄電	1860	1860	1841	1841	2.2
9531	東ガス	294	295	289	291	4811
9532	大ガス	291	295	282	289	5788
9533	邦ガス	205	210	203	210	159
9534	北ガス	186	188	186	186	6
9535	広ガス	0	0	0	0	0
9536	西部ガス	150	152	149	152	131
9537	北陸ガ	0	0	0	0	0
9539	葉ガス	0	0	0	0	0
9540	中ガス	0	0	0	0	0
9541	大多喜ガス	337	337	337	337	1
9542	新日ガス	0	0	0	0	0
9600	アイネット	588	588	561	561	9
9601	松竹	485	487	470	485	41
9602	東宝	15010	15150	14910	15010	14.6
9603	ＨＩＳ	1830	1830	1750	1800	28.1
9604	際放映	140	140	130	130	3
9605	東映	471	478	455	457	307
9607	葵プロ	1050	1050	1041	1050	15
9608	福山コンサル	0	0	0	0	0
9609	ベンチャーリ	6600	6600	6510	6560	3.7
9610	ウィルソン	2600	2600	2500	2500	0.2
9611	Ｄワンダー	650	650	650	650	6
9612	ラックランド	0	0	0	0	0
9613	ＮＴＴデータ	878000	896000	870000	878000	5.43
9614	ベルシス24	45000	45800	43600	43950	5.86
9615	東京美装	445	445	445	445	1
9616	共立メンテ	1950	1950	1850	1850	1.8
9618	エームサービス	1250	1250	1250	1250	3
9619	イチネン	0	0	0	0	0
9620	スクウェア	4000	4000	3750	3800	133
9621	建設技研	563	579	563	564	7.2
9622	スペース	420	430	420	429	25
9623	キヤノンソフ	0	0	0	0	0
9624	長大	0	0	0	0	0
9625	セレスポ	0	0	0	0	0
9626	日本技開	0	0	0	0	0
9627	アインファマ	0	0	0	0	0
9628	燦ＨＤ	4620	4650	4550	4550	3.7
9629	ＰＣＡ	1800	1800	1800	1800	0.5
9630	アップ	320	320	320	320	0.5
9631	東急レク	603	610	603	610	5
9632	スバル	338	338	338	338	1
9633	テアトル	165	167	162	162	44
9634	修学社	680	710	680	700	15
9635	武蔵野	0	0	0	0	0
9636	きんえい	340	340	338	338	4
9637	オーエス	0	0	0	0	0
9638	情報技術	0	0	0	0	0
9639	三協フロンテ	300	304	300	304	2
9640	セゾン情報	640	700	640	700	2
9641	サコス	0	0	0	0	0
9642	コマスタ	0	0	0	0	0
9643	中日興	9570	9570	8580	8580	0.8
9644	タナベ経営	293	293	290	290	1.1
9645	ダイヤモンドコン	915	915	888	905	3.1
9646	タイトー	74000	74900	71500	72000	0.132
9647	協和コンサル	215	218	215	218	5
9648	ウエスコ	240	241	238	238	5.3
9649	明電エンジニア	560	560	550	550	7
9650	テクモ	950	982	921	921	23.9
9651	日本プロセス	540	545	540	545	4
9652	日本医療	1880	1880	1850	1870	5.2
9653	ＳＢＩパートナ	710	710	685	685	2
9654	コーエー	3630	3630	3450	3450	31.1
9656	三井ランド	450	450	420	420	6.9
9657	コムテック	0	0	0	0	0
9658	ビジ太田昭	470	470	468	468	3
9660	ＣＲＣソリュ	0	0	0	0	0
9661	歌舞伎	3800	3800	3800	3800	1
9663	ナガワ	570	570	570	570	2
9664	御園座	890	900	890	900	2
9665	吉本興	851	872	841	872	32
9667	ホリプロ	590	590	590	590	2
9668	相鉄企業	0	0	0	0	0
9669	オークネット	3950	3950	3840	3900	7.3
9671	よみランド	354	354	353	353	5
9672	東競馬	110	112	110	110	79
9673	甲子園土地	35	40	30	40	22
9674	花月園	0	0	0	0	0
9675	常磐興	137	140	137	137	17
9676	松戸公産	444	444	444	444	4
9677	日本ジャンボ	550	550	550	550	2.4
9678	カナモト	560	560	543	543	33
9679	ホウライ	340	340	340	340	1
9680	共成レンテム	481	481	481	481	1
9681	東京ドーム	446	447	419	424	267
9682	ＤＴＳ	6800	6850	6730	6850	14.8
9684	スク・エニ	3780	3800	3700	3750	40.4
9685	共同コンＨＤ	0	0	0	0	0
9686	東洋テック	370	370	350	350	3
9687	ＫＳＫ	0	0	0	0	0
9689	グリンハウス	1180	1190	1180	1190	1.5
9691	両毛システム	0	0	0	0	0
9692	シーイーシー	1465	1485	1460	1465	16.5
9694	日立ソフト	11500	11740	11400	11660	109.8
9695	鴨川グランド	320	320	320	320	2
9696	ウィザス	317	325	317	325	3
9697	カプコン	4040	4150	3900	3990	105.7
9698	クレオ	791	791	790	790	2
9699	西尾レント	612	620	607	620	4.1
9700	エスアールエル	1000	1000	951	979	24
9701	会舘	0	0	0	0	0
9702	アイエスビー	900	930	900	930	4
9703	ジェネラスコーポ	78	81	75	78	54
9704	東海観	80	80	76	77	738
9706	日本空港ビル	878	882	870	880	51
9707	メデカＪ	963	963	950	950	14
9708	帝ホテル	0	0	0	0	0
9709	日コンピュタ	510	510	500	500	9
9711	日コンシス	0	0	0	0	0
9712	ファイ	284	300	284	293	26
9713	ロイヤルホ	196	196	193	193	47
9714	ＳＲＡ	1490	1500	1480	1490	10.7
9715	トランスコス	8080	8200	7800	8150	183.6
9716	乃村工芸社	317	317	302	304	10
9717	ジャステック	3600	3600	3600	3600	24.7
9718	国際観光会館	0	0	0	0	0
9719	住商情報	7530	7530	7200	7280	30.4
9720	グランド	470	470	470	470	1
9722	藤田観	489	490	485	489	25
9724	新阪急ホテル	164	164	160	160	5
9725	東急ホテル	146	147	145	147	26
9726	近ツーリスト	275	275	264	265	43
9727	東急観光	123	123	116	116	2
9728	日本管財	1290	1290	1240	1240	1.7
9729	トーカイ	800	800	800	800	3
9730	ワオコーポ	0	0	0	0	0
9731	白洋舎	355	355	350	350	14
9732	東映ラボ	225	226	225	226	3
9733	ナガセ	860	860	860	860	1
9734	精養軒	0	0	0	0	0
9735	セコム	7150	7300	7030	7300	362
9736	白青舎	0	0	0	0	0
9737	ＣＳＫ	1500	1520	1480	1510	173.9
9738	インテック	1600	1602	1540	1589	79
9739	ＮＳＷ	8060	8150	8030	8150	3.8
9740	ＣＳＰ	595	595	580	580	2
9741	日立情報	4600	4600	4440	4600	46.5
9742	アイネス	1340	1349	1288	1290	67.1
9743	丹青社	428	435	428	435	10
9744	メイテック	3870	3910	3800	3900	41.8
9746	ＴＫＣ	1950	1950	1900	1920	22.3
9747	アサツーＤＫ	2875	2890	2835	2855	80.5
9748	ＮＪＫ	0	0	0	0	0
9749	富士ソフト	7150	7150	6900	7050	85.4
9750	ソラン	1960	1991	1960	1990	13
9751	ＴＩＳ	6660	6750	6650	6690	96
9752	ナムコ	2860	2865	2750	2800	49.4
9753	ＩＸナレッジ	530	530	530	530	2
9755	応用地質	1296	1318	1296	1315	9.2
9756	ＡＳＫ	510	510	480	509	7
9757	船井研	600	600	580	597	9
9758	ジシステム	445	445	440	445	4
9759	日システムデ	11100	11780	10600	11780	34.7
9760	進学会	350	350	350	350	1
9761	東海リース	157	159	155	155	7
9762	大和リース	305	317	305	311	136
9763	丸紅リ	78	84	78	84	14
9764	技研興	0	0	0	0	0
9765	オオバ	127	127	127	127	3
9766	コナミ	7110	7360	7010	7270	832.8
9767	日建工学	239	242	239	242	2
9768	国土環境	631	631	631	631	1
9769	学究社	0	0	0	0	0
9776	札臨	340	340	340	340	2
9777	日電計算	1822	1822	1720	1741	11
9778	昴	390	420	390	395	12
9779	メフォス	805	813	805	813	2
9780	ビステム	0	0	0	0	0
9781	石川島汎サ	406	407	406	407	2
9782	ＤＭＳ	401	410	400	400	5
9783	ベネッセ	4640	4650	4360	4500	114.3
9784	日工検	0	0	0	0	0
9785	大新東	0	0	0	0	0
9786	キャッツ	2855	2880	2800	2840	169
9787	Ｊメンテ	875	875	870	870	1.4
9788	ナック	665	665	641	665	8.4
9789	栄光	394	395	394	395	7
9790	福井コン	485	490	485	490	8
9791	ビケンテクノ	0	0	0	0	0
9792	ニチイ学館	4150	4380	4100	4180	251
9793	ダイセキ	1865	1865	1800	1801	5
9794	カラカミ観光	501	501	501	501	10
9795	ステップ	0	0	0	0	0
9796	ダイテック	1190	1190	1190	1190	0.3
9797	大日本コン	0	0	0	0	0
9798	シダックス	1550	1550	1550	1550	0.1
9799	旭情報	1030	1030	1010	1010	22
9810	日鉄商	95	95	93	93	12
9811	アスティス	0	0	0	0	0
9812	テーオー	2000	2000	2000	2000	2
9813	トッキ	2300	2300	2300	2300	1
9814	アシックス商	0	0	0	0	0
9815	カテナ	1230	1250	1190	1200	159
9816	バーテックス	0	0	0	0	0
9817	ゴトー	0	0	0	0	0
9818	大丸エナ	0	0	0	0	0
9820	エムティＧ	180	180	180	180	1
9822	なが多	85	87	80	81	754
9823	マミーマート	1340	1340	1340	1340	4
9824	泉州電	635	635	635	635	1
9825	アズウェル	379	379	367	370	3.5
9826	ＪＥＵＧＩＡ	159	159	158	158	8
9827	リリカラ	0	0	0	0	0
9828	元気寿司	1026	1027	1026	1027	2
9829	ながの東急	0	0	0	0	0
9830	トラスコ中山	1480	1480	1431	1450	2.5
9831	ヤマダ電	8920	8930	8800	8910	48.5
9832	オートバクス	2700	2760	2650	2760	23.9
9833	エルクコーポ	650	650	650	650	1
9834	リオチェン	0	0	0	0	0
9835	ジュンテン	262	262	262	262	1
9836	リーバイス	470	470	465	470	13
9837	モリト	520	520	520	520	1
9838	トラベラー	0	0	0	0	0
9839	ゲッツブラザーズ	525	525	525	525	1
9840	ホーマック	1300	1310	1293	1305	12.4
9841	ＢＭＢ	330	340	310	332	122
9842	アークランド	0	0	0	0	0
9844	ユーエスシー	1300	1310	1250	1270	5
9845	パーカー	227	227	226	226	2
9846	天満屋ス	0	0	0	0	0
9847	ソリスト	520	525	520	520	10
9848	トヨタカローラ岐阜	900	900	900	900	1
9849	河内屋紙	0	0	0	0	0
9850	グルメ杵屋	804	804	795	795	3
9852	中央物産	0	0	0	0	0
9853	銀座ルノア	0	0	0	0	0
9854	愛眼	759	760	751	751	2.9
9855	くろがねや	0	0	0	0	0
9856	ケーユー	0	0	0	0	0
9857	英和	0	0	0	0	0
9858	明光商会	1630	1700	1630	1700	6.6
9859	ユーストア	0	0	0	0	0
9860	岐阜日野	0	0	0	0	0
9861	吉野家ディー	195000	196000	194000	195000	0.453
9862	メモレックス・テレ	175	175	175	175	2
9863	靴のマルトミ	40	40	38	40	41.2
9864	ナカイ	320	328	320	328	2
9865	日商エレク	2800	2820	2785	2785	58
9867	ソレキア	380	390	380	385	5
9868	トリイ	0	0	0	0	0
9869	加藤産	610	610	610	610	3
9870	ハナテン	1815	1815	1815	1815	0.1
9871	イトーキ	280	300	280	300	21
9872	北恵	0	0	0	0	0
9873	ケンタッキー	1410	1410	1401	1409	59
9875	マツモトキヨ	7120	7200	5980	5980	92.3
9876	コックス	0	0	0	0	0
9877	マルフル	0	0	0	0	0
9878	セキド	510	510	510	510	2
9879	フタタ	160	160	160	160	3
9880	イノテック	2000	2050	1910	2050	14.7
9882	イエロハット	833	853	831	843	18.9
9883	富士エレ	1800	1800	1750	1750	8
9884	都築電産	625	625	625	625	4
9885	シャルレ	575	575	570	570	4
9887	松屋フーズ	1550	1580	1510	1549	14.7
9888	ＵＥＸ	0	0	0	0	0
9889	ＪＢＣＣ	2125	2225	2125	2225	14
9890	マキヤ	0	0	0	0	0
9892	卑弥呼	1270	1280	1270	1280	5
9893	ホームワイド	390	390	390	390	7
9894	アトル	550	550	550	550	3
9895	コンセック	0	0	0	0	0
9896	Ｊ建材	551	551	551	551	1
9897	ユニダックス	810	819	790	819	35
9898	サハダイヤ	160	169	150	168	319
9899	サンデサン	700	700	700	700	1
9900	サガミ	841	850	841	850	8
9901	宮	680	680	680	680	1
9902	日伝	1630	1650	1630	1650	6
9903	カンセキ	0	0	0	0	0
9904	ベリテ	198	200	198	200	8
9905	コージツ	0	0	0	0	0
9906	藤井産業	0	0	0	0	0
9907	大電社	500	500	500	500	1
9908	日本電計	0	0	0	0	0
9909	愛光電気	215	215	210	210	4
9911	真電	0	0	0	0	0
9912	ダイワボ情	1480	1495	1471	1479	33
9913	日邦産業	205	205	195	200	17
9914	植松商会	194	194	194	194	1
9915	アサヒビールＳ	566	570	566	570	2
9916	バイタルＮ	675	675	651	675	2.1
9917	マツモト電器	0	0	0	0	0
9918	ダイワラクダ	0	0	0	0	0
9919	関西スーパ	0	0	0	0	0
9920	シービーエム	990	990	955	955	0.8
9921	ギガス	0	0	0	0	0
9922	日立機材	514	514	514	514	0.5
9923	ダイトーエム	0	0	0	0	0
9924	ドミー	0	0	0	0	0
9925	北の家族	0	0	0	0	0
9926	ダイカ	0	0	0	0	0
9927	ワットマン	270	270	270	270	2
9928	ミロク情報	751	760	710	730	15
9929	平和紙業	500	500	500	500	1
9930	北沢産	230	230	220	225	7.5
9931	家族亭	0	0	0	0	0
9932	杉本商	0	0	0	0	0
9934	因幡電産	1155	1197	1155	1197	2.1
9935	あずみ	277	277	277	277	1
9936	王将フード	996	996	990	995	8
9937	セシール	985	988	980	985	4.8
9938	住金物産	82	82	81	81	18
9939	すみや	0	0	0	0	0
9941	太洋物産	190	190	190	190	1
9943	ココス	0	0	0	0	0
9944	インパクト	1070	1100	1051	1099	2.1
9945	プレナス	4300	4300	4300	4300	3.8
9946	ミニストップ	2235	2245	2200	2245	15.6
9947	シムリー	690	690	660	660	0.3
9948	アークス	740	740	730	730	7
9949	タイヨー	0	0	0	0	0
9950	ハチバン	500	500	496	496	6
9951	カーマ	520	531	520	531	0.9
9952	ドトール	7280	7280	7130	7270	12.1
9953	ダイキ	1241	1281	1241	1281	1.1
9954	東京小僧寿し	0	0	0	0	0
9955	ヨンキュウ	1720	1720	1720	1720	1.9
9956	バロー	1135	1135	1135	1135	2
9957	バイテック	1550	1550	1480	1500	4.5
9958	サリ	145	145	145	145	1
9959	アシード	0	0	0	0	0
9960	東テク	0	0	0	0	0
9961	エムオーテック	138	138	138	138	8
9962	駿河製機	8680	8700	8550	8700	18.2
9963	江守商事	0	0	0	0	0
9964	アイ・テック	0	0	0	0	0
9965	福原	0	0	0	0	0
9966	藤久	1900	1900	1890	1900	3.7
9967	堺商事	203	203	203	203	1
9968	イチヤ	799	800	780	794	65
9969	ショクブン	760	760	760	760	1
9970	東洋オフィス	0	0	0	0	0
9971	カウボーイ	405	405	405	405	1
9972	アルテック	970	970	930	945	2.6
9973	小僧本部	1160	1160	1160	1160	1
9974	ベルク	950	950	950	950	0.1
9975	マルヤ	2905	2905	2900	2900	0.4
9976	セキチュー	445	445	445	445	3
9977	アオキスーパ	0	0	0	0	0
9978	文教堂	680	680	670	670	3
9979	大庄	1000	1000	987	995	6.5
9980	マルコ	680	680	675	675	2
9981	ニック産業	671	671	671	671	1
9982	タキヒヨー	490	490	490	490	2
9983	ファストリ	26020	27400	25840	27050	244.5
9984	ソフトバンク	6550	6710	6520	6650	1765.4
9985	榮太郎	750	750	740	740	8
9986	蔵王産業	0	0	0	0	0
9987	スズケン	3360	3500	3360	3500	34.7
9988	神港魚類	400	400	400	400	1
9989	サンドラッグ	4350	4350	4160	4300	10.4
9990	東京デリカ	395	395	395	395	1
9991	ジェコス	268	280	268	279	5.3
9992	理研グリン	230	230	230	230	1
9993	ヤマザワ	0	0	0	0	0
9994	やまや	440	440	440	440	0.3
9995	イーストン	505	510	505	505	5
9996	サトー商会	0	0	0	0	0
9997	ベルーナ	3830	3880	3760	3810	42.2
