20001201
1001	日経２２５	14601	14984	14596	14835	100.769
1002	ＴＯＰＩＸ	1355	1391	1355	1381	100.769
1301	極洋	147	149	145	147	493
1319	日経300F	266	273	266	273	99
1331	ニチロ	197	210	196	210	4447
1332	日水	179	189	179	185	1785
1333	マルハ	143	148	140	143	3252
1351	宝幸水産	72	75	72	74	141
1352	ホウスイ	83	84	81	84	14
1376	カネコ種	690	690	685	685	4
1377	サカタタネ	1960	2000	1960	1980	33.8
1378	雪国まいたけ	600	600	600	600	2
1379	ホクト	3750	3890	3750	3850	46.6
1380	秋川牧園	0	0	0	0	0
1491	中外鉱	147	167	146	167	10763
1501	三井鉱山	103	106	102	103	1243
1503	住友炭	68	73	68	73	268
1515	日鉄鉱	226	234	226	230	91
1518	三井松島	180	182	171	176	221
1601	帝石	525	549	515	540	815
1603	アラビア石油	970	1140	913	1118	6335.7
1661	ガス開	583	606	583	605	178
1701	昭和鉱	248	249	245	245	30
1702	共立マテリア	398	398	375	375	4
1735	伊田テクノス	0	0	0	0	0
1736	オーテック	255	255	250	250	4
1737	三井エンジ	315	315	310	310	14
1738	ＮＩＴＴＯＨ	0	0	0	0	0
1739	ＳＥＥＤ	270000	298000	270000	298000	0.003
1740	極東工業	365	365	364	364	5
1741	ミサワサンイ	0	0	0	0	0
1742	セコムテクノ	2450	2450	2450	2450	3
1743	コーアツ工業	0	0	0	0	0
1744	キョーエイ	0	0	0	0	0
1745	ミサワホーム東海	0	0	0	0	0
1746	光和建設	0	0	0	0	0
1748	ミサワ北日	0	0	0	0	0
1750	カナック	0	0	0	0	0
1751	日立プラサ	350	350	340	340	5
1752	富士通シス	1081	1140	1081	1100	6
1753	土屋ツバイ	0	0	0	0	0
1754	東新住建	610	625	610	625	5
1755	JFE工建	0	0	0	0	0
1756	和興エンジ	0	0	0	0	0
1757	千年の杜	239	240	239	240	96
1758	太洋基礎	430	430	430	430	1
1759	ジオトップ	225	225	225	225	2
1762	高松建設	1211	1240	1200	1240	3
1763	北陸ミサワ	0	0	0	0	0
1764	工藤建設	0	0	0	0	0
1765	イビデンテック	0	0	0	0	0
1766	東建コーポ	980	990	980	990	5
1767	沖ウィン	500	500	500	500	1
1768	ソネック	0	0	0	0	0
1770	藤田エンジ	400	410	400	405	8
1772	東北エンタープライズ	180	185	180	185	9
1774	機動建	0	0	0	0	0
1775	富士電Ｅ＆Ｃ	247	247	237	247	15
1776	三井住建道路	85	89	85	89	6
1777	川崎設備	385	385	385	385	1
1778	古河総設	170	170	170	170	2
1779	松本建工	390	391	390	391	6
1780	ヤマウラ	337	346	335	346	3.5
1781	国土総合	251	251	250	250	3
1782	常磐開発	171	171	171	171	1
1783	南野建設	0	0	0	0	0
1784	サワコー	21	30	21	28	2534.1
1785	ナナボシ	0	0	0	0	0
1786	オリ建	371	386	371	386	14
1787	ナカボテック	190	190	190	190	2
1788	三東工業	0	0	0	0	0
1789	山加電業	0	0	0	0	0
1790	平和奥田	346	346	346	346	2
1791	三井木材	113	117	112	117	27.5
1792	みらい建設Ｇ	193	200	193	200	9
1793	大本組	637	637	637	637	1
1795	マサル	0	0	0	0	0
1796	トヨタウッド	270	270	270	270	10.5
1797	藤木工務店	389	399	389	399	3
1798	守谷商会	371	371	371	371	2
1799	第一建設	230	230	230	230	3
1800	利塚地下技術	273	300	273	300	17
1801	大成建	179	189	178	184	7441
1802	大林組	517	535	500	525	3007
1803	清水建	340	348	335	345	1549
1804	佐藤工業	48	48	46	48	517
1805	飛島建	44	48	43	47	680
1806	ACリアル	37	38	35	37	1306
1807	渡辺組	0	0	0	0	0
1808	長谷工	43	43	38	39	9209
1809	富士工	43	44	42	43	176
1810	松井建	295	300	295	300	14
1811	銭高組	215	215	215	215	1
1812	鹿島	317	328	315	325	2566
1813	不動建	118	125	117	119	159
1814	大末建	44	44	42	43	163
1815	鉄建	90	93	89	93	352
1816	安藤建	200	201	186	200	62
1817	勝村建	118	122	118	122	18
1818	日産建設	71	73	70	72	68
1819	太平工	134	137	132	135	42
1820	西松建	381	386	377	384	802
1821	三井住友建	53	54	51	53	253
1822	大豊建	142	142	135	136	161
1823	住友建設	69	71	67	71	201
1824	前田建	440	450	433	450	308
1825	環境建設	109	110	106	106	299
1826	佐田建	119	122	119	122	35
1827	ナカノフドー建	72	74	72	74	32
1828	田辺工業	0	0	0	0	0
1829	大和建設	60	60	60	60	1
1830	共栄冷機工業	0	0	0	0	0
1831	積水ハ北陸	698	698	698	698	1
1833	奥村組	350	351	342	346	605
1834	小田急建	220	220	220	220	1
1835	東鉄工	218	220	215	219	12
1836	大日本土木	147	154	147	150	25
1837	間組	46	47	44	46	1059
1838	古久根建設	75	75	73	75	21
1839	真柄建	133	143	133	143	23
1840	土屋ホーム	250	250	241	241	1.4
1841	サンユ	0	0	0	0	0
1842	昭和テクノ	980	980	970	970	8
1844	大盛工業	88	88	88	88	3
1845	森本組	100	102	100	102	17
1846	鈴縫工	0	0	0	0	0
1847	イチケン	91	98	91	98	13
1848	富士ＰＳ	449	449	449	449	2
1850	南海辰村建	65	70	65	70	6
1851	大木建設	204	219	204	216	156
1852	浅沼組	134	138	134	138	12
1853	森組	91	91	85	85	5
1854	新井組	102	109	101	109	20.7
1855	東急建設	73	78	71	77	160
1856	ジェイオー建設	0	0	0	0	0
1857	松村組	83	88	83	85	37
1858	井上工	51	52	50	50	42
1860	戸田建	551	551	538	550	603
1861	熊谷組	29	29	28	29	3115
1862	横河工事	0	0	0	0	0
1863	テトラ	200	200	195	200	6
1865	青木あすなろ建	145	150	145	150	2
1866	北野建	210	223	210	223	29
1867	植木組	179	179	177	178	6
1868	三井ホーム	400	405	400	401	46
1869	名工建	0	0	0	0	0
1870	矢作建	382	385	380	385	6
1871	ピーエス三菱	333	339	324	339	10.5
1872	アゼル	201	218	201	213	196
1873	東ハウス	283	283	283	283	6
1874	佐藤秀	100	100	100	100	20
1875	青木マリン	285	300	285	300	6
1877	川田建設	0	0	0	0	0
1878	大東建	1800	1850	1800	1800	264
1879	新日本建	201	201	201	201	1
1880	スルガコーポ	1375	1375	1375	1375	1
1881	ＮＩＰＰＯ	463	477	463	470	114
1882	東亜道	190	195	190	195	14
1883	前田道	471	480	471	471	69
1884	日道路	162	164	156	156	160
1885	東亜建	126	134	125	129	336
1886	青木建設	34	37	30	37	4996
1888	若築建	99	102	97	102	80
1889	佐伯建	106	110	106	110	25
1890	東洋建	68	68	60	67	294
1892	徳倉建	232	232	232	232	3
1893	五洋建	140	142	139	141	551
1895	大成ロテック	154	159	151	151	42
1896	大林道	255	260	253	260	22
1897	金下建	504	505	504	505	4
1898	世紀東急	77	77	75	77	12
1899	福田組	269	269	267	267	17
1900	白石	300	315	300	315	4
1902	山崎建設	210	210	210	210	1
1904	大成温調	300	305	300	305	2
1905	テノックス	0	0	0	0	0
1906	細田工務	300	300	300	300	2
1907	東北ミサワ	542	547	542	547	2.5
1908	三平建設	0	0	0	0	0
1909	日本ドライ	153	167	153	167	33.5
1910	フドウ建研	0	0	0	0	0
1911	住友林	686	701	683	695	102
1912	ミサワセラミ	330	330	330	330	1
1913	旭ホームズ	0	0	0	0	0
1914	日基技	408	421	408	417	24.1
1915	東京ミサワホーム	0	0	0	0	0
1916	日成ビルド	103	112	103	112	64
1917	ニッセキハウス	127	140	125	138	1711
1919	エスバイエル	244	255	243	245	292
1920	殖産住宅相互	74	74	67	74	714
1921	巴	180	180	180	180	8
1922	大成ユーレック	117	117	107	113	64
1923	ミサワホーム	309	316	309	311	68
1924	パナホーム	730	740	725	731	117
1925	大和ハウス	712	735	712	733	827
1926	ライト	395	404	385	402	134.8
1927	中 部	0	0	0	0	0
1928	積ハウス	1061	1101	1061	1101	890
1929	日特建	139	142	138	142	41
1930	北陸電工	288	298	288	298	5
1931	日本電通	250	260	250	260	2
1932	コミュチュア	468	469	468	469	8
1933	西シス建	225	225	225	225	6
1934	ユアテック	357	363	355	359	29
1935	ＴＴＫ	220	220	218	218	4
1936	シーキューブ	250	250	250	250	3.1
1937	西部電工	275	275	271	272	3
1938	千歳電	0	0	0	0	0
1939	四電工	370	373	370	373	12
1940	つうけん	226	228	226	228	2
1941	中電工	1366	1384	1360	1360	63
1942	関電工	584	635	581	630	1196
1943	大明	858	874	851	874	26
1944	きんでん	663	700	663	675	130
1945	東京エネシス	373	374	369	369	12
1946	トーエネク	419	425	416	416	23
1947	日本コムシス	2290	2310	2275	2275	310
1948	弘電社	400	400	380	380	2
1949	住友電設	504	540	504	540	16.6
1950	電設工	355	359	348	355	31
1951	協エクシオ	1268	1279	1257	1260	180
1952	新日空調	365	368	360	361	17.1
1953	国際電設	152	152	152	152	4
1954	日工営	216	220	212	219	202
1955	東電通	335	347	335	343	41
1956	日電設	383	385	379	385	21
1957	保安工	0	0	0	0	0
1958	三和エレック	270	278	270	278	6
1959	九電工	354	375	350	375	84
1960	サンテック	320	325	320	325	3
1961	三機工	517	592	517	588	295
1962	エルゴテック	127	127	125	125	3
1963	日揮	780	827	773	808	12003
1964	中外炉	309	317	301	317	34
1965	テクノ菱和	450	450	450	450	1
1966	高田工	0	0	0	0	0
1967	ヤマト	290	290	289	289	5
1968	太平電	255	265	255	261	19
1969	高砂熱	830	834	825	831	86
1970	日立プラ	292	293	290	292	58
1971	ビルト工	0	0	0	0	0
1972	三晃金	109	109	98	103	45
1973	ＮＥＣシス建	2130	2270	2100	2250	132.9
1974	宮地建設工業	427	433	422	424	11
1975	朝日工	247	260	245	259	53
1976	明星工	119	130	119	130	14
1977	ジェイコス	0	0	0	0	0
1978	アタカ	245	245	240	244	27
1979	大気社	741	741	720	720	47
1980	ダイダン	465	475	465	475	8
1981	協和日成	211	220	211	211	10
1982	日比谷設	405	418	405	410	48
1983	東芝プラ	220	229	220	220	31
1984	三信建	0	0	0	0	0
1985	大和電設	225	225	225	225	1
1986	日商インター	530	530	520	520	2.4
1987	ソルコム	282	282	282	282	2
1988	シボンド建	1420	1499	1420	1489	41
1989	北陸電話	0	0	0	0	0
1990	東邦建	0	0	0	0	0
1991	都築通技	0	0	0	0	0
1992	神田通機	0	0	0	0	0
1993	ニッタン	0	0	0	0	0
1994	高橋ウォール	0	0	0	0	0
1995	鈴木工務店	150	150	150	150	3
1996	三菱建設	186	186	186	186	6
1997	暁飯島工業	0	0	0	0	0
1998	日本土建	0	0	0	0	0
2001	日本粉	251	259	251	256	570
2002	日清粉	995	1030	990	993	330
2003	日東粉	209	210	204	210	10
2004	昭和産	180	185	178	178	146
2006	東福粉	79	79	79	79	1
2007	富士粉	0	0	0	0	0
2008	増田粉	190	190	190	190	1
2009	鳥越粉	344	344	336	343	7
2051	農産工	180	193	179	185	903
2052	協同飼	113	119	113	114	215
2053	中部飼	586	586	586	586	1
2055	日和産	225	225	220	220	17
2056	日配飼	131	135	127	134	293
2057	雪印種	480	480	480	480	1
2102	台糖	240	258	240	255	44
2107	東洋糖	118	130	118	129	40
2108	甜菜糖	145	149	144	146	538
2109	三井糖	215	235	215	229	513
2111	フジ製糖	170	170	170	170	3
2112	塩水糖	259	260	255	260	8
2113	新光糖	185	190	185	190	5
2114	フジ日本精糖	0	0	0	0	0
2116	日新糖	125	127	125	125	50
2201	森永	244	246	240	243	321
2202	明菓	651	664	643	643	331
2204	中村屋	275	280	275	275	18
2205	駿河屋	0	0	0	0	0
2206	グリコ	754	754	730	731	339
2207	名糖産	1111	1149	1110	1140	7
2208	ブルボン	550	550	539	540	8
2209	井村屋	0	0	0	0	0
2211	不二家	227	230	225	230	127
2212	山パン	783	814	783	807	108
2215	一パン	235	240	230	235	40
2216	カンロ	0	0	0	0	0
2217	モロゾフ	201	205	200	205	31
2219	タカラブネ	94	99	94	97	96
2220	亀田製菓	500	500	500	500	2
2221	岩塚製菓	0	0	0	0	0
2222	寿製菓	0	0	0	0	0
2224	コモ	1340	1350	1340	1350	2
2261	明乳	524	544	510	539	2957
2262	雪印	380	402	379	394	1048
2264	森永乳	269	282	269	276	357
2266	六甲バタ	365	365	355	355	9
2267	ヤクルト	1287	1299	1284	1293	193
2268	サーティワン	720	720	720	720	1
2281	プリマ	113	117	113	115	108
2282	日ハム	1520	1586	1520	1570	284
2284	伊藤ハ	415	416	408	415	536
2286	林兼	127	136	127	129	183
2287	雪印食品	179	179	178	178	2
2288	丸大食	155	162	155	161	109
2289	相模ハム	0	0	0	0	0
2290	米久	1203	1237	1202	1207	9.5
2291	福留ハ	0	0	0	0	0
2292	ＳＦＯＯＤＳ	880	886	880	886	4
2293	滝沢ハム	0	0	0	0	0
2294	柿安本店	0	0	0	0	0
2501	サッポロＨＤ	337	352	336	346	618
2502	アサヒ	1158	1180	1158	1175	1288
2503	キリン	1055	1079	1052	1067	1531
2531	宝ＨＤ	2270	2315	2260	2275	1066
2533	オエノンＨＤ	222	229	221	223	51
2536	メルシャン	264	272	262	268	283
2538	マルキン忠勇	162	162	150	160	21
2540	養命酒	710	715	709	709	13
2541	ニッカ	360	370	360	370	41
2571	中京コカ	872	880	871	871	25
2572	三国コカ	1225	1280	1220	1278	58
2573	北海コカ	860	860	860	860	1
2575	三笠コカ	830	830	825	825	0.6
2576	近畿コカ	1040	1040	1020	1020	49
2577	富士コカ	890	905	880	895	141
2578	四国コカ	1014	1025	980	1000	5.1
2579	コカウエスト	2685	2790	2680	2700	172.2
2591	カルピス	485	488	481	488	45
2592	ポッカ	444	444	422	422	11
2593	伊藤園	7100	7120	6900	6900	37.7
2594	キーコーヒー	1270	1300	1270	1300	9.2
2595	キリンビバ	2530	2670	2530	2620	81
2596	キューサイ	2175	2175	2030	2130	12.5
2597	ユニカフェ	1301	1310	1300	1310	4.5
2598	アサヒ飲料	680	680	650	667	33
2599	ジャパンＦ	0	0	0	0	0
2601	ホーネンコーポ	188	196	188	195	350
2602	日清オイリオ	313	319	311	311	258
2604	吉原製油	294	319	290	304	258
2607	不二油	1123	1126	1117	1120	96
2608	ボーソー	140	140	140	140	2
2611	摂津油	0	0	0	0	0
2612	かどや製油	780	780	777	780	1.4
2650	橘テクトロン	778	778	750	760	8
2651	ローソン	3870	4220	3870	4080	303.9
2652	まんだらけ	0	0	0	0	0
2653	イオン九州	936	940	931	940	10
2654	シンワ	0	0	0	0	0
2655	マックス東北	603	603	601	601	5
2656	ベクター	1510000	1510000	1450000	1450000	0.005
2657	インタニクス	1700	1770	1700	1770	8
2658	ウライ	250	250	230	230	29
2659	サンエー	1760	1760	1760	1760	1
2660	キリン堂	522	522	516	521	3
2661	キンレイ	505	510	500	500	4
2662	ダイユエイト	439	439	430	430	4
2663	伊藤伊	460	500	460	500	50
2664	カワチ薬品	6890	6890	6700	6890	4.8
2665	ネクストコム	8700000	8800000	8500000	8800000	0.024
2666	オートウェブ	0	0	0	0	0
2667	イメージワン	1100000	1100000	970000	970000	0.01
2668	ダン	850	850	850	850	1
2669	カネ美食品	3340	3350	3340	3340	20
2670	ＡＢＣマート	3350	3390	3300	3300	42
2671	エフディシィ	520	530	520	521	5
2672	アクティ２１	475000	475000	475000	475000	0.001
2673	ステイラー	443	443	411	411	5
2674	ハードオフ	1190	1190	1160	1190	14
2675	ダイナック	501	515	501	515	6
2676	高千穂交易	1440	1500	1380	1500	54
2678	アスクル	6500	6700	6400	6620	141
2680	日本オプティ	410	430	410	430	67
2681	ゲオ	850000	851000	825000	845000	0.017
2682	ジューテック	355	370	355	370	90
2801	キッコマン	872	892	872	880	410
2802	味の素	1350	1400	1340	1390	3460
2804	ブルドック	0	0	0	0	0
2805	エスビー	0	0	0	0	0
2806	ユタカフーズ	0	0	0	0	0
2808	サンビシ	0	0	0	0	0
2809	キユーピー	961	984	961	966	268
2810	ハウス食品	1489	1534	1489	1522	181
2811	カゴメ	1002	1010	998	998	29
2812	焼津水化	1762	1770	1761	1761	22
2813	和弘食品	115	115	115	115	2
2814	佐藤食品	0	0	0	0	0
2815	アリアケ	6200	6350	6100	6220	9.8
2816	ダイショー	810	810	800	800	2
2817	ギャバン	0	0	0	0	0
2830	アヲハタ	0	0	0	0	0
2831	はごろも	920	960	920	960	7
2871	ニチレイ	533	540	529	531	867
2872	セイヒョー	0	0	0	0	0
2873	加ト吉	2850	2915	2810	2890	109
2874	ヨコレイ	557	590	556	585	109
2875	東洋水	846	874	841	874	62
2876	ＪＣコムサ	0	0	0	0	0
2877	日東ベスト	0	0	0	0	0
2878	赤城水産	350	350	350	350	2
2879	ニチロサンフズ	0	0	0	0	0
2891	酵母工	460	465	460	465	9
2892	日食品	268	268	268	268	4
2893	ローマイヤ	105	109	103	103	5
2894	石井食	285	285	285	285	6
2897	日清食	2885	2995	2885	2955	165.3
2898	ソントン	920	930	910	930	6
2899	永谷園	823	833	823	830	8
2900	明星食	220	230	218	230	60
2901	石垣食	330	330	330	330	1
2902	太陽化	520	520	515	515	4
2903	シノブフズ	150	150	150	150	1
2904	一正蒲鉾	0	0	0	0	0
2905	オーケー食	0	0	0	0	0
2906	ホッコク	310	310	310	310	1
2907	あじかん	0	0	0	0	0
2908	フジッコ	1368	1370	1340	1370	6
2909	トオカツフズ	275	275	275	275	2
2910	Ｒフィールド	4980	5000	4850	4850	12.1
2911	旭松食品	0	0	0	0	0
2912	鐘崎	0	0	0	0	0
2913	フジフーズ	240	240	240	240	2
2914	ＪＴ	700000	720000	700000	720000	1.412
2915	ケンコーマヨ	0	0	0	0	0
2916	仙波糖化	300	300	300	300	3
2917	大森屋	685	685	680	680	5
2918	わらべ日洋	1042	1042	991	1030	12
2920	ケイビー	690	746	690	746	5
2921	フクシマフズ	0	0	0	0	0
2922	なとり	1210	1210	1200	1200	3
3001	片倉	493	503	493	503	20
3002	グンゼ	405	420	405	418	732
3003	昭栄	1000	1000	980	980	4
3004	神栄	145	150	139	150	36
3007	神戸生絲	42	44	41	43	100
3009	川島織	136	144	136	143	101
3010	上毛	152	154	152	152	35
3011	バナーズ	82	90	82	90	8
3101	東洋紡	232	236	227	233	9372
3102	カネボウ	300	313	300	307	1492
3103	ユニチカ	93	98	92	97	13653
3104	富士紡Ｈ	55	58	54	58	217
3105	日清紡	527	550	519	544	419
3106	クラボウ	153	164	153	161	1325
3107	ダイワボウ	104	112	101	109	98
3109	シキボウ	67	71	67	70	303
3110	日東紡	152	165	150	165	5199
3111	オーミケン	70	79	70	78	97
3113	ＢＳＬ	101	102	94	101	578
3114	同興紡	119	119	110	115	17
3115	テザック	46	49	46	49	130
3116	トヨタ紡織	730	739	730	739	32
3117	興和紡	290	290	290	290	2
3121	アセットイン	60	60	60	60	2
3123	サイボー	0	0	0	0	0
3125	内外綿	0	0	0	0	0
3128	テラボウ	0	0	0	0	0
3129	ファブリカＴ	0	0	0	0	0
3201	日毛	425	425	410	412	187
3202	大東紡	79	79	75	79	64
3203	東亜紡織	64	68	64	66	45
3205	ダイドー	279	279	273	279	56
3206	南海毛糸紡績	72	75	69	69	31
3207	中央毛	149	151	145	145	11
3209	カネヨウ	101	101	101	101	1
3211	太陽毛絲紡	62	63	62	62	20
3216	御幸ＨＤ	405	405	400	404	19
3302	帝繊維	174	182	173	182	12
3304	トスコ	78	78	69	69	3
3306	日本麻	49	50	45	50	49
3401	帝人	518	539	511	533	4457
3402	東レ	436	443	436	437	1681
3403	東邦テナ	84	87	84	87	137
3404	三菱レ	376	402	372	395	5619
3405	クラレ	943	955	931	941	1796
3407	旭化成	686	697	686	694	1475
3408	サカイオーベ	85	90	85	90	37
3409	北日紡	90	90	86	86	5
3411	オートリ	100	102	100	102	29
3420	ケーエフシー	0	0	0	0	0
3421	稲葉製作	0	0	0	0	0
3422	丸順	0	0	0	0	0
3423	エスイー	320	335	320	325	11
3424	ミヤコ	335	340	335	335	11
3425	本郷	620	620	620	620	1
3426	アトムリビン	425	425	425	425	4
3501	住江織	120	125	120	125	17
3503	東和織	0	0	0	0	0
3512	フエルト	315	321	315	320	12
3513	イチカワ	228	235	227	235	28
3514	バイリーン	267	267	260	260	22
3515	フジコー	0	0	0	0	0
3521	エコナック	93	98	88	98	38
3524	日東網	74	80	74	80	9
3526	芦森工	194	199	190	199	113
3528	グローベルス	128	132	128	132	42
3529	アツギ	79	81	78	81	176
3532	堀田産	0	0	0	0	0
3533	ダイオ化成	0	0	0	0	0
3534	ＮＢＣ	850	870	850	850	25
3551	ダイニック	142	145	142	142	18
3552	洋クロス	210	210	201	201	11
3553	共和レ	473	475	470	475	44
3569	セーレン	279	302	279	285	364
3570	オリカキャピ	155	170	150	160	146
3571	ソトー	460	480	460	470	21
3572	大同マルタ	50	50	50	50	1
3576	カンボウ	75	75	75	75	5
3577	東海染	103	110	103	110	20
3578	倉庫精	0	0	0	0	0
3580	小松精	266	273	263	263	20
3581	岐セン	145	145	145	145	1
3583	オーベクス	0	0	0	0	0
3584	福助	124	140	124	140	32
3585	トムスエンタ	288	305	288	295	153
3587	ＩＢダイワ	77	80	75	76	331
3588	丸山工	0	0	0	0	0
3591	ワコール	991	1000	991	996	241
3592	ＣＨＯＹＡ	0	0	0	0	0
3593	ホギメデ	6850	7040	6850	7000	34.2
3594	モリシタ	0	0	0	0	0
3595	ヤギコーポ	310	310	310	310	1
3596	ワールド	3670	3750	3670	3720	110.6
3597	自重堂	689	689	689	689	1
3598	山喜	195	195	195	195	1
3599	コーコス	365	370	365	370	4
3600	フジックス	0	0	0	0	0
3601	ニチメンイン	1190	1199	1171	1190	7.6
3602	イタリヤード	107	110	105	110	16
3603	チャッコット	0	0	0	0	0
3706	東海パ	406	413	406	408	22
3861	王子紙	602	623	598	612	2877
3863	日本製紙	624	651	616	646	3692
3864	三菱紙	218	230	218	225	449
3865	北越紙	721	731	712	719	425
3868	高崎三興	81	85	81	84	120
3869	日本板紙	203	210	203	210	16
3870	日本加工製紙	68	72	67	71	124
3871	大昭和紙	379	390	379	387	39
3872	三島紙	140	140	137	140	9
3877	中越パ	245	258	245	251	180
3878	巴川紙	386	420	380	416	54
3880	大王紙	909	940	909	930	74
3881	特種紙	403	407	403	404	133
3882	紀州紙	165	168	161	168	19
3886	チューエツ	82	82	82	82	1
3887	中央板紙	103	104	95	104	13
3889	大平製紙	78	78	78	78	5
3890	ゼネＫＫ	384	399	379	399	19
3891	高度紙	1450	1450	1450	1450	4
3941	レンゴー	435	441	435	439	554
3944	古林紙	113	113	113	113	11
3945	スパバッグ	170	170	170	170	17
3946	トーモク	198	206	198	201	117
3947	ダイナパック	0	0	0	0	0
3948	光ビジネス	0	0	0	0	0
3949	日本ハイパック	210	210	210	210	1
3950	ザ・パック	0	0	0	0	0
3951	朝日印刷	0	0	0	0	0
3952	中央紙器	0	0	0	0	0
3953	大村紙業	0	0	0	0	0
3954	昭和パックス	400	400	400	400	1
3955	イムラ封筒	651	651	651	651	1
3971	東セロ	255	260	255	260	16
4003	コープケミ	83	92	83	92	14
4004	昭電工	133	144	132	144	3430
4005	住友化学	487	508	487	505	5255
4007	日化成	142	148	142	148	35
4008	住友精化	240	245	239	244	91
4010	三菱化学	301	308	301	304	5491
4021	日産化	849	866	840	857	629
4022	ラサ工	250	269	250	264	102
4023	呉羽化	260	268	260	264	139
4025	多木化	341	341	341	341	3
4026	神島化	0	0	0	0	0
4027	テイカ	250	252	244	252	24
4028	石原産	174	179	173	178	1277
4031	チッカリン	344	344	336	344	6
4032	日東バイオン	165	165	165	165	1
4033	日東エフシー	382	382	382	382	1
4041	日曹達	318	333	314	325	610
4042	東ソー	340	355	340	351	1296
4043	トクヤマ	479	510	478	509	1263
4044	セ硝子	533	591	533	588	2583
4045	東合成	210	217	210	214	631
4046	ダイソー	188	195	188	194	84
4047	関電化	0	0	0	0	0
4050	鶴見曹達	400	401	396	396	14
4061	電化	416	425	406	420	1716
4062	イビデン	1699	1758	1690	1690	212
4063	信越化	4860	4890	4770	4840	1227
4064	カーバイド	103	116	103	116	247
4065	紀文フ	375	388	375	388	5
4077	富士チタン工業	465	480	465	480	7
4078	堺化学	700	703	679	679	170
4079	ハクスイテック	0	0	0	0	0
4080	田中化研	2300	2350	2230	2260	14
4086	日本エア・リキード	620	644	620	641	200
4088	エアウォータ	436	444	431	434	339
4089	大阪酸素工業	243	249	239	248	50
4091	大陽日酸	506	514	493	509	2683
4092	日本化	440	450	431	448	394
4093	アセチレン	75	75	75	75	1
4094	日化産	359	359	338	338	10
4095	パーカライ	336	349	336	345	52
4096	昭炭酸	270	270	270	270	6
4097	高圧ガス	318	320	317	320	39
4098	チタン	160	169	160	169	7
4099	四国化	394	394	388	388	24
4100	戸田工	498	530	492	525	55
4101	日興酸素	0	0	0	0	0
4102	丸尾カル	0	0	0	0	0
4103	大陽東洋酸素	223	233	223	229	397
4104	タテホ	210	210	200	200	9
4105	メルテックス	0	0	0	0	0
4106	ケムキャット	1080	1080	1080	1080	1
4107	伊勢化	370	370	355	355	5
4109	ステラケミ	5000	5200	4900	5100	18.1
4112	保土谷	160	165	157	163	25
4113	田岡化	319	319	310	313	5
4114	日触媒	490	500	485	498	230
4115	本州化	621	621	613	613	7
4116	大日精	355	358	350	353	23
4117	川崎化	128	128	122	123	21
4118	カネカ	926	985	926	975	2001
4119	ピグメント	0	0	0	0	0
4120	スガイ	232	232	231	231	6
4123	山化成	650	660	650	660	9
4151	協発酵	888	903	876	900	1017
4182	菱ガス化	398	400	391	396	1429
4183	三井化学	522	545	520	532	2194
4185	ＪＳＲ	745	745	728	740	294
4186	東応化	1740	1780	1730	1770	60.4
4187	大有機	0	0	0	0	0
4201	日合成	145	150	140	148	184
4202	ダイセル	350	350	345	346	597
4203	住友ベ	1193	1228	1193	1200	576
4204	積水化	355	363	350	360	2764
4205	ゼオン	430	455	426	445	265
4206	アイカ	676	704	674	700	66
4208	宇部興	267	281	266	273	10831
4209	フドー	82	82	82	82	3
4210	東洋化学	400	407	398	403	71
4212	積水樹	352	360	352	357	32
4213	菱樹脂	190	197	189	195	285
4214	高分子	345	350	341	344	69
4215	タキロン	360	371	357	370	45
4216	旭有機	312	318	311	315	73
4217	日立化	2615	2675	2615	2635	77
4218	ニチバン	334	338	333	335	17
4219	プラス・テク	87	87	87	87	1
4220	リケンテクノ	311	318	311	312	63
4221	大倉工	374	374	370	374	52
4222	児玉化	63	64	63	63	12
4224	ロンシール	76	76	68	69	28
4225	筒中	304	320	301	315	51
4226	テスコ	230	230	220	220	3
4227	郡是高分子	155	155	155	155	2
4228	積化成	193	193	189	191	175
4229	群栄化	158	163	158	163	42
4231	タイガポリ	0	0	0	0	0
4232	東芝ケミカル	298	304	296	303	9
4233	ワコー	399	399	399	399	7
4234	サンエー化研	660	700	660	700	2
4271	カーリット	778	779	762	779	143
4272	日化薬	720	730	719	720	361
4274	細火工	200	200	200	200	1
4361	川口化	130	130	130	130	2
4362	日精化	418	420	414	419	20
4363	新日鐵化学	175	190	175	190	138
4364	マナック	415	415	415	415	2
4365	松本油脂	1670	1730	1670	1730	7
4366	ダイトーケミ	0	0	0	0	0
4367	広栄化学	0	0	0	0	0
4401	旭電化	825	827	810	815	310
4403	日油脂	258	269	258	269	441
4404	ミヨシ	221	232	220	230	101
4406	日理化	530	547	530	547	20
4409	東邦化	180	180	180	180	33
4410	ハリマ化成	412	430	411	430	22
4452	花王	3380	3410	3290	3310	1766
4461	一工薬	315	325	301	310	60
4462	石原薬品	910	910	910	910	5
4463	日華化学	360	370	360	365	25
4471	三洋化	874	875	854	856	121
4501	三共	2415	2445	2370	2430	938
4502	武田	6810	6900	6790	6800	1229
4503	アステラス薬	5380	5410	5330	5340	692
4505	第一製薬	3100	3100	3000	3000	548
4506	大日薬	1680	1709	1666	1667	816
4507	塩野義	2205	2250	2200	2240	619
4508	田辺薬	897	901	880	884	995
4509	三菱ウェルファーマ	905	919	900	900	478
4511	藤沢薬品	3450	3450	3430	3430	790
4512	わかもと	409	436	409	436	67
4514	帝臓器	696	734	696	734	10
4515	萬有製薬	2400	2465	2400	2430	867
4516	日新薬	945	974	931	974	90
4517	ビオフェル	860	861	855	855	7
4518	富山化	480	480	460	461	662
4519	中外薬	1970	1997	1970	1985	581
4520	和光堂	0	0	0	0	0
4521	科研薬	581	622	578	605	368
4523	エーザイ	3750	3820	3720	3720	540
4524	仁丹	1470	1470	1400	1400	13
4526	理ビタ	1410	1440	1400	1440	5
4527	ロート	1498	1500	1460	1460	26
4528	小野薬	4390	4420	4300	4300	98
4529	日研化	340	345	334	345	25
4530	久光薬	2000	2040	2000	2000	104
4531	有機薬	290	295	290	295	12
4534	持田薬	665	685	661	676	148
4535	大正薬	2845	2910	2845	2890	295
4536	参天薬	2350	2410	2350	2390	113
4537	エスエス	1000	1020	990	990	37
4538	扶桑薬	520	529	500	515	40
4539	ケミファ	239	250	239	250	25
4540	ツムラ	323	329	320	329	73
4541	日医工	141	145	141	142	6
4542	三笠薬	412	413	412	413	5
4543	テルモ	2075	2250	2070	2195	1176.1
4544	みらかＨＤ	670	675	665	675	30
4545	国際試薬	390	390	345	345	109
4546	北陸製薬	1310	1369	1301	1320	164
4547	キッセイ	2380	2380	2300	2300	87
4548	生化学	870	883	855	882	12
4549	栄研化	1140	1195	1125	1195	36
4550	日水薬	0	0	0	0	0
4551	鳥居薬	2500	2600	2500	2570	12.2
4552	日本ケミカル	740	750	740	750	18
4553	東和薬品	940	1110	940	1090	183
4554	富士製薬	0	0	0	0	0
4555	沢井製薬	1350	1350	1250	1270	5.5
4556	カイノス	565	580	550	565	19
4557	医学生物	1120	1120	1060	1080	82
4558	中京医薬	930	930	930	930	3.5
4559	ゼリア新薬	1130	1160	1130	1160	11
4560	キョーリン薬	3690	3700	3610	3650	27
4561	デンカ生研	1550	1580	1550	1580	6
4611	大日塗	164	172	160	171	56
4612	日本ペ	354	370	350	369	1753
4613	関西ペ	341	355	336	351	618
4614	トウペ	133	134	127	134	9
4615	神東塗	111	115	110	115	7
4616	川上塗	0	0	0	0	0
4617	中国塗	213	221	210	210	93
4619	日特塗	251	264	250	264	27
4620	藤倉化	368	369	365	368	9
4621	ロック	0	0	0	0	0
4622	ユニペイン	130	130	130	130	1
4623	アサヒペン	241	243	240	242	17
4624	イサム	0	0	0	0	0
4625	アトミクス	280	280	280	280	2
4626	太陽インキ	4800	4800	4500	4500	2.6
4627	ナトコ	750	750	750	750	2
4628	エスケー化研	2000	2040	2000	2040	2
4629	大伸化学	350	350	350	350	4
4631	インキ	369	381	365	378	830
4633	サカタＩＮＸ	268	275	268	275	21
4634	洋インキ	238	270	237	268	4462
4635	東インキ	248	248	248	248	2
4636	Ｔ＆Ｋ	2900	2900	2900	2900	1.4
4640	アンドール	310	310	310	310	2
4641	アルプス技	0	0	0	0	0
4642	オリジナル設	930	930	929	929	1.5
4643	コナミスポ	6690	6900	6690	6830	10.7
4644	イマジニア	1120	1130	1090	1100	2.7
4645	市進	0	0	0	0	0
4646	ジャスフォート	802	811	802	811	1.1
4649	大成	420	420	420	420	0.5
4650	スガイエンタ	583	583	583	583	1.3
4651	サニックス	5730	5730	5600	5600	32.4
4652	ウッドランド	1010	1100	1000	1100	7.7
4653	ダイオーズ	700	700	700	700	1
4654	ニチゾウテク	340	340	340	340	8
4655	ＮＯＶＡ	490	505	480	490	30
4656	サン・ライフ	2850	2850	2850	2850	0.1
4657	環境管理	750	750	750	750	1
4658	日本空調	546	546	546	546	1
4659	エイジス	766	766	740	740	2
4660	ニッポン放送	4780	4780	4650	4720	13
4661	ＯＬＣ	7520	7720	7520	7590	77.8
4662	フォーカス	1500	1520	1400	1420	96.4
4663	ＡＴＬ	600000	600000	600000	600000	0.006
4664	ＲＳＣ	0	0	0	0	0
4666	パーク２４	9290	9300	9210	9210	13.6
4667	アイサンテク	113	115	111	115	11
4668	明光ネット	0	0	0	0	0
4669	ニッパンＲ	0	0	0	0	0
4670	セタ	310	310	310	310	1
4671	ファルコバ	1571	1571	1500	1525	16
4672	ベルックス	0	0	0	0	0
4673	川崎地質	0	0	0	0	0
4674	クレスコ	7100	7200	7100	7200	2.2
4675	エヌエス環境	0	0	0	0	0
4676	フジテレビ	929000	940000	912000	917000	3.916
4678	秀英	1080	1080	1000	1050	3.4
4679	田谷	2660	2660	2600	2600	1.6
4680	ラウンドワン	137000	137000	131000	132000	0.376
4681	リゾートトラ	3010	3050	2980	3040	49.9
4682	電通テック	7090	7090	7000	7000	4.5
4683	堀内カラー	530	570	530	570	51
4684	オービック	36550	36700	35500	36600	11
4685	菱友システム	0	0	0	0	0
4686	ジャスト	3100	3100	3020	3050	7.7
4687	ＴＤＣソフト	2800	2800	2800	2800	1.4
4688	日本ドレーク	3300	3300	3200	3280	6.1
4689	ヤフー	6540000	7190000	6540000	7150000	0.304
4690	日パレット	247	247	247	247	3
4692	アルゴ２１	2960	2975	2850	2920	20.5
4694	ＢＭＬ	2990	2990	2820	2820	4.4
4695	マイスター	415	425	415	420	5
4696	ワタベ	0	0	0	0	0
4697	ゼロ	121000	134000	120000	134000	0.103
4699	ウチダエスコ	0	0	0	0	0
4700	アクセス	2880000	2900000	2800000	2900000	0.026
4701	プレック研	0	0	0	0	0
4702	55ステーション	430	430	430	430	2
4703	住商オート	750	760	750	755	9.6
4704	トレンド	11610	12200	11510	11980	188.5
4705	クリップ	0	0	0	0	0
4706	富士通サポート	10290	10860	10290	10600	248.6
4707	キタック	0	0	0	0	0
4708	もしもしＨＬ	9100	9100	9000	9100	8
4709	ＩＤ	880	950	880	950	3.1
4710	ウィン	0	0	0	0	0
4711	コミュニティ	1136	1200	1136	1200	5
4712	アドアーズ	285	285	270	272	9
4713	日信電サ	0	0	0	0	0
4714	リソー教育	168000	168000	155000	168000	0.011
4715	クリエイティブ	375	395	375	395	10
4716	日本オラクル	22620	23200	22420	22710	133.2
4717	ソデッソジャパン	1750	1750	1650	1700	7
4718	早稲アカ	260	260	260	260	2
4719	アルファシス	13600	13880	13600	13710	16.2
4720	城南進研	420	430	420	430	2
4721	フジスタッフ	1400	1450	1390	1450	15.6
4722	フューチャー	870000	900000	840000	900000	0.074
4723	グッドウィル	130000	135000	130000	135000	0.133
4724	シチエ	755	755	740	750	9.8
4725	ＣＡＣ	4360	4450	4250	4300	5
4726	ソフトバンテク	4990	5300	4940	5210	22.5
4727	アジアＳ総研	1550	1600	1550	1600	1.5
4728	トーセ	0	0	0	0	0
4729	コナミスタジオ	270000	270000	268000	270000	0.034
4730	関西メンテ	490	490	485	490	6
4731	ユニバホーム	380000	380000	350000	350000	0.003
4732	ＵＳＳ	2800	2800	2610	2650	46
4733	ＯＢＣ	9000	9200	8900	9150	27.1
4734	ビーイング	570	700	570	630	8
4735	京進	325	325	325	325	1
4736	日本ラッド	700	700	680	700	3
4737	シダックス	951	951	900	930	6
4738	日立ビジネス	1170	1220	1153	1220	10.4
4739	ＣＴＣ	24100	25500	23900	25030	206
4740	ニューディル	195000	195000	160000	178000	0.222
4741	ＩＲＩ	2140000	2190000	2060000	2110000	0.027
4742	エイトコン	737000	740000	737000	737000	0.004
4743	アイティフォ	3480	3540	3400	3500	4.4
4744	メッツ	363000	363000	362000	362000	0.002
4745	東京個別	3600	3600	3500	3500	2
4746	東計電算	0	0	0	0	0
4747	Ｃフィッシュ	406000	419000	406000	410000	0.019
4748	構造計画	955	980	950	980	9.6
4749	アドバックス	200	200	200	200	4
4750	ダイサン	0	0	0	0	0
4751	サイバエージ	391000	400000	391000	400000	0.036
4752	昭和システム	418	428	418	428	2
4753	ライブドア	840000	940000	840000	940000	0.023
4754	トスネット	245	250	245	250	6
4755	楽天	1120000	1170000	1100000	1160000	0.396
4756	ＣＣＣ	0	0	0	0	0
4757	インテリ	950000	980000	790000	940000	0.152
4758	シーアイエス	4500000	4650000	4500000	4650000	0.018
4759	ライブＭ	1460000	1460000	1460000	1460000	0.001
4760	ＡＬＰＨＡ	500	500	500	500	2
4761	さくらＫＣＳ	0	0	0	0	0
4762	エクスネット	2500000	2500000	2500000	2500000	0.002
4763	クリークリバ	1600000	1750000	1600000	1750000	0.003
4764	Ｄデザイン	770000	770000	770000	770000	0.001
4765	モーニングＳ	2800000	2800000	2800000	2800000	0.003
4766	ピーエイ	900	900	900	900	2
4767	ＴＯＷ	1010	1010	1000	1000	51
4768	大塚商会	2995	2995	2935	2960	26
4769	インフォクリ	485	490	485	490	4
4770	エルミック	0	0	0	0	0
4771	Ｆ＆Ｍ	3000000	3000000	3000000	3000000	0.007
4772	デジタルアド	3190	3450	3190	3450	21
4773	Ａ＆Ｉ	1770	1770	1770	1770	1
4774	NECソフト	12550	13000	12550	12990	18.8
4775	総合メディカ	2170	2170	2150	2170	2.1
4776	ＣＹＢＯＺＵ	1380000	1380000	1310000	1350000	0.003
4777	ガーラ	990000	990000	990000	990000	0.004
4778	ヒューマネジ	0	0	0	0	0
4780	コナミ東京	1180	1200	1150	1200	6
4781	日本ハウズ	535	540	525	530	14
4782	オリコンサル	245	250	245	250	3
4783	日ダイナミク	555	555	555	555	3
4784	まぐクリック	0	0	0	0	0
4785	Ｓサイエンス	490	490	490	490	1
4786	ディジット	800000	800000	730000	750000	0.043
4787	ＮＣＧ	700000	730000	693000	730000	0.022
4788	サイバＣＯＭ	590000	620000	570000	616000	0.03
4789	エスイーラボ	690	690	690	690	1
4790	グレース	258000	260000	255000	260000	0.004
4791	ドリーム・トレイン	0	0	0	0	0
4792	ＴＦＰコンサ	550000	550000	501000	501000	0.01
4793	富士通ＢＳＣ	4880	5040	4700	5000	25.5
4794	デザインＥＸ	300000	301000	298000	298000	0.01
4795	スカパー	178000	199000	175000	178000	11.635
4797	アイシーエフ	290000	290000	271000	271000	0.004
4798	日本ＬＣＡ	620	620	603	610	4
4800	オリコン	920000	920000	900000	920000	0.006
4801	セントラルＳ	1320	1320	1300	1320	11.6
4812	電通国際情報	9850	10200	9300	9500	163.6
4814	ネクストウェ	790000	809000	690000	725000	0.367
4901	富士写	4410	4550	4410	4450	1676
4902	コニカＨＤ	940	955	933	939	1460
4911	資生堂	1429	1448	1426	1440	826
4912	ライオン	425	427	410	415	384
4913	サンスター	328	330	325	325	8
4914	高砂香	427	430	420	426	25
4915	エイボンＪ	0	0	0	0	0
4916	ノエビア	1020	1020	1020	1020	1
4917	マンダム	1100	1120	1090	1100	75.6
4918	アイビー	389	389	389	389	1
4919	ミルボン	6190	6200	5200	6000	79.2
4920	日本色材	0	0	0	0	0
4921	ファンケル	3200	3500	3150	3480	107.4
4922	コーセー	4080	4240	4080	4240	71.9
4951	エステー化	699	699	676	697	8
4953	タイホー工業	410	410	410	410	3
4954	マークテック	330	330	320	320	9
4955	アグロカネシ	670	671	670	671	3
4956	コニシ	905	940	905	940	4.9
4957	ヤスハラケミ	790	790	790	790	1
4958	長谷川香料	1700	1705	1650	1690	7.4
4959	シーシーアイ	0	0	0	0	0
4960	ケミプロ	222	222	220	220	3
4961	日油技研	0	0	0	0	0
4963	星光ＰＭＣ	520	520	520	520	2
4964	星光化学工業	310	310	310	310	0.2
4965	曽田香料	0	0	0	0	0
4966	上村工	1750	1800	1750	1750	19
4967	小林製薬	6270	6330	6270	6270	9.2
4968	荒川化工	0	0	0	0	0
4970	東洋合成	0	0	0	0	0
4987	寺岡製	705	710	705	705	6
4989	イハラケミ	199	212	199	211	61
4990	昭和化	0	0	0	0	0
4992	北興化	315	318	308	318	18
4996	クミアイ化	168	195	168	190	172
4997	日農薬	221	223	216	223	50
4998	フマキラ	168	170	168	170	6
4999	セメダイン	278	278	278	278	7
5001	新日本石油	599	636	599	627	2071
5002	昭和シェル	560	583	560	565	907
5006	興亜石油	277	285	271	275	120
5007	コスモ石	254	260	250	251	1788
5008	東亜石	117	125	117	125	176
5009	富士興	93	95	90	94	439
5010	日精蝋	98	98	86	91	3
5011	ニチレキ	443	443	435	435	49
5012	東燃ゼネ石	736	767	735	759	1457
5013	ユシロ	516	530	516	530	5
5014	ジャパンエナジー	241	260	238	259	47844
5015	ＢＰカスト	634	634	630	630	1.3
5101	浜ゴム	249	260	248	250	635
5102	大機エンジ	0	0	0	0	0
5103	昭ゴム	241	250	234	246	888
5104	日東化工	100	107	100	104	21
5105	洋ゴム	145	154	144	150	923
5106	オーツタイヤ	201	201	198	201	69
5108	ブリヂストン	1390	1445	1386	1435	5387
5110	住友ゴ	490	492	489	490	539
5121	藤ゴム	178	184	177	180	14
5122	オカモト	248	255	246	254	138
5123	ミサワ東洋	110	110	110	110	1
5142	アキレス	153	163	153	161	136
5143	世界長	84	94	84	90	67
5161	西川ゴム	0	0	0	0	0
5162	朝日ラバー	1150	1150	1150	1150	7
5184	ニチリン	325	325	325	325	1
5185	フコク	560	560	560	560	1
5186	ニッタ	1380	1400	1360	1389	25.1
5187	クリエート	501	508	495	500	14
5188	帝都ゴム	0	0	0	0	0
5189	桜ゴム	0	0	0	0	0
5191	東海ゴ	1100	1130	1100	1123	134
5192	三星ベ	265	270	264	268	158
5193	平成ポリマー	93	93	93	93	2
5194	相模ゴ	468	468	450	451	8
5195	バンドー	197	204	197	204	88
5196	鬼ゴム	77	80	77	79	40
5199	不二ラテ	164	170	164	170	6
5201	旭硝子	1088	1107	1077	1091	1374
5202	板硝子	1550	1585	1550	1562	2902
5204	石塚硝	200	210	200	210	23
5205	日本無機	412	420	410	419	16
5208	有沢製	2900	2900	2810	2900	11.4
5210	日山村硝	165	173	164	172	172
5212	不二硝	0	0	0	0	0
5213	芝セラミ	620	635	620	630	186
5214	日電硝	2790	2860	2730	2845	350
5215	旭テクノグラス	1061	1120	1051	1120	33
5216	倉元	1710	1790	1710	1730	12.8
5217	テクノクオツ	1260	1290	1210	1290	6
5232	住友大阪	454	464	452	460	959
5233	太平洋セメ	184	189	180	186	6948
5234	デイ・シイ	157	159	157	159	17
5237	ノザワ	0	0	0	0	0
5261	ミサワリゾ	234	240	234	240	12
5262	日ヒューム	218	222	218	221	16
5266	テイヒュー	0	0	0	0	0
5267	ハネックス	99	110	99	100	16
5268	旭コン	310	310	310	310	1
5269	日コン	98	103	95	103	15
5271	トヨアサノ	126	130	126	130	2
5273	三谷セキ	235	235	235	235	1
5274	ゼニパイプ	0	0	0	0	0
5276	石建工	0	0	0	0	0
5277	スパンクリト	285	285	270	275	5
5278	エバタ	0	0	0	0	0
5279	日本興業	210	210	210	210	1
5280	ヨシコン	0	0	0	0	0
5281	旭ダンケ	0	0	0	0	0
5282	ジオスター	795	795	780	780	9
5283	高見沢	195	195	195	195	1
5284	ヤマウ	0	0	0	0	0
5285	ヤマックス	260	275	260	275	2
5286	武井工業	0	0	0	0	0
5287	イトヨーギョ	600	620	600	620	3
5301	東海カ	243	255	241	251	1027
5302	カーボン	93	101	93	101	237
5304	エスイ−シ−	239	239	235	235	9
5331	ノリタケ	620	634	620	628	349
5332	ＴＯＴＯ	785	805	780	790	1646
5333	ガイシ	1430	1480	1430	1457	997
5334	特殊陶	1860	1870	1850	1860	899
5336	INAX	517	519	512	512	210
5337	ダントー	359	364	357	362	41
5338	大トー	159	175	159	173	6
5341	アサヒ陶	118	118	118	118	2
5342	ジャニス	70	70	70	70	7
5343	ニッコー	0	0	0	0	0
5344	ＭＡＲＵＷＡ	3170	3400	3170	3400	27.4
5351	白煉瓦	204	211	203	211	141
5352	黒崎	153	160	151	160	145
5355	ルツボ	115	115	110	115	18
5356	美濃窯	0	0	0	0	0
5357	ヨータイ	170	184	170	184	27
5358	イソライト	186	186	181	181	6
5361	東海熱	451	451	450	451	28
5362	九州耐	279	279	279	279	1
5363	ＴＹＫ	188	193	188	193	16
5367	ニッカトー	701	705	700	705	5
5382	中央商事	0	0	0	0	0
5383	三共理化	0	0	0	0	0
5384	フジミインコ	3400	3500	3400	3490	13.5
5386	鶴弥	0	0	0	0	0
5387	チヨダウーテ	795	795	780	780	3
5388	クニミネ	0	0	0	0	0
5389	日レヂボン	0	0	0	0	0
5390	宇部マテリア	125	126	125	126	13
5391	Ａ＆ＡＭ	111	115	107	115	20
5393	ニチアス	330	339	325	339	335
5395	コランダム	0	0	0	0	0
5397	ＭＩＥテクノ	0	0	0	0	0
5398	日研紙	187	187	170	170	3
5401	新日鉄	196	207	196	207	38067
5403	川崎製鉄	132	142	131	140	16257
5404	日本鋼管	74	75	73	75	6047
5405	住金	70	74	70	74	22404
5406	神戸鋼	67	70	66	68	4721
5407	日新鋼	93	96	93	93	817
5408	中山鋼	133	135	126	134	158
5410	合同鉄	88	94	87	93	354
5423	東京製鉄	494	520	494	510	450.5
5444	大和工	437	462	437	449	1296
5445	東京鉄	70	75	70	75	30
5446	北越メ	105	105	100	100	4
5448	東京鋼鉄	0	0	0	0	0
5449	大阪製鉄	440	460	438	460	7.6
5451	淀川鋼	235	267	235	264	553
5453	洋鋼鈑	283	315	283	310	207
5454	日鉄鋼板	195	209	195	209	138
5457	住友鋼管	399	426	396	426	148
5458	高砂鉄	110	110	105	106	6
5461	中部鋼	140	143	140	143	13
5462	日鉄鋼管	0	0	0	0	0
5463	丸一管	1636	1695	1636	1672	79
5464	モリ工	232	233	227	227	53
5471	大同特鋼	294	300	291	298	627
5476	高周波	95	103	95	102	365
5479	日金工	76	82	76	82	359
5480	冶金工	65	67	64	67	505
5481	山陽鋼	151	158	151	154	428
5482	愛知鋼	315	330	315	325	41
5484	東北鋼	0	0	0	0	0
5486	日立金	870	894	870	890	502
5491	日金属	86	94	86	94	85
5541	大平金	270	294	261	269	15774
5542	報国鉄	0	0	0	0	0
5562	日本重化学	143	154	141	141	3981
5563	日本電工	175	187	172	185	1644
5566	中央電	175	178	172	173	8
5602	栗本鉄	224	227	221	222	226
5603	虹技	102	104	98	102	24
5605	自動鋳	0	0	0	0	0
5606	旭テック	145	150	143	150	22
5607	中可鍛	0	0	0	0	0
5608	川口金	209	211	205	210	10
5609	日鋳造	87	87	85	85	5
5610	大和重	130	130	130	130	5
5612	鋳鉄管	191	197	191	195	66
5613	日本カタン	329	329	329	329	1
5631	日製鋼	115	125	112	123	3328
5632	菱製鋼	88	94	88	92	669
5633	関東特殊製鋼	68	72	68	72	61
5641	ＴＤＦ	475	480	470	479	17
5642	日本鍛工	47	47	47	47	5
5644	メタルアート	103	103	103	103	4
5645	イチタン	0	0	0	0	0
5657	鈴木金	148	148	148	148	1
5658	日亜鋼	291	309	291	309	20
5659	日精線	207	209	207	209	8
5660	神鋼線	69	73	69	70	26
5691	東京シヤリング	92	93	90	91	32
5694	大和綱帯	0	0	0	0	0
5695	パウダテック	260	260	260	260	2
5696	川鉄鋼板	98	98	98	98	1
5697	サンユウ	0	0	0	0	0
5701	日軽金	94	97	87	92	2403
5702	大紀ア	195	207	195	206	175
5706	三井金	937	945	928	930	2355
5707	東邦鉛	215	229	215	224	2207
5711	三菱マ	319	330	317	328	8376
5713	住友鉱	560	578	555	556	3462
5714	同和鉱	516	534	514	533	5554
5715	古河機金	228	248	228	237	705
5716	日鉱金属	679	680	670	675	376
5721	Ｓサイエンス	540	600	540	554	580
5727	邦チタ	531	545	530	541	23
5728	アライドマテリアル	880	880	820	831	66
5729	日精鉱	289	293	289	293	9
5734	昭和アルミ	130	141	130	141	263
5738	住軽金	80	85	80	85	287
5739	日製箔	154	154	141	141	7
5740	九州不二サッシ	0	0	0	0	0
5753	日伸銅	66	69	66	69	15
5756	東海アルミ箔	61	61	54	58	48
5757	サンエツ	0	0	0	0	0
5771	菱伸銅	341	359	332	344	812
5781	東邦金	220	223	211	211	50
5801	古河電	2620	2730	2600	2660	5100
5802	住友電	1865	1927	1853	1913	4545
5803	フジクラ	933	963	930	952	1797
5804	菱線工	286	302	286	296	340
5805	昭電線	197	209	197	207	429
5807	東特線	303	320	303	320	10
5808	理研線	318	318	301	315	4
5809	タツタ	171	180	171	180	65
5810	第一電工	89	90	87	89	64
5811	トヨ電線	0	0	0	0	0
5812	日立線	1052	1105	1051	1084	622
5813	花島電線	0	0	0	0	0
5815	沖電線	278	283	270	283	17
5816	オーナンバ	0	0	0	0	0
5817	日電線	330	330	330	330	1
5818	東日京三電線	325	325	325	325	1
5819	カナレ電気	1800	1800	1800	1800	3.5
5820	三ッ星	244	244	244	244	1
5851	リョービ	168	171	166	170	167
5852	アーレスティ	295	355	293	355	140
5853	京都ダイカスト	139	140	138	140	6
5854	東京理化工	279	280	272	275	80
5855	アサヒプリテ	1850000	1900000	1850000	1850000	0.005
5900	ダイケン	360	360	360	360	1
5901	洋カン	1904	1950	1900	1927	321
5902	北カン	226	235	226	230	488
5903	シンポ	485	485	485	485	2
5904	アルコアシステム	0	0	0	0	0
5905	日カン	141	142	141	141	5
5906	エムケー精工	480	480	480	480	1
5907	ＪＦＥコンテ	108	108	108	108	1
5908	日鉄ドラム	0	0	0	0	0
5909	コロナ	0	0	0	0	0
5910	立山アルミ	225	230	225	230	3
5911	横河ブ	400	400	394	399	120
5912	日本橋	120	126	118	126	17
5913	松尾橋	220	220	215	220	23
5914	宮地鐵工所	190	192	189	189	22
5915	駒井鉄	250	264	250	260	71
5916	ハルテック	214	215	213	215	42
5917	サクラダ	110	115	110	113	42
5918	滝上工	314	314	313	313	2
5919	日鉄塔	314	314	301	314	64
5921	川岸工	0	0	0	0	0
5922	那須鉄	170	171	170	171	4
5923	高田機	435	436	431	436	6
5925	酒井鉄工所	119	119	119	119	4
5926	安治川鉄工	95	98	91	98	4
5927	ホリー	105	105	105	105	6
5928	アルメタクス	181	181	181	181	1
5929	三和シャタ	260	266	259	261	710
5930	文化シヤタ	220	220	212	213	35
5931	川田工	214	220	213	216	25
5932	三協アルミ	73	77	72	75	120
5933	アルインコ	170	175	170	175	3
5934	日本ア	60	60	50	50	7
5935	元旦	674	674	674	674	4
5936	洋シヤタ	65	74	64	74	325
5938	住生活Ｇ	1588	1599	1574	1579	435
5939	大谷工業	0	0	0	0	0
5940	不二サッシ	77	81	76	76	14.6
5941	中西製	0	0	0	0	0
5942	フイルコン	0	0	0	0	0
5943	ノーリツ	929	970	929	961	38
5944	日立粉末	1070	1098	1010	1060	14
5945	天竜製鋸	0	0	0	0	0
5946	長府製	1149	1170	1140	1158	15.7
5947	リンナイ	2080	2105	2060	2065	58.4
5949	ユニプレス	175	175	175	175	2
5950	パワーファス	0	0	0	0	0
5951	ダイニチ工業	265	265	260	261	3
5952	アマテイ	0	0	0	0	0
5954	トープラ	233	238	228	233	40
5955	ヤマシナ	84	86	82	85	340
5956	トーソー	0	0	0	0	0
5957	日東精	189	190	189	190	7
5958	三洋工	359	385	355	385	279
5959	岡部	334	335	334	335	8
5961	トーカロ	750	750	750	750	0.1
5962	浅香工	0	0	0	0	0
5963	日立ツール	585	619	584	619	16
5964	洋刃物	0	0	0	0	0
5965	フジマック	340	340	335	337	3
5966	ＫＴＣ	260	265	260	265	2
5967	前田金	120	120	115	115	2
5969	ロブテックス	125	125	125	125	6
5970	菊池プレス	420	420	420	420	1
5971	共和工業	0	0	0	0	0
5972	日本建鐵	216	237	216	237	20.5
5973	トーアミ	470	470	470	470	1
5974	中国工	152	160	152	160	45
5975	東プレ	340	348	340	348	22
5976	ネツレン	292	304	290	304	50
5977	コマツ電子	765	775	760	765	15.6
5979	カネソウ	0	0	0	0	0
5980	田中亜鉛	210	210	210	210	1
5981	東京綱	125	133	125	132	492
5982	マルゼン	371	371	371	371	1
5983	イワブチ	0	0	0	0	0
5984	兼房	485	485	485	485	4
5985	サンコール	370	381	365	381	24
5986	モリテック	230	239	230	239	12
5987	オーネックス	200	205	195	195	6
5988	パイオラクス	0	0	0	0	0
5989	ヒラタ	360	360	360	360	5
5990	スーパツール	125	125	123	125	16
5991	ニッパツ	548	557	545	555	860
5992	中央発條	361	363	360	363	13
5993	知多鋼	0	0	0	0	0
5994	ファインＳ	280	290	280	290	13
5995	科学冶金	394	400	394	394	8
5996	新立川	0	0	0	0	0
5997	協立エアテク	425	425	425	425	0.2
5998	アドバネクス	270	270	262	268	18
5999	イハラサイエ	293	293	291	291	7
6005	三浦工	1500	1549	1500	1544	89.5
6011	新潟鉄工所	83	84	82	82	966
6013	タクマ	845	860	840	855	357
6016	神発動	92	92	92	92	1
6018	阪神燃	0	0	0	0	0
6020	神鋼造機	67	67	67	67	1
6021	ロビン	0	0	0	0	0
6022	赤阪鉄	0	0	0	0	0
6023	ダイハツデ	145	145	145	145	5
6041	ボッシュ	140	142	137	137	339
6042	ニッキ	169	170	161	168	39
6101	ツガミ	320	339	320	337	220
6102	池貝	131	133	129	132	52
6103	オークマ	398	404	393	397	256
6104	東芝機	511	546	511	540	353
6106	日立精機	153	166	153	158	60
6107	アマダマシ	279	295	273	292	298
6111	旭精機	0	0	0	0	0
6112	小島鉄	130	130	130	130	1
6113	アマダ	900	929	900	919	1027
6114	住倉工業	110	120	110	114	199
6118	アイダ	478	485	475	483	56
6119	ゼィープラス	270	270	270	270	1
6121	滝澤鉄	74	77	74	77	14
6125	岡本工	154	154	148	152	205
6130	日平トヤマ	180	186	176	186	84
6131	浜井産	145	145	142	145	7
6134	富機製	2800	2950	2750	2900	174.9
6135	牧野フ	675	695	666	693	350
6136	ＯＳＧ	687	687	663	663	51
6137	小池工	158	165	158	165	5
6138	ダイジェト	151	156	151	155	5
6139	東芝タンガロイ	599	616	597	611	91
6140	旭ダイヤ	587	590	580	590	75
6141	森精機	1200	1265	1200	1260	221
6142	富士精	0	0	0	0	0
6143	ソディック	470	480	460	480	130
6144	西部電機	210	210	209	209	2
6145	日特エンジ	1910	1910	1810	1840	47.5
6146	ディスコ	7610	7780	7360	7470	275.8
6147	ヤマザキ	1020	1020	1020	1020	1
6148	UHT	1910	1950	1650	1780	42.1
6149	小田原エンジ	560	560	560	560	1
6150	タケダ機械	0	0	0	0	0
6151	日東工器	2530	2580	2510	2510	9.7
6201	豊田織	2100	2185	2100	2155	598
6203	豊和工	122	134	122	130	418
6204	キリウ	219	219	219	219	4
6205	ＯＫＫ	145	145	144	145	16
6206	豊田工	652	653	645	653	600
6208	石川製	85	92	85	92	126
6210	東洋機械	300	310	300	310	5
6211	倉敷機	0	0	0	0	0
6212	帝人製機	246	255	246	255	41
6213	ＯＭ製	133	138	131	133	17
6214	大隈豊和機械	175	183	172	183	22
6216	寿工業	82	82	82	82	1
6217	津田駒	134	134	130	130	5
6218	エンシュウ	151	177	151	170	52
6221	大東製機	380	380	360	370	46
6222	島精機	1974	2100	1974	2010	17.9
6242	スピンドル	203	203	199	202	19
6245	ヒラノテク	272	272	270	270	7
6246	井上金	135	135	135	135	1
6247	日阪製	465	474	455	474	38
6271	ニッセイ	0	0	0	0	0
6272	レオン	364	364	359	362	7
6273	ＳＭＣ	15800	17100	15790	17100	87.5
6274	新川	3000	3130	2950	3110	98.2
6275	イセキ開発工	66	66	66	66	7
6276	ナビタス	480	480	480	480	4
6277	ホソミクロン	635	635	611	620	10
6278	ユニオンツル	7200	7400	7200	7300	13.3
6279	瑞光	971	975	960	962	9.4
6280	名機製	535	545	535	545	10
6281	前田製作	515	515	515	515	3
6282	オイレス	1798	1820	1788	1800	13.2
6283	オリイメック	300	300	300	300	1
6284	ＡＳＢ機械	0	0	0	0	0
6286	静甲	0	0	0	0	0
6287	サトー	2545	2590	2530	2580	13.3
6288	ハマダ印刷機	0	0	0	0	0
6289	技研製	255	255	254	254	3
6290	ＳＥＳ	645	680	640	680	29
6291	エアーテック	699	699	699	699	1
6292	カワタ	545	545	545	545	1
6293	日精樹脂	940	940	906	930	20
6294	オカアイヨン	200	205	200	205	2
6295	富士変速	0	0	0	0	0
6296	ロキテクノ	1070	1080	1060	1060	50
6297	鉱研工業	255	255	255	255	5
6298	ワイエイシイ	1000	1000	998	1000	20
6299	神鋼環境Ｓ	0	0	0	0	0
6300	アピクヤマダ	779	779	750	755	18
6301	コマツ	562	566	551	562	1491
6302	住友機	210	219	208	216	3617
6303	ササクラ	368	368	368	368	19
6304	マキ製作所	466	466	466	466	1
6305	日立建機	421	445	419	444	92
6306	日工	250	260	250	259	7
6307	サンセイ	78	80	78	80	13
6309	巴工業	0	0	0	0	0
6310	井関農	81	83	79	80	232
6311	セイレイ工業	199	199	182	187	9
6312	フロイント	0	0	0	0	0
6313	共立	133	134	128	134	57
6314	石井工研	825	825	805	820	1
6315	ＴＯＷＡ	2605	2650	2500	2640	60.1
6316	丸山製	140	140	137	139	31
6317	北川鉄	129	130	125	129	109
6319	シンニッタン	209	210	205	206	8
6320	新ダイワ	0	0	0	0	0
6321	石搬機	351	365	351	365	10
6322	タクミナ	500	500	500	500	1
6323	ローツェ	1480	1480	1450	1450	5
6324	ハーモニック	1600000	1620000	1530000	1590000	0.02
6325	タカキタ	0	0	0	0	0
6326	クボタ	395	415	395	405	2557
6327	北川精機	450	465	450	465	5
6328	荏原実業	1260	1260	1260	1260	2
6329	ＨＥＣ	430	440	430	440	21
6330	東洋エンジ	104	109	103	106	801
6331	化工機	190	205	190	204	161
6332	月島機	628	630	623	625	18
6333	帝国電	0	0	0	0	0
6334	明治機	112	135	112	128	976
6335	東京機	387	392	385	390	56
6336	石井表記	3340	3600	3300	3560	40.6
6337	テセック	2950	2950	2850	2900	5
6338	タカトリ	851	851	851	851	1
6339	新東工	245	248	236	236	57
6340	渋谷工	842	878	840	878	18
6341	日立造船富岡	145	145	145	145	1
6342	太平製	80	80	80	80	3
6343	フリージア	43	64	41	53	981
6344	ＮＥＣマシナ	2200	2240	2105	2240	19
6345	アイチコーポ	169	172	163	172	15.9
6346	菊川鉄	160	160	160	160	2
6347	プラコー	0	0	0	0	0
6348	日本マリンテクノ	580	580	580	580	1
6349	小森	1749	1810	1740	1798	306
6350	新日本造機	141	141	141	141	1
6351	鶴見製	516	516	510	516	7
6352	トヨコケン	89	100	88	100	14
6354	日立機電	375	400	375	400	5
6355	住友精	330	337	325	331	43
6356	日ギア	164	164	156	156	2
6357	三精輸	277	279	276	278	28
6358	酒井重	211	216	206	215	45
6359	粟村製作所	0	0	0	0	0
6360	東自機	270	270	270	270	2
6361	荏原	1407	1412	1385	1385	580
6362	石井鉄	171	180	171	180	9
6363	酉島	492	510	492	509	9
6364	北越工	125	125	125	125	4
6365	電業社	3900	3900	3850	3900	0.8
6366	千代建	84	90	83	90	2117
6367	ダイキン	2380	2425	2370	2390	596
6368	オルガノ	385	402	385	398	53
6369	トヨカネツ	104	108	104	108	205
6370	栗田工	1620	1634	1595	1605	482
6371	椿本チ	351	384	351	380	622
6372	セイサ	90	90	90	90	1
6373	大同工	235	235	227	235	26
6374	ＴＣＭ	278	291	275	282	153
6375	コンベヤ	80	84	77	83	391
6376	日機装	545	561	545	552	39
6377	甲陽建設	480	520	480	510	158
6378	木村化	236	236	221	225	10
6379	新興プラン	99	99	94	99	8
6380	オリチェン	0	0	0	0	0
6381	アネスト岩田	146	154	145	154	37
6382	トリニ工	220	220	220	220	2
6383	ダイフク	734	770	725	760	854
6386	扶桑レクセ	1071	1100	1071	1100	26
6388	ミサワバン	445	470	440	469	170
6389	内田油圧	48	48	46	46	10
6390	加藤製	142	151	142	146	19
6391	加地テック	140	145	140	145	4
6392	ヤマダコーポ	134	139	134	139	8
6393	油研工	117	124	117	124	50
6394	大江工業	0	0	0	0	0
6395	タダノ	177	180	175	175	217
6396	宇野鉄	0	0	0	0	0
6397	郷鉄工	0	0	0	0	0
6398	日本電産シンポ	758	758	758	758	12
6403	水道機	330	335	330	335	3
6406	フジテック	624	649	618	649	302
6407	シーケーディ	838	862	831	860	82
6408	クラッチ	780	785	780	785	2
6409	キトー	270	270	270	270	6
6411	中野冷	360	360	360	360	13
6412	平和	1780	1800	1755	1770	105.5
6413	理想科学	1790	1800	1780	1780	2.2
6414	川重冷熱	345	360	345	345	8
6415	ニスカ	0	0	0	0	0
6416	桂川電機	198	198	198	198	1
6417	ＳＡＮＫＹＯ	3410	3410	3320	3380	88.3
6418	日金銭	1360	1360	1334	1350	26
6419	マース	3730	3800	3730	3800	38.1
6420	福島工業	600	600	600	600	9
6421	キヤノンＦ	930	965	930	965	5
6423	アビリット	3400	3490	3360	3490	30.7
6424	高見サイ	0	0	0	0	0
6425	アルゼ	4800	4800	4700	4800	41.3
6426	サミー	2170	2170	2080	2130	24.8
6427	東北リコー	939	939	902	935	4
6428	オーイズミ	1350	1350	1310	1320	4
6431	キャノンＮＴＣ	330	340	330	340	18
6436	アマノ	960	990	960	978	144
6437	三条機	142	142	136	136	3
6439	中日鋳	105	105	105	105	8
6440	ＪＵＫＩ	421	445	416	442	587
6442	コピア	340	356	340	356	14
6443	東洋製	116	116	113	113	5
6444	サンデン	538	560	535	550	146
6445	蛇の目	87	96	86	96	322
6448	ブラザー	225	245	225	240	1101
6453	シルバ精	124	132	124	130	331
6454	マックス	1226	1226	1210	1223	74
6455	モリタ	265	276	265	276	20
6457	グローリー	2055	2120	2055	2070	16
6458	新晃工	155	160	153	160	32
6459	大和冷	281	297	281	297	196
6461	日ピス	90	94	89	94	218
6462	リケン	200	207	198	206	122
6463	ＴＰＲ	290	302	290	302	11
6466	トウアバルブ	93000	93000	93000	93000	0.003
6467	ニチダイ	551	561	551	560	5
6468	駿河精機	5990	6000	5800	5800	26
6469	放電精密	1190	1250	1170	1230	64
6470	大豊工業	890	890	890	890	2.8
6471	日精工	780	799	774	776	791
6472	ＮＴＮ	329	350	329	333	1586
6473	光洋精	783	802	783	789	326
6474	不二越	179	187	176	180	403
6475	天辻	0	0	0	0	0
6476	富士テクニカ	0	0	0	0	0
6477	ツバキ・ナカ	1450	1457	1440	1447	212
6478	ダイベア	0	0	0	0	0
6479	ミネベア	1125	1175	1125	1151	1459
6480	トムソン	1080	1080	1071	1076	279
6481	ＴＨＫ	3000	3060	2900	3020	642.6
6482	ユーシン精機	5150	5450	5150	5390	11
6483	川重防災	399	399	399	399	6
6484	ＫＶＫ	241	241	241	241	2
6485	前沢給装	589	589	580	580	8
6486	イーグル工	373	380	371	380	22
6487	積水工機	0	0	0	0	0
6488	ヨシタケ	260	260	260	260	3
6489	前沢工業	682	700	682	689	15.3
6490	ピラー	762	780	761	770	11
6492	岡野バ	121	121	121	121	1
6493	日鍛バ	183	183	183	183	1
6494	ファネス	340	340	323	323	30
6495	宮入バ	67	69	65	69	16
6496	中北製	195	195	192	192	21
6497	ハマイ	620	620	619	619	3
6498	キッツ	160	179	158	179	2005
6499	大隈エンジニア	0	0	0	0	0
6501	日立	1063	1100	1063	1087	6125
6502	東芝	775	782	768	778	11121
6503	三菱電	703	710	695	702	7997
6504	富士電機ＨＤ	334	352	330	352	932
6505	東洋電	116	122	116	122	24
6506	安川電	829	858	823	850	1303
6507	神鋼電	184	195	180	192	281
6508	明電舎	208	216	206	209	318
6513	オリジン	685	700	680	700	48
6516	山洋電	695	715	695	695	170
6517	デンヨー	625	650	624	637	17
6518	三相電機	645	655	645	655	4
6519	エネサーブ	4300	4300	4200	4250	18
6581	日立工	342	357	342	357	153
6584	三桜工	481	484	480	484	13
6585	サーボ	230	230	230	230	4
6586	マキタ	885	885	870	872	134
6587	松下精工	420	420	416	416	76
6588	東芝テック	352	371	350	370	411
6590	芝浦	611	635	611	621	205
6591	西芝電	148	150	145	150	14
6592	マブチ	12020	13790	12020	13790	90.4
6593	ローヤル電	0	0	0	0	0
6594	日電産	6250	6550	6250	6370	154.9
6621	高岳	140	145	139	141	91
6622	ダイヘン	178	186	178	186	67
6623	愛電機	235	235	220	220	3
6624	田淵電	190	192	190	192	6
6641	日新電	267	274	264	274	130
6643	戸上電	153	153	140	140	16
6644	大崎電	650	720	650	720	56
6645	オムロン	2425	2500	2425	2480	1346
6646	エナジーサポ	395	400	390	400	107
6647	森尾電	110	110	110	110	2
6648	かわでん	1	1	1	1	77
6650	春日電	128	130	128	129	7
6651	日東工	845	855	845	855	34
6652	和泉電	1400	1404	1360	1390	79
6654	不二電機	500	500	500	500	1
6655	東洋電機	303	303	303	303	1
6701	ＮＥＣ	2025	2185	2025	2170	5658
6702	富士通	1750	1857	1750	1837	5576
6703	沖電気	628	665	628	663	1244
6704	岩崎通	240	252	240	250	173
6705	ＮＥＣインフ	510	536	510	525	68
6706	電気興	685	718	685	705	60
6707	サンケン	710	739	707	730	737
6708	東洋通	800	825	800	824	91
6709	明星電	119	119	119	119	1
6710	大興電機製作	195	195	191	192	17
6711	高見澤電機	235	235	230	230	3
6712	田村電機製作	218	224	218	220	27
6714	神田通信工業	160	160	160	160	1
6715	ナカヨ通	235	238	235	238	6
6716	中央無	350	350	350	350	2
6717	富士通アクセ	1260	1330	1260	1310	19
6718	アイホン	1090	1155	1090	1155	5.1
6741	信号	388	410	388	408	58
6742	京三	244	245	239	245	23
6743	大同信	0	0	0	0	0
6744	能美防災	400	401	396	401	7
6745	ホーチキ	288	290	279	290	11
6747	小糸工	281	281	280	281	4
6748	星和電	402	405	402	405	16
6749	マスプロ	1070	1200	1049	1142	21.7
6751	日無線	670	680	665	679	262
6752	松下	2700	2730	2690	2705	10664
6753	シャープ	1300	1321	1290	1310	3934
6754	アンリツ	2970	3110	2965	3030	831
6755	富士通ゼ	590	599	581	590	56
6756	日立国際	850	886	849	883	130
6758	ソニー	8290	8350	8160	8240	2832.4
6759	ＮＥＣトーキ	1340	1360	1318	1355	598
6761	アイワ	804	834	804	823	71.6
6762	ＴＤＫ	12230	12800	12030	12670	590.8
6763	帝通工	335	347	334	347	54
6764	三洋電	873	911	863	893	4934
6765	ケンウッド	284	290	284	286	177
6766	宮越商	25	44	25	39	921
6767	ミツミ	2700	2820	2670	2765	504
6768	タムラ	422	445	421	430	108
6770	アルプス	2380	2540	2370	2465	1196
6771	池上通	227	246	227	246	54
6772	コスモス	141	141	140	140	4
6773	パイオニア	3470	3520	3420	3460	810
6775	東和メクス	96	98	96	97	27
6776	天昇電	155	155	155	155	1
6779	日電波	3700	3760	3660	3740	121.7
6781	松下通信工業	15640	16100	15480	15790	595.7
6782	九州松下電器	1030	1050	1020	1044	156
6783	松下寿電子	1982	2005	1967	1967	229
6788	日本トリム	840	900	820	900	66
6789	ローランドDG	760	780	760	770	5
6790	野田スクリン	3950000	4100000	3850000	3850000	0.01
6791	コロムビア	178	183	177	183	37
6792	ビクター	783	817	773	780	773
6793	山水電	6	6	5	5	930
6794	フォスター	545	550	535	550	179
6796	クラリオン	297	305	290	300	635
6797	名古屋電機	1150	1150	1150	1150	3
6798	ＳＭＫ	630	655	630	643	122
6799	日本マランツ	188	188	188	188	2
6800	ヨコオ	2040	2040	1990	2010	51.5
6801	東光	578	588	571	577	443
6802	赤井電機	1	2	1	1	3362
6803	ティアック	335	345	334	345	81
6804	ホシデン	3760	3900	3760	3780	339
6806	ヒロセ電	13100	13410	13000	13300	57.9
6807	航空電子	862	895	862	895	232
6808	シントム	42	43	40	41	2904
6809	ＴＯＡ	302	314	302	314	11
6810	マクセル	2160	2230	2160	2225	140
6811	クオンツ	300	300	290	300	36
6812	ジャルコ	460	470	451	470	7
6813	ナカミチ	67	70	66	69	163
6814	古野電	311	318	310	310	12
6815	ユニデン	465	470	458	460	232
6816	アルパイン	1231	1292	1231	1292	21
6817	スミダコーポ	4300	4340	4200	4300	35.1
6818	島田理	1100	1100	1070	1070	7.6
6819	オメガ・プロ	300	300	290	295	597
6820	アイコム	1400	1440	1400	1410	2.3
6821	バーテクスＳ	860	860	860	860	5
6822	大井電気	223	223	223	223	3
6823	リオン	570	580	570	580	3
6824	新コスモス	380	390	380	390	6
6825	パトライト	1680	1680	1680	1680	1
6826	本多通信	3100	3200	3100	3200	5.7
6827	東北パイオ	3900	3900	3800	3800	34
6828	シメオ精密	6200	6200	6190	6200	3
6829	ソーテック	1230000	1290000	1230000	1290000	0.189
6830	ＹＯＺＡＮ	2930000	3180000	2700000	2900000	0.426
6832	アオイ電子	4100	4130	4100	4130	4
6833	日電産リード	2060	2065	2060	2065	13
6834	精工技研	28000	31000	28000	31000	26.6
6835	アライドＨＤ	4400	4600	4400	4600	6.7
6836	ぷらっと	6210000	6500000	6210000	6500000	0.037
6837	京写	680	690	680	690	4
6838	多摩川電	1280	1380	1280	1380	9
6839	船井電	7450	8100	7450	8040	63.9
6840	アドテック	2000	2100	1850	1900	54
6841	横河電	950	990	920	966	536
6842	ユニパルス	3060	3100	3010	3050	16
6843	東光精機	220	220	220	220	4
6844	新電元	550	568	545	559	167
6845	山武	1250	1299	1250	1261	120
6846	中央製	160	160	160	160	1
6847	安藤電気	1100	1130	1081	1127	37
6848	東亜ＤＫＫ	280	295	280	295	7
6849	日本光電	286	290	285	290	27
6850	チノー	235	236	230	230	18
6851	大倉電気	173	174	170	174	9
6852	テクノセブン	145	145	145	145	6
6853	共和電	294	294	287	290	32
6855	電子材料	1570	1600	1550	1600	7
6856	堀場製	929	931	915	930	14
6857	アドバンテスト	12880	13520	12880	13020	323.2
6858	小野測器	202	210	201	210	5
6859	エスペック	1051	1060	1050	1055	36
6860	サンクス	1420	1420	1400	1420	7
6861	キーエンス	28410	28600	27510	28000	113.6
6862	ミナトエレ	0	0	0	0	0
6863	ニレコ	620	620	620	620	1
6864	ＮＦ回路	347	347	347	347	3
6866	ＨＩＯＫＩ	815	815	815	815	1
6867	リーダー電子	1300	1300	1260	1260	3
6868	東カソード	1040	1040	1010	1020	6.2
6869	シスメックス	2720	2720	2650	2650	10.5
6870	フェンオール	0	0	0	0	0
6871	日本マイクロ	1660	1660	1600	1650	4.3
6872	日本コーリン	7050	7100	6920	7000	20.1
6873	日立電子Ｅ	684	684	650	650	10
6874	協立電機	2060	2070	2060	2060	2.7
6875	メガチップス	4150	4150	4090	4150	20.5
6876	光波	2410	2410	2360	2370	7.8
6877	ＯＢＡＲＡ	755	755	755	755	2
6878	長野日無	460	480	460	480	10
6879	フォトロン	315	330	315	330	2
6880	シンワ	794	795	770	795	0.6
6881	キョウデン	2330	2350	2280	2295	32
6882	三社電機	850	850	850	850	4
6883	電産コ電	1020	1080	1020	1030	16
6884	デジタル	2820	2880	2820	2860	4
6885	ミヤチテクノ	4450	4450	4200	4300	35.1
6886	グラフィック	0	0	0	0	0
6887	日本ＬＳＩカード	222000	222000	222000	222000	0.002
6888	アクモス	228000	240000	225000	240000	0.03
6889	オーデリック	0	0	0	0	0
6890	フェローテク	2590	2650	2560	2630	185
6891	イーター電機	410	411	410	411	2
6892	シチズン電子	6330	6330	6000	6190	20.3
6893	タイテック	730	730	720	725	9
6894	パルステック	1800	1880	1800	1880	12
6895	ダイヤ電機	490	495	490	491	12
6896	北川工業	940	960	934	940	2.6
6897	ツインバード	0	0	0	0	0
6898	トミタ電機	266	266	266	266	4
6899	ＡＳＴＩ	560	560	560	560	3
6900	東京電波	4050	4200	4000	4100	38.5
6901	沢藤電	198	200	198	200	11
6902	デンソー	2515	2570	2470	2470	1178
6904	原田工業	0	0	0	0	0
6905	コーセル	3540	3750	3530	3700	25.6
6906	キヤ･コンポ	0	0	0	0	0
6907	ジオマテック	2100	2100	2040	2070	24.1
6908	イリソ電子	445	445	421	421	5
6909	北部通信工業	260	260	260	260	2
6910	日立メディコ	1110	1170	1110	1170	9
6911	新日無	855	869	850	861	34
6912	菊水電子	0	0	0	0	0
6913	メルコ	2240	2320	2215	2295	83.6
6914	オプテックス	970	985	970	985	2
6915	千代田インテ	1390	1400	1340	1400	5
6916	アイオデータ	1550	1590	1480	1520	48.7
6917	デンセラムダ	2650	2725	2600	2695	40.8
6918	アバール	769	800	764	800	10
6919	ケル	0	0	0	0	0
6920	レーザーテク	1850	1850	1850	1850	1
6921	東光電	276	295	276	295	5
6922	昭和情報	360	360	360	360	4
6923	スタンレー	1240	1270	1240	1265	291
6924	岩崎電	255	259	251	255	135
6925	ウシオ電	1785	1835	1780	1832	186
6926	岡谷電	310	315	305	310	15
6928	エノモト	701	710	670	710	22
6929	日セラ	2300	2300	2250	2280	157
6930	日本アンテナ	1050	1050	1050	1050	2
6931	日本電池	393	399	392	396	141
6932	ユアサコーポ	360	360	360	360	1
6933	ＹＵＡＳＡ	239	251	234	245	555
6934	新神戸	530	580	517	580	46
6935	日デジタル	1400	1420	1374	1402	45.3
6936	東洋高砂乾	118	118	111	111	10
6937	古河池	262	279	262	279	6
6938	双信電機	695	710	695	700	21
6939	ＵＭＣＪ	980000	1080000	980000	1050000	0.359
6940	多摩電気	0	0	0	0	0
6941	山一電機	1850	1879	1780	1780	36
6942	ソフィア	0	0	0	0	0
6943	開閉器	595	595	595	595	2
6944	アイレックス	0	0	0	0	0
6945	ＦＴＥＣ	544	544	520	525	4
6946	日本アビオ	256	256	256	256	2
6947	図研	2250	2250	2170	2190	59.7
6948	住友電装	850	850	850	850	2
6949	キンセキ	1280	1330	1268	1310	100
6950	ＹＥデータ	380	390	380	390	2
6951	日電子	630	644	630	634	38
6952	カシオ	1000	1010	985	985	629
6954	ファナック	8900	9400	8900	9240	553.3
6955	ＦＤＫ	1130	1134	1115	1115	61
6956	神明電	1530	1640	1530	1620	24
6957	芝浦電子	306	310	306	307	2.6
6958	日本ＣＭＫ	1661	1693	1650	1681	394
6960	フクダ電	2130	2160	2030	2160	22
6961	エンプラス	4270	4400	4250	4350	33.7
6962	大真空	592	620	580	620	52
6963	ローム	26210	28100	26200	27900	361.1
6964	サンコー	1201	1201	1200	1201	3
6965	ホトニクス	7180	7350	7130	7320	81.3
6966	三井ハイテク	1568	1599	1561	1580	24.5
6967	新光電工	3880	4000	3870	3930	174.7
6968	グラフテック	157	158	157	158	4
6969	松尾電	530	530	508	520	55
6970	日本コンラックス	515	536	515	536	25
6971	京セラ	14300	14760	14180	14530	869.7
6972	エルナー	371	375	361	375	76
6973	協栄産	350	350	335	350	22
6974	日本インター	305	307	291	300	6
6975	ＮＥＯＭＡＸ	1129	1129	1086	1099	104
6976	太陽電	4430	4630	4350	4620	605
6977	抵抗器	0	0	0	0	0
6980	日立ＡＩＣ	980	990	965	980	166
6981	村田製	14200	14590	14200	14550	860.2
6982	リード	136	140	136	139	98
6984	朝日ナショナ	410	410	410	410	6
6985	ユーシン	372	389	372	389	20
6986	双葉電	3430	3490	3420	3460	141.3
6988	日東電	3600	3730	3590	3660	306.5
6989	北電工	192	200	186	200	86
6991	松電工	1260	1264	1249	1260	751
6992	国産電	192	192	192	192	3
6993	森電機	89	97	89	97	30
6994	指月電	198	199	195	195	30
6995	東海理	794	815	794	815	39
6996	ニチコン	1650	1715	1630	1630	264.4
6997	日ケミコン	883	900	866	895	874
6998	タングス	289	294	289	294	3
6999	ＫＯＡ	2165	2290	2110	2210	276.9
7003	三井造	122	128	121	127	3007
7004	日立造	104	107	104	106	8129
7007	佐世保	84	85	77	83	563
7011	三菱重	487	493	481	486	8267
7012	川重	143	152	143	145	2953
7013	石川島	258	263	257	260	7241
7014	名村造	158	162	158	159	127
7018	内海造	113	113	107	107	8
7020	サノヤス	171	180	171	180	11
7021	ニッチツ	145	145	145	145	5
7052	信貴造船所	0	0	0	0	0
7102	日車両	196	200	191	197	354
7104	富士車輌	103	105	102	105	30
7105	ニチユ	185	185	180	184	22
7122	近畿車	129	137	129	137	84
7123	東急車輌製造	73	77	73	77	81
7124	輸送機工業	300	300	300	300	1
7142	ナブコ	156	165	156	165	35
7201	日産自	675	725	675	710	11360
7202	いすゞ	224	228	222	227	936
7203	トヨタ	3950	4030	3940	4000	2618.9
7204	小松ゼノア	238	239	233	233	29
7205	日野自	379	392	379	387	337
7210	日産ディ	121	125	117	124	2232
7211	三菱自	330	335	328	329	2470
7212	エフテック	500	500	500	500	1
7219	ＨＫＳ	0	0	0	0	0
7220	武蔵精密	1200	1200	1200	1200	2
7221	トヨ車	1005	1025	1005	1025	21
7222	産車体	163	169	162	168	71
7223	関東自	594	610	594	609	13
7224	新明和	190	190	182	183	673
7225	小松フォーク	159	163	159	161	58
7226	極東開発	450	460	447	460	41.6
7227	アスカ	0	0	0	0	0
7228	デイトナ	515	525	510	510	3
7229	ユタカ技研	0	0	0	0	0
7230	日信工業	1800	1820	1800	1810	6
7231	トピー	174	180	174	176	487
7232	トキコ	207	222	207	221	863
7233	自部品	76	76	75	75	4
7234	橋本フォーミング	58	62	58	62	14
7235	東ラヂ	122	122	111	111	14
7236	ティラド	449	449	436	445	274
7237	ボッシュブレーキ	150	150	136	150	5
7238	ブレーキ	211	212	206	206	65
7239	タチエス	0	0	0	0	0
7240	ＮＯＫ	1230	1248	1191	1214	532
7241	フタバ	1435	1470	1435	1453	101
7242	カヤバ	186	186	181	181	749
7243	シロキ	194	195	190	195	57
7244	市光工	203	210	202	205	131
7245	大同メ	560	560	540	540	8
7246	プレス工	70	73	69	72	159
7247	ミクニ	120	120	120	120	1
7248	カルソニック	274	278	265	272	444
7249	尾張精	170	170	170	170	1
7250	太平洋工	260	266	259	262	22
7251	ケーヒン	902	926	902	923	54
7252	富士機	0	0	0	0	0
7253	日本ガスケット	0	0	0	0	0
7254	フジユニ	170	170	170	170	10
7255	桜井製	0	0	0	0	0
7256	河西工	189	194	186	194	18
7257	自転車電機工	375	385	367	385	9
7258	栃木富士産業	210	225	203	225	13
7259	アイシン	1720	1780	1710	1758	527
7260	富士機工	211	211	209	210	17
7261	マツダ	263	280	261	276	4243
7262	ダイハツ	814	833	814	814	240
7263	愛知機	210	221	208	220	62
7264	ＭＵＲＯ	800	800	800	800	3
7265	エイケン工業	530	530	530	530	2
7266	今仙電機	339	339	330	335	43
7267	ホンダ	3830	4000	3830	3940	1299
7268	タツミ	0	0	0	0	0
7269	スズキ	1210	1220	1195	1195	975
7270	富士重	785	800	777	788	1089
7271	安永	490	490	490	490	162
7272	ヤマハ発	801	810	791	795	92
7273	イクヨ	0	0	0	0	0
7274	ショーワ	593	613	593	613	85
7275	ユニシア	171	175	168	168	124
7276	小糸製	489	490	483	488	183
7277	ＴＢＫ	125	125	122	122	23
7278	エクセディ	755	780	755	780	5.7
7279	ケーブル	1060	1100	1060	1100	8
7280	ミツバ	420	436	420	436	7
7282	豊田合	3520	3810	3450	3710	461
7283	愛三工	670	670	660	669	5
7284	盟和産	221	221	221	221	1
7285	池田物産	108	108	107	108	194
7286	イズミ工業	92	95	92	95	2
7287	日精機	573	589	560	589	11
7288	テクノエイト	220	220	220	220	4
7289	マーレ テネックス	180	180	180	180	3
7290	日発精密工業	280	280	262	270	7
7291	日本プラスト	0	0	0	0	0
7292	村上開明	0	0	0	0	0
7293	大井製作所	0	0	0	0	0
7294	ヨロズ	420	425	409	410	65.1
7295	アイエス製機	310	310	310	310	15
7296	ＦＣＣ	950	950	950	950	2
7297	カーメイト	520	520	515	515	0.5
7298	八千代工	350	350	350	350	1
7299	フジオーゼ	190	190	190	190	1
7301	宮田	104	104	101	104	9
7305	新家工	96	98	96	98	5
7306	丸石自転車	198	204	198	204	21
7308	ツノダ	0	0	0	0	0
7309	シマノ	2175	2260	2150	2230	294.2
7399	ナンシン	220	220	220	220	2
7404	昭和飛	251	252	251	252	11
7407	日本飛行機	233	240	231	231	24
7408	ジャムコ	400	410	400	410	5
7410	横浜鋼業	0	0	0	0	0
7411	成和産業	710	710	710	710	1
7412	アトム	1300	1320	1300	1320	7
7413	創健社	0	0	0	0	0
7414	小野建	0	0	0	0	0
7415	新星堂	275	275	275	275	2
7416	はるやま	728	728	728	728	6.5
7418	ヤマキ	0	0	0	0	0
7419	ノジマ	1340	1340	1340	1340	4.6
7420	佐鳥電機	1189	1270	1189	1221	13
7421	カッパクリエ	4600	4650	4400	4450	13.8
7422	東邦レマック	0	0	0	0	0
7423	フォンテーヌ	1190	1190	1105	1106	0.5
7424	ニコニコ堂	0	0	0	0	0
7425	初穂商事	266	266	266	266	1
7426	山大	0	0	0	0	0
7427	エコーＴＤ	1549	1549	1450	1491	0.7
7428	江戸沢	780	780	771	771	2
7429	セイジョー	1040	1056	1040	1055	2.3
7430	サンワドー	435	450	435	435	5.6
7432	ダルトン	0	0	0	0	0
7433	伯東	3070	3230	3070	3210	113.8
7434	オータケ	1630	1630	1630	1630	0.1
7435	ナ・デックス	435	435	435	435	2
7437	シーアンドエス	3930	4100	3930	4060	166.9
7438	コンドー	359	360	357	360	4.5
7439	サンミック千代田	0	0	0	0	0
7440	クラフト	0	0	0	0	0
7442	中山福	315	315	315	315	1
7443	横浜魚類	280	310	280	310	4
7444	ハリマ共和	0	0	0	0	0
7445	ライトオン	2620	2620	2490	2600	87.1
7446	東北化学	390	390	380	380	3
7447	ナガイレーベ	2200	2200	2200	2200	0.1
7448	ジンズメイト	750	760	740	751	3.9
7449	太洋興業	0	0	0	0	0
7450	サンデー	0	0	0	0	0
7451	菱食	4650	4900	4600	4890	16.3
7452	マツヤ	0	0	0	0	0
7453	良品計画	4810	5140	4810	5050	220.9
7454	ホットスパー	111	111	111	111	1
7455	三城	3050	3200	3030	3160	67.7
7456	松田産業	1929	1929	1901	1901	1.5
7457	セキテクノ	435	435	435	435	1
7458	第一興商	1260	1340	1240	1240	61.1
7459	メディセオＨＤ	1000	1010	989	1003	147.7
7460	ヤギ	469	469	469	469	5
7461	キムラ	1190	1190	1190	1190	1
7462	ダイヤ通商	519	519	519	519	2
7463	アドヴァン	1455	1490	1455	1489	10.7
7464	セフテック	0	0	0	0	0
7465	ＭＶ北海道	0	0	0	0	0
7466	ＳＰＫ	1000	1000	1000	1000	0.1
7467	萩原電気	512	512	512	512	2
7468	アムスク	940	950	931	950	8
7470	サロモンメイド	570	599	570	599	6
7471	ふじ	0	0	0	0	0
7472	鳥羽洋行	1000	1000	1000	1000	3
7473	静岡スバル	0	0	0	0	0
7474	パオ	0	0	0	0	0
7475	アルビス	475	475	475	475	8
7476	アズワン	1600	1622	1570	1622	6.8
7477	ムラキ	0	0	0	0	0
7478	ブルーグラス	440	440	440	440	1
7479	サンマルク	3880	3880	3690	3700	7.8
7480	スズデン	0	0	0	0	0
7481	尾家産	710	720	710	720	9
7482	シモジマ	1010	1010	1010	1010	2
7483	ドウシシャ	1900	1900	1830	1830	2.5
7485	岡谷鋼機	940	940	940	940	2
7486	サンリン	0	0	0	0	0
7487	小津産業	1080	1100	1080	1100	8.6
7488	ヤガミ	734	734	734	734	2
7490	日新商	0	0	0	0	0
7491	ＯＡシステム	0	0	0	0	0
7492	タイカン	340	340	340	340	2
7494	コナカ	655	660	654	655	6.5
7495	レオ	0	0	0	0	0
7496	八千代ムセン	870	870	869	869	2.5
7497	マインマート	660	660	640	641	7.5
7498	ジャパン	2140	2140	2140	2140	1.5
7500	西川計測	0	0	0	0	0
7501	ティムコ	794	794	794	794	0.1
7502	プラザクリエ	3120	3120	3050	3120	0.9
7503	ＩＭＩ	1300	1300	1300	1300	1
7504	高速	595	595	570	570	7
7505	扶桑電通	481	501	481	501	3
7506	ハウスローゼ	635	660	635	660	0.4
7507	浜 勝	1150	1150	1150	1150	3
7508	オートセブ	490	490	490	490	2
7509	アイエー	514	514	514	514	2
7510	竹菱電機	0	0	0	0	0
7511	ジプロ	0	0	0	0	0
7512	ポスフール	999	1050	998	1050	3.9
7513	コジマ	2220	2330	2205	2300	40.4
7514	ヒマラヤ	500	500	500	500	3.5
7515	マルヨシ	0	0	0	0	0
7516	コーナン	970	1000	970	980	11.5
7517	黒田電気	2300	2400	2250	2400	21
7518	ネットワン	2960000	3010000	2920000	3010000	1.277
7519	五洋インテ	0	0	0	0	0
7520	エコス	483	483	469	480	2
7521	ムサシ	911	911	911	911	1
7522	ワタミ	4800	4800	4600	4600	41.9
7523	アールビバン	1010	1100	1010	1050	4.5
7524	マルシェ	0	0	0	0	0
7527	システムソフ	405	405	392	392	3
7528	安藤薬業公司	290	290	290	290	1
7529	はるやま	0	0	0	0	0
7530	ナブコドア	0	0	0	0	0
7531	清和鋼業	250	260	250	260	7
7532	ドンキホーテ	10060	10200	10050	10070	9.7
7535	グッドマン	2040	2050	2000	2050	1.1
7536	船橋薬品	0	0	0	0	0
7537	丸文	1269	1270	1260	1262	21
7538	大水	385	400	385	400	4
7539	アベルコ	295	300	295	300	8
7540	エルエスフェンス	0	0	0	0	0
7541	メガネトップ	2300	2310	2300	2300	6.2
7542	ビスケーＨＤ	800	800	800	800	1
7543	ミスタージョン	0	0	0	0	0
7544	スリーエフ	1150	1150	1100	1130	2.9
7545	西松屋チェ	1580	1580	1530	1536	8.3
7547	オートハローズ	0	0	0	0	0
7548	サンクスＪＰ	1100	1110	1090	1110	4
7549	エス・エス・ブイ	0	0	0	0	0
7550	ゼンショー	868	870	850	850	8
7551	ウェッズ	0	0	0	0	0
7552	ハピネット	2000	2000	1903	1930	10.3
7553	サザビー	4560	4560	4350	4500	13.7
7554	幸楽苑	990	990	990	990	5
7555	大田花き	0	0	0	0	0
7556	住商エレク	1130	1130	1100	1120	17.2
7557	サンクス	3500	3600	3500	3590	121.4
7558	トーメンエレ	4390	4730	4390	4730	16
7559	ジーエフシー	815	815	815	815	1
7560	ユニマット	890	900	880	895	8.2
7561	ハークスレイ	1770	1800	1680	1680	8.3
7562	安楽亭	700	700	700	700	9
7563	ニッパン	0	0	0	0	0
7564	ワークマン	1750	1750	1750	1750	1.6
7565	万世電機	0	0	0	0	0
7566	ジャパンケア	0	0	0	0	0
7567	栄電子	826	830	826	826	5
7568	クレックス	0	0	0	0	0
7569	モンテカルロ	0	0	0	0	0
7570	橋本総業	670	670	670	670	2
7571	ヤマノＨＣ	800	800	790	790	13
7573	ツルハ	1490	1500	1460	1500	18.3
7574	共信テクノ	1260	1310	1260	1300	9
7575	日本ライフＬ	765	780	760	760	4.4
7576	ベターライフ	0	0	0	0	0
7577	パスポート	0	0	0	0	0
7578	ニチリョク	590	590	580	590	6
7579	オリジン東	3250	3250	2990	3250	40.5
7580	フーズネット	0	0	0	0	0
7581	サイゼリヤ	5490	5600	5300	5560	57.9
7582	富デバイス	1600	1605	1600	1605	12
7583	通商	0	0	0	0	0
7584	丸紅インフォ	480	486	480	486	2
7585	かんなん	0	0	0	0	0
7586	寺島薬局	1010	1010	1000	1000	5.9
7587	ＰＡＬＴＥＫ	2380	2420	2260	2420	20.9
7588	シートゥーネット	5090	5200	4880	5000	50.9
7589	デジキューブ	700000	700000	690000	700000	0.004
7590	タカショー	485	500	480	500	6
7591	エクセル	1170	1170	1130	1170	6
7592	アイ・ユー・ケイ	0	0	0	0	0
7593	ＶＴＨＤ	780	800	780	800	2.5
7594	マルカキカイ	0	0	0	0	0
7595	アルゴグラフ	1850	1850	1850	1850	0.4
7596	魚力	2340	2340	2340	2340	0.3
7597	東京貴宝	0	0	0	0	0
7598	ナイスクラ	240	245	238	245	7
7599	ガリバー	3250	3300	3150	3300	13.6
7600	日本ＭＤＭ	3500	3550	3300	3490	5.6
7601	ポプラ	1030	1030	1000	1004	10.9
7602	ジャック	1850	1900	1835	1900	20.4
7603	マックハウス	442	442	440	440	4
7604	梅の花	1230000	1260000	1230000	1250000	0.008
7605	フジコーポ	0	0	0	0	0
7606	Ｕアローズ	731	731	685	701	6.1
7607	進和	0	0	0	0	0
7608	ＳＫジャパン	0	0	0	0	0
7609	ダイトエレク	2680	2680	2600	2600	3
7610	テイツー	390000	390000	350000	380000	0.004
7611	ハイデ日高	1120	1120	1120	1120	1
7612	コモンウェル	0	0	0	0	0
7613	シークス	1450	1450	1350	1450	3.7
7614	オーエムツー	1950	1950	1950	1950	0.1
7615	京都友禅	441000	441000	420000	433000	0.151
7616	コロワイド	2000	2000	1980	2000	5.5
7617	オオゼキ	3610	3610	3600	3610	7
7618	ＰＣＤＥＰＯ	600000	600000	600000	600000	0.001
7619	田中商事	295	295	295	295	5
7620	ヤマト硝子	325	340	325	340	11
7621	うかい	971	971	962	962	2
7622	焼肉サカイ	830	885	825	850	27.3
7623	サンオータス	0	0	0	0	0
7624	内藤	970	970	960	960	7
7625	ダイニング	2300	2300	2120	2165	6.8
7626	ドッドウエル	1400	1400	1390	1400	9
7627	なか卯	1100	1120	1100	1100	5
7628	オーハシテク	0	0	0	0	0
7629	ムラチク	0	0	0	0	0
7630	壱番屋	1190	1200	1150	1150	11
7631	マクニカ	12500	12500	12300	12500	5.7
7632	住商メタレックス	545	545	540	540	3
7633	明響社	365	370	360	370	5
7634	星医療	1210	1230	1200	1200	9
7635	杉田エース	0	0	0	0	0
7636	ハンズマン	990	990	990	990	1
7637	白 銅	1420	1420	1420	1420	1
7638	シーマ	211	211	211	211	1
7639	贔屓屋	0	0	0	0	0
7640	トップカル	0	0	0	0	0
7641	フォーユー	608000	630000	608000	630000	0.008
7642	ビジョン	670	670	630	650	2.5
7643	ダイイチ	0	0	0	0	0
7644	常盤薬品	0	0	0	0	0
7645	日本トイザ	16100	16100	15900	16000	4.5
7646	ＰＬＡＮＴ	2630	2650	2600	2620	7
7647	音通	125	130	125	130	12
7648	トーカン	1470	1470	1470	1470	1
7649	スギ薬局	3350	3350	3350	3350	2
7701	島津	380	388	378	388	888
7702	ＪＭＳ	398	399	394	394	9
7703	川澄化	1030	1030	980	1020	7
7704	アロカ	952	970	952	966	23
7705	ジーエル	1410	1420	1400	1400	6
7706	セントラユニ	0	0	0	0	0
7711	助川電気	0	0	0	0	0
7713	シグマ光機	2540	2630	2510	2600	34
7714	モリテックス	4640	4640	4300	4540	54.3
7715	長野計器	2300	2300	2300	2300	13
7716	ナカニシ	1850	1900	1850	1900	5
7718	スター精	1500	1500	1480	1481	131
7719	東衡機	71	72	71	72	2
7720	ソキア	180	184	176	179	28
7721	トキメック	115	121	115	121	24
7723	愛時計	260	268	260	265	11
7724	金門	123	128	123	128	27
7726	黒田精	266	267	266	267	3
7727	オーバル	150	150	150	150	8
7728	電産トーソク	858	859	858	859	15
7729	東京精	6800	7470	6720	7470	183.6
7731	ニコン	1580	1680	1577	1669	904
7732	トプコン	360	360	344	358	53
7733	オリンパス	1660	1720	1660	1693	952
7734	理計器	396	399	395	399	4
7735	スクリン	570	593	570	590	929
7736	ユニオンＨＤ	83	85	82	85	31
7738	チノン	291	294	290	290	10
7739	キヤノン電	1058	1113	1058	1105	14
7740	タムロン	1080	1110	1050	1050	65
7741	ＨＯＹＡ	9000	9320	9000	9150	249.4
7743	シード	0	0	0	0	0
7744	ノーリツ鋼機	2550	2600	2500	2500	6.9
7750	ペンタックス	274	280	271	275	59
7751	キヤノン	4300	4410	4250	4380	1501
7752	リコー	1961	2030	1953	1971	2922
7753	ミノルタ	449	475	449	470	416
7756	電産コパル	1590	1603	1570	1570	65
7757	三協精	807	844	807	839	111
7758	セコニック	334	334	334	334	3
7762	シチズン	914	973	914	957	890
7764	オリエント時計	170	170	165	165	3
7765	リコーエレメ	679	680	679	680	6
7768	ジェコー	0	0	0	0	0
7769	リズム	183	189	180	187	492
7770	ミヨタ	2100	2100	2100	2100	2
7771	日本精密	444	445	444	444	3
7854	バンプレスト	1600	1600	1560	1600	10
7855	カーディナル	300	300	300	300	1
7856	萩原工業	751	751	750	750	7
7857	セキ	0	0	0	0	0
7858	小野産業	0	0	0	0	0
7859	アルメディオ	0	0	0	0	0
7860	エイベックス	8980	9210	8800	9150	42.5
7861	東京リスマ	1010	1010	970	980	8.3
7862	トッパンフォ	1858	1860	1785	1849	75.8
7863	平賀	570	570	555	560	5
7864	フジシール	2250	2390	2210	2310	52.3
7865	ピープル	920	920	920	920	3
7866	アトラス	780	830	740	830	18.2
7867	トミー	2080	2080	2000	2010	46.5
7868	広済堂	1068	1068	1020	1063	3.4
7869	日本フォーム	0	0	0	0	0
7870	福島印刷	505	505	505	505	6
7871	フクビ	0	0	0	0	0
7872	エステール	0	0	0	0	0
7873	アーク	4410	4410	4300	4360	22
7874	スルガ	3660	3840	3660	3800	1.9
7875	竹田印刷	660	660	660	660	2
7876	三陽PAX	0	0	0	0	0
7877	永大化工	620	620	620	620	2
7878	光彩工芸	0	0	0	0	0
7879	ノダ	445	445	440	440	1.1
7880	南部化成	0	0	0	0	0
7881	ニッソー	80	83	80	83	2
7882	アロン化成	375	395	375	395	21
7883	サンメッセ	0	0	0	0	0
7884	本間ゴルフ	270	270	265	270	4.1
7885	タカノ	1340	1340	1300	1320	1.9
7886	ヤマト・イン	200	200	200	200	4
7887	南プラ	370	370	370	370	1
7888	三光合成	235	235	200	200	12
7889	桑山	500	500	490	500	1.1
7890	アテナ工業	790	790	790	790	1
7891	日本ユピカ	237	237	237	237	2
7892	宇部日東化成	275	280	275	280	16
7893	亜細亜	1040	1045	1040	1045	10
7895	中央化学	1450	1450	1450	1450	0.8
7896	セブン工業	0	0	0	0	0
7897	ホクシン	118	136	118	136	17.4
7898	ウッドワン	634	650	632	650	17
7899	オザキ軽化	385	385	385	385	1
7900	大出産業	600	600	600	600	1
7901	マツモト	410	410	401	401	4
7902	ソノコム	0	0	0	0	0
7903	名木材	0	0	0	0	0
7904	天竜木	32	33	32	33	23
7905	大建工	312	330	312	330	27
7906	ヨネックス	373	373	368	368	8
7907	日防腐	450	450	450	450	5
7908	きもと	520	520	520	520	1
7909	シーアイ化	339	340	339	340	12
7910	段谷産業	62	88	56	75	612
7911	凸版	963	970	944	961	996
7912	大日印	1584	1604	1571	1585	1165
7913	図書印	209	217	209	212	19
7914	共同印	323	328	312	319	50
7915	日写印	576	600	576	599	43
7916	光村印	350	350	337	337	5
7917	藤森工業	770	770	770	770	1
7918	ヴィアＨＤ	0	0	0	0	0
7919	野崎紙	255	255	255	255	1
7920	三浦印	402	402	402	402	2
7921	宝印刷	995	1010	995	1010	11.5
7922	三光産業	0	0	0	0	0
7923	トーイン	309	309	309	309	3.5
7925	前沢化成	1041	1041	1011	1011	7.1
7926	ベルテクノ	0	0	0	0	0
7927	ムトー精工	980	1000	980	1000	5
7928	旭化学	444	444	444	444	2
7929	新輝合成	0	0	0	0	0
7931	未来工業	1195	1195	1170	1190	27.1
7932	ニッピ	0	0	0	0	0
7933	ファイリング	0	0	0	0	0
7934	メルクス	60	65	58	65	10
7935	コンビ	495	495	490	495	6
7936	アシックス	102	105	102	104	159
7937	ツツミ	1850	1853	1811	1846	9.7
7938	リーガル	128	128	128	128	1
7939	研創	280	280	280	280	1
7940	ウェーブＨＤ	250	250	250	250	4
7942	ＪＳＰ	0	0	0	0	0
7943	ニチハ	690	700	690	690	8
7944	ローランド	1846	2000	1846	2000	5.5
7945	コマニー	0	0	0	0	0
7946	光陽社	210	210	200	200	7
7947	エフピコ	3110	3240	3100	3240	17
7948	ＡＷ・エモト	101	101	101	101	5
7949	小松ウオール	920	950	920	939	17
7950	日デコラ	0	0	0	0	0
7951	ヤマハ	1124	1152	1108	1139	649
7952	河合楽	144	147	141	146	31
7953	菊水化	0	0	0	0	0
7954	ジャレコ	902	999	902	999	126
7955	クリナップ	495	495	485	495	37
7956	ピジョン	800	815	800	814	7.6
7957	フジコピアン	123	136	123	136	3
7958	天馬	988	988	971	974	47
7959	オリバー	1050	1050	1050	1050	4
7960	パラマウント	3770	3880	3710	3830	28.7
7961	兼松日産農	154	161	154	161	2
7962	キングジム	575	575	575	575	2
7963	興研	0	0	0	0	0
7964	セガ	1181	1290	1120	1170	2582.4
7965	象印	467	468	467	468	2
7966	リンテック	1200	1205	1181	1200	176
7967	バンダイ	4460	4500	4430	4450	232.6
7968	田崎真珠	420	426	418	418	10
7969	タカラ	434	440	429	429	33
7970	信越ポリ	669	669	640	660	58
7971	東リ	202	205	200	201	20
7972	イトーキ	301	324	301	320	68
7973	ホウトク	0	0	0	0	0
7974	任天堂	15990	16650	15990	16500	452.8
7975	リヒトラブ	220	220	220	220	1
7976	菱鉛筆	839	840	809	840	9
7977	フランスベッド	339	347	339	345	48
7979	松風	0	0	0	0	0
7980	重松製	0	0	0	0	0
7981	タカラスタ	434	443	434	439	158
7983	ミロク	0	0	0	0	0
7984	コクヨ	1559	1632	1559	1605	44
7985	ネポン	0	0	0	0	0
7986	キング工	115	124	115	124	8
7987	ナカバヤシ	272	284	271	280	31
7988	ニフコ	1110	1135	1110	1127	139
7989	ブラインド	748	748	660	691	18.9
7990	ダイワ精	122	128	122	123	28
7991	マミヤＯＰ	230	230	222	225	22
7992	セーラー	520	560	511	560	199
7993	サンウエブ	188	190	180	183	22
7994	岡村製	472	485	471	478	443
7995	バルカー	162	163	158	158	76
7996	パイロット	461	470	461	470	7
7997	くろ工	200	209	198	209	7
7999	武藤工	280	285	270	280	76
8000	カイゲン	0	0	0	0	0
8001	伊藤忠	505	520	505	515	7788
8002	丸紅	258	267	256	265	4997
8003	トーメン	116	126	116	125	1060
8004	ニチメン	121	126	118	125	4261
8005	ムトウ	605	618	604	618	16
8006	ユアサフナ	164	169	164	169	19
8007	高島	112	119	112	119	62
8008	アスティ	0	0	0	0	0
8010	新興産業	110	110	109	109	10
8011	三陽商	292	312	292	305	91
8012	長瀬産	516	545	508	520	237
8013	ナイガイ	80	85	80	85	59
8014	蝶理	109	114	109	114	137
8015	豊田通商	380	385	380	380	79
8016	オンワード	760	820	760	802	374
8017	阪急共栄物産	0	0	0	0	0
8018	三共興	267	272	265	272	15
8019	市田	53	54	51	54	217
8020	兼松	123	135	123	131	1477
8021	レナウン	99	107	99	106	1137
8022	ミズノ	316	321	315	320	133
8023	大興電子	0	0	0	0	0
8024	シルバーＯＸ	415	434	415	434	13
8025	ツカモトＣ	136	137	135	137	11
8027	ルシアン	87	87	82	85	41
8028	ファミリーＭ	2970	3200	2900	3190	276.1
8029	ルック	238	238	223	238	15
8030	中央魚	184	184	184	184	1
8031	三井物	688	710	680	696	4474
8032	紙パ商	355	356	353	353	49
8033	ジーネット	136	136	136	136	16
8035	東エレク	7600	7720	7510	7650	1035.7
8036	日立ハイテク	1261	1330	1261	1330	68
8037	カメイ	505	511	505	507	8
8038	東都水	281	295	281	290	85
8039	築地魚	0	0	0	0	0
8040	東ソワール	206	206	205	205	9
8041	魚市場	285	286	285	285	8
8042	マタイ	230	235	225	235	53
8043	スターゼン	181	189	181	185	74
8044	大都魚	136	137	136	137	5
8045	浜丸魚	385	385	385	385	3
8046	丸藤パ	139	139	134	134	5
8047	デジ・ネット	0	0	0	0	0
8048	シャディ	1620	1630	1570	1570	19.9
8050	セイコー	442	462	440	459	69
8051	山善	208	218	208	212	88
8052	椿本興	181	185	180	185	31
8053	住友商	877	892	866	877	1544
8056	ユニシス	1420	1470	1400	1425	189.6
8057	内田洋	720	735	720	722	141
8058	三菱商	828	862	827	845	2489
8059	第一実	225	230	223	225	104
8060	キヤノン販	1509	1512	1480	1485	126
8061	西華産	158	165	157	164	90
8063	日商岩井	108	139	108	138	35817
8064	金商	115	120	115	120	15
8065	佐藤商	385	399	385	399	4
8066	三谷商	465	465	465	465	1
8067	トミヤアパ	263	263	260	260	2
8068	菱洋エレク	1352	1399	1347	1388	88
8070	東京産	289	299	281	299	23.5
8071	東海物産	358	358	358	358	1
8072	出版貿	0	0	0	0	0
8073	Ｔ・ＺＯＮＥ	269	269	235	243	51
8074	ユアサ商	124	130	124	128	113
8075	神鋼商	150	155	150	151	27
8076	カノークス	0	0	0	0	0
8077	小林産	0	0	0	0	0
8078	阪和興	110	114	103	110	569
8079	正栄食	471	471	471	471	2
8080	ジョイス	1010	1010	1010	1010	0.1
8081	カナデン	443	449	436	441	17
8083	サンテレ	251	259	251	254	19
8084	菱電商	340	344	337	337	35
8085	ナラサキ産業	200	210	193	198	94
8086	ニプロ	855	860	854	857	59
8087	フルサト	0	0	0	0	0
8088	岩谷産	237	243	235	237	930
8089	ナイス	248	269	246	269	1142
8090	昭光通商	140	145	140	144	92
8091	ニチモウ	128	129	126	129	10
8092	富士通シス	1730	1799	1720	1774	15.2
8093	極東貿易	511	525	509	525	65
8095	イワキ	201	203	201	203	9
8096	兼松エレク	485	493	484	488	7
8097	三愛石	314	320	307	310	62
8098	稲畑産	616	649	613	636	106
8100	藤井	1	1	1	1	497
8101	ＧＳＩクレ	102	110	102	110	92
8103	明和産	96	96	90	96	25
8105	丸正	0	0	0	0	0
8107	キムラタン	45	46	44	46	56
8109	山洋工	66	72	66	72	13
8110	川鉄商事	120	125	117	125	71
8111	ゴルドウイン	118	130	118	130	34
8112	東スタイル	1010	1064	1009	1057	698
8113	ユニチャーム	4810	4830	4660	4750	318.3
8114	デサント	210	214	210	214	16
8115	ムーンバット	105	105	105	105	3
8116	ダーバン	173	185	168	171	94
8117	中央自	245	245	245	245	1
8118	キング	137	142	136	141	30
8119	三栄コ	300	300	290	300	11
8120	大木	0	0	0	0	0
8123	川辺	100	100	100	100	1
8125	ワキタ	260	261	260	261	5
8126	三光純薬	310	315	310	315	11
8127	ヤマトインタ	111	118	104	118	7
8128	エフワン	50	52	50	52	12
8129	東邦薬	0	0	0	0	0
8130	サンゲツ	1380	1400	1380	1390	91
8131	ミツウロコ	610	615	610	614	16
8132	シナネン	370	375	365	375	42
8133	伊藤忠エネ	395	413	395	413	87
8134	ＴＯＫＡＩ	699	737	692	720	85
8135	ゼット	0	0	0	0	0
8136	サンリオ	1590	1620	1590	1612	215.8
8137	サンワテク	665	690	665	680	6
8138	三京化	185	185	185	185	3
8139	ナガホリ	235	235	235	235	1
8140	リョーサン	1989	2045	1989	2025	80
8141	新光商	756	770	756	770	13
8142	トーホー	880	887	878	880	34
8143	ラピーヌ	80	80	70	75	44
8144	電響社	375	380	375	380	11
8145	中部水産	238	238	235	236	30
8146	小杉産	120	120	115	118	5
8147	トミタ	230	230	230	230	3
8148	上原成	262	280	262	270	7
8150	三信電	660	689	660	689	23
8151	東陽テク	3150	3220	3100	3100	114
8152	ソマール	231	238	231	238	53
8153	モスフード	930	930	922	922	21
8154	加賀電子	1329	1390	1329	1389	75
8155	三益半導	1360	1398	1360	1380	10.6
8156	ガステック	411	411	411	411	6
8157	都築電	439	440	430	430	7
8158	ソーダニッカ	185	190	184	190	11
8159	立花エレ	0	0	0	0	0
8160	木曽路	1160	1170	1160	1170	1.5
8161	エイデン	679	700	679	699	14
8163	サトＲＳ	670	680	670	680	10
8164	キャビン	100	104	97	99	37
8165	千趣会	555	555	548	548	44
8166	タカキュー	93	97	93	97	32.5
8167	丸久	175	175	175	175	1
8168	ケーヨー	502	510	490	490	38
8169	宝船	0	0	0	0	0
8170	アデランス	3820	3990	3820	3900	57.7
8171	ＭＶ中部	0	0	0	0	0
8172	第一家庭電器	48	48	45	45	824
8173	上新電	0	0	0	0	0
8174	日ガス	650	660	650	660	11
8175	ベスト電	605	639	605	628	37
8176	西洋フードシス	323	335	323	335	26
8178	マルエツ	310	320	310	320	44
8179	ロイヤルＨＤ	945	950	930	946	37
8180	すかいらく	3000	3100	2970	2975	193
8181	東天紅	320	325	319	325	25
8182	いなげや	603	620	598	608	13
8183	セブン−イレブン	8050	8350	8030	8200	1045
8184	島忠	1471	1590	1471	1540	78.1
8185	チヨダ	485	522	482	501	5.5
8186	大塚家具	6890	7100	6790	7080	36.1
8188	ヨークベニ	2500	2565	2495	2520	40.1
8189	マツヤデンキ	208	219	206	219	29
8190	ヤマナカ	0	0	0	0	0
8191	光製作	0	0	0	0	0
8192	中川無線	76	84	76	83	16
8193	鈴丹	100	104	95	100	77
8194	ライフコーポ	663	680	663	680	8
8195	デニーズジャパン	1852	1879	1831	1850	13
8196	カスミ	425	445	419	443	37
8197	東急ストア	320	328	320	325	32
8199	デオデオ	650	680	650	663	87.6
8200	リンガハット	1195	1195	1170	1195	8.1
8201	さが美	349	350	345	345	16
8202	ラオックス	435	435	425	425	45
8203	ＭｒＭａｘ	331	355	331	350	53.3
8204	ジョナサン	1490	1490	1480	1490	22
8205	シャクリー	800	800	800	800	1
8206	アポロイン	74	75	74	75	4
8207	テンアライド	390	394	386	394	6.1
8208	エンチョー	0	0	0	0	0
8209	フレンドリ	0	0	0	0	0
8210	フットワーク	139	154	136	140	57
8211	相鉄ローゼ	520	520	519	520	12
8212	オーク	109	110	108	110	7
8213	トステムビバ	367	369	366	369	14
8214	アオキインタ	318	320	313	320	134.8
8215	銀座山形屋	200	200	195	200	363
8216	フォルクス	505	510	505	510	4
8217	オークワ	943	943	940	940	3
8218	コメリ	2450	2470	2410	2460	33.4
8219	青山商	800	801	780	784	198.5
8225	タカチホ	119	119	119	119	1
8226	理経	355	355	350	350	4
8227	しまむら	8250	8300	8100	8250	48.9
8228	マルイチ	0	0	0	0	0
8229	ＣＦＳコーポ	870	880	869	880	5
8230	はせがわ	703	710	690	700	60
8231	三越	449	466	447	463	2165
8232	東急百貨店	80	86	78	82	369
8233	高島屋	769	799	769	799	471
8234	大丸	299	312	299	308	434
8235	松坂屋	265	267	255	255	71
8236	丸善	294	322	294	318	2700
8237	松屋	350	350	330	350	40
8238	伊勢丹	1017	1025	1000	1007	626
8239	横浜松坂屋	90	90	89	89	11
8240	サッポロライオン	630	630	630	630	2
8241	阪神百貨店	420	420	410	417	7
8242	阪急百	445	474	445	465	70
8244	近鉄百貨店	128	130	128	130	11
8245	丸栄	269	269	264	269	8
8247	大和	0	0	0	0	0
8248	ニッセン	260	269	256	256	30.2
8249	東洋物	629	630	629	630	4
8250	小松ストアー	0	0	0	0	0
8251	パルコ	312	316	310	316	52
8252	丸井	1508	1577	1498	1553	1086
8253	クレセゾン	2330	2335	2300	2300	274.8
8254	さいか屋	410	410	410	410	6
8255	原信	860	860	860	860	0.4
8256	プロルート	230	230	228	228	2.5
8257	山陽百	3300	3300	3300	3300	0.1
8258	ＯＭＣカード	285	303	283	301	117
8259	十字屋	52	56	50	56	1308
8260	井筒屋	162	173	160	169	546
8261	ｼ鉄百貨店	171	171	170	170	15
8263	ダイエー	225	248	222	240	9563
8264	イトーヨーカ堂	5650	5800	5600	5730	974
8265	壽屋	115	120	115	120	30
8266	イズミヤ	690	700	675	675	33
8267	イオン	2450	2470	2430	2455	769
8268	西友	317	340	315	334	209
8269	マイカル	255	273	254	268	1051
8270	ユニー	1467	1509	1467	1490	251
8273	イズミ	1065	1133	1065	1120	35
8274	東武ストア	170	175	170	175	28
8275	フォーバル	1430	1480	1370	1410	17
8276	平和堂	769	779	736	779	11
8278	フジ	1900	1901	1890	1890	13.3
8279	ヤオコー	1175	1190	1175	1180	4.8
8280	富士冷機	352	365	352	359	16
8281	ゼビオ	2350	2370	2350	2350	24.6
8282	ギガスケーズ	1550	1740	1530	1740	53.1
8283	パルタック	530	530	530	530	1
8285	三谷産業	390	390	390	390	2
8287	ＭＶ西日本	0	0	0	0	0
8289	オリンピック	2100	2100	2045	2090	2.9
8290	デンコードー	693	693	686	686	2
8291	東日カーライフ	195	196	191	191	5
8293	愛トヨ	801	801	800	800	2
8295	キャノンシステム	835	835	800	810	133
8298	ファミリー	0	0	0	0	0
8299	大栄太源	601	601	601	601	4
8301	日銀	0	0	0	0	0
8305	みずほＨ	722000	785000	722000	779000	17.208
8314	さくら銀行	644	690	644	689	10581
8315	東京三菱銀	1200	1283	1200	1279	8837
8318	三井住友銀行	1107	1180	1105	1173	11385
8319	大和銀行	203	230	202	226	2267
8320	三和銀行	798	849	798	849	6921
8321	東海銀行	507	538	504	538	4555
8322	あさひ銀行	381	402	380	397	6963
8324	第四銀	389	395	387	387	85
8325	北越銀	294	310	294	310	46
8326	福岡銀	480	498	480	496	1417
8327	西日本シティ銀	438	443	431	431	88
8331	千葉銀	427	436	427	432	1255
8332	横浜銀	494	520	494	513	1076
8333	常陽銀	370	380	370	379	520
8334	群馬銀	578	580	575	577	119
8335	足利銀行	203	205	202	203	239
8336	武蔵銀	4240	4340	4200	4340	4.9
8337	千葉興	1193	1195	1185	1185	8.9
8338	関東つくば銀	1379	1400	1352	1400	4.6
8339	都民銀	2695	2845	2680	2685	14.5
8341	七十七	707	729	707	727	279
8342	青森銀	495	510	493	493	61
8343	秋田銀	428	437	428	429	90
8344	山形銀	539	540	530	530	70
8345	岩手銀	3990	4100	3990	4080	7.7
8346	東邦銀	407	418	407	418	64
8349	東北銀	218	223	218	218	9
8350	みちのく銀	685	685	675	685	64
8353	北海道銀行	133	133	130	132	105
8355	静岡銀	1010	1050	1001	1041	1013
8356	十六銀	461	469	461	464	84
8357	北陸銀行	235	239	232	235	647
8358	スルガ銀	1109	1175	1100	1170	345
8359	八十二	600	609	598	605	150
8360	山梨銀	365	380	365	380	54
8361	大垣共立	610	625	595	609	115
8362	福井銀	298	298	293	294	62
8363	北国銀	468	469	461	461	87
8364	清水銀	4330	4350	4260	4260	2.2
8365	富山銀	480	480	480	480	1
8366	滋賀銀	487	490	485	485	69
8367	南都銀	398	398	390	390	166
8368	百五銀	444	454	444	454	45
8369	京都銀	465	471	465	469	138
8370	紀陽銀	285	285	281	285	215
8371	近畿大阪銀	0	0	0	0	0
8372	泉州銀	231	231	231	231	11
8374	三重銀	488	500	488	490	28
8375	池田銀	5700	5750	5600	5600	5
8379	広島銀	400	400	395	395	274
8380	山口銀	678	696	678	688	97
8381	山陰合銀	509	525	509	511	114
8382	中国銀	781	820	781	820	117
8383	鳥取銀	370	370	361	361	57
8385	伊予銀	633	650	630	630	67
8386	百十四	628	631	615	615	67
8387	四国銀	619	630	618	619	115
8388	阿波銀	509	515	508	515	98
8390	鹿児銀	475	485	468	485	59
8391	親和銀行	350	350	347	347	56
8392	大分銀	608	627	608	627	77
8393	宮崎銀	399	400	395	400	72
8394	肥後銀	432	433	428	428	114
8395	佐賀銀	385	385	378	378	45
8396	十八銀	395	403	395	400	98
8397	沖縄銀	2255	2270	2235	2235	4.2
8399	琉球銀	1530	1550	1502	1550	10.3
8402	三菱信託	810	877	810	868	3789
8403	住友信	752	835	752	820	2159
8404	みずほ信託銀	100	106	98	104	2763
8405	日本信託	161	176	161	172	199
8407	東洋信託	360	389	360	385	1978
8408	中央三井信	345	369	345	367	537
8489	アプレック	0	0	0	0	0
8493	インター	860	860	845	845	2.8
8507	学研クレジット	0	0	0	0	0
8508	イッコー	475	480	475	480	3
8511	日証金	402	422	402	420	318
8512	大証金	212	225	212	220	26
8513	中証金	0	0	0	0	0
8515	アイフル	9000	9380	8940	9340	118.25
8518	アジア投資	375	375	355	356	315
8519	ポケットＣ	1850	1900	1850	1899	38
8520	殖産銀行	430	430	430	430	10
8521	長野銀	470	488	470	488	28
8522	名古屋銀	576	596	572	585	70
8524	北洋銀行	713	750	713	744	58
8527	愛知銀	7800	7900	7710	7830	5.4
8528	岐阜銀	185	185	180	180	45
8529	第三銀	465	475	460	460	60
8530	中京銀	438	449	435	449	25
8533	広島総合銀行	407	410	402	410	90
8536	東日銀	613	613	586	586	80
8537	大光銀	300	300	300	300	11
8539	福岡シティ銀	450	460	449	459	50
8541	愛媛銀	472	472	467	467	45
8542	トマト銀	361	366	361	366	4
8543	みなと銀	273	276	271	274	74
8544	京葉銀	316	320	312	312	108
8545	関西アーバン	123	128	123	128	24
8548	九州銀行	309	315	309	315	34
8549	せとうち銀行	398	398	398	398	1
8550	栃木銀	680	690	679	680	24
8551	北日銀	5750	5750	5700	5750	4.3
8552	びわこ銀	255	255	250	250	13
8556	香川銀	602	603	599	599	27
8558	東和銀	424	424	407	420	52
8561	徳島銀	704	705	695	695	73
8562	福島銀	327	328	322	323	21
8563	大東銀	328	328	324	326	43
8564	武富士	6480	7460	6310	7200	628.5
8565	三洋クレ	4520	4600	4520	4520	19
8566	リコーリース	2100	2115	2040	2050	36.5
8567	クレディア	1700	1725	1675	1725	4.9
8568	シンキ	946	998	926	996	25
8569	ユニココーポ	0	0	0	0	0
8570	イオンクレ	6000	6300	5970	6060	23.3
8571	ニッシン	4000	4050	3950	3950	20.5
8572	アコム	8290	8440	8280	8280	113.6
8573	三洋信販	3040	3200	2955	3180	87.4
8574	プロミス	8100	8200	7940	8050	270.8
8577	ロプロ	606	620	590	612	198
8579	東京リース	0	0	0	0	0
8580	ファーストクレジット	151	159	151	155	96
8583	日信販	152	156	152	154	870
8584	ジャックス	313	332	313	332	71
8585	オリコ	165	178	158	176	1922
8586	日立キャピ	2405	2485	2400	2405	155.4
8588	セントラル	330	350	327	340	32
8589	アプラス	87	90	87	90	84
8591	オリックス	10290	11000	10290	10800	165.7
8592	住商リース	1100	1144	1080	1127	60
8593	ダイヤリース	1190	1240	1189	1240	13
8595	ジャフコ	11400	11500	10800	10900	530.2
8597	ＳＦＣＧ	12100	12500	12000	12410	17.88
8599	ＵＦＪセント	0	0	0	0	0
8601	大和証Ｇ	1125	1228	1125	1222	3891
8603	日興コーデ	829	882	829	870	6612
8604	野村ＨＤ	2340	2440	2330	2420	6190
8606	新光	362	390	362	383	1212
8607	みずほイン証	157	167	156	163	582
8609	岡三ＨＤ	560	595	560	575	114
8610	さくらフレンド	210	222	209	215	150
8611	コスモ証	157	174	157	170	180
8613	丸三	489	513	489	504	143
8614	東洋	254	263	250	263	87
8615	三菱証	920	1018	920	981	433
8616	東海東京	273	290	272	285	431
8617	光世	186	200	186	198	83
8621	ＵＦＪつばさ証券	382	405	382	400	237
8622	水戸	265	270	265	270	21
8623	ＳＭＢＣ証	218	230	216	230	51
8624	いちよし証	408	449	408	448	83
8625	高木	325	338	325	338	13
8626	マネックス	53000	56000	53000	56000	0.614
8627	イー・トレード	458000	470000	452000	470000	0.062
8691	証券代	0	0	0	0	0
8692	だいこう	400	402	400	402	3
8740	フジトミ	0	0	0	0	0
8742	小林洋行	1098	1098	1098	1098	2.7
8743	ひまわり証	0	0	0	0	0
8744	日本ユニコム	0	0	0	0	0
8745	グローバリー	0	0	0	0	0
8746	第一商品	230	230	223	230	14
8747	豊商事	495	500	490	500	12
8748	岡藤商事	0	0	0	0	0
8749	エース交易	200	200	199	200	17
8751	東京海上火災	1230	1270	1230	1263	3014
8752	三井住友海上	641	650	632	644	2431
8753	住友海上火災	751	753	740	741	2067
8754	日本興亜	400	416	396	407	860
8755	損害保険Ｊ	593	597	590	594	1932
8756	日産火災海上	343	344	338	338	82
8757	日新火	228	234	228	229	76
8758	千代田火災	291	310	291	310	185
8759	ニッセイ同和	253	268	253	261	151
8760	日動火災海上	549	553	547	551	268
8761	あいおい損保	323	336	318	335	355
8762	興亜火災	395	415	394	405	725
8763	富士火	198	203	197	198	287
8764	太陽火災	0	0	0	0	0
8765	大成火災海上	280	285	280	280	72
8801	三井不	1275	1298	1270	1270	1609
8802	菱地所	1254	1295	1253	1271	5132
8803	平和不	284	290	282	282	394
8804	東建物	210	219	209	218	489
8805	中央地	91	100	91	95	25
8806	ダイビル	863	908	863	889	42
8809	サンケビル	376	384	370	375	14
8810	港振興	920	920	920	920	0.1
8815	東急不	112	119	112	116	902
8817	阪急不動産	350	354	350	354	16
8818	京阪神不	305	306	305	306	6
8821	立飛企	1880	2080	1880	2080	4
8829	大和団地	205	220	205	219	125
8830	住友不	605	630	604	628	2825
8832	小田急不	199	210	199	210	8
8833	東宝不	379	384	371	384	19
8834	藤和不	54	62	53	62	620
8835	太平発	123	123	118	120	168
8836	ヒューネット	900	915	870	870	782
8838	有楽地	166	166	156	164	35
8839	ニチモ	75	80	73	80	69
8840	大京	182	193	179	192	470
8841	テーオーシー	680	709	680	708	14
8842	楽天地	348	354	347	348	15
8844	リクコスモス	426	430	420	420	23
8845	セザール	204	219	204	218	55
8846	積和不動産	405	405	403	403	6
8848	レオパレス	236	245	235	241	79
8850	スターツ	0	0	0	0	0
8851	アバンライフ	0	0	0	0	0
8852	積和不動関西	325	325	318	318	2
8853	ダイヤシティ	0	0	0	0	0
8854	日住	238	238	235	235	3
8855	全日空ビル	129	129	129	129	3
8857	三井不動販売	541	564	541	554	26
8858	ダイア建	188	188	185	188	25
8860	フジ住	455	460	455	460	13
8863	積和不動中部	400	402	400	402	17
8864	空港施設	389	395	389	390	16
8865	神鋼興産	230	230	230	230	1
8866	コマーシャル	260	260	254	255	4
8867	横浜地下街	0	0	0	0	0
8868	ＵＲＢＡＮ	1800	1870	1750	1850	16.5
8869	明和地所	2115	2195	2105	2185	31.4
8870	住不販売	3800	3950	3800	3900	26
8871	ゴールドクレ	7420	8100	7420	7980	48.1
8872	エイブル	880	905	880	905	61
8873	積和不動中国	358	358	350	350	2
8874	ジョイント	2500	2580	2500	2500	9.8
8875	東栄住宅	1410	1410	1380	1410	9.7
8876	リロＨＤ	6400	6480	6400	6450	18.2
8877	エスリード	800	820	790	820	6.8
8878	日綜地所	1180	1180	1130	1150	39
8879	東急リバブル	650	650	649	649	7.5
8880	飯田産業	0	0	0	0	0
8881	日神不動産	1210	1210	1190	1190	3.9
8882	ゼファー	2700000	2700000	2600000	2600000	0.009
8884	ディックス	490	490	490	490	1
9001	東武	323	328	320	323	582
9002	西武鉄道	1488	1527	1456	1526	86
9003	相鉄	288	288	284	284	240
9004	箱根登山鉄道	270	275	270	275	5
9005	東急	594	600	587	597	1131
9006	京急	449	458	449	451	544
9007	小田急	410	410	405	405	850
9008	京王	468	473	466	470	520
9009	京成	265	274	263	270	505
9010	富士急	360	390	360	390	23
9012	秩父鉄	160	160	160	160	4
9013	伊豆箱根鉄道	13600	13600	13600	13600	0.1
9014	新京成	259	267	259	267	7
9017	新潟交	0	0	0	0	0
9019	伊豆急行	2050	2050	2050	2050	0.5
9020	ＪＲ東日本	640000	652000	640000	644000	8.857
9021	ＪＲ西日本	495000	501000	493000	496000	4.376
9022	ＪＲ東海	720000	738000	717000	734000	3.835
9031	西鉄	278	280	277	277	96
9033	広電鉄	1185	1200	1185	1200	4
9036	東部ネット	0	0	0	0	0
9037	ハマキョウ	1270	1270	1270	1270	1
9038	東海西濃	0	0	0	0	0
9039	サカイ引越	1880	1900	1880	1900	1.7
9040	大宝運輸	269	290	269	290	20
9041	近鉄	468	470	463	463	836
9042	阪急ＨＤ	365	376	364	365	816
9043	阪神	293	295	289	289	294
9044	南海電	359	359	356	356	23
9045	京阪電	345	348	343	343	76
9046	神電鉄	427	427	427	427	2
9047	名糖運輸	1114	1130	1040	1100	13.2
9048	名鉄	301	303	300	300	334
9049	京福電	170	170	170	170	5
9050	三重交	333	333	333	333	1
9051	センコン物流	0	0	0	0	0
9052	山陽電	255	255	255	255	1
9053	中央運輸	0	0	0	0	0
9054	大和物流	0	0	0	0	0
9055	アルプス物流	580	580	560	565	8
9056	ヒューテック	0	0	0	0	0
9057	遠州トラック	600	630	600	630	3
9058	トランコム	445	445	435	435	2
9059	カンダ	252	252	252	252	1
9060	日ロジテム	0	0	0	0	0
9061	富士物流	181	181	181	181	5
9062	日通	695	710	690	704	3632
9063	岡県運送	0	0	0	0	0
9064	ヤマト運	2165	2210	2125	2150	1037
9065	山九	95	99	95	96	428
9066	日新	188	195	188	192	42
9067	丸運	195	245	195	244	15
9068	丸全運	210	212	205	206	112
9069	センコー	197	206	197	206	62
9070	トナミ	209	219	209	213	82
9072	日梱包	710	727	680	725	40
9073	京極運	0	0	0	0	0
9074	日石輸	188	188	178	182	27
9075	福山運	515	517	503	503	425
9076	西濃運	504	524	504	520	86
9077	名鉄運	0	0	0	0	0
9078	エスライン	0	0	0	0	0
9079	東急ロジ	0	0	0	0	0
9080	関東西濃	1700	1700	1700	1700	3
9081	神奈交	515	520	502	520	18
9082	大和自	225	225	225	225	1
9083	神姫バ	0	0	0	0	0
9086	日立物流	556	569	556	556	59
9087	タカセ	220	220	220	220	2
9088	濃飛西濃	0	0	0	0	0
9089	ロジパル	400	400	395	395	8
9101	郵船	465	471	457	466	5588
9104	商船三井	228	233	227	229	3279
9107	川崎汽	181	194	180	190	3259
9110	新和海	73	76	72	76	137
9113	乾汽船	66	66	61	65	36
9114	日之出汽船	47	47	46	46	6
9115	明治海	167	173	167	173	5
9119	飯野海	153	163	151	161	488
9123	太平海	53	53	51	53	49
9127	玉井船	39	42	39	42	11
9130	共栄タ	106	110	106	110	3
9132	第一汽	50	52	49	51	257
9133	東栄リーファ	0	0	0	0	0
9151	東京船舶	86	86	86	86	2
9152	関西汽	43	44	41	44	106
9171	栗林船	200	200	200	200	1
9173	東海汽	0	0	0	0	0
9174	ワンダーＴ	208	210	202	210	6
9176	佐渡汽	0	0	0	0	0
9178	日鉄物流	400	400	400	400	3
9179	川崎近海	168	169	168	169	4
9180	新和内航	0	0	0	0	0
9193	東京汽	0	0	0	0	0
9201	日本航空	484	494	483	487	3347
9202	ＡＮＡ	361	370	361	365	4922
9203	日本エアシス	3800	3800	3760	3780	0.6
9204	スカイマーク	137000	137000	129000	130000	0.044
9231	国際航	523	543	520	536	19
9232	パスコ	430	440	420	440	55
9233	アジア航	330	330	330	330	6
9301	三菱倉	1040	1070	1035	1050	445
9302	三井倉	219	242	219	237	1900
9303	住友倉	282	293	281	291	356
9304	渋沢倉	252	256	247	252	40
9305	ヤマタネ	120	125	120	120	90
9306	東陽倉	193	200	193	193	12
9307	杉村倉	421	421	421	421	1
9308	イヌイ建	392	392	392	392	1
9309	京神倉庫	300	300	300	300	1
9310	トランシティ	192	196	192	195	27
9311	アサガミ	0	0	0	0	0
9312	ケイヒン	143	147	143	147	21
9313	丸八倉	0	0	0	0	0
9314	品川倉	0	0	0	0	0
9317	オーナミ	120	120	120	120	4
9318	Ｊブリッジ	229	229	210	210	71
9319	中央倉	505	505	505	505	1
9320	三和倉	148	148	148	148	3
9321	アイロジステ	155	155	155	155	1
9322	川西倉	0	0	0	0	0
9323	ロジステック	0	0	0	0	0
9324	安田倉	345	355	345	355	8
9351	洋埠頭	140	142	138	138	55
9353	桜島埠	0	0	0	0	0
9355	リンコー	0	0	0	0	0
9357	名港海	0	0	0	0	0
9358	宇徳運	132	142	132	141	7
9359	伊勢湾	0	0	0	0	0
9360	鈴与シンワ	170	170	170	170	5
9361	伏木運	0	0	0	0	0
9362	兵機海	0	0	0	0	0
9363	大運	53	56	53	56	12
9364	上組	523	530	520	520	294
9365	トレーディア	0	0	0	0	0
9366	サンリツ	650	650	630	630	12.5
9367	大東港運	95	95	95	95	1
9368	キムラユニテ	0	0	0	0	0
9369	キユソ流通	0	0	0	0	0
9370	郵船航空	1920	1920	1850	1900	4
9373	ニッコウトラ	1400	1400	1360	1400	11
9374	軽貨急配	861	861	852	852	7
9375	近鉄エクス	1300	1300	1260	1290	7
9401	ＴＢＳ	4000	4080	3950	3980	399
9402	ＣＢＣ	910	910	910	910	6.4
9404	日テレ	50700	52500	50700	51600	41.9
9405	朝日放	8590	8620	8500	8500	2.2
9408	新潟放	0	0	0	0	0
9409	テレビ朝日	352000	364000	352000	355000	0.458
9432	ＮＴＴ	935000	956000	925000	941000	15.837
9433	ＫＤＤＩ	520000	622000	517000	594000	18.835
9434	ボーダフォン	1820000	1980000	1810000	1960000	0.753
9435	光通信	2350	2510	2350	2470	73.7
9436	沖縄セルラー	245000	262000	240000	260000	0.032
9437	ＮＴＴドコモ	2790000	2920000	2770000	2850000	12.112
9438	ＭＴＩ	320000	325000	310000	317000	0.208
9439	ビーアイジー	345000	350000	345000	350000	0.004
9441	ベルパーク	899000	950000	890000	950000	0.019
9442	ＪＳＡＴ	885000	896000	871000	878000	0.322
9443	インテックコミュ	680	680	680	680	1
9444	トーシン	260000	261000	236000	240000	0.016
9445	フォバルテレ	245000	245000	211000	215000	0.111
9449	ＧＭＯインター	1300	1380	1290	1380	46
9470	学研	154	156	151	155	256
9471	文渓堂	0	0	0	0	0
9472	エスコム	290	310	290	310	180
9473	アスキー	670	680	650	652	30
9474	ゼンリン	2050	2055	1980	2020	8.1
9475	昭文社	1300	1399	1300	1380	43.2
9476	中央経済	355	355	355	355	1
9477	角川ＨＤ	2490	2550	2430	2520	18.6
9478	翔泳社	0	0	0	0	0
9479	インプレスＨＤ	440000	477000	440000	469000	0.182
9501	東電	2620	2675	2615	2640	1712.9
9502	中部電	1900	1930	1895	1920	596.6
9503	関西電	1840	1864	1828	1854	453.3
9504	中国電	1610	1633	1609	1610	179.9
9505	北陸電	1490	1515	1490	1505	62.8
9506	東北電	1439	1500	1430	1461	562.8
9507	四国電	1478	1489	1450	1470	118.3
9508	九州電	1672	1699	1650	1650	405.7
9509	北海電	1450	1463	1443	1448	92.7
9511	沖縄電	1830	1830	1825	1825	6.3
9531	東ガス	312	317	312	316	11924
9532	大ガス	299	308	299	303	5090
9533	邦ガス	205	210	205	206	138
9534	北ガス	194	194	193	193	23
9535	広ガス	258	258	258	258	1
9536	西部ガス	154	155	152	153	122
9537	北陸ガ	318	318	318	318	2
9539	葉ガス	0	0	0	0	0
9540	中ガス	0	0	0	0	0
9541	大多喜ガス	345	345	326	326	3
9542	新日ガス	0	0	0	0	0
9600	アイネット	550	550	530	540	3
9601	松竹	490	513	485	505	39
9602	東宝	14710	15000	14710	14820	21.6
9603	ＨＩＳ	1750	1750	1680	1700	70.8
9604	際放映	0	0	0	0	0
9605	東映	486	498	476	481	515
9607	葵プロ	1149	1200	1130	1195	33
9608	福山コンサル	0	0	0	0	0
9609	ベンチャーリ	6500	6500	6280	6300	51.3
9610	ウィルソン	2700	2700	2700	2700	0.1
9611	Ｄワンダー	710	710	710	710	1
9612	ラックランド	2620	2620	2620	2620	0.2
9613	ＮＴＴデータ	855000	871000	853000	865000	5.477
9614	ベルシス24	40000	40700	40000	40400	5.4
9615	東京美装	402	402	392	392	26
9616	共立メンテ	1965	1965	1880	1880	0.6
9618	エームサービス	1080	1080	1080	1080	2
9619	イチネン	0	0	0	0	0
9620	スクウェア	3110	3360	3020	3300	86.8
9621	建設技研	560	590	560	590	7.6
9622	スペース	428	428	418	420	1.5
9623	キヤノンソフ	620	620	620	620	1
9624	長大	400	400	400	400	0.5
9625	セレスポ	150	155	150	153	9
9626	日本技開	186	186	186	186	6
9627	アインファマ	1000	1000	1000	1000	1
9628	燦ＨＤ	4770	4770	4650	4650	0.4
9629	ＰＣＡ	1600	1600	1600	1600	3.5
9630	アップ	325	325	325	325	1
9631	東急レク	609	615	608	615	17
9632	スバル	348	348	346	346	8
9633	テアトル	170	172	169	171	19
9634	修学社	699	699	699	699	2
9635	武蔵野	480	480	480	480	2
9636	きんえい	0	0	0	0	0
9637	オーエス	0	0	0	0	0
9638	情報技術	600	605	600	605	10
9639	三協フロンテ	290	290	290	290	2
9640	セゾン情報	684	684	684	684	2
9641	サコス	0	0	0	0	0
9642	コマスタ	0	0	0	0	0
9643	中日興	0	0	0	0	0
9644	タナベ経営	287	287	287	287	1
9645	ダイヤモンドコン	1020	1020	995	1010	25.9
9646	タイトー	72000	72700	71100	71200	0.163
9647	協和コンサル	0	0	0	0	0
9648	ウエスコ	255	255	246	246	1.2
9649	明電エンジニア	577	592	557	592	14.7
9650	テクモ	940	970	940	960	9.9
9651	日本プロセス	475	475	465	465	10
9652	日本医療	1660	1660	1630	1640	16.9
9653	ＳＢＩパートナ	0	0	0	0	0
9654	コーエー	3560	3700	3550	3650	31.7
9656	三井ランド	419	419	419	419	0.3
9657	コムテック	0	0	0	0	0
9658	ビジ太田昭	470	470	455	455	6
9660	ＣＲＣソリュ	0	0	0	0	0
9661	歌舞伎	3800	3800	3800	3800	3
9663	ナガワ	550	570	530	530	83
9664	御園座	910	910	910	910	1
9665	吉本興	960	994	960	984	31
9667	ホリプロ	719	719	719	719	2
9668	相鉄企業	420	420	420	420	1
9669	オークネット	3450	3590	3440	3590	5.9
9671	よみランド	380	385	376	385	19
9672	東競馬	111	118	111	117	177
9673	甲子園土地	0	0	0	0	0
9674	花月園	0	0	0	0	0
9675	常磐興	145	145	142	145	42
9676	松戸公産	405	405	405	405	6
9677	日本ジャンボ	530	530	530	530	0.2
9678	カナモト	572	572	550	550	48
9679	ホウライ	380	380	380	380	2
9680	共成レンテム	471	480	470	470	4
9681	東京ドーム	436	440	435	435	257
9682	ＤＴＳ	6490	6700	6410	6560	48.6
9684	スク・エニ	3550	3700	3550	3650	22.7
9685	共同コンＨＤ	260	260	260	260	1
9686	東洋テック	0	0	0	0	0
9687	ＫＳＫ	0	0	0	0	0
9689	グリンハウス	0	0	0	0	0
9691	両毛システム	0	0	0	0	0
9692	シーイーシー	1423	1470	1423	1469	44.5
9694	日立ソフト	11210	11520	11210	11450	99.6
9695	鴨川グランド	0	0	0	0	0
9696	ウィザス	320	325	310	310	20
9697	カプコン	4030	4150	3970	4110	98.3
9698	クレオ	711	711	711	711	1
9699	西尾レント	612	612	605	607	9.1
9700	エスアールエル	900	900	890	896	51
9701	会舘	245	245	240	245	7
9702	アイエスビー	760	780	760	780	5
9703	ジェネラスコーポ	87	92	83	91	93
9704	東海観	75	75	66	74	2889
9706	日本空港ビル	950	998	949	991	192
9707	メデカＪ	930	935	910	912	18
9708	帝ホテル	1530	1530	1530	1530	1
9709	日コンピュタ	568	568	568	568	1
9711	日コンシス	0	0	0	0	0
9712	ファイ	263	299	257	287	58
9713	ロイヤルホ	195	195	194	195	3
9714	ＳＲＡ	1550	1550	1480	1530	19.5
9715	トランスコス	7150	7600	7110	7510	139
9716	乃村工芸社	331	335	331	335	5
9717	ジャステック	3560	3560	3550	3560	4.1
9718	国際観光会館	0	0	0	0	0
9719	住商情報	6600	6880	6600	6740	35.6
9720	グランド	0	0	0	0	0
9722	藤田観	514	519	506	506	26
9724	新阪急ホテル	170	170	170	170	1
9725	東急ホテル	157	158	157	158	25
9726	近ツーリスト	271	280	271	280	28
9727	東急観光	123	124	118	124	8
9728	日本管財	1250	1250	1231	1231	6.5
9729	トーカイ	730	730	730	730	1
9730	ワオコーポ	0	0	0	0	0
9731	白洋舎	350	350	349	350	16
9732	東映ラボ	215	215	205	205	2
9733	ナガセ	0	0	0	0	0
9734	精養軒	625	625	610	610	1.4
9735	セコム	7720	7950	7610	7780	400.5
9736	白青舎	162	162	155	155	16
9737	ＣＳＫ	1940	2080	1920	2010	786
9738	インテック	1552	1600	1551	1585	109
9739	ＮＳＷ	7980	8390	7980	8300	5.4
9740	ＣＳＰ	0	0	0	0	0
9741	日立情報	3940	4080	3910	3910	68.3
9742	アイネス	1350	1380	1343	1350	28.4
9743	丹青社	397	400	385	400	32
9744	メイテック	3950	4020	3950	3950	88
9746	ＴＫＣ	2050	2050	1951	1981	18.1
9747	アサツーＤＫ	2770	2890	2770	2810	76.3
9748	ＮＪＫ	504	504	504	504	1
9749	富士ソフト	7800	7940	7470	7490	246.5
9750	ソラン	1799	1799	1734	1765	30
9751	ＴＩＳ	6130	6380	6080	6380	146
9752	ナムコ	2700	2850	2700	2825	64.1
9753	ＩＸナレッジ	495	500	490	500	3
9755	応用地質	1220	1295	1220	1290	30
9756	ＡＳＫ	530	530	500	520	4
9757	船井研	581	581	580	580	7
9758	ジシステム	450	470	450	460	6
9759	日システムデ	10720	11450	10720	11000	47.9
9760	進学会	350	350	350	350	4
9761	東海リース	167	168	162	162	12
9762	大和リース	310	319	310	318	135
9763	丸紅リ	81	81	75	76	50
9764	技研興	0	0	0	0	0
9765	オオバ	131	134	128	128	24
9766	コナミ	7550	7860	7470	7770	270
9767	日建工学	238	238	238	238	1
9768	国土環境	655	655	655	655	1
9769	学究社	285	285	285	285	1
9776	札臨	0	0	0	0	0
9777	日電計算	1696	1760	1696	1760	6.5
9778	昴	445	445	430	430	3
9779	メフォス	800	800	800	800	1
9780	ビステム	0	0	0	0	0
9781	石川島汎サ	409	409	409	409	7
9782	ＤＭＳ	0	0	0	0	0
9783	ベネッセ	3350	3400	3100	3250	695.6
9784	日工検	1390	1390	1390	1390	0.5
9785	大新東	201	201	201	201	1
9786	キャッツ	3110	3260	3010	3100	449.5
9787	Ｊメンテ	860	860	840	860	6.5
9788	ナック	630	670	630	670	11.1
9789	栄光	393	393	393	393	1
9790	福井コン	475	475	475	475	2.5
9791	ビケンテクノ	595	595	595	595	4
9792	ニチイ学館	4000	4100	4000	4100	38.6
9793	ダイセキ	1880	1938	1875	1925	13.4
9794	カラカミ観光	500	500	500	500	1
9795	ステップ	700	700	700	700	1
9796	ダイテック	1120	1120	1080	1080	2.5
9797	大日本コン	222	222	222	222	4.1
9798	シダックス	1750	1750	1600	1600	0.6
9799	旭情報	962	966	962	965	4
9810	日鉄商	92	92	92	92	5
9811	アスティス	0	0	0	0	0
9812	テーオー	0	0	0	0	0
9813	トッキ	2300	2400	2260	2400	93
9814	アシックス商	0	0	0	0	0
9815	カテナ	1050	1096	1010	1083	118
9816	バーテックス	300	305	300	305	6
9817	ゴトー	0	0	0	0	0
9818	大丸エナ	0	0	0	0	0
9820	エムティＧ	0	0	0	0	0
9822	なが多	71	72	70	71	634
9823	マミーマート	1210	1210	1210	1210	0.3
9824	泉州電	0	0	0	0	0
9825	アズウェル	370	375	368	375	7.2
9826	ＪＥＵＧＩＡ	157	157	157	157	1
9827	リリカラ	135	135	135	135	3
9828	元気寿司	1050	1050	1050	1050	1
9829	ながの東急	0	0	0	0	0
9830	トラスコ中山	1465	1500	1464	1500	8.4
9831	ヤマダ電	7800	7800	7360	7600	97.3
9832	オートバクス	2700	2765	2700	2710	19.4
9833	エルクコーポ	0	0	0	0	0
9834	リオチェン	0	0	0	0	0
9835	ジュンテン	0	0	0	0	0
9836	リーバイス	470	470	470	470	6
9837	モリト	500	500	500	500	1
9838	トラベラー	820	820	820	820	1
9839	ゲッツブラザーズ	516	516	516	516	1
9840	ホーマック	1180	1210	1141	1170	63.1
9841	ＢＭＢ	326	331	321	326	49
9842	アークランド	0	0	0	0	0
9844	ユーエスシー	1350	1370	1350	1370	3
9845	パーカー	226	226	226	226	2
9846	天満屋ス	0	0	0	0	0
9847	ソリスト	660	719	660	719	27
9848	トヨタカローラ岐阜	0	0	0	0	0
9849	河内屋紙	460	460	460	460	62
9850	グルメ杵屋	815	825	815	822	11
9852	中央物産	0	0	0	0	0
9853	銀座ルノア	0	0	0	0	0
9854	愛眼	715	725	712	725	4.3
9855	くろがねや	0	0	0	0	0
9856	ケーユー	747	747	747	747	35.3
9857	英和	325	325	325	325	0.5
9858	明光商会	1670	1690	1630	1690	2.5
9859	ユーストア	0	0	0	0	0
9860	岐阜日野	0	0	0	0	0
9861	吉野家ディー	217000	220000	211000	212000	1.013
9862	メモレックス・テレ	165	165	165	165	2
9863	靴のマルトミ	41	44	41	43	21.3
9864	ナカイ	0	0	0	0	0
9865	日商エレク	2645	2745	2645	2745	130
9867	ソレキア	380	385	380	380	5
9868	トリイ	0	0	0	0	0
9869	加藤産	620	620	620	620	24
9870	ハナテン	1823	1823	1823	1823	0.2
9871	イトーキ	255	255	255	255	1
9872	北恵	0	0	0	0	0
9873	ケンタッキー	1180	1180	1140	1150	18
9875	マツモトキヨ	3950	4050	3820	4010	332.3
9876	コックス	400	400	390	390	2
9877	マルフル	0	0	0	0	0
9878	セキド	520	610	520	610	3
9879	フタタ	150	150	150	150	1
9880	イノテック	1790	1920	1790	1920	24.1
9882	イエロハット	830	850	820	824	28.5
9883	富士エレ	1480	1490	1430	1460	13
9884	都築電産	610	610	600	610	4
9885	シャルレ	610	610	610	610	5
9887	松屋フーズ	1419	1419	1380	1390	6.1
9888	ＵＥＸ	0	0	0	0	0
9889	ＪＢＣＣ	2100	2145	2100	2125	24.9
9890	マキヤ	0	0	0	0	0
9892	卑弥呼	1290	1290	1290	1290	2
9893	ホームワイド	390	390	390	390	33
9894	アトル	560	560	560	560	1
9895	コンセック	0	0	0	0	0
9896	Ｊ建材	0	0	0	0	0
9897	ユニダックス	770	830	770	825	41
9898	サハダイヤ	111	125	104	113	621
9899	サンデサン	700	700	685	685	3
9900	サガミ	859	860	850	860	12
9901	宮	0	0	0	0	0
9902	日伝	0	0	0	0	0
9903	カンセキ	106	106	106	106	10
9904	ベリテ	205	208	205	208	15
9905	コージツ	0	0	0	0	0
9906	藤井産業	395	395	395	395	2
9907	大電社	509	509	509	509	1
9908	日本電計	515	515	515	515	1
9909	愛光電気	0	0	0	0	0
9911	真電	361	361	360	361	6
9912	ダイワボ情	1400	1461	1400	1431	26.5
9913	日邦産業	225	235	225	235	4
9914	植松商会	0	0	0	0	0
9915	アサヒビールＳ	598	598	598	598	1
9916	バイタルＮ	689	689	660	689	5.6
9917	マツモト電器	0	0	0	0	0
9918	ダイワラクダ	340	345	340	345	5
9919	関西スーパ	491	491	491	491	1
9920	シービーエム	0	0	0	0	0
9921	ギガス	0	0	0	0	0
9922	日立機材	530	530	520	520	7.5
9923	ダイトーエム	0	0	0	0	0
9924	ドミー	490	490	490	490	1
9925	北の家族	730	740	720	740	28
9926	ダイカ	318	318	318	318	5
9927	ワットマン	265	265	265	265	2
9928	ミロク情報	720	776	720	731	5
9929	平和紙業	0	0	0	0	0
9930	北沢産	215	220	214	220	66.5
9931	家族亭	0	0	0	0	0
9932	杉本商	0	0	0	0	0
9934	因幡電産	1200	1200	1200	1200	0.7
9935	あずみ	0	0	0	0	0
9936	王将フード	980	984	978	978	9
9937	セシール	951	979	950	952	4.1
9938	住金物産	82	85	82	85	104
9939	すみや	0	0	0	0	0
9941	太洋物産	0	0	0	0	0
9943	ココス	601	601	601	601	1
9944	インパクト	1060	1090	1060	1090	7.7
9945	プレナス	4000	4000	3950	3950	5
9946	ミニストップ	2290	2400	2290	2355	44.6
9947	シムリー	691	691	675	690	3.3
9948	アークス	690	701	690	700	21
9949	タイヨー	2080	2080	2080	2080	1
9950	ハチバン	0	0	0	0	0
9951	カーマ	529	540	525	540	21.1
9952	ドトール	7550	7930	7520	7900	14.2
9953	ダイキ	1081	1081	1070	1080	64.8
9954	東京小僧寿し	491	491	485	485	5
9955	ヨンキュウ	1740	1780	1740	1780	0.8
9956	バロー	1150	1200	1070	1200	5
9957	バイテック	1600	1600	1510	1560	4.6
9958	サリ	150	160	150	160	2
9959	アシード	0	0	0	0	0
9960	東テク	0	0	0	0	0
9961	エムオーテック	130	130	130	130	3
9962	駿河製機	8520	8790	8520	8600	34.9
9963	江守商事	0	0	0	0	0
9964	アイ・テック	0	0	0	0	0
9965	福原	345	345	345	345	3
9966	藤久	1750	1760	1750	1760	1.1
9967	堺商事	208	208	208	208	1
9968	イチヤ	690	690	650	650	111
9969	ショクブン	758	758	740	740	6
9970	東洋オフィス	399	399	399	399	1
9971	カウボーイ	390	395	390	390	6
9972	アルテック	915	930	910	930	8.1
9973	小僧本部	1160	1160	1160	1160	1
9974	ベルク	0	0	0	0	0
9975	マルヤ	3000	3000	3000	3000	5.3
9976	セキチュー	0	0	0	0	0
9977	アオキスーパ	437	437	437	437	5
9978	文教堂	640	640	640	640	5
9979	大庄	1015	1020	1000	1015	22.5
9980	マルコ	705	705	685	700	9.4
9981	ニック産業	690	690	690	690	1
9982	タキヒヨー	0	0	0	0	0
9983	ファストリ	26800	28400	26550	27800	195
9984	ソフトバンク	5690	6150	5680	6130	1609.2
9985	榮太郎	720	725	720	725	8
9986	蔵王産業	401	408	401	408	12
9987	スズケン	3900	4190	3860	4070	116.4
9988	神港魚類	0	0	0	0	0
9989	サンドラッグ	3310	3310	3150	3240	34.8
9990	東京デリカ	396	396	396	396	1
9991	ジェコス	300	310	295	302	35.1
9992	理研グリン	0	0	0	0	0
9993	ヤマザワ	0	0	0	0	0
9994	やまや	410	420	410	420	3
9995	イーストン	490	505	490	500	7
9996	サトー商会	0	0	0	0	0
9997	ベルーナ	3860	3950	3840	3900	31.4
