20001128
1001	日経２２５	14665	14788	14573	14659	67.981
1002	ＴＯＰＩＸ	1356	1372	1346	1362	67.981
1301	極洋	141	143	141	141	134
1319	日経300F	267	271	267	271	72
1331	ニチロ	185	186	183	184	629
1332	日水	174	174	172	173	402
1333	マルハ	133	135	132	133	592
1351	宝幸水産	73	73	69	69	146
1352	ホウスイ	85	87	82	82	6
1376	カネコ種	710	710	710	710	2
1377	サカタタネ	1955	1955	1930	1955	19.8
1378	雪国まいたけ	0	0	0	0	0
1379	ホクト	3490	3770	3490	3700	61.9
1380	秋川牧園	0	0	0	0	0
1491	中外鉱	134	137	131	131	2279
1501	三井鉱山	104	104	98	99	1641
1503	住友炭	69	69	65	66	112
1515	日鉄鉱	231	232	228	230	65
1518	三井松島	149	158	149	158	99
1601	帝石	560	561	544	551	606
1603	アラビア石油	1796	1916	1316	1320	10871
1661	ガス開	615	615	605	615	344
1701	昭和鉱	260	260	255	260	18
1702	共立マテリア	390	399	380	390	15
1735	伊田テクノス	0	0	0	0	0
1736	オーテック	265	265	260	265	6
1737	三井エンジ	320	320	310	310	6
1738	ＮＩＴＴＯＨ	0	0	0	0	0
1739	ＳＥＥＤ	269000	269000	269000	269000	0.003
1740	極東工業	355	355	355	355	1
1741	ミサワサンイ	0	0	0	0	0
1742	セコムテクノ	2400	2400	2365	2365	5
1743	コーアツ工業	0	0	0	0	0
1744	キョーエイ	565	587	565	580	4
1745	ミサワホーム東海	359	359	359	359	1
1746	光和建設	0	0	0	0	0
1748	ミサワ北日	0	0	0	0	0
1750	カナック	369	369	369	369	1
1751	日立プラサ	0	0	0	0	0
1752	富士通シス	1100	1100	1080	1080	6
1753	土屋ツバイ	0	0	0	0	0
1754	東新住建	625	630	610	630	3
1755	JFE工建	355	359	355	359	7
1756	和興エンジ	0	0	0	0	0
1757	千年の杜	0	0	0	0	0
1758	太洋基礎	450	450	450	450	1
1759	ジオトップ	249	249	231	231	5
1762	高松建設	1250	1250	1250	1250	0.5
1763	北陸ミサワ	0	0	0	0	0
1764	工藤建設	250	250	250	250	2
1765	イビデンテック	0	0	0	0	0
1766	東建コーポ	995	995	990	990	4
1767	沖ウィン	414	414	414	414	2
1768	ソネック	0	0	0	0	0
1770	藤田エンジ	390	395	385	390	13
1772	東北エンタープライズ	205	205	200	200	4
1774	機動建	0	0	0	0	0
1775	富士電Ｅ＆Ｃ	241	254	241	254	3
1776	三井住建道路	85	85	85	85	1
1777	川崎設備	340	350	340	350	5
1778	古河総設	0	0	0	0	0
1779	松本建工	0	0	0	0	0
1780	ヤマウラ	345	345	345	345	2
1781	国土総合	251	251	251	251	2
1782	常磐開発	0	0	0	0	0
1783	南野建設	70	70	70	70	1
1784	サワコー	0	0	0	0	0
1785	ナナボシ	420	430	420	430	6
1786	オリ建	381	391	366	371	5.2
1787	ナカボテック	0	0	0	0	0
1788	三東工業	195	205	195	205	9
1789	山加電業	0	0	0	0	0
1790	平和奥田	355	355	351	351	4
1791	三井木材	116	116	113	115	10
1792	みらい建設Ｇ	197	197	194	197	5
1793	大本組	0	0	0	0	0
1795	マサル	395	395	395	395	1
1796	トヨタウッド	260	260	260	260	0.1
1797	藤木工務店	0	0	0	0	0
1798	守谷商会	0	0	0	0	0
1799	第一建設	0	0	0	0	0
1800	利塚地下技術	292	300	291	300	4
1801	大成建	169	171	165	165	1949
1802	大林組	465	480	461	472	1752
1803	清水建	315	323	315	319	1078
1804	佐藤工業	45	46	44	45	430
1805	飛島建	43	43	42	42	380
1806	ACリアル	30	31	29	29	722
1807	渡辺組	0	0	0	0	0
1808	長谷工	26	28	25	27	3052
1809	富士工	41	42	40	42	434
1810	松井建	292	294	292	294	4
1811	銭高組	0	0	0	0	0
1812	鹿島	300	303	299	300	694
1813	不動建	115	116	113	113	62
1814	大末建	38	39	37	38	129
1815	鉄建	86	87	86	87	179
1816	安藤建	195	200	192	192	20
1817	勝村建	123	123	122	122	4
1818	日産建設	73	73	69	70	24
1819	太平工	128	135	128	130	15
1820	西松建	360	363	355	357	323
1821	三井住友建	42	46	42	46	600
1822	大豊建	135	137	135	137	16
1823	住友建設	61	62	60	62	138
1824	前田建	410	439	410	439	353
1825	環境建設	99	99	96	99	223
1826	佐田建	114	115	114	115	7
1827	ナカノフドー建	71	71	68	70	26
1828	田辺工業	0	0	0	0	0
1829	大和建設	63	65	62	65	6
1830	共栄冷機工業	0	0	0	0	0
1831	積水ハ北陸	690	690	690	690	10
1833	奥村組	350	364	347	360	448
1834	小田急建	215	215	215	215	5.5
1835	東鉄工	205	210	205	207	12
1836	大日本土木	143	147	143	147	20
1837	間組	40	40	39	39	192
1838	古久根建設	70	70	70	70	6
1839	真柄建	134	134	133	133	19
1840	土屋ホーム	249	260	249	260	9.3
1841	サンユ	350	350	350	350	3
1842	昭和テクノ	940	940	940	940	1
1844	大盛工業	88	88	88	88	3
1845	森本組	87	100	87	100	8
1846	鈴縫工	0	0	0	0	0
1847	イチケン	99	99	95	97	24
1848	富士ＰＳ	0	0	0	0	0
1850	南海辰村建	64	64	64	64	2
1851	大木建設	199	201	199	201	20
1852	浅沼組	136	137	136	137	22
1853	森組	91	107	91	107	9
1854	新井組	105	105	101	102	39.2
1855	東急建設	71	71	68	71	116
1856	ジェイオー建設	0	0	0	0	0
1857	松村組	80	82	78	82	32
1858	井上工	48	48	47	47	4
1860	戸田建	483	534	482	508	1122
1861	熊谷組	25	28	24	27	2655
1862	横河工事	338	339	338	339	2
1863	テトラ	200	200	195	195	21
1865	青木あすなろ建	148	150	148	150	3
1866	北野建	210	210	208	210	30
1867	植木組	170	174	170	174	3
1868	三井ホーム	391	398	390	394	16
1869	名工建	0	0	0	0	0
1870	矢作建	384	384	380	381	3
1871	ピーエス三菱	326	331	326	331	6.4
1872	アゼル	201	205	200	203	50
1873	東ハウス	283	283	283	283	18
1874	佐藤秀	0	0	0	0	0
1875	青木マリン	0	0	0	0	0
1877	川田建設	0	0	0	0	0
1878	大東建	1820	1820	1780	1810	172.5
1879	新日本建	205	205	205	205	1
1880	スルガコーポ	0	0	0	0	0
1881	ＮＩＰＰＯ	446	452	444	451	47
1882	東亜道	195	196	191	191	8
1883	前田道	460	465	459	464	39
1884	日道路	160	161	160	160	75
1885	東亜建	123	124	122	122	234
1886	青木建設	24	27	23	26	1791
1888	若築建	100	102	98	100	69
1889	佐伯建	106	108	105	108	18
1890	東洋建	63	64	62	64	123
1892	徳倉建	231	231	231	231	1
1893	五洋建	129	133	129	132	272
1895	大成ロテック	150	153	150	150	11
1896	大林道	254	254	250	250	4
1897	金下建	501	501	501	501	2
1898	世紀東急	75	75	71	71	12
1899	福田組	261	262	261	262	11
1900	白石	320	320	301	320	5
1902	山崎建設	0	0	0	0	0
1904	大成温調	310	310	305	305	3
1905	テノックス	0	0	0	0	0
1906	細田工務	302	302	301	301	3
1907	東北ミサワ	555	560	550	560	1.5
1908	三平建設	388000	388000	388000	388000	0.001
1909	日本ドライ	155	164	155	160	41.5
1910	フドウ建研	0	0	0	0	0
1911	住友林	721	721	681	681	62
1912	ミサワセラミ	0	0	0	0	0
1913	旭ホームズ	0	0	0	0	0
1914	日基技	407	409	405	405	19.5
1915	東京ミサワホーム	0	0	0	0	0
1916	日成ビルド	102	104	101	102	24
1917	ニッセキハウス	126	126	121	126	513
1919	エスバイエル	239	241	238	239	55
1920	殖産住宅相互	60	60	58	58	197
1921	巴	179	180	175	180	5
1922	大成ユーレック	106	109	105	109	26
1923	ミサワホーム	306	307	305	307	42
1924	パナホーム	715	720	713	718	30
1925	大和ハウス	685	702	683	683	394
1926	ライト	390	390	380	380	23
1927	中 部	0	0	0	0	0
1928	積ハウス	1057	1074	1057	1067	567
1929	日特建	147	147	141	144	26
1930	北陸電工	280	283	278	283	6
1931	日本電通	0	0	0	0	0
1932	コミュチュア	465	469	465	469	5
1933	西シス建	233	233	233	233	1
1934	ユアテック	360	361	356	357	20
1935	ＴＴＫ	227	227	218	218	10
1936	シーキューブ	255	255	255	255	4
1937	西部電工	278	278	278	278	13
1938	千歳電	0	0	0	0	0
1939	四電工	365	370	364	367	19
1940	つうけん	225	228	225	228	13
1941	中電工	1331	1349	1331	1332	55
1942	関電工	546	560	541	546	156
1943	大明	841	861	841	861	67
1944	きんでん	663	672	662	666	69
1945	東京エネシス	383	383	364	364	21
1946	トーエネク	410	415	410	415	40
1947	日本コムシス	2300	2300	2275	2275	156
1948	弘電社	390	390	380	380	2
1949	住友電設	520	532	513	532	6.2
1950	電設工	364	364	348	348	21
1951	協エクシオ	1241	1250	1236	1241	112
1952	新日空調	372	372	349	349	22.1
1953	国際電設	155	155	155	155	2
1954	日工営	213	215	212	214	87
1955	東電通	342	343	341	343	70
1956	日電設	360	362	360	362	5
1957	保安工	0	0	0	0	0
1958	三和エレック	271	287	271	287	9
1959	九電工	355	362	355	357	71
1960	サンテック	309	309	309	309	1
1961	三機工	501	507	501	502	62
1962	エルゴテック	140	145	140	145	3
1963	日揮	690	722	688	715	3465
1964	中外炉	299	308	298	300	17
1965	テクノ菱和	450	450	450	450	0.6
1966	高田工	0	0	0	0	0
1967	ヤマト	289	290	289	290	13
1968	太平電	260	260	255	260	20
1969	高砂熱	810	810	800	810	85
1970	日立プラ	272	283	272	273	67
1971	ビルト工	85	88	85	88	2
1972	三晃金	89	89	89	89	8
1973	ＮＥＣシス建	2160	2175	2060	2070	31.2
1974	宮地建設工業	505	505	505	505	1
1975	朝日工	260	260	249	249	44
1976	明星工	111	120	111	115	64
1977	ジェイコス	0	0	0	0	0
1978	アタカ	245	245	244	245	45
1979	大気社	775	775	720	722	67
1980	ダイダン	458	465	458	464	9
1981	協和日成	0	0	0	0	0
1982	日比谷設	415	415	411	414	21
1983	東芝プラ	220	222	220	220	24
1984	三信建	0	0	0	0	0
1985	大和電設	0	0	0	0	0
1986	日商インター	515	515	500	501	5.7
1987	ソルコム	284	284	282	282	5
1988	シボンド建	1402	1435	1400	1420	38.8
1989	北陸電話	0	0	0	0	0
1990	東邦建	0	0	0	0	0
1991	都築通技	0	0	0	0	0
1992	神田通機	0	0	0	0	0
1993	ニッタン	180	194	180	194	3
1994	高橋ウォール	0	0	0	0	0
1995	鈴木工務店	0	0	0	0	0
1996	三菱建設	0	0	0	0	0
1997	暁飯島工業	0	0	0	0	0
1998	日本土建	0	0	0	0	0
2001	日本粉	244	248	243	245	404
2002	日清粉	956	959	945	945	248
2003	日東粉	209	209	208	208	6
2004	昭和産	182	183	180	180	49
2006	東福粉	0	0	0	0	0
2007	富士粉	0	0	0	0	0
2008	増田粉	0	0	0	0	0
2009	鳥越粉	335	336	335	335	8
2051	農産工	168	169	167	168	88
2052	協同飼	113	113	110	111	56
2053	中部飼	587	587	587	587	1
2055	日和産	0	0	0	0	0
2056	日配飼	121	123	121	122	36
2057	雪印種	0	0	0	0	0
2102	台糖	240	242	236	236	11
2107	東洋糖	115	120	114	120	42
2108	甜菜糖	139	139	137	138	71
2109	三井糖	209	210	208	210	33
2111	フジ製糖	165	165	165	165	1
2112	塩水糖	251	252	251	252	8
2113	新光糖	190	190	190	190	3
2114	フジ日本精糖	0	0	0	0	0
2116	日新糖	124	124	121	121	18
2201	森永	240	240	235	236	193
2202	明菓	650	650	635	635	214
2204	中村屋	280	280	275	275	7
2205	駿河屋	71	71	71	71	6
2206	グリコ	705	724	700	711	266
2207	名糖産	1164	1169	1164	1169	7
2208	ブルボン	574	574	571	571	6
2209	井村屋	0	0	0	0	0
2211	不二家	226	227	225	225	39
2212	山パン	785	794	785	789	124
2215	一パン	233	240	230	231	32
2216	カンロ	0	0	0	0	0
2217	モロゾフ	201	205	201	204	18
2219	タカラブネ	91	93	91	93	25
2220	亀田製菓	501	501	501	501	1
2221	岩塚製菓	1000	1000	1000	1000	1
2222	寿製菓	0	0	0	0	0
2224	コモ	1330	1350	1330	1350	7
2261	明乳	484	491	481	488	296
2262	雪印	382	382	377	379	497
2264	森永乳	270	271	267	267	229
2266	六甲バタ	360	360	355	355	5
2267	ヤクルト	1281	1300	1272	1300	372
2268	サーティワン	720	720	720	720	3
2281	プリマ	115	115	112	113	92
2282	日ハム	1509	1516	1461	1480	251
2284	伊藤ハ	388	391	385	388	143
2286	林兼	124	124	121	121	58
2287	雪印食品	0	0	0	0	0
2288	丸大食	160	160	155	157	54
2289	相模ハム	570	590	570	590	4
2290	米久	1206	1239	1200	1239	23
2291	福留ハ	210	210	210	210	4
2292	ＳＦＯＯＤＳ	872	872	872	872	1
2293	滝沢ハム	800	800	800	800	1
2294	柿安本店	1080	1080	1070	1070	2
2501	サッポロＨＤ	334	345	331	331	368
2502	アサヒ	1173	1175	1167	1169	634
2503	キリン	1050	1058	1041	1041	754
2531	宝ＨＤ	2230	2300	2205	2300	1168
2533	オエノンＨＤ	227	227	224	224	16
2536	メルシャン	264	267	262	262	119
2538	マルキン忠勇	158	158	155	155	6
2540	養命酒	716	719	716	719	19
2541	ニッカ	374	374	370	370	10
2571	中京コカ	880	880	860	861	43
2572	三国コカ	1231	1231	1130	1189	180
2573	北海コカ	870	870	860	860	6
2575	三笠コカ	821	830	821	830	1.5
2576	近畿コカ	1040	1040	1020	1020	21
2577	富士コカ	930	940	925	930	73
2578	四国コカ	1048	1070	1015	1070	68.4
2579	コカウエスト	2600	2625	2525	2570	145.4
2591	カルピス	478	478	472	475	18
2592	ポッカ	439	445	439	444	37
2593	伊藤園	7210	7290	7140	7200	16.2
2594	キーコーヒー	1270	1279	1270	1279	12.8
2595	キリンビバ	2650	2650	2605	2630	21
2596	キューサイ	2050	2120	2050	2060	19.7
2597	ユニカフェ	1338	1355	1300	1300	4.5
2598	アサヒ飲料	686	700	680	680	25
2599	ジャパンＦ	660	671	660	671	2
2601	ホーネンコーポ	186	186	182	182	99
2602	日清オイリオ	301	310	300	305	163
2604	吉原製油	277	298	276	298	90
2607	不二油	1087	1119	1081	1091	145
2608	ボーソー	140	140	140	140	2
2611	摂津油	314	314	314	314	6
2612	かどや製油	0	0	0	0	0
2650	橘テクトロン	775	800	770	792	19
2651	ローソン	3600	3700	3600	3640	94.6
2652	まんだらけ	0	0	0	0	0
2653	イオン九州	861	880	861	880	2
2654	シンワ	0	0	0	0	0
2655	マックス東北	638	638	638	638	3
2656	ベクター	0	0	0	0	0
2657	インタニクス	1860	1860	1800	1850	7
2658	ウライ	215	220	210	210	7
2659	サンエー	1730	1740	1730	1730	4
2660	キリン堂	525	525	525	525	1
2661	キンレイ	0	0	0	0	0
2662	ダイユエイト	419	435	410	435	55
2663	伊藤伊	0	0	0	0	0
2664	カワチ薬品	7010	7010	7000	7000	0.4
2665	ネクストコム	8950000	9050000	8900000	8900000	0.008
2666	オートウェブ	1250	1250	1250	1250	1
2667	イメージワン	0	0	0	0	0
2668	ダン	850	850	850	850	1
2669	カネ美食品	3320	3360	3320	3350	29
2670	ＡＢＣマート	3370	3440	3330	3400	68
2671	エフディシィ	555	555	555	555	3
2672	アクティ２１	493000	500000	492000	500000	0.006
2673	ステイラー	447	455	447	455	3
2674	ハードオフ	1180	1180	1180	1180	5
2675	ダイナック	501	503	501	503	4
2676	高千穂交易	1650	1650	1600	1600	24
2678	アスクル	6900	6900	6650	6790	149
2681	ゲオ	880000	880000	860000	880000	0.029
2801	キッコマン	838	855	835	845	765
2802	味の素	1280	1299	1268	1295	1080
2804	ブルドック	0	0	0	0	0
2805	エスビー	0	0	0	0	0
2806	ユタカフーズ	0	0	0	0	0
2808	サンビシ	0	0	0	0	0
2809	キユーピー	940	955	940	950	268
2810	ハウス食品	1469	1485	1469	1481	249
2811	カゴメ	1005	1013	1005	1011	29
2812	焼津水化	1800	1810	1791	1810	10
2813	和弘食品	113	117	113	117	4
2814	佐藤食品	0	0	0	0	0
2815	アリアケ	6490	6510	6350	6450	28.7
2816	ダイショー	825	825	825	825	1
2817	ギャバン	0	0	0	0	0
2830	アヲハタ	0	0	0	0	0
2831	はごろも	0	0	0	0	0
2871	ニチレイ	505	515	500	514	929
2872	セイヒョー	0	0	0	0	0
2873	加ト吉	3000	3020	2960	2960	50.8
2874	ヨコレイ	560	565	556	557	56
2875	東洋水	825	835	810	825	113
2876	ＪＣコムサ	0	0	0	0	0
2877	日東ベスト	1140	1140	1130	1130	5.9
2878	赤城水産	380	380	380	380	2
2879	ニチロサンフズ	0	0	0	0	0
2891	酵母工	450	451	450	451	8
2892	日食品	235	258	235	258	9
2893	ローマイヤ	105	105	105	105	4
2894	石井食	249	250	249	250	2
2897	日清食	3000	3070	2995	2995	426.5
2898	ソントン	930	930	920	920	3
2899	永谷園	820	820	820	820	4
2900	明星食	219	220	219	220	4
2901	石垣食	0	0	0	0	0
2902	太陽化	501	502	501	501	3
2903	シノブフズ	150	150	150	150	6
2904	一正蒲鉾	0	0	0	0	0
2905	オーケー食	105	105	90	90	14
2906	ホッコク	0	0	0	0	0
2907	あじかん	0	0	0	0	0
2908	フジッコ	1320	1328	1310	1314	11
2909	トオカツフズ	270	285	270	285	21
2910	Ｒフィールド	5350	5350	5120	5160	11.8
2911	旭松食品	590	599	590	599	2
2912	鐘崎	0	0	0	0	0
2913	フジフーズ	245	250	245	245	11
2914	ＪＴ	700000	704000	695000	702000	1.141
2915	ケンコーマヨ	445	460	445	460	2
2916	仙波糖化	0	0	0	0	0
2917	大森屋	680	680	680	680	1
2918	わらべ日洋	1000	1000	1000	1000	1
2920	ケイビー	761	801	750	801	23
2921	フクシマフズ	488	488	488	488	1
2922	なとり	1210	1210	1210	1210	2
3001	片倉	490	494	485	488	42
3002	グンゼ	400	407	392	405	734
3003	昭栄	999	999	980	999	6
3004	神栄	140	140	139	139	6
3007	神戸生絲	38	38	38	38	19
3009	川島織	129	129	128	128	9
3010	上毛	153	158	150	154	41
3011	バナーズ	80	80	80	80	1
3101	東洋紡	208	214	206	212	1805
3102	カネボウ	302	306	297	298	546
3103	ユニチカ	82	89	81	88	5632
3104	富士紡Ｈ	50	52	49	51	74
3105	日清紡	518	521	514	514	353
3106	クラボウ	149	160	149	158	1265
3107	ダイワボウ	98	99	96	99	22
3109	シキボウ	66	67	66	67	111
3110	日東紡	139	140	137	139	499
3111	オーミケン	63	65	60	65	103
3113	ＢＳＬ	85	89	82	88	378
3114	同興紡	114	120	114	114	27
3115	テザック	45	46	44	46	69
3116	トヨタ紡織	739	739	739	739	3
3117	興和紡	0	0	0	0	0
3121	アセットイン	58	58	58	58	1
3123	サイボー	0	0	0	0	0
3125	内外綿	0	0	0	0	0
3128	テラボウ	0	0	0	0	0
3129	ファブリカＴ	103	103	103	103	1
3201	日毛	430	431	418	422	121
3202	大東紡	76	78	76	78	14
3203	東亜紡織	64	64	64	64	3
3205	ダイドー	250	262	249	262	13
3206	南海毛糸紡績	69	69	68	68	15
3207	中央毛	145	147	145	145	38
3209	カネヨウ	105	105	105	105	1
3211	太陽毛絲紡	0	0	0	0	0
3216	御幸ＨＤ	411	412	405	405	6
3302	帝繊維	175	180	175	180	8
3304	トスコ	70	70	67	67	9
3306	日本麻	45	47	45	46	10
3401	帝人	520	524	511	515	1340
3402	東レ	443	444	438	439	2735
3403	東邦テナ	82	85	82	85	16
3404	三菱レ	367	375	365	370	1385
3405	クラレ	933	951	925	927	623
3407	旭化成	684	693	680	687	1538
3408	サカイオーベ	87	90	87	90	35
3409	北日紡	90	90	90	90	2
3411	オートリ	106	107	106	106	18
3420	ケーエフシー	0	0	0	0	0
3421	稲葉製作	1500	1500	1470	1500	7.7
3422	丸順	0	0	0	0	0
3423	エスイー	325	325	325	325	2
3424	ミヤコ	345	345	335	335	3
3425	本郷	570	600	550	600	11
3426	アトムリビン	420	425	420	420	5
3501	住江織	124	124	116	117	17
3503	東和織	62	62	62	62	3
3512	フエルト	318	323	317	323	10
3513	イチカワ	220	224	220	224	3
3514	バイリーン	270	275	270	271	22
3515	フジコー	387	395	387	395	2
3521	エコナック	105	105	88	88	219
3524	日東網	83	85	74	74	43
3526	芦森工	194	194	192	193	12
3528	グローベルス	124	132	123	132	40
3529	アツギ	76	77	75	76	100
3532	堀田産	58	58	58	58	2
3533	ダイオ化成	450	480	450	480	4
3534	ＮＢＣ	0	0	0	0	0
3551	ダイニック	148	148	147	148	13
3552	洋クロス	215	215	215	215	1
3553	共和レ	471	471	470	471	6
3569	セーレン	283	285	275	275	49
3570	オリカキャピ	0	0	0	0	0
3571	ソトー	480	490	480	481	8
3572	大同マルタ	43	55	43	55	6
3576	カンボウ	65	65	65	65	1
3577	東海染	107	107	103	105	36
3578	倉庫精	97	98	97	97	6
3580	小松精	265	266	265	265	6
3581	岐セン	127	127	127	127	1
3583	オーベクス	129	129	124	124	3
3584	福助	120	122	118	122	24
3585	トムスエンタ	260	325	260	306	452
3587	ＩＢダイワ	75	89	75	80	790
3588	丸山工	0	0	0	0	0
3591	ワコール	980	1009	980	1009	501
3592	ＣＨＯＹＡ	0	0	0	0	0
3593	ホギメデ	6910	7000	6910	6960	6.7
3594	モリシタ	0	0	0	0	0
3595	ヤギコーポ	300	305	300	305	10
3596	ワールド	3700	3750	3690	3720	56.2
3597	自重堂	0	0	0	0	0
3598	山喜	0	0	0	0	0
3599	コーコス	0	0	0	0	0
3600	フジックス	400	400	400	400	1
3601	ニチメンイン	1190	1190	1189	1190	4.5
3602	イタリヤード	0	0	0	0	0
3603	チャッコット	0	0	0	0	0
3706	東海パ	412	412	407	407	6
3861	王子紙	609	622	605	618	1440
3863	日本製紙	602	615	602	602	1180
3864	三菱紙	214	216	212	212	299
3865	北越紙	709	712	705	708	495
3868	高崎三興	85	85	81	83	62
3869	日本板紙	201	202	201	202	5
3870	日本加工製紙	65	66	65	66	51
3871	大昭和紙	376	376	370	375	7
3872	三島紙	137	137	137	137	2
3877	中越パ	247	247	240	245	83
3878	巴川紙	420	422	420	422	14
3880	大王紙	885	910	885	901	128
3881	特種紙	405	406	403	403	29
3882	紀州紙	167	168	165	168	38
3886	チューエツ	88	88	88	88	2
3887	中央板紙	103	103	101	101	23
3889	大平製紙	80	80	80	80	3
3890	ゼネＫＫ	400	400	395	400	7
3891	高度紙	1480	1480	1480	1480	10
3941	レンゴー	452	452	441	447	448
3944	古林紙	110	110	110	110	1
3945	スパバッグ	170	170	170	170	1
3946	トーモク	193	197	193	197	22
3947	ダイナパック	480	480	480	480	2
3948	光ビジネス	0	0	0	0	0
3949	日本ハイパック	210	210	210	210	4
3950	ザ・パック	795	795	795	795	4.5
3951	朝日印刷	0	0	0	0	0
3952	中央紙器	0	0	0	0	0
3953	大村紙業	400	400	400	400	1
3954	昭和パックス	400	400	400	400	4
3955	イムラ封筒	680	700	680	700	2
3971	東セロ	255	257	255	257	7
4003	コープケミ	85	85	85	85	7
4004	昭電工	127	128	125	126	1176
4005	住友化学	485	487	480	482	1907
4007	日化成	140	144	140	144	19
4008	住友精化	247	249	245	249	15
4010	三菱化学	311	318	311	314	4331
4021	日産化	817	837	808	834	528
4022	ラサ工	255	257	253	255	35
4023	呉羽化	272	272	260	260	107
4025	多木化	333	333	333	333	1
4026	神島化	330	330	330	330	6
4027	テイカ	244	248	244	245	9
4028	石原産	169	170	168	170	298
4031	チッカリン	336	336	336	336	2
4032	日東バイオン	170	170	170	170	1
4033	日東エフシー	373	373	373	373	2
4041	日曹達	310	314	302	302	283
4042	東ソー	339	340	335	335	506
4043	トクヤマ	441	453	437	448	258
4044	セ硝子	512	520	508	510	373
4045	東合成	203	206	203	205	217
4046	ダイソー	190	190	186	189	12
4047	関電化	0	0	0	0	0
4050	鶴見曹達	400	405	400	405	2
4061	電化	390	400	389	395	770
4062	イビデン	1821	1844	1780	1831	261
4063	信越化	4870	4900	4830	4840	673
4064	カーバイド	102	102	100	100	92
4065	紀文フ	380	380	365	370	13
4077	富士チタン工業	452	469	452	456	17
4078	堺化学	625	660	624	660	97
4079	ハクスイテック	0	0	0	0	0
4080	田中化研	2560	2560	2560	2560	6
4086	日本エア・リキード	612	625	605	620	143
4088	エアウォータ	416	418	411	413	226
4089	大阪酸素工業	241	241	237	237	7
4091	大陽日酸	459	488	458	482	1425
4092	日本化	416	425	416	418	316
4093	アセチレン	73	79	73	79	5
4094	日化産	375	375	350	350	72
4095	パーカライ	340	342	337	337	13
4096	昭炭酸	265	265	265	265	4
4097	高圧ガス	312	320	312	319	17
4098	チタン	156	165	156	160	9
4099	四国化	395	395	384	389	56
4100	戸田工	500	504	500	500	37
4101	日興酸素	115	119	111	111	4
4102	丸尾カル	241	241	241	241	1
4103	大陽東洋酸素	225	225	220	220	138
4104	タテホ	200	200	200	200	6
4105	メルテックス	741	741	741	741	2
4106	ケムキャット	1070	1070	1070	1070	1
4107	伊勢化	0	0	0	0	0
4109	ステラケミ	4600	4600	4500	4600	8.6
4112	保土谷	160	160	159	159	9
4113	田岡化	0	0	0	0	0
4114	日触媒	470	479	470	478	376
4115	本州化	650	650	650	650	2
4116	大日精	347	348	345	348	9
4117	川崎化	120	121	120	121	7
4118	カネカ	905	915	900	900	848
4119	ピグメント	275	275	260	260	17
4120	スガイ	231	231	231	231	1
4123	山化成	0	0	0	0	0
4151	協発酵	866	872	855	872	599
4182	菱ガス化	364	383	361	381	2471
4183	三井化学	520	536	520	528	1018
4185	ＪＳＲ	733	740	724	725	309
4186	東応化	1832	1832	1800	1832	85.7
4187	大有機	495	495	485	485	3
4201	日合成	141	142	140	142	36
4202	ダイセル	347	359	345	355	1038
4203	住友ベ	1133	1151	1130	1138	769
4204	積水化	316	320	315	316	482
4205	ゼオン	430	430	415	430	505
4206	アイカ	696	699	684	684	41
4208	宇部興	242	245	237	240	758
4209	フドー	83	84	83	84	4
4210	東洋化学	398	410	398	410	55
4212	積水樹	360	360	359	360	5
4213	菱樹脂	191	193	188	188	155
4214	高分子	338	343	338	340	26
4215	タキロン	370	370	364	368	33
4216	旭有機	312	315	312	315	34
4217	日立化	2600	2600	2560	2570	184
4218	ニチバン	321	334	320	334	31
4219	プラス・テク	85	85	85	85	3
4220	リケンテクノ	310	312	308	308	32
4221	大倉工	362	363	361	363	12
4222	児玉化	60	65	60	65	7
4224	ロンシール	65	65	63	63	6
4225	筒中	299	299	290	290	8
4226	テスコ	233	233	233	233	2
4227	郡是高分子	146	146	146	146	1
4228	積化成	193	193	189	189	32
4229	群栄化	160	163	160	160	33
4231	タイガポリ	0	0	0	0	0
4232	東芝ケミカル	295	295	290	290	11
4233	ワコー	399	399	399	399	2
4234	サンエー化研	650	700	650	695	4
4271	カーリット	780	780	780	780	2
4272	日化薬	705	719	705	715	479
4274	細火工	0	0	0	0	0
4361	川口化	127	127	126	126	10
4362	日精化	420	420	411	411	9
4363	新日鐵化学	173	182	171	182	151
4364	マナック	0	0	0	0	0
4365	松本油脂	1670	1690	1670	1680	30
4366	ダイトーケミ	630	630	629	629	3
4367	広栄化学	251	251	251	251	1
4401	旭電化	792	792	778	780	191
4403	日油脂	258	262	258	261	352
4404	ミヨシ	218	222	217	218	20
4406	日理化	530	535	530	535	3
4409	東邦化	176	176	175	175	15
4410	ハリマ化成	415	415	412	415	12
4452	花王	3340	3400	3330	3330	1612
4461	一工薬	303	312	290	312	98
4462	石原薬品	0	0	0	0	0
4463	日華化学	0	0	0	0	0
4471	三洋化	830	837	830	830	84
4501	三共	2370	2385	2350	2350	876
4502	武田	6780	6940	6780	6800	1348
4503	アステラス薬	5200	5260	5140	5140	576
4505	第一製薬	2975	2980	2940	2940	583
4506	大日薬	1601	1665	1601	1655	901
4507	塩野義	2200	2225	2200	2210	706
4508	田辺薬	920	920	907	909	623
4509	三菱ウェルファーマ	870	890	870	890	460
4511	藤沢薬品	3420	3530	3420	3500	1238
4512	わかもと	407	409	405	405	11
4514	帝臓器	717	725	717	725	11
4515	萬有製薬	2385	2460	2385	2400	635
4516	日新薬	1059	1059	950	1000	211
4517	ビオフェル	885	885	850	850	15.5
4518	富山化	419	424	418	420	111
4519	中外薬	1921	1975	1921	1950	339
4520	和光堂	3000	3000	3000	3000	0.4
4521	科研薬	594	594	586	586	206
4523	エーザイ	3650	3730	3630	3680	589
4524	仁丹	1250	1345	1250	1300	17
4526	理ビタ	1440	1450	1440	1450	4
4527	ロート	1550	1550	1469	1469	59
4528	小野薬	4360	4360	4300	4330	90
4529	日研化	332	333	332	333	13
4530	久光薬	2000	2015	1996	2000	104
4531	有機薬	290	290	287	287	3
4534	持田薬	675	675	650	655	140
4535	大正薬	3000	3020	2955	2995	291
4536	参天薬	2315	2420	2315	2315	393
4537	エスエス	1000	1020	999	1000	45
4538	扶桑薬	525	527	520	520	26
4539	ケミファ	248	249	230	235	20
4540	ツムラ	322	328	320	328	10
4541	日医工	141	149	141	149	12
4542	三笠薬	415	415	410	411	10
4543	テルモ	2300	2310	2270	2275	509
4544	みらかＨＤ	681	690	670	681	16
4545	国際試薬	327	328	327	328	2
4546	北陸製薬	1310	1325	1309	1325	137
4547	キッセイ	2280	2285	2220	2220	43
4548	生化学	850	870	845	870	11
4549	栄研化	1130	1160	1120	1150	39
4550	日水薬	0	0	0	0	0
4551	鳥居薬	2500	2540	2480	2535	3.4
4552	日本ケミカル	749	755	749	750	6
4553	東和薬品	960	1080	960	1070	60
4554	富士製薬	333	340	333	340	2
4555	沢井製薬	1100	1210	1100	1210	2
4556	カイノス	525	525	510	520	12
4557	医学生物	1170	1270	1160	1270	21
4558	中京医薬	0	0	0	0	0
4559	ゼリア新薬	1152	1152	1142	1144	11
4560	キョーリン薬	3400	3420	3350	3370	35
4561	デンカ生研	1540	1540	1540	1540	1
4611	大日塗	161	165	160	165	22
4612	日本ペ	345	355	345	347	370
4613	関西ペ	327	332	325	329	167
4614	トウペ	130	132	130	132	9
4615	神東塗	109	112	108	112	9
4616	川上塗	105	105	105	105	1
4617	中国塗	210	210	207	207	25
4619	日特塗	244	244	227	241	24
4620	藤倉化	361	361	360	360	5
4621	ロック	770	770	770	770	6
4622	ユニペイン	0	0	0	0	0
4623	アサヒペン	273	280	273	280	5
4624	イサム	421	421	421	421	1
4625	アトミクス	0	0	0	0	0
4626	太陽インキ	4800	4800	4700	4700	2.2
4627	ナトコ	755	755	750	750	9
4628	エスケー化研	0	0	0	0	0
4629	大伸化学	365	365	365	365	2
4631	インキ	346	350	346	346	296
4633	サカタＩＮＸ	264	266	264	265	27
4634	洋インキ	217	221	216	219	240
4635	東インキ	249	249	249	249	1
4636	Ｔ＆Ｋ	3000	3030	3000	3000	6.5
4640	アンドール	316	317	311	311	9
4641	アルプス技	1450	1450	1400	1400	3
4642	オリジナル設	810	810	810	810	3
4643	コナミスポ	6500	6780	6400	6510	29.4
4644	イマジニア	1100	1160	1100	1160	1.4
4645	市進	255	255	250	250	4
4646	ジャスフォート	0	0	0	0	0
4649	大成	419	419	419	419	1
4650	スガイエンタ	0	0	0	0	0
4651	サニックス	5580	5620	5540	5580	33.5
4652	ウッドランド	1030	1110	1020	1080	3.5
4653	ダイオーズ	0	0	0	0	0
4654	ニチゾウテク	0	0	0	0	0
4655	ＮＯＶＡ	470	480	470	470	11
4656	サン・ライフ	2850	2850	2850	2850	0.5
4657	環境管理	0	0	0	0	0
4658	日本空調	0	0	0	0	0
4659	エイジス	0	0	0	0	0
4660	ニッポン放送	5090	5090	4900	4900	14
4661	ＯＬＣ	6950	7440	6890	7400	181.3
4662	フォーカス	1750	1830	1700	1700	46.7
4663	ＡＴＬ	570000	640000	570000	600000	0.019
4664	ＲＳＣ	270	270	260	260	3
4666	パーク２４	9990	9990	9610	9700	3.2
4667	アイサンテク	120	125	119	120	52
4668	明光ネット	340	350	340	350	8
4669	ニッパンＲ	285	285	285	285	1
4670	セタ	330	330	330	330	2
4671	ファルコバ	1540	1550	1540	1550	3
4672	ベルックス	0	0	0	0	0
4673	川崎地質	0	0	0	0	0
4674	クレスコ	6500	6720	6450	6720	7.3
4675	エヌエス環境	0	0	0	0	0
4676	フジテレビ	1080000	1100000	1050000	1070000	1.852
4678	秀英	1050	1050	1050	1050	0.5
4679	田谷	2650	2690	2650	2660	1.5
4680	ラウンドワン	142000	142000	133000	140000	0.23
4681	リゾートトラ	3120	3150	3030	3110	49.9
4682	電通テック	7520	7520	7200	7290	21.1
4683	堀内カラー	0	0	0	0	0
4684	オービック	36650	36750	36600	36750	15
4685	菱友システム	436	436	436	436	1
4686	ジャスト	3060	3250	3000	3220	4.4
4687	ＴＤＣソフト	2800	2800	2800	2800	1.8
4688	日本ドレーク	3750	3800	3510	3650	11.8
4689	ヤフー	6500000	7750000	6020000	7750000	0.464
4690	日パレット	0	0	0	0	0
4692	アルゴ２１	3050	3120	3050	3060	6.9
4694	ＢＭＬ	3200	3250	3200	3240	2.6
4695	マイスター	0	0	0	0	0
4696	ワタベ	0	0	0	0	0
4697	ゼロ	136000	137000	132000	133000	0.078
4699	ウチダエスコ	340	340	340	340	1
4700	アクセス	3020000	3020000	3020000	3020000	0.017
4701	プレック研	446	446	446	446	1
4702	55ステーション	410	415	410	415	2
4703	住商オート	760	765	750	760	30.2
4704	トレンド	12400	12400	12200	12300	102
4705	クリップ	0	0	0	0	0
4706	富士通サポート	13600	13600	13000	13140	65.7
4707	キタック	0	0	0	0	0
4708	もしもしＨＬ	9240	9300	9200	9300	1.1
4709	ＩＤ	850	880	850	880	8.7
4710	ウィン	230	250	227	250	6
4711	コミュニティ	1150	1158	1145	1145	3.4
4712	アドアーズ	275	289	275	289	25
4713	日信電サ	980	980	980	980	1
4714	リソー教育	170000	170000	168000	170000	0.012
4715	クリエイティブ	320	320	320	320	1
4716	日本オラクル	23990	24160	23510	23800	120.5
4717	ソデッソジャパン	1700	1710	1700	1700	11
4718	早稲アカ	255	260	255	255	20
4719	アルファシス	14370	14370	13600	14040	17.9
4720	城南進研	0	0	0	0	0
4721	フジスタッフ	1550	1550	1530	1540	11.6
4722	フューチャー	860000	950000	840000	920000	0.197
4723	グッドウィル	135000	139000	134000	139000	0.109
4724	シチエ	755	770	755	760	5.5
4725	ＣＡＣ	4800	4800	4600	4600	3.4
4726	ソフトバンテク	5560	5800	5560	5560	4
4727	アジアＳ総研	1550	1550	1540	1550	1
4728	トーセ	0	0	0	0	0
4729	コナミスタジオ	285000	305000	285000	305000	0.05
4730	関西メンテ	0	0	0	0	0
4731	ユニバホーム	0	0	0	0	0
4732	ＵＳＳ	2700	2790	2690	2750	28.1
4733	ＯＢＣ	9610	9610	9150	9390	25.9
4734	ビーイング	530	535	525	525	5
4735	京進	0	0	0	0	0
4736	日本ラッド	0	0	0	0	0
4737	シダックス	991	991	990	990	1.1
4738	日立ビジネス	1190	1205	1182	1190	4
4739	ＣＴＣ	25590	26090	25420	25740	124.8
4740	ニューディル	139000	155000	137000	155000	0.398
4741	ＩＲＩ	2150000	2190000	2110000	2150000	0.047
4742	エイトコン	731000	731000	731000	731000	0.001
4743	アイティフォ	3690	3780	3600	3780	10.7
4744	メッツ	394000	400000	394000	395000	0.005
4745	東京個別	3350	3350	3350	3350	12
4746	東計電算	960	960	945	945	8
4747	Ｃフィッシュ	480000	550000	480000	550000	0.005
4748	構造計画	990	990	960	960	1.9
4749	アドバックス	200	212	200	212	13
4750	ダイサン	0	0	0	0	0
4751	サイバエージ	440000	440000	414000	414000	0.017
4752	昭和システム	0	0	0	0	0
4753	ライブドア	830000	850000	820000	850000	0.007
4754	トスネット	245	245	240	240	3
4755	楽天	1250000	1300000	1230000	1250000	0.22
4756	ＣＣＣ	0	0	0	0	0
4757	インテリ	1710000	1730000	1700000	1720000	0.01
4758	シーアイエス	4490000	4550000	4490000	4550000	0.007
4759	ライブＭ	1650000	1750000	1650000	1750000	0.002
4760	ＡＬＰＨＡ	520	520	520	520	3
4761	さくらＫＣＳ	800	800	800	800	3
4762	エクスネット	2460000	2460000	2460000	2460000	0.001
4763	クリークリバ	1370000	1510000	1370000	1510000	0.003
4764	Ｄデザイン	810000	820000	810000	820000	0.003
4765	モーニングＳ	2870000	2870000	2810000	2810000	0.002
4766	ピーエイ	900	900	900	900	7
4767	ＴＯＷ	1010	1010	1000	1000	12
4768	大塚商会	2940	3100	2940	3040	73.7
4769	インフォクリ	490	490	490	490	5
4770	エルミック	1010	1010	1000	1010	5
4771	Ｆ＆Ｍ	0	0	0	0	0
4772	デジタルアド	3690	3690	3360	3600	11
4773	Ａ＆Ｉ	1820	1820	1820	1820	1
4774	NECソフト	13300	13300	12900	12980	29.5
4775	総合メディカ	2120	2190	2120	2170	9
4776	ＣＹＢＯＺＵ	0	0	0	0	0
4777	ガーラ	1000000	1000000	1000000	1000000	0.003
4778	ヒューマネジ	610000	610000	600000	610000	0.006
4780	コナミ東京	0	0	0	0	0
4781	日本ハウズ	525	555	510	535	34
4782	オリコンサル	0	0	0	0	0
4783	日ダイナミク	0	0	0	0	0
4784	まぐクリック	1050000	1050000	1020000	1020000	0.003
4785	Ｓサイエンス	475	490	475	490	6
4786	ディジット	900000	911000	900000	911000	0.002
4787	ＮＣＧ	750000	750000	716000	717000	0.016
4788	サイバＣＯＭ	650000	651000	610000	650000	0.064
4789	エスイーラボ	0	0	0	0	0
4790	グレース	258000	258000	258000	258000	0.002
4791	ドリーム・トレイン	690000	690000	650000	650000	0.003
4792	ＴＦＰコンサ	600000	600000	600000	600000	0.001
4793	富士通ＢＳＣ	5290	5490	5200	5400	26.6
4794	デザインＥＸ	321000	321000	320000	320000	0.008
4795	スカパー	125000	150000	121000	146000	7.634
4797	アイシーエフ	0	0	0	0	0
4798	日本ＬＣＡ	680	680	610	679	39
4800	オリコン	0	0	0	0	0
4801	セントラルＳ	1440	1440	1410	1410	16.4
4901	富士写	4220	4400	4200	4290	1112
4902	コニカＨＤ	901	921	901	901	828
4911	資生堂	1369	1388	1360	1385	787
4912	ライオン	414	419	413	415	134
4913	サンスター	328	329	325	325	10
4914	高砂香	420	420	417	417	51
4915	エイボンＪ	210	210	210	210	3
4916	ノエビア	1050	1050	1050	1050	4
4917	マンダム	1130	1130	1120	1120	29.4
4918	アイビー	0	0	0	0	0
4919	ミルボン	6710	7100	6710	6910	17.9
4920	日本色材	0	0	0	0	0
4921	ファンケル	3700	3700	3580	3640	90.9
4922	コーセー	4000	4140	4000	4100	166.9
4951	エステー化	700	702	699	700	29
4953	タイホー工業	410	410	410	410	4
4954	マークテック	310	310	310	310	1
4955	アグロカネシ	0	0	0	0	0
4956	コニシ	919	919	909	909	7.4
4957	ヤスハラケミ	0	0	0	0	0
4958	長谷川香料	1411	1600	1410	1600	5
4959	シーシーアイ	570	580	570	580	7
4960	ケミプロ	230	230	230	230	1
4961	日油技研	0	0	0	0	0
4963	星光ＰＭＣ	501	501	501	501	1
4964	星光化学工業	320	320	320	320	0.1
4965	曽田香料	0	0	0	0	0
4966	上村工	1830	1830	1815	1820	26
4967	小林製薬	6150	6400	6150	6390	13.5
4968	荒川化工	760	760	760	760	1
4970	東洋合成	890	910	890	910	3
4987	寺岡製	705	705	705	705	1
4989	イハラケミ	203	203	198	202	18
4990	昭和化	0	0	0	0	0
4992	北興化	307	318	302	305	23
4996	クミアイ化	168	173	168	173	17
4997	日農薬	218	218	215	216	11
4998	フマキラ	0	0	0	0	0
4999	セメダイン	244	269	244	269	12
5001	新日本石油	608	620	606	615	1058
5002	昭和シェル	555	562	540	550	413
5006	興亜石油	277	280	275	278	51
5007	コスモ石	250	254	247	247	661
5008	東亜石	129	133	128	131	268
5009	富士興	100	101	93	93	1317
5010	日精蝋	82	82	81	81	5
5011	ニチレキ	442	442	435	435	8
5012	東燃ゼネ石	755	757	745	745	877
5013	ユシロ	531	560	517	525	12
5014	ジャパンエナジー	208	219	205	214	40700
5015	ＢＰカスト	607	607	593	595	1.4
5101	浜ゴム	251	253	246	246	480
5102	大機エンジ	198	198	191	193	5
5103	昭ゴム	270	281	205	250	3032
5104	日東化工	102	102	97	97	18
5105	洋ゴム	137	137	135	136	177
5106	オーツタイヤ	186	195	185	195	30
5108	ブリヂストン	1313	1338	1290	1306	1548
5110	住友ゴ	485	491	485	485	264
5121	藤ゴム	176	177	176	176	7
5122	オカモト	244	249	243	244	92
5123	ミサワ東洋	120	120	120	120	4
5142	アキレス	155	159	155	159	42
5143	世界長	86	86	80	85	49
5161	西川ゴム	0	0	0	0	0
5162	朝日ラバー	1180	1180	1150	1160	9.5
5184	ニチリン	283	300	283	300	2
5185	フコク	580	585	575	575	8
5186	ニッタ	1350	1400	1280	1280	32.7
5187	クリエート	540	540	540	540	2
5188	帝都ゴム	117	117	117	117	1
5189	桜ゴム	170	170	170	170	1
5191	東海ゴ	1060	1095	1060	1094	56
5192	三星ベ	259	260	258	258	29
5193	平成ポリマー	93	93	93	93	2
5194	相模ゴ	499	499	489	489	11
5195	バンドー	195	197	195	197	32
5196	鬼ゴム	78	79	72	78	72
5199	不二ラテ	169	169	160	160	6
5201	旭硝子	1035	1059	1030	1048	2284
5202	板硝子	1600	1630	1590	1603	1931
5204	石塚硝	200	210	200	210	10
5205	日本無機	397	404	396	404	7
5208	有沢製	2915	2980	2915	2950	20.5
5210	日山村硝	165	167	164	164	93
5212	不二硝	0	0	0	0	0
5213	芝セラミ	650	650	630	630	141
5214	日電硝	2730	2790	2710	2785	400
5215	旭テクノグラス	1230	1230	1170	1180	16
5216	倉元	1890	1890	1800	1840	4.6
5217	テクノクオツ	1320	1320	1320	1320	3
5232	住友大阪	440	457	435	450	744
5233	太平洋セメ	171	175	169	172	6500
5234	デイ・シイ	147	151	147	151	5
5237	ノザワ	88	98	88	98	3
5261	ミサワリゾ	240	240	232	240	24
5262	日ヒューム	215	219	215	219	12
5266	テイヒュー	155	163	155	155	17
5267	ハネックス	99	99	99	99	3
5268	旭コン	0	0	0	0	0
5269	日コン	98	99	97	98	7
5271	トヨアサノ	126	126	126	126	1
5273	三谷セキ	0	0	0	0	0
5274	ゼニパイプ	115	115	115	115	1
5276	石建工	325	325	325	325	2
5277	スパンクリト	300	300	300	300	2
5278	エバタ	125	125	125	125	1
5279	日本興業	200	210	200	210	2
5280	ヨシコン	0	0	0	0	0
5281	旭ダンケ	0	0	0	0	0
5282	ジオスター	0	0	0	0	0
5283	高見沢	0	0	0	0	0
5284	ヤマウ	330	330	330	330	1
5285	ヤマックス	0	0	0	0	0
5286	武井工業	173	173	173	173	8
5287	イトヨーギョ	605	605	604	604	5
5301	東海カ	237	237	233	233	287
5302	カーボン	94	94	93	94	39
5304	エスイ−シ−	0	0	0	0	0
5331	ノリタケ	640	642	633	633	720
5332	ＴＯＴＯ	802	808	799	800	348
5333	ガイシ	1460	1460	1400	1440	1284
5334	特殊陶	1848	1867	1824	1829	383
5336	INAX	517	517	509	514	161
5337	ダントー	360	360	355	355	56
5338	大トー	149	149	149	149	2
5341	アサヒ陶	110	110	110	110	2
5342	ジャニス	69	70	69	70	5
5343	ニッコー	0	0	0	0	0
5344	ＭＡＲＵＷＡ	3580	3580	3500	3540	5.8
5351	白煉瓦	208	210	205	205	47
5352	黒崎	147	161	147	159	293
5355	ルツボ	110	110	106	106	16
5356	美濃窯	0	0	0	0	0
5357	ヨータイ	162	175	161	175	33
5358	イソライト	179	179	173	173	2
5361	東海熱	480	480	470	475	18
5362	九州耐	285	285	284	284	5
5363	ＴＹＫ	185	193	185	193	11
5367	ニッカトー	752	752	740	740	4
5382	中央商事	0	0	0	0	0
5383	三共理化	0	0	0	0	0
5384	フジミインコ	3900	3900	3700	3700	23.9
5386	鶴弥	0	0	0	0	0
5387	チヨダウーテ	0	0	0	0	0
5388	クニミネ	285	285	285	285	2
5389	日レヂボン	285	285	285	285	1
5390	宇部マテリア	124	125	124	124	10
5391	Ａ＆ＡＭ	108	111	107	111	13
5393	ニチアス	333	334	324	330	162
5395	コランダム	0	0	0	0	0
5397	ＭＩＥテクノ	0	0	0	0	0
5398	日研紙	0	0	0	0	0
5401	新日鉄	187	191	186	190	32673
5403	川崎製鉄	120	130	118	129	21655
5404	日本鋼管	72	74	70	74	21309
5405	住金	70	74	69	73	39138
5406	神戸鋼	66	68	65	68	6899
5407	日新鋼	87	91	86	91	1275
5408	中山鋼	121	132	121	129	210
5410	合同鉄	85	86	83	86	267
5423	東京製鉄	454	504	454	497	611.6
5444	大和工	376	379	374	375	900
5445	東京鉄	65	67	65	67	29
5446	北越メ	110	110	110	110	5
5448	東京鋼鉄	0	0	0	0	0
5449	大阪製鉄	430	431	429	430	3.9
5451	淀川鋼	227	232	224	227	486
5453	洋鋼鈑	292	294	290	290	39
5454	日鉄鋼板	182	185	181	185	9
5457	住友鋼管	415	415	402	402	139
5458	高砂鉄	105	106	105	105	18
5461	中部鋼	140	140	131	140	31
5462	日鉄鋼管	130	130	130	130	1
5463	丸一管	1619	1696	1619	1695	133
5464	モリ工	204	207	204	204	16
5471	大同特鋼	290	300	289	300	493
5476	高周波	91	95	91	94	183
5479	日金工	75	76	74	76	222
5480	冶金工	66	66	63	63	550
5481	山陽鋼	144	145	142	145	108
5482	愛知鋼	310	330	307	320	137
5484	東北鋼	0	0	0	0	0
5486	日立金	855	863	850	863	169
5491	日金属	89	93	89	91	99
5541	大平金	212	225	208	225	1959
5542	報国鉄	0	0	0	0	0
5562	日本重化学	120	121	117	118	179
5563	日本電工	173	182	169	180	615
5566	中央電	180	180	180	180	2
5602	栗本鉄	226	229	225	225	59
5603	虹技	105	105	105	105	2
5605	自動鋳	76	76	74	74	17
5606	旭テック	140	140	140	140	18
5607	中可鍛	299	299	299	299	2
5608	川口金	205	205	203	203	2
5609	日鋳造	85	108	85	97	115
5610	大和重	124	135	124	135	5
5612	鋳鉄管	195	197	195	197	27
5613	日本カタン	330	330	330	330	3
5631	日製鋼	103	108	102	106	566
5632	菱製鋼	80	92	80	89	1080
5633	関東特殊製鋼	70	70	66	68	55
5641	ＴＤＦ	500	500	483	495	53
5642	日本鍛工	0	0	0	0	0
5644	メタルアート	101	103	101	103	4
5645	イチタン	150	150	150	150	2
5657	鈴木金	145	145	145	145	2
5658	日亜鋼	295	301	285	288	74
5659	日精線	202	202	202	202	2
5660	神鋼線	61	64	61	64	23
5691	東京シヤリング	144	144	123	124	195
5694	大和綱帯	0	0	0	0	0
5695	パウダテック	260	265	260	265	2
5696	川鉄鋼板	100	105	100	105	3
5697	サンユウ	343	345	343	345	2
5701	日軽金	92	94	91	91	914
5702	大紀ア	179	179	175	175	18
5706	三井金	840	860	832	850	1423
5707	東邦鉛	212	212	206	207	427
5711	三菱マ	302	313	301	310	3229
5713	住友鉱	526	528	514	514	1667
5714	同和鉱	475	480	470	470	1235
5715	古河機金	227	228	222	225	446
5716	日鉱金属	657	674	657	666	342
5721	Ｓサイエンス	658	672	617	640	568
5727	邦チタ	539	550	520	550	23
5728	アライドマテリアル	765	785	765	785	5
5729	日精鉱	289	293	280	293	6
5734	昭和アルミ	119	126	119	124	218
5738	住軽金	80	84	80	84	175
5739	日製箔	140	140	139	139	6
5740	九州不二サッシ	0	0	0	0	0
5753	日伸銅	61	65	61	65	10
5756	東海アルミ箔	47	58	47	58	61
5757	サンエツ	0	0	0	0	0
5771	菱伸銅	275	285	273	284	76
5781	東邦金	229	235	209	216	100
5801	古河電	2800	2820	2710	2730	1955
5802	住友電	1984	2020	1942	1990	1782
5803	フジクラ	985	998	968	987	960
5804	菱線工	308	308	296	298	229
5805	昭電線	212	212	204	207	276
5807	東特線	325	325	320	324	4
5808	理研線	0	0	0	0	0
5809	タツタ	175	180	175	180	25
5810	第一電工	90	92	90	92	42
5811	トヨ電線	741	745	741	745	2
5812	日立線	1125	1141	1105	1127	894
5813	花島電線	0	0	0	0	0
5815	沖電線	277	277	272	272	10
5816	オーナンバ	0	0	0	0	0
5817	日電線	333	333	330	330	5
5818	東日京三電線	327	327	325	327	5
5819	カナレ電気	1880	1880	1850	1860	0.9
5820	三ッ星	0	0	0	0	0
5851	リョービ	162	167	161	163	243
5852	アーレスティ	281	281	281	281	2
5853	京都ダイカスト	132	134	132	132	4
5854	東京理化工	279	285	270	280	30
5855	アサヒプリテ	1840000	1850000	1800000	1850000	0.012
5900	ダイケン	345	355	345	355	5
5901	洋カン	1844	1850	1820	1835	96
5902	北カン	221	227	221	226	168
5903	シンポ	505	505	505	505	1
5904	アルコアシステム	0	0	0	0	0
5905	日カン	143	143	143	143	1
5906	エムケー精工	450	450	450	450	2
5907	ＪＦＥコンテ	0	0	0	0	0
5908	日鉄ドラム	0	0	0	0	0
5909	コロナ	1000	1000	1000	1000	0.1
5910	立山アルミ	240	240	220	220	16
5911	横河ブ	400	400	396	396	24
5912	日本橋	122	122	120	121	9
5913	松尾橋	216	216	216	216	6
5914	宮地鐵工所	192	192	190	190	38
5915	駒井鉄	245	247	244	245	30
5916	ハルテック	210	212	206	210	7
5917	サクラダ	117	117	104	106	56
5918	滝上工	305	310	305	310	7
5919	日鉄塔	310	315	296	315	27
5921	川岸工	0	0	0	0	0
5922	那須鉄	0	0	0	0	0
5923	高田機	425	428	425	428	7
5925	酒井鉄工所	116	116	116	116	2
5926	安治川鉄工	0	0	0	0	0
5927	ホリー	105	105	105	105	6
5928	アルメタクス	183	183	183	183	0.5
5929	三和シャタ	264	265	261	263	64
5930	文化シヤタ	215	215	212	214	24
5931	川田工	215	215	211	215	10
5932	三協アルミ	72	73	71	73	44
5933	アルインコ	175	175	175	175	5
5934	日本ア	49	50	49	50	2
5935	元旦	674	674	674	674	4
5936	洋シヤタ	55	59	55	56	120
5938	住生活Ｇ	1578	1585	1569	1581	171
5939	大谷工業	0	0	0	0	0
5940	不二サッシ	80	80	80	80	17.4
5941	中西製	0	0	0	0	0
5942	フイルコン	306	306	306	306	5
5943	ノーリツ	950	954	940	940	37
5944	日立粉末	1099	1099	1075	1085	25
5945	天竜製鋸	0	0	0	0	0
5946	長府製	1145	1150	1120	1120	37.1
5947	リンナイ	2060	2060	2040	2045	65.1
5949	ユニプレス	181	181	181	181	1
5950	パワーファス	110	113	110	113	4
5951	ダイニチ工業	259	264	257	257	4.8
5952	アマテイ	0	0	0	0	0
5954	トープラ	235	235	228	229	24
5955	ヤマシナ	93	94	88	89	209
5956	トーソー	0	0	0	0	0
5957	日東精	186	186	180	180	7
5958	三洋工	325	379	321	375	498
5959	岡部	331	331	330	330	3
5961	トーカロ	771	800	771	800	4
5962	浅香工	215	215	186	186	3
5963	日立ツール	589	595	581	595	5
5964	洋刃物	0	0	0	0	0
5965	フジマック	345	345	345	345	5
5966	ＫＴＣ	0	0	0	0	0
5967	前田金	0	0	0	0	0
5969	ロブテックス	0	0	0	0	0
5970	菊池プレス	445	445	445	445	1
5971	共和工業	0	0	0	0	0
5972	日本建鐵	239	239	230	232	3.5
5973	トーアミ	0	0	0	0	0
5974	中国工	147	149	147	147	11
5975	東プレ	335	336	333	333	18
5976	ネツレン	289	295	289	295	31
5977	コマツ電子	834	835	810	810	2.6
5979	カネソウ	0	0	0	0	0
5980	田中亜鉛	210	215	210	210	14
5981	東京綱	120	120	117	119	143
5982	マルゼン	395	395	395	395	1
5983	イワブチ	0	0	0	0	0
5984	兼房	0	0	0	0	0
5985	サンコール	393	393	380	382	10
5986	モリテック	239	239	239	239	1
5987	オーネックス	0	0	0	0	0
5988	パイオラクス	665	665	665	665	1
5989	ヒラタ	0	0	0	0	0
5990	スーパツール	0	0	0	0	0
5991	ニッパツ	551	562	541	562	1240
5992	中央発條	357	361	357	361	8
5993	知多鋼	684	684	680	680	3
5994	ファインＳ	0	0	0	0	0
5995	科学冶金	0	0	0	0	0
5996	新立川	0	0	0	0	0
5997	協立エアテク	0	0	0	0	0
5998	アドバネクス	266	270	265	270	20
5999	イハラサイエ	310	315	310	315	7
6005	三浦工	1540	1550	1505	1510	65.1
6011	新潟鉄工所	79	80	78	78	785
6013	タクマ	830	837	821	830	211
6016	神発動	89	89	89	89	2
6018	阪神燃	0	0	0	0	0
6020	神鋼造機	76	76	76	76	1
6021	ロビン	0	0	0	0	0
6022	赤阪鉄	0	0	0	0	0
6023	ダイハツデ	0	0	0	0	0
6041	ボッシュ	133	135	133	133	72
6042	ニッキ	164	177	160	164	57
6101	ツガミ	321	330	320	330	202
6102	池貝	133	135	132	134	34
6103	オークマ	390	390	377	385	157
6104	東芝機	521	545	519	535	293
6106	日立精機	148	148	146	148	51
6107	アマダマシ	283	283	279	281	133
6111	旭精機	200	200	200	200	20
6112	小島鉄	0	0	0	0	0
6113	アマダ	915	930	915	920	705
6114	住倉工業	138	138	131	133	104
6118	アイダ	480	480	478	478	75
6119	ゼィープラス	275	275	275	275	11
6121	滝澤鉄	71	74	71	74	3
6125	岡本工	149	149	138	140	167
6130	日平トヤマ	187	189	180	185	39
6131	浜井産	150	153	150	153	20
6134	富機製	2700	2830	2390	2440	408.5
6135	牧野フ	666	666	648	649	170
6136	ＯＳＧ	689	690	650	660	81
6137	小池工	169	178	154	170	44
6138	ダイジェト	155	159	155	159	2
6139	東芝タンガロイ	605	610	596	606	84
6140	旭ダイヤ	570	571	568	570	29
6141	森精機	1262	1263	1200	1250	142
6142	富士精	248	248	248	248	1
6143	ソディック	492	504	481	492	28
6144	西部電機	0	0	0	0	0
6145	日特エンジ	1950	1950	1900	1910	39.5
6146	ディスコ	9080	9080	8750	8800	105.3
6147	ヤマザキ	0	0	0	0	0
6148	UHT	2130	2130	2110	2110	1.2
6149	小田原エンジ	0	0	0	0	0
6150	タケダ機械	0	0	0	0	0
6151	日東工器	2690	2745	2600	2600	4.3
6201	豊田織	2090	2110	2080	2100	426
6203	豊和工	121	123	118	123	35
6204	キリウ	210	210	210	210	2
6205	ＯＫＫ	136	141	136	141	33
6206	豊田工	670	671	660	665	1018
6208	石川製	88	88	86	86	33
6210	東洋機械	0	0	0	0	0
6211	倉敷機	0	0	0	0	0
6212	帝人製機	255	257	250	257	22
6213	ＯＭ製	135	138	135	138	4
6214	大隈豊和機械	185	185	184	184	21
6216	寿工業	0	0	0	0	0
6217	津田駒	136	136	136	136	2
6218	エンシュウ	150	154	150	151	13
6221	大東製機	406	415	401	402	21
6222	島精機	1935	1940	1918	1921	28.9
6242	スピンドル	191	200	191	200	4
6245	ヒラノテク	270	270	270	270	5
6246	井上金	142	142	142	142	1
6247	日阪製	460	460	454	455	13
6271	ニッセイ	825	825	825	825	0.1
6272	レオン	355	356	355	356	9
6273	ＳＭＣ	15330	16170	15310	15310	146.7
6274	新川	3250	3250	3100	3150	30.2
6275	イセキ開発工	65	65	65	65	3
6276	ナビタス	495	495	490	495	3
6277	ホソミクロン	630	630	625	630	13
6278	ユニオンツル	7600	7600	7100	7110	29
6279	瑞光	985	998	985	998	3.2
6280	名機製	531	540	530	539	25
6281	前田製作	0	0	0	0	0
6282	オイレス	1800	1815	1798	1799	26.2
6283	オリイメック	0	0	0	0	0
6284	ＡＳＢ機械	295	295	295	295	5
6286	静甲	485	485	485	485	2
6287	サトー	2530	2550	2530	2545	9.2
6288	ハマダ印刷機	0	0	0	0	0
6289	技研製	260	260	260	260	2
6290	ＳＥＳ	695	750	650	750	72
6291	エアーテック	726	726	700	700	2
6292	カワタ	530	530	530	530	1
6293	日精樹脂	945	960	940	950	10
6294	オカアイヨン	202	202	202	202	2
6295	富士変速	250	250	250	250	0.1
6296	ロキテクノ	1120	1130	1110	1110	7
6297	鉱研工業	250	250	240	250	9.1
6298	ワイエイシイ	1000	1000	1000	1000	1
6299	神鋼環境Ｓ	0	0	0	0	0
6300	アピクヤマダ	770	780	750	780	7
6301	コマツ	564	564	546	553	2398
6302	住友機	220	220	215	216	1980
6303	ササクラ	0	0	0	0	0
6304	マキ製作所	469	469	469	469	1
6305	日立建機	428	428	420	420	62
6306	日工	255	265	247	247	54
6307	サンセイ	70	75	70	75	7
6309	巴工業	0	0	0	0	0
6310	井関農	78	78	76	76	165
6311	セイレイ工業	0	0	0	0	0
6312	フロイント	0	0	0	0	0
6313	共立	128	132	128	132	16
6314	石井工研	808	810	808	810	3
6315	ＴＯＷＡ	2695	2795	2650	2770	80.1
6316	丸山製	135	137	132	132	31
6317	北川鉄	124	127	124	125	39
6319	シンニッタン	216	217	211	211	8
6320	新ダイワ	260	275	260	275	14
6321	石搬機	350	350	350	350	3
6322	タクミナ	470	480	470	480	3
6323	ローツェ	1420	1490	1420	1490	2
6324	ハーモニック	1780000	1820000	1780000	1820000	0.031
6325	タカキタ	195	195	195	195	4
6326	クボタ	393	393	378	379	1598
6327	北川精機	435	450	430	450	8
6328	荏原実業	0	0	0	0	0
6329	ＨＥＣ	0	0	0	0	0
6330	東洋エンジ	96	100	96	100	148
6331	化工機	191	195	191	194	25
6332	月島機	620	631	620	621	20
6333	帝国電	621	625	621	625	2
6334	明治機	112	114	111	113	373
6335	東京機	388	393	385	393	86
6336	石井表記	3120	3120	3100	3120	7.2
6337	テセック	3020	3090	3020	3090	3
6338	タカトリ	949	949	940	940	2
6339	新東工	252	253	248	248	11
6340	渋谷工	847	847	847	847	1
6341	日立造船富岡	149	149	149	149	3
6342	太平製	80	80	80	80	2
6343	フリージア	37	39	36	38	113
6344	ＮＥＣマシナ	2400	2400	2370	2370	3
6345	アイチコーポ	167	170	163	170	4.2
6346	菊川鉄	0	0	0	0	0
6347	プラコー	85	85	85	85	3
6348	日本マリンテクノ	580	580	580	580	1
6349	小森	1660	1690	1651	1652	76
6350	新日本造機	0	0	0	0	0
6351	鶴見製	515	515	515	515	2
6352	トヨコケン	0	0	0	0	0
6354	日立機電	380	380	379	379	2
6355	住友精	330	334	330	331	14
6356	日ギア	156	156	156	156	1
6357	三精輸	275	276	273	276	44
6358	酒井重	223	223	215	215	36
6359	粟村製作所	0	0	0	0	0
6360	東自機	0	0	0	0	0
6361	荏原	1430	1438	1400	1400	424
6362	石井鉄	180	180	178	178	4
6363	酉島	510	510	509	509	3
6364	北越工	123	123	123	123	4
6365	電業社	4010	4010	3900	3950	0.9
6366	千代建	73	90	72	83	3741
6367	ダイキン	2340	2355	2310	2325	229
6368	オルガノ	408	408	403	403	25
6369	トヨカネツ	100	103	100	103	74
6370	栗田工	1729	1735	1660	1671	67
6371	椿本チ	370	370	359	366	394
6372	セイサ	81	81	81	81	1
6373	大同工	230	230	220	230	19
6374	ＴＣＭ	295	295	278	285	97
6375	コンベヤ	81	83	78	81	275
6376	日機装	559	559	550	559	29
6377	甲陽建設	418	435	418	432	132
6378	木村化	231	239	230	230	15
6379	新興プラン	96	96	91	96	7
6380	オリチェン	94	99	94	99	10
6381	アネスト岩田	146	158	146	158	30
6382	トリニ工	0	0	0	0	0
6383	ダイフク	769	810	731	777	2054
6386	扶桑レクセ	1086	1090	1070	1070	69
6388	ミサワバン	431	454	431	450	165
6389	内田油圧	48	48	46	46	14
6390	加藤製	140	142	138	141	50
6391	加地テック	142	142	137	142	3
6392	ヤマダコーポ	134	134	134	134	4
6393	油研工	120	120	118	118	13
6394	大江工業	0	0	0	0	0
6395	タダノ	170	172	168	168	148
6396	宇野鉄	0	0	0	0	0
6397	郷鉄工	0	0	0	0	0
6398	日本電産シンポ	790	790	780	780	11
6403	水道機	0	0	0	0	0
6406	フジテック	680	680	620	630	262
6407	シーケーディ	880	880	862	862	64
6408	クラッチ	703	703	703	703	1
6409	キトー	0	0	0	0	0
6411	中野冷	0	0	0	0	0
6412	平和	1820	1822	1802	1815	50.3
6413	理想科学	1870	1870	1800	1820	2.1
6414	川重冷熱	0	0	0	0	0
6415	ニスカ	0	0	0	0	0
6416	桂川電機	200	200	200	200	12
6417	ＳＡＮＫＹＯ	3470	3530	3360	3470	167.3
6418	日金銭	1415	1420	1402	1402	25
6419	マース	3850	4040	3850	4040	36.7
6420	福島工業	0	0	0	0	0
6421	キヤノンＦ	940	960	935	960	11
6423	アビリット	3420	3550	3350	3460	54.1
6424	高見サイ	350	350	350	350	5
6425	アルゼ	5400	5490	5300	5360	29.6
6426	サミー	2280	2280	2250	2250	14.3
6427	東北リコー	928	933	928	933	12
6428	オーイズミ	1490	1490	1400	1400	4
6431	キャノンＮＴＣ	341	341	340	341	6
6436	アマノ	939	945	939	939	175
6437	三条機	131	131	128	130	11
6439	中日鋳	0	0	0	0	0
6440	ＪＵＫＩ	400	407	398	401	84
6442	コピア	348	350	340	340	3
6443	東洋製	115	115	113	113	4
6444	サンデン	567	567	544	552	72
6445	蛇の目	83	86	83	86	62
6448	ブラザー	215	230	213	225	550
6453	シルバ精	128	130	125	125	210
6454	マックス	1200	1200	1140	1140	18
6455	モリタ	253	259	253	259	8
6457	グローリー	2105	2150	2100	2120	15
6458	新晃工	158	158	156	158	16
6459	大和冷	275	283	275	283	89
6461	日ピス	92	94	91	92	71
6462	リケン	200	200	195	198	31
6463	ＴＰＲ	300	302	300	302	12
6466	トウアバルブ	85000	90000	85000	90000	0.006
6467	ニチダイ	550	550	549	550	10
6468	駿河精機	6300	6500	6200	6200	15
6469	放電精密	1020	1080	1020	1080	23
6470	大豊工業	868	868	867	868	1.2
6471	日精工	790	798	787	789	617
6472	ＮＴＮ	318	322	317	317	753
6473	光洋精	810	810	795	795	187
6474	不二越	176	177	172	172	164
6475	天辻	0	0	0	0	0
6476	富士テクニカ	300	300	300	300	1
6477	ツバキ・ナカ	1378	1407	1377	1392	26
6478	ダイベア	0	0	0	0	0
6479	ミネベア	1130	1177	1111	1139	1307
6480	トムソン	1150	1168	1146	1148	54
6481	ＴＨＫ	3150	3280	3000	3280	720
6482	ユーシン精機	5030	5100	5000	5100	7.4
6483	川重防災	0	0	0	0	0
6484	ＫＶＫ	247	247	247	247	2
6485	前沢給装	580	580	580	580	8
6486	イーグル工	374	374	367	368	20
6487	積水工機	0	0	0	0	0
6488	ヨシタケ	250	250	250	250	1
6489	前沢工業	694	695	693	695	19.9
6490	ピラー	800	814	800	814	12
6492	岡野バ	0	0	0	0	0
6493	日鍛バ	185	190	185	190	2
6494	ファネス	340	390	309	380	57
6495	宮入バ	65	65	65	65	3
6496	中北製	195	195	195	195	5
6497	ハマイ	0	0	0	0	0
6498	キッツ	150	155	149	153	393
6499	大隈エンジニア	188	188	188	188	1
6501	日立	1100	1116	1092	1094	3535
6502	東芝	800	825	795	811	15354
6503	三菱電	760	774	753	764	3589
6504	富士電機ＨＤ	346	347	338	345	680
6505	東洋電	120	126	120	126	13
6506	安川電	956	956	929	933	589
6507	神鋼電	175	175	173	174	123
6508	明電舎	201	201	197	200	178
6513	オリジン	700	700	696	696	14
6516	山洋電	700	700	683	700	112
6517	デンヨー	620	620	617	620	17
6518	三相電機	620	635	620	625	12
6519	エネサーブ	4050	4200	4000	4200	9
6581	日立工	349	349	345	348	87
6584	三桜工	481	489	481	489	12
6585	サーボ	251	251	241	250	4
6586	マキタ	855	884	855	875	70
6587	松下精工	418	418	410	410	33
6588	東芝テック	378	378	365	373	313
6590	芝浦	680	689	650	679	128
6591	西芝電	0	0	0	0	0
6592	マブチ	12390	12390	12130	12130	35.4
6593	ローヤル電	0	0	0	0	0
6594	日電産	6190	6620	6150	6430	70.9
6621	高岳	141	143	140	141	50
6622	ダイヘン	180	180	178	179	38
6623	愛電機	0	0	0	0	0
6624	田淵電	190	194	190	194	7
6641	日新電	267	273	261	273	122
6643	戸上電	136	136	136	136	1
6644	大崎電	699	699	679	679	31
6645	オムロン	2600	2655	2560	2600	398
6646	エナジーサポ	385	394	385	393	53
6647	森尾電	110	110	110	110	2
6648	かわでん	1	2	1	2	69
6650	春日電	128	130	128	130	11
6651	日東工	845	845	835	835	27
6652	和泉電	1333	1355	1329	1343	121
6654	不二電機	515	515	515	515	4
6655	東洋電機	310	310	310	310	3
6701	ＮＥＣ	2120	2185	2100	2145	5087
6702	富士通	1910	1915	1865	1867	6484
6703	沖電気	675	675	662	668	933
6704	岩崎通	234	235	232	232	29
6705	ＮＥＣインフ	515	525	510	510	41
6706	電気興	695	718	692	710	29
6707	サンケン	682	692	682	686	73
6708	東洋通	855	855	840	849	77
6709	明星電	0	0	0	0	0
6710	大興電機製作	201	201	195	195	38
6711	高見澤電機	230	230	230	230	27
6712	田村電機製作	221	221	216	216	28
6714	神田通信工業	161	161	161	161	1
6715	ナカヨ通	240	243	235	243	12
6716	中央無	0	0	0	0	0
6717	富士通アクセ	1320	1355	1300	1300	24
6718	アイホン	1090	1103	1090	1090	3.2
6741	信号	395	395	387	387	102
6742	京三	236	240	235	239	85
6743	大同信	0	0	0	0	0
6744	能美防災	396	396	395	395	10
6745	ホーチキ	279	280	269	279	15
6747	小糸工	275	280	275	280	2
6748	星和電	421	421	421	421	7
6749	マスプロ	1045	1045	1025	1030	11.4
6751	日無線	691	695	684	688	299
6752	松下	2870	2900	2835	2850	4863
6753	シャープ	1389	1409	1375	1402	2444
6754	アンリツ	3150	3210	3080	3170	590
6755	富士通ゼ	607	610	598	599	32
6756	日立国際	881	905	881	883	62
6758	ソニー	8900	8980	8790	8930	2349
6759	ＮＥＣトーキ	1316	1345	1310	1336	174
6761	アイワ	845	846	838	839	85.7
6762	ＴＤＫ	11810	11880	11590	11700	414.7
6763	帝通工	340	350	335	345	31
6764	三洋電	879	893	872	875	2284
6765	ケンウッド	303	303	295	296	194
6766	宮越商	20	21	19	21	257
6767	ミツミ	2870	2870	2745	2745	769
6768	タムラ	425	427	425	427	29
6770	アルプス	2465	2465	2390	2420	548
6771	池上通	235	235	227	230	38
6772	コスモス	139	139	139	139	4
6773	パイオニア	3550	3600	3490	3550	1041
6775	東和メクス	98	99	98	98	13
6776	天昇電	178	178	178	178	2
6779	日電波	3630	3630	3500	3560	48.3
6781	松下通信工業	15940	16200	15850	16100	282
6782	九州松下電器	1043	1044	1027	1032	46
6783	松下寿電子	2095	2115	2030	2040	138
6788	日本トリム	1050	1170	1030	1150	1221
6789	ローランドDG	750	755	740	750	6.9
6790	野田スクリン	4330000	4330000	4150000	4200000	0.009
6791	コロムビア	185	185	182	185	18
6792	ビクター	870	870	840	841	95
6793	山水電	5	6	5	6	525
6794	フォスター	568	568	551	552	13
6796	クラリオン	300	300	292	296	697
6797	名古屋電機	1150	1150	1150	1150	2
6798	ＳＭＫ	659	662	651	660	28
6799	日本マランツ	0	0	0	0	0
6800	ヨコオ	2030	2060	1980	2040	44.1
6801	東光	574	610	560	593	461
6802	赤井電機	1	2	1	1	4081
6803	ティアック	345	345	328	329	37
6804	ホシデン	3900	4020	3890	4000	346
6806	ヒロセ電	13880	13880	13580	13580	27.1
6807	航空電子	900	920	890	920	341
6808	シントム	35	37	35	35	3130
6809	ＴＯＡ	301	304	301	304	8
6810	マクセル	2220	2235	2200	2200	215
6811	クオンツ	296	296	279	293	57
6812	ジャルコ	499	499	488	488	4
6813	ナカミチ	64	79	64	74	378
6814	古野電	274	301	274	301	21
6815	ユニデン	491	491	470	470	83
6816	アルパイン	1300	1302	1280	1289	27
6817	スミダコーポ	4670	4670	4650	4660	3.8
6818	島田理	1110	1150	1100	1150	3.1
6819	オメガ・プロ	325	343	316	321	551
6820	アイコム	1440	1480	1440	1450	3.5
6821	バーテクスＳ	900	900	870	890	5
6822	大井電気	231	231	230	230	16
6823	リオン	585	590	570	570	7
6824	新コスモス	0	0	0	0	0
6825	パトライト	1790	1790	1750	1780	5
6826	本多通信	3750	3750	3700	3710	1.1
6827	東北パイオ	4200	4500	4000	4000	33
6828	シメオ精密	6280	6280	6280	6280	2
6829	ソーテック	1370000	1430000	1320000	1420000	0.121
6830	ＹＯＺＡＮ	3900000	4000000	3750000	3850000	0.183
6832	アオイ電子	4500	4600	4500	4600	12
6833	日電産リード	2055	2055	2050	2050	3
6834	精工技研	34000	35000	33400	34100	24.4
6835	アライドＨＤ	4950	4950	4750	4800	3.5
6836	ぷらっと	7350000	7350000	7350000	7350000	0.001
6837	京写	730	730	700	710	17
6838	多摩川電	0	0	0	0	0
6839	船井電	7880	8200	7300	8200	60.3
6840	アドテック	2350	2500	2300	2500	22
6841	横河電	946	952	932	940	241
6842	ユニパルス	2990	2990	2950	2950	8
6843	東光精機	0	0	0	0	0
6844	新電元	561	580	561	575	204
6845	山武	1260	1260	1250	1250	56
6846	中央製	150	150	150	150	1
6847	安藤電気	1149	1200	1135	1180	63
6848	東亜ＤＫＫ	285	285	285	285	16
6849	日本光電	285	286	285	285	16
6850	チノー	237	240	227	231	29
6851	大倉電気	168	173	168	173	4
6852	テクノセブン	139	160	139	151	26
6853	共和電	290	294	285	290	44
6855	電子材料	1550	1580	1550	1550	10
6856	堀場製	955	955	921	921	36
6857	アドバンテスト	13680	13980	13390	13900	277
6858	小野測器	207	208	206	206	8
6859	エスペック	1085	1100	1085	1090	7
6860	サンクス	1355	1360	1355	1360	10
6861	キーエンス	29550	30050	28800	29330	70.8
6862	ミナトエレ	0	0	0	0	0
6863	ニレコ	0	0	0	0	0
6864	ＮＦ回路	0	0	0	0	0
6866	ＨＩＯＫＩ	830	830	830	830	1
6867	リーダー電子	1390	1390	1390	1390	2
6868	東カソード	1050	1070	1030	1070	2.8
6869	シスメックス	2695	2850	2690	2815	5
6870	フェンオール	436	436	436	436	3
6871	日本マイクロ	1800	1800	1700	1720	3.3
6872	日本コーリン	7700	7800	7410	7550	12
6873	日立電子Ｅ	652	690	652	690	5
6874	協立電機	2040	2060	2040	2060	0.4
6875	メガチップス	4320	4330	4250	4300	4.4
6876	光波	2500	2600	2500	2550	3.7
6877	ＯＢＡＲＡ	755	760	755	755	4
6878	長野日無	485	485	485	485	9
6879	フォトロン	0	0	0	0	0
6880	シンワ	770	785	760	785	3.4
6881	キョウデン	2365	2440	2365	2440	5
6882	三社電機	848	848	848	848	1
6883	電産コ電	1150	1170	1100	1100	13
6884	デジタル	3200	3200	3200	3200	1
6885	ミヤチテクノ	4500	4870	4500	4850	45.4
6886	グラフィック	0	0	0	0	0
6887	日本ＬＳＩカード	250000	250000	250000	250000	0.001
6888	アクモス	250000	250000	245000	248000	0.012
6889	オーデリック	395	400	390	400	4
6890	フェローテク	2550	2830	2480	2820	308
6891	イーター電機	450	450	410	410	9
6892	シチズン電子	6960	7050	6870	7050	4.7
6893	タイテック	745	745	740	740	3
6894	パルステック	1830	1860	1780	1800	17
6895	ダイヤ電機	510	510	509	509	2
6896	北川工業	920	931	901	931	5.2
6897	ツインバード	184	192	184	192	2
6898	トミタ電機	0	0	0	0	0
6899	ＡＳＴＩ	0	0	0	0	0
6900	東京電波	4400	4400	4230	4310	9.4
6901	沢藤電	192	192	192	192	2
6902	デンソー	2410	2445	2400	2400	501
6904	原田工業	345	345	345	345	1
6905	コーセル	3800	3800	3770	3770	7.1
6906	キヤ･コンポ	242	250	242	242	5
6907	ジオマテック	2150	2200	2150	2180	6.8
6908	イリソ電子	450	450	450	450	2
6909	北部通信工業	280	280	280	280	1
6910	日立メディコ	1146	1146	1130	1130	4
6911	新日無	969	969	950	968	11
6912	菊水電子	0	0	0	0	0
6913	メルコ	2285	2285	2240	2250	97.5
6914	オプテックス	990	995	980	980	3
6915	千代田インテ	1460	1460	1450	1460	7
6916	アイオデータ	1650	1650	1560	1570	40.4
6917	デンセラムダ	2585	2585	2500	2525	17.8
6918	アバール	717	740	717	720	8
6919	ケル	610	610	610	610	3
6920	レーザーテク	1740	1740	1740	1740	1
6921	東光電	271	276	265	276	13
6922	昭和情報	340	340	340	340	1
6923	スタンレー	1265	1278	1239	1260	272
6924	岩崎電	241	242	230	242	21
6925	ウシオ電	1870	1875	1837	1873	231
6926	岡谷電	318	318	315	315	8
6928	エノモト	800	800	771	790	11
6929	日セラ	2200	2250	2190	2250	87
6930	日本アンテナ	1040	1050	1010	1010	13
6931	日本電池	381	400	380	400	473
6932	ユアサコーポ	375	378	375	378	17
6933	ＹＵＡＳＡ	234	234	228	228	179
6934	新神戸	570	570	552	552	29
6935	日デジタル	1410	1425	1410	1411	18.6
6936	東洋高砂乾	0	0	0	0	0
6937	古河池	287	287	287	287	1
6938	双信電機	710	710	695	700	5
6939	ＵＭＣＪ	1110000	1160000	1000000	1000000	0.737
6940	多摩電気	279	280	279	280	4
6941	山一電機	1980	1980	1880	1900	88.6
6942	ソフィア	190	190	190	190	1
6943	開閉器	625	625	625	625	1
6944	アイレックス	208	208	206	206	5
6945	ＦＴＥＣ	529	529	525	525	2
6946	日本アビオ	256	256	256	256	4
6947	図研	2110	2170	2105	2120	15.8
6948	住友電装	850	850	850	850	2
6949	キンセキ	1340	1375	1340	1374	60
6950	ＹＥデータ	368	388	368	388	7
6951	日電子	630	637	630	630	19
6952	カシオ	1040	1040	1005	1018	544
6954	ファナック	9100	9200	8950	9050	449.3
6955	ＦＤＫ	1180	1180	1143	1160	122
6956	神明電	1550	1550	1530	1550	17
6957	芝浦電子	329	333	329	330	15.2
6958	日本ＣＭＫ	1600	1640	1600	1636	265
6960	フクダ電	2200	2250	2190	2250	26
6961	エンプラス	4340	4450	4300	4450	54.7
6962	大真空	630	630	610	624	99
6963	ローム	28340	28790	27800	28550	217.9
6964	サンコー	1230	1250	1230	1250	2
6965	ホトニクス	7500	7500	7400	7410	154.6
6966	三井ハイテク	1620	1620	1590	1591	17.6
6967	新光電工	4300	4300	4100	4200	25.5
6968	グラフテック	151	158	151	158	8
6969	松尾電	501	502	491	491	22
6970	日本コンラックス	519	526	516	526	32
6971	京セラ	15390	15680	15100	15360	480.8
6972	エルナー	400	400	390	400	13
6973	協栄産	341	345	337	343	17
6974	日本インター	298	298	296	296	6
6975	ＮＥＯＭＡＸ	1191	1200	1070	1111	377
6976	太陽電	4340	4530	4300	4450	801
6977	抵抗器	200	200	200	200	1
6980	日立ＡＩＣ	1110	1110	1100	1110	12
6981	村田製	15280	15430	15130	15340	789.5
6982	リード	200	205	180	180	114
6984	朝日ナショナ	0	0	0	0	0
6985	ユーシン	373	374	373	373	14
6986	双葉電	3550	3560	3490	3500	56.3
6988	日東電	3890	3940	3860	3910	103.8
6989	北電工	193	195	190	193	35
6991	松電工	1287	1290	1279	1282	2139
6992	国産電	195	195	195	195	1
6993	森電機	90	94	88	91	46
6994	指月電	205	205	201	201	4
6995	東海理	748	748	735	736	76
6996	ニチコン	1751	1760	1740	1745	173.3
6997	日ケミコン	858	862	840	846	963
6998	タングス	290	290	290	290	2
6999	ＫＯＡ	2490	2490	2440	2465	56.5
7003	三井造	120	121	118	118	1219
7004	日立造	102	104	99	103	3532
7007	佐世保	76	80	76	80	315
7011	三菱重	486	488	477	481	3526
7012	川重	138	147	137	146	6769
7013	石川島	232	238	231	234	2741
7014	名村造	175	175	165	170	241
7018	内海造	0	0	0	0	0
7020	サノヤス	175	175	175	175	56
7021	ニッチツ	145	145	144	144	3
7052	信貴造船所	0	0	0	0	0
7102	日車両	181	182	179	181	156
7104	富士車輌	101	103	101	103	16
7105	ニチユ	186	186	185	185	4
7122	近畿車	129	129	125	125	14
7123	東急車輌製造	71	73	71	73	51
7124	輸送機工業	0	0	0	0	0
7142	ナブコ	157	160	157	160	39
7201	日産自	670	680	655	670	4278
7202	いすゞ	217	217	212	212	995
7203	トヨタ	3910	3940	3870	3910	2676.1
7204	小松ゼノア	230	230	230	230	6
7205	日野自	375	375	366	366	318
7210	日産ディ	100	102	98	100	245
7211	三菱自	353	355	340	341	743
7212	エフテック	500	510	500	510	3
7219	ＨＫＳ	0	0	0	0	0
7220	武蔵精密	0	0	0	0	0
7221	トヨ車	1030	1030	1020	1021	14
7222	産車体	158	159	148	148	60
7223	関東自	608	610	599	610	10
7224	新明和	175	178	172	174	38
7225	小松フォーク	161	161	157	159	16
7226	極東開発	465	470	450	450	7.8
7227	アスカ	578	578	578	578	2
7228	デイトナ	0	0	0	0	0
7229	ユタカ技研	0	0	0	0	0
7230	日信工業	1840	1840	1810	1810	4
7231	トピー	169	171	169	169	158
7232	トキコ	208	208	202	205	224
7233	自部品	82	82	75	75	6
7234	橋本フォーミング	58	58	58	58	3
7235	東ラヂ	0	0	0	0	0
7236	ティラド	450	455	417	430	506
7237	ボッシュブレーキ	145	145	145	145	28
7238	ブレーキ	208	208	205	208	16
7239	タチエス	462	462	462	462	2
7240	ＮＯＫ	1160	1211	1156	1180	1847
7241	フタバ	1420	1469	1420	1461	248
7242	カヤバ	180	181	176	176	328
7243	シロキ	194	195	190	190	11
7244	市光工	208	208	205	208	43
7245	大同メ	570	570	551	569	26
7246	プレス工	70	70	68	68	40
7247	ミクニ	124	124	122	122	7
7248	カルソニック	260	260	254	259	186
7249	尾張精	168	168	168	168	6
7250	太平洋工	261	262	261	262	15
7251	ケーヒン	930	935	920	930	165
7252	富士機	190	190	190	190	1
7253	日本ガスケット	409	409	409	409	1
7254	フジユニ	165	165	165	165	2
7255	桜井製	800	800	800	800	1
7256	河西工	193	193	190	193	13
7257	自転車電機工	385	399	380	380	23
7258	栃木富士産業	215	228	215	227	8
7259	アイシン	1710	1714	1700	1705	129
7260	富士機工	200	202	200	202	4
7261	マツダ	259	259	255	259	1808
7262	ダイハツ	825	825	806	810	1354
7263	愛知機	213	213	207	209	18
7264	ＭＵＲＯ	0	0	0	0	0
7265	エイケン工業	590	590	555	555	3
7266	今仙電機	330	330	330	330	2
7267	ホンダ	3880	3890	3820	3820	1294
7268	タツミ	0	0	0	0	0
7269	スズキ	1250	1288	1247	1285	278
7270	富士重	754	770	744	755	1285
7271	安永	0	0	0	0	0
7272	ヤマハ発	771	771	762	768	214
7273	イクヨ	168	168	168	168	1
7274	ショーワ	579	579	574	574	58
7275	ユニシア	175	175	170	170	49
7276	小糸製	487	490	481	485	702
7277	ＴＢＫ	111	118	110	118	9
7278	エクセディ	781	781	745	751	16.2
7279	ケーブル	0	0	0	0	0
7280	ミツバ	434	439	430	439	6
7282	豊田合	4200	4200	3950	4030	225
7283	愛三工	680	680	670	680	6
7284	盟和産	222	222	222	222	1
7285	池田物産	106	108	106	107	264
7286	イズミ工業	0	0	0	0	0
7287	日精機	590	590	590	590	2
7288	テクノエイト	0	0	0	0	0
7289	マーレ テネックス	0	0	0	0	0
7290	日発精密工業	290	290	290	290	1
7291	日本プラスト	0	0	0	0	0
7292	村上開明	680	680	680	680	1
7293	大井製作所	235	235	230	230	6
7294	ヨロズ	410	410	398	400	8.8
7295	アイエス製機	0	0	0	0	0
7296	ＦＣＣ	950	950	950	950	1
7297	カーメイト	500	500	500	500	0.3
7298	八千代工	360	360	360	360	5
7299	フジオーゼ	0	0	0	0	0
7301	宮田	105	105	104	104	11
7305	新家工	95	95	95	95	3
7306	丸石自転車	193	193	191	191	6
7308	ツノダ	70	70	70	70	9
7309	シマノ	2100	2185	2075	2185	167.7
7399	ナンシン	230	230	230	230	1
7404	昭和飛	256	260	256	256	6
7407	日本飛行機	239	239	232	235	42
7408	ジャムコ	401	421	401	421	2
7410	横浜鋼業	107	107	107	107	1
7411	成和産業	0	0	0	0	0
7412	アトム	1290	1290	1280	1280	2.5
7413	創健社	170	170	170	170	2
7414	小野建	0	0	0	0	0
7415	新星堂	280	280	280	280	7
7416	はるやま	728	728	728	728	4.5
7418	ヤマキ	0	0	0	0	0
7419	ノジマ	1350	1350	1350	1350	3.2
7420	佐鳥電機	1220	1220	1192	1210	5
7421	カッパクリエ	4400	4500	4400	4470	11
7422	東邦レマック	590	590	580	580	2
7423	フォンテーヌ	1121	1121	1101	1101	2.2
7424	ニコニコ堂	0	0	0	0	0
7425	初穂商事	290	290	290	290	1
7426	山大	0	0	0	0	0
7427	エコーＴＤ	1589	1589	1565	1565	3.7
7428	江戸沢	778	780	778	780	1.5
7429	セイジョー	1130	1170	1090	1110	5.1
7430	サンワドー	460	460	460	460	0.4
7432	ダルトン	0	0	0	0	0
7433	伯東	3050	3540	3010	3260	1472.4
7434	オータケ	1600	1600	1520	1520	1.2
7435	ナ・デックス	440	440	434	434	4
7437	シーアンドエス	3780	3850	3760	3790	89.5
7438	コンドー	363	365	361	361	9.5
7439	サンミック千代田	0	0	0	0	0
7440	クラフト	740	740	740	740	2
7442	中山福	320	320	315	315	4
7443	横浜魚類	295	295	295	295	2
7444	ハリマ共和	0	0	0	0	0
7445	ライトオン	2500	2500	2500	2500	9
7446	東北化学	380	380	380	380	1
7447	ナガイレーベ	2090	2150	2080	2150	1.5
7448	ジンズメイト	730	740	722	730	2.9
7449	太洋興業	115	115	115	115	2
7450	サンデー	780	780	780	780	1
7451	菱食	4420	4600	4420	4550	11.7
7452	マツヤ	0	0	0	0	0
7453	良品計画	5400	5500	5270	5460	85.7
7454	ホットスパー	0	0	0	0	0
7455	三城	3000	3070	2900	3070	86.2
7456	松田産業	1900	1900	1900	1900	1
7457	セキテクノ	484	484	484	484	1
7458	第一興商	1180	1240	1180	1230	15.2
7459	メディセオＨＤ	1017	1020	1010	1010	236.7
7460	ヤギ	470	470	470	470	12
7461	キムラ	0	0	0	0	0
7462	ダイヤ通商	0	0	0	0	0
7463	アドヴァン	1513	1516	1461	1461	6.3
7464	セフテック	0	0	0	0	0
7465	ＭＶ北海道	1650	1650	1650	1650	0.1
7466	ＳＰＫ	1000	1000	970	970	0.6
7467	萩原電気	0	0	0	0	0
7468	アムスク	1000	1000	980	980	3
7470	サロモンメイド	575	575	575	575	1
7471	ふじ	0	0	0	0	0
7472	鳥羽洋行	0	0	0	0	0
7473	静岡スバル	0	0	0	0	0
7474	パオ	520	520	500	500	2
7475	アルビス	0	0	0	0	0
7476	アズワン	1531	1550	1531	1550	3.2
7477	ムラキ	168	168	168	168	2
7478	ブルーグラス	439	439	436	436	4
7479	サンマルク	3800	3950	3800	3950	15.6
7480	スズデン	0	0	0	0	0
7481	尾家産	740	740	740	740	1
7482	シモジマ	0	0	0	0	0
7483	ドウシシャ	1850	1879	1830	1879	4.5
7485	岡谷鋼機	940	940	940	940	6
7486	サンリン	522	522	522	522	7
7487	小津産業	1070	1070	1070	1070	2.9
7488	ヤガミ	0	0	0	0	0
7490	日新商	0	0	0	0	0
7491	ＯＡシステム	0	0	0	0	0
7492	タイカン	0	0	0	0	0
7494	コナカ	643	655	642	654	13.2
7495	レオ	0	0	0	0	0
7496	八千代ムセン	850	880	850	880	1.5
7497	マインマート	0	0	0	0	0
7498	ジャパン	1980	1980	1980	1980	5.5
7500	西川計測	0	0	0	0	0
7501	ティムコ	755	755	755	755	0.1
7502	プラザクリエ	0	0	0	0	0
7503	ＩＭＩ	0	0	0	0	0
7504	高速	580	580	580	580	2
7505	扶桑電通	506	506	500	500	2
7506	ハウスローゼ	645	645	640	644	4.1
7507	浜 勝	0	0	0	0	0
7508	オートセブ	500	500	492	492	3
7509	アイエー	0	0	0	0	0
7510	竹菱電機	0	0	0	0	0
7511	ジプロ	0	0	0	0	0
7512	ポスフール	980	1030	980	996	10.3
7513	コジマ	2260	2340	2235	2255	43.2
7514	ヒマラヤ	540	540	540	540	0.5
7515	マルヨシ	0	0	0	0	0
7516	コーナン	1050	1050	1015	1030	0.3
7517	黒田電気	2400	2430	2400	2410	8.7
7518	ネットワン	3150000	3270000	3090000	3250000	0.561
7519	五洋インテ	230	230	230	230	1
7520	エコス	515	515	498	498	1.7
7521	ムサシ	0	0	0	0	0
7522	ワタミ	5280	5280	5060	5060	19.8
7523	アールビバン	1050	1050	1030	1040	3.9
7524	マルシェ	900	910	900	910	4
7527	システムソフ	373	390	373	390	6
7528	安藤薬業公司	345	345	330	330	2
7529	はるやま	0	0	0	0	0
7530	ナブコドア	0	0	0	0	0
7531	清和鋼業	0	0	0	0	0
7532	ドンキホーテ	10460	10700	10190	10680	15.1
7535	グッドマン	2000	2050	2000	2000	1.1
7536	船橋薬品	0	0	0	0	0
7537	丸文	1421	1421	1350	1350	40
7538	大水	0	0	0	0	0
7539	アベルコ	0	0	0	0	0
7540	エルエスフェンス	0	0	0	0	0
7541	メガネトップ	2300	2320	2300	2320	0.4
7542	ビスケーＨＤ	0	0	0	0	0
7543	ミスタージョン	0	0	0	0	0
7544	スリーエフ	1100	1110	1100	1110	0.3
7545	西松屋チェ	1690	1690	1600	1632	32.4
7547	オートハローズ	0	0	0	0	0
7548	サンクスＪＰ	1130	1130	1100	1130	7
7549	エス・エス・ブイ	720	720	720	720	2
7550	ゼンショー	870	920	870	915	3.6
7551	ウェッズ	290	304	290	304	0.5
7552	ハピネット	1709	1780	1699	1780	3.2
7553	サザビー	5010	5010	4900	4900	7
7554	幸楽苑	990	990	990	990	1
7555	大田花き	0	0	0	0	0
7556	住商エレク	1150	1150	1120	1150	23.3
7557	サンクス	3350	3440	3340	3410	13.4
7558	トーメンエレ	4550	4550	4450	4500	10.8
7559	ジーエフシー	0	0	0	0	0
7560	ユニマット	845	860	845	855	3.7
7561	ハークスレイ	1720	1720	1720	1720	0.4
7562	安楽亭	714	714	700	700	6
7563	ニッパン	187	187	187	187	4
7564	ワークマン	0	0	0	0	0
7565	万世電機	0	0	0	0	0
7566	ジャパンケア	1510	1520	1500	1500	21
7567	栄電子	821	826	821	826	3
7568	クレックス	535	535	520	520	7
7569	モンテカルロ	0	0	0	0	0
7570	橋本総業	0	0	0	0	0
7571	ヤマノＨＣ	0	0	0	0	0
7573	ツルハ	1500	1500	1480	1490	6.8
7574	共信テクノ	0	0	0	0	0
7575	日本ライフＬ	750	760	750	760	9.1
7576	ベターライフ	0	0	0	0	0
7577	パスポート	225	225	225	225	1
7578	ニチリョク	595	599	590	590	6
7579	オリジン東	3430	3500	3400	3460	10
7580	フーズネット	0	0	0	0	0
7581	サイゼリヤ	5650	5770	5650	5730	36.4
7582	富デバイス	1600	1650	1600	1645	27
7583	通商	340	340	340	340	1
7584	丸紅インフォ	0	0	0	0	0
7585	かんなん	790	790	790	790	2
7586	寺島薬局	0	0	0	0	0
7587	ＰＡＬＴＥＫ	2710	2730	2620	2700	88.8
7588	シートゥーネット	5300	5300	5000	5010	20.9
7589	デジキューブ	651000	750000	651000	750000	0.006
7590	タカショー	0	0	0	0	0
7591	エクセル	1290	1300	1260	1260	3
7592	アイ・ユー・ケイ	450	450	450	450	1
7593	ＶＴＨＤ	0	0	0	0	0
7594	マルカキカイ	0	0	0	0	0
7595	アルゴグラフ	1820	1830	1800	1830	2.5
7596	魚力	2480	2480	2470	2470	1.9
7597	東京貴宝	575	575	575	575	2
7598	ナイスクラ	0	0	0	0	0
7599	ガリバー	3340	3520	3340	3500	17.3
7600	日本ＭＤＭ	3450	3450	3350	3440	10.7
7601	ポプラ	1010	1019	970	1019	7.6
7602	ジャック	1909	1998	1890	1960	14.6
7603	マックハウス	440	440	440	440	2
7604	梅の花	1200000	1200000	1180000	1180000	0.007
7605	フジコーポ	150	150	150	150	1
7606	Ｕアローズ	721	789	721	780	11.4
7607	進和	981	1000	980	1000	4
7608	ＳＫジャパン	380	380	380	380	1
7609	ダイトエレク	2900	2900	2900	2900	2
7610	テイツー	400000	400000	275000	360000	0.066
7611	ハイデ日高	0	0	0	0	0
7612	コモンウェル	0	0	0	0	0
7613	シークス	1500	1520	1460	1460	9.2
7614	オーエムツー	1950	1950	1950	1950	0.2
7615	京都友禅	500000	500000	494000	496000	0.058
7616	コロワイド	2100	2100	2010	2100	2.5
7617	オオゼキ	3990	3990	3990	3990	0.1
7618	ＰＣＤＥＰＯ	580000	585000	580000	585000	0.006
7619	田中商事	295	296	295	295	3
7620	ヤマト硝子	355	355	355	355	1
7621	うかい	971	971	971	971	3
7622	焼肉サカイ	1000	1000	1000	1000	17.1
7623	サンオータス	355	355	355	355	1
7624	内藤	1010	1070	1010	1070	4
7625	ダイニング	2385	2390	2370	2370	4.6
7626	ドッドウエル	1400	1410	1400	1400	4
7627	なか卯	1150	1150	1150	1150	2
7628	オーハシテク	0	0	0	0	0
7629	ムラチク	0	0	0	0	0
7630	壱番屋	1260	1280	1230	1240	30
7631	マクニカ	13000	13100	12830	13000	31.8
7632	住商メタレックス	560	560	545	550	9
7633	明響社	380	380	370	370	7
7634	星医療	1120	1130	1120	1130	3
7635	杉田エース	0	0	0	0	0
7636	ハンズマン	1000	1000	1000	1000	1
7637	白 銅	0	0	0	0	0
7638	シーマ	0	0	0	0	0
7639	贔屓屋	660	660	655	655	3
7640	トップカル	0	0	0	0	0
7641	フォーユー	665000	665000	645000	645000	0.009
7642	ビジョン	575	575	560	560	35
7643	ダイイチ	400	400	395	400	5
7644	常盤薬品	650	650	650	650	5
7645	日本トイザ	15500	15600	15400	15400	11.5
7646	ＰＬＡＮＴ	2660	2670	2630	2670	30
7647	音通	130	130	130	130	2
7648	トーカン	0	0	0	0	0
7649	スギ薬局	3710	3850	3710	3850	11
7701	島津	385	389	382	385	191
7702	ＪＭＳ	395	396	395	396	18
7703	川澄化	1000	1030	1000	1030	13
7704	アロカ	964	964	930	931	12
7705	ジーエル	1410	1410	1410	1410	9
7706	セントラユニ	400	400	400	400	1
7711	助川電気	0	0	0	0	0
7713	シグマ光機	2550	2560	2450	2450	23
7714	モリテックス	5200	5200	4960	5010	12.6
7715	長野計器	2220	2220	2220	2220	1
7716	ナカニシ	1910	1910	1900	1910	6
7718	スター精	1510	1530	1509	1530	36
7719	東衡機	76	76	70	70	6
7720	ソキア	192	192	170	171	35
7721	トキメック	120	120	117	119	48
7723	愛時計	264	264	261	261	7
7724	金門	123	123	121	123	26
7726	黒田精	267	267	267	267	2
7727	オーバル	146	146	146	146	1
7728	電産トーソク	888	888	880	883	7
7729	東京精	7470	7650	7200	7410	107.2
7731	ニコン	1740	1740	1683	1687	763
7732	トプコン	361	361	351	352	12
7733	オリンパス	1719	1750	1711	1721	239
7734	理計器	398	398	391	396	5
7735	スクリン	590	599	573	580	1671
7736	ユニオンＨＤ	83	83	81	83	37
7738	チノン	312	312	306	307	11
7739	キヤノン電	1140	1159	1140	1159	26
7740	タムロン	1090	1090	1060	1070	10
7741	ＨＯＹＡ	9560	9590	9300	9400	142.4
7743	シード	0	0	0	0	0
7744	ノーリツ鋼機	2700	2700	2550	2550	12.3
7750	ペンタックス	267	271	265	271	73
7751	キヤノン	4420	4540	4330	4450	1511
7752	リコー	1960	1995	1942	1980	1004
7753	ミノルタ	456	460	454	458	212
7756	電産コパル	1582	1599	1582	1589	18
7757	三協精	843	846	835	838	109
7758	セコニック	340	340	320	320	3
7762	シチズン	1011	1019	991	991	1209
7764	オリエント時計	170	170	170	170	15
7765	リコーエレメ	0	0	0	0	0
7768	ジェコー	0	0	0	0	0
7769	リズム	169	169	165	165	109
7770	ミヨタ	1890	1890	1890	1890	12
7771	日本精密	433	433	433	433	1
7854	バンプレスト	1600	1600	1550	1550	4
7855	カーディナル	330	330	285	300	5
7856	萩原工業	0	0	0	0	0
7857	セキ	0	0	0	0	0
7858	小野産業	0	0	0	0	0
7859	アルメディオ	970	970	960	960	15
7860	エイベックス	8850	8960	8810	8860	30.7
7861	東京リスマ	1000	1000	1000	1000	0.6
7862	トッパンフォ	1737	1790	1736	1790	62.3
7863	平賀	590	605	590	590	12
7864	フジシール	2060	2060	1960	2000	76.6
7865	ピープル	920	920	920	920	2
7866	アトラス	820	820	790	800	5.1
7867	トミー	1950	1978	1940	1940	14.3
7868	広済堂	1029	1054	1010	1010	1.9
7869	日本フォーム	0	0	0	0	0
7870	福島印刷	0	0	0	0	0
7871	フクビ	0	0	0	0	0
7872	エステール	0	0	0	0	0
7873	アーク	4400	4400	4390	4400	14
7874	スルガ	3500	3600	3500	3500	7.8
7875	竹田印刷	0	0	0	0	0
7876	三陽PAX	0	0	0	0	0
7877	永大化工	663	663	660	660	2
7878	光彩工芸	0	0	0	0	0
7879	ノダ	0	0	0	0	0
7880	南部化成	415	430	415	430	15
7881	ニッソー	0	0	0	0	0
7882	アロン化成	395	395	395	395	4
7883	サンメッセ	0	0	0	0	0
7884	本間ゴルフ	275	285	275	280	13.1
7885	タカノ	1355	1361	1350	1350	2.3
7886	ヤマト・イン	0	0	0	0	0
7887	南プラ	0	0	0	0	0
7888	三光合成	0	0	0	0	0
7889	桑山	500	500	500	500	0.1
7890	アテナ工業	715	725	705	725	3.5
7891	日本ユピカ	305	305	305	305	2
7892	宇部日東化成	275	275	273	273	30
7893	亜細亜	1000	1020	1000	1004	26
7895	中央化学	0	0	0	0	0
7896	セブン工業	355	355	355	355	1
7897	ホクシン	136	136	131	136	2.5
7898	ウッドワン	636	639	630	630	53
7899	オザキ軽化	380	380	380	380	1
7900	大出産業	0	0	0	0	0
7901	マツモト	436	445	435	435	16
7902	ソノコム	0	0	0	0	0
7903	名木材	0	0	0	0	0
7904	天竜木	30	32	30	30	63
7905	大建工	311	311	305	310	76
7906	ヨネックス	370	370	370	370	5
7907	日防腐	0	0	0	0	0
7908	きもと	0	0	0	0	0
7909	シーアイ化	342	342	342	342	7
7910	段谷産業	46	48	46	48	44
7911	凸版	895	901	867	867	1581
7912	大日印	1625	1637	1610	1610	686
7913	図書印	215	215	211	211	10
7914	共同印	320	323	319	319	43
7915	日写印	580	583	572	572	21
7916	光村印	331	331	331	331	1
7917	藤森工業	760	760	760	760	4
7918	ヴィアＨＤ	230	230	230	230	1
7919	野崎紙	260	260	260	260	3
7920	三浦印	419	419	419	419	2
7921	宝印刷	1015	1015	1000	1010	4
7922	三光産業	750	750	750	750	1
7923	トーイン	0	0	0	0	0
7925	前沢化成	1020	1020	995	1010	9
7926	ベルテクノ	0	0	0	0	0
7927	ムトー精工	980	980	950	950	5
7928	旭化学	440	440	440	440	1
7929	新輝合成	287	287	287	287	2
7931	未来工業	1200	1200	1200	1200	2.3
7932	ニッピ	221	280	220	280	3
7933	ファイリング	0	0	0	0	0
7934	メルクス	63	65	63	65	4
7935	コンビ	485	495	480	490	15.5
7936	アシックス	103	104	101	103	97
7937	ツツミ	1849	1849	1820	1820	14
7938	リーガル	132	132	120	120	9
7939	研創	0	0	0	0	0
7940	ウェーブＨＤ	0	0	0	0	0
7942	ＪＳＰ	574	574	570	574	5
7943	ニチハ	690	700	679	700	12.2
7944	ローランド	1870	1909	1870	1900	6.2
7945	コマニー	0	0	0	0	0
7946	光陽社	0	0	0	0	0
7947	エフピコ	2695	2755	2600	2750	4.7
7948	ＡＷ・エモト	105	105	105	105	1
7949	小松ウオール	910	910	910	910	1.5
7950	日デコラ	510	510	510	510	1
7951	ヤマハ	1039	1046	1025	1025	287
7952	河合楽	142	142	138	138	34
7953	菊水化	480	480	455	455	5
7954	ジャレコ	831	850	810	850	24
7955	クリナップ	481	481	481	481	4
7956	ピジョン	775	783	770	776	9.8
7957	フジコピアン	135	135	135	135	1
7958	天馬	974	974	960	961	40
7959	オリバー	0	0	0	0	0
7960	パラマウント	3840	3840	3710	3750	67.2
7961	兼松日産農	149	151	148	148	4
7962	キングジム	570	575	560	560	7
7963	興研	482	482	475	475	5
7964	セガ	855	955	845	955	694.9
7965	象印	485	490	480	490	4
7966	リンテック	1190	1207	1185	1207	248
7967	バンダイ	4000	4300	4000	4270	141.9
7968	田崎真珠	420	426	420	426	11
7969	タカラ	420	420	415	417	20
7970	信越ポリ	680	680	660	660	25
7971	東リ	199	199	196	196	2
7972	イトーキ	293	293	291	291	18
7973	ホウトク	0	0	0	0	0
7974	任天堂	14800	15190	14520	15050	826.8
7975	リヒトラブ	210	210	210	210	1
7976	菱鉛筆	824	824	812	812	11
7977	フランスベッド	325	333	325	330	45
7979	松風	661	661	661	661	2
7980	重松製	255	255	255	255	1
7981	タカラスタ	438	438	428	430	66
7983	ミロク	0	0	0	0	0
7984	コクヨ	1582	1590	1564	1565	23
7985	ネポン	244	244	244	244	1
7986	キング工	124	124	120	120	10
7987	ナカバヤシ	271	273	270	271	25
7988	ニフコ	1130	1131	1127	1128	177
7989	ブラインド	0	0	0	0	0
7990	ダイワ精	128	128	125	125	50
7991	マミヤＯＰ	224	230	220	220	20
7992	セーラー	511	580	510	554	489
7993	サンウエブ	183	185	178	185	16
7994	岡村製	388	400	387	390	80
7995	バルカー	160	160	157	157	46
7996	パイロット	460	465	460	465	5
7997	くろ工	0	0	0	0	0
7999	武藤工	285	287	281	282	27
8000	カイゲン	0	0	0	0	0
8001	伊藤忠	504	515	502	513	5530
8002	丸紅	247	263	247	263	7520
8003	トーメン	112	117	111	115	426
8004	ニチメン	109	117	108	116	3383
8005	ムトウ	631	631	611	621	10
8006	ユアサフナ	165	165	165	165	2
8007	高島	114	114	114	114	12
8008	アスティ	0	0	0	0	0
8010	新興産業	110	110	110	110	10
8011	三陽商	295	295	291	291	35
8012	長瀬産	523	545	522	532	113
8013	ナイガイ	83	84	82	84	34
8014	蝶理	113	113	112	113	29
8015	豊田通商	384	388	377	377	56
8016	オンワード	785	785	772	772	366
8017	阪急共栄物産	0	0	0	0	0
8018	三共興	262	263	257	257	9
8019	市田	52	52	50	50	86
8020	兼松	126	137	126	130	1972
8021	レナウン	87	88	86	87	326
8022	ミズノ	322	322	312	317	197
8023	大興電子	0	0	0	0	0
8024	シルバーＯＸ	420	420	415	420	4
8025	ツカモトＣ	135	135	131	134	11
8027	ルシアン	84	84	81	83	40
8028	ファミリーＭ	2795	2840	2790	2800	80.7
8029	ルック	240	243	237	240	9
8030	中央魚	183	183	183	183	7
8031	三井物	660	685	657	662	1966
8032	紙パ商	358	358	351	351	16
8033	ジーネット	0	0	0	0	0
8035	東エレク	8390	8490	8260	8320	476.1
8036	日立ハイテク	1268	1271	1260	1270	11
8037	カメイ	502	512	502	512	6
8038	東都水	269	272	268	269	71
8039	築地魚	154	154	154	154	1
8040	東ソワール	206	206	205	205	3
8041	魚市場	286	290	285	290	10
8042	マタイ	215	223	211	223	27
8043	スターゼン	186	186	181	181	26
8044	大都魚	133	133	133	133	2
8045	浜丸魚	446	446	446	446	1
8046	丸藤パ	133	134	133	133	20
8047	デジ・ネット	490	490	490	490	1
8048	シャディ	1655	1685	1655	1665	7
8050	セイコー	449	449	444	447	20
8051	山善	205	207	204	207	60
8052	椿本興	181	181	175	175	9
8053	住友商	804	861	790	836	3268
8056	ユニシス	1450	1529	1445	1490	156.6
8057	内田洋	700	707	695	700	53
8058	三菱商	830	860	826	830	1737
8059	第一実	201	202	198	198	19
8060	キヤノン販	1451	1518	1451	1501	131
8061	西華産	153	155	153	155	39
8063	日商岩井	107	109	104	104	4694
8064	金商	117	117	113	117	14
8065	佐藤商	380	384	380	384	2
8066	三谷商	465	465	465	465	1
8067	トミヤアパ	275	275	275	275	2
8068	菱洋エレク	1360	1370	1340	1350	363
8070	東京産	285	290	280	289	7
8071	東海物産	350	350	350	350	1
8072	出版貿	0	0	0	0	0
8073	Ｔ・ＺＯＮＥ	200	240	200	240	107
8074	ユアサ商	126	131	126	130	112
8075	神鋼商	151	155	151	155	9
8076	カノークス	0	0	0	0	0
8077	小林産	0	0	0	0	0
8078	阪和興	97	103	97	103	265
8079	正栄食	477	477	477	477	2
8080	ジョイス	965	965	965	965	0.1
8081	カナデン	446	446	443	443	3
8083	サンテレ	245	245	245	245	2
8084	菱電商	344	345	330	330	22
8085	ナラサキ産業	215	225	205	220	133
8086	ニプロ	857	860	857	857	25
8087	フルサト	0	0	0	0	0
8088	岩谷産	228	231	226	227	319
8089	ナイス	235	237	233	237	101
8090	昭光通商	137	139	136	139	33
8091	ニチモウ	122	122	120	122	12
8092	富士通シス	1789	1799	1773	1790	7.8
8093	極東貿易	519	519	505	515	27
8095	イワキ	200	202	200	200	13
8096	兼松エレク	483	490	483	490	8
8097	三愛石	325	325	316	320	45
8098	稲畑産	634	635	624	631	22
8100	藤井	1	1	1	1	634
8101	ＧＳＩクレ	102	104	102	102	49
8103	明和産	92	97	92	96	8
8105	丸正	0	0	0	0	0
8107	キムラタン	48	48	45	45	25
8109	山洋工	74	80	71	80	5
8110	川鉄商事	118	119	117	119	14
8111	ゴルドウイン	118	120	118	119	17
8112	東スタイル	960	970	959	966	125
8113	ユニチャーム	5110	5300	5100	5170	94.1
8114	デサント	211	214	204	214	19
8115	ムーンバット	105	105	105	105	7
8116	ダーバン	169	169	164	165	78
8117	中央自	260	260	245	245	20
8118	キング	136	136	135	135	5
8119	三栄コ	292	295	290	290	10
8120	大木	0	0	0	0	0
8123	川辺	100	100	100	100	1
8125	ワキタ	260	270	260	270	4
8126	三光純薬	323	323	323	323	1
8127	ヤマトインタ	111	111	110	110	10
8128	エフワン	45	45	43	43	3
8129	東邦薬	380	380	370	370	15
8130	サンゲツ	1395	1395	1380	1384	42
8131	ミツウロコ	615	615	600	600	6
8132	シナネン	360	368	359	368	48
8133	伊藤忠エネ	410	417	404	410	51
8134	ＴＯＫＡＩ	696	696	681	690	54
8135	ゼット	0	0	0	0	0
8136	サンリオ	1599	1605	1592	1600	121.4
8137	サンワテク	669	670	660	660	6
8138	三京化	180	180	180	180	1
8139	ナガホリ	235	235	235	235	2
8140	リョーサン	2025	2045	2020	2035	82
8141	新光商	750	760	750	751	11
8142	トーホー	860	893	830	893	365
8143	ラピーヌ	71	73	71	73	14
8144	電響社	390	390	390	390	4
8145	中部水産	240	240	240	240	10
8146	小杉産	128	128	128	128	18
8147	トミタ	220	220	220	220	1
8148	上原成	275	275	268	268	6
8150	三信電	681	688	675	688	20
8151	東陽テク	3180	3180	3090	3110	11
8152	ソマール	237	238	237	238	3
8153	モスフード	930	935	920	920	69
8154	加賀電子	1410	1410	1379	1379	27
8155	三益半導	1400	1410	1380	1380	10.6
8156	ガステック	405	405	405	405	4
8157	都築電	460	460	460	460	11
8158	ソーダニッカ	182	182	181	182	6
8159	立花エレ	605	605	605	605	1
8160	木曽路	1170	1170	1151	1151	6
8161	エイデン	675	675	650	665	14
8163	サトＲＳ	674	675	674	675	3
8164	キャビン	90	95	90	95	8
8165	千趣会	550	559	550	558	41
8166	タカキュー	91	93	91	91	10.5
8167	丸久	0	0	0	0	0
8168	ケーヨー	500	503	490	490	60
8169	宝船	120	120	120	120	6
8170	アデランス	3700	3800	3700	3750	136.2
8171	ＭＶ中部	0	0	0	0	0
8172	第一家庭電器	33	33	31	33	89
8173	上新電	284	284	278	278	5
8174	日ガス	640	645	639	645	19
8175	ベスト電	638	638	622	622	5
8176	西洋フードシス	335	335	330	334	26
8178	マルエツ	307	307	302	303	22
8179	ロイヤルＨＤ	1000	1000	933	936	113
8180	すかいらく	0	0	0	0	0
8181	東天紅	339	339	315	318	11
8182	いなげや	620	620	567	567	61
8183	セブン−イレブン	7780	8010	7660	7840	565
8184	島忠	1580	1600	1570	1599	78.7
8185	チヨダ	510	511	500	500	6.6
8186	大塚家具	6000	6000	5880	5900	22.9
8188	ヨークベニ	2450	2450	2410	2425	50.7
8189	マツヤデンキ	227	227	224	224	45
8190	ヤマナカ	1700	1720	1700	1720	4
8191	光製作	0	0	0	0	0
8192	中川無線	0	0	0	0	0
8193	鈴丹	95	97	95	95	25
8194	ライフコーポ	680	680	680	680	9
8195	デニーズジャパン	1875	1900	1870	1880	13
8196	カスミ	425	425	421	423	5
8197	東急ストア	319	321	318	319	18
8199	デオデオ	676	678	661	663	186
8200	リンガハット	1170	1200	1170	1199	3
8201	さが美	355	355	355	355	2
8202	ラオックス	448	448	435	443	21
8203	ＭｒＭａｘ	330	335	326	333	24.3
8204	ジョナサン	1490	1490	1490	1490	3
8205	シャクリー	0	0	0	0	0
8206	アポロイン	0	0	0	0	0
8207	テンアライド	400	400	382	385	10.3
8208	エンチョー	450	450	445	445	6
8209	フレンドリ	505	505	505	505	1
8210	フットワーク	144	150	144	150	42
8211	相鉄ローゼ	514	515	514	515	2
8212	オーク	106	107	106	107	4
8213	トステムビバ	353	363	352	359	16
8214	アオキインタ	320	320	316	319	63.4
8215	銀座山形屋	180	185	180	185	5
8216	フォルクス	503	510	503	510	4
8217	オークワ	901	945	901	945	19
8218	コメリ	2575	2575	2500	2540	16.1
8219	青山商	818	818	790	790	137.8
8225	タカチホ	105	110	105	110	6
8226	理経	350	350	350	350	1
8227	しまむら	8640	8640	8300	8400	49.8
8228	マルイチ	0	0	0	0	0
8229	ＣＦＳコーポ	875	880	875	880	6.5
8230	はせがわ	730	740	700	730	25
8231	三越	425	433	422	426	1153
8232	東急百貨店	75	76	73	74	230
8233	高島屋	756	764	730	730	260
8234	大丸	300	300	293	293	249
8235	松坂屋	270	270	251	251	193
8236	丸善	280	298	280	290	1810
8237	松屋	369	369	360	360	3
8238	伊勢丹	901	936	895	935	346
8239	横浜松坂屋	84	89	83	83	12
8240	サッポロライオン	631	631	628	628	3
8241	阪神百貨店	418	418	418	418	2
8242	阪急百	440	448	440	445	76
8244	近鉄百貨店	0	0	0	0	0
8245	丸栄	269	269	269	269	3
8247	大和	190	190	190	190	3
8248	ニッセン	270	273	263	270	10
8249	東洋物	620	620	620	620	6
8250	小松ストアー	0	0	0	0	0
8251	パルコ	310	310	307	308	49
8252	丸井	1428	1433	1415	1429	622
8253	クレセゾン	2315	2315	2225	2225	289.1
8254	さいか屋	410	410	406	406	6
8255	原信	0	0	0	0	0
8256	プロルート	225	227	225	227	8
8257	山陽百	3800	3800	3800	3800	0.1
8258	ＯＭＣカード	289	300	286	299	302
8259	十字屋	45	54	45	50	932
8260	井筒屋	149	168	147	159	550
8261	ｼ鉄百貨店	169	170	165	165	4
8263	ダイエー	198	236	195	223	15623
8264	イトーヨーカ堂	5350	5500	5260	5260	648
8265	壽屋	126	126	124	125	36
8266	イズミヤ	687	687	675	675	39
8267	イオン	2335	2370	2315	2350	1639
8268	西友	330	330	321	325	172
8269	マイカル	255	265	250	261	2178
8270	ユニー	1464	1510	1453	1510	235
8273	イズミ	1030	1040	1030	1040	2
8274	東武ストア	165	165	160	160	9
8275	フォーバル	1550	1700	1540	1650	25.8
8276	平和堂	750	750	704	750	13
8278	フジ	1924	1928	1910	1928	4.1
8279	ヤオコー	1228	1228	1200	1200	1.5
8280	富士冷機	361	362	361	361	14
8281	ゼビオ	2300	2330	2250	2320	83.7
8282	ギガスケーズ	1740	1740	1700	1740	14.6
8283	パルタック	545	545	530	530	8
8285	三谷産業	0	0	0	0	0
8287	ＭＶ西日本	1002	1002	1002	1002	2
8289	オリンピック	2035	2150	2035	2150	11.7
8290	デンコードー	710	710	691	700	5
8291	東日カーライフ	197	198	190	190	7
8293	愛トヨ	800	820	800	820	12
8295	キャノンシステム	845	870	835	835	80
8298	ファミリー	232	233	229	229	9
8299	大栄太源	500	500	500	500	1
8301	日銀	0	0	0	0	0
8305	みずほＨ	715000	734000	701000	721000	6.722
8314	さくら銀行	668	690	663	688	3966
8315	東京三菱銀	1175	1187	1150	1174	4334
8318	三井住友銀行	1136	1172	1123	1162	6060
8319	大和銀行	200	203	200	201	1277
8320	三和銀行	798	810	779	803	7920
8321	東海銀行	500	510	488	500	3450
8322	あさひ銀行	372	386	371	379	2603
8324	第四銀	386	386	383	383	33
8325	北越銀	288	289	286	287	22
8326	福岡銀	474	480	468	476	1162
8327	西日本シティ銀	432	437	430	432	39
8331	千葉銀	425	428	425	426	406
8332	横浜銀	498	499	488	494	750
8333	常陽銀	363	370	363	363	284
8334	群馬銀	563	574	563	569	35
8335	足利銀行	203	205	201	203	178
8336	武蔵銀	4170	4170	4150	4150	1.2
8337	千葉興	1150	1152	1144	1144	2.2
8338	関東つくば銀	1379	1380	1359	1380	1.9
8339	都民銀	2665	2700	2625	2695	7.1
8341	七十七	740	740	725	725	257
8342	青森銀	485	485	480	480	27
8343	秋田銀	429	429	413	413	39
8344	山形銀	548	550	538	538	5
8345	岩手銀	4020	4020	3900	3930	1.1
8346	東邦銀	396	404	396	404	21
8349	東北銀	217	217	217	217	1
8350	みちのく銀	668	670	636	636	13
8353	北海道銀行	129	131	128	131	69
8355	静岡銀	990	1017	989	1010	894
8356	十六銀	465	466	459	459	47
8357	北陸銀行	238	238	234	235	125
8358	スルガ銀	1267	1267	1159	1191	483
8359	八十二	592	594	585	585	63
8360	山梨銀	355	365	355	355	41
8361	大垣共立	597	597	589	590	16
8362	福井銀	293	298	291	291	26
8363	北国銀	461	461	454	454	21
8364	清水銀	4340	4340	4340	4340	0.3
8365	富山銀	0	0	0	0	0
8366	滋賀銀	485	485	476	477	19
8367	南都銀	413	413	401	405	30
8368	百五銀	446	447	441	441	27
8369	京都銀	469	469	463	464	41
8370	紀陽銀	278	282	278	282	47
8371	近畿大阪銀	0	0	0	0	0
8372	泉州銀	245	245	245	245	2
8374	三重銀	492	493	492	493	2
8375	池田銀	5470	5520	5450	5520	1.9
8379	広島銀	393	396	391	391	120
8380	山口銀	674	674	666	666	86
8381	山陰合銀	512	515	511	511	45
8382	中国銀	781	788	780	781	51
8383	鳥取銀	370	370	362	370	16
8385	伊予銀	620	628	616	620	51
8386	百十四	632	632	622	622	36
8387	四国銀	615	615	610	614	25
8388	阿波銀	508	508	501	501	18
8390	鹿児銀	463	476	463	468	32
8391	親和銀行	340	341	340	341	25
8392	大分銀	590	593	585	593	44
8393	宮崎銀	390	390	383	385	15
8394	肥後銀	434	434	412	423	25
8395	佐賀銀	367	369	366	366	12
8396	十八銀	386	392	386	392	50
8397	沖縄銀	2250	2250	2220	2220	1.6
8399	琉球銀	1475	1534	1475	1531	2.6
8402	三菱信託	807	811	790	804	1500
8403	住友信	730	733	722	725	2522
8404	みずほ信託銀	95	97	94	96	859
8405	日本信託	163	164	160	163	283
8407	東洋信託	369	371	356	364	1129
8408	中央三井信	345	348	341	344	440
8489	アプレック	0	0	0	0	0
8493	インター	844	888	844	850	25
8507	学研クレジット	0	0	0	0	0
8508	イッコー	0	0	0	0	0
8511	日証金	414	414	403	406	133
8512	大証金	215	216	214	216	6
8513	中証金	0	0	0	0	0
8515	アイフル	9000	9080	9000	9000	48.85
8518	アジア投資	372	372	365	366	141
8519	ポケットＣ	1850	2105	1800	1821	364.9
8520	殖産銀行	410	410	410	410	2
8521	長野銀	473	474	463	474	11
8522	名古屋銀	556	562	556	557	15
8524	北洋銀行	724	733	716	716	25
8527	愛知銀	7600	7700	7590	7700	0.8
8528	岐阜銀	180	185	180	185	20
8529	第三銀	455	456	455	456	19
8530	中京銀	434	434	432	433	7
8533	広島総合銀行	401	405	401	405	38
8536	東日銀	610	619	606	610	8
8537	大光銀	302	302	302	302	2
8539	福岡シティ銀	450	450	440	441	26
8541	愛媛銀	466	466	462	465	4
8542	トマト銀	365	370	365	370	2
8543	みなと銀	276	278	273	278	45
8544	京葉銀	308	310	305	305	21
8545	関西アーバン	126	128	126	128	5
8548	九州銀行	312	312	309	312	20
8549	せとうち銀行	0	0	0	0	0
8550	栃木銀	666	667	665	666	6
8551	北日銀	5640	5640	5510	5550	2.1
8552	びわこ銀	0	0	0	0	0
8556	香川銀	591	600	590	600	11
8558	東和銀	430	431	429	430	109
8561	徳島銀	699	699	693	699	17
8562	福島銀	328	328	321	328	10
8563	大東銀	326	328	325	328	18
8564	武富士	6660	6880	6510	6640	710.5
8565	三洋クレ	4540	4600	4460	4550	16
8566	リコーリース	2060	2075	2035	2060	19
8567	クレディア	1640	1695	1639	1670	2.9
8568	シンキ	1086	1146	961	961	195.8
8569	ユニココーポ	0	0	0	0	0
8570	イオンクレ	6120	6120	6020	6030	37.2
8571	ニッシン	3990	3990	3990	3990	30.9
8572	アコム	8190	8340	8090	8290	88.3
8573	三洋信販	2825	2855	2810	2850	36.5
8574	プロミス	7750	8200	7690	8100	343.6
8577	ロプロ	640	640	621	629	345.3
8579	東京リース	580	580	580	580	3
8580	ファーストクレジット	171	171	151	165	69
8583	日信販	155	155	152	152	688
8584	ジャックス	302	308	302	307	18
8585	オリコ	179	180	175	180	301
8586	日立キャピ	2315	2375	2295	2350	210.6
8588	セントラル	329	330	322	330	33
8589	アプラス	85	90	84	90	42
8591	オリックス	10940	10950	10660	10820	133.1
8592	住商リース	1188	1188	1152	1152	29
8593	ダイヤリース	1157	1175	1148	1150	55
8595	ジャフコ	12300	12500	12100	12500	116.2
8597	ＳＦＣＧ	11090	11280	11050	11130	12.14
8599	ＵＦＪセント	0	0	0	0	0
8601	大和証Ｇ	1230	1235	1213	1215	3061
8603	日興コーデ	882	891	880	880	1466
8604	野村ＨＤ	2390	2410	2370	2380	3724
8606	新光	378	378	364	364	367
8607	みずほイン証	157	166	156	156	231
8609	岡三ＨＤ	597	597	580	589	61
8610	さくらフレンド	225	225	220	222	84
8611	コスモ証	163	163	159	162	67
8613	丸三	492	501	492	501	31
8614	東洋	264	264	254	254	35
8615	三菱証	957	960	949	960	152
8616	東海東京	279	285	278	281	173
8617	光世	199	199	190	191	57
8621	ＵＦＪつばさ証券	401	407	395	406	120
8622	水戸	263	263	263	263	2
8623	ＳＭＢＣ証	220	220	215	219	13
8624	いちよし証	441	441	438	439	19
8625	高木	327	340	327	340	16
8626	マネックス	56400	56500	55000	55100	0.288
8627	イー・トレード	500000	508000	480000	493000	0.045
8691	証券代	0	0	0	0	0
8692	だいこう	401	401	400	400	4
8740	フジトミ	508	508	505	505	4
8742	小林洋行	1100	1100	1100	1100	1.5
8743	ひまわり証	171	171	170	170	2
8744	日本ユニコム	700	700	700	700	2
8745	グローバリー	1250	1250	1190	1250	17
8746	第一商品	220	221	220	221	11
8747	豊商事	484	484	484	484	2
8748	岡藤商事	0	0	0	0	0
8749	エース交易	0	0	0	0	0
8751	東京海上火災	1159	1169	1150	1150	2619
8752	三井住友海上	605	610	598	598	1251
8753	住友海上火災	708	713	694	694	1041
8754	日本興亜	385	392	383	386	284
8755	損害保険Ｊ	566	566	558	559	860
8756	日産火災海上	331	337	330	335	63
8757	日新火	226	231	226	229	32
8758	千代田火災	306	306	294	294	312
8759	ニッセイ同和	254	259	254	255	59
8760	日動火災海上	529	541	526	530	418
8761	あいおい損保	323	325	312	317	527
8762	興亜火災	384	389	382	389	69
8763	富士火	196	199	196	196	136
8764	太陽火災	0	0	0	0	0
8765	大成火災海上	271	271	259	261	29
8801	三井不	1200	1257	1196	1230	3458
8802	菱地所	1191	1208	1180	1180	3039
8803	平和不	285	285	278	281	246.5
8804	東建物	209	210	207	209	122
8805	中央地	92	92	90	90	31
8806	ダイビル	850	853	849	851	19
8809	サンケビル	387	387	382	382	21
8810	港振興	0	0	0	0	0
8815	東急不	112	115	112	115	432
8817	阪急不動産	341	341	341	341	1
8818	京阪神不	301	309	285	285	15
8821	立飛企	0	0	0	0	0
8829	大和団地	207	209	205	209	13
8830	住友不	610	632	605	615	3222
8832	小田急不	208	208	208	208	3
8833	東宝不	380	381	380	381	4
8834	藤和不	48	50	48	49	131
8835	太平発	115	115	112	112	29
8836	ヒューネット	820	829	780	817	466
8838	有楽地	164	164	156	156	8
8839	ニチモ	74	75	73	74	38
8840	大京	182	182	178	178	118
8841	テーオーシー	670	675	670	671	11
8842	楽天地	351	351	350	350	11
8844	リクコスモス	480	480	444	444	26
8845	セザール	204	220	203	211	48
8846	積和不動産	409	410	409	409	16
8848	レオパレス	247	250	240	247	48
8850	スターツ	0	0	0	0	0
8851	アバンライフ	0	0	0	0	0
8852	積和不動関西	316	318	316	318	4
8853	ダイヤシティ	0	0	0	0	0
8854	日住	0	0	0	0	0
8855	全日空ビル	0	0	0	0	0
8857	三井不動販売	537	548	537	547	11
8858	ダイア建	188	188	174	180	21
8860	フジ住	440	455	440	455	13
8863	積和不動中部	391	409	391	400	23
8864	空港施設	389	390	389	390	13
8865	神鋼興産	0	0	0	0	0
8866	コマーシャル	280	280	270	270	7
8867	横浜地下街	261	261	261	261	1
8868	ＵＲＢＡＮ	1830	1840	1800	1800	24.2
8869	明和地所	2200	2215	2190	2195	6.8
8870	住不販売	3850	3860	3820	3860	4.1
8871	ゴールドクレ	7900	7900	7510	7600	27.9
8872	エイブル	960	960	950	950	10
8873	積和不動中国	0	0	0	0	0
8874	ジョイント	2420	2580	2380	2500	48.2
8875	東栄住宅	1410	1500	1410	1440	10
8876	リロＨＤ	6440	6440	6350	6400	12.6
8877	エスリード	837	930	836	837	19.1
8878	日綜地所	1230	1240	1190	1240	19
8879	東急リバブル	663	670	663	670	10
8880	飯田産業	1300	1340	1300	1320	16.1
8881	日神不動産	1250	1250	1210	1230	3
8882	ゼファー	2800000	2850000	2800000	2850000	0.003
8884	ディックス	500	510	490	510	9
9001	東武	321	324	320	320	312
9002	西武鉄道	1474	1474	1434	1462	26
9003	相鉄	286	287	285	286	59
9004	箱根登山鉄道	270	270	270	270	1
9005	東急	573	582	573	580	563
9006	京急	444	444	439	439	593
9007	小田急	402	402	395	395	282
9008	京王	468	468	451	460	458
9009	京成	263	265	261	261	278
9010	富士急	365	365	358	358	14
9012	秩父鉄	0	0	0	0	0
9013	伊豆箱根鉄道	0	0	0	0	0
9014	新京成	260	260	260	260	2
9017	新潟交	0	0	0	0	0
9019	伊豆急行	0	0	0	0	0
9020	ＪＲ東日本	625000	626000	609000	610000	6.94
9021	ＪＲ西日本	492000	494000	486000	494000	0.817
9022	ＪＲ東海	703000	710000	700000	703000	0.67
9031	西鉄	280	280	276	276	61
9033	広電鉄	0	0	0	0	0
9036	東部ネット	0	0	0	0	0
9037	ハマキョウ	0	0	0	0	0
9038	東海西濃	0	0	0	0	0
9039	サカイ引越	1950	1950	1950	1950	1.3
9040	大宝運輸	280	280	280	280	2
9041	近鉄	471	471	465	466	379
9042	阪急ＨＤ	363	365	361	364	341
9043	阪神	289	292	288	288	153
9044	南海電	356	358	356	358	46
9045	京阪電	349	349	346	349	34
9046	神電鉄	421	421	420	420	3
9047	名糖運輸	1140	1150	1140	1150	2.7
9048	名鉄	301	301	300	300	155
9049	京福電	0	0	0	0	0
9050	三重交	0	0	0	0	0
9051	センコン物流	0	0	0	0	0
9052	山陽電	251	252	251	252	27
9053	中央運輸	0	0	0	0	0
9054	大和物流	455	455	450	451	6
9055	アルプス物流	552	560	541	541	21
9056	ヒューテック	1150	1150	1150	1150	1
9057	遠州トラック	0	0	0	0	0
9058	トランコム	455	460	446	460	17
9059	カンダ	0	0	0	0	0
9060	日ロジテム	285	285	285	285	1
9061	富士物流	181	181	181	181	3
9062	日通	686	693	681	689	1319
9063	岡県運送	160	160	160	160	6
9064	ヤマト運	2040	2120	2040	2100	708
9065	山九	96	96	94	95	101
9066	日新	188	190	188	190	13
9067	丸運	215	215	188	188	4
9068	丸全運	195	198	194	195	24
9069	センコー	200	200	199	200	46
9070	トナミ	209	214	209	209	56
9072	日梱包	689	700	625	632	32
9073	京極運	400	400	400	400	1
9074	日石輸	176	180	176	180	17
9075	福山運	541	541	530	530	182
9076	西濃運	507	512	503	510	159
9077	名鉄運	237	275	237	275	4
9078	エスライン	237	237	237	237	1
9079	東急ロジ	401	401	401	401	1
9080	関東西濃	0	0	0	0	0
9081	神奈交	520	520	502	502	8
9082	大和自	0	0	0	0	0
9083	神姫バ	474	474	474	474	3
9086	日立物流	547	547	514	514	40
9087	タカセ	212	212	210	212	5
9088	濃飛西濃	0	0	0	0	0
9089	ロジパル	0	0	0	0	0
9101	郵船	489	505	470	499	5082
9104	商船三井	230	235	224	234	2813
9107	川崎汽	187	188	183	186	2010
9110	新和海	69	69	68	69	43
9113	乾汽船	61	65	61	65	6
9114	日之出汽船	48	48	47	48	30
9115	明治海	177	177	177	177	3
9119	飯野海	154	154	152	153	57
9123	太平海	48	50	48	50	43
9127	玉井船	42	42	42	42	2
9130	共栄タ	110	113	110	113	6
9132	第一汽	47	48	46	47	112
9133	東栄リーファ	115	115	115	115	3
9151	東京船舶	82	87	82	87	3
9152	関西汽	42	43	42	43	91
9171	栗林船	0	0	0	0	0
9173	東海汽	320	320	320	320	3
9174	ワンダーＴ	220	220	206	206	21
9176	佐渡汽	1000	1000	1000	1000	0.5
9178	日鉄物流	0	0	0	0	0
9179	川崎近海	0	0	0	0	0
9180	新和内航	0	0	0	0	0
9193	東京汽	320	320	311	311	2
9201	日本航空	469	476	462	470	2454
9202	ＡＮＡ	358	359	352	356	1633
9203	日本エアシス	0	0	0	0	0
9204	スカイマーク	138000	140000	138000	140000	0.015
9231	国際航	560	560	542	552	81
9232	パスコ	407	407	366	371	19
9233	アジア航	319	320	313	313	3
9301	三菱倉	993	1000	983	987	234
9302	三井倉	214	214	213	214	163
9303	住友倉	275	278	275	277	177
9304	渋沢倉	256	256	247	254	13
9305	ヤマタネ	119	120	118	119	30
9306	東陽倉	205	205	200	200	3
9307	杉村倉	0	0	0	0	0
9308	イヌイ建	410	410	400	400	2
9309	京神倉庫	237	237	237	237	1
9310	トランシティ	192	198	192	198	5
9311	アサガミ	184	184	184	184	2
9312	ケイヒン	140	142	139	142	99
9313	丸八倉	132	132	132	132	1
9314	品川倉	0	0	0	0	0
9317	オーナミ	0	0	0	0	0
9318	Ｊブリッジ	230	230	230	230	4
9319	中央倉	505	505	505	505	1
9320	三和倉	0	0	0	0	0
9321	アイロジステ	0	0	0	0	0
9322	川西倉	0	0	0	0	0
9323	ロジステック	0	0	0	0	0
9324	安田倉	0	0	0	0	0
9351	洋埠頭	137	140	137	138	18
9353	桜島埠	0	0	0	0	0
9355	リンコー	0	0	0	0	0
9357	名港海	310	310	310	310	2
9358	宇徳運	136	136	136	136	2
9359	伊勢湾	245	245	245	245	4
9360	鈴与シンワ	0	0	0	0	0
9361	伏木運	0	0	0	0	0
9362	兵機海	0	0	0	0	0
9363	大運	51	53	51	53	12
9364	上組	508	515	505	508	154
9365	トレーディア	0	0	0	0	0
9366	サンリツ	0	0	0	0	0
9367	大東港運	96	96	96	96	2
9368	キムラユニテ	475	475	475	475	3
9369	キユソ流通	1120	1120	1100	1120	4
9370	郵船航空	2030	2030	1990	2000	5.6
9373	ニッコウトラ	0	0	0	0	0
9374	軽貨急配	890	892	872	892	5
9375	近鉄エクス	1290	1330	1270	1315	105
9401	ＴＢＳ	3850	4020	3850	3970	383
9402	ＣＢＣ	930	930	930	930	0.6
9404	日テレ	51700	51700	50700	51100	52.67
9405	朝日放	8540	8540	8400	8450	1.47
9408	新潟放	760	760	760	760	0.1
9409	テレビ朝日	361000	374000	361000	361000	0.48
9432	ＮＴＴ	921000	950000	913000	948000	18.152
9433	ＫＤＤＩ	485000	505000	485000	497000	6.819
9434	ボーダフォン	1900000	2030000	1850000	1980000	1.698
9435	光通信	2700	2750	2650	2670	82.4
9436	沖縄セルラー	250000	259000	250000	256000	0.033
9437	ＮＴＴドコモ	2650000	2890000	2610000	2820000	18.003
9438	ＭＴＩ	338000	348000	330000	338000	0.119
9439	ビーアイジー	350000	360000	350000	359000	0.006
9441	ベルパーク	1050000	1060000	1000000	1000000	0.011
9442	ＪＳＡＴ	850000	910000	841000	901000	0.333
9443	インテックコミュ	680	700	680	700	9
9444	トーシン	319000	319000	275000	279000	0.014
9445	フォバルテレ	201000	241000	201000	241000	0.583
9449	ＧＭＯインター	1350	1420	1350	1400	28
9470	学研	158	160	155	157	60
9471	文渓堂	0	0	0	0	0
9472	エスコム	335	336	302	314	64
9473	アスキー	658	770	651	751	85
9474	ゼンリン	2100	2100	2050	2050	7.1
9475	昭文社	1291	1330	1290	1300	79.4
9476	中央経済	0	0	0	0	0
9477	角川ＨＤ	2550	2615	2500	2550	20.7
9478	翔泳社	1900000	1900000	1850000	1900000	0.025
9479	インプレスＨＤ	501000	501000	471000	472000	0.106
9501	東電	2610	2635	2580	2580	1613.3
9502	中部電	1895	1902	1876	1890	355.4
9503	関西電	1817	1850	1816	1817	803.1
9504	中国電	1598	1606	1590	1591	105.9
9505	北陸電	1500	1509	1490	1490	38.8
9506	東北電	1422	1446	1420	1440	249.9
9507	四国電	1470	1480	1467	1471	48
9508	九州電	1655	1678	1650	1650	96.5
9509	北海電	1424	1450	1421	1449	68
9511	沖縄電	1830	1830	1820	1820	8
9531	東ガス	306	318	306	316	12403
9532	大ガス	289	294	287	291	1847
9533	邦ガス	206	210	205	205	97
9534	北ガス	189	189	187	188	10
9535	広ガス	243	243	243	243	6
9536	西部ガス	153	154	152	152	79
9537	北陸ガ	304	304	304	304	1
9539	葉ガス	0	0	0	0	0
9540	中ガス	196	196	196	196	1
9541	大多喜ガス	329	329	320	320	3
9542	新日ガス	0	0	0	0	0
9600	アイネット	551	560	545	550	13
9601	松竹	475	480	475	480	27
9602	東宝	14810	14960	14810	14840	6.3
9603	ＨＩＳ	1870	1950	1860	1910	30.7
9604	際放映	140	140	140	140	1
9605	東映	461	465	455	455	583
9607	葵プロ	1090	1091	1088	1090	9.5
9608	福山コンサル	210	210	210	210	3
9609	ベンチャーリ	6650	6760	6650	6750	15.2
9610	ウィルソン	2700	2710	2700	2710	0.4
9611	Ｄワンダー	0	0	0	0	0
9612	ラックランド	0	0	0	0	0
9613	ＮＴＴデータ	865000	871000	859000	861000	3.388
9614	ベルシス24	40100	43100	39750	41750	27.89
9615	東京美装	430	443	430	430	22
9616	共立メンテ	1959	1960	1866	1880	1.7
9618	エームサービス	0	0	0	0	0
9619	イチネン	840	840	840	840	0.5
9620	スクウェア	3400	3400	3150	3160	144
9621	建設技研	579	579	561	563	0.9
9622	スペース	428	428	418	418	1.4
9623	キヤノンソフ	0	0	0	0	0
9624	長大	399	399	398	398	8.5
9625	セレスポ	152	155	150	155	6
9626	日本技開	185	185	185	185	1
9627	アインファマ	1100	1100	1070	1070	3
9628	燦ＨＤ	4690	4900	4690	4900	8.1
9629	ＰＣＡ	1800	1800	1770	1770	1
9630	アップ	320	320	320	320	3
9631	東急レク	605	609	604	609	7
9632	スバル	343	343	343	343	3
9633	テアトル	170	171	167	171	16
9634	修学社	690	690	681	681	8
9635	武蔵野	0	0	0	0	0
9636	きんえい	0	0	0	0	0
9637	オーエス	785	785	785	785	1
9638	情報技術	600	600	600	600	1
9639	三協フロンテ	291	291	285	285	5
9640	セゾン情報	690	700	690	700	2
9641	サコス	99	99	95	95	0.2
9642	コマスタ	0	0	0	0	0
9643	中日興	0	0	0	0	0
9644	タナベ経営	290	290	285	285	2.9
9645	ダイヤモンドコン	989	1050	989	1050	96.8
9646	タイトー	73000	74000	72200	72200	0.059
9647	協和コンサル	195	210	195	195	7
9648	ウエスコ	241	245	241	245	1.1
9649	明電エンジニア	550	561	550	561	10.7
9650	テクモ	1080	1090	1026	1030	12.7
9651	日本プロセス	500	514	500	500	6
9652	日本医療	1800	1800	1800	1800	0.4
9653	ＳＢＩパートナ	0	0	0	0	0
9654	コーエー	3650	3650	3550	3580	14.3
9656	三井ランド	420	420	417	417	1
9657	コムテック	0	0	0	0	0
9658	ビジ太田昭	0	0	0	0	0
9660	ＣＲＣソリュ	1600	1600	1600	1600	1
9661	歌舞伎	3800	3850	3800	3850	3
9663	ナガワ	570	570	560	560	25
9664	御園座	900	910	900	910	3
9665	吉本興	890	907	890	890	16
9667	ホリプロ	607	622	607	622	3
9668	相鉄企業	450	450	450	450	1
9669	オークネット	3650	3700	3520	3540	7.4
9671	よみランド	364	380	364	380	21
9672	東競馬	110	111	110	111	63
9673	甲子園土地	0	0	0	0	0
9674	花月園	190	190	190	190	1
9675	常磐興	139	141	137	141	9
9676	松戸公産	426	426	426	426	1
9677	日本ジャンボ	530	530	530	530	0.2
9678	カナモト	567	567	556	556	5
9679	ホウライ	0	0	0	0	0
9680	共成レンテム	490	490	490	490	7
9681	東京ドーム	433	435	425	425	152
9682	ＤＴＳ	7000	7000	6800	6900	27.3
9684	スク・エニ	3650	3750	3600	3730	24.2
9685	共同コンＨＤ	260	260	250	250	2
9686	東洋テック	0	0	0	0	0
9687	ＫＳＫ	0	0	0	0	0
9689	グリンハウス	1170	1170	1150	1150	2
9691	両毛システム	1180	1180	1180	1180	1
9692	シーイーシー	1500	1500	1490	1495	20.6
9694	日立ソフト	11640	11640	11430	11510	47.8
9695	鴨川グランド	321	321	321	321	1
9696	ウィザス	330	330	330	330	4
9697	カプコン	3910	3970	3880	3930	122.5
9698	クレオ	751	755	750	750	6
9699	西尾レント	640	645	615	615	29.9
9700	エスアールエル	950	950	935	950	27
9701	会舘	250	250	250	250	3
9702	アイエスビー	830	830	800	800	6
9703	ジェネラスコーポ	80	82	79	79	35
9704	東海観	74	76	73	75	366
9706	日本空港ビル	900	926	900	926	134
9707	メデカＪ	910	980	910	931	33
9708	帝ホテル	1530	1530	1530	1530	1
9709	日コンピュタ	588	588	588	588	1
9711	日コンシス	0	0	0	0	0
9712	ファイ	277	300	277	286	162
9713	ロイヤルホ	195	195	195	195	15
9714	ＳＲＡ	1500	1540	1495	1500	7.2
9715	トランスコス	7560	8000	7450	7810	123.9
9716	乃村工芸社	330	330	322	322	3
9717	ジャステック	3550	3570	3550	3570	3.2
9718	国際観光会館	182	182	182	182	2
9719	住商情報	7490	7490	7200	7230	26.8
9720	グランド	0	0	0	0	0
9722	藤田観	510	510	506	509	13
9724	新阪急ホテル	161	161	161	161	2
9725	東急ホテル	158	158	153	154	26
9726	近ツーリスト	273	273	269	273	36
9727	東急観光	118	118	118	118	1
9728	日本管財	1266	1288	1250	1250	12.4
9729	トーカイ	0	0	0	0	0
9730	ワオコーポ	325	325	325	325	1
9731	白洋舎	350	350	349	349	5
9732	東映ラボ	0	0	0	0	0
9733	ナガセ	800	820	800	820	4
9734	精養軒	620	620	620	620	0.5
9735	セコム	7440	7570	7370	7500	269.5
9736	白青舎	0	0	0	0	0
9737	ＣＳＫ	1599	1899	1570	1899	1257.5
9738	インテック	1720	1720	1670	1670	21
9739	ＮＳＷ	8490	8490	8390	8410	5.2
9740	ＣＳＰ	0	0	0	0	0
9741	日立情報	4310	4430	4230	4400	25.3
9742	アイネス	1345	1345	1338	1343	50.9
9743	丹青社	430	430	420	420	8
9744	メイテック	3940	4050	3940	4000	49.6
9746	ＴＫＣ	2000	2005	1960	1981	4.8
9747	アサツーＤＫ	2870	2870	2780	2790	37.6
9748	ＮＪＫ	508	508	500	500	5
9749	富士ソフト	7000	7170	6900	7000	31.9
9750	ソラン	1861	1880	1860	1880	16
9751	ＴＩＳ	6660	6660	6550	6650	102
9752	ナムコ	2720	2750	2665	2695	84.2
9753	ＩＸナレッジ	500	500	500	500	2
9755	応用地質	1300	1333	1300	1308	7.8
9756	ＡＳＫ	544	554	544	554	3
9757	船井研	600	600	581	587	9
9758	ジシステム	479	480	478	478	9
9759	日システムデ	11100	11100	10900	11050	24.3
9760	進学会	0	0	0	0	0
9761	東海リース	161	163	161	162	8
9762	大和リース	316	318	307	318	96
9763	丸紅リ	76	76	76	76	5
9764	技研興	0	0	0	0	0
9765	オオバ	128	128	128	128	8
9766	コナミ	7570	7730	7250	7700	285.9
9767	日建工学	238	238	238	238	2
9768	国土環境	636	636	636	636	1
9769	学究社	0	0	0	0	0
9776	札臨	0	0	0	0	0
9777	日電計算	1755	1755	1730	1735	3.9
9778	昴	445	445	430	430	3
9779	メフォス	805	805	805	805	1
9780	ビステム	299	299	285	285	4
9781	石川島汎サ	0	0	0	0	0
9782	ＤＭＳ	401	405	400	405	12
9783	ベネッセ	4000	4010	3950	3990	144.8
9784	日工検	0	0	0	0	0
9785	大新東	208	208	208	208	1
9786	キャッツ	2930	2950	2905	2940	83
9787	Ｊメンテ	884	884	830	844	2.6
9788	ナック	660	670	659	666	6.5
9789	栄光	393	393	392	392	4
9790	福井コン	485	490	485	490	3.5
9791	ビケンテクノ	0	0	0	0	0
9792	ニチイ学館	4290	4320	4190	4260	20.8
9793	ダイセキ	1910	1920	1899	1920	16.2
9794	カラカミ観光	504	504	503	503	2
9795	ステップ	0	0	0	0	0
9796	ダイテック	1150	1150	1150	1150	0.5
9797	大日本コン	211	225	211	216	1.3
9798	シダックス	1700	1700	1700	1700	0.5
9799	旭情報	0	0	0	0	0
9810	日鉄商	89	93	83	83	16
9811	アスティス	408	408	408	408	1
9812	テーオー	0	0	0	0	0
9813	トッキ	2000	2300	1990	2300	25
9814	アシックス商	0	0	0	0	0
9815	カテナ	1201	1201	1125	1131	61
9816	バーテックス	310	310	310	310	3
9817	ゴトー	0	0	0	0	0
9818	大丸エナ	743	743	743	743	1
9820	エムティＧ	165	165	165	165	3
9822	なが多	72	79	71	72	730
9823	マミーマート	0	0	0	0	0
9824	泉州電	0	0	0	0	0
9825	アズウェル	369	376	369	376	3.2
9826	ＪＥＵＧＩＡ	155	155	153	153	3
9827	リリカラ	137	140	137	140	6
9828	元気寿司	1030	1030	1030	1030	1
9829	ながの東急	0	0	0	0	0
9830	トラスコ中山	1498	1500	1480	1480	4.3
9831	ヤマダ電	8110	8450	8110	8300	62.3
9832	オートバクス	2770	2785	2705	2720	20.2
9833	エルクコーポ	0	0	0	0	0
9834	リオチェン	440	450	440	440	2.7
9835	ジュンテン	265	265	265	265	3
9836	リーバイス	465	465	460	460	3
9837	モリト	500	500	500	500	2
9838	トラベラー	0	0	0	0	0
9839	ゲッツブラザーズ	0	0	0	0	0
9840	ホーマック	1270	1270	1187	1187	51.4
9841	ＢＭＢ	337	350	337	346	73
9842	アークランド	0	0	0	0	0
9844	ユーエスシー	1400	1440	1390	1400	22
9845	パーカー	240	240	240	240	2
9846	天満屋ス	0	0	0	0	0
9847	ソリスト	575	670	575	670	62
9848	トヨタカローラ岐阜	0	0	0	0	0
9849	河内屋紙	0	0	0	0	0
9850	グルメ杵屋	815	815	815	815	2
9852	中央物産	200	200	200	200	6
9853	銀座ルノア	0	0	0	0	0
9854	愛眼	734	734	710	712	8.9
9855	くろがねや	355	355	355	355	5
9856	ケーユー	735	735	735	735	0.1
9857	英和	0	0	0	0	0
9858	明光商会	1690	1690	1670	1680	2.8
9859	ユーストア	0	0	0	0	0
9860	岐阜日野	718	718	718	718	2
9861	吉野家ディー	193000	202000	192000	199000	0.319
9862	メモレックス・テレ	171	171	167	167	7
9863	靴のマルトミ	37	40	37	38	13.8
9864	ナカイ	0	0	0	0	0
9865	日商エレク	2730	2850	2725	2770	36
9867	ソレキア	395	400	395	395	18
9868	トリイ	340	340	340	340	18
9869	加藤産	0	0	0	0	0
9870	ハナテン	1819	1829	1819	1829	0.8
9871	イトーキ	0	0	0	0	0
9872	北恵	187	187	186	186	2
9873	ケンタッキー	1185	1190	1130	1130	22
9875	マツモトキヨ	4290	4570	4180	4420	328.2
9876	コックス	400	400	400	400	1
9877	マルフル	0	0	0	0	0
9878	セキド	0	0	0	0	0
9879	フタタ	160	160	160	160	1
9880	イノテック	1940	1940	1900	1900	8.4
9882	イエロハット	860	873	851	853	9.8
9883	富士エレ	1700	1700	1680	1680	5
9884	都築電産	620	620	603	603	2
9885	シャルレ	0	0	0	0	0
9887	松屋フーズ	1390	1420	1380	1420	21.9
9888	ＵＥＸ	0	0	0	0	0
9889	ＪＢＣＣ	2250	2250	2205	2245	22.3
9890	マキヤ	0	0	0	0	0
9892	卑弥呼	0	0	0	0	0
9893	ホームワイド	0	0	0	0	0
9894	アトル	600	600	600	600	5
9895	コンセック	215	215	210	210	7
9896	Ｊ建材	550	550	550	550	1
9897	ユニダックス	800	801	800	801	6
9898	サハダイヤ	126	133	121	133	555
9899	サンデサン	0	0	0	0	0
9900	サガミ	850	853	847	853	7
9901	宮	680	680	680	680	1
9902	日伝	0	0	0	0	0
9903	カンセキ	85	85	85	85	2
9904	ベリテ	200	202	200	202	5
9905	コージツ	105	105	105	105	5
9906	藤井産業	395	395	395	395	1
9907	大電社	0	0	0	0	0
9908	日本電計	501	501	501	501	1
9909	愛光電気	0	0	0	0	0
9911	真電	0	0	0	0	0
9912	ダイワボ情	1515	1520	1460	1460	40.5
9913	日邦産業	230	245	230	240	11
9914	植松商会	195	195	195	195	6
9915	アサヒビールＳ	0	0	0	0	0
9916	バイタルＮ	664	665	663	664	1.9
9917	マツモト電器	381	381	381	381	1
9918	ダイワラクダ	0	0	0	0	0
9919	関西スーパ	0	0	0	0	0
9920	シービーエム	990	990	990	990	1
9921	ギガス	0	0	0	0	0
9922	日立機材	520	530	520	530	3
9923	ダイトーエム	0	0	0	0	0
9924	ドミー	490	490	490	490	3
9925	北の家族	730	788	714	714	9
9926	ダイカ	318	318	318	318	2
9927	ワットマン	0	0	0	0	0
9928	ミロク情報	749	750	741	741	9
9929	平和紙業	0	0	0	0	0
9930	北沢産	220	220	219	219	6
9931	家族亭	600	600	570	570	2
9932	杉本商	550	550	550	550	5
9934	因幡電産	1210	1210	1192	1194	1.9
9935	あずみ	271	271	271	271	1
9936	王将フード	985	985	981	981	3
9937	セシール	940	980	940	980	5.9
9938	住金物産	81	83	81	83	16
9939	すみや	0	0	0	0	0
9941	太洋物産	0	0	0	0	0
9943	ココス	611	611	605	605	5
9944	インパクト	1095	1103	1095	1100	7.8
9945	プレナス	4160	4200	4090	4100	3.9
9946	ミニストップ	2230	2260	2230	2250	32.2
9947	シムリー	675	675	675	675	0.1
9948	アークス	680	680	680	680	1
9949	タイヨー	0	0	0	0	0
9950	ハチバン	0	0	0	0	0
9951	カーマ	529	529	521	525	7
9952	ドトール	7620	7620	7300	7310	8.5
9953	ダイキ	1134	1135	1111	1111	23
9954	東京小僧寿し	499	499	498	499	4
9955	ヨンキュウ	1740	1750	1740	1740	2.5
9956	バロー	0	0	0	0	0
9957	バイテック	1640	1650	1600	1600	3.9
9958	サリ	0	0	0	0	0
9959	アシード	650	670	650	670	0.3
9960	東テク	400	400	400	400	1
9961	エムオーテック	130	130	130	130	6
9962	駿河製機	8830	8830	8690	8690	15.5
9963	江守商事	0	0	0	0	0
9964	アイ・テック	780	780	780	780	1
9965	福原	0	0	0	0	0
9966	藤久	1850	1860	1850	1860	0.3
9967	堺商事	225	225	225	225	1
9968	イチヤ	750	750	730	730	2
9969	ショクブン	770	775	770	775	4
9970	東洋オフィス	390	390	390	390	1
9971	カウボーイ	405	405	405	405	1
9972	アルテック	995	1000	990	1000	9.5
9973	小僧本部	1170	1170	1170	1170	1
9974	ベルク	960	960	960	960	0.5
9975	マルヤ	2900	2900	2900	2900	0.3
9976	セキチュー	445	445	445	445	2
9977	アオキスーパ	0	0	0	0	0
9978	文教堂	620	630	600	600	33
9979	大庄	982	994	982	994	16.5
9980	マルコ	675	680	675	680	2.8
9981	ニック産業	0	0	0	0	0
9982	タキヒヨー	0	0	0	0	0
9983	ファストリ	27510	27510	27100	27220	80.3
9984	ソフトバンク	6080	6380	5900	6240	1318.3
9985	榮太郎	730	734	725	725	8
9986	蔵王産業	413	413	413	413	2
9987	スズケン	3800	3810	3770	3810	52.8
9988	神港魚類	0	0	0	0	0
9989	サンドラッグ	3690	3770	3580	3630	110.5
9990	東京デリカ	394	394	394	394	1
9991	ジェコス	280	280	277	279	9.7
9992	理研グリン	0	0	0	0	0
9993	ヤマザワ	1000	1040	1000	1000	3
9994	やまや	400	400	400	400	3.8
9995	イーストン	495	505	495	500	11
9996	サトー商会	460	460	460	460	1
9997	ベルーナ	3880	3890	3820	3850	14.2
