20001215
1001	日経２２５	14832	14832	14552	14552	58.569
1002	ＴＯＰＩＸ	1364	1364	1351	1351	58.569
1301	極洋	147	147	143	143	195
1319	日経300F	277	278	272	272	140
1331	ニチロ	216	216	211	214	1244
1332	日水	184	184	180	180	250
1333	マルハ	138	139	137	137	347
1351	宝幸水産	69	69	67	68	56
1352	ホウスイ	84	84	82	82	4
1376	カネコ種	710	735	710	735	10
1377	サカタタネ	1925	1950	1920	1920	23.4
1378	雪国まいたけ	0	0	0	0	0
1379	ホクト	3900	3900	3870	3880	30.5
1380	秋川牧園	0	0	0	0	0
1381	アクシーズ	500	500	495	498	23
1491	中外鉱	172	175	165	166	4609
1501	三井鉱山	92	94	91	94	164
1503	住友炭	65	66	64	64	149
1515	日鉄鉱	236	251	235	242	421
1518	三井松島	165	169	162	164	41
1601	帝石	452	457	430	432	630
1603	アラビア石油	995	995	885	915	2448.1
1661	ガス開	536	540	530	530	47
1701	昭和鉱	245	245	241	245	19
1702	共立マテリア	371	371	370	370	13
1735	伊田テクノス	400	400	400	400	1
1736	オーテック	290	301	290	301	9
1737	三井エンジ	325	325	322	322	3
1738	ＮＩＴＴＯＨ	0	0	0	0	0
1739	ＳＥＥＤ	0	0	0	0	0
1740	極東工業	375	375	375	375	3
1741	ミサワサンイ	750	750	750	750	2
1742	セコムテクノ	2400	2415	2400	2405	10
1743	コーアツ工業	0	0	0	0	0
1744	キョーエイ	0	0	0	0	0
1745	ミサワホーム東海	370	370	360	360	7
1746	光和建設	0	0	0	0	0
1748	ミサワ北日	244	244	244	244	1
1750	カナック	360	375	360	375	6
1751	日立プラサ	418	420	418	420	7
1752	富士通シス	1100	1120	1100	1100	4
1753	土屋ツバイ	173000	173000	173000	173000	0.003
1754	東新住建	630	630	610	610	4
1755	JFE工建	350	350	350	350	3
1756	和興エンジ	0	0	0	0	0
1757	千年の杜	229	229	228	228	4
1758	太洋基礎	435	435	435	435	1
1759	ジオトップ	244	244	240	240	18
1762	高松建設	1218	1278	1218	1278	1
1763	北陸ミサワ	400	400	400	400	9
1764	工藤建設	0	0	0	0	0
1765	イビデンテック	294000	297000	294000	297000	0.017
1766	東建コーポ	982	982	970	970	13
1767	沖ウィン	499	499	485	485	7
1768	ソネック	0	0	0	0	0
1770	藤田エンジ	420	465	415	460	29
1772	東北エンタープライズ	215	215	215	215	1
1774	機動建	206	206	206	206	1
1775	富士電Ｅ＆Ｃ	240	240	231	240	5
1776	三井住建道路	97	100	96	100	33
1777	川崎設備	360	360	345	345	2
1778	古河総設	170	170	170	170	1
1779	松本建工	380	380	380	380	8
1780	ヤマウラ	334	336	334	335	2.5
1781	国土総合	315	315	305	305	20
1782	常磐開発	200	200	200	200	1
1783	南野建設	65	67	62	62	5
1784	サワコー	25	28	25	26	98.9
1785	ナナボシ	429	430	429	430	5
1786	オリ建	393	393	382	384	11.9
1787	ナカボテック	0	0	0	0	0
1788	三東工業	0	0	0	0	0
1789	山加電業	0	0	0	0	0
1790	平和奥田	344	350	344	350	3
1791	三井木材	115	116	115	115	6
1792	みらい建設Ｇ	195	196	193	193	40
1793	大本組	641	641	641	641	1
1795	マサル	0	0	0	0	0
1796	トヨタウッド	240	240	237	240	1.4
1797	藤木工務店	0	0	0	0	0
1798	守谷商会	0	0	0	0	0
1799	第一建設	0	0	0	0	0
1800	利塚地下技術	225	270	225	250	4
1801	大成建	199	209	197	207	5949
1802	大林組	508	509	496	497	817
1803	清水建	355	364	351	356	2717
1804	佐藤工業	48	48	46	48	275
1805	飛島建	47	48	47	48	152
1806	ACリアル	37	38	35	37	708
1807	渡辺組	0	0	0	0	0
1808	長谷工	35	36	35	36	2776
1809	富士工	44	44	42	43	53
1810	松井建	303	308	300	300	19
1811	銭高組	0	0	0	0	0
1812	鹿島	325	331	318	320	5544
1813	不動建	120	120	115	117	127
1814	大末建	42	42	40	40	81
1815	鉄建	100	102	97	102	1029
1816	安藤建	200	200	195	196	6
1817	勝村建	118	118	117	117	7
1818	日産建設	83	84	81	81	80
1819	太平工	127	129	126	126	33
1820	西松建	392	406	392	400	2336
1821	三井住友建	52	53	51	52	376
1822	大豊建	133	134	133	133	27
1823	住友建設	71	72	70	72	208
1824	前田建	431	431	422	422	183
1825	環境建設	102	102	100	100	108
1826	佐田建	120	121	120	120	12
1827	ナカノフドー建	75	75	72	73	28
1828	田辺工業	0	0	0	0	0
1829	大和建設	67	67	67	67	6
1830	共栄冷機工業	0	0	0	0	0
1831	積水ハ北陸	0	0	0	0	0
1833	奥村組	360	392	360	375	1963
1834	小田急建	220	220	215	215	1.5
1835	東鉄工	212	213	211	211	5
1836	大日本土木	148	148	142	145	11
1837	間組	49	50	49	50	632
1838	古久根建設	74	74	71	71	16
1839	真柄建	133	135	133	133	10
1840	土屋ホーム	270	270	268	268	1.7
1841	サンユ	365	365	365	365	1
1842	昭和テクノ	959	959	959	959	8
1844	大盛工業	92	92	87	87	16
1845	森本組	105	105	105	105	3
1846	鈴縫工	0	0	0	0	0
1847	イチケン	95	96	94	96	10
1848	富士ＰＳ	428	430	428	430	3
1850	南海辰村建	69	70	69	70	9
1851	大木建設	240	242	231	231	85
1852	浅沼組	135	136	134	136	33
1853	森組	0	0	0	0	0
1854	新井組	97	99	97	97	9.5
1855	東急建設	68	70	67	67	84
1856	ジェイオー建設	213	213	213	213	1
1857	松村組	115	119	114	116	189
1858	井上工	88	95	86	93	58
1860	戸田建	509	528	508	525	959
1861	熊谷組	32	34	32	33	2526
1862	横河工事	338	338	338	338	0.3
1863	テトラ	202	206	198	206	4
1865	青木あすなろ建	139	139	138	138	4
1866	北野建	213	215	211	211	24
1867	植木組	175	175	169	169	16
1868	三井ホーム	404	405	401	401	13
1869	名工建	455	455	455	455	1
1870	矢作建	366	368	366	366	4
1871	ピーエス三菱	340	348	337	346	2.3
1872	アゼル	206	208	205	205	46
1873	東ハウス	284	285	284	285	13
1874	佐藤秀	100	109	100	109	25
1875	青木マリン	0	0	0	0	0
1877	川田建設	0	0	0	0	0
1878	大東建	2075	2090	2020	2030	469.5
1879	新日本建	202	203	202	202	5
1880	スルガコーポ	0	0	0	0	0
1881	ＮＩＰＰＯ	508	520	508	515	282
1882	東亜道	186	195	186	195	31
1883	前田道	480	485	472	474	51
1884	日道路	159	161	158	159	27
1885	東亜建	130	132	130	132	141
1886	青木建設	35	35	32	33	1045
1888	若築建	97	97	95	95	63
1889	佐伯建	115	121	114	121	103
1890	東洋建	69	69	66	67	100
1892	徳倉建	260	260	260	260	2
1893	五洋建	137	146	135	144	1432
1895	大成ロテック	154	156	154	156	38
1896	大林道	251	255	250	250	8
1897	金下建	506	506	506	506	2
1898	世紀東急	81	85	81	85	70
1899	福田組	277	280	277	280	6
1900	白石	340	340	295	315	3
1902	山崎建設	285	285	285	285	3
1904	大成温調	305	320	305	310	35
1905	テノックス	236	236	236	236	2
1906	細田工務	292	300	292	295	9
1907	東北ミサワ	605	610	595	595	2.5
1908	三平建設	370000	370000	370000	370000	0.003
1909	日本ドライ	158	169	152	169	51.5
1910	フドウ建研	0	0	0	0	0
1911	住友林	679	679	666	666	271
1912	ミサワセラミ	395	395	395	395	3
1913	旭ホームズ	0	0	0	0	0
1914	日基技	440	442	440	441	21.7
1915	東京ミサワホーム	0	0	0	0	0
1916	日成ビルド	112	115	111	111	43
1917	ニッセキハウス	140	146	130	130	3329
1919	エスバイエル	236	237	233	235	90
1920	殖産住宅相互	66	66	63	63	252
1921	巴	182	183	182	183	5
1922	大成ユーレック	96	96	95	95	7
1923	ミサワホーム	305	308	305	305	99
1924	パナホーム	730	735	717	717	56
1925	大和ハウス	730	731	716	722	889
1926	ライト	397	398	395	397	33
1927	中 部	0	0	0	0	0
1928	積ハウス	1019	1030	1008	1009	1968
1929	日特建	150	150	147	148	30
1930	北陸電工	305	305	305	305	1
1931	日本電通	280	280	280	280	3
1932	コミュチュア	464	464	460	460	2
1933	西シス建	0	0	0	0	0
1934	ユアテック	379	395	374	383	135
1935	ＴＴＫ	215	216	215	216	14
1936	シーキューブ	260	261	260	261	12.9
1937	西部電工	287	287	287	287	4
1938	千歳電	290	290	260	260	18
1939	四電工	378	381	378	378	3
1940	つうけん	217	220	215	215	6
1941	中電工	1476	1500	1468	1499	33
1942	関電工	613	628	607	610	107
1943	大明	827	842	821	830	31
1944	きんでん	694	705	680	680	67
1945	東京エネシス	382	385	382	385	6
1946	トーエネク	439	440	438	438	12
1947	日本コムシス	2050	2075	2035	2065	261
1948	弘電社	374	374	374	374	1
1949	住友電設	524	525	513	525	3.4
1950	電設工	349	350	349	350	8
1951	協エクシオ	1215	1220	1210	1210	78
1952	新日空調	354	363	352	359	1.4
1953	国際電設	0	0	0	0	0
1954	日工営	218	220	216	216	44
1955	東電通	340	341	340	340	65
1956	日電設	377	377	370	370	6
1957	保安工	0	0	0	0	0
1958	三和エレック	270	272	270	270	67
1959	九電工	358	360	350	358	131
1960	サンテック	328	328	328	328	10
1961	三機工	569	572	560	570	101
1962	エルゴテック	102	102	100	100	3
1963	日揮	849	873	824	849	2613
1964	中外炉	310	310	305	305	6
1965	テクノ菱和	506	514	506	507	21.4
1966	高田工	0	0	0	0	0
1967	ヤマト	281	281	275	275	4
1968	太平電	253	253	251	251	11
1969	高砂熱	832	832	800	809	60
1970	日立プラ	280	280	275	277	33
1971	ビルト工	81	81	80	80	3
1972	三晃金	95	99	91	91	13
1973	ＮＥＣシス建	2400	2420	2370	2400	129.2
1974	宮地建設工業	239	260	235	244	85
1975	朝日工	262	265	261	261	30
1976	明星工	116	116	112	112	32
1977	ジェイコス	405	405	405	405	1
1978	アタカ	248	248	248	248	1
1979	大気社	730	750	725	744	88
1980	ダイダン	495	498	489	489	15
1981	協和日成	0	0	0	0	0
1982	日比谷設	419	419	418	419	35
1983	東芝プラ	230	230	227	227	27
1984	三信建	150	150	150	150	2
1985	大和電設	211	211	211	211	4
1986	日商インター	510	510	501	501	2.2
1987	ソルコム	300	300	300	300	10
1988	シボンド建	1550	1600	1540	1572	71
1989	北陸電話	244	244	244	244	3
1990	東邦建	0	0	0	0	0
1991	都築通技	0	0	0	0	0
1992	神田通機	0	0	0	0	0
1993	ニッタン	0	0	0	0	0
1994	高橋ウォール	0	0	0	0	0
1995	鈴木工務店	0	0	0	0	0
1996	三菱建設	0	0	0	0	0
1997	暁飯島工業	0	0	0	0	0
1998	日本土建	995	995	995	995	1.8
2001	日本粉	250	254	250	251	229
2002	日清粉	1005	1005	986	986	285
2003	日東粉	209	209	206	206	16
2004	昭和産	179	181	178	178	92
2006	東福粉	0	0	0	0	0
2007	富士粉	0	0	0	0	0
2008	増田粉	0	0	0	0	0
2009	鳥越粉	343	343	342	342	40
2051	農産工	176	177	172	173	132
2052	協同飼	114	114	111	111	96
2053	中部飼	530	530	530	530	1
2055	日和産	218	218	215	215	17
2056	日配飼	130	130	128	129	60
2057	雪印種	490	490	490	490	1
2102	台糖	238	238	235	236	25
2107	東洋糖	118	119	115	119	26
2108	甜菜糖	144	144	142	142	145
2109	三井糖	225	225	220	220	31
2111	フジ製糖	0	0	0	0	0
2112	塩水糖	256	256	252	253	9
2113	新光糖	205	205	205	205	7
2114	フジ日本精糖	0	0	0	0	0
2116	日新糖	124	125	124	125	11
2201	森永	240	240	234	235	403
2202	明菓	648	648	635	635	422
2204	中村屋	274	274	267	267	13
2205	駿河屋	0	0	0	0	0
2206	グリコ	724	725	710	712	87
2207	名糖産	1100	1100	1100	1100	1
2208	ブルボン	540	540	535	535	12
2209	井村屋	450	450	450	450	8
2211	不二家	225	225	223	223	70
2212	山パン	805	805	792	792	47
2215	一パン	230	236	228	228	178
2216	カンロ	297	300	295	300	17
2217	モロゾフ	201	202	201	202	18
2219	タカラブネ	95	98	95	98	16
2220	亀田製菓	0	0	0	0	0
2221	岩塚製菓	0	0	0	0	0
2222	寿製菓	0	0	0	0	0
2224	コモ	1530	1530	1520	1520	5
2261	明乳	525	535	517	519	272
2262	雪印	400	403	399	400	883
2264	森永乳	271	275	271	275	129
2266	六甲バタ	360	360	360	360	3
2267	ヤクルト	1323	1330	1300	1324	221
2268	サーティワン	0	0	0	0	0
2281	プリマ	116	116	114	114	85
2282	日ハム	1560	1580	1560	1580	187
2284	伊藤ハ	398	403	396	399	327
2286	林兼	125	130	125	126	58
2287	雪印食品	0	0	0	0	0
2288	丸大食	156	157	155	155	144
2289	相模ハム	600	600	600	600	1
2290	米久	1162	1182	1162	1163	85
2291	福留ハ	170	170	170	170	1
2292	ＳＦＯＯＤＳ	860	860	860	860	1
2293	滝沢ハム	0	0	0	0	0
2294	柿安本店	0	0	0	0	0
2501	サッポロＨＤ	337	337	334	337	283
2502	アサヒ	1070	1070	1055	1061	676
2503	キリン	1001	1003	999	999	2872
2531	宝ＨＤ	2280	2280	2205	2255	486
2533	オエノンＨＤ	231	240	231	234	107
2536	メルシャン	264	264	258	258	190
2538	マルキン忠勇	145	145	143	143	12
2540	養命酒	696	711	696	710	14
2541	ニッカ	335	336	333	336	6
2571	中京コカ	880	900	880	900	19
2572	三国コカ	1265	1265	1225	1225	59
2573	北海コカ	880	880	870	870	3
2575	三笠コカ	825	825	815	825	3.9
2576	近畿コカ	1143	1144	1100	1100	30
2577	富士コカ	956	956	938	955	23
2578	四国コカ	1060	1100	1060	1060	1.6
2579	コカウエスト	2905	3000	2860	2945	98.2
2591	カルピス	476	480	475	480	33
2592	ポッカ	450	450	435	435	6
2593	伊藤園	7100	7150	7040	7040	20.8
2594	キーコーヒー	1352	1380	1352	1353	3.2
2595	キリンビバ	2200	2240	2160	2240	87
2596	キューサイ	2050	2055	2050	2050	6.4
2597	ユニカフェ	1250	1280	1250	1280	4.4
2598	アサヒ飲料	660	660	650	650	24
2599	ジャパンＦ	0	0	0	0	0
2601	ホーネンコーポ	188	191	187	188	123
2602	日清オイリオ	300	306	300	302	458
2604	吉原製油	280	286	280	285	66
2607	不二油	1048	1048	1011	1011	162
2608	ボーソー	0	0	0	0	0
2611	摂津油	300	300	300	300	1
2612	かどや製油	780	780	780	780	0.5
2650	橘テクトロン	765	770	750	760	8
2651	ローソン	4230	4330	4200	4250	69
2652	まんだらけ	239000	239000	223000	230000	0.008
2653	イオン九州	930	930	930	930	1
2654	シンワ	0	0	0	0	0
2655	マックス東北	608	608	602	602	6
2656	ベクター	1250000	1250000	1250000	1250000	0.003
2657	インタニクス	1750	1750	1710	1740	6
2658	ウライ	210	225	210	215	15
2659	サンエー	1810	1820	1810	1820	3
2660	キリン堂	0	0	0	0	0
2661	キンレイ	540	555	540	555	18
2662	ダイユエイト	431	431	431	431	9
2663	伊藤伊	460	460	460	460	2
2664	カワチ薬品	6480	6560	6480	6550	4.2
2665	ネクストコム	8550000	8550000	8200000	8200000	0.005
2666	オートウェブ	1100	1220	1100	1220	2
2667	イメージワン	1000000	1000000	940000	940000	0.008
2668	ダン	855	855	855	855	2
2669	カネ美食品	3650	3670	3650	3670	13
2670	ＡＢＣマート	3270	3270	3050	3090	37
2671	エフディシィ	580	580	552	552	10
2672	アクティ２１	500000	520000	500000	520000	0.009
2673	ステイラー	410	415	400	400	11
2674	ハードオフ	1030	1060	1000	1010	7
2675	ダイナック	561	561	485	495	33
2676	高千穂交易	1580	1660	1580	1620	22
2678	アスクル	6850	7010	6750	6850	146
2680	日本オプティ	415	425	410	424	21
2681	ゲオ	590000	594000	590000	590000	0.005
2682	ジューテック	454	455	439	439	16
2683	魚喜	752	754	752	754	2
2684	プライム	1650000	1810000	1580000	1750000	0.044
2685	ポイント	570	670	565	665	72
2801	キッコマン	864	874	864	864	204
2802	味の素	1316	1317	1297	1301	1717
2804	ブルドック	595	604	595	604	4
2805	エスビー	0	0	0	0	0
2806	ユタカフーズ	770	770	770	770	1
2808	サンビシ	0	0	0	0	0
2809	キユーピー	951	951	940	941	54
2810	ハウス食品	1460	1460	1433	1435	70
2811	カゴメ	944	954	913	913	78
2812	焼津水化	1800	1800	1795	1796	14.5
2813	和弘食品	113	113	113	113	2
2814	佐藤食品	870	875	870	875	7
2815	アリアケ	6870	6870	6650	6650	11.5
2816	ダイショー	790	791	790	790	11
2817	ギャバン	0	0	0	0	0
2830	アヲハタ	799	799	799	799	2
2831	はごろも	990	990	990	990	1
2871	ニチレイ	510	516	495	497	459
2872	セイヒョー	390	390	390	390	2
2873	加ト吉	2880	2880	2790	2850	76.7
2874	ヨコレイ	600	605	589	589	51
2875	東洋水	825	825	812	812	40
2876	ＪＣコムサ	0	0	0	0	0
2877	日東ベスト	0	0	0	0	0
2878	赤城水産	0	0	0	0	0
2879	ニチロサンフズ	370	370	370	370	2
2891	酵母工	431	431	430	430	15
2892	日食品	240	240	240	240	3
2893	ローマイヤ	105	105	103	103	4
2894	石井食	252	252	250	250	4
2897	日清食	2660	2720	2655	2660	172.6
2898	ソントン	870	870	870	870	2
2899	永谷園	805	806	805	805	5
2900	明星食	221	222	220	220	31
2901	石垣食	0	0	0	0	0
2902	太陽化	511	511	511	511	1
2903	シノブフズ	151	151	151	151	6
2904	一正蒲鉾	599	599	599	599	5
2905	オーケー食	116	118	116	118	7
2906	ホッコク	0	0	0	0	0
2907	あじかん	620	650	620	650	11.5
2908	フジッコ	1434	1434	1370	1374	13
2909	トオカツフズ	271	271	270	270	12
2910	Ｒフィールド	5200	5200	5070	5070	5.5
2911	旭松食品	0	0	0	0	0
2912	鐘崎	252	252	225	225	11
2913	フジフーズ	0	0	0	0	0
2914	ＪＴ	765000	773000	759000	765000	1.045
2915	ケンコーマヨ	450	450	450	450	1
2916	仙波糖化	0	0	0	0	0
2917	大森屋	685	690	685	690	2
2918	わらべ日洋	1005	1005	1005	1005	2
2920	ケイビー	0	0	0	0	0
2921	フクシマフズ	502	502	502	502	3
2922	なとり	1220	1220	1180	1180	12
3001	片倉	500	500	492	492	27
3002	グンゼ	425	440	422	435	1018
3003	昭栄	970	975	970	975	2
3004	神栄	156	156	150	150	15
3007	神戸生絲	40	42	38	40	58
3009	川島織	133	135	131	133	17
3010	上毛	167	170	166	167	82
3011	バナーズ	0	0	0	0	0
3101	東洋紡	217	220	210	210	1163
3102	カネボウ	303	303	295	295	420
3103	ユニチカ	84	85	81	83	1462
3104	富士紡Ｈ	60	60	57	58	238
3105	日清紡	529	529	520	522	233
3106	クラボウ	170	178	167	167	3075
3107	ダイワボウ	100	102	99	99	69
3109	シキボウ	67	68	66	67	96
3110	日東紡	150	150	146	147	496
3111	オーミケン	0	0	0	0	0
3113	ＢＳＬ	88	90	87	87	40
3114	同興紡	115	115	115	115	8
3115	テザック	46	49	46	47	131
3116	トヨタ紡織	710	711	706	709	23
3117	興和紡	0	0	0	0	0
3121	アセットイン	0	0	0	0	0
3123	サイボー	0	0	0	0	0
3125	内外綿	50	50	48	48	16
3128	テラボウ	0	0	0	0	0
3129	ファブリカＴ	0	0	0	0	0
3201	日毛	398	398	385	385	51
3202	大東紡	85	85	80	82	45
3203	東亜紡織	57	59	57	59	13
3205	ダイドー	265	265	264	264	5
3206	南海毛糸紡績	70	70	70	70	3
3207	中央毛	152	153	152	153	10
3209	カネヨウ	102	102	102	102	1
3211	太陽毛絲紡	70	70	70	70	2
3216	御幸ＨＤ	405	405	403	403	4
3302	帝繊維	178	178	178	178	3
3304	トスコ	0	0	0	0	0
3306	日本麻	42	42	42	42	6
3401	帝人	545	567	543	558	7794
3402	東レ	438	442	437	440	1743
3403	東邦テナ	94	97	94	96	181
3404	三菱レ	377	378	371	371	906
3405	クラレ	986	998	986	991	1091
3407	旭化成	680	691	678	682	1351
3408	サカイオーベ	85	87	83	83	40
3409	北日紡	85	90	85	90	25
3411	オートリ	93	93	92	93	16
3420	ケーエフシー	1040	1040	1040	1040	2
3421	稲葉製作	1510	1510	1490	1490	8.3
3422	丸順	0	0	0	0	0
3423	エスイー	360	440	340	400	31
3424	ミヤコ	340	345	335	340	11
3425	本郷	618	618	618	618	7
3426	アトムリビン	415	415	415	415	1
3428	サンポット	280	304	266	300	190
3501	住江織	124	125	123	123	11
3503	東和織	65	65	65	65	1
3512	フエルト	350	350	342	342	29
3513	イチカワ	240	240	239	240	11
3514	バイリーン	260	261	250	251	42
3515	フジコー	0	0	0	0	0
3521	エコナック	112	115	112	112	256
3524	日東網	74	74	74	74	4
3526	芦森工	195	195	192	192	21
3528	グローベルス	129	129	123	123	30
3529	アツギ	78	79	75	75	232
3532	堀田産	56	56	54	54	4
3533	ダイオ化成	400	400	400	400	1
3534	ＮＢＣ	920	920	900	920	10
3551	ダイニック	146	151	146	147	14
3552	洋クロス	206	210	205	205	10
3553	共和レ	490	490	490	490	5
3569	セーレン	308	310	302	310	62
3570	オリカキャピ	148	150	148	148	15
3571	ソトー	0	0	0	0	0
3572	大同マルタ	0	0	0	0	0
3576	カンボウ	0	0	0	0	0
3577	東海染	105	106	105	105	27
3578	倉庫精	83	83	83	83	1
3580	小松精	277	277	277	277	1
3581	岐セン	0	0	0	0	0
3583	オーベクス	0	0	0	0	0
3584	福助	125	126	122	122	27
3585	トムスエンタ	290	290	280	287	56
3587	ＩＢダイワ	68	72	65	65	351
3588	丸山工	0	0	0	0	0
3591	ワコール	976	985	951	964	221
3592	ＣＨＯＹＡ	0	0	0	0	0
3593	ホギメデ	7050	7070	7010	7070	12.6
3594	モリシタ	0	0	0	0	0
3595	ヤギコーポ	310	310	310	310	1
3596	ワールド	4600	4750	4590	4740	251.3
3597	自重堂	684	700	684	700	11
3598	山喜	208	213	208	213	13
3599	コーコス	410	410	410	410	1
3600	フジックス	0	0	0	0	0
3601	ニチメンイン	1160	1180	1150	1150	3.3
3602	イタリヤード	110	110	108	108	6
3603	チャッコット	0	0	0	0	0
3706	東海パ	415	415	410	410	2
3861	王子紙	601	608	601	601	1955
3863	日本製紙	627	645	627	632	2349
3864	三菱紙	236	239	232	233	603
3865	北越紙	817	835	812	817	1136
3868	高崎三興	85	85	81	82	77
3869	日本板紙	208	208	203	203	25
3870	日本加工製紙	65	66	62	62	126
3871	大昭和紙	368	381	368	381	231
3872	三島紙	154	155	144	144	23
3877	中越パ	251	253	250	250	122
3878	巴川紙	385	391	380	384	58
3880	大王紙	929	943	929	932	29
3881	特種紙	406	410	406	407	6
3882	紀州紙	166	167	162	162	29
3886	チューエツ	85	85	85	85	3
3887	中央板紙	95	100	93	95	16
3889	大平製紙	0	0	0	0	0
3890	ゼネＫＫ	417	487	412	487	105
3891	高度紙	1440	1440	1440	1440	1
3892	岡山製紙	310	315	300	306	160
3941	レンゴー	450	450	441	445	874
3944	古林紙	0	0	0	0	0
3945	スパバッグ	169	169	169	169	2
3946	トーモク	209	209	205	205	54
3947	ダイナパック	499	499	475	475	2
3948	光ビジネス	0	0	0	0	0
3949	日本ハイパック	201	201	200	200	2
3950	ザ・パック	0	0	0	0	0
3951	朝日印刷	860	860	860	860	1
3952	中央紙器	0	0	0	0	0
3953	大村紙業	370	400	370	400	4
3954	昭和パックス	0	0	0	0	0
3955	イムラ封筒	731	731	730	730	4
3971	東セロ	266	266	266	266	1
4003	コープケミ	87	87	86	86	11
4004	昭電工	144	144	139	141	1548
4005	住友化学	541	544	539	542	1042
4007	日化成	150	155	149	155	26
4008	住友精化	251	257	251	251	24
4010	三菱化学	307	311	303	305	3409
4021	日産化	890	904	890	892	310
4022	ラサ工	255	257	255	255	68
4023	呉羽化	299	302	292	292	416
4025	多木化	338	338	338	338	20
4026	神島化	310	310	310	310	1
4027	テイカ	257	257	247	249	37
4028	石原産	197	197	188	189	3601
4031	チッカリン	352	352	352	352	4
4032	日東バイオン	0	0	0	0	0
4033	日東エフシー	390	390	390	390	1
4041	日曹達	314	316	307	310	270
4042	東ソー	338	338	329	329	1135
4043	トクヤマ	482	483	472	481	170
4044	セ硝子	551	560	550	558	365
4045	東合成	217	218	213	213	405
4046	ダイソー	200	200	186	186	88
4047	関電化	0	0	0	0	0
4050	鶴見曹達	426	426	425	425	3
4061	電化	412	421	409	411	523
4062	イビデン	1920	1940	1900	1900	542
4063	信越化	4930	5000	4800	4820	519
4064	カーバイド	104	105	102	103	69
4065	紀文フ	390	391	390	391	9
4077	富士チタン工業	550	550	530	530	19
4078	堺化学	775	785	761	785	128
4079	ハクスイテック	840	850	740	750	3
4080	田中化研	2200	2230	2200	2230	3
4086	日本エア・リキード	633	635	619	620	28
4088	エアウォータ	441	441	430	430	255
4089	大阪酸素工業	247	255	247	248	32
4091	大陽日酸	451	465	451	454	411
4092	日本化	440	442	433	434	259
4093	アセチレン	80	82	80	82	5
4094	日化産	300	300	297	297	6
4095	パーカライ	335	337	335	335	15
4096	昭炭酸	0	0	0	0	0
4097	高圧ガス	325	327	325	327	26
4098	チタン	160	163	155	155	25
4099	四国化	370	379	370	376	14
4100	戸田工	523	524	516	516	55
4101	日興酸素	0	0	0	0	0
4102	丸尾カル	210	210	204	204	2
4103	大陽東洋酸素	227	227	223	224	124
4104	タテホ	194	194	191	191	19
4105	メルテックス	710	710	710	710	1
4106	ケムキャット	1200	1200	1160	1160	4
4107	伊勢化	356	356	356	356	1
4109	ステラケミ	5200	5200	5090	5100	8.6
4112	保土谷	164	172	161	172	17
4113	田岡化	0	0	0	0	0
4114	日触媒	474	479	463	463	473
4115	本州化	630	630	616	616	6
4116	大日精	341	348	341	345	18
4117	川崎化	124	124	124	124	14
4118	カネカ	954	1005	954	1000	1861
4119	ピグメント	230	236	230	230	14
4120	スガイ	225	231	225	231	7
4123	山化成	634	634	634	634	2
4151	協発酵	825	825	812	812	616
4182	菱ガス化	375	381	371	371	1530
4183	三井化学	555	557	550	550	1467
4185	ＪＳＲ	751	776	751	757	359
4186	東応化	1781	1809	1781	1790	131.7
4187	大有機	470	470	470	470	3
4201	日合成	150	150	141	142	130
4202	ダイセル	335	343	332	335	632
4203	住友ベ	1195	1213	1185	1208	909
4204	積水化	326	338	325	331	845
4205	ゼオン	467	467	450	457	333
4206	アイカ	667	667	653	654	67
4208	宇部興	251	256	248	252	1015
4209	フドー	83	85	83	85	5
4210	東洋化学	402	407	402	407	58
4212	積水樹	368	368	363	366	15
4213	菱樹脂	211	227	209	215	2005
4214	高分子	328	330	326	330	17
4215	タキロン	354	358	345	354	30
4216	旭有機	315	316	314	314	59
4217	日立化	2860	2940	2855	2940	108
4218	ニチバン	328	330	321	324	32
4219	プラス・テク	85	85	85	85	1
4220	リケンテクノ	313	315	312	312	47
4221	大倉工	363	372	363	372	75
4222	児玉化	60	60	60	60	3
4224	ロンシール	67	67	66	66	4
4225	筒中	303	304	300	302	18
4226	テスコ	0	0	0	0	0
4227	郡是高分子	0	0	0	0	0
4228	積化成	193	194	192	192	29
4229	群栄化	158	158	157	157	22
4231	タイガポリ	0	0	0	0	0
4232	東芝ケミカル	318	318	318	318	5
4233	ワコー	0	0	0	0	0
4234	サンエー化研	760	760	750	750	8
4271	カーリット	778	778	760	760	24
4272	日化薬	722	730	705	708	306
4274	細火工	0	0	0	0	0
4361	川口化	0	0	0	0	0
4362	日精化	428	432	423	424	17
4363	新日鐵化学	205	210	203	204	583
4364	マナック	400	400	400	400	3
4365	松本油脂	1710	1730	1710	1730	2
4366	ダイトーケミ	0	0	0	0	0
4367	広栄化学	250	250	250	250	2
4401	旭電化	812	820	808	810	126
4403	日油脂	257	257	248	250	729
4404	ミヨシ	227	228	225	227	33
4406	日理化	622	626	605	620	238
4409	東邦化	184	184	184	184	2
4410	ハリマ化成	484	484	473	478	24
4452	花王	3140	3180	3100	3150	1604
4461	一工薬	292	294	280	294	83
4462	石原薬品	0	0	0	0	0
4463	日華化学	381	381	381	381	1
4471	三洋化	869	882	869	878	44
4501	三共	2455	2490	2435	2440	1032
4502	武田	6760	6800	6660	6660	1459
4503	アステラス薬	4780	4810	4720	4720	889
4505	第一製薬	3160	3180	3100	3180	876
4506	大日薬	1849	1920	1849	1861	690
4507	塩野義	2300	2360	2300	2315	461
4508	田辺薬	903	945	902	933	1186
4509	三菱ウェルファーマ	909	909	885	891	100
4511	藤沢薬品	3370	3410	3360	3360	856
4512	わかもと	430	430	426	426	8
4514	帝臓器	739	760	739	742	14
4515	萬有製薬	2360	2420	2345	2385	256
4516	日新薬	973	982	970	980	14
4517	ビオフェル	0	0	0	0	0
4518	富山化	459	460	452	456	332
4519	中外薬	1894	1901	1871	1871	367
4520	和光堂	3300	3300	3300	3300	0.3
4521	科研薬	648	649	636	637	459
4523	エーザイ	3670	3740	3550	3700	459
4524	仁丹	1699	1700	1670	1689	33
4526	理ビタ	1355	1355	1320	1320	7
4527	ロート	1499	1499	1462	1480	30
4528	小野薬	4400	4410	4290	4360	104
4529	日研化	341	341	333	336	23
4530	久光薬	1860	1860	1820	1820	77
4531	有機薬	314	315	305	315	17
4534	持田薬	746	748	731	740	216
4535	大正薬	2920	2950	2910	2910	200
4536	参天薬	2225	2240	2195	2205	297
4537	エスエス	965	976	965	970	29
4538	扶桑薬	515	528	515	520	30
4539	ケミファ	250	250	241	241	11
4540	ツムラ	337	340	331	332	26
4541	日医工	146	147	146	147	3
4542	三笠薬	413	414	413	414	2
4543	テルモ	2490	2525	2480	2500	969.1
4544	みらかＨＤ	630	635	630	632	39
4545	国際試薬	364	365	345	350	18
4546	北陸製薬	1670	1975	1660	1870	1214
4547	キッセイ	2365	2365	2335	2355	85
4548	生化学	900	905	900	905	11
4549	栄研化	1599	1599	1470	1470	183
4550	日水薬	635	635	635	635	9
4551	鳥居薬	2530	2550	2505	2505	4.8
4552	日本ケミカル	711	730	710	716	27
4553	東和薬品	1100	1110	990	1010	49
4554	富士製薬	330	330	311	313	16
4555	沢井製薬	1280	1280	1240	1240	10
4556	カイノス	535	540	530	530	16
4557	医学生物	1000	1030	1000	1010	19
4558	中京医薬	0	0	0	0	0
4559	ゼリア新薬	1060	1090	1060	1080	4
4560	キョーリン薬	3450	3500	3430	3470	23
4561	デンカ生研	1740	1770	1740	1770	2
4611	大日塗	166	170	165	168	22
4612	日本ペ	365	365	358	358	384
4613	関西ペ	358	360	352	352	423
4614	トウペ	132	133	129	129	11
4615	神東塗	112	112	112	112	8
4616	川上塗	0	0	0	0	0
4617	中国塗	219	219	215	215	52
4619	日特塗	270	270	262	262	34
4620	藤倉化	395	399	395	399	47
4621	ロック	770	770	770	770	5
4622	ユニペイン	0	0	0	0	0
4623	アサヒペン	242	242	240	240	15
4624	イサム	0	0	0	0	0
4625	アトミクス	275	300	270	275	5
4626	太陽インキ	4400	4500	4400	4460	3.7
4627	ナトコ	680	685	680	680	5
4628	エスケー化研	0	0	0	0	0
4629	大伸化学	360	360	360	360	3
4631	インキ	370	371	361	361	297
4633	サカタＩＮＸ	298	318	298	313	165
4634	洋インキ	331	338	326	330	4633
4635	東インキ	252	252	252	252	4
4636	Ｔ＆Ｋ	2940	2960	2940	2960	5.2
4640	アンドール	290	290	290	290	1
4641	アルプス技	0	0	0	0	0
4642	オリジナル設	900	900	900	900	1
4643	コナミスポ	6990	7190	6960	7100	18.5
4644	イマジニア	1010	1030	990	1010	7.7
4645	市進	255	255	255	255	1
4646	ジャスフォート	851	860	851	860	0.2
4649	大成	410	410	410	410	3.5
4650	スガイエンタ	510	510	510	510	0.5
4651	サニックス	5250	5300	5100	5200	82.9
4652	ウッドランド	1030	1040	1000	1010	11.5
4653	ダイオーズ	0	0	0	0	0
4654	ニチゾウテク	0	0	0	0	0
4655	ＮＯＶＡ	620	620	600	610	7
4656	サン・ライフ	0	0	0	0	0
4657	環境管理	0	0	0	0	0
4658	日本空調	0	0	0	0	0
4659	エイジス	0	0	0	0	0
4660	ニッポン放送	5010	5010	5000	5000	35
4661	ＯＬＣ	7540	7750	7470	7480	65.8
4662	フォーカス	1500	1500	1460	1460	41.2
4663	ＡＴＬ	510000	520000	490000	490000	0.006
4664	ＲＳＣ	0	0	0	0	0
4666	パーク２４	9790	9880	9700	9820	12.6
4667	アイサンテク	135	135	135	135	2
4668	明光ネット	0	0	0	0	0
4669	ニッパンＲ	0	0	0	0	0
4670	セタ	360	360	350	350	4
4671	ファルコバ	1700	1700	1680	1680	11
4672	ベルックス	0	0	0	0	0
4673	川崎地質	0	0	0	0	0
4674	クレスコ	6820	6920	6800	6920	3.3
4675	エヌエス環境	0	0	0	0	0
4676	フジテレビ	1080000	1110000	1050000	1070000	2.373
4678	秀英	900	910	899	899	7.1
4679	田谷	0	0	0	0	0
4680	ラウンドワン	133000	134000	131000	134000	0.138
4681	リゾートトラ	3030	3100	3030	3050	32.4
4682	電通テック	8000	8000	7800	7850	1.3
4683	堀内カラー	560	569	560	569	2
4684	オービック	31500	33850	31500	33850	9.5
4685	菱友システム	0	0	0	0	0
4686	ジャスト	3260	3300	3260	3260	10.4
4687	ＴＤＣソフト	2400	2400	2380	2400	1.5
4688	日本ドレーク	4680	4680	4480	4490	3.3
4689	ヤフー	7650000	7700000	7260000	7290000	0.127
4690	日パレット	260	270	260	270	3
4692	アルゴ２１	2580	2600	2500	2520	43.6
4694	ＢＭＬ	2650	2650	2600	2600	0.5
4695	マイスター	423	425	423	425	2
4696	ワタベ	940	970	940	970	4
4697	ゼロ	121000	127000	120000	120000	0.059
4699	ウチダエスコ	0	0	0	0	0
4700	アクセス	2270000	2290000	2200000	2260000	0.023
4701	プレック研	0	0	0	0	0
4702	55ステーション	0	0	0	0	0
4703	住商オート	840	840	820	830	9.1
4704	トレンド	11690	11950	11640	11700	114.5
4705	クリップ	0	0	0	0	0
4706	富士通サポート	10890	10890	10550	10730	63.7
4707	キタック	0	0	0	0	0
4708	もしもしＨＬ	11000	11500	10800	11500	37.7
4709	ＩＤ	940	940	910	910	2
4710	ウィン	240	240	240	240	1
4711	コミュニティ	1141	1199	1141	1179	2.7
4712	アドアーズ	380	436	372	430	157
4713	日信電サ	0	0	0	0	0
4714	リソー教育	174000	178000	174000	174000	0.009
4715	クリエイティブ	340	340	340	340	2
4716	日本オラクル	23750	24350	23700	23840	49.6
4717	ソデッソジャパン	1580	1580	1580	1580	10
4718	早稲アカ	285	285	280	280	4
4719	アルファシス	14100	14340	14100	14120	3.3
4720	城南進研	0	0	0	0	0
4721	フジスタッフ	1330	1330	1240	1240	17.2
4722	フューチャー	860000	860000	830000	860000	0.027
4723	グッドウィル	127000	127000	121000	121000	0.14
4724	シチエ	910	930	900	900	4.1
4725	ＣＡＣ	4590	4590	4450	4450	0.8
4726	ソフトバンテク	4700	4700	4600	4600	17
4727	アジアＳ総研	1300	1300	1250	1280	3.1
4728	トーセ	3110	3110	3020	3100	2.2
4729	コナミスタジオ	261000	261000	250000	250000	0.031
4730	関西メンテ	449	450	449	450	9
4731	ユニバホーム	0	0	0	0	0
4732	ＵＳＳ	2790	2880	2700	2700	91.1
4733	ＯＢＣ	10000	10000	9900	9950	18.6
4734	ビーイング	585	585	580	580	5
4735	京進	0	0	0	0	0
4736	日本ラッド	0	0	0	0	0
4737	シダックス	740	745	739	740	11.8
4738	日立ビジネス	1120	1150	1120	1150	6.6
4739	ＣＴＣ	23200	24400	23200	23710	144.6
4740	ニューディル	115000	115000	108000	111000	0.237
4741	ＩＲＩ	2040000	2140000	1990000	2100000	0.011
4742	エイトコン	799000	799000	799000	799000	0.044
4743	アイティフォ	2800	2800	2610	2760	21.1
4744	メッツ	350000	350000	350000	350000	0.002
4745	東京個別	2800	2800	2800	2800	1
4746	東計電算	1050	1050	1010	1010	12
4747	Ｃフィッシュ	450000	450000	450000	450000	0.004
4748	構造計画	820	890	780	890	22.5
4749	アドバックス	198	198	198	198	2
4750	ダイサン	235	235	235	235	1
4751	サイバエージ	401000	415000	400000	401000	0.033
4752	昭和システム	0	0	0	0	0
4753	ライブドア	880000	895000	850000	895000	0.01
4754	トスネット	235	240	235	235	10
4755	楽天	930000	940000	890000	890000	0.214
4756	ＣＣＣ	1890	1890	1880	1880	7
4757	インテリ	500000	540000	470000	510000	0.275
4758	シーアイエス	0	0	0	0	0
4759	ライブＭ	1600000	1600000	1600000	1600000	0.001
4760	ＡＬＰＨＡ	575	575	565	565	8
4761	さくらＫＣＳ	0	0	0	0	0
4762	エクスネット	2600000	2600000	2600000	2600000	0.001
4763	クリークリバ	1610000	1610000	1600000	1600000	0.003
4764	Ｄデザイン	800000	800000	800000	800000	0.001
4765	モーニングＳ	2800000	2800000	2800000	2800000	0.001
4766	ピーエイ	870	870	870	870	1
4767	ＴＯＷ	1150	1160	1150	1160	6
4768	大塚商会	2900	2900	2825	2825	17.3
4769	インフォクリ	460	460	460	460	2
4770	エルミック	905	969	905	969	13
4771	Ｆ＆Ｍ	2700000	2700000	2700000	2700000	0.003
4772	デジタルアド	3040	3040	2950	3000	11
4773	Ａ＆Ｉ	1650	1650	1650	1650	3
4774	NECソフト	11310	11700	11120	11210	51.5
4775	総合メディカ	2650	2700	2600	2700	10
4776	ＣＹＢＯＺＵ	910000	910000	900000	900000	0.004
4777	ガーラ	750000	751000	750000	751000	0.005
4778	ヒューマネジ	570000	600000	570000	600000	0.002
4779	ソフトブレン	430000	430000	390000	393000	0.195
4780	コナミ東京	1210	1300	1210	1300	9
4781	日本ハウズ	530	530	525	530	7
4782	オリコンサル	260	260	260	260	1
4783	日ダイナミク	655	655	581	581	7
4784	まぐクリック	801000	801000	780000	800000	0.018
4785	Ｓサイエンス	550	550	530	530	4
4786	ディジット	689000	689000	650000	650000	0.005
4787	ＮＣＧ	669000	669000	582000	600000	0.029
4788	サイバＣＯＭ	558000	558000	548000	550000	0.029
4789	エスイーラボ	601	601	601	601	1
4790	グレース	0	0	0	0	0
4791	ドリーム・トレイン	0	0	0	0	0
4792	ＴＦＰコンサ	470000	470000	470000	470000	0.001
4793	富士通ＢＳＣ	3630	3800	3630	3700	34.6
4794	デザインＥＸ	250000	250000	240000	240000	0.004
4795	スカパー	159000	159000	153000	155000	2.304
4797	アイシーエフ	199000	199000	181000	181000	0.011
4798	日本ＬＣＡ	610	610	580	580	10
4800	オリコン	830000	830000	830000	830000	0.002
4801	セントラルＳ	1110	1140	1110	1140	7
4812	電通国際情報	8200	9090	8010	8940	112.6
4814	ネクストウェ	563000	563000	550000	555000	0.004
4815	ジャパンＤＣ	293000	293000	281000	289000	0.007
4816	東映アニメ	3310	3350	3000	3120	71
4818	サイトデザイン	259000	326000	253000	320000	0.052
4819	デジタルガレ	1480000	1530000	1300000	1500000	0.249
4820	イーエムシス	870	1020	800	1000	710
4901	富士写	4360	4500	4320	4390	1103
4902	コニカＨＤ	980	989	975	984	1007
4911	資生堂	1310	1325	1299	1313	585
4912	ライオン	423	425	415	416	345
4913	サンスター	327	327	321	321	18
4914	高砂香	422	427	422	424	43
4915	エイボンＪ	221	221	200	200	9
4916	ノエビア	1070	1070	1070	1070	1
4917	マンダム	985	1040	975	1010	167.8
4918	アイビー	0	0	0	0	0
4919	ミルボン	5570	5570	5400	5450	2.8
4920	日本色材	400	410	400	410	7
4921	ファンケル	3730	3730	3500	3500	72
4922	コーセー	4190	4190	4110	4110	48.2
4951	エステー化	665	671	665	670	11
4953	タイホー工業	935	935	935	935	234
4954	マークテック	330	330	330	330	2
4955	アグロカネシ	720	720	700	720	10
4956	コニシ	950	950	945	945	1.4
4957	ヤスハラケミ	849	850	849	850	3
4958	長谷川香料	1800	1840	1800	1800	7.5
4959	シーシーアイ	0	0	0	0	0
4960	ケミプロ	251	320	251	320	41
4961	日油技研	0	0	0	0	0
4963	星光ＰＭＣ	0	0	0	0	0
4964	星光化学工業	310	310	310	310	0.2
4965	曽田香料	407	407	390	390	2
4966	上村工	1949	1950	1920	1950	14
4967	小林製薬	6100	6200	6100	6160	7.5
4968	荒川化工	820	820	800	800	10
4970	東洋合成	870	880	870	880	3
4987	寺岡製	701	701	701	701	4
4989	イハラケミ	191	192	187	187	31
4990	昭和化	275	275	275	275	1
4992	北興化	343	345	332	333	23
4996	クミアイ化	167	170	166	168	46
4997	日農薬	214	219	214	219	22
4998	フマキラ	170	170	165	165	8
4999	セメダイン	0	0	0	0	0
5001	新日本石油	574	590	565	565	2729
5002	昭和シェル	510	517	509	511	541
5006	興亜石油	270	270	263	263	61
5007	コスモ石	231	234	227	227	506
5008	東亜石	119	119	115	117	62
5009	富士興	75	80	75	76	49
5010	日精蝋	87	88	87	88	3
5011	ニチレキ	431	444	431	431	13
5012	東燃ゼネ石	660	665	649	650	846
5013	ユシロ	538	550	537	550	9
5014	ジャパンエナジー	216	223	211	214	17484
5015	ＢＰカスト	610	610	600	600	4.3
5101	浜ゴム	230	237	225	225	1121
5102	大機エンジ	190	190	190	190	1
5103	昭ゴム	255	255	220	220	1020
5104	日東化工	103	103	100	101	26
5105	洋ゴム	140	142	140	142	123
5106	オーツタイヤ	202	204	199	199	33
5108	ブリヂストン	1116	1140	1116	1130	1773
5110	住友ゴ	499	504	480	486	339
5121	藤ゴム	180	180	180	180	7
5122	オカモト	255	255	249	249	42
5123	ミサワ東洋	0	0	0	0	0
5142	アキレス	151	153	150	152	113
5143	世界長	89	89	85	85	5
5161	西川ゴム	0	0	0	0	0
5162	朝日ラバー	1100	1100	1100	1100	3
5184	ニチリン	0	0	0	0	0
5185	フコク	530	530	520	520	4.5
5186	ニッタ	1345	1345	1305	1319	27.6
5187	クリエート	498	500	498	500	2
5188	帝都ゴム	117	117	117	117	1
5189	桜ゴム	209	233	209	230	16
5191	東海ゴ	1260	1300	1260	1285	196
5192	三星ベ	273	276	273	273	42
5193	平成ポリマー	92	93	92	92	10
5194	相模ゴ	450	450	450	450	6
5195	バンドー	202	205	202	205	53
5196	鬼ゴム	77	78	76	76	36
5199	不二ラテ	161	161	160	160	2
5201	旭硝子	948	958	936	946	4247
5202	板硝子	1805	1805	1770	1788	2119
5204	石塚硝	200	201	200	200	18
5205	日本無機	405	410	405	410	6
5208	有沢製	3290	3300	3200	3290	17.4
5210	日山村硝	170	171	167	167	103
5212	不二硝	0	0	0	0	0
5213	芝セラミ	679	680	660	661	443
5214	日電硝	2300	2365	2245	2250	1159
5215	旭テクノグラス	1150	1150	1150	1150	3
5216	倉元	1840	1840	1770	1780	4.7
5217	テクノクオツ	0	0	0	0	0
5232	住友大阪	447	449	437	438	542
5233	太平洋セメ	191	191	187	188	1175
5234	デイ・シイ	156	158	155	155	4
5237	ノザワ	85	85	81	81	17
5261	ミサワリゾ	232	239	232	233	3
5262	日ヒューム	210	210	209	209	13
5266	テイヒュー	0	0	0	0	0
5267	ハネックス	103	103	103	103	6
5268	旭コン	314	314	314	314	3
5269	日コン	101	101	99	99	8
5271	トヨアサノ	0	0	0	0	0
5273	三谷セキ	232	232	232	232	3
5274	ゼニパイプ	0	0	0	0	0
5276	石建工	0	0	0	0	0
5277	スパンクリト	300	300	300	300	8
5278	エバタ	119	119	119	119	3
5279	日本興業	215	220	215	220	10
5280	ヨシコン	0	0	0	0	0
5281	旭ダンケ	0	0	0	0	0
5282	ジオスター	900	920	890	920	13
5283	高見沢	180	180	180	180	4
5284	ヤマウ	325	325	325	325	2
5285	ヤマックス	209	255	209	255	31
5286	武井工業	200	200	200	200	1
5287	イトヨーギョ	610	610	610	610	1
5301	東海カ	256	256	249	249	310
5302	カーボン	94	95	92	93	438
5304	エスイ−シ−	220	220	220	220	1
5331	ノリタケ	646	655	640	645	362
5332	ＴＯＴＯ	862	862	831	831	507
5333	ガイシ	1467	1470	1452	1465	594
5334	特殊陶	1775	1800	1775	1800	657
5336	INAX	575	586	572	580	607
5337	ダントー	392	392	390	391	55
5338	大トー	146	146	146	146	2
5341	アサヒ陶	123	123	123	123	9
5342	ジャニス	72	72	70	70	3
5343	ニッコー	369	369	367	367	8
5344	ＭＡＲＵＷＡ	3350	3400	3300	3300	8.9
5351	白煉瓦	201	205	201	201	51
5352	黒崎	148	150	147	147	94
5355	ルツボ	120	120	120	120	1
5356	美濃窯	231	231	231	231	1
5357	ヨータイ	169	170	167	168	9
5358	イソライト	171	171	171	171	3
5361	東海熱	480	480	465	470	13
5362	九州耐	0	0	0	0	0
5363	ＴＹＫ	187	187	185	187	27
5367	ニッカトー	690	690	690	690	2
5382	中央商事	0	0	0	0	0
5383	三共理化	0	0	0	0	0
5384	フジミインコ	3480	3480	3410	3450	27.1
5386	鶴弥	0	0	0	0	0
5387	チヨダウーテ	800	800	800	800	1
5388	クニミネ	250	250	250	250	6
5389	日レヂボン	0	0	0	0	0
5390	宇部マテリア	124	124	123	123	35
5391	Ａ＆ＡＭ	108	110	107	110	23
5393	ニチアス	365	375	352	356	401
5395	コランダム	170	170	170	170	2
5397	ＭＩＥテクノ	0	0	0	0	0
5398	日研紙	186	186	186	186	6
5401	新日鉄	199	200	195	198	14503
5403	川崎製鉄	129	129	125	126	7452
5404	日本鋼管	74	75	73	73	3564
5405	住金	67	68	66	67	8893
5406	神戸鋼	68	68	66	66	2266
5407	日新鋼	101	101	91	91	2622
5408	中山鋼	134	135	128	129	55
5410	合同鉄	84	85	83	83	121
5423	東京製鉄	479	480	467	469	178
5444	大和工	385	398	381	391	386
5445	東京鉄	70	70	66	66	4
5446	北越メ	0	0	0	0	0
5448	東京鋼鉄	50	50	50	50	1
5449	大阪製鉄	412	424	412	418	2.8
5451	淀川鋼	261	261	257	258	58
5453	洋鋼鈑	300	300	290	290	61
5454	日鉄鋼板	186	188	182	182	10
5457	住友鋼管	393	393	378	380	43
5458	高砂鉄	109	109	106	106	13
5461	中部鋼	145	145	145	145	2
5462	日鉄鋼管	130	130	130	130	2
5463	丸一管	1604	1651	1564	1616	149
5464	モリ工	230	230	225	228	23
5471	大同特鋼	312	319	311	311	1421
5476	高周波	86	89	85	88	49
5479	日金工	74	74	73	73	78
5480	冶金工	66	66	63	63	99
5481	山陽鋼	150	150	145	145	155
5482	愛知鋼	315	323	315	317	39
5484	東北鋼	0	0	0	0	0
5486	日立金	850	850	830	834	229
5491	日金属	82	83	81	81	102
5541	大平金	217	227	217	220	2340
5542	報国鉄	0	0	0	0	0
5562	日本重化学	129	132	125	126	350
5563	日本電工	170	170	165	166	302
5566	中央電	174	179	174	179	2
5602	栗本鉄	238	238	232	236	68
5603	虹技	142	142	132	132	57
5605	自動鋳	69	69	66	66	8
5606	旭テック	150	150	146	147	93
5607	中可鍛	305	309	305	305	8
5608	川口金	219	219	211	211	10
5609	日鋳造	81	81	75	77	18
5610	大和重	140	140	140	140	1
5612	鋳鉄管	198	198	197	197	3
5613	日本カタン	371	371	371	371	1
5631	日製鋼	105	105	102	102	360
5632	菱製鋼	85	88	85	86	179
5633	関東特殊製鋼	63	65	63	65	12
5641	ＴＤＦ	445	450	415	450	37
5642	日本鍛工	0	0	0	0	0
5644	メタルアート	107	107	107	107	2
5645	イチタン	140	140	140	140	1
5657	鈴木金	138	138	138	138	4
5658	日亜鋼	297	300	297	300	11
5659	日精線	221	221	205	205	6
5660	神鋼線	66	66	66	66	5
5691	東京シヤリング	106	106	102	102	26
5694	大和綱帯	0	0	0	0	0
5695	パウダテック	280	280	280	280	2
5696	川鉄鋼板	102	102	102	102	1
5697	サンユウ	347	347	347	347	1
5701	日軽金	92	93	91	92	863
5702	大紀ア	182	185	182	185	21
5706	三井金	941	960	941	950	1823
5707	東邦鉛	220	227	220	224	623
5711	三菱マ	315	323	314	315	6963
5713	住友鉱	572	583	565	575	1406
5714	同和鉱	557	564	542	554	2350
5715	古河機金	253	256	250	253	579
5716	日鉱金属	658	659	641	641	147
5721	Ｓサイエンス	510	517	501	510	294
5727	邦チタ	630	630	600	600	44
5728	アライドマテリアル	900	905	890	899	91
5729	日精鉱	279	279	260	260	37
5734	昭和アルミ	137	140	137	138	632
5738	住軽金	80	81	80	80	143
5739	日製箔	150	150	142	142	11
5740	九州不二サッシ	154	154	154	154	18
5753	日伸銅	61	61	61	61	3
5756	東海アルミ箔	57	60	57	58	30
5757	サンエツ	659	659	659	659	1
5771	菱伸銅	324	326	317	326	136
5781	東邦金	233	243	223	227	108
5801	古河電	2800	2850	2760	2760	2035
5802	住友電	2020	2040	1990	1996	2291
5803	フジクラ	961	979	961	972	1240
5804	菱線工	310	310	302	302	171
5805	昭電線	190	192	183	187	417
5807	東特線	305	306	300	300	10
5808	理研線	0	0	0	0	0
5809	タツタ	177	177	171	173	60
5810	第一電工	88	90	88	88	22
5811	トヨ電線	690	690	670	680	4
5812	日立線	1200	1200	1160	1163	443
5813	花島電線	142	142	142	142	1
5815	沖電線	280	285	271	271	13
5816	オーナンバ	200	205	200	203	9
5817	日電線	335	335	335	335	10
5818	東日京三電線	328	328	326	326	11
5819	カナレ電気	2000	2000	1900	1900	5
5820	三ッ星	0	0	0	0	0
5851	リョービ	163	165	162	162	138
5852	アーレスティ	331	331	329	329	13
5853	京都ダイカスト	130	134	130	134	10
5854	東京理化工	295	310	290	304	74
5855	アサヒプリテ	1950000	1950000	1950000	1950000	0.004
5900	ダイケン	400	410	400	410	7
5901	洋カン	1845	1872	1823	1823	208
5902	北カン	260	265	254	263	160
5903	シンポ	540	556	540	555	10
5904	アルコアシステム	0	0	0	0	0
5905	日カン	0	0	0	0	0
5906	エムケー精工	0	0	0	0	0
5907	ＪＦＥコンテ	117	117	116	116	2
5908	日鉄ドラム	0	0	0	0	0
5909	コロナ	1000	1000	1000	1000	0.1
5910	立山アルミ	230	230	230	230	21
5911	横河ブ	383	383	376	380	78
5912	日本橋	116	122	116	118	5
5913	松尾橋	228	228	216	222	41
5914	宮地鐵工所	191	192	191	192	41
5915	駒井鉄	256	261	255	255	65
5916	ハルテック	210	210	210	210	6
5917	サクラダ	108	109	107	107	22
5918	滝上工	310	310	310	310	4
5919	日鉄塔	310	310	301	308	26
5921	川岸工	258	263	258	259	18
5922	那須鉄	178	179	178	179	8
5923	高田機	427	427	424	424	11
5925	酒井鉄工所	0	0	0	0	0
5926	安治川鉄工	96	96	96	96	2
5927	ホリー	0	0	0	0	0
5928	アルメタクス	181	185	181	185	1
5929	三和シャタ	241	245	241	241	374
5930	文化シヤタ	225	227	222	225	200
5931	川田工	220	220	215	215	35
5932	三協アルミ	68	71	68	69	164
5933	アルインコ	162	162	161	161	8
5934	日本ア	50	50	50	50	9
5935	元旦	674	674	674	674	2
5936	洋シヤタ	73	76	70	70	745
5938	住生活Ｇ	1555	1567	1540	1544	329
5939	大谷工業	170	170	170	170	6
5940	不二サッシ	85	90	85	86	7.5
5941	中西製	700	700	700	700	6
5942	フイルコン	299	299	299	299	2
5943	ノーリツ	962	965	959	960	68
5944	日立粉末	1053	1053	1001	1001	10
5945	天竜製鋸	0	0	0	0	0
5946	長府製	1135	1179	1130	1143	20.3
5947	リンナイ	1956	1958	1950	1956	48.7
5949	ユニプレス	180	180	171	176	9
5950	パワーファス	131	131	130	130	8
5951	ダイニチ工業	275	275	270	270	0.5
5952	アマテイ	0	0	0	0	0
5954	トープラ	239	239	230	239	16
5955	ヤマシナ	80	85	78	82	237
5956	トーソー	415	415	405	405	5
5957	日東精	0	0	0	0	0
5958	三洋工	435	440	427	436	199
5959	岡部	320	324	320	324	2
5961	トーカロ	0	0	0	0	0
5962	浅香工	210	210	210	210	2
5963	日立ツール	622	622	620	620	11.5
5964	洋刃物	126	126	126	126	2
5965	フジマック	425	425	425	425	9
5966	ＫＴＣ	260	260	260	260	1
5967	前田金	130	130	130	130	3
5969	ロブテックス	124	124	124	124	11
5970	菊池プレス	0	0	0	0	0
5971	共和工業	0	0	0	0	0
5972	日本建鐵	229	230	228	228	12.5
5973	トーアミ	550	550	539	539	28
5974	中国工	162	162	156	157	32
5975	東プレ	345	346	340	346	59
5976	ネツレン	296	296	293	293	38
5977	コマツ電子	790	800	782	782	6.8
5979	カネソウ	370	370	370	370	2
5980	田中亜鉛	275	275	270	270	8
5981	東京綱	120	120	118	118	241
5982	マルゼン	387	387	360	360	22
5983	イワブチ	0	0	0	0	0
5984	兼房	500	500	500	500	1
5985	サンコール	376	376	370	370	31
5986	モリテック	0	0	0	0	0
5987	オーネックス	195	210	195	210	3
5988	パイオラクス	695	695	695	695	3
5989	ヒラタ	374	374	374	374	7
5990	スーパツール	130	130	130	130	2
5991	ニッパツ	521	526	521	523	201
5992	中央発條	370	370	362	362	7
5993	知多鋼	0	0	0	0	0
5994	ファインＳ	295	295	290	290	4
5995	科学冶金	0	0	0	0	0
5996	新立川	0	0	0	0	0
5997	協立エアテク	415	449	415	445	1.4
5998	アドバネクス	262	265	260	260	17
5999	イハラサイエ	290	290	290	290	2
6005	三浦工	1525	1530	1510	1510	210.9
6011	新潟鉄工所	79	81	79	79	573
6013	タクマ	874	874	860	868	318
6016	神発動	0	0	0	0	0
6018	阪神燃	80	85	80	85	9
6020	神鋼造機	0	0	0	0	0
6021	ロビン	0	0	0	0	0
6022	赤阪鉄	0	0	0	0	0
6023	ダイハツデ	170	170	170	170	7
6041	ボッシュ	128	134	128	130	179
6042	ニッキ	161	163	160	160	15
6101	ツガミ	360	365	356	360	269
6102	池貝	127	130	125	129	61
6103	オークマ	385	402	385	392	187
6104	東芝機	501	510	501	502	282
6106	日立精機	150	153	146	147	61
6107	アマダマシ	287	299	287	296	200
6111	旭精機	193	200	193	200	7
6112	小島鉄	123	123	123	123	2
6113	アマダ	920	926	899	899	824
6114	住倉工業	109	119	109	119	281
6118	アイダ	456	460	450	450	36
6119	ゼィープラス	230	230	230	230	1
6121	滝澤鉄	71	71	71	71	9
6125	岡本工	147	149	143	144	78
6130	日平トヤマ	199	199	190	198	25
6131	浜井産	148	148	145	145	4
6134	富機製	3250	3260	3000	3260	128.4
6135	牧野フ	626	629	620	620	355
6136	ＯＳＧ	646	646	641	641	46
6137	小池工	170	170	165	165	5
6138	ダイジェト	145	145	144	144	12
6139	東芝タンガロイ	575	575	565	570	107
6140	旭ダイヤ	585	590	571	573	216
6141	森精機	1261	1280	1257	1257	290
6142	富士精	240	240	240	240	6
6143	ソディック	509	530	509	526	152
6144	西部電機	215	218	205	218	32
6145	日特エンジ	1770	1800	1750	1750	31
6146	ディスコ	8500	8550	8300	8300	159.9
6147	ヤマザキ	0	0	0	0	0
6148	UHT	1920	1970	1880	1920	7.9
6149	小田原エンジ	520	520	500	500	4.5
6150	タケダ機械	100	100	100	100	3
6151	日東工器	2570	2570	2510	2555	4.4
6201	豊田織	2160	2215	2155	2155	216
6203	豊和工	125	127	125	126	71
6204	キリウ	201	201	201	201	4
6205	ＯＫＫ	138	139	135	135	25
6206	豊田工	635	645	635	638	254
6208	石川製	94	96	92	95	30
6210	東洋機械	345	345	330	330	3
6211	倉敷機	78	78	78	78	1
6212	帝人製機	259	260	255	255	38
6213	ＯＭ製	130	132	128	129	11
6214	大隈豊和機械	176	177	173	173	22
6216	寿工業	74	74	68	68	5
6217	津田駒	128	128	128	128	1
6218	エンシュウ	160	165	159	160	17
6221	大東製機	540	550	451	470	107
6222	島精機	2000	2000	1980	1980	24.6
6242	スピンドル	205	210	200	210	35
6245	ヒラノテク	290	290	290	290	1
6246	井上金	142	142	131	131	5
6247	日阪製	457	459	456	456	16
6271	ニッセイ	830	830	830	830	6.8
6272	レオン	350	350	343	343	14
6273	ＳＭＣ	15750	16300	15750	16030	75.9
6274	新川	3030	3040	2960	2960	53.9
6275	イセキ開発工	65	65	63	63	15
6276	ナビタス	515	520	510	520	16
6277	ホソミクロン	670	671	650	660	15
6278	ユニオンツル	7700	7700	7630	7690	26.7
6279	瑞光	1000	1000	1000	1000	1
6280	名機製	0	0	0	0	0
6281	前田製作	525	525	525	525	1
6282	オイレス	1815	1815	1755	1755	7
6283	オリイメック	301	301	300	300	9
6284	ＡＳＢ機械	276	276	275	276	3
6286	静甲	0	0	0	0	0
6287	サトー	2380	2400	2370	2370	22.1
6288	ハマダ印刷機	0	0	0	0	0
6289	技研製	265	270	265	270	9
6290	ＳＥＳ	679	690	630	630	30
6291	エアーテック	674	674	663	665	13
6292	カワタ	552	552	552	552	5
6293	日精樹脂	910	910	900	900	5
6294	オカアイヨン	0	0	0	0	0
6295	富士変速	272	315	272	275	1.2
6296	ロキテクノ	1130	1140	1130	1140	9
6297	鉱研工業	253	253	253	253	4.4
6298	ワイエイシイ	0	0	0	0	0
6299	神鋼環境Ｓ	279	279	279	279	76
6300	アピクヤマダ	739	740	730	739	24
6301	コマツ	534	540	530	532	1319
6302	住友機	200	201	198	199	1004
6303	ササクラ	350	350	340	340	15
6304	マキ製作所	453	453	453	453	1
6305	日立建機	434	435	419	419	36
6306	日工	237	237	235	235	11
6307	サンセイ	0	0	0	0	0
6309	巴工業	0	0	0	0	0
6310	井関農	80	82	80	81	169
6311	セイレイ工業	217	217	216	216	3
6312	フロイント	0	0	0	0	0
6313	共立	136	136	133	134	67
6314	石井工研	800	820	780	820	1.9
6315	ＴＯＷＡ	2600	2600	2505	2545	48.8
6316	丸山製	135	136	133	133	56
6317	北川鉄	139	139	128	128	95
6319	シンニッタン	216	216	213	213	31
6320	新ダイワ	260	270	260	270	14
6321	石搬機	365	365	365	365	1
6322	タクミナ	529	529	529	529	9
6323	ローツェ	1500	1500	1450	1450	15
6324	ハーモニック	1550000	1550000	1430000	1490000	0.021
6325	タカキタ	176	177	176	176	5
6326	クボタ	363	375	359	372	2450
6327	北川精機	440	441	430	440	7
6328	荏原実業	1330	1330	1330	1330	1
6329	ＨＥＣ	392	392	391	391	2
6330	東洋エンジ	96	99	95	97	197
6331	化工機	191	197	191	191	61
6332	月島機	670	670	666	670	46
6333	帝国電	620	625	620	625	4
6334	明治機	113	114	111	113	268
6335	東京機	376	385	376	383	50
6336	石井表記	3400	3450	3400	3450	2.3
6337	テセック	2750	2810	2750	2810	9
6338	タカトリ	0	0	0	0	0
6339	新東工	250	250	248	248	10
6340	渋谷工	850	874	850	874	7
6341	日立造船富岡	146	146	146	146	3
6342	太平製	76	76	76	76	4
6343	フリージア	44	45	42	42	37
6344	ＮＥＣマシナ	2200	2200	2100	2100	8
6345	アイチコーポ	173	173	169	169	20.7
6346	菊川鉄	0	0	0	0	0
6347	プラコー	75	75	72	72	3
6348	日本マリンテクノ	580	580	580	580	3
6349	小森	1784	1800	1770	1795	141
6350	新日本造機	0	0	0	0	0
6351	鶴見製	513	519	512	512	6
6352	トヨコケン	0	0	0	0	0
6354	日立機電	385	385	385	385	1
6355	住友精	329	329	320	320	25
6356	日ギア	169	169	169	169	14
6357	三精輸	285	285	283	285	3
6358	酒井重	212	215	211	214	19
6359	粟村製作所	139	139	139	139	15
6360	東自機	0	0	0	0	0
6361	荏原	1309	1309	1282	1295	426
6362	石井鉄	190	191	185	186	16
6363	酉島	495	495	490	495	26
6364	北越工	125	129	122	122	9
6365	電業社	4150	4150	4000	4000	0.6
6366	千代建	75	77	74	76	979
6367	ダイキン	2570	2590	2465	2480	383
6368	オルガノ	463	463	440	440	83
6369	トヨカネツ	102	102	100	100	236
6370	栗田工	1620	1620	1595	1606	382
6371	椿本チ	391	394	386	389	473
6372	セイサ	85	85	85	85	1
6373	大同工	210	215	208	208	60
6374	ＴＣＭ	283	283	280	280	77
6375	コンベヤ	83	83	80	80	91
6376	日機装	517	524	517	519	48
6377	甲陽建設	432	448	431	432	46
6378	木村化	202	214	202	214	21
6379	新興プラン	93	93	85	85	59
6380	オリチェン	93	96	93	96	4
6381	アネスト岩田	160	163	160	163	32
6382	トリニ工	215	215	215	215	2
6383	ダイフク	739	739	721	730	133
6386	扶桑レクセ	1133	1133	1120	1130	9
6388	ミサワバン	466	470	465	470	64
6389	内田油圧	50	53	48	53	40
6390	加藤製	148	153	147	152	130
6391	加地テック	141	141	138	138	5
6392	ヤマダコーポ	0	0	0	0	0
6393	油研工	113	114	113	114	32
6394	大江工業	147	147	145	146	4
6395	タダノ	168	170	166	168	398
6396	宇野鉄	0	0	0	0	0
6397	郷鉄工	105	105	105	105	2
6398	日本電産シンポ	735	735	735	735	1
6403	水道機	320	320	320	320	2
6406	フジテック	625	629	623	627	118
6407	シーケーディ	820	829	820	823	85
6408	クラッチ	716	716	716	716	1
6409	キトー	260	290	260	275	34
6411	中野冷	0	0	0	0	0
6412	平和	1658	1658	1610	1611	131.2
6413	理想科学	1900	1900	1880	1880	0.9
6414	川重冷熱	0	0	0	0	0
6415	ニスカ	1010	1010	1010	1010	1
6416	桂川電機	210	220	210	220	4
6417	ＳＡＮＫＹＯ	3460	3630	3420	3470	176.3
6418	日金銭	1339	1345	1310	1310	27
6419	マース	3300	3350	3250	3300	18.5
6420	福島工業	0	0	0	0	0
6421	キヤノンＦ	900	910	900	910	8
6423	アビリット	1640	1730	1600	1715	337.4
6424	高見サイ	350	350	350	350	6
6425	アルゼ	5260	5260	5190	5210	8
6426	サミー	2190	2190	2150	2160	14.8
6427	東北リコー	0	0	0	0	0
6428	オーイズミ	1080	1090	1030	1030	4
6431	キャノンＮＴＣ	345	345	338	338	7
6436	アマノ	1000	1000	911	927	280
6437	三条機	135	135	135	135	2
6439	中日鋳	0	0	0	0	0
6440	ＪＵＫＩ	475	481	470	470	801
6442	コピア	353	353	350	350	16
6443	東洋製	113	113	113	113	2
6444	サンデン	529	529	511	511	399
6445	蛇の目	86	87	85	87	88
6448	ブラザー	222	234	222	226	472
6453	シルバ精	118	120	118	118	280
6454	マックス	1200	1205	1190	1190	50
6455	モリタ	272	272	270	270	4
6457	グローリー	2110	2150	2090	2140	41
6458	新晃工	163	163	162	162	37
6459	大和冷	281	282	279	279	345
6461	日ピス	90	92	89	89	91
6462	リケン	223	223	217	217	41
6463	ＴＰＲ	287	292	287	292	4
6466	トウアバルブ	93800	93800	93800	93800	0.001
6467	ニチダイ	560	560	560	560	2
6468	駿河精機	5090	5090	5090	5090	1
6469	放電精密	1230	1230	1210	1220	28
6470	大豊工業	867	900	867	900	11.5
6471	日精工	793	808	784	791	1029
6472	ＮＴＮ	363	373	360	361	1335
6473	光洋精	811	823	809	821	424
6474	不二越	182	182	176	176	132
6475	天辻	0	0	0	0	0
6476	富士テクニカ	280	280	280	280	3
6477	ツバキ・ナカ	1226	1245	1226	1238	33.5
6478	ダイベア	202	202	202	202	1
6479	ミネベア	1144	1144	1101	1101	700
6480	トムソン	1001	1015	995	1000	192
6481	ＴＨＫ	2770	2820	2680	2680	554.9
6482	ユーシン精機	5000	5000	4450	4700	16.1
6483	川重防災	389	409	380	409	15
6484	ＫＶＫ	230	249	230	249	3
6485	前沢給装	607	607	601	605	14
6486	イーグル工	394	394	381	381	11
6487	積水工機	0	0	0	0	0
6488	ヨシタケ	260	270	260	260	10
6489	前沢工業	702	704	698	698	21.4
6490	ピラー	740	750	731	731	22
6492	岡野バ	130	130	130	130	1
6493	日鍛バ	185	185	185	185	3
6494	ファネス	366	380	366	369	68
6495	宮入バ	64	64	64	64	3
6496	中北製	194	194	194	194	5
6497	ハマイ	0	0	0	0	0
6498	キッツ	163	163	158	158	190
6499	大隈エンジニア	184	184	184	184	1
6501	日立	1118	1134	1113	1120	4581
6502	東芝	820	831	803	809	8044
6503	三菱電	732	737	715	719	4923
6504	富士電機ＨＤ	350	364	346	352	1676
6505	東洋電	131	134	131	131	18
6506	安川電	920	920	896	899	1102
6507	神鋼電	184	184	181	181	151
6508	明電舎	208	208	205	205	207
6513	オリジン	700	700	680	680	63
6516	山洋電	663	663	620	634	231
6517	デンヨー	639	640	639	639	7
6518	三相電機	0	0	0	0	0
6519	エネサーブ	4350	4360	4300	4300	13
6581	日立工	340	345	331	331	92
6584	三桜工	520	526	515	515	35
6585	サーボ	230	230	230	230	3
6586	マキタ	861	865	847	847	283
6587	松下精工	420	425	418	418	23
6588	東芝テック	355	360	355	356	166
6590	芝浦	670	670	655	661	49
6591	西芝電	146	146	145	145	5
6592	マブチ	11890	12100	11610	11650	71.7
6593	ローヤル電	405	405	405	405	1
6594	日電産	6500	6500	6150	6150	219.5
6621	高岳	143	143	140	142	59
6622	ダイヘン	184	185	182	182	90
6623	愛電機	245	250	245	250	56
6624	田淵電	180	180	170	170	19
6641	日新電	262	263	260	260	150
6643	戸上電	144	147	144	147	4
6644	大崎電	695	713	690	700	17
6645	オムロン	2625	2645	2520	2550	740
6646	エナジーサポ	418	418	410	415	9
6647	森尾電	112	112	112	112	3
6648	かわでん	1	1	1	1	115
6650	春日電	131	134	130	130	11
6651	日東工	895	895	880	880	75
6652	和泉電	1150	1180	1150	1177	13.5
6654	不二電機	0	0	0	0	0
6655	東洋電機	0	0	0	0	0
6701	ＮＥＣ	2330	2355	2260	2295	6940
6702	富士通	1803	1820	1758	1762	10811
6703	沖電気	637	640	631	632	738
6704	岩崎通	264	289	256	261	1458
6705	ＮＥＣインフ	525	526	516	525	52
6706	電気興	717	720	705	716	49
6707	サンケン	685	685	671	671	127
6708	東洋通	880	880	860	866	81
6709	明星電	120	120	120	120	3
6710	大興電機製作	200	202	200	202	3
6711	高見澤電機	212	218	212	218	4
6712	田村電機製作	222	230	222	223	34
6714	神田通信工業	181	183	181	183	16
6715	ナカヨ通	235	235	235	235	2
6716	中央無	0	0	0	0	0
6717	富士通アクセ	1348	1348	1310	1316	15.1
6718	アイホン	1150	1150	1136	1136	7.7
6741	信号	414	414	408	408	23
6742	京三	240	242	240	240	16
6743	大同信	207	207	207	207	1
6744	能美防災	399	399	395	395	11
6745	ホーチキ	295	295	289	289	19
6747	小糸工	290	290	290	290	2
6748	星和電	480	480	480	480	1
6749	マスプロ	1110	1110	1080	1080	10.1
6751	日無線	780	780	750	764	145
6752	松下	2765	2795	2720	2720	3680
6753	シャープ	1401	1405	1385	1385	1759
6754	アンリツ	3230	3260	3090	3100	1305
6755	富士通ゼ	581	600	581	583	51
6756	日立国際	948	948	907	926	126
6758	ソニー	8540	8630	8330	8340	2641.2
6759	ＮＥＣトーキ	1500	1500	1450	1470	296
6761	アイワ	810	810	797	799	190.7
6762	ＴＤＫ	12420	12560	12050	12160	548.4
6763	帝通工	342	343	339	341	72
6764	三洋電	960	961	942	953	3379
6765	ケンウッド	290	290	275	282	293
6766	宮越商	40	40	36	37	135
6767	ミツミ	2575	2580	2445	2460	427
6768	タムラ	429	430	428	428	85
6770	アルプス	2220	2250	2160	2200	1731
6771	池上通	245	246	236	240	13
6772	コスモス	135	135	135	135	2
6773	パイオニア	3380	3430	3350	3370	672
6775	東和メクス	100	101	100	100	23
6776	天昇電	0	0	0	0	0
6779	日電波	3980	4030	3850	3870	179.3
6781	松下通信工業	16190	16250	15850	16040	264.4
6782	九州松下電器	1025	1033	1025	1026	105
6783	松下寿電子	1900	1900	1850	1850	152
6787	メイコー	1010	1010	990	990	23
6788	日本トリム	1000	1040	1000	1000	10
6789	ローランドDG	750	755	720	750	2.1
6790	野田スクリン	3680000	3680000	3310000	3500000	0.015
6791	コロムビア	188	188	182	184	26
6792	ビクター	795	820	791	798	349
6793	山水電	9	9	8	9	790
6794	フォスター	552	559	548	548	41
6796	クラリオン	308	323	286	304	3980
6797	名古屋電機	0	0	0	0	0
6798	ＳＭＫ	652	652	622	630	152
6799	日本マランツ	199	200	198	200	12
6800	ヨコオ	2100	2100	2030	2040	21.4
6801	東光	610	610	598	599	681
6802	赤井電機	1	1	1	1	901
6803	ティアック	337	337	333	333	73
6804	ホシデン	4250	4290	4180	4180	238
6806	ヒロセ電	13800	13800	13370	13600	38.7
6807	航空電子	904	911	866	866	306
6808	シントム	31	32	30	32	1964
6809	ＴＯＡ	307	310	307	310	11
6810	マクセル	2110	2120	2020	2035	166
6811	クオンツ	285	300	285	300	31
6812	ジャルコ	461	461	460	460	2
6813	ナカミチ	66	66	63	65	138
6814	古野電	340	345	340	345	9
6815	ユニデン	550	550	532	542	392
6816	アルパイン	1260	1260	1230	1230	76
6817	スミダコーポ	4670	4670	4640	4650	5.6
6818	島田理	1150	1169	1150	1169	3.1
6819	オメガ・プロ	236	304	231	304	927
6820	アイコム	1360	1360	1350	1360	3
6821	バーテクスＳ	0	0	0	0	0
6822	大井電気	205	205	205	205	5
6823	リオン	585	585	585	585	1
6824	新コスモス	430	430	430	430	2
6825	パトライト	1590	1590	1510	1540	9
6826	本多通信	3230	3300	3170	3300	11.2
6827	東北パイオ	3960	3960	3950	3960	27
6828	シメオ精密	7000	7000	6850	7000	9
6829	ソーテック	953000	1010000	950000	1000000	0.369
6830	ＹＯＺＡＮ	3070000	3140000	3000000	3100000	0.109
6832	アオイ電子	4000	4000	3930	3930	3
6833	日電産リード	2060	2060	2060	2060	2
6834	精工技研	30000	30800	30000	30200	7.2
6835	アライドＨＤ	3970	4150	3960	4010	9.3
6836	ぷらっと	6200000	6200000	5600000	5600000	0.009
6837	京写	820	820	820	820	2
6838	多摩川電	1500	1500	1500	1500	3
6839	船井電	8990	8990	8800	8900	43.9
6840	アドテック	2150	2150	2050	2050	3
6841	横河電	1038	1040	1000	1000	316
6842	ユニパルス	2870	2870	2860	2870	8
6843	東光精機	0	0	0	0	0
6844	新電元	637	638	629	631	146
6845	山武	1207	1207	1190	1200	125
6846	中央製	0	0	0	0	0
6847	安藤電気	1085	1100	1080	1080	25
6848	東亜ＤＫＫ	309	309	309	309	2
6849	日本光電	300	300	285	286	39
6850	チノー	230	234	230	232	29
6851	大倉電気	160	169	160	167	17
6852	テクノセブン	143	146	143	144	11
6853	共和電	308	308	300	300	21
6855	電子材料	1670	1670	1670	1670	8
6856	堀場製	926	934	926	926	10
6857	アドバンテスト	13580	13840	12290	12310	1016.3
6858	小野測器	185	188	181	181	76
6859	エスペック	1090	1090	1080	1080	7
6860	サンクス	1340	1340	1340	1340	2
6861	キーエンス	32500	32600	32100	32200	88.1
6862	ミナトエレ	0	0	0	0	0
6863	ニレコ	600	600	570	570	2
6864	ＮＦ回路	347	347	347	347	1
6866	ＨＩＯＫＩ	860	860	860	860	1
6867	リーダー電子	939	939	935	935	2
6868	東カソード	990	1000	990	1000	0.3
6869	シスメックス	2550	2570	2515	2550	4.9
6870	フェンオール	0	0	0	0	0
6871	日本マイクロ	1640	1640	1620	1620	2.3
6872	日本コーリン	6800	7100	6700	6970	13.9
6873	日立電子Ｅ	0	0	0	0	0
6874	協立電機	2060	2070	2060	2060	0.9
6875	メガチップス	3840	3850	3800	3810	6.2
6876	光波	2220	2220	2110	2110	7.7
6877	ＯＢＡＲＡ	850	850	850	850	1
6878	長野日無	505	512	505	505	11
6879	フォトロン	0	0	0	0	0
6880	シンワ	745	750	745	750	1.5
6881	キョウデン	2360	2360	2200	2200	41
6882	三社電機	850	860	850	860	3
6883	電産コ電	1310	1310	1200	1200	6
6884	デジタル	3000	3000	3000	3000	0.4
6885	ミヤチテクノ	4350	4640	4250	4410	58.7
6886	グラフィック	370	370	370	370	2
6887	日本ＬＳＩカード	0	0	0	0	0
6888	アクモス	360000	360000	300000	330000	0.02
6889	オーデリック	465	470	465	470	7
6890	フェローテク	2360	2460	2330	2460	95
6891	イーター電機	470	470	470	470	1
6892	シチズン電子	6540	6540	6350	6410	7.9
6893	タイテック	710	710	705	705	9
6894	パルステック	1850	1850	1800	1800	4
6895	ダイヤ電機	500	500	471	471	7
6896	北川工業	940	940	920	920	5.7
6897	ツインバード	0	0	0	0	0
6898	トミタ電機	300	300	300	300	4
6899	ＡＳＴＩ	599	599	563	563	9
6900	東京電波	3850	3850	3750	3780	41.2
6901	沢藤電	212	215	212	215	10
6902	デンソー	2485	2515	2450	2450	529
6904	原田工業	0	0	0	0	0
6905	コーセル	3500	3500	3400	3400	20.2
6906	キヤ･コンポ	0	0	0	0	0
6907	ジオマテック	2100	2100	2050	2050	9
6908	イリソ電子	0	0	0	0	0
6909	北部通信工業	265	265	240	240	10
6910	日立メディコ	1100	1111	1100	1100	9
6911	新日無	810	835	810	824	10
6912	菊水電子	480	480	480	480	2
6913	メルコ	2310	2340	2280	2310	46.1
6914	オプテックス	980	980	980	980	1
6915	千代田インテ	1380	1380	1380	1380	2
6916	アイオデータ	1290	1310	1270	1300	53.2
6917	デンセラムダ	2790	2850	2740	2850	26
6918	アバール	760	760	751	751	2
6919	ケル	585	585	560	560	4
6920	レーザーテク	0	0	0	0	0
6921	東光電	290	290	290	290	1
6922	昭和情報	360	360	360	360	1
6923	スタンレー	1144	1164	1142	1142	428
6924	岩崎電	321	325	316	318	956
6925	ウシオ電	1935	1975	1920	1930	122
6926	岡谷電	315	319	296	319	14
6928	エノモト	705	705	705	705	1
6929	日セラ	2230	2230	2190	2225	43
6930	日本アンテナ	0	0	0	0	0
6931	日本電池	382	394	380	381	211
6932	ユアサコーポ	370	380	370	380	3
6933	ＹＵＡＳＡ	237	238	236	236	194
6934	新神戸	521	525	521	521	72
6935	日デジタル	1425	1435	1425	1427	13.6
6936	東洋高砂乾	107	107	107	107	1
6937	古河池	252	260	252	252	4
6938	双信電機	670	670	655	670	21
6939	ＵＭＣＪ	1000000	1010000	980000	984000	0.21
6940	多摩電気	287	287	287	287	7
6941	山一電機	1692	1840	1662	1720	89.1
6942	ソフィア	180	180	180	180	2
6943	開閉器	600	600	600	600	7
6944	アイレックス	195	200	195	200	4
6945	ＦＴＥＣ	530	530	530	530	2
6946	日本アビオ	269	269	269	269	1
6947	図研	2395	2400	2340	2400	93.9
6948	住友電装	800	800	783	793	6
6949	キンセキ	1273	1275	1222	1222	108
6950	ＹＥデータ	380	380	369	369	15
6951	日電子	639	650	631	637	15
6952	カシオ	976	976	954	955	279
6954	ファナック	8910	9000	8780	8890	502
6955	ＦＤＫ	1150	1162	1130	1149	294
6956	神明電	1690	1690	1690	1690	6
6957	芝浦電子	305	305	304	304	13.6
6958	日本ＣＭＫ	1715	1721	1705	1705	71
6960	フクダ電	2200	2200	2150	2150	5
6961	エンプラス	4500	4500	4390	4390	17.6
6962	大真空	651	658	649	649	265
6963	ローム	25900	26050	25190	25810	311.4
6964	サンコー	1245	1245	1245	1245	3
6965	ホトニクス	8030	8330	7960	8100	744.4
6966	三井ハイテク	1550	1552	1510	1510	83.1
6967	新光電工	3930	3950	3810	3830	92.6
6968	グラフテック	153	156	153	153	11
6969	松尾電	502	502	490	492	22
6970	日本コンラックス	575	575	561	569	86
6971	京セラ	14870	14950	14610	14650	506.8
6972	エルナー	375	375	370	374	26
6973	協栄産	347	347	341	341	17
6974	日本インター	295	296	295	296	5
6975	ＮＥＯＭＡＸ	1071	1078	1071	1072	48
6976	太陽電	5320	5420	4900	4900	1561
6977	抵抗器	0	0	0	0	0
6980	日立ＡＩＣ	821	831	761	761	218
6981	村田製	15210	15300	15010	15200	764.2
6982	リード	193	198	193	193	53
6984	朝日ナショナ	0	0	0	0	0
6985	ユーシン	399	399	385	385	8
6986	双葉電	3540	3540	3450	3470	94.6
6988	日東電	3610	3680	3610	3620	331.2
6989	北電工	220	225	216	220	274
6991	松電工	1285	1300	1279	1284	1127
6992	国産電	186	186	186	186	2
6993	森電機	97	100	95	95	46
6994	指月電	200	201	200	201	19
6995	東海理	830	830	830	830	3
6996	ニチコン	1800	1800	1670	1681	304.6
6997	日ケミコン	850	868	815	823	914
6998	タングス	320	320	301	310	20
6999	ＫＯＡ	2205	2220	2150	2165	138.6
7003	三井造	112	114	111	111	536
7004	日立造	95	96	93	94	3072
7007	佐世保	72	72	71	72	162
7011	三菱重	516	523	507	512	5724
7012	川重	143	144	141	142	1331
7013	石川島	252	258	247	247	3284
7014	名村造	155	156	152	152	57
7018	内海造	0	0	0	0	0
7020	サノヤス	164	164	155	155	16
7021	ニッチツ	0	0	0	0	0
7052	信貴造船所	0	0	0	0	0
7102	日車両	195	195	187	187	167
7104	富士車輌	130	135	120	124	77
7105	ニチユ	182	186	182	186	22
7122	近畿車	141	141	133	135	31
7123	東急車輌製造	73	75	72	72	51
7124	輸送機工業	0	0	0	0	0
7142	ナブコ	155	159	155	156	5
7201	日産自	672	675	656	668	7142
7202	いすゞ	226	227	215	215	451
7203	トヨタ	3970	3980	3910	3920	2553.4
7204	小松ゼノア	249	249	248	248	23
7205	日野自	417	431	417	418	590
7210	日産ディ	110	111	107	107	249
7211	三菱自	333	333	325	325	1040
7212	エフテック	0	0	0	0	0
7218	田中精密	751	752	751	752	3
7219	ＨＫＳ	550	560	540	540	13
7220	武蔵精密	1200	1200	1200	1200	1
7221	トヨ車	1022	1040	1022	1022	11
7222	産車体	151	154	151	154	62
7223	関東自	592	600	589	600	33
7224	新明和	172	174	171	172	42
7225	小松フォーク	155	155	153	154	55
7226	極東開発	436	438	436	436	11.7
7227	アスカ	0	0	0	0	0
7228	デイトナ	0	0	0	0	0
7229	ユタカ技研	0	0	0	0	0
7230	日信工業	1765	1765	1765	1765	5
7231	トピー	174	175	170	171	173
7232	トキコ	218	218	208	208	338
7233	自部品	84	87	80	80	6
7234	橋本フォーミング	61	61	58	61	28
7235	東ラヂ	0	0	0	0	0
7236	ティラド	427	430	412	412	127
7237	ボッシュブレーキ	0	0	0	0	0
7238	ブレーキ	210	210	207	209	131
7239	タチエス	580	585	580	585	5
7240	ＮＯＫ	1379	1379	1340	1364	328
7241	フタバ	1450	1470	1442	1442	37
7242	カヤバ	179	180	178	178	161
7243	シロキ	201	202	194	194	26
7244	市光工	204	205	202	202	60
7245	大同メ	570	580	560	561	11
7246	プレス工	68	71	67	70	110
7247	ミクニ	133	133	120	121	14
7248	カルソニック	288	295	286	288	258
7249	尾張精	0	0	0	0	0
7250	太平洋工	272	272	257	260	56
7251	ケーヒン	960	1028	955	988	198
7252	富士機	0	0	0	0	0
7253	日本ガスケット	0	0	0	0	0
7254	フジユニ	0	0	0	0	0
7255	桜井製	0	0	0	0	0
7256	河西工	185	186	181	186	16
7257	自転車電機工	370	395	365	390	11
7258	栃木富士産業	207	209	205	205	10
7259	アイシン	1566	1582	1541	1541	149
7260	富士機工	203	203	201	201	14
7261	マツダ	288	293	285	285	1789
7262	ダイハツ	840	846	835	841	409
7263	愛知機	215	215	206	208	43
7264	ＭＵＲＯ	0	0	0	0	0
7265	エイケン工業	499	499	495	495	2
7266	今仙電機	306	306	306	306	13
7267	ホンダ	3910	3930	3860	3860	1318
7268	タツミ	0	0	0	0	0
7269	スズキ	1173	1203	1160	1160	1115
7270	富士重	755	786	745	775	1410
7271	安永	460	460	460	460	2
7272	ヤマハ発	770	812	770	801	418
7273	イクヨ	0	0	0	0	0
7274	ショーワ	622	627	612	619	35
7275	ユニシア	190	190	182	182	134
7276	小糸製	480	483	475	475	296
7277	ＴＢＫ	105	106	105	105	12
7278	エクセディ	796	796	743	743	27.1
7279	ケーブル	1050	1050	1040	1040	8
7280	ミツバ	422	422	418	418	19
7282	豊田合	3490	3700	3100	3350	397
7283	愛三工	674	674	670	673	15
7284	盟和産	221	221	221	221	3
7285	池田物産	113	114	111	111	79
7286	イズミ工業	96	96	96	96	2
7287	日精機	679	679	650	667	21
7288	テクノエイト	226	226	226	226	3
7289	マーレ テネックス	176	176	176	176	3
7290	日発精密工業	287	287	280	280	18
7291	日本プラスト	0	0	0	0	0
7292	村上開明	689	689	689	689	1
7293	大井製作所	240	240	240	240	2
7294	ヨロズ	434	437	428	434	36.2
7295	アイエス製機	395	395	380	380	7
7296	ＦＣＣ	1010	1010	1010	1010	1
7297	カーメイト	575	580	575	575	0.9
7298	八千代工	362	363	360	360	15
7299	フジオーゼ	210	210	210	210	10
7301	宮田	104	104	104	104	33
7305	新家工	95	95	95	95	29
7306	丸石自転車	220	220	218	218	4
7308	ツノダ	0	0	0	0	0
7309	シマノ	2030	2050	2020	2020	153.7
7399	ナンシン	245	245	240	240	7
7404	昭和飛	257	258	257	258	8
7407	日本飛行機	247	247	243	245	13
7408	ジャムコ	425	425	420	420	4
7410	横浜鋼業	100	100	100	100	1
7411	成和産業	0	0	0	0	0
7412	アトム	1310	1310	1310	1310	2.5
7413	創健社	0	0	0	0	0
7414	小野建	0	0	0	0	0
7415	新星堂	280	280	270	270	15
7416	はるやま	727	727	727	727	1
7418	ヤマキ	130	130	130	130	4
7419	ノジマ	1470	1470	1390	1390	4.5
7420	佐鳥電機	1279	1279	1275	1275	2
7421	カッパクリエ	4500	4600	4500	4530	14.5
7422	東邦レマック	591	600	591	600	6
7423	フォンテーヌ	1200	1200	1140	1140	1.3
7424	ニコニコ堂	144	144	144	144	11
7425	初穂商事	290	295	290	295	4
7426	山大	0	0	0	0	0
7427	エコーＴＤ	1410	1410	1400	1400	0.9
7428	江戸沢	798	800	798	800	2.5
7429	セイジョー	1145	1145	1090	1100	5.4
7430	サンワドー	460	460	460	460	0.3
7432	ダルトン	0	0	0	0	0
7433	伯東	3150	3150	3000	3010	35.1
7434	オータケ	1600	1600	1600	1600	1.2
7435	ナ・デックス	480	480	480	480	2
7437	シーアンドエス	4160	4170	4100	4100	113.9
7438	コンドー	369	370	365	368	14
7439	サンミック千代田	152	152	152	152	4
7440	クラフト	755	755	735	740	8
7442	中山福	312	322	312	322	9
7443	横浜魚類	285	285	285	285	2
7444	ハリマ共和	536	536	536	536	0.1
7445	ライトオン	2140	2140	2050	2050	29.9
7446	東北化学	0	0	0	0	0
7447	ナガイレーベ	2010	2110	2010	2070	3.8
7448	ジンズメイト	780	780	750	751	4.8
7449	太洋興業	130	130	130	130	1
7450	サンデー	0	0	0	0	0
7451	菱食	4650	4650	4400	4400	7.4
7452	マツヤ	870	880	870	880	4
7453	良品計画	5000	5000	4900	4940	58.1
7454	ホットスパー	100	100	100	100	4
7455	三城	2760	2810	2740	2740	93.7
7456	松田産業	2245	2295	2230	2260	12
7457	セキテクノ	0	0	0	0	0
7458	第一興商	1330	1330	1280	1280	12.2
7459	メディセオＨＤ	999	1000	948	949	129
7460	ヤギ	470	470	470	470	2
7461	キムラ	0	0	0	0	0
7462	ダイヤ通商	0	0	0	0	0
7463	アドヴァン	1265	1319	1260	1300	13.2
7464	セフテック	290	290	290	290	4
7465	ＭＶ北海道	0	0	0	0	0
7466	ＳＰＫ	950	950	950	950	0.5
7467	萩原電気	550	550	550	550	1
7468	アムスク	775	775	750	775	15
7470	サロモンメイド	600	600	590	600	8
7471	ふじ	410	410	410	410	1
7472	鳥羽洋行	0	0	0	0	0
7473	静岡スバル	336	336	336	336	1
7474	パオ	0	0	0	0	0
7475	アルビス	485	485	483	483	2
7476	アズワン	1680	1680	1680	1680	7.7
7477	ムラキ	0	0	0	0	0
7478	ブルーグラス	0	0	0	0	0
7479	サンマルク	3690	3690	3600	3600	3.9
7480	スズデン	500	505	500	500	4
7481	尾家産	697	697	658	658	10
7482	シモジマ	982	1010	980	980	10
7483	ドウシシャ	1800	1800	1800	1800	1.1
7485	岡谷鋼機	938	939	938	939	6
7486	サンリン	0	0	0	0	0
7487	小津産業	1130	1130	1100	1100	5.3
7488	ヤガミ	730	730	730	730	1
7490	日新商	0	0	0	0	0
7491	ＯＡシステム	475	475	470	470	3
7492	タイカン	300	300	282	282	2
7494	コナカ	645	667	645	645	7
7495	レオ	0	0	0	0	0
7496	八千代ムセン	789	789	789	789	1
7497	マインマート	700	700	700	700	0.5
7498	ジャパン	1885	1885	1875	1875	3.5
7500	西川計測	410	451	410	430	12
7501	ティムコ	745	745	745	745	0.5
7502	プラザクリエ	3300	3300	3300	3300	1
7503	ＩＭＩ	1290	1290	1290	1290	1
7504	高速	0	0	0	0	0
7505	扶桑電通	508	508	508	508	11
7506	ハウスローゼ	700	700	698	700	2.2
7507	浜 勝	1190	1190	1190	1190	0.5
7508	オートセブ	480	480	480	480	1
7509	アイエー	475	475	475	475	2
7510	竹菱電機	0	0	0	0	0
7511	ジプロ	569	569	569	569	2
7512	ポスフール	1007	1020	1007	1007	3.5
7513	コジマ	2330	2380	2310	2310	12.4
7514	ヒマラヤ	480	480	455	455	1.5
7515	マルヨシ	370	370	370	370	7
7516	コーナン	990	1000	987	1000	3.9
7517	黒田電気	2410	2510	2385	2500	12.7
7518	ネットワン	3010000	3210000	3000000	3040000	2.425
7519	五洋インテ	0	0	0	0	0
7520	エコス	440	440	430	430	4.8
7521	ムサシ	1000	1000	1000	1000	2
7522	ワタミ	3890	3950	3830	3890	77.5
7523	アールビバン	1020	1020	1000	1010	21.2
7524	マルシェ	1000	1000	980	980	2.5
7527	システムソフ	0	0	0	0	0
7528	安藤薬業公司	260	260	260	260	1
7529	はるやま	0	0	0	0	0
7530	ナブコドア	0	0	0	0	0
7531	清和鋼業	310	335	310	320	16
7532	ドンキホーテ	10300	10300	10180	10210	7.5
7535	グッドマン	1980	1980	1950	1950	0.6
7536	船橋薬品	550	550	550	550	0.3
7537	丸文	1410	1410	1395	1400	17
7538	大水	388	388	388	388	1
7539	アベルコ	315	315	310	310	4
7540	エルエスフェンス	0	0	0	0	0
7541	メガネトップ	1930	1940	1900	1900	4.5
7542	ビスケーＨＤ	800	800	800	800	2
7543	ミスタージョン	0	0	0	0	0
7544	スリーエフ	1169	1170	1169	1169	5
7545	西松屋チェ	1535	1540	1505	1505	17.8
7547	オートハローズ	204	204	204	204	1
7548	サンクスＪＰ	1280	1320	1280	1300	30
7549	エス・エス・ブイ	734	734	734	734	4
7550	ゼンショー	910	930	890	930	3.6
7551	ウェッズ	326	326	326	326	0.5
7552	ハピネット	1999	1999	1890	1900	4.1
7553	サザビー	4540	4540	4440	4500	7
7554	幸楽苑	1020	1020	1020	1020	2
7555	大田花き	478	478	478	478	2
7556	住商エレク	1260	1260	1240	1260	17
7557	サンクス	3600	3640	3600	3630	74.8
7558	トーメンエレ	4150	4200	4100	4200	2.2
7559	ジーエフシー	0	0	0	0	0
7560	ユニマット	855	885	855	860	8.5
7561	ハークスレイ	1710	1710	1700	1700	2.9
7562	安楽亭	705	745	705	745	3
7563	ニッパン	184	185	184	185	5
7564	ワークマン	1800	1800	1800	1800	6.5
7565	万世電機	440	440	440	440	1
7566	ジャパンケア	1500	1620	1500	1600	70
7567	栄電子	0	0	0	0	0
7568	クレックス	480	480	480	480	1
7569	モンテカルロ	510	679	470	605	108
7570	橋本総業	715	715	715	715	2
7571	ヤマノＨＣ	780	780	780	780	2
7573	ツルハ	1510	1510	1420	1500	17.2
7574	共信テクノ	1450	1450	1400	1400	6
7575	日本ライフＬ	780	790	780	790	1.8
7576	ベターライフ	0	0	0	0	0
7577	パスポート	0	0	0	0	0
7578	ニチリョク	0	0	0	0	0
7579	オリジン東	3490	3490	3490	3490	2
7580	フーズネット	1200	1200	1200	1200	1
7581	サイゼリヤ	5870	5990	5800	5850	26.1
7582	富デバイス	1550	1550	1490	1491	22
7583	通商	343	343	343	343	4
7584	丸紅インフォ	0	0	0	0	0
7585	かんなん	847	847	847	847	1
7586	寺島薬局	1000	1000	960	960	6.9
7587	ＰＡＬＴＥＫ	2380	2430	2340	2420	6.5
7588	シートゥーネット	6800	6850	6750	6750	4.8
7589	デジキューブ	640000	649000	630000	630000	0.006
7590	タカショー	475	475	470	475	3
7591	エクセル	1180	1180	1150	1150	10
7592	アイ・ユー・ケイ	0	0	0	0	0
7593	ＶＴＨＤ	0	0	0	0	0
7594	マルカキカイ	329	329	329	329	1
7595	アルゴグラフ	1800	1800	1750	1790	4.5
7596	魚力	1550	1580	1540	1540	31.5
7597	東京貴宝	0	0	0	0	0
7598	ナイスクラ	250	250	250	250	7
7599	ガリバー	1580	1680	1550	1550	91.7
7600	日本ＭＤＭ	3580	3580	3300	3300	7.6
7601	ポプラ	1051	1051	1050	1050	4.7
7602	ジャック	1500	1500	1472	1473	24.7
7603	マックハウス	559	559	559	559	6
7604	梅の花	1550000	1570000	1530000	1530000	0.018
7605	フジコーポ	134	160	130	140	35
7606	Ｕアローズ	800	809	800	800	7.5
7607	進和	1000	1000	1000	1000	1
7608	ＳＫジャパン	0	0	0	0	0
7609	ダイトエレク	2500	2500	2200	2250	25
7610	テイツー	340000	340000	330000	330000	0.011
7611	ハイデ日高	0	0	0	0	0
7612	コモンウェル	400	400	350	355	6
7613	シークス	1380	1380	1300	1300	1.3
7614	オーエムツー	1800	1800	1760	1760	1.8
7615	京都友禅	450000	451000	435000	450000	0.044
7616	コロワイド	2000	2020	2000	2020	7.5
7617	オオゼキ	0	0	0	0	0
7618	ＰＣＤＥＰＯ	465000	475000	465000	465000	0.004
7619	田中商事	290	290	290	290	1
7620	ヤマト硝子	325	375	325	345	27
7621	うかい	1000	1000	962	962	2
7622	焼肉サカイ	960	960	940	945	3.4
7623	サンオータス	0	0	0	0	0
7624	内藤	939	950	938	950	12
7625	ダイニング	1810	1877	1780	1875	7.1
7626	ドッドウエル	1290	1290	1090	1210	32
7627	なか卯	0	0	0	0	0
7628	オーハシテク	0	0	0	0	0
7629	ムラチク	800	800	800	800	1
7630	壱番屋	990	1010	990	990	13
7631	マクニカ	11210	11420	11170	11420	45.7
7632	住商メタレックス	580	590	580	590	11
7633	明響社	335	340	330	340	5
7634	星医療	1430	1430	1430	1430	1
7635	杉田エース	0	0	0	0	0
7636	ハンズマン	1030	1030	1030	1030	8
7637	白 銅	1450	1450	1450	1450	2
7638	シーマ	0	0	0	0	0
7639	贔屓屋	764	764	764	764	6
7640	トップカル	1130	1160	1100	1110	7
7641	フォーユー	581000	590000	580000	580000	0.022
7642	ビジョン	540	545	540	545	11.3
7643	ダイイチ	390	390	390	390	3
7644	常盤薬品	0	0	0	0	0
7645	日本トイザ	14200	14200	14000	14100	12.5
7646	ＰＬＡＮＴ	2520	2550	2520	2550	10
7647	音通	120	127	120	127	16
7648	トーカン	1450	1450	1450	1450	3
7649	スギ薬局	3850	3850	3850	3850	1
7701	島津	406	409	400	409	207
7702	ＪＭＳ	395	395	395	395	5
7703	川澄化	1051	1088	1051	1088	15
7704	アロカ	947	955	935	935	50
7705	ジーエル	1350	1350	1340	1350	5
7706	セントラユニ	420	440	410	440	11
7711	助川電気	0	0	0	0	0
7713	シグマ光機	2190	2200	2120	2150	11
7714	モリテックス	7000	7000	6600	6600	77
7715	長野計器	2470	2470	2440	2440	6
7716	ナカニシ	1900	1940	1900	1940	2
7717	ブイテクノ	1010000	1030000	970000	1030000	0.06
7718	スター精	1450	1450	1400	1400	19
7719	東衡機	73	73	73	73	2
7720	ソキア	182	185	182	182	17
7721	トキメック	126	126	120	121	48
7723	愛時計	264	265	263	263	3
7724	金門	122	124	122	122	24
7726	黒田精	290	290	280	280	13
7727	オーバル	0	0	0	0	0
7728	電産トーソク	0	0	0	0	0
7729	東京精	7790	7930	7670	7700	148.4
7731	ニコン	1551	1565	1513	1522	1810
7732	トプコン	346	346	342	342	36
7733	オリンパス	1769	1774	1722	1741	790
7734	理計器	437	438	418	418	15
7735	スクリン	620	630	611	629	684
7736	ユニオンＨＤ	85	88	85	88	5
7738	チノン	335	335	311	325	14
7739	キヤノン電	1070	1085	1070	1070	10
7740	タムロン	1140	1200	1130	1170	17
7741	ＨＯＹＡ	9700	9900	9700	9800	75.1
7743	シード	0	0	0	0	0
7744	ノーリツ鋼機	2600	2650	2600	2605	16.1
7750	ペンタックス	282	282	275	275	59
7751	キヤノン	3980	4060	3920	3920	3428
7752	リコー	2030	2030	1991	1991	818
7753	ミノルタ	468	474	458	458	222
7756	電産コパル	1511	1520	1492	1510	37
7757	三協精	805	815	791	791	131
7758	セコニック	320	325	320	320	8
7762	シチズン	850	864	846	850	739
7764	オリエント時計	160	164	160	160	15
7765	リコーエレメ	685	685	670	670	10
7768	ジェコー	0	0	0	0	0
7769	リズム	172	173	170	170	115
7770	ミヨタ	2000	2000	2000	2000	6
7771	日本精密	0	0	0	0	0
7854	バンプレスト	1510	1695	1500	1695	16
7855	カーディナル	0	0	0	0	0
7856	萩原工業	770	770	770	770	1
7857	セキ	1400	1450	1400	1450	2
7858	小野産業	790	790	790	790	3
7859	アルメディオ	970	975	970	970	8
7860	エイベックス	7820	8080	7810	7960	43.6
7861	東京リスマ	970	980	965	965	1
7862	トッパンフォ	1750	1768	1730	1760	202
7863	平賀	620	620	620	620	1
7864	フジシール	3050	3100	2980	2980	108.7
7865	ピープル	930	930	900	900	28
7866	アトラス	780	790	760	790	6.8
7867	トミー	3100	3100	3100	3100	528.8
7868	広済堂	1015	1035	1015	1015	1.6
7869	日本フォーム	0	0	0	0	0
7870	福島印刷	0	0	0	0	0
7871	フクビ	600	600	600	600	12
7872	エステール	0	0	0	0	0
7873	アーク	4350	4350	4050	4250	9
7874	スルガ	4150	4150	3650	3800	5.5
7875	竹田印刷	0	0	0	0	0
7876	三陽PAX	0	0	0	0	0
7877	永大化工	629	629	629	629	2
7878	光彩工芸	0	0	0	0	0
7879	ノダ	435	435	430	430	3.8
7880	南部化成	401	401	401	401	1
7881	ニッソー	85	85	85	85	1
7882	アロン化成	381	382	379	379	20
7883	サンメッセ	1470	1470	1470	1470	2
7884	本間ゴルフ	295	295	295	295	0.4
7885	タカノ	1300	1300	1250	1250	0.8
7886	ヤマト・イン	0	0	0	0	0
7887	南プラ	380	380	380	380	2
7888	三光合成	230	240	230	230	41
7889	桑山	0	0	0	0	0
7890	アテナ工業	800	800	800	800	3
7891	日本ユピカ	0	0	0	0	0
7892	宇部日東化成	280	285	280	285	5
7893	亜細亜	1000	1000	1000	1000	7
7895	中央化学	1350	1350	1350	1350	0.5
7896	セブン工業	360	360	360	360	3
7897	ホクシン	127	132	127	130	8
7898	ウッドワン	672	672	656	656	17
7899	オザキ軽化	385	385	370	370	12
7900	大出産業	0	0	0	0	0
7901	マツモト	0	0	0	0	0
7902	ソノコム	0	0	0	0	0
7903	名木材	0	0	0	0	0
7904	天竜木	34	35	34	35	5
7905	大建工	320	321	318	318	19
7906	ヨネックス	380	380	380	380	2
7907	日防腐	0	0	0	0	0
7908	きもと	520	520	520	520	23
7909	シーアイ化	346	346	331	331	9
7910	段谷産業	58	60	57	58	74
7911	凸版	979	979	951	965	797
7912	大日印	1583	1583	1556	1558	621
7913	図書印	219	219	215	215	7
7914	共同印	322	327	322	323	17
7915	日写印	585	585	575	583	13
7916	光村印	362	362	350	350	10
7917	藤森工業	800	800	800	800	3
7918	ヴィアＨＤ	0	0	0	0	0
7919	野崎紙	235	235	235	235	4
7920	三浦印	408	408	408	408	1
7921	宝印刷	920	920	910	910	10
7922	三光産業	0	0	0	0	0
7923	トーイン	0	0	0	0	0
7925	前沢化成	1021	1024	1021	1023	3.9
7926	ベルテクノ	0	0	0	0	0
7927	ムトー精工	0	0	0	0	0
7928	旭化学	465	480	465	480	5
7929	新輝合成	0	0	0	0	0
7931	未来工業	1130	1130	1110	1110	3.2
7932	ニッピ	250	250	240	240	3
7933	ファイリング	0	0	0	0	0
7934	メルクス	65	65	65	65	1
7935	コンビ	495	505	485	490	16
7936	アシックス	102	105	102	102	149
7937	ツツミ	1592	1592	1555	1555	19.9
7938	リーガル	125	125	125	125	1
7939	研創	0	0	0	0	0
7940	ウェーブＨＤ	235	235	230	230	7
7942	ＪＳＰ	559	560	559	560	5
7943	ニチハ	690	698	687	698	1.7
7944	ローランド	1970	1970	1900	1900	6.7
7945	コマニー	0	0	0	0	0
7946	光陽社	220	230	220	230	9
7947	エフピコ	3400	3510	3370	3510	30.9
7948	ＡＷ・エモト	117	117	110	110	4
7949	小松ウオール	940	945	940	945	1.5
7950	日デコラ	0	0	0	0	0
7951	ヤマハ	1109	1129	1090	1110	277
7952	河合楽	140	140	138	138	75
7953	菊水化	0	0	0	0	0
7954	ジャレコ	900	900	855	855	19
7955	クリナップ	503	503	501	501	7
7956	ピジョン	802	810	800	800	4.8
7957	フジコピアン	0	0	0	0	0
7958	天馬	1110	1110	1085	1085	51
7959	オリバー	0	0	0	0	0
7960	パラマウント	3640	3650	3610	3630	20.8
7961	兼松日産農	155	156	154	154	14
7962	キングジム	601	601	600	600	2
7963	興研	474	474	474	474	2
7964	セガ	1042	1075	997	1029	732.3
7965	象印	450	450	445	445	8
7966	リンテック	1065	1090	1060	1060	40
7967	バンダイ	4430	4450	4360	4390	115.5
7968	田崎真珠	426	426	413	417	35
7969	タカラ	413	419	410	410	6
7970	信越ポリ	653	659	643	643	71
7971	東リ	201	201	196	196	33
7972	イトーキ	321	335	312	320	238
7973	ホウトク	143	143	143	143	3
7974	任天堂	17500	18450	17450	18000	582.9
7975	リヒトラブ	0	0	0	0	0
7976	菱鉛筆	840	840	806	806	24
7977	フランスベッド	335	336	332	332	11
7979	松風	0	0	0	0	0
7980	重松製	250	250	250	250	1
7981	タカラスタ	425	434	425	425	105
7983	ミロク	0	0	0	0	0
7984	コクヨ	1690	1700	1688	1690	122
7985	ネポン	239	239	239	239	1
7986	キング工	120	120	111	114	19
7987	ナカバヤシ	268	268	265	266	60
7988	ニフコ	1071	1074	1060	1061	127
7989	ブラインド	695	695	694	694	2.7
7990	ダイワ精	125	126	124	124	44
7991	マミヤＯＰ	216	219	216	216	18
7992	セーラー	659	668	608	608	335
7993	サンウエブ	180	180	176	178	52
7994	岡村製	500	505	495	501	90
7995	バルカー	158	158	157	158	88
7996	パイロット	510	515	510	510	11
7997	くろ工	0	0	0	0	0
7999	武藤工	271	274	270	270	46
8000	カイゲン	0	0	0	0	0
8001	伊藤忠	504	513	503	506	2726
8002	丸紅	269	275	268	270	2912
8003	トーメン	121	121	113	116	279
8004	ニチメン	118	123	116	119	1173
8005	ムトウ	605	609	600	600	7
8006	ユアサフナ	162	162	159	160	39
8007	高島	124	124	118	124	62
8008	アスティ	800	800	800	800	3
8010	新興産業	114	114	114	114	2
8011	三陽商	293	298	293	294	57
8012	長瀬産	489	491	483	490	264
8013	ナイガイ	85	85	82	83	67
8014	蝶理	102	103	101	101	52
8015	豊田通商	415	415	401	401	122
8016	オンワード	900	949	900	900	711
8017	阪急共栄物産	130	130	130	130	1
8018	三共興	260	261	257	257	24
8019	市田	50	50	49	49	155
8020	兼松	138	140	137	137	655
8021	レナウン	99	100	97	97	278
8022	ミズノ	320	322	320	320	118
8023	大興電子	385	385	385	385	9
8024	シルバーＯＸ	426	429	425	429	4
8025	ツカモトＣ	132	132	128	128	12
8027	ルシアン	80	81	80	81	69
8028	ファミリーＭ	2810	2830	2810	2820	428.6
8029	ルック	231	236	231	236	14
8030	中央魚	180	180	180	180	3
8031	三井物	725	726	715	720	2411
8032	紙パ商	356	359	352	352	33
8033	ジーネット	155	155	155	155	2
8035	東エレク	8120	8190	7910	7940	921.9
8036	日立ハイテク	1250	1250	1235	1235	31
8037	カメイ	504	504	502	503	5
8038	東都水	265	265	261	261	32
8039	築地魚	153	153	153	153	1
8040	東ソワール	208	208	208	208	2
8041	魚市場	0	0	0	0	0
8042	マタイ	220	220	217	217	27
8043	スターゼン	188	188	183	183	45
8044	大都魚	135	135	134	135	3
8045	浜丸魚	399	399	399	399	1
8046	丸藤パ	132	132	132	132	3
8047	デジ・ネット	342	342	342	342	1
8048	シャディ	1710	1731	1710	1728	4.6
8050	セイコー	440	445	440	441	42
8051	山善	212	212	206	206	40
8052	椿本興	180	181	179	179	28
8053	住友商	814	825	814	821	851
8056	ユニシス	1400	1403	1351	1360	152.9
8057	内田洋	675	679	672	675	33
8058	三菱商	800	815	800	809	2531
8059	第一実	219	224	216	217	51
8060	キヤノン販	1484	1484	1400	1400	214
8061	西華産	162	162	159	159	75
8063	日商岩井	120	130	119	126	13006
8064	金商	123	124	116	116	27
8065	佐藤商	375	375	375	375	2
8066	三谷商	0	0	0	0	0
8067	トミヤアパ	271	271	270	270	19
8068	菱洋エレク	1440	1440	1380	1405	84
8070	東京産	300	300	299	300	13.5
8071	東海物産	358	360	355	355	4
8072	出版貿	200	200	200	200	2
8073	Ｔ・ＺＯＮＥ	215	230	215	230	6
8074	ユアサ商	121	122	120	120	88
8075	神鋼商	146	146	145	145	26
8076	カノークス	105	105	97	97	2
8077	小林産	178	178	176	176	5
8078	阪和興	103	105	103	103	126
8079	正栄食	0	0	0	0	0
8080	ジョイス	990	990	990	990	10
8081	カナデン	474	474	459	459	36
8083	サンテレ	267	267	263	263	13
8084	菱電商	341	341	335	335	79
8085	ナラサキ産業	160	160	160	160	4
8086	ニプロ	860	870	860	864	17
8087	フルサト	333	399	333	399	17
8088	岩谷産	231	235	229	230	203
8089	ナイス	243	250	243	243	141
8090	昭光通商	140	141	140	140	64
8091	ニチモウ	129	129	123	126	9
8092	富士通シス	1800	1807	1790	1790	13.4
8093	極東貿易	536	536	525	532	45
8095	イワキ	200	200	200	200	1
8096	兼松エレク	496	503	491	491	22
8097	三愛石	324	324	314	315	35
8098	稲畑産	617	617	603	611	112
8100	藤井	1	1	1	1	434
8101	ＧＳＩクレ	103	106	103	103	24
8103	明和産	99	100	99	100	10
8105	丸正	150	150	150	150	8
8107	キムラタン	48	48	44	47	19
8109	山洋工	67	73	67	73	12
8110	川鉄商事	122	122	118	118	46
8111	ゴルドウイン	130	130	125	125	29
8112	東スタイル	1043	1050	1030	1040	112
8113	ユニチャーム	5140	5220	5110	5150	141.8
8114	デサント	193	197	192	192	11
8115	ムーンバット	109	109	103	103	35
8116	ダーバン	182	188	181	181	484
8117	中央自	240	245	235	235	9
8118	キング	145	145	144	144	28
8119	三栄コ	281	285	280	280	34
8120	大木	235	235	235	235	3
8123	川辺	98	98	98	98	2
8125	ワキタ	262	273	261	261	13
8126	三光純薬	300	300	290	291	8
8127	ヤマトインタ	112	112	112	112	3
8128	エフワン	44	48	44	44	15
8129	東邦薬	385	385	385	385	26
8130	サンゲツ	1420	1420	1410	1416	55
8131	ミツウロコ	605	614	605	606	6
8132	シナネン	341	350	341	349	46
8133	伊藤忠エネ	390	398	390	391	39
8134	ＴＯＫＡＩ	661	673	660	665	46
8135	ゼット	117	117	112	112	19
8136	サンリオ	2290	2350	2200	2200	463.8
8137	サンワテク	680	690	675	675	3
8138	三京化	180	180	180	180	6
8139	ナガホリ	236	236	235	236	10
8140	リョーサン	2000	2000	1980	1980	39
8141	新光商	789	789	770	770	26
8142	トーホー	885	885	880	880	17
8143	ラピーヌ	77	77	71	71	15
8144	電響社	376	376	375	375	5
8145	中部水産	239	239	239	239	2
8146	小杉産	125	125	125	125	6
8147	トミタ	0	0	0	0	0
8148	上原成	0	0	0	0	0
8150	三信電	662	667	661	664	73
8151	東陽テク	2970	3000	2910	3000	50
8152	ソマール	249	249	249	249	2
8153	モスフード	930	930	918	918	12
8154	加賀電子	1419	1460	1419	1429	62
8155	三益半導	1271	1310	1250	1300	30.1
8156	ガステック	441	441	439	439	2
8157	都築電	421	421	421	421	1
8158	ソーダニッカ	188	188	188	188	1
8159	立花エレ	610	610	600	600	4
8160	木曽路	1187	1190	1187	1188	4.5
8161	エイデン	764	764	750	750	13
8163	サトＲＳ	682	684	682	684	7
8164	キャビン	90	90	85	86	25
8165	千趣会	570	574	562	562	48
8166	タカキュー	102	106	102	103	8
8167	丸久	0	0	0	0	0
8168	ケーヨー	505	506	500	501	14
8169	宝船	115	115	115	115	1
8170	アデランス	4150	4160	4000	4000	89.3
8171	ＭＶ中部	570	575	570	575	11
8172	第一家庭電器	45	46	43	44	255
8173	上新電	297	297	278	278	18
8174	日ガス	609	609	601	601	10
8175	ベスト電	591	591	553	553	316
8176	西洋フードシス	330	331	327	327	22
8178	マルエツ	306	306	303	303	28
8179	ロイヤルＨＤ	965	965	961	962	19
8180	すかいらく	3000	3000	2920	2920	185
8181	東天紅	304	308	302	302	21
8182	いなげや	632	635	600	616	31
8183	セブン−イレブン	7040	7100	6850	6850	984
8184	島忠	1400	1410	1343	1353	210.5
8185	チヨダ	500	505	481	500	22.9
8186	大塚家具	7000	7010	6800	6800	9.6
8188	ヨークベニ	2515	2515	2475	2475	9.9
8189	マツヤデンキ	246	247	239	239	29
8190	ヤマナカ	0	0	0	0	0
8191	光製作	0	0	0	0	0
8192	中川無線	77	77	75	77	7
8193	鈴丹	102	102	101	102	16
8194	ライフコーポ	640	648	640	640	9
8195	デニーズジャパン	1898	1898	1850	1850	7
8196	カスミ	430	432	430	432	11
8197	東急ストア	324	327	324	327	8
8199	デオデオ	694	694	670	675	85.5
8200	リンガハット	1200	1200	1190	1199	1.4
8201	さが美	363	363	359	359	7
8202	ラオックス	425	425	424	424	10
8203	ＭｒＭａｘ	330	334	329	329	31.1
8204	ジョナサン	1530	1530	1530	1530	2
8205	シャクリー	811	811	811	811	1
8206	アポロイン	70	70	70	70	1
8207	テンアライド	386	395	385	385	6.6
8208	エンチョー	375	375	365	365	11
8209	フレンドリ	0	0	0	0	0
8210	フットワーク	146	155	145	155	18
8211	相鉄ローゼ	495	495	491	491	4
8212	オーク	121	121	121	121	2
8213	トステムビバ	341	354	341	354	6
8214	アオキインタ	325	328	320	320	139.5
8215	銀座山形屋	195	195	195	195	200
8216	フォルクス	510	510	510	510	1
8217	オークワ	920	930	920	930	25
8218	コメリ	2270	2275	2210	2230	15
8219	青山商	780	798	780	780	297.7
8225	タカチホ	0	0	0	0	0
8226	理経	356	360	350	350	7
8227	しまむら	7080	7380	7050	7150	70.6
8228	マルイチ	0	0	0	0	0
8229	ＣＦＳコーポ	845	845	811	840	4.5
8230	はせがわ	732	732	710	729	25
8231	三越	463	467	456	458	1118
8232	東急百貨店	82	82	81	81	120
8233	高島屋	843	843	821	831	399
8234	大丸	310	320	309	317	797
8235	松坂屋	265	272	265	268	48
8236	丸善	272	275	268	270	830
8237	松屋	366	371	356	356	79
8238	伊勢丹	1090	1130	1075	1125	353
8239	横浜松坂屋	89	90	85	85	14
8240	サッポロライオン	0	0	0	0	0
8241	阪神百貨店	387	387	387	387	10
8242	阪急百	443	452	443	451	414
8244	近鉄百貨店	0	0	0	0	0
8245	丸栄	226	226	220	220	5
8247	大和	0	0	0	0	0
8248	ニッセン	348	348	285	313	24.8
8249	東洋物	0	0	0	0	0
8250	小松ストアー	0	0	0	0	0
8251	パルコ	320	320	316	318	24
8252	丸井	1545	1585	1534	1534	407
8253	クレセゾン	2260	2295	2260	2265	92.5
8254	さいか屋	399	415	399	415	48
8255	原信	895	899	850	850	2.1
8256	プロルート	235	235	235	235	2
8257	山陽百	0	0	0	0	0
8258	ＯＭＣカード	290	296	290	291	69
8259	十字屋	43	43	42	42	114
8260	井筒屋	154	157	153	153	182
8261	ｼ鉄百貨店	166	166	166	166	3
8263	ダイエー	207	208	202	203	981
8264	イトーヨーカ堂	5260	5350	5210	5300	567
8265	壽屋	120	125	115	115	35
8266	イズミヤ	691	691	680	685	29
8267	イオン	2370	2405	2340	2345	594
8268	西友	318	318	311	313	239
8269	マイカル	244	246	244	245	1012
8270	ユニー	1320	1321	1250	1250	273
8273	イズミ	1017	1017	1000	1000	14
8274	東武ストア	164	164	164	164	3
8275	フォーバル	1400	1400	1350	1390	10.6
8276	平和堂	730	740	730	730	10
8278	フジ	1910	1910	1884	1884	9.7
8279	ヤオコー	1200	1201	1152	1152	4.5
8280	富士冷機	365	368	360	360	13
8281	ゼビオ	1950	1950	1668	1695	189.1
8282	ギガスケーズ	1700	1700	1690	1700	3.4
8283	パルタック	545	545	542	542	21
8285	三谷産業	391	391	391	391	1
8287	ＭＶ西日本	1011	1011	1010	1010	4
8289	オリンピック	2025	2050	2025	2025	0.6
8290	デンコードー	0	0	0	0	0
8291	東日カーライフ	194	200	190	200	27
8293	愛トヨ	814	814	814	814	1
8295	キャノンシステム	860	870	860	860	33
8298	ファミリー	0	0	0	0	0
8299	大栄太源	550	550	550	550	5
8301	日銀	65500	65500	65500	65500	0.1
8305	みずほＨ	718000	742000	718000	730000	10.702
8314	さくら銀行	695	714	694	700	4448
8315	東京三菱銀	1212	1232	1212	1214	6693
8318	三井住友銀行	1190	1212	1180	1193	5797
8319	大和銀行	205	208	203	205	1348
8320	三和銀行	825	847	825	839	3762
8321	東海銀行	517	526	514	516	2989
8322	あさひ銀行	390	399	390	395	1921
8324	第四銀	388	391	385	385	41
8325	北越銀	291	298	290	290	14
8326	福岡銀	530	530	517	518	210
8327	西日本シティ銀	438	439	431	431	60
8331	千葉銀	448	448	436	439	1011
8332	横浜銀	530	530	517	517	572
8333	常陽銀	365	374	365	366	201
8334	群馬銀	560	565	550	552	511
8335	足利銀行	199	200	197	197	372
8336	武蔵銀	4130	4170	4130	4130	2.5
8337	千葉興	1100	1100	1083	1092	10.8
8338	関東つくば銀	1310	1346	1310	1346	5.8
8339	都民銀	2290	2300	2280	2290	8.8
8341	七十七	679	685	669	669	290
8342	青森銀	494	499	493	493	26
8343	秋田銀	411	412	400	400	235
8344	山形銀	536	549	536	537	8
8345	岩手銀	3780	3800	3750	3750	5.5
8346	東邦銀	406	408	400	400	36
8349	東北銀	220	220	220	220	10
8350	みちのく銀	670	684	665	665	13
8353	北海道銀行	129	130	128	128	119
8355	静岡銀	1034	1050	1029	1029	297
8356	十六銀	459	459	445	445	54
8357	北陸銀行	230	230	225	225	140
8358	スルガ銀	1055	1092	1055	1056	423
8359	八十二	583	598	583	592	261
8360	山梨銀	359	359	355	357	129
8361	大垣共立	586	591	585	590	43
8362	福井銀	297	300	297	297	17
8363	北国銀	450	454	448	448	32
8364	清水銀	4280	4300	4170	4170	0.7
8365	富山銀	0	0	0	0	0
8366	滋賀銀	494	496	490	490	55
8367	南都銀	368	368	361	361	118
8368	百五銀	435	441	432	440	50
8369	京都銀	544	544	528	528	269
8370	紀陽銀	286	288	286	287	59
8371	近畿大阪銀	175	175	166	168	9
8372	泉州銀	245	245	245	245	5
8374	三重銀	490	490	485	490	22
8375	池田銀	5450	5550	5450	5550	2.1
8379	広島銀	410	412	408	409	275
8380	山口銀	680	680	669	670	171
8381	山陰合銀	530	539	530	535	41
8382	中国銀	840	843	830	832	90
8383	鳥取銀	363	369	361	361	11
8385	伊予銀	610	615	607	610	230
8386	百十四	629	629	620	620	18
8387	四国銀	615	620	615	615	31
8388	阿波銀	497	504	495	495	70
8390	鹿児銀	441	441	437	440	89
8391	親和銀行	350	350	346	349	61
8392	大分銀	595	604	594	595	11
8393	宮崎銀	388	390	381	381	44
8394	肥後銀	417	421	410	415	33
8395	佐賀銀	365	366	360	360	32
8396	十八銀	422	424	419	421	560
8397	沖縄銀	2295	2500	2295	2480	15.1
8399	琉球銀	1531	1540	1530	1530	1.7
8402	三菱信託	830	840	820	833	1620
8403	住友信	788	799	786	790	1646
8404	みずほ信託銀	102	104	100	104	1609
8405	日本信託	166	169	166	167	71
8407	東洋信託	380	386	377	382	1564
8408	中央三井信	361	368	361	364	557
8473	ＳＢＩＨＤ	1380000	1450000	1210000	1280000	2.348
8489	アプレック	280	280	280	280	3
8493	インター	900	900	880	880	3.2
8507	学研クレジット	540	550	540	550	4
8508	イッコー	420	439	420	439	4
8511	日証金	423	428	415	415	193
8512	大証金	215	216	215	215	20
8513	中証金	0	0	0	0	0
8515	アイフル	9000	9200	8800	9140	67.3
8518	アジア投資	344	345	320	325	369
8519	ポケットＣ	1810	1820	1799	1800	20.2
8520	殖産銀行	406	406	406	406	9
8521	長野銀	468	470	456	456	7
8522	名古屋銀	581	594	581	584	17
8524	北洋銀行	710	714	706	706	43
8527	愛知銀	7490	7700	7490	7700	0.3
8528	岐阜銀	0	0	0	0	0
8529	第三銀	457	459	457	457	13
8530	中京銀	443	443	438	438	13
8533	広島総合銀行	405	406	404	404	32
8536	東日銀	577	578	567	567	18
8537	大光銀	300	300	300	300	15
8539	福岡シティ銀	433	436	432	435	38
8541	愛媛銀	468	468	465	465	12
8542	トマト銀	365	365	365	365	1
8543	みなと銀	263	269	263	265	44
8544	京葉銀	313	313	306	306	38
8545	関西アーバン	130	130	129	130	151
8548	九州銀行	317	319	317	318	22
8549	せとうち銀行	381	400	381	400	11
8550	栃木銀	670	670	653	653	4
8551	北日銀	5560	5640	5470	5480	1.1
8552	びわこ銀	0	0	0	0	0
8556	香川銀	603	604	595	595	10
8558	東和銀	425	429	421	426	15
8561	徳島銀	695	696	693	693	13
8562	福島銀	317	324	317	319	22
8563	大東銀	325	327	323	327	8
8564	武富士	7410	7680	7410	7590	398.4
8565	三洋クレ	4060	4220	4060	4200	8.2
8566	リコーリース	2010	2090	2005	2005	18.2
8567	クレディア	1640	1669	1640	1660	2.5
8568	シンキ	908	908	880	880	17.7
8569	ユニココーポ	995	995	995	995	4
8570	イオンクレ	6200	6260	6200	6250	42.3
8571	ニッシン	4550	4550	4380	4380	11.4
8572	アコム	8700	8830	8700	8750	154.3
8573	三洋信販	3260	3280	3190	3260	76.4
8574	プロミス	7530	7740	7450	7450	130.1
8577	ロプロ	582	599	579	599	178.5
8579	東京リース	0	0	0	0	0
8580	ファーストクレジット	151	158	144	158	156
8583	日信販	157	157	154	154	741
8584	ジャックス	325	325	317	319	26
8585	オリコ	157	158	154	156	598
8586	日立キャピ	2340	2340	2230	2270	187.6
8588	セントラル	344	344	340	340	35
8589	アプラス	103	108	101	108	35
8591	オリックス	11890	11890	11510	11600	180.3
8592	住商リース	1110	1147	1100	1125	35
8593	ダイヤリース	1114	1131	1110	1130	15
8595	ジャフコ	12700	12800	12500	12700	148
8597	ＳＦＣＧ	11550	11550	11300	11340	34.59
8599	ＵＦＪセント	0	0	0	0	0
8601	大和証Ｇ	1231	1246	1223	1224	3236
8603	日興コーデ	890	898	876	878	3876
8604	野村ＨＤ	2355	2440	2340	2350	4001
8606	新光	385	395	381	381	1437
8607	みずほイン証	160	162	153	153	420
8609	岡三ＨＤ	590	590	570	570	190
8610	さくらフレンド	214	215	212	212	53
8611	コスモ証	165	167	161	161	205
8613	丸三	500	507	500	501	52
8614	東洋	256	257	255	256	23
8615	三菱証	1045	1045	981	990	664
8616	東海東京	274	274	266	271	339
8617	光世	200	204	200	200	65
8621	ＵＦＪつばさ証券	396	399	385	385	244
8622	水戸	275	280	275	280	25
8623	ＳＭＢＣ証	230	230	225	226	32.5
8624	いちよし証	435	435	424	424	16
8625	高木	375	375	375	375	4
8626	マネックス	56300	56400	55500	55600	0.343
8627	イー・トレード	430000	430000	415000	419000	0.076
8691	証券代	0	0	0	0	0
8692	だいこう	426	426	426	426	3
8740	フジトミ	505	505	505	505	1
8742	小林洋行	1180	1190	1180	1180	0.8
8743	ひまわり証	195	195	182	182	11
8744	日本ユニコム	0	0	0	0	0
8745	グローバリー	0	0	0	0	0
8746	第一商品	0	0	0	0	0
8747	豊商事	560	580	560	580	3
8748	岡藤商事	0	0	0	0	0
8749	エース交易	205	208	192	192	16
8751	東京海上火災	1190	1247	1185	1245	2551
8752	三井住友海上	645	653	645	647	882
8753	住友海上火災	725	727	715	716	862
8754	日本興亜	407	407	403	403	186
8755	損害保険Ｊ	594	607	594	605	869
8756	日産火災海上	370	370	360	362	192
8757	日新火	233	235	233	233	32
8758	千代田火災	304	313	303	308	257
8759	ニッセイ同和	260	264	256	264	866
8760	日動火災海上	572	585	562	571	430
8761	あいおい損保	330	337	328	334	500
8762	興亜火災	400	404	400	400	33
8763	富士火	193	196	193	194	249
8764	太陽火災	0	0	0	0	0
8765	大成火災海上	308	310	300	300	28
8801	三井不	1170	1179	1163	1163	1538
8802	菱地所	1212	1234	1210	1219	1900
8803	平和不	278	278	266	266	142.5
8804	東建物	200	202	198	200	711
8805	中央地	93	93	93	93	1
8806	ダイビル	810	839	806	806	25
8809	サンケビル	350	357	350	352	6
8810	港振興	0	0	0	0	0
8815	東急不	119	119	115	115	621
8817	阪急不動産	340	341	340	341	9
8818	京阪神不	315	318	310	310	5
8821	立飛企	0	0	0	0	0
8829	大和団地	210	216	210	210	45
8830	住友不	611	626	611	615	1716
8832	小田急不	193	193	193	193	1
8833	東宝不	376	383	376	383	9
8834	藤和不	55	56	55	55	145
8835	太平発	119	120	116	119	57
8836	ヒューネット	565	630	540	610	1621
8838	有楽地	168	169	161	164	40
8839	ニチモ	73	77	73	73	65
8840	大京	185	187	185	185	127
8841	テーオーシー	700	700	661	661	48
8842	楽天地	352	353	350	350	9
8844	リクコスモス	432	432	421	421	12
8845	セザール	206	209	206	206	55
8846	積和不動産	405	405	405	405	6
8848	レオパレス	240	240	235	235	190
8850	スターツ	695	695	695	695	1
8851	アバンライフ	140	140	140	140	1
8852	積和不動関西	318	318	318	318	2
8853	ダイヤシティ	320	320	320	320	7
8854	日住	224	224	218	218	3
8855	全日空ビル	113	113	113	113	2
8857	三井不動販売	522	526	522	526	17
8858	ダイア建	199	199	199	199	11
8860	フジ住	440	459	440	459	11
8863	積和不動中部	413	413	411	411	4
8864	空港施設	418	418	413	416	20
8865	神鋼興産	265	265	265	265	6
8866	コマーシャル	240	240	231	240	11
8867	横浜地下街	0	0	0	0	0
8868	ＵＲＢＡＮ	1750	1750	1700	1740	16.9
8869	明和地所	2000	2000	1930	1945	55
8870	住不販売	3700	3700	3640	3650	19
8871	ゴールドクレ	7830	7990	7750	7950	11.7
8872	エイブル	890	895	890	895	15
8873	積和不動中国	360	360	360	360	1
8874	ジョイント	2300	2320	2290	2290	6.4
8875	東栄住宅	1431	1431	1361	1361	8.5
8876	リロＨＤ	6350	6350	6300	6300	0.4
8877	エスリード	800	810	800	805	7.8
8878	日綜地所	830	855	790	810	38
8879	東急リバブル	650	650	630	630	20.5
8880	飯田産業	1370	1380	1330	1330	13.7
8881	日神不動産	1290	1330	1290	1330	4.1
8882	ゼファー	0	0	0	0	0
8884	ディックス	470	500	470	500	9
8886	ウッドフレン	420000	420000	410000	420000	0.018
8887	リベレステ	800000	900000	800000	890000	0.176
9001	東武	329	335	329	329	713
9002	西武鉄道	1430	1430	1400	1400	45
9003	相鉄	282	286	282	282	124
9004	箱根登山鉄道	269	269	264	264	2
9005	東急	613	622	610	613	1344
9006	京急	452	452	446	447	398
9007	小田急	400	401	396	396	373
9008	京王	464	475	461	461	732
9009	京成	264	270	263	263	273
9010	富士急	396	396	395	395	7
9012	秩父鉄	0	0	0	0	0
9013	伊豆箱根鉄道	0	0	0	0	0
9014	新京成	261	261	261	261	7
9017	新潟交	0	0	0	0	0
9019	伊豆急行	2050	2080	2050	2080	2.1
9020	ＪＲ東日本	655000	659000	651000	658000	9.132
9021	ＪＲ西日本	510000	524000	509000	515000	2.27
9022	ＪＲ東海	727000	739000	727000	734000	1.106
9031	西鉄	277	279	276	276	34
9033	広電鉄	0	0	0	0	0
9036	東部ネット	380	390	380	390	11
9037	ハマキョウ	1310	1310	1270	1270	3
9038	東海西濃	290	295	290	295	2
9039	サカイ引越	1850	1860	1850	1850	3.1
9040	大宝運輸	0	0	0	0	0
9041	近鉄	468	469	462	468	558
9042	阪急ＨＤ	367	370	367	370	200
9043	阪神	290	290	288	288	336
9044	南海電	360	361	359	360	61
9045	京阪電	346	348	346	347	18
9046	神電鉄	420	420	420	420	1
9047	名糖運輸	0	0	0	0	0
9048	名鉄	301	310	301	304	602
9049	京福電	0	0	0	0	0
9050	三重交	0	0	0	0	0
9051	センコン物流	657	657	657	657	1
9052	山陽電	255	255	255	255	7
9053	中央運輸	220	220	220	220	1
9054	大和物流	465	465	465	465	2
9055	アルプス物流	549	550	537	543	14
9056	ヒューテック	1160	1160	1160	1160	2
9057	遠州トラック	0	0	0	0	0
9058	トランコム	425	425	420	425	6
9059	カンダ	0	0	0	0	0
9060	日ロジテム	319	319	319	319	4
9061	富士物流	0	0	0	0	0
9062	日通	691	698	682	682	1192
9063	岡県運送	0	0	0	0	0
9064	ヤマト運	2100	2190	2090	2135	1329
9065	山九	100	101	97	99	179
9066	日新	200	200	198	198	70
9067	丸運	189	190	189	190	7
9068	丸全運	200	207	200	200	19
9069	センコー	210	215	210	211	105
9070	トナミ	215	215	210	210	33
9072	日梱包	702	715	702	711	22
9073	京極運	0	0	0	0	0
9074	日石輸	183	186	183	185	12
9075	福山運	480	482	469	475	964
9076	西濃運	501	505	499	500	303
9077	名鉄運	289	289	289	289	1
9078	エスライン	0	0	0	0	0
9079	東急ロジ	0	0	0	0	0
9080	関東西濃	1700	1700	1700	1700	2
9081	神奈交	490	505	490	505	13
9082	大和自	201	219	201	219	2
9083	神姫バ	468	479	468	479	16
9086	日立物流	570	581	570	570	66
9087	タカセ	236	236	236	236	3
9088	濃飛西濃	735	735	735	735	1
9089	ロジパル	0	0	0	0	0
9101	郵船	480	482	470	471	1376
9104	商船三井	229	229	223	223	2462
9107	川崎汽	187	188	182	182	815
9110	新和海	65	67	65	65	28
9113	乾汽船	63	65	63	65	22
9114	日之出汽船	48	49	47	49	44
9115	明治海	160	160	156	156	4
9119	飯野海	152	154	152	153	44
9123	太平海	50	50	49	49	15
9127	玉井船	40	42	40	42	3
9130	共栄タ	106	107	105	105	22
9132	第一汽	47	47	46	46	128
9133	東栄リーファ	0	0	0	0	0
9151	東京船舶	83	86	83	86	4
9152	関西汽	43	44	42	42	130
9171	栗林船	0	0	0	0	0
9173	東海汽	340	340	340	340	5
9174	ワンダーＴ	226	229	220	229	12
9176	佐渡汽	1000	1000	1000	1000	0.5
9178	日鉄物流	0	0	0	0	0
9179	川崎近海	167	167	165	165	10
9180	新和内航	0	0	0	0	0
9193	東京汽	0	0	0	0	0
9201	日本航空	515	524	511	511	3051
9202	ＡＮＡ	390	394	382	383	3920
9203	日本エアシス	3760	3760	3760	3760	1.6
9204	スカイマーク	128000	129000	125000	125000	0.023
9231	国際航	550	550	531	531	36
9232	パスコ	433	433	416	417	37
9233	アジア航	311	311	311	311	1
9301	三菱倉	1035	1048	1012	1020	224
9302	三井倉	225	228	223	224	376
9303	住友倉	286	286	281	282	61
9304	渋沢倉	240	240	238	238	42
9305	ヤマタネ	121	122	120	120	48
9306	東陽倉	192	200	192	200	4
9307	杉村倉	0	0	0	0	0
9308	イヌイ建	391	391	391	391	1
9309	京神倉庫	0	0	0	0	0
9310	トランシティ	197	197	192	192	8
9311	アサガミ	0	0	0	0	0
9312	ケイヒン	146	146	143	143	21
9313	丸八倉	0	0	0	0	0
9314	品川倉	150	150	150	150	1
9317	オーナミ	0	0	0	0	0
9318	Ｊブリッジ	226	226	226	226	3
9319	中央倉	0	0	0	0	0
9320	三和倉	148	148	148	148	7
9321	アイロジステ	150	150	150	150	7
9322	川西倉	0	0	0	0	0
9323	ロジステック	400	590	400	590	10
9324	安田倉	0	0	0	0	0
9351	洋埠頭	143	144	142	142	17
9353	桜島埠	0	0	0	0	0
9355	リンコー	118	118	111	111	16
9357	名港海	0	0	0	0	0
9358	宇徳運	133	136	133	135	6
9359	伊勢湾	240	240	240	240	19
9360	鈴与シンワ	171	171	170	170	4
9361	伏木運	0	0	0	0	0
9362	兵機海	0	0	0	0	0
9363	大運	53	53	53	53	25
9364	上組	501	507	499	499	136
9365	トレーディア	105	105	103	103	3
9366	サンリツ	679	679	675	679	2.8
9367	大東港運	105	108	105	108	4
9368	キムラユニテ	0	0	0	0	0
9369	キユソ流通	1170	1170	1100	1100	8
9370	郵船航空	1820	1870	1810	1870	1.7
9373	ニッコウトラ	1420	1420	1400	1400	6
9374	軽貨急配	810	811	810	810	3
9375	近鉄エクス	1280	1280	1270	1270	16
9401	ＴＢＳ	3670	3790	3670	3670	516
9402	ＣＢＣ	900	900	890	890	2.2
9404	日テレ	49500	49700	45700	46450	134.76
9405	朝日放	10000	10000	10000	10000	0.23
9408	新潟放	710	710	710	710	0.6
9409	テレビ朝日	345000	350000	342000	342000	0.572
9432	ＮＴＴ	936000	944000	920000	920000	11.782
9433	ＫＤＤＩ	592000	628000	587000	600000	8.856
9434	ボーダフォン	2030000	2250000	2030000	2220000	1.122
9435	光通信	2195	2220	2190	2195	48
9436	沖縄セルラー	259000	259000	249000	249000	0.016
9437	ＮＴＴドコモ	2580000	2620000	2560000	2580000	15.622
9438	ＭＴＩ	310000	315000	301000	310000	0.071
9439	ビーアイジー	300000	300000	290000	300000	0.009
9441	ベルパーク	960000	960000	960000	960000	0.001
9442	ＪＳＡＴ	939000	939000	910000	920000	0.363
9443	インテックコミュ	605	605	605	605	1
9444	トーシン	240000	240000	220000	220000	0.007
9445	フォバルテレ	269000	269000	250000	250000	0.026
9449	ＧＭＯインター	1050	1070	1010	1060	53
9470	学研	160	161	157	157	96
9471	文渓堂	0	0	0	0	0
9472	エスコム	280	280	273	273	26
9473	アスキー	615	615	601	608	10
9474	ゼンリン	1800	1800	1700	1749	31.1
9475	昭文社	1280	1280	1261	1265	20.2
9476	中央経済	355	355	355	355	1
9477	角川ＨＤ	2280	2290	2260	2290	56.1
9478	翔泳社	1600000	1600000	1580000	1590000	0.007
9479	インプレスＨＤ	410000	410000	396000	400000	0.2
9501	東電	2610	2640	2605	2630	804.3
9502	中部電	1915	1921	1905	1913	544.2
9503	関西電	1840	1845	1832	1842	865.2
9504	中国電	1600	1600	1550	1550	539.6
9505	北陸電	1520	1531	1498	1498	51.8
9506	東北電	1513	1513	1480	1486	573.3
9507	四国電	1500	1505	1490	1490	109.4
9508	九州電	1660	1663	1605	1605	893.5
9509	北海電	1475	1489	1465	1489	105.3
9511	沖縄電	1859	1860	1850	1860	2.8
9531	東ガス	331	334	327	327	4171
9532	大ガス	309	312	308	309	1822
9533	邦ガス	212	213	210	210	161
9534	北ガス	200	200	195	198	12
9535	広ガス	0	0	0	0	0
9536	西部ガス	157	157	155	155	155
9537	北陸ガ	305	305	305	305	1
9539	葉ガス	290	306	290	306	2
9540	中ガス	216	216	216	216	2
9541	大多喜ガス	0	0	0	0	0
9542	新日ガス	0	0	0	0	0
9600	アイネット	570	570	555	555	8
9601	松竹	501	507	501	501	13
9602	東宝	15950	16100	15950	16010	16.7
9603	ＨＩＳ	1780	1820	1760	1790	84.4
9604	際放映	133	135	130	135	3
9605	東映	430	435	420	420	378
9607	葵プロ	1061	1061	1060	1061	5
9608	福山コンサル	199	199	199	199	1
9609	ベンチャーリ	6550	6550	6300	6300	9.6
9610	ウィルソン	2550	2550	2550	2550	0.4
9611	Ｄワンダー	0	0	0	0	0
9612	ラックランド	2620	2620	2620	2620	0.1
9613	ＮＴＴデータ	898000	900000	885000	888000	3.725
9614	ベルシス24	46050	46200	45100	45900	2.36
9615	東京美装	410	410	408	408	26
9616	共立メンテ	2170	2170	2170	2170	1.3
9618	エームサービス	1201	1201	1201	1201	1
9619	イチネン	830	850	830	850	7.5
9620	スクウェア	3090	3200	3010	3150	84.2
9621	建設技研	573	597	570	580	1.7
9622	スペース	460	470	450	470	6.5
9623	キヤノンソフ	580	580	580	580	1
9624	長大	358	361	358	361	2.5
9625	セレスポ	155	167	155	167	10
9626	日本技開	0	0	0	0	0
9627	アインファマ	800	850	800	840	14
9628	燦ＨＤ	4550	4600	4500	4550	3
9629	ＰＣＡ	1600	1600	1600	1600	0.5
9630	アップ	0	0	0	0	0
9631	東急レク	615	620	615	620	3
9632	スバル	349	349	335	335	6
9633	テアトル	169	169	166	166	11
9634	修学社	680	680	680	680	10
9635	武蔵野	480	480	480	480	1
9636	きんえい	0	0	0	0	0
9637	オーエス	786	786	786	786	1
9638	情報技術	0	0	0	0	0
9639	三協フロンテ	295	295	290	295	9
9640	セゾン情報	691	705	691	705	5
9641	サコス	92	92	92	92	3.6
9642	コマスタ	10110	10500	10110	10500	0.3
9643	中日興	0	0	0	0	0
9644	タナベ経営	285	286	281	286	7.5
9645	ダイヤモンドコン	999	999	970	975	9.5
9646	タイトー	70900	71500	70600	70600	0.05
9647	協和コンサル	205	205	200	200	28
9648	ウエスコ	252	270	252	270	3.4
9649	明電エンジニア	584	585	576	584	6
9650	テクモ	935	950	921	921	7.8
9651	日本プロセス	505	505	490	490	6
9652	日本医療	1650	1700	1650	1700	3.2
9653	ＳＢＩパートナ	0	0	0	0	0
9654	コーエー	3510	3600	3490	3510	22
9656	三井ランド	469	470	469	470	0.6
9657	コムテック	0	0	0	0	0
9658	ビジ太田昭	0	0	0	0	0
9660	ＣＲＣソリュ	1600	1610	1600	1600	5
9661	歌舞伎	3850	3850	3850	3850	2
9663	ナガワ	525	525	525	525	3
9664	御園座	925	925	925	925	2
9665	吉本興	960	961	960	961	12
9667	ホリプロ	700	700	700	700	1
9668	相鉄企業	0	0	0	0	0
9669	オークネット	3060	3230	2980	3230	11.4
9671	よみランド	376	377	368	368	12
9672	東競馬	118	118	115	115	95
9673	甲子園土地	0	0	0	0	0
9674	花月園	181	181	181	181	2
9675	常磐興	144	144	137	137	55
9676	松戸公産	385	385	385	385	4
9677	日本ジャンボ	505	513	498	500	7.1
9678	カナモト	512	520	506	506	102
9679	ホウライ	0	0	0	0	0
9680	共成レンテム	0	0	0	0	0
9681	東京ドーム	437	440	418	420	338
9682	ＤＴＳ	6720	6750	6690	6700	21.1
9684	スク・エニ	3580	3600	3560	3560	18.4
9685	共同コンＨＤ	275	275	275	275	1
9686	東洋テック	0	0	0	0	0
9687	ＫＳＫ	0	0	0	0	0
9689	グリンハウス	1450	1520	1450	1500	5.5
9691	両毛システム	0	0	0	0	0
9692	シーイーシー	1425	1434	1400	1420	26.4
9694	日立ソフト	10400	10450	10000	10050	186.5
9695	鴨川グランド	305	305	305	305	1
9696	ウィザス	335	340	330	335	11
9697	カプコン	4010	4010	3900	3940	94.2
9698	クレオ	770	770	770	770	2
9699	西尾レント	620	621	611	616	7.7
9700	エスアールエル	985	985	960	971	10
9701	会舘	0	0	0	0	0
9702	アイエスビー	980	980	930	930	2
9703	ジェネラスコーポ	85	85	81	82	29
9704	東海観	66	66	58	62	3675
9706	日本空港ビル	970	1030	970	1012	139
9707	メデカＪ	885	885	831	831	29
9708	帝ホテル	0	0	0	0	0
9709	日コンピュタ	569	570	569	570	2
9711	日コンシス	405	405	405	405	2
9712	ファイ	290	345	289	324	476
9713	ロイヤルホ	199	199	197	197	17
9714	ＳＲＡ	1500	1510	1500	1510	6.6
9715	トランスコス	6750	6840	6690	6700	107.4
9716	乃村工芸社	0	0	0	0	0
9717	ジャステック	3500	3500	3500	3500	10.7
9718	国際観光会館	0	0	0	0	0
9719	住商情報	6500	6730	6320	6700	65.2
9720	グランド	0	0	0	0	0
9722	藤田観	533	533	525	525	12
9724	新阪急ホテル	165	165	165	165	1
9725	東急ホテル	168	168	150	166	83
9726	近ツーリスト	275	282	275	277	15
9727	東急観光	118	119	118	119	12
9728	日本管財	1271	1298	1271	1290	8.3
9729	トーカイ	0	0	0	0	0
9730	ワオコーポ	0	0	0	0	0
9731	白洋舎	330	330	325	325	9
9732	東映ラボ	206	206	205	206	5
9733	ナガセ	750	810	750	810	6
9734	精養軒	565	565	560	560	2
9735	セコム	7580	7810	7580	7700	412.5
9736	白青舎	0	0	0	0	0
9737	ＣＳＫ	1799	1799	1710	1720	192.8
9738	インテック	1541	1541	1520	1537	33
9739	ＮＳＷ	7920	7920	7800	7870	2.1
9740	ＣＳＰ	585	585	585	585	1
9741	日立情報	3990	4120	3990	4060	84.2
9742	アイネス	1350	1350	1311	1312	22.6
9743	丹青社	426	426	419	419	37
9744	メイテック	4130	4150	4030	4060	95.7
9746	ＴＫＣ	1950	1960	1950	1950	8
9747	アサツーＤＫ	3050	3090	3000	3010	93.7
9748	ＮＪＫ	485	485	480	485	11
9749	富士ソフト	7640	8160	7640	7850	122.3
9750	ソラン	1590	1590	1540	1549	31
9751	ＴＩＳ	6600	6730	6460	6720	78
9752	ナムコ	2360	2380	2350	2370	178.2
9753	ＩＸナレッジ	520	520	510	511	5
9755	応用地質	1338	1338	1290	1290	40.5
9756	ＡＳＫ	621	621	580	605	25
9757	船井研	0	0	0	0	0
9758	ジシステム	450	460	448	448	4
9759	日システムデ	11510	12000	11500	11830	52.3
9760	進学会	0	0	0	0	0
9761	東海リース	0	0	0	0	0
9762	大和リース	322	325	312	312	167
9763	丸紅リ	78	80	77	80	20
9764	技研興	215	215	187	187	6
9765	オオバ	127	127	127	127	3
9766	コナミ	8300	8360	8080	8150	260.3
9767	日建工学	0	0	0	0	0
9768	国土環境	632	632	632	632	1
9769	学究社	0	0	0	0	0
9776	札臨	0	0	0	0	0
9777	日電計算	1720	1721	1700	1700	7.6
9778	昴	0	0	0	0	0
9779	メフォス	840	840	823	823	6
9780	ビステム	0	0	0	0	0
9781	石川島汎サ	0	0	0	0	0
9782	ＤＭＳ	430	430	430	430	1
9783	ベネッセ	4200	4420	4110	4260	144.2
9784	日工検	1390	1390	1390	1390	0.5
9785	大新東	225	225	210	210	10
9786	キャッツ	3290	3330	3290	3290	296
9787	Ｊメンテ	880	890	876	888	8.3
9788	ナック	670	680	670	670	2.2
9789	栄光	420	420	420	420	21
9790	福井コン	455	500	455	500	3
9791	ビケンテクノ	0	0	0	0	0
9792	ニチイ学館	3000	3000	2900	2950	89.4
9793	ダイセキ	1860	1930	1860	1900	11.1
9794	カラカミ観光	0	0	0	0	0
9795	ステップ	675	675	675	675	6
9796	ダイテック	999	1010	999	1000	5.7
9797	大日本コン	288	288	280	288	15.8
9798	シダックス	1830	1830	1830	1830	0.3
9799	旭情報	921	921	900	900	5
9810	日鉄商	82	85	82	85	5
9811	アスティス	395	405	390	390	14
9812	テーオー	0	0	0	0	0
9813	トッキ	2850	3020	2800	2880	73
9814	アシックス商	0	0	0	0	0
9815	カテナ	1110	1110	1042	1061	65
9816	バーテックス	250	252	250	250	11
9817	ゴトー	950	950	950	950	1
9818	大丸エナ	775	775	775	775	5
9820	エムティＧ	0	0	0	0	0
9822	なが多	66	67	60	61	1227
9823	マミーマート	0	0	0	0	0
9824	泉州電	571	571	571	571	1
9825	アズウェル	407	419	403	403	65.7
9826	ＪＥＵＧＩＡ	155	155	155	155	1
9827	リリカラ	145	145	145	145	5
9828	元気寿司	1031	1031	1031	1031	1
9829	ながの東急	0	0	0	0	0
9830	トラスコ中山	1418	1450	1418	1418	4.8
9831	ヤマダ電	9000	9070	8790	9000	35.8
9832	オートバクス	2550	2550	2455	2455	58.4
9833	エルクコーポ	685	685	685	685	1
9834	リオチェン	400	400	395	395	1.6
9835	ジュンテン	0	0	0	0	0
9836	リーバイス	0	0	0	0	0
9837	モリト	513	513	513	513	3
9838	トラベラー	0	0	0	0	0
9839	ゲッツブラザーズ	520	520	520	520	2
9840	ホーマック	1090	1090	1056	1060	26.4
9841	ＢＭＢ	306	306	300	303	51
9842	アークランド	1350	1350	1310	1350	39
9844	ユーエスシー	1320	1320	1320	1320	1
9845	パーカー	0	0	0	0	0
9846	天満屋ス	0	0	0	0	0
9847	ソリスト	680	700	680	681	7
9848	トヨタカローラ岐阜	0	0	0	0	0
9849	河内屋紙	460	460	460	460	1
9850	グルメ杵屋	802	802	802	802	1
9852	中央物産	0	0	0	0	0
9853	銀座ルノア	430	430	430	430	1
9854	愛眼	819	870	809	840	15.5
9855	くろがねや	0	0	0	0	0
9856	ケーユー	716	716	700	700	6.6
9857	英和	0	0	0	0	0
9858	明光商会	1650	1650	1630	1630	3.7
9859	ユーストア	0	0	0	0	0
9860	岐阜日野	0	0	0	0	0
9861	吉野家ディー	197000	200000	196000	200000	0.526
9862	メモレックス・テレ	0	0	0	0	0
9863	靴のマルトミ	46	46	42	44	64.1
9864	ナカイ	295	305	295	305	2
9865	日商エレク	2665	2770	2650	2730	14
9867	ソレキア	405	405	405	405	1
9868	トリイ	286	286	286	286	3
9869	加藤産	620	620	620	620	2
9870	ハナテン	1810	1810	1809	1810	1.9
9871	イトーキ	0	0	0	0	0
9872	北恵	0	0	0	0	0
9873	ケンタッキー	1091	1100	1091	1095	7
9875	マツモトキヨ	3750	3780	3630	3710	139.4
9876	コックス	414	414	414	414	1
9877	マルフル	230	230	230	230	1
9878	セキド	550	550	530	550	10
9879	フタタ	160	160	160	160	1
9880	イノテック	2200	2230	2100	2180	19.1
9882	イエロハット	868	868	828	830	21.8
9883	富士エレ	1690	1710	1690	1700	8
9884	都築電産	616	616	616	616	2
9885	シャルレ	590	590	590	590	1
9887	松屋フーズ	1580	1580	1570	1579	5.7
9888	ＵＥＸ	0	0	0	0	0
9889	ＪＢＣＣ	1862	1871	1850	1865	32.5
9890	マキヤ	1110	1200	1110	1200	7
9892	卑弥呼	0	0	0	0	0
9893	ホームワイド	0	0	0	0	0
9894	アトル	0	0	0	0	0
9895	コンセック	215	220	215	218	15
9896	Ｊ建材	0	0	0	0	0
9897	ユニダックス	750	750	720	740	13
9898	サハダイヤ	117	119	116	117	270
9899	サンデサン	0	0	0	0	0
9900	サガミ	860	869	860	861	8
9901	宮	690	700	690	700	2
9902	日伝	1600	1600	1600	1600	1
9903	カンセキ	111	118	111	118	8
9904	ベリテ	211	215	210	210	7
9905	コージツ	116	116	116	116	3
9906	藤井産業	410	410	410	410	1
9907	大電社	0	0	0	0	0
9908	日本電計	500	500	495	495	3
9909	愛光電気	0	0	0	0	0
9911	真電	0	0	0	0	0
9912	ダイワボ情	1420	1426	1410	1410	24
9913	日邦産業	240	245	240	245	2
9914	植松商会	190	191	190	191	6
9915	アサヒビールＳ	0	0	0	0	0
9916	バイタルＮ	671	690	671	689	1.2
9917	マツモト電器	400	400	400	400	2
9918	ダイワラクダ	370	370	370	370	2
9919	関西スーパ	500	500	500	500	7
9920	シービーエム	0	0	0	0	0
9921	ギガス	0	0	0	0	0
9922	日立機材	520	520	520	520	1
9923	ダイトーエム	355	390	355	390	9
9924	ドミー	0	0	0	0	0
9925	北の家族	710	714	702	702	25
9926	ダイカ	310	311	310	311	7
9927	ワットマン	270	310	270	310	8
9928	ミロク情報	714	720	705	718	17
9929	平和紙業	0	0	0	0	0
9930	北沢産	230	230	230	230	1.5
9931	家族亭	0	0	0	0	0
9932	杉本商	550	550	550	550	1
9934	因幡電産	1225	1225	1182	1182	3.1
9935	あずみ	0	0	0	0	0
9936	王将フード	977	978	970	970	4
9937	セシール	915	920	890	895	18.6
9938	住金物産	93	97	92	92	133
9939	すみや	0	0	0	0	0
9941	太洋物産	180	180	180	180	1
9943	ココス	610	610	600	610	16
9944	インパクト	1030	1050	1019	1047	9.5
9945	プレナス	3900	4000	3900	4000	10.4
9946	ミニストップ	2150	2150	2120	2120	22.8
9947	シムリー	685	690	685	690	0.7
9948	アークス	680	681	675	680	11
9949	タイヨー	0	0	0	0	0
9950	ハチバン	510	510	510	510	5
9951	カーマ	523	535	520	520	5.1
9952	ドトール	7620	7700	7610	7690	15.2
9953	ダイキ	1130	1175	1121	1121	28.7
9954	東京小僧寿し	460	460	460	460	6
9955	ヨンキュウ	1790	1790	1700	1700	0.7
9956	バロー	1230	1230	1230	1230	2
9957	バイテック	1579	1620	1530	1620	3.4
9958	サリ	150	165	150	165	2
9959	アシード	630	635	630	630	1.9
9960	東テク	0	0	0	0	0
9961	エムオーテック	0	0	0	0	0
9962	駿河製機	7550	7720	7000	7710	65
9963	江守商事	0	0	0	0	0
9964	アイ・テック	840	840	840	840	1
9965	福原	0	0	0	0	0
9966	藤久	1730	1730	1700	1700	1.8
9967	堺商事	205	205	205	205	1
9968	イチヤ	470	470	390	390	149
9969	ショクブン	770	770	760	760	5
9970	東洋オフィス	395	395	394	394	2
9971	カウボーイ	535	715	530	700	207
9972	アルテック	860	860	841	841	7.4
9973	小僧本部	1180	1190	1180	1180	3
9974	ベルク	0	0	0	0	0
9975	マルヤ	3000	3000	3000	3000	2.2
9976	セキチュー	480	490	450	490	16
9977	アオキスーパ	447	447	447	447	9
9978	文教堂	536	545	536	545	9
9979	大庄	1198	1199	1190	1190	76.5
9980	マルコ	705	705	698	701	7.2
9981	ニック産業	0	0	0	0	0
9982	タキヒヨー	0	0	0	0	0
9983	ファストリ	28000	28150	27560	28120	98
9984	ソフトバンク	4960	5060	4880	4950	1833.1
9985	榮太郎	755	755	755	755	1
9986	蔵王産業	0	0	0	0	0
9987	スズケン	3600	3600	3400	3400	21.2
9988	神港魚類	0	0	0	0	0
9989	サンドラッグ	3800	3910	3800	3910	20.2
9990	東京デリカ	0	0	0	0	0
9991	ジェコス	280	281	278	278	8
9992	理研グリン	0	0	0	0	0
9993	ヤマザワ	0	0	0	0	0
9994	やまや	400	402	400	402	0.4
9995	イーストン	505	510	495	500	17
9996	サトー商会	0	0	0	0	0
9997	ベルーナ	3600	3600	3330	3330	56.8
