20001219
1001	日経２２５	14462	14462	14132	14132	56.321
1002	ＴＯＰＩＸ	1340	1340	1314	1315	56.321
1301	極洋	143	144	142	142	199
1319	日経300F	271	271	265	265	592
1331	ニチロ	207	212	207	210	848
1332	日水	179	183	178	183	462
1333	マルハ	135	137	133	133	584
1351	宝幸水産	65	65	63	63	129
1352	ホウスイ	84	84	81	81	6
1376	カネコ種	710	720	710	720	2
1377	サカタタネ	1920	1920	1880	1881	33.7
1378	雪国まいたけ	571	572	571	571	3
1379	ホクト	3860	3900	3830	3880	69.5
1380	秋川牧園	0	0	0	0	0
1381	アクシーズ	490	490	480	480	12
1491	中外鉱	161	168	142	145	5223
1501	三井鉱山	92	92	86	87	476
1503	住友炭	63	64	61	61	96
1515	日鉄鉱	243	244	235	235	78
1518	三井松島	162	162	150	150	97
1601	帝石	460	468	443	445	1193
1603	アラビア石油	840	846	770	770	1643.6
1661	ガス開	535	560	530	530	169
1701	昭和鉱	248	248	240	246	17
1702	共立マテリア	372	375	365	375	11
1735	伊田テクノス	0	0	0	0	0
1736	オーテック	290	300	290	290	10
1737	三井エンジ	326	326	325	325	2
1738	ＮＩＴＴＯＨ	315	315	315	315	2
1739	ＳＥＥＤ	305000	305000	305000	305000	0.001
1740	極東工業	0	0	0	0	0
1741	ミサワサンイ	0	0	0	0	0
1742	セコムテクノ	2400	2400	2360	2360	27
1743	コーアツ工業	468	468	468	468	2
1744	キョーエイ	529	580	529	580	7
1745	ミサワホーム東海	360	360	360	360	5
1746	光和建設	0	0	0	0	0
1748	ミサワ北日	0	0	0	0	0
1750	カナック	0	0	0	0	0
1751	日立プラサ	420	420	420	420	1
1752	富士通シス	1150	1170	1115	1160	17
1753	土屋ツバイ	0	0	0	0	0
1754	東新住建	610	610	610	610	2
1755	JFE工建	0	0	0	0	0
1756	和興エンジ	230	230	230	230	1
1757	千年の杜	220	228	220	228	5
1758	太洋基礎	440	440	440	440	2
1759	ジオトップ	0	0	0	0	0
1762	高松建設	1215	1255	1215	1255	2.5
1763	北陸ミサワ	0	0	0	0	0
1764	工藤建設	235	235	235	235	1
1765	イビデンテック	0	0	0	0	0
1766	東建コーポ	960	990	960	984	22
1767	沖ウィン	0	0	0	0	0
1768	ソネック	0	0	0	0	0
1770	藤田エンジ	450	460	440	450	13
1772	東北エンタープライズ	200	205	200	200	8
1774	機動建	0	0	0	0	0
1775	富士電Ｅ＆Ｃ	0	0	0	0	0
1776	三井住建道路	0	0	0	0	0
1777	川崎設備	347	347	347	347	1
1778	古河総設	0	0	0	0	0
1779	松本建工	390	390	380	380	24
1780	ヤマウラ	346	346	338	338	10.5
1781	国土総合	0	0	0	0	0
1782	常磐開発	219	219	219	219	13
1783	南野建設	62	62	62	62	4
1784	サワコー	25	27	25	26	125.9
1785	ナナボシ	430	430	430	430	1
1786	オリ建	377	377	365	371	6.5
1787	ナカボテック	250	250	245	245	7
1788	三東工業	0	0	0	0	0
1789	山加電業	290	300	290	300	0.9
1790	平和奥田	0	0	0	0	0
1791	三井木材	116	116	114	116	7
1792	みらい建設Ｇ	193	194	188	188	7
1793	大本組	0	0	0	0	0
1795	マサル	0	0	0	0	0
1796	トヨタウッド	230	231	230	230	5.5
1797	藤木工務店	0	0	0	0	0
1798	守谷商会	0	0	0	0	0
1799	第一建設	220	220	220	220	8
1800	利塚地下技術	220	220	220	220	5
1801	大成建	204	207	203	206	4961
1802	大林組	501	508	488	488	1492
1803	清水建	342	352	342	349	1250
1804	佐藤工業	48	48	46	48	218
1805	飛島建	47	48	46	46	216
1806	ACリアル	37	37	36	36	602
1807	渡辺組	0	0	0	0	0
1808	長谷工	37	38	34	34	5471
1809	富士工	41	42	40	40	77
1810	松井建	305	305	296	300	14
1811	銭高組	0	0	0	0	0
1812	鹿島	311	320	311	315	1720
1813	不動建	115	115	113	113	55
1814	大末建	38	40	38	38	104
1815	鉄建	100	101	97	100	192
1816	安藤建	190	190	186	186	28
1817	勝村建	116	122	116	122	7
1818	日産建設	80	82	78	78	27
1819	太平工	128	128	125	128	35
1820	西松建	389	393	385	392	695
1821	三井住友建	50	51	40	48	265
1822	大豊建	134	135	133	133	31
1823	住友建設	69	69	66	68	81
1824	前田建	415	427	412	418	89
1825	環境建設	102	104	101	101	167
1826	佐田建	115	116	111	111	10
1827	ナカノフドー建	72	72	70	71	68
1828	田辺工業	0	0	0	0	0
1829	大和建設	70	78	69	73	40
1830	共栄冷機工業	250	250	250	250	8
1831	積水ハ北陸	0	0	0	0	0
1833	奥村組	369	370	363	366	428
1834	小田急建	216	216	215	215	3.5
1835	東鉄工	205	205	201	201	9
1836	大日本土木	142	143	140	140	7
1837	間組	50	50	48	49	870
1838	古久根建設	71	71	70	70	6
1839	真柄建	134	134	131	134	20
1840	土屋ホーム	255	255	246	246	2.1
1841	サンユ	371	371	371	371	1
1842	昭和テクノ	921	921	921	921	1
1844	大盛工業	86	90	86	90	29
1845	森本組	110	110	110	110	1
1846	鈴縫工	110	110	110	110	4
1847	イチケン	93	94	91	91	15
1848	富士ＰＳ	0	0	0	0	0
1850	南海辰村建	70	72	70	72	30
1851	大木建設	236	240	230	230	96
1852	浅沼組	132	134	130	130	20
1853	森組	0	0	0	0	0
1854	新井組	98	99	98	99	35.5
1855	東急建設	67	68	65	65	208
1856	ジェイオー建設	213	213	213	213	1
1857	松村組	110	110	100	100	74
1858	井上工	90	90	83	87	100
1860	戸田建	515	529	513	527	1496
1861	熊谷組	33	33	31	31	1491
1862	横河工事	330	330	330	330	5
1863	テトラ	195	200	195	200	10
1865	青木あすなろ建	138	143	135	135	4
1866	北野建	209	209	206	206	34
1867	植木組	170	170	166	166	9
1868	三井ホーム	407	407	400	400	14
1869	名工建	0	0	0	0	0
1870	矢作建	366	373	366	373	5
1871	ピーエス三菱	341	345	337	344	10.8
1872	アゼル	202	202	200	200	105
1873	東ハウス	298	300	295	300	11
1874	佐藤秀	0	0	0	0	0
1875	青木マリン	298	298	298	298	2
1877	川田建設	0	0	0	0	0
1878	大東建	2040	2050	1982	2000	293.5
1879	新日本建	203	209	203	203	13
1880	スルガコーポ	0	0	0	0	0
1881	ＮＩＰＰＯ	500	500	486	486	90
1882	東亜道	200	205	190	190	21
1883	前田道	477	477	470	472	41
1884	日道路	160	160	155	155	45
1885	東亜建	132	132	128	128	184
1886	青木建設	32	32	31	32	416
1888	若築建	94	97	94	96	62
1889	佐伯建	111	112	110	110	19
1890	東洋建	63	64	62	63	176
1892	徳倉建	257	257	257	257	1
1893	五洋建	141	141	136	136	480
1895	大成ロテック	154	154	152	154	36
1896	大林道	253	253	250	250	11
1897	金下建	506	508	506	508	4
1898	世紀東急	76	76	76	76	7
1899	福田組	283	284	273	273	44
1900	白石	307	307	271	271	6
1902	山崎建設	0	0	0	0	0
1904	大成温調	320	320	320	320	6
1905	テノックス	0	0	0	0	0
1906	細田工務	290	290	288	288	4
1907	東北ミサワ	585	586	585	586	1.5
1908	三平建設	0	0	0	0	0
1909	日本ドライ	210	220	183	210	47.5
1910	フドウ建研	100	110	100	105	5
1911	住友林	688	695	680	685	213
1912	ミサワセラミ	394	395	394	395	7
1913	旭ホームズ	0	0	0	0	0
1914	日基技	430	430	411	411	15.6
1915	東京ミサワホーム	0	0	0	0	0
1916	日成ビルド	111	111	100	100	38
1917	ニッセキハウス	137	142	128	130	1228
1919	エスバイエル	232	235	230	230	76
1920	殖産住宅相互	62	62	60	60	191
1921	巴	172	181	169	169	10
1922	大成ユーレック	99	99	98	99	15
1923	ミサワホーム	307	307	301	301	79
1924	パナホーム	702	704	685	699	78
1925	大和ハウス	703	703	685	685	730
1926	ライト	397	397	390	390	54.1
1927	中 部	300	300	300	300	1.7
1928	積ハウス	1012	1019	1004	1008	1717
1929	日特建	148	148	142	142	25
1930	北陸電工	309	309	309	309	2
1931	日本電通	280	280	280	280	2
1932	コミュチュア	460	460	460	460	4
1933	西シス建	220	220	220	220	1
1934	ユアテック	372	372	360	360	16
1935	ＴＴＫ	228	233	228	230	31
1936	シーキューブ	269	269	260	260	12
1937	西部電工	0	0	0	0	0
1938	千歳電	0	0	0	0	0
1939	四電工	365	365	360	360	17
1940	つうけん	215	215	195	200	13
1941	中電工	1458	1458	1400	1440	43
1942	関電工	599	609	590	605	252
1943	大明	814	820	808	813	56
1944	きんでん	671	671	660	660	92
1945	東京エネシス	375	377	375	375	12
1946	トーエネク	430	430	420	420	18
1947	日本コムシス	2050	2100	2050	2075	379
1948	弘電社	0	0	0	0	0
1949	住友電設	508	517	497	502	17.7
1950	電設工	345	345	342	342	44
1951	協エクシオ	1223	1223	1180	1185	240
1952	新日空調	361	367	356	367	6.9
1953	国際電設	0	0	0	0	0
1954	日工営	215	215	209	209	57
1955	東電通	335	335	330	330	19
1956	日電設	360	368	358	358	13
1957	保安工	0	0	0	0	0
1958	三和エレック	266	266	262	263	13
1959	九電工	350	350	339	340	81
1960	サンテック	325	328	310	310	18
1961	三機工	561	570	539	539	54
1962	エルゴテック	115	115	115	115	1
1963	日揮	791	812	776	776	2553
1964	中外炉	301	306	297	300	58
1965	テクノ菱和	450	465	450	465	5.5
1966	高田工	0	0	0	0	0
1967	ヤマト	275	275	265	265	7
1968	太平電	254	254	249	251	41
1969	高砂熱	795	805	795	797	26
1970	日立プラ	276	276	270	273	35
1971	ビルト工	0	0	0	0	0
1972	三晃金	95	95	91	92	9
1973	ＮＥＣシス建	2395	2395	2265	2270	91.3
1974	宮地建設工業	285	285	250	250	139
1975	朝日工	253	258	250	250	29
1976	明星工	114	119	114	118	38
1977	ジェイコス	0	0	0	0	0
1978	アタカ	248	248	243	243	3
1979	大気社	733	740	725	725	65
1980	ダイダン	470	470	451	451	13
1981	協和日成	0	0	0	0	0
1982	日比谷設	419	419	416	416	20
1983	東芝プラ	227	228	222	222	21
1984	三信建	170	170	170	170	12
1985	大和電設	0	0	0	0	0
1986	日商インター	490	500	490	490	11.7
1987	ソルコム	0	0	0	0	0
1988	シボンド建	1570	1595	1560	1560	51.2
1989	北陸電話	0	0	0	0	0
1990	東邦建	0	0	0	0	0
1991	都築通技	0	0	0	0	0
1992	神田通機	0	0	0	0	0
1993	ニッタン	0	0	0	0	0
1994	高橋ウォール	320	335	320	335	4
1995	鈴木工務店	0	0	0	0	0
1996	三菱建設	0	0	0	0	0
1997	暁飯島工業	0	0	0	0	0
1998	日本土建	0	0	0	0	0
2001	日本粉	251	251	246	246	240
2002	日清粉	1004	1004	992	998	272
2003	日東粉	206	208	206	206	8
2004	昭和産	181	181	178	180	102
2006	東福粉	0	0	0	0	0
2007	富士粉	0	0	0	0	0
2008	増田粉	191	191	191	191	5
2009	鳥越粉	342	342	340	340	14
2051	農産工	172	172	169	170	132
2052	協同飼	110	114	110	110	113
2053	中部飼	600	600	587	587	11
2055	日和産	214	214	214	214	2
2056	日配飼	126	127	126	126	51
2057	雪印種	495	495	495	495	1
2102	台糖	231	232	230	230	28
2107	東洋糖	115	117	115	115	52
2108	甜菜糖	141	142	139	140	163
2109	三井糖	220	220	211	211	109
2111	フジ製糖	0	0	0	0	0
2112	塩水糖	255	255	253	253	9
2113	新光糖	0	0	0	0	0
2114	フジ日本精糖	0	0	0	0	0
2116	日新糖	122	123	122	122	7
2201	森永	236	237	234	234	208
2202	明菓	643	643	635	635	340
2204	中村屋	270	274	268	268	16
2205	駿河屋	0	0	0	0	0
2206	グリコ	701	709	701	701	138
2207	名糖産	1100	1100	1089	1090	14
2208	ブルボン	535	535	535	535	2
2209	井村屋	0	0	0	0	0
2211	不二家	220	220	216	217	127
2212	山パン	796	800	793	793	119
2215	一パン	229	229	225	225	25
2216	カンロ	289	289	289	289	1
2217	モロゾフ	202	202	200	200	10
2219	タカラブネ	95	99	95	96	45
2220	亀田製菓	501	501	501	501	5
2221	岩塚製菓	0	0	0	0	0
2222	寿製菓	470	470	470	470	1
2224	コモ	1490	1490	1490	1490	1
2261	明乳	534	534	510	510	320
2262	雪印	399	399	389	392	775
2264	森永乳	275	280	272	272	184
2266	六甲バタ	351	355	351	351	4
2267	ヤクルト	1304	1304	1270	1276	132
2268	サーティワン	0	0	0	0	0
2281	プリマ	114	114	108	109	133
2282	日ハム	1544	1579	1544	1572	375
2284	伊藤ハ	390	393	385	387	191
2286	林兼	122	123	121	121	53
2287	雪印食品	185	185	182	182	4
2288	丸大食	154	155	148	152	250
2289	相模ハム	611	611	611	611	2
2290	米久	1150	1154	1142	1142	22
2291	福留ハ	190	190	190	190	5
2292	ＳＦＯＯＤＳ	865	865	850	850	2
2293	滝沢ハム	800	800	800	800	4
2294	柿安本店	1200	1200	1200	1200	14
2501	サッポロＨＤ	335	337	332	332	362
2502	アサヒ	1108	1116	1095	1095	912
2503	キリン	1004	1007	999	1002	2717
2531	宝ＨＤ	2250	2250	2150	2160	550
2533	オエノンＨＤ	234	234	232	234	18
2536	メルシャン	266	266	260	262	244
2538	マルキン忠勇	145	145	140	140	21
2540	養命酒	672	701	672	700	6
2541	ニッカ	348	351	348	348	35
2571	中京コカ	891	891	870	870	30
2572	三国コカ	1265	1265	1251	1259	181
2573	北海コカ	0	0	0	0	0
2575	三笠コカ	820	820	817	820	2.8
2576	近畿コカ	1100	1120	1070	1080	21
2577	富士コカ	930	946	923	928	19
2578	四国コカ	1082	1102	1062	1062	2.1
2579	コカウエスト	2975	2975	2910	2915	76.4
2591	カルピス	479	480	472	472	29
2592	ポッカ	415	418	405	405	24
2593	伊藤園	7240	7280	6800	6800	20.8
2594	キーコーヒー	1360	1360	1310	1310	3.7
2595	キリンビバ	2240	2250	2210	2210	32
2596	キューサイ	2050	2095	2005	2005	25.3
2597	ユニカフェ	1270	1280	1270	1270	3.5
2598	アサヒ飲料	652	667	652	653	18
2599	ジャパンＦ	760	760	740	740	6
2601	ホーネンコーポ	186	186	181	182	204
2602	日清オイリオ	301	303	296	296	244
2604	吉原製油	283	284	275	280	28
2607	不二油	1010	1010	988	992	186
2608	ボーソー	128	128	128	128	3
2611	摂津油	0	0	0	0	0
2612	かどや製油	775	780	775	780	2.3
2650	橘テクトロン	701	701	700	700	16
2651	ローソン	4160	4200	4150	4190	69.5
2652	まんだらけ	226000	226000	220000	220000	0.002
2653	イオン九州	930	930	930	930	2
2654	シンワ	200	200	200	200	2
2655	マックス東北	610	610	601	601	6
2656	ベクター	0	0	0	0	0
2657	インタニクス	1740	1740	1620	1700	7
2658	ウライ	225	230	225	230	15
2659	サンエー	1860	1870	1840	1850	15
2660	キリン堂	540	540	535	535	3
2661	キンレイ	580	580	580	580	2
2662	ダイユエイト	431	431	431	431	3
2663	伊藤伊	0	0	0	0	0
2664	カワチ薬品	6700	6720	6650	6700	2
2665	ネクストコム	7900000	7900000	7450000	7450000	0.009
2666	オートウェブ	1100	1240	1100	1240	3
2667	イメージワン	950000	960000	950000	960000	0.002
2668	ダン	855	855	850	850	5
2669	カネ美食品	3500	3500	3400	3400	21
2670	ＡＢＣマート	3090	3090	2910	2960	20
2671	エフディシィ	531	531	523	523	6
2672	アクティ２１	523000	523000	523000	523000	0.007
2673	ステイラー	455	455	445	445	10
2674	ハードオフ	1000	1000	1000	1000	3
2675	ダイナック	515	516	515	516	2
2676	高千穂交易	1540	1550	1390	1390	41
2678	アスクル	6710	6800	6600	6650	32
2680	日本オプティ	430	430	420	420	31
2681	ゲオ	600000	610000	591000	610000	0.009
2682	ジューテック	0	0	0	0	0
2683	魚喜	761	779	760	760	8
2684	プライム	1840000	1840000	1730000	1770000	0.023
2685	ポイント	690	700	670	670	65
2688	レックスＨＤ	2200000	2200000	2140000	2200000	0.298
2801	キッコマン	861	867	854	855	281
2802	味の素	1394	1395	1376	1376	1810
2804	ブルドック	0	0	0	0	0
2805	エスビー	0	0	0	0	0
2806	ユタカフーズ	810	810	810	810	1
2808	サンビシ	245	245	245	245	5
2809	キユーピー	945	946	926	926	141
2810	ハウス食品	1421	1450	1415	1421	100
2811	カゴメ	941	949	937	937	31
2812	焼津水化	1800	1810	1800	1800	20.5
2813	和弘食品	116	116	113	113	25
2814	佐藤食品	0	0	0	0	0
2815	アリアケ	6650	6650	6360	6440	8.7
2816	ダイショー	0	0	0	0	0
2817	ギャバン	0	0	0	0	0
2830	アヲハタ	0	0	0	0	0
2831	はごろも	990	990	990	990	1
2871	ニチレイ	488	490	475	480	473
2872	セイヒョー	0	0	0	0	0
2873	加ト吉	2945	2975	2935	2975	202.6
2874	ヨコレイ	585	605	585	605	8
2875	東洋水	810	811	803	803	51
2876	ＪＣコムサ	0	0	0	0	0
2877	日東ベスト	0	0	0	0	0
2878	赤城水産	360	360	350	355	8
2879	ニチロサンフズ	0	0	0	0	0
2891	酵母工	417	417	410	410	18
2892	日食品	0	0	0	0	0
2893	ローマイヤ	101	102	101	101	7
2894	石井食	253	253	250	250	2
2897	日清食	2750	2760	2710	2715	381.4
2898	ソントン	865	870	850	850	6
2899	永谷園	804	804	800	800	9
2900	明星食	222	222	221	221	6
2901	石垣食	0	0	0	0	0
2902	太陽化	521	521	520	520	3
2903	シノブフズ	150	150	150	150	2
2904	一正蒲鉾	0	0	0	0	0
2905	オーケー食	120	120	120	120	1
2906	ホッコク	301	301	300	300	4
2907	あじかん	0	0	0	0	0
2908	フジッコ	1365	1365	1339	1339	10
2909	トオカツフズ	265	265	265	265	4
2910	Ｒフィールド	5090	5090	4950	4950	3.6
2911	旭松食品	694	694	694	694	1
2912	鐘崎	240	240	226	226	5
2913	フジフーズ	250	250	230	230	19
2914	ＪＴ	823000	823000	800000	805000	2.682
2915	ケンコーマヨ	450	489	450	489	3
2916	仙波糖化	0	0	0	0	0
2917	大森屋	689	690	689	690	9
2918	わらべ日洋	980	980	980	980	1
2920	ケイビー	633	660	595	595	14
2921	フクシマフズ	0	0	0	0	0
2922	なとり	0	0	0	0	0
3001	片倉	490	490	476	476	10
3002	グンゼ	405	405	392	399	1131
3003	昭栄	979	990	970	990	9
3004	神栄	155	155	148	148	19
3007	神戸生絲	40	40	38	39	31
3009	川島織	130	131	128	129	59
3010	上毛	168	169	166	166	36
3011	バナーズ	0	0	0	0	0
3101	東洋紡	206	208	201	201	1261
3102	カネボウ	294	294	281	281	388
3103	ユニチカ	79	80	77	78	775
3104	富士紡Ｈ	55	56	53	54	109
3105	日清紡	520	521	515	515	300
3106	クラボウ	168	169	163	165	972
3107	ダイワボウ	99	100	96	96	139
3109	シキボウ	66	67	65	65	58
3110	日東紡	147	147	140	140	461
3111	オーミケン	62	69	62	69	11
3113	ＢＳＬ	85	85	78	80	111
3114	同興紡	115	115	111	115	14
3115	テザック	47	48	46	47	90
3116	トヨタ紡織	675	677	660	660	27
3117	興和紡	292	292	292	292	3
3121	アセットイン	63	63	53	58	10
3123	サイボー	0	0	0	0	0
3125	内外綿	0	0	0	0	0
3128	テラボウ	0	0	0	0	0
3129	ファブリカＴ	121	121	119	119	2
3201	日毛	375	375	373	374	121
3202	大東紡	80	83	78	78	27
3203	東亜紡織	57	59	57	59	78
3205	ダイドー	257	261	255	255	26
3206	南海毛糸紡績	71	71	69	69	15
3207	中央毛	157	158	155	155	16
3209	カネヨウ	100	100	100	100	7
3211	太陽毛絲紡	60	64	60	64	7
3216	御幸ＨＤ	403	403	400	400	3
3302	帝繊維	172	172	165	167	83
3304	トスコ	0	0	0	0	0
3306	日本麻	42	42	41	41	5
3401	帝人	560	560	550	554	2563
3402	東レ	426	435	424	428	1712
3403	東邦テナ	91	93	91	91	88
3404	三菱レ	349	351	342	342	1423
3405	クラレ	985	985	967	969	449
3407	旭化成	674	674	654	654	1359
3408	サカイオーベ	87	87	82	82	67
3409	北日紡	87	87	82	82	10
3411	オートリ	92	92	91	91	2
3420	ケーエフシー	0	0	0	0	0
3421	稲葉製作	1490	1490	1460	1460	2.4
3422	丸順	0	0	0	0	0
3423	エスイー	400	430	400	430	4
3424	ミヤコ	360	360	345	350	4
3425	本郷	600	605	590	590	14
3426	アトムリビン	415	415	415	415	1
3428	サンポット	286	286	270	270	18
3501	住江織	123	123	120	120	13
3503	東和織	0	0	0	0	0
3512	フエルト	338	339	338	339	6
3513	イチカワ	240	240	236	236	24
3514	バイリーン	251	252	243	243	28
3515	フジコー	419	419	419	419	1
3521	エコナック	100	108	100	104	143
3524	日東網	75	76	75	75	11
3526	芦森工	190	191	190	190	42
3528	グローベルス	127	127	123	123	55
3529	アツギ	75	77	75	75	173
3532	堀田産	52	52	49	49	23
3533	ダイオ化成	0	0	0	0	0
3534	ＮＢＣ	920	930	920	930	3
3551	ダイニック	148	148	146	146	40
3552	洋クロス	228	228	221	222	10
3553	共和レ	462	467	462	462	3
3569	セーレン	309	309	297	297	70
3570	オリカキャピ	145	145	145	145	7
3571	ソトー	457	460	457	460	6
3572	大同マルタ	0	0	0	0	0
3576	カンボウ	0	0	0	0	0
3577	東海染	105	105	101	101	23
3578	倉庫精	86	86	86	86	1
3580	小松精	265	265	261	261	20
3581	岐セン	0	0	0	0	0
3583	オーベクス	0	0	0	0	0
3584	福助	122	135	122	129	46
3585	トムスエンタ	275	284	262	263	115
3587	ＩＢダイワ	60	60	50	50	765
3588	丸山工	0	0	0	0	0
3591	ワコール	968	968	960	960	97
3592	ＣＨＯＹＡ	0	0	0	0	0
3593	ホギメデ	6890	6890	6610	6640	20.4
3594	モリシタ	0	0	0	0	0
3595	ヤギコーポ	0	0	0	0	0
3596	ワールド	4500	4500	4370	4390	171
3597	自重堂	0	0	0	0	0
3598	山喜	0	0	0	0	0
3599	コーコス	405	405	405	405	1
3600	フジックス	0	0	0	0	0
3601	ニチメンイン	1149	1150	1130	1130	4.3
3602	イタリヤード	103	103	103	103	1
3603	チャッコット	460	460	460	460	1
3706	東海パ	391	395	391	391	10
3861	王子紙	598	608	598	601	1776
3863	日本製紙	640	662	636	646	1998
3864	三菱紙	226	229	223	223	449
3865	北越紙	804	805	797	798	504
3868	高崎三興	79	81	77	77	110
3869	日本板紙	200	201	195	195	32
3870	日本加工製紙	66	66	60	60	131
3871	大昭和紙	370	384	370	381	211
3872	三島紙	140	141	140	141	5
3877	中越パ	250	250	247	248	111
3878	巴川紙	382	382	361	370	109
3880	大王紙	910	911	890	890	47
3881	特種紙	407	408	405	405	49
3882	紀州紙	164	165	161	164	18
3886	チューエツ	0	0	0	0	0
3887	中央板紙	98	98	93	93	15
3889	大平製紙	69	69	69	69	2
3890	ゼネＫＫ	560	561	520	520	136
3891	高度紙	1430	1430	1400	1400	4
3892	岡山製紙	305	305	291	292	63
3941	レンゴー	435	435	422	422	338
3944	古林紙	0	0	0	0	0
3945	スパバッグ	176	179	173	173	13
3946	トーモク	205	205	197	200	64
3947	ダイナパック	475	475	475	475	2
3948	光ビジネス	480	485	480	485	3
3949	日本ハイパック	223	223	223	223	1
3950	ザ・パック	710	780	710	780	2.5
3951	朝日印刷	0	0	0	0	0
3952	中央紙器	314	314	314	314	4
3953	大村紙業	405	405	405	405	1
3954	昭和パックス	0	0	0	0	0
3955	イムラ封筒	691	701	691	701	2
3971	東セロ	275	275	275	275	8
4003	コープケミ	83	85	82	83	10
4004	昭電工	137	137	130	131	1296
4005	住友化学	535	541	530	532	2763
4007	日化成	136	144	136	140	99
4008	住友精化	248	249	241	241	30
4010	三菱化学	303	304	291	292	4132
4021	日産化	906	906	895	900	553
4022	ラサ工	253	253	246	246	93
4023	呉羽化	292	293	286	286	238
4025	多木化	335	335	328	328	12
4026	神島化	0	0	0	0	0
4027	テイカ	247	249	245	249	26
4028	石原産	189	192	183	183	1955
4031	チッカリン	345	345	340	340	3
4032	日東バイオン	147	148	147	148	2
4033	日東エフシー	395	395	395	395	2
4041	日曹達	309	309	300	300	319
4042	東ソー	333	334	322	324	1288
4043	トクヤマ	464	464	441	445	512
4044	セ硝子	549	549	527	529	341
4045	東合成	212	212	206	206	451
4046	ダイソー	185	189	183	186	73
4047	関電化	0	0	0	0	0
4050	鶴見曹達	425	425	415	415	6
4061	電化	401	404	390	390	768
4062	イビデン	1780	1790	1730	1732	424
4063	信越化	4560	4560	4290	4290	1326
4064	カーバイド	103	103	100	100	125
4065	紀文フ	0	0	0	0	0
4077	富士チタン工業	541	544	518	530	17
4078	堺化学	760	770	710	713	262
4079	ハクスイテック	750	770	750	770	1.5
4080	田中化研	2200	2200	2190	2190	2
4086	日本エア・リキード	581	594	581	591	58
4088	エアウォータ	407	410	395	395	203
4089	大阪酸素工業	243	243	239	242	21
4091	大陽日酸	455	455	438	438	601
4092	日本化	423	425	400	402	347
4093	アセチレン	80	80	76	76	10
4094	日化産	330	355	323	326	168
4095	パーカライ	342	343	335	343	30
4096	昭炭酸	270	278	270	277	5
4097	高圧ガス	326	330	322	322	63
4098	チタン	150	164	145	145	18
4099	四国化	380	391	380	391	32
4100	戸田工	500	505	487	505	19
4101	日興酸素	0	0	0	0	0
4102	丸尾カル	201	201	201	201	6
4103	大陽東洋酸素	222	222	211	211	195
4104	タテホ	200	202	190	190	15
4105	メルテックス	760	760	760	760	4
4106	ケムキャット	1200	1200	1170	1200	3
4107	伊勢化	375	375	356	360	11
4109	ステラケミ	5000	5070	4950	5000	10.2
4112	保土谷	163	166	160	161	48
4113	田岡化	0	0	0	0	0
4114	日触媒	463	467	458	458	440
4115	本州化	0	0	0	0	0
4116	大日精	339	339	334	334	28
4117	川崎化	123	123	115	120	9
4118	カネカ	1000	1000	957	965	628
4119	ピグメント	240	240	233	233	21
4120	スガイ	231	231	230	230	2
4123	山化成	635	635	620	620	6
4151	協発酵	793	794	750	757	1047
4182	菱ガス化	368	368	347	348	886
4183	三井化学	557	564	551	551	2998
4185	ＪＳＲ	755	755	710	715	311
4186	東応化	1770	1771	1721	1723	81.1
4187	大有機	0	0	0	0	0
4201	日合成	143	143	140	141	126
4202	ダイセル	330	332	323	326	556
4203	住友ベ	1170	1170	1076	1076	823
4204	積水化	329	329	319	319	583
4205	ゼオン	450	451	411	425	439
4206	アイカ	664	664	644	644	78
4208	宇部興	246	248	240	242	1010
4209	フドー	83	83	83	83	4
4210	東洋化学	402	402	392	392	94
4212	積水樹	362	362	355	355	23
4213	菱樹脂	209	209	201	201	414
4214	高分子	323	323	305	315	57
4215	タキロン	359	362	353	360	64
4216	旭有機	315	315	305	306	67
4217	日立化	2785	2790	2630	2785	103.5
4218	ニチバン	330	330	316	320	32
4219	プラス・テク	84	84	84	84	2
4220	リケンテクノ	320	320	310	310	57
4221	大倉工	367	367	362	363	82
4222	児玉化	58	59	58	59	5
4224	ロンシール	70	70	69	69	11
4225	筒中	295	301	295	295	19
4226	テスコ	0	0	0	0	0
4227	郡是高分子	0	0	0	0	0
4228	積化成	190	191	186	186	98
4229	群栄化	158	159	154	154	48
4231	タイガポリ	0	0	0	0	0
4232	東芝ケミカル	315	315	295	300	22
4233	ワコー	0	0	0	0	0
4234	サンエー化研	750	750	700	749	3
4271	カーリット	780	780	750	769	5
4272	日化薬	728	728	700	703	449
4274	細火工	0	0	0	0	0
4361	川口化	0	0	0	0	0
4362	日精化	413	418	410	410	13
4363	新日鐵化学	207	207	192	193	283
4364	マナック	390	390	390	390	1
4365	松本油脂	1710	1710	1710	1710	2
4366	ダイトーケミ	0	0	0	0	0
4367	広栄化学	250	250	250	250	1
4401	旭電化	804	805	790	791	129
4403	日油脂	244	245	242	242	196
4404	ミヨシ	223	224	217	217	79
4406	日理化	618	618	581	590	22
4409	東邦化	172	172	171	171	3
4410	ハリマ化成	465	475	430	455	45
4452	花王	3150	3150	3120	3120	975
4461	一工薬	281	287	278	279	42
4462	石原薬品	920	920	920	920	2
4463	日華化学	381	381	381	381	5
4471	三洋化	850	865	830	843	66
4501	三共	2430	2430	2395	2420	783
4502	武田	6710	6780	6610	6610	1159
4503	アステラス薬	4770	4770	4660	4730	818
4505	第一製薬	3170	3170	3050	3050	393
4506	大日薬	1874	1888	1810	1812	749
4507	塩野義	2235	2235	2200	2200	710
4508	田辺薬	920	928	885	893	644
4509	三菱ウェルファーマ	900	900	875	882	242
4511	藤沢薬品	3430	3450	3380	3390	708
4512	わかもと	430	430	425	425	8
4514	帝臓器	706	723	705	705	15
4515	萬有製薬	2485	2500	2450	2470	554
4516	日新薬	987	990	965	965	23
4517	ビオフェル	905	910	905	905	8.5
4518	富山化	445	445	430	430	423
4519	中外薬	1900	1900	1885	1886	506
4520	和光堂	3050	3050	3050	3050	0.1
4521	科研薬	625	625	600	604	136
4523	エーザイ	3660	3660	3510	3520	560
4524	仁丹	1750	1750	1665	1690	42
4526	理ビタ	1310	1310	1285	1285	16
4527	ロート	1485	1485	1403	1403	40
4528	小野薬	4500	4540	4470	4500	236
4529	日研化	340	340	335	335	27
4530	久光薬	1796	1817	1795	1800	101
4531	有機薬	304	309	304	304	3
4534	持田薬	732	734	681	681	182
4535	大正薬	2880	2925	2870	2900	273
4536	参天薬	2250	2360	2240	2360	317
4537	エスエス	973	975	925	925	64
4538	扶桑薬	508	520	501	501	67
4539	ケミファ	241	241	235	235	27
4540	ツムラ	336	337	327	327	27
4541	日医工	150	150	147	147	24
4542	三笠薬	0	0	0	0	0
4543	テルモ	2500	2545	2450	2450	806.6
4544	みらかＨＤ	602	602	580	580	101
4545	国際試薬	365	365	346	355	19
4546	北陸製薬	1834	1855	1732	1732	284
4547	キッセイ	2350	2365	2340	2355	280
4548	生化学	900	900	881	890	16
4549	栄研化	1400	1400	1340	1352	49
4550	日水薬	630	630	607	607	3
4551	鳥居薬	2510	2515	2500	2500	14.5
4552	日本ケミカル	720	720	701	720	12
4553	東和薬品	1000	1030	1000	1010	23
4554	富士製薬	321	321	320	321	9
4555	沢井製薬	1310	1310	1310	1310	0.5
4556	カイノス	505	520	505	510	16
4557	医学生物	995	1000	870	895	149
4558	中京医薬	900	900	900	900	0.5
4559	ゼリア新薬	1060	1096	1060	1096	5
4560	キョーリン薬	3890	4130	3890	4100	307
4561	デンカ生研	1820	1820	1820	1820	4
4611	大日塗	163	163	158	159	36
4612	日本ペ	346	346	322	323	525
4613	関西ペ	350	350	336	336	260
4614	トウペ	128	128	125	125	6
4615	神東塗	0	0	0	0	0
4616	川上塗	109	109	109	109	16
4617	中国塗	212	212	210	210	54
4619	日特塗	252	261	252	252	18
4620	藤倉化	375	375	360	360	71
4621	ロック	775	775	775	775	1
4622	ユニペイン	0	0	0	0	0
4623	アサヒペン	240	240	236	236	17
4624	イサム	0	0	0	0	0
4625	アトミクス	0	0	0	0	0
4626	太陽インキ	4390	4390	3900	3900	7.6
4627	ナトコ	685	690	680	685	7
4628	エスケー化研	2050	2050	2050	2050	2
4629	大伸化学	0	0	0	0	0
4631	インキ	357	358	340	344	859
4633	サカタＩＮＸ	308	316	305	316	94
4634	洋インキ	312	321	295	296	3713
4635	東インキ	251	251	241	241	4
4636	Ｔ＆Ｋ	2950	2950	2940	2940	1.7
4640	アンドール	285	285	285	285	3
4641	アルプス技	1500	1500	1500	1500	1
4642	オリジナル設	850	850	850	850	1
4643	コナミスポ	6800	6850	6670	6700	25.9
4644	イマジニア	980	1010	960	970	7.4
4645	市進	0	0	0	0	0
4646	ジャスフォート	875	880	830	830	1.1
4649	大成	0	0	0	0	0
4650	スガイエンタ	500	500	500	500	0.5
4651	サニックス	5100	5100	4700	4710	53
4652	ウッドランド	1020	1040	1020	1030	8.1
4653	ダイオーズ	689	689	688	688	3
4654	ニチゾウテク	310	310	310	310	5
4655	ＮＯＶＡ	605	605	590	595	11
4656	サン・ライフ	2950	2950	2950	2950	0.8
4657	環境管理	0	0	0	0	0
4658	日本空調	0	0	0	0	0
4659	エイジス	0	0	0	0	0
4660	ニッポン放送	4750	4750	4500	4500	28
4661	ＯＬＣ	7570	7570	7200	7240	112.2
4662	フォーカス	1450	1450	1360	1380	25.3
4663	ＡＴＬ	460000	460000	400000	420000	0.021
4664	ＲＳＣ	290	290	290	290	1
4666	パーク２４	9340	9400	9150	9400	8.6
4667	アイサンテク	135	135	130	130	2
4668	明光ネット	0	0	0	0	0
4669	ニッパンＲ	290	290	290	290	3
4670	セタ	0	0	0	0	0
4671	ファルコバ	1550	1550	1500	1500	7
4672	ベルックス	0	0	0	0	0
4673	川崎地質	0	0	0	0	0
4674	クレスコ	6680	6680	6150	6250	3.1
4675	エヌエス環境	600	600	600	600	1
4676	フジテレビ	960000	961000	870000	910000	3.485
4678	秀英	870	871	861	871	2
4679	田谷	2600	2600	2600	2600	1.3
4680	ラウンドワン	130000	130000	123000	123000	0.367
4681	リゾートトラ	3000	3040	2950	3020	16.7
4682	電通テック	7800	7800	7790	7790	1.6
4683	堀内カラー	0	0	0	0	0
4684	オービック	32900	32900	30000	30000	7.3
4685	菱友システム	600	600	600	600	1
4686	ジャスト	3200	3200	3010	3100	9.2
4687	ＴＤＣソフト	2500	2500	2500	2500	0.7
4688	日本ドレーク	4210	4500	4200	4200	7.3
4689	ヤフー	6750000	6750000	6400000	6470000	0.206
4690	日パレット	270	270	270	270	3
4692	アルゴ２１	2500	2570	2480	2500	29.7
4694	ＢＭＬ	2580	2600	2510	2550	12.4
4695	マイスター	0	0	0	0	0
4696	ワタベ	980	980	980	980	1
4697	ゼロ	123000	123000	117000	120000	0.058
4699	ウチダエスコ	347	347	347	347	2
4700	アクセス	2260000	2260000	2060000	2060000	0.015
4701	プレック研	0	0	0	0	0
4702	55ステーション	465	465	465	465	1
4703	住商オート	830	850	825	840	18.6
4704	トレンド	11560	11560	10500	10890	139
4705	クリップ	200	200	200	200	1
4706	富士通サポート	10300	10600	9050	9600	205.3
4707	キタック	0	0	0	0	0
4708	もしもしＨＬ	10500	10500	10000	10000	6.3
4709	ＩＤ	900	900	900	900	0.1
4710	ウィン	245	245	245	245	1
4711	コミュニティ	1154	1154	1106	1106	2
4712	アドアーズ	418	450	407	415	100
4713	日信電サ	0	0	0	0	0
4714	リソー教育	173000	173000	173000	173000	0.002
4715	クリエイティブ	0	0	0	0	0
4716	日本オラクル	22800	22800	21530	21950	111.7
4717	ソデッソジャパン	0	0	0	0	0
4718	早稲アカ	275	280	275	275	25
4719	アルファシス	14100	14100	13550	13600	19.8
4720	城南進研	445	445	445	445	5
4721	フジスタッフ	1160	1190	1100	1110	17.8
4722	フューチャー	810000	830000	798000	798000	0.011
4723	グッドウィル	124000	125000	115000	115000	0.225
4724	シチエ	910	910	840	860	5.9
4725	ＣＡＣ	4100	4150	4010	4100	8.8
4726	ソフトバンテク	4400	4490	4350	4350	6
4727	アジアＳ総研	1300	1300	1220	1220	1.7
4728	トーセ	3650	3650	3210	3220	3.4
4729	コナミスタジオ	260000	260000	257000	257000	0.012
4730	関西メンテ	448	448	445	445	6
4731	ユニバホーム	0	0	0	0	0
4732	ＵＳＳ	2600	2620	2570	2595	120.8
4733	ＯＢＣ	9800	9800	9500	9500	11.2
4734	ビーイング	530	530	530	530	1
4735	京進	0	0	0	0	0
4736	日本ラッド	0	0	0	0	0
4737	シダックス	750	750	741	750	14.5
4738	日立ビジネス	1150	1150	1090	1130	10.5
4739	ＣＴＣ	23290	23510	21770	21770	135.8
4740	ニューディル	151000	151000	140000	140000	0.439
4741	ＩＲＩ	1950000	1950000	1730000	1800000	0.029
4742	エイトコン	750000	750000	750000	750000	0.001
4743	アイティフォ	2870	2870	2700	2750	8.1
4744	メッツ	310000	310000	300000	300000	0.012
4745	東京個別	0	0	0	0	0
4746	東計電算	1001	1010	1001	1010	14
4747	Ｃフィッシュ	0	0	0	0	0
4748	構造計画	860	860	800	800	6.6
4749	アドバックス	193	193	173	173	12
4750	ダイサン	237	268	237	268	2
4751	サイバエージ	402000	410000	402000	405000	0.012
4752	昭和システム	0	0	0	0	0
4753	ライブドア	840000	840000	780000	780000	0.017
4754	トスネット	0	0	0	0	0
4755	楽天	870000	880000	795000	810000	0.291
4756	ＣＣＣ	1700	1700	1603	1603	3
4757	インテリ	680000	710000	550000	560000	0.134
4758	シーアイエス	0	0	0	0	0
4759	ライブＭ	0	0	0	0	0
4760	ＡＬＰＨＡ	575	575	570	570	2
4761	さくらＫＣＳ	0	0	0	0	0
4762	エクスネット	2500000	2500000	2500000	2500000	0.003
4763	クリークリバ	1550000	1700000	1550000	1700000	0.003
4764	Ｄデザイン	0	0	0	0	0
4765	モーニングＳ	2510000	2510000	2510000	2510000	0.001
4766	ピーエイ	0	0	0	0	0
4767	ＴＯＷ	1140	1150	1130	1150	24
4768	大塚商会	2750	2750	2550	2620	28
4769	インフォクリ	520	530	510	510	12
4770	エルミック	0	0	0	0	0
4771	Ｆ＆Ｍ	2500000	2500000	2450000	2450000	0.002
4772	デジタルアド	2750	2800	2700	2700	17
4773	Ａ＆Ｉ	0	0	0	0	0
4774	NECソフト	10700	10700	10000	10000	42.6
4775	総合メディカ	2650	2650	2480	2500	14.8
4776	ＣＹＢＯＺＵ	0	0	0	0	0
4777	ガーラ	750000	750000	700000	700000	0.011
4778	ヒューマネジ	600000	600000	570000	570000	0.014
4779	ソフトブレン	314000	335000	300000	300000	0.13
4780	コナミ東京	1200	1200	1200	1200	4
4781	日本ハウズ	520	520	510	510	8
4782	オリコンサル	260	260	255	260	9
4783	日ダイナミク	601	601	600	600	4
4784	まぐクリック	770000	770000	740000	750000	0.01
4785	Ｓサイエンス	500	500	500	500	6
4786	ディジット	650000	660000	640000	660000	0.013
4787	ＮＣＧ	539000	539000	505000	505000	0.029
4788	サイバＣＯＭ	490000	490000	432000	443000	0.049
4789	エスイーラボ	600	600	600	600	1
4790	グレース	250000	250000	250000	250000	0.001
4791	ドリーム・トレイン	448000	450000	430000	430000	0.007
4792	ＴＦＰコンサ	455000	455000	455000	455000	0.001
4793	富士通ＢＳＣ	3450	3450	3100	3240	33.3
4794	デザインＥＸ	238000	238000	226000	230000	0.008
4795	スカパー	162000	166000	159000	163000	1.792
4797	アイシーエフ	154000	156000	150000	155000	0.013
4798	日本ＬＣＡ	562	571	521	521	18
4800	オリコン	810000	810000	790000	800000	0.008
4801	セントラルＳ	1140	1140	1060	1110	14
4812	電通国際情報	9400	9400	9070	9180	65.6
4814	ネクストウェ	546000	546000	490000	490000	0.012
4815	ジャパンＤＣ	278000	278000	270000	270000	0.005
4816	東映アニメ	3150	3160	3100	3130	45
4818	サイトデザイン	257000	275000	257000	275000	0.009
4819	デジタルガレ	1500000	1550000	1470000	1530000	0.183
4820	イーエムシス	1010	1030	920	990	27
4821	ウェブゲノム	680000	750000	680000	734000	1.119
4901	富士写	4480	4510	4440	4440	1421
4902	コニカＨＤ	950	952	894	901	884
4911	資生堂	1316	1323	1303	1308	626
4912	ライオン	420	420	414	414	296
4913	サンスター	327	329	325	328	12
4914	高砂香	418	420	410	410	144
4915	エイボンＪ	0	0	0	0	0
4916	ノエビア	1070	1070	1070	1070	5
4917	マンダム	1020	1030	1000	1010	92.2
4918	アイビー	389	389	389	389	2
4919	ミルボン	5350	5350	5200	5200	6.7
4920	日本色材	405	405	405	405	2
4921	ファンケル	3390	3430	3290	3300	71.1
4922	コーセー	3990	4030	3900	4000	47.5
4951	エステー化	660	660	631	631	8
4953	タイホー工業	880	910	845	855	80
4954	マークテック	330	340	330	340	5
4955	アグロカネシ	700	730	700	729	5
4956	コニシ	940	950	930	950	4.8
4957	ヤスハラケミ	860	860	860	860	1
4958	長谷川香料	1829	1829	1800	1823	11.1
4959	シーシーアイ	520	520	515	515	2
4960	ケミプロ	405	405	320	320	51
4961	日油技研	705	705	705	705	4
4963	星光ＰＭＣ	505	505	505	505	1
4964	星光化学工業	315	315	315	315	0.1
4965	曽田香料	0	0	0	0	0
4966	上村工	1920	1920	1900	1900	10
4967	小林製薬	6090	6140	6040	6080	23.3
4968	荒川化工	0	0	0	0	0
4970	東洋合成	865	870	840	850	9
4987	寺岡製	705	705	700	700	15
4989	イハラケミ	185	188	183	188	24
4990	昭和化	0	0	0	0	0
4992	北興化	343	343	333	333	15
4996	クミアイ化	166	169	163	163	53
4997	日農薬	213	213	204	206	47
4998	フマキラ	165	165	164	164	12
4999	セメダイン	0	0	0	0	0
5001	新日本石油	566	566	540	540	1190
5002	昭和シェル	496	497	470	470	440
5006	興亜石油	260	261	256	256	104
5007	コスモ石	221	222	203	203	624
5008	東亜石	111	113	110	110	64
5009	富士興	72	72	66	66	249
5010	日精蝋	86	86	85	85	2
5011	ニチレキ	435	435	431	431	8
5012	東燃ゼネ石	648	650	625	626	772
5013	ユシロ	536	550	535	537	15
5014	ジャパンエナジー	209	209	182	184	23943
5015	ＢＰカスト	606	606	605	605	1.2
5101	浜ゴム	220	222	215	216	665
5102	大機エンジ	0	0	0	0	0
5103	昭ゴム	164	188	135	136	3168
5104	日東化工	101	102	100	102	27
5105	洋ゴム	139	139	134	134	155
5106	オーツタイヤ	194	197	187	191	94
5108	ブリヂストン	1137	1148	1120	1123	1760
5110	住友ゴ	480	486	475	475	252
5121	藤ゴム	181	182	180	180	32
5122	オカモト	250	250	241	242	60
5123	ミサワ東洋	111	111	101	101	6
5142	アキレス	153	153	147	151	118
5143	世界長	88	88	80	85	93
5161	西川ゴム	620	620	620	620	1
5162	朝日ラバー	1050	1050	1040	1040	1
5184	ニチリン	0	0	0	0	0
5185	フコク	515	515	505	505	10.5
5186	ニッタ	1280	1282	1200	1200	30.3
5187	クリエート	500	510	495	495	10
5188	帝都ゴム	0	0	0	0	0
5189	桜ゴム	268	268	230	250	18
5191	東海ゴ	1281	1281	1239	1242	33
5192	三星ベ	278	278	268	270	85
5193	平成ポリマー	91	91	90	90	7
5194	相模ゴ	450	450	450	450	2
5195	バンドー	201	201	198	199	84
5196	鬼ゴム	79	79	78	78	24
5199	不二ラテ	160	160	160	160	8
5201	旭硝子	915	930	904	909	3588
5202	板硝子	1680	1681	1650	1655	2656
5204	石塚硝	200	200	195	195	7
5205	日本無機	400	400	385	385	7
5208	有沢製	3190	3190	3100	3100	9.5
5210	日山村硝	168	168	164	165	224
5212	不二硝	0	0	0	0	0
5213	芝セラミ	659	659	627	630	232
5214	日電硝	2210	2240	2135	2135	482
5215	旭テクノグラス	1049	1089	1040	1040	4
5216	倉元	1770	1770	1680	1680	15.1
5217	テクノクオツ	1300	1300	1260	1260	3
5232	住友大阪	434	437	416	416	733
5233	太平洋セメ	179	185	178	178	1465
5234	デイ・シイ	155	155	152	152	5
5237	ノザワ	82	82	82	82	2
5261	ミサワリゾ	231	231	225	225	13
5262	日ヒューム	205	206	202	202	27
5266	テイヒュー	154	154	154	154	1
5267	ハネックス	100	100	100	100	2
5268	旭コン	281	284	281	283	9
5269	日コン	96	99	96	96	10
5271	トヨアサノ	0	0	0	0	0
5273	三谷セキ	0	0	0	0	0
5274	ゼニパイプ	0	0	0	0	0
5276	石建工	0	0	0	0	0
5277	スパンクリト	305	305	305	305	1
5278	エバタ	123	123	123	123	3
5279	日本興業	218	220	218	220	6
5280	ヨシコン	0	0	0	0	0
5281	旭ダンケ	0	0	0	0	0
5282	ジオスター	0	0	0	0	0
5283	高見沢	181	181	180	180	4
5284	ヤマウ	0	0	0	0	0
5285	ヤマックス	240	245	240	245	2
5286	武井工業	210	210	210	210	1
5287	イトヨーギョ	610	610	600	600	2
5301	東海カ	245	245	236	238	465
5302	カーボン	93	93	91	91	78
5304	エスイ−シ−	216	216	216	216	4
5331	ノリタケ	617	617	600	600	300
5332	ＴＯＴＯ	830	843	827	827	533
5333	ガイシ	1418	1424	1400	1416	781
5334	特殊陶	1728	1750	1713	1743	651
5336	INAX	565	570	550	550	221
5337	ダントー	400	400	391	391	49
5338	大トー	0	0	0	0	0
5341	アサヒ陶	123	123	123	123	3
5342	ジャニス	55	55	55	55	22
5343	ニッコー	0	0	0	0	0
5344	ＭＡＲＵＷＡ	3330	3340	3200	3200	10.5
5351	白煉瓦	200	201	190	193	123
5352	黒崎	145	145	141	145	103
5355	ルツボ	121	140	121	140	14
5356	美濃窯	230	230	230	230	1
5357	ヨータイ	168	169	165	166	93
5358	イソライト	178	178	170	170	4
5361	東海熱	460	460	450	450	15
5362	九州耐	270	270	260	260	10
5363	ＴＹＫ	187	187	180	180	27
5367	ニッカトー	680	680	660	660	7
5382	中央商事	0	0	0	0	0
5383	三共理化	0	0	0	0	0
5384	フジミインコ	3380	3380	3250	3290	5.5
5386	鶴弥	580	580	580	580	1
5387	チヨダウーテ	815	815	810	815	8
5388	クニミネ	260	260	260	260	2
5389	日レヂボン	286	286	286	286	1
5390	宇部マテリア	121	123	120	120	18
5391	Ａ＆ＡＭ	106	108	105	105	22
5393	ニチアス	340	345	330	332	377
5395	コランダム	0	0	0	0	0
5397	ＭＩＥテクノ	110	110	110	110	7
5398	日研紙	161	161	161	161	1
5401	新日鉄	190	190	183	185	14803
5403	川崎製鉄	124	124	119	120	6880
5404	日本鋼管	71	72	70	70	3183
5405	住金	66	67	65	66	9053
5406	神戸鋼	65	66	63	63	1850
5407	日新鋼	93	94	90	92	4910
5408	中山鋼	127	129	127	127	113
5410	合同鉄	82	82	79	80	304
5423	東京製鉄	456	460	451	451	193.3
5444	大和工	388	388	377	380	217
5445	東京鉄	65	70	60	64	64
5446	北越メ	95	95	95	95	2
5448	東京鋼鉄	0	0	0	0	0
5449	大阪製鉄	397	400	396	396	9.2
5451	淀川鋼	249	254	249	254	220
5453	洋鋼鈑	291	291	285	291	51
5454	日鉄鋼板	185	185	177	178	45
5457	住友鋼管	376	377	370	377	44
5458	高砂鉄	105	106	105	106	8
5461	中部鋼	140	140	137	137	19
5462	日鉄鋼管	0	0	0	0	0
5463	丸一管	1573	1582	1573	1574	28
5464	モリ工	229	229	220	224	19
5471	大同特鋼	307	310	306	307	1433
5476	高周波	85	88	85	85	167
5479	日金工	73	74	70	71	156
5480	冶金工	62	63	59	60	118
5481	山陽鋼	147	147	141	143	103
5482	愛知鋼	317	324	311	324	50
5484	東北鋼	0	0	0	0	0
5486	日立金	815	819	787	811	318
5491	日金属	84	84	79	79	85
5541	大平金	212	214	201	201	1826
5542	報国鉄	0	0	0	0	0
5562	日本重化学	123	123	111	111	617
5563	日本電工	164	164	158	158	185
5566	中央電	172	172	170	170	11
5602	栗本鉄	228	228	223	224	95
5603	虹技	132	132	123	123	50
5605	自動鋳	61	61	60	60	22
5606	旭テック	147	149	147	148	68
5607	中可鍛	315	315	315	315	1
5608	川口金	202	202	193	193	38
5609	日鋳造	77	77	77	77	2
5610	大和重	140	140	140	140	2
5612	鋳鉄管	196	197	196	196	5
5613	日本カタン	0	0	0	0	0
5631	日製鋼	101	102	97	97	555
5632	菱製鋼	90	90	86	87	219
5633	関東特殊製鋼	65	68	62	62	54
5641	ＴＤＦ	448	449	426	426	14
5642	日本鍛工	44	44	43	43	16
5644	メタルアート	101	101	101	101	1
5645	イチタン	0	0	0	0	0
5657	鈴木金	144	145	139	145	11
5658	日亜鋼	290	300	284	300	36
5659	日精線	205	207	200	205	12
5660	神鋼線	66	66	62	64	15
5691	東京シヤリング	92	92	92	92	6
5694	大和綱帯	0	0	0	0	0
5695	パウダテック	295	295	290	295	3
5696	川鉄鋼板	102	102	102	102	1
5697	サンユウ	347	347	347	347	1
5701	日軽金	91	91	89	90	481
5702	大紀ア	185	185	184	184	23
5706	三井金	912	912	895	900	1207
5707	東邦鉛	220	221	216	216	453
5711	三菱マ	306	306	297	298	3288
5713	住友鉱	557	557	531	537	1968
5714	同和鉱	518	522	501	506	1418
5715	古河機金	250	253	242	242	536
5716	日鉱金属	625	638	616	617	131
5721	Ｓサイエンス	487	519	468	519	388
5727	邦チタ	595	605	575	580	24
5728	アライドマテリアル	893	894	849	849	20
5729	日精鉱	257	257	245	250	29
5734	昭和アルミ	130	133	128	128	86
5738	住軽金	78	79	78	78	102
5739	日製箔	0	0	0	0	0
5740	九州不二サッシ	153	153	153	153	2
5753	日伸銅	60	62	60	62	11
5756	東海アルミ箔	58	58	50	50	63
5757	サンエツ	660	660	660	660	1
5771	菱伸銅	318	318	300	301	98
5781	東邦金	231	231	222	223	120
5801	古河電	2660	2690	2590	2600	2486
5802	住友電	2060	2060	2010	2010	1372
5803	フジクラ	932	939	912	927	2592
5804	菱線工	295	295	286	286	242
5805	昭電線	181	182	168	169	618
5807	東特線	300	300	292	292	23
5808	理研線	293	293	293	293	5
5809	タツタ	170	170	160	160	102
5810	第一電工	87	88	85	87	59
5811	トヨ電線	860	860	800	811	19
5812	日立線	1159	1159	1096	1113	417
5813	花島電線	0	0	0	0	0
5815	沖電線	273	273	265	266	20
5816	オーナンバ	0	0	0	0	0
5817	日電線	345	345	345	345	1
5818	東日京三電線	326	326	326	326	1
5819	カナレ電気	1890	1890	1810	1810	1.5
5820	三ッ星	0	0	0	0	0
5851	リョービ	161	161	151	152	252
5852	アーレスティ	339	339	330	330	13
5853	京都ダイカスト	134	134	134	134	1
5854	東京理化工	303	320	295	311	163
5855	アサヒプリテ	1850000	1850000	1840000	1840000	0.002
5900	ダイケン	425	425	425	425	1
5901	洋カン	1840	1840	1815	1816	210
5902	北カン	252	252	228	235	134
5903	シンポ	680	680	595	620	10
5904	アルコアシステム	505	505	505	505	1
5905	日カン	142	142	140	141	4
5906	エムケー精工	0	0	0	0	0
5907	ＪＦＥコンテ	0	0	0	0	0
5908	日鉄ドラム	0	0	0	0	0
5909	コロナ	1010	1010	990	990	1.4
5910	立山アルミ	240	240	240	240	1
5911	横河ブ	388	388	370	370	59
5912	日本橋	118	120	118	118	11
5913	松尾橋	219	219	216	216	16
5914	宮地鐵工所	183	185	183	183	16
5915	駒井鉄	254	258	251	251	33
5916	ハルテック	209	209	206	206	55
5917	サクラダ	105	106	102	102	16
5918	滝上工	310	310	306	306	12
5919	日鉄塔	300	300	291	291	15
5921	川岸工	258	258	248	248	5
5922	那須鉄	0	0	0	0	0
5923	高田機	421	426	421	421	6
5925	酒井鉄工所	119	119	119	119	1
5926	安治川鉄工	96	96	96	96	1
5927	ホリー	0	0	0	0	0
5928	アルメタクス	180	180	180	180	4
5929	三和シャタ	241	243	240	241	308
5930	文化シヤタ	214	214	213	214	29
5931	川田工	210	210	202	206	33
5932	三協アルミ	68	69	68	68	71
5933	アルインコ	163	178	162	162	22
5934	日本ア	50	50	50	50	13
5935	元旦	0	0	0	0	0
5936	洋シヤタ	71	72	68	72	440
5938	住生活Ｇ	1500	1505	1440	1460	238
5939	大谷工業	0	0	0	0	0
5940	不二サッシ	82	82	82	82	2
5941	中西製	0	0	0	0	0
5942	フイルコン	300	300	300	300	1
5943	ノーリツ	960	961	941	942	76
5944	日立粉末	1000	1020	999	1020	13
5945	天竜製鋸	0	0	0	0	0
5946	長府製	1151	1158	1130	1130	13.1
5947	リンナイ	1965	1970	1921	1941	50.4
5949	ユニプレス	180	180	177	177	7
5950	パワーファス	0	0	0	0	0
5951	ダイニチ工業	275	275	271	271	13.1
5952	アマテイ	71	71	71	71	1
5954	トープラ	196	208	171	173	429
5955	ヤマシナ	80	80	71	72	261
5956	トーソー	406	406	403	406	5
5957	日東精	192	192	188	188	17
5958	三洋工	487	487	441	486	1358
5959	岡部	317	319	317	317	10
5961	トーカロ	0	0	0	0	0
5962	浅香工	219	220	219	220	4
5963	日立ツール	620	620	600	600	3.5
5964	洋刃物	0	0	0	0	0
5965	フジマック	0	0	0	0	0
5966	ＫＴＣ	252	252	252	252	1
5967	前田金	127	127	110	112	19
5969	ロブテックス	127	127	121	121	7
5970	菊池プレス	465	465	465	465	1
5971	共和工業	240	240	240	240	8
5972	日本建鐵	220	221	218	218	9
5973	トーアミ	0	0	0	0	0
5974	中国工	157	157	156	156	21
5975	東プレ	357	357	343	343	44
5976	ネツレン	292	297	290	290	35
5977	コマツ電子	800	810	790	800	6.3
5979	カネソウ	0	0	0	0	0
5980	田中亜鉛	265	265	250	250	3
5981	東京綱	118	118	116	116	165
5982	マルゼン	360	360	358	358	12
5983	イワブチ	0	0	0	0	0
5984	兼房	500	500	500	500	1.5
5985	サンコール	368	375	367	367	99
5986	モリテック	218	218	218	218	3
5987	オーネックス	215	215	210	210	4
5988	パイオラクス	0	0	0	0	0
5989	ヒラタ	374	374	374	374	2
5990	スーパツール	0	0	0	0	0
5991	ニッパツ	490	492	470	484	420
5992	中央発條	361	361	358	358	21
5993	知多鋼	0	0	0	0	0
5994	ファインＳ	275	280	270	270	14
5995	科学冶金	0	0	0	0	0
5996	新立川	0	0	0	0	0
5997	協立エアテク	0	0	0	0	0
5998	アドバネクス	252	252	251	251	10
5999	イハラサイエ	280	280	280	280	3
6005	三浦工	1506	1569	1501	1550	331.3
6011	新潟鉄工所	79	80	74	74	803
6013	タクマ	860	860	815	815	151
6016	神発動	81	83	81	83	5
6018	阪神燃	85	85	85	85	1
6020	神鋼造機	0	0	0	0	0
6021	ロビン	0	0	0	0	0
6022	赤阪鉄	87	87	87	87	10
6023	ダイハツデ	160	160	155	155	15
6041	ボッシュ	131	131	127	127	136
6042	ニッキ	168	170	151	158	40
6101	ツガミ	383	389	358	363	467
6102	池貝	127	127	120	125	76
6103	オークマ	394	394	375	375	218
6104	東芝機	489	490	462	462	288
6106	日立精機	140	142	137	140	131
6107	アマダマシ	290	291	279	287	214
6111	旭精機	193	193	190	191	20
6112	小島鉄	111	111	111	111	1
6113	アマダ	850	864	822	822	922
6114	住倉工業	116	117	108	108	127
6118	アイダ	450	450	421	430	36
6119	ゼィープラス	230	231	230	231	12
6121	滝澤鉄	70	70	70	70	6
6125	岡本工	150	150	144	144	79
6130	日平トヤマ	195	197	191	193	31
6131	浜井産	146	146	146	146	7
6134	富機製	3170	3170	3050	3060	65.1
6135	牧野フ	620	620	590	591	303
6136	ＯＳＧ	604	604	580	590	33
6137	小池工	161	161	157	157	6
6138	ダイジェト	135	135	130	131	29
6139	東芝タンガロイ	556	556	511	511	138
6140	旭ダイヤ	580	580	561	562	88
6141	森精機	1250	1260	1220	1220	113
6142	富士精	0	0	0	0	0
6143	ソディック	527	529	490	510	58
6144	西部電機	0	0	0	0	0
6145	日特エンジ	1700	1710	1610	1640	49.5
6146	ディスコ	7080	7080	7080	7080	26
6147	ヤマザキ	0	0	0	0	0
6148	UHT	1930	1930	1900	1900	1.7
6149	小田原エンジ	515	515	510	510	4
6150	タケダ機械	0	0	0	0	0
6151	日東工器	2570	2570	2475	2560	9
6201	豊田織	2200	2215	2195	2195	382
6203	豊和工	127	127	118	121	96
6204	キリウ	0	0	0	0	0
6205	ＯＫＫ	131	131	128	128	59
6206	豊田工	621	621	600	603	241
6208	石川製	90	91	86	89	54
6210	東洋機械	330	330	330	330	1
6211	倉敷機	78	78	78	78	2
6212	帝人製機	250	259	248	248	46
6213	ＯＭ製	128	128	125	126	15
6214	大隈豊和機械	179	179	165	167	33
6216	寿工業	75	75	75	75	1
6217	津田駒	125	125	120	120	22
6218	エンシュウ	158	159	156	156	22
6221	大東製機	416	416	390	390	43
6222	島精機	1930	1965	1930	1959	16.2
6242	スピンドル	202	202	194	194	37
6245	ヒラノテク	300	300	300	300	5
6246	井上金	0	0	0	0	0
6247	日阪製	456	457	452	456	19
6271	ニッセイ	850	850	850	850	1
6272	レオン	352	352	345	345	4
6273	ＳＭＣ	15530	15540	14800	15250	139.8
6274	新川	2950	2980	2800	2800	116.8
6275	イセキ開発工	69	69	65	65	3
6276	ナビタス	525	525	515	520	5
6277	ホソミクロン	650	659	650	650	6
6278	ユニオンツル	7200	7200	6980	6980	36.1
6279	瑞光	990	1000	990	1000	2.9
6280	名機製	660	660	630	630	10
6281	前田製作	520	520	520	520	1
6282	オイレス	1730	1740	1711	1711	10
6283	オリイメック	0	0	0	0	0
6284	ＡＳＢ機械	276	276	270	270	9
6286	静甲	0	0	0	0	0
6287	サトー	2360	2420	2360	2380	12.6
6288	ハマダ印刷機	0	0	0	0	0
6289	技研製	278	278	278	278	2
6290	ＳＥＳ	580	580	550	551	46
6291	エアーテック	655	660	650	651	8
6292	カワタ	530	530	519	519	13
6293	日精樹脂	869	869	820	820	34
6294	オカアイヨン	199	199	199	199	2
6295	富士変速	330	335	330	335	3.3
6296	ロキテクノ	1170	1180	1170	1180	13
6297	鉱研工業	245	248	240	240	5.7
6298	ワイエイシイ	0	0	0	0	0
6299	神鋼環境Ｓ	274	275	268	268	3
6300	アピクヤマダ	700	701	670	680	18
6301	コマツ	510	510	499	500	2518
6302	住友機	196	196	175	178	3866
6303	ササクラ	340	340	340	340	2
6304	マキ製作所	452	452	452	452	1
6305	日立建機	425	425	415	415	102
6306	日工	235	235	232	232	22
6307	サンセイ	0	0	0	0	0
6309	巴工業	0	0	0	0	0
6310	井関農	84	85	81	82	287
6311	セイレイ工業	211	211	211	211	1
6312	フロイント	0	0	0	0	0
6313	共立	134	134	132	132	33
6314	石井工研	800	800	780	780	1.2
6315	ＴＯＷＡ	2405	2410	2210	2270	66.5
6316	丸山製	134	134	131	132	49
6317	北川鉄	129	129	124	124	94
6319	シンニッタン	215	215	205	205	34
6320	新ダイワ	250	250	245	245	4
6321	石搬機	366	366	366	366	1
6322	タクミナ	0	0	0	0	0
6323	ローツェ	1430	1440	1400	1400	8
6324	ハーモニック	1480000	1530000	1400000	1530000	0.032
6325	タカキタ	189	189	189	189	1
6326	クボタ	355	358	347	351	1769
6327	北川精機	420	425	415	425	13
6328	荏原実業	0	0	0	0	0
6329	ＨＥＣ	400	400	390	390	9
6330	東洋エンジ	95	95	90	92	193
6331	化工機	191	193	186	187	67
6332	月島機	668	669	637	637	50
6333	帝国電	0	0	0	0	0
6334	明治機	108	108	100	100	592
6335	東京機	385	385	378	378	29
6336	石井表記	3390	3390	3300	3300	1.8
6337	テセック	2800	2800	2780	2780	2
6338	タカトリ	859	859	859	859	3
6339	新東工	246	246	241	241	8
6340	渋谷工	0	0	0	0	0
6341	日立造船富岡	0	0	0	0	0
6342	太平製	76	76	76	76	2
6343	フリージア	42	43	40	42	76
6344	ＮＥＣマシナ	2095	2095	1995	2000	10
6345	アイチコーポ	170	170	169	170	21.8
6346	菊川鉄	160	160	160	160	1
6347	プラコー	72	72	71	71	11
6348	日本マリンテクノ	0	0	0	0	0
6349	小森	1876	1880	1830	1859	151
6350	新日本造機	130	130	130	130	5
6351	鶴見製	520	520	511	511	4
6352	トヨコケン	0	0	0	0	0
6354	日立機電	380	380	361	361	5
6355	住友精	325	328	310	314	53
6356	日ギア	0	0	0	0	0
6357	三精輸	290	290	285	285	8
6358	酒井重	211	213	206	208	45
6359	粟村製作所	0	0	0	0	0
6360	東自機	0	0	0	0	0
6361	荏原	1265	1265	1237	1243	589
6362	石井鉄	186	186	186	186	8
6363	酉島	494	494	461	461	11
6364	北越工	122	122	122	122	4
6365	電業社	3900	3900	3900	3900	1.2
6366	千代建	78	78	73	74	551
6367	ダイキン	2410	2410	2350	2355	402
6368	オルガノ	453	453	431	432	56
6369	トヨカネツ	100	100	97	100	206
6370	栗田工	1560	1560	1500	1515	231
6371	椿本チ	368	370	358	358	307
6372	セイサ	0	0	0	0	0
6373	大同工	211	211	205	205	32
6374	ＴＣＭ	275	279	270	270	115
6375	コンベヤ	80	80	75	75	164
6376	日機装	515	515	501	508	127
6377	甲陽建設	410	418	381	381	14
6378	木村化	200	200	191	197	61
6379	新興プラン	87	90	87	90	8
6380	オリチェン	100	102	100	100	3
6381	アネスト岩田	155	155	150	153	49
6382	トリニ工	211	211	210	210	4
6383	ダイフク	715	718	691	701	309
6386	扶桑レクセ	1090	1090	1050	1055	30
6388	ミサワバン	450	454	448	450	79
6389	内田油圧	48	48	46	46	86
6390	加藤製	155	165	143	147	325
6391	加地テック	139	139	135	135	3
6392	ヤマダコーポ	126	126	126	126	1
6393	油研工	113	114	111	111	24
6394	大江工業	149	149	125	125	13
6395	タダノ	168	168	164	166	140
6396	宇野鉄	106	106	106	106	2
6397	郷鉄工	0	0	0	0	0
6398	日本電産シンポ	735	735	735	735	1
6403	水道機	318	320	310	315	23
6406	フジテック	620	620	585	591	70
6407	シーケーディ	830	830	795	795	97
6408	クラッチ	716	716	716	716	1
6409	キトー	0	0	0	0	0
6411	中野冷	0	0	0	0	0
6412	平和	1649	1649	1570	1582	96.5
6413	理想科学	1800	1800	1700	1750	11.6
6414	川重冷熱	0	0	0	0	0
6415	ニスカ	0	0	0	0	0
6416	桂川電機	0	0	0	0	0
6417	ＳＡＮＫＹＯ	3220	3260	3090	3110	99.6
6418	日金銭	1349	1350	1300	1300	19
6419	マース	3210	3250	3010	3020	21
6420	福島工業	0	0	0	0	0
6421	キヤノンＦ	910	910	903	910	38
6423	アビリット	1950	1965	1740	1745	357
6424	高見サイ	360	360	350	350	3
6425	アルゼ	5100	5100	4950	4950	8.9
6426	サミー	2150	2170	2110	2120	19.5
6427	東北リコー	0	0	0	0	0
6428	オーイズミ	1110	1130	1110	1130	2
6431	キャノンＮＴＣ	342	346	339	339	20
6436	アマノ	912	912	895	901	114
6437	三条機	135	135	135	135	3
6439	中日鋳	108	108	108	108	11
6440	ＪＵＫＩ	461	461	435	436	822
6442	コピア	340	340	328	330	12
6443	東洋製	116	116	115	115	10
6444	サンデン	510	510	495	499	152
6445	蛇の目	85	88	83	84	89
6448	ブラザー	218	229	215	216	330
6453	シルバ精	116	116	105	110	427
6454	マックス	1157	1171	1156	1165	27
6455	モリタ	270	270	269	269	20
6457	グローリー	2100	2200	2095	2200	50
6458	新晃工	157	157	151	151	13
6459	大和冷	282	285	282	283	133
6461	日ピス	88	90	88	90	67
6462	リケン	217	217	202	202	129
6463	ＴＰＲ	0	0	0	0	0
6466	トウアバルブ	93800	93800	93800	93800	0.002
6467	ニチダイ	558	570	558	570	63
6468	駿河精機	4700	4750	4690	4690	4
6469	放電精密	1230	1230	1120	1120	30
6470	大豊工業	875	876	870	870	2.1
6471	日精工	786	787	750	774	897
6472	ＮＴＮ	365	365	343	345	448
6473	光洋精	823	823	788	799	247
6474	不二越	179	179	172	173	185
6475	天辻	0	0	0	0	0
6476	富士テクニカ	280	280	280	280	2
6477	ツバキ・ナカ	1184	1184	1125	1130	35
6478	ダイベア	210	220	210	220	10
6479	ミネベア	1090	1090	1062	1065	816
6480	トムソン	998	998	940	940	134
6481	ＴＨＫ	2480	2520	2300	2350	857.1
6482	ユーシン精機	4840	4860	4830	4840	8.8
6483	川重防災	0	0	0	0	0
6484	ＫＶＫ	239	239	239	239	2
6485	前沢給装	602	602	595	595	4
6486	イーグル工	376	376	370	370	16
6487	積水工機	0	0	0	0	0
6488	ヨシタケ	260	260	260	260	2
6489	前沢工業	700	703	698	698	21
6490	ピラー	725	743	720	720	21
6492	岡野バ	0	0	0	0	0
6493	日鍛バ	185	185	180	180	4
6494	ファネス	378	380	334	335	95
6495	宮入バ	64	66	64	65	11
6496	中北製	0	0	0	0	0
6497	ハマイ	0	0	0	0	0
6498	キッツ	157	157	153	157	162
6499	大隈エンジニア	180	180	176	176	2
6501	日立	1097	1097	1071	1080	6869
6502	東芝	791	795	783	789	4652
6503	三菱電	705	708	698	703	4074
6504	富士電機ＨＤ	344	344	335	335	922
6505	東洋電	123	123	123	123	23
6506	安川電	876	876	846	851	614
6507	神鋼電	176	176	167	167	233
6508	明電舎	208	208	200	200	225
6513	オリジン	670	672	668	668	43
6516	山洋電	589	596	552	552	179
6517	デンヨー	639	639	633	633	14
6518	三相電機	0	0	0	0	0
6519	エネサーブ	4050	4050	3850	3850	14
6581	日立工	333	333	321	325	162
6584	三桜工	523	523	480	480	30
6585	サーボ	0	0	0	0	0
6586	マキタ	851	851	761	772	340
6587	松下精工	418	418	401	401	36
6588	東芝テック	342	347	320	323	346
6590	芝浦	652	653	635	639	76
6591	西芝電	146	146	146	146	1
6592	マブチ	11560	11560	10710	10760	68.3
6593	ローヤル電	405	405	405	405	4
6594	日電産	6110	6110	5800	5830	90.7
6621	高岳	140	140	135	135	86
6622	ダイヘン	184	184	178	178	97
6623	愛電機	240	250	240	250	8
6624	田淵電	160	160	159	160	37
6641	日新電	261	261	255	255	197
6643	戸上電	146	146	146	146	2
6644	大崎電	680	680	640	640	27
6645	オムロン	2490	2490	2355	2355	675
6646	エナジーサポ	409	410	409	410	3
6647	森尾電	116	116	116	116	3
6648	かわでん	1	1	1	1	70
6650	春日電	128	129	128	129	22
6651	日東工	865	865	825	850	44
6652	和泉電	1150	1160	1101	1105	36
6654	不二電機	525	535	525	525	4
6655	東洋電機	0	0	0	0	0
6701	ＮＥＣ	2260	2260	2155	2190	7122
6702	富士通	1720	1728	1690	1705	6797
6703	沖電気	611	613	588	590	1094
6704	岩崎通	255	255	232	235	221
6705	ＮＥＣインフ	508	518	500	500	60
6706	電気興	686	690	680	681	106
6707	サンケン	645	645	628	635	200
6708	東洋通	821	830	800	804	162
6709	明星電	0	0	0	0	0
6710	大興電機製作	193	193	192	192	13
6711	高見澤電機	218	218	218	218	7
6712	田村電機製作	222	225	220	224	40
6714	神田通信工業	160	165	160	165	12
6715	ナカヨ通	237	237	235	235	6
6716	中央無	300	300	300	300	2
6717	富士通アクセ	1300	1301	1280	1299	17.8
6718	アイホン	1117	1130	1105	1105	6
6741	信号	405	405	396	400	29
6742	京三	242	243	240	241	107
6743	大同信	205	205	205	205	3
6744	能美防災	391	392	386	387	14
6745	ホーチキ	285	285	280	280	7
6747	小糸工	294	294	294	294	1
6748	星和電	0	0	0	0	0
6749	マスプロ	1050	1050	1040	1050	8.5
6751	日無線	737	738	709	709	118
6752	松下	2700	2710	2625	2640	3716
6753	シャープ	1380	1385	1339	1342	1601
6754	アンリツ	3090	3100	2895	2925	952
6755	富士通ゼ	586	586	562	563	50
6756	日立国際	924	924	891	891	172
6758	ソニー	8350	8370	8230	8300	1472.6
6759	ＮＥＣトーキ	1400	1450	1357	1363	252
6761	アイワ	780	781	767	769	155.6
6762	ＴＤＫ	12380	12380	11830	11830	387.6
6763	帝通工	336	336	330	330	67
6764	三洋電	901	905	887	889	3804
6765	ケンウッド	274	277	260	263	405
6766	宮越商	36	37	32	32	110
6767	ミツミ	2260	2280	2105	2105	811
6768	タムラ	421	421	413	414	136
6770	アルプス	2065	2090	2025	2070	899
6771	池上通	231	232	230	230	34
6772	コスモス	131	131	131	131	3
6773	パイオニア	3500	3500	3350	3360	891
6775	東和メクス	100	100	99	99	61
6776	天昇電	0	0	0	0	0
6779	日電波	3760	3760	3650	3660	83
6781	松下通信工業	15890	16100	15770	15810	394.5
6782	九州松下電器	1011	1021	1002	1020	181
6783	松下寿電子	1800	1800	1750	1779	91
6787	メイコー	1100	1120	980	980	97
6788	日本トリム	1000	1070	1000	1050	27
6789	ローランドDG	770	770	711	720	2.3
6790	野田スクリン	3250000	3250000	3000000	3000000	0.015
6791	コロムビア	181	181	175	175	23
6792	ビクター	796	796	742	752	227
6793	山水電	8	9	7	8	2068
6794	フォスター	538	539	536	539	113
6796	クラリオン	302	303	287	288	1153
6797	名古屋電機	1150	1150	1150	1150	5
6798	ＳＭＫ	621	621	585	586	98
6799	日本マランツ	195	196	195	196	2
6800	ヨコオ	1999	1999	1840	1841	25.6
6801	東光	595	603	575	575	320
6802	赤井電機	1	1	1	1	143
6803	ティアック	333	333	321	321	103
6804	ホシデン	4100	4170	4030	4100	208
6806	ヒロセ電	13400	13400	12780	12850	89.4
6807	航空電子	879	879	832	832	194
6808	シントム	30	31	29	29	3165
6809	ＴＯＡ	310	310	303	303	13
6810	マクセル	2030	2030	1980	1980	118
6811	クオンツ	280	280	250	257	81
6812	ジャルコ	450	450	442	442	4
6813	ナカミチ	64	64	61	61	95
6814	古野電	0	0	0	0	0
6815	ユニデン	584	589	555	570	756
6816	アルパイン	1210	1212	1190	1211	83
6817	スミダコーポ	4500	4510	4400	4400	20.9
6818	島田理	1130	1132	1130	1130	15.1
6819	オメガ・プロ	300	300	261	278	618
6820	アイコム	1345	1345	1240	1240	8.4
6821	バーテクスＳ	790	790	770	780	5
6822	大井電気	206	206	202	202	4
6823	リオン	589	589	589	589	4
6824	新コスモス	445	445	425	425	9
6825	パトライト	1502	1502	1431	1432	7
6826	本多通信	3150	3200	3150	3200	11.4
6827	東北パイオ	3940	3940	3780	3780	19
6828	シメオ精密	7300	7300	7000	7000	13
6829	ソーテック	968000	968000	898000	901000	0.454
6830	ＹＯＺＡＮ	2920000	2920000	2750000	2750000	0.055
6832	アオイ電子	3950	3950	3650	3650	6
6833	日電産リード	2060	2060	2060	2060	21
6834	精工技研	29500	29500	27800	27800	8.5
6835	アライドＨＤ	4140	4140	4100	4100	8.4
6836	ぷらっと	5360000	5360000	5300000	5300000	0.007
6837	京写	805	805	800	800	8
6838	多摩川電	1500	1500	1500	1500	1
6839	船井電	8890	8890	8220	8260	35
6840	アドテック	1950	1950	1800	1800	13
6841	横河電	1005	1005	951	955	502
6842	ユニパルス	2650	2700	2650	2700	4
6843	東光精機	0	0	0	0	0
6844	新電元	640	640	620	620	130
6845	山武	1180	1180	1101	1101	118
6846	中央製	0	0	0	0	0
6847	安藤電気	1075	1075	1000	1000	73
6848	東亜ＤＫＫ	282	282	282	282	6
6849	日本光電	284	284	276	276	30
6850	チノー	230	237	221	222	50
6851	大倉電気	161	161	155	155	7
6852	テクノセブン	145	145	133	135	25
6853	共和電	302	302	299	300	14
6855	電子材料	1630	1640	1580	1580	19
6856	堀場製	920	920	903	903	42
6857	アドバンテスト	12210	12290	11600	11610	446.4
6858	小野測器	181	181	169	169	47
6859	エスペック	1042	1050	1042	1042	20
6860	サンクス	1338	1338	1338	1338	1
6861	キーエンス	30650	31000	29620	29800	99.7
6862	ミナトエレ	145	145	145	145	3
6863	ニレコ	570	570	570	570	3
6864	ＮＦ回路	0	0	0	0	0
6866	ＨＩＯＫＩ	855	860	855	860	4
6867	リーダー電子	935	985	935	955	5
6868	東カソード	999	1000	990	990	4.5
6869	シスメックス	2500	2505	2360	2480	12.3
6870	フェンオール	0	0	0	0	0
6871	日本マイクロ	1600	1600	1550	1550	5.8
6872	日本コーリン	6960	6960	6650	6650	14.8
6873	日立電子Ｅ	650	650	650	650	1
6874	協立電機	2000	2000	1950	2000	1.4
6875	メガチップス	3930	3930	3700	3700	47.5
6876	光波	1930	1930	1800	1800	22.3
6877	ＯＢＡＲＡ	0	0	0	0	0
6878	長野日無	505	505	505	505	14
6879	フォトロン	0	0	0	0	0
6880	シンワ	746	750	730	730	1.8
6881	キョウデン	2170	2170	2000	2000	17
6882	三社電機	860	860	850	850	12
6883	電産コ電	1150	1170	1150	1170	3
6884	デジタル	0	0	0	0	0
6885	ミヤチテクノ	4200	4230	4100	4100	14.5
6886	グラフィック	0	0	0	0	0
6887	日本ＬＳＩカード	220000	220000	220000	220000	0.002
6888	アクモス	350000	350000	300000	320000	0.017
6889	オーデリック	470	470	470	470	1
6890	フェローテク	2590	2590	2450	2450	21
6891	イーター電機	470	470	470	470	1
6892	シチズン電子	6130	6130	5950	5960	7.5
6893	タイテック	710	710	695	705	14
6894	パルステック	1750	1750	1660	1660	6
6895	ダイヤ電機	0	0	0	0	0
6896	北川工業	902	910	902	902	12.5
6897	ツインバード	199	199	199	199	2
6898	トミタ電機	0	0	0	0	0
6899	ＡＳＴＩ	0	0	0	0	0
6900	東京電波	3570	3580	3360	3380	25.2
6901	沢藤電	210	210	208	209	8
6902	デンソー	2485	2510	2430	2430	828
6904	原田工業	310	310	310	310	1
6905	コーセル	3350	3350	3250	3300	16.3
6906	キヤ･コンポ	230	231	220	220	25
6907	ジオマテック	2050	2050	1990	1990	15.6
6908	イリソ電子	400	400	400	400	1
6909	北部通信工業	0	0	0	0	0
6910	日立メディコ	1140	1160	1135	1135	16
6911	新日無	820	820	800	800	25
6912	菊水電子	475	475	475	475	1
6913	メルコ	2290	2300	2200	2200	43.7
6914	オプテックス	965	980	965	965	3
6915	千代田インテ	1330	1340	1250	1250	8
6916	アイオデータ	1300	1320	1280	1290	23.1
6917	デンセラムダ	2850	2850	2705	2720	32
6918	アバール	775	775	740	740	12
6919	ケル	555	570	555	570	2
6920	レーザーテク	1750	1750	1750	1750	1
6921	東光電	280	280	280	280	1
6922	昭和情報	0	0	0	0	0
6923	スタンレー	1106	1140	1100	1102	334
6924	岩崎電	302	304	296	296	640
6925	ウシオ電	1975	2000	1940	2000	507
6926	岡谷電	318	318	305	305	13
6928	エノモト	705	705	660	660	29
6929	日セラ	2190	2190	2005	2005	64
6930	日本アンテナ	1100	1130	1060	1060	14
6931	日本電池	378	378	368	369	222
6932	ユアサコーポ	369	369	360	360	9
6933	ＹＵＡＳＡ	231	231	228	228	223
6934	新神戸	496	501	462	480	99
6935	日デジタル	1427	1435	1399	1400	57.2
6936	東洋高砂乾	107	107	107	107	2
6937	古河池	251	251	249	249	6
6938	双信電機	685	685	665	670	6
6939	ＵＭＣＪ	929000	929000	835000	840000	0.415
6940	多摩電気	0	0	0	0	0
6941	山一電機	1919	1925	1770	1810	35.2
6942	ソフィア	180	180	180	180	1
6943	開閉器	590	590	580	580	3
6944	アイレックス	0	0	0	0	0
6945	ＦＴＥＣ	552	552	551	551	3
6946	日本アビオ	256	256	256	256	7
6947	図研	2390	2430	2200	2245	139
6948	住友電装	785	785	780	780	2
6949	キンセキ	1172	1172	1114	1114	105
6950	ＹＥデータ	359	374	359	374	3
6951	日電子	620	620	585	595	60
6952	カシオ	934	934	900	904	559
6954	ファナック	8900	8900	8600	8600	488
6955	ＦＤＫ	1090	1150	1081	1150	98
6956	神明電	1690	1690	1680	1680	4
6957	芝浦電子	303	305	300	300	7.3
6958	日本ＣＭＫ	1660	1660	1600	1613	72
6960	フクダ電	2180	2180	2150	2150	5
6961	エンプラス	4330	4350	4260	4260	25.3
6962	大真空	640	650	619	625	171
6963	ローム	25200	25300	24050	24050	438.1
6964	サンコー	1215	1215	1110	1110	9
6965	ホトニクス	7900	7950	7500	7600	197
6966	三井ハイテク	1435	1435	1401	1401	86.2
6967	新光電工	3740	3740	3580	3580	61.4
6968	グラフテック	148	148	145	146	19
6969	松尾電	485	490	480	480	14
6970	日本コンラックス	573	580	560	560	109
6971	京セラ	14410	14410	13860	13900	834.7
6972	エルナー	350	350	335	335	28
6973	協栄産	343	343	340	340	24
6974	日本インター	300	300	293	293	6
6975	ＮＥＯＭＡＸ	1079	1079	1042	1050	107
6976	太陽電	4770	4780	4370	4370	1142
6977	抵抗器	205	205	191	191	4
6980	日立ＡＩＣ	772	773	721	721	145
6981	村田製	14300	14400	13410	13520	1400.8
6982	リード	206	214	203	205	64
6984	朝日ナショナ	361	361	361	361	1
6985	ユーシン	386	387	360	365	44
6986	双葉電	3520	3520	3430	3430	70.2
6988	日東電	3600	3600	3330	3490	312.6
6989	北電工	214	214	203	206	170
6991	松電工	1261	1261	1232	1232	940
6992	国産電	0	0	0	0	0
6993	森電機	85	89	85	88	74
6994	指月電	197	197	196	196	15
6995	東海理	826	826	810	810	28
6996	ニチコン	1695	1706	1672	1672	168.4
6997	日ケミコン	808	808	778	780	485
6998	タングス	308	308	296	296	8
6999	ＫＯＡ	2200	2200	2030	2055	64.4
7003	三井造	106	109	102	102	902
7004	日立造	91	92	86	86	2141
7007	佐世保	73	73	69	69	253
7011	三菱重	505	505	490	490	8450
7012	川重	138	141	130	140	3170
7013	石川島	234	234	216	218	4907
7014	名村造	164	165	159	160	123
7018	内海造	100	100	100	100	2
7020	サノヤス	142	150	142	148	10
7021	ニッチツ	147	147	147	147	2
7052	信貴造船所	0	0	0	0	0
7102	日車両	192	192	188	188	140
7104	富士車輌	115	115	105	105	53
7105	ニチユ	181	181	177	177	57
7122	近畿車	135	135	130	130	16
7123	東急車輌製造	71	72	70	72	52
7124	輸送機工業	305	305	305	305	1
7142	ナブコ	150	151	145	145	30
7201	日産自	657	658	645	649	4005
7202	いすゞ	218	221	215	215	421
7203	トヨタ	3880	3890	3850	3880	1995.5
7204	小松ゼノア	242	242	235	235	14
7205	日野自	426	426	415	419	441
7210	日産ディ	107	107	99	101	357
7211	三菱自	335	336	329	331	1291
7212	エフテック	0	0	0	0	0
7218	田中精密	760	768	760	760	17
7219	ＨＫＳ	555	565	555	565	5
7220	武蔵精密	1150	1150	1150	1150	3
7221	トヨ車	1050	1056	1020	1020	16
7222	産車体	155	155	145	145	77
7223	関東自	597	597	583	583	14
7224	新明和	185	185	174	174	72
7225	小松フォーク	161	161	154	161	129
7226	極東開発	432	434	425	425	21.2
7227	アスカ	0	0	0	0	0
7228	デイトナ	496	525	496	525	37
7229	ユタカ技研	0	0	0	0	0
7230	日信工業	1751	1751	1720	1720	10
7231	トピー	175	175	166	167	216
7232	トキコ	206	206	196	196	318
7233	自部品	72	73	71	71	15
7234	橋本フォーミング	58	60	57	57	12
7235	東ラヂ	0	0	0	0	0
7236	ティラド	403	404	390	390	144
7237	ボッシュブレーキ	0	0	0	0	0
7238	ブレーキ	209	209	199	199	70
7239	タチエス	557	558	557	558	2
7240	ＮＯＫ	1260	1278	1245	1265	501
7241	フタバ	1437	1454	1420	1420	80
7242	カヤバ	178	178	171	171	365
7243	シロキ	190	192	184	187	13
7244	市光工	201	202	199	199	63
7245	大同メ	560	560	530	530	6
7246	プレス工	67	69	66	67	100
7247	ミクニ	120	120	120	120	2
7248	カルソニック	284	284	270	270	127
7249	尾張精	173	173	173	173	2
7250	太平洋工	252	255	250	251	43
7251	ケーヒン	995	995	983	984	126
7252	富士機	180	180	180	180	1
7253	日本ガスケット	400	400	400	400	1
7254	フジユニ	165	165	165	165	1
7255	桜井製	0	0	0	0	0
7256	河西工	181	183	178	183	16
7257	自転車電機工	375	375	355	355	26
7258	栃木富士産業	205	205	203	203	15
7259	アイシン	1520	1520	1500	1500	129
7260	富士機工	201	201	201	201	5
7261	マツダ	298	304	296	297	7759
7262	ダイハツ	835	835	821	825	124
7263	愛知機	201	201	191	191	94
7264	ＭＵＲＯ	0	0	0	0	0
7265	エイケン工業	0	0	0	0	0
7266	今仙電機	307	307	307	307	1
7267	ホンダ	3880	3950	3870	3920	1561
7268	タツミ	0	0	0	0	0
7269	スズキ	1248	1268	1212	1245	1060
7270	富士重	768	768	749	749	682
7271	安永	0	0	0	0	0
7272	ヤマハ発	772	772	761	763	196
7273	イクヨ	0	0	0	0	0
7274	ショーワ	625	626	616	616	45
7275	ユニシア	180	180	171	171	83
7276	小糸製	470	475	470	470	176
7277	ＴＢＫ	102	102	100	100	20
7278	エクセディ	737	737	726	730	13.2
7279	ケーブル	1090	1090	1060	1070	15
7280	ミツバ	415	415	407	407	19
7282	豊田合	2730	2790	2560	2790	377
7283	愛三工	620	620	605	610	17
7284	盟和産	222	225	222	225	4
7285	池田物産	110	111	110	110	79
7286	イズミ工業	0	0	0	0	0
7287	日精機	640	650	630	650	28
7288	テクノエイト	219	219	219	219	1
7289	マーレ テネックス	175	176	175	176	2
7290	日発精密工業	313	313	313	313	7
7291	日本プラスト	0	0	0	0	0
7292	村上開明	0	0	0	0	0
7293	大井製作所	240	240	240	240	5
7294	ヨロズ	416	423	416	416	12.1
7295	アイエス製機	370	370	370	370	7
7296	ＦＣＣ	0	0	0	0	0
7297	カーメイト	580	580	580	580	0.1
7298	八千代工	0	0	0	0	0
7299	フジオーゼ	0	0	0	0	0
7301	宮田	104	105	104	105	5
7305	新家工	98	98	95	95	23
7306	丸石自転車	215	215	206	206	9
7308	ツノダ	0	0	0	0	0
7309	シマノ	2040	2040	2025	2040	122.9
7399	ナンシン	235	235	235	235	2
7404	昭和飛	252	257	252	252	10
7407	日本飛行機	259	259	243	245	33
7408	ジャムコ	405	405	405	405	1
7410	横浜鋼業	100	100	100	100	4
7411	成和産業	0	0	0	0	0
7412	アトム	1329	1329	1300	1300	2.5
7413	創健社	0	0	0	0	0
7414	小野建	600	600	600	600	3
7415	新星堂	278	278	270	270	12
7416	はるやま	698	698	698	698	0.5
7418	ヤマキ	130	130	130	130	2
7419	ノジマ	1340	1350	1340	1340	6.9
7420	佐鳥電機	1259	1259	1210	1230	9
7421	カッパクリエ	4600	4620	4580	4600	11.5
7422	東邦レマック	604	604	604	604	2
7423	フォンテーヌ	1170	1170	1150	1150	7.1
7424	ニコニコ堂	151	151	151	151	3
7425	初穂商事	295	295	285	286	3
7426	山大	0	0	0	0	0
7427	エコーＴＤ	1330	1340	1330	1330	2.3
7428	江戸沢	799	800	799	800	2
7429	セイジョー	1090	1090	1030	1030	3.3
7430	サンワドー	470	470	455	455	0.2
7432	ダルトン	0	0	0	0	0
7433	伯東	3000	3010	2970	2980	47.2
7434	オータケ	1600	1600	1600	1600	0.2
7435	ナ・デックス	506	506	506	506	1
7437	シーアンドエス	4090	4110	4000	4020	36.5
7438	コンドー	374	374	361	365	23
7439	サンミック千代田	0	0	0	0	0
7440	クラフト	0	0	0	0	0
7442	中山福	318	322	318	322	3
7443	横浜魚類	282	282	282	282	2
7444	ハリマ共和	0	0	0	0	0
7445	ライトオン	2080	2080	1920	1940	50.2
7446	東北化学	0	0	0	0	0
7447	ナガイレーベ	2140	2140	2080	2080	0.8
7448	ジンズメイト	760	760	734	734	5
7449	太洋興業	0	0	0	0	0
7450	サンデー	780	790	780	780	4
7451	菱食	4380	4380	4130	4130	11.1
7452	マツヤ	0	0	0	0	0
7453	良品計画	4680	4690	4520	4570	67.9
7454	ホットスパー	98	98	84	84	28
7455	三城	2645	2660	2605	2610	62.9
7456	松田産業	2290	2290	2280	2280	7.5
7457	セキテクノ	400	400	400	400	2
7458	第一興商	1320	1350	1300	1350	15.2
7459	メディセオＨＤ	955	961	930	931	102.2
7460	ヤギ	445	445	445	445	9
7461	キムラ	0	0	0	0	0
7462	ダイヤ通商	0	0	0	0	0
7463	アドヴァン	1283	1283	1230	1230	12.3
7464	セフテック	0	0	0	0	0
7465	ＭＶ北海道	0	0	0	0	0
7466	ＳＰＫ	950	1000	950	1000	1.5
7467	萩原電気	550	550	550	550	1
7468	アムスク	860	870	830	860	17
7470	サロモンメイド	0	0	0	0	0
7471	ふじ	385	385	385	385	1
7472	鳥羽洋行	1020	1020	1000	1000	8
7473	静岡スバル	335	335	335	335	1
7474	パオ	520	520	520	520	3
7475	アルビス	485	485	485	485	3
7476	アズワン	1680	1690	1670	1690	45.4
7477	ムラキ	159	159	155	155	5
7478	ブルーグラス	0	0	0	0	0
7479	サンマルク	3710	3710	3700	3700	11.9
7480	スズデン	530	530	510	510	7
7481	尾家産	640	640	630	640	4
7482	シモジマ	970	970	945	945	6
7483	ドウシシャ	1800	1800	1790	1800	4.6
7485	岡谷鋼機	939	939	939	939	5
7486	サンリン	536	536	536	536	7
7487	小津産業	0	0	0	0	0
7488	ヤガミ	0	0	0	0	0
7490	日新商	0	0	0	0	0
7491	ＯＡシステム	460	460	440	440	9
7492	タイカン	282	282	282	282	1
7494	コナカ	645	650	640	640	12.2
7495	レオ	0	0	0	0	0
7496	八千代ムセン	779	779	779	779	11
7497	マインマート	0	0	0	0	0
7498	ジャパン	1975	1975	1975	1975	0.5
7500	西川計測	400	400	400	400	1
7501	ティムコ	745	745	745	745	0.1
7502	プラザクリエ	0	0	0	0	0
7503	ＩＭＩ	1290	1290	1290	1290	1
7504	高速	580	580	580	580	4
7505	扶桑電通	510	510	510	510	5
7506	ハウスローゼ	700	700	696	696	0.2
7507	浜 勝	0	0	0	0	0
7508	オートセブ	0	0	0	0	0
7509	アイエー	0	0	0	0	0
7510	竹菱電機	0	0	0	0	0
7511	ジプロ	0	0	0	0	0
7512	ポスフール	1019	1020	999	999	9.9
7513	コジマ	2195	2220	2125	2125	66.8
7514	ヒマラヤ	485	485	480	480	9
7515	マルヨシ	0	0	0	0	0
7516	コーナン	991	991	981	981	3.3
7517	黒田電気	2430	2430	2300	2320	7.3
7518	ネットワン	3230000	3230000	3000000	3000000	0.753
7519	五洋インテ	0	0	0	0	0
7520	エコス	430	430	425	425	1.6
7521	ムサシ	1000	1000	910	1000	5
7522	ワタミ	4060	4100	3750	3750	34.4
7523	アールビバン	1010	1010	960	1000	10.2
7524	マルシェ	1040	1040	970	970	2
7527	システムソフ	365	365	350	350	3
7528	安藤薬業公司	280	280	280	280	1
7529	はるやま	0	0	0	0	0
7530	ナブコドア	0	0	0	0	0
7531	清和鋼業	430	450	430	450	4
7532	ドンキホーテ	10610	10700	10210	10210	19.9
7535	グッドマン	1990	1990	1950	1950	1.5
7536	船橋薬品	520	520	510	510	0.4
7537	丸文	1320	1330	1305	1310	12
7538	大水	382	382	380	380	4
7539	アベルコ	330	330	320	320	8
7540	エルエスフェンス	0	0	0	0	0
7541	メガネトップ	1900	2000	1900	1970	19.9
7542	ビスケーＨＤ	810	810	810	810	1
7543	ミスタージョン	0	0	0	0	0
7544	スリーエフ	1150	1150	1150	1150	5.2
7545	西松屋チェ	1540	1540	1460	1460	4.3
7547	オートハローズ	0	0	0	0	0
7548	サンクスＪＰ	1320	1350	1320	1340	10
7549	エス・エス・ブイ	0	0	0	0	0
7550	ゼンショー	900	900	880	890	0.8
7551	ウェッズ	0	0	0	0	0
7552	ハピネット	1994	1994	1850	1900	11.4
7553	サザビー	4480	4480	4400	4430	4.1
7554	幸楽苑	1020	1020	1020	1020	1
7555	大田花き	0	0	0	0	0
7556	住商エレク	1210	1210	1160	1170	4.3
7557	サンクス	3550	3600	3500	3540	30.1
7558	トーメンエレ	4050	4200	4050	4150	2.1
7559	ジーエフシー	0	0	0	0	0
7560	ユニマット	870	870	857	860	5.3
7561	ハークスレイ	1710	1710	1710	1710	1.7
7562	安楽亭	748	748	748	748	2
7563	ニッパン	0	0	0	0	0
7564	ワークマン	0	0	0	0	0
7565	万世電機	405	405	402	402	2
7566	ジャパンケア	1570	1580	1550	1580	12
7567	栄電子	815	815	800	800	4
7568	クレックス	500	500	500	500	2
7569	モンテカルロ	410	469	335	335	37
7570	橋本総業	720	720	720	720	1
7571	ヤマノＨＣ	780	780	760	780	10
7573	ツルハ	1490	1490	1450	1460	4.5
7574	共信テクノ	0	0	0	0	0
7575	日本ライフＬ	800	800	750	750	4.1
7576	ベターライフ	0	0	0	0	0
7577	パスポート	230	230	230	230	2
7578	ニチリョク	605	605	605	605	1
7579	オリジン東	3460	3500	3460	3500	3.5
7580	フーズネット	0	0	0	0	0
7581	サイゼリヤ	5840	5850	5550	5670	27.9
7582	富デバイス	1461	1461	1377	1377	20
7583	通商	0	0	0	0	0
7584	丸紅インフォ	0	0	0	0	0
7585	かんなん	835	835	835	835	1
7586	寺島薬局	951	951	950	950	2.4
7587	ＰＡＬＴＥＫ	2500	2610	2500	2520	9.4
7588	シートゥーネット	6950	6950	6750	6750	10.3
7589	デジキューブ	630000	630000	610000	610000	0.005
7590	タカショー	470	475	470	470	6
7591	エクセル	1130	1130	1090	1110	12
7592	アイ・ユー・ケイ	0	0	0	0	0
7593	ＶＴＨＤ	0	0	0	0	0
7594	マルカキカイ	350	350	350	350	10
7595	アルゴグラフ	1770	1800	1750	1750	5.6
7596	魚力	1430	1430	1400	1400	21.5
7597	東京貴宝	0	0	0	0	0
7598	ナイスクラ	245	250	245	250	2
7599	ガリバー	1650	1680	1525	1540	19.6
7600	日本ＭＤＭ	3300	3410	3300	3350	6.4
7601	ポプラ	1015	1015	1001	1001	5.4
7602	ジャック	1480	1499	1462	1490	25.5
7603	マックハウス	0	0	0	0	0
7604	梅の花	1500000	1500000	1410000	1410000	0.005
7605	フジコーポ	160	200	160	185	86
7606	Ｕアローズ	765	765	750	760	3
7607	進和	1000	1000	1000	1000	1
7608	ＳＫジャパン	0	0	0	0	0
7609	ダイトエレク	2150	2150	2100	2100	4
7610	テイツー	320000	350000	310000	345000	0.163
7611	ハイデ日高	961	980	961	980	2
7612	コモンウェル	0	0	0	0	0
7613	シークス	1320	1350	1290	1350	2.7
7614	オーエムツー	1750	1750	1750	1750	2
7615	京都友禅	450000	450000	446000	448000	0.072
7616	コロワイド	2000	2000	1940	1950	6.5
7617	オオゼキ	3600	3600	3480	3500	5.3
7618	ＰＣＤＥＰＯ	420000	420000	420000	420000	0.002
7619	田中商事	292	292	292	292	2
7620	ヤマト硝子	455	500	431	460	168
7621	うかい	963	963	963	963	1
7622	焼肉サカイ	900	900	875	900	8.2
7623	サンオータス	0	0	0	0	0
7624	内藤	0	0	0	0	0
7625	ダイニング	1800	1800	1710	1710	4.5
7626	ドッドウエル	1350	1350	1300	1300	7
7627	なか卯	1100	1100	1100	1100	1
7628	オーハシテク	0	0	0	0	0
7629	ムラチク	800	800	800	800	2
7630	壱番屋	950	980	950	950	13
7631	マクニカ	10500	10600	10100	10300	4.6
7632	住商メタレックス	595	595	580	585	26
7633	明響社	340	345	340	340	6
7634	星医療	1430	1430	1410	1420	4
7635	杉田エース	0	0	0	0	0
7636	ハンズマン	1030	1030	1030	1030	4
7637	白 銅	1400	1430	1400	1400	12
7638	シーマ	0	0	0	0	0
7639	贔屓屋	0	0	0	0	0
7640	トップカル	1100	1100	1100	1100	1
7641	フォーユー	590000	590000	550000	550000	0.017
7642	ビジョン	540	545	510	520	18.5
7643	ダイイチ	405	405	390	390	6
7644	常盤薬品	0	0	0	0	0
7645	日本トイザ	14300	14400	14300	14300	14
7646	ＰＬＡＮＴ	2500	2510	2480	2510	15
7647	音通	127	127	127	127	1
7648	トーカン	1400	1400	1400	1400	1
7649	スギ薬局	0	0	0	0	0
7701	島津	401	401	382	393	382
7702	ＪＭＳ	392	393	380	382	33
7703	川澄化	1088	1090	1081	1082	8
7704	アロカ	950	950	930	930	4
7705	ジーエル	1380	1380	1350	1350	6
7706	セントラユニ	430	465	430	430	6
7711	助川電気	212	212	212	212	1
7713	シグマ光機	2010	2050	1850	1850	20
7714	モリテックス	6300	6310	5900	5900	51.7
7715	長野計器	2440	2450	2440	2450	4
7716	ナカニシ	1930	1930	1920	1920	6
7717	ブイテクノ	919000	919000	820000	820000	0.04
7718	スター精	1349	1350	1280	1280	32
7719	東衡機	0	0	0	0	0
7720	ソキア	181	184	180	180	19
7721	トキメック	120	122	120	120	94
7723	愛時計	264	266	264	266	8
7724	金門	120	122	120	120	20
7726	黒田精	0	0	0	0	0
7727	オーバル	145	145	140	140	5
7728	電産トーソク	854	854	853	854	14
7729	東京精	7500	7590	7100	7100	109.4
7731	ニコン	1490	1490	1405	1416	1422
7732	トプコン	337	338	335	335	30
7733	オリンパス	1776	1794	1774	1780	1082
7734	理計器	398	401	395	395	8
7735	スクリン	600	600	570	573	1580
7736	ユニオンＨＤ	93	93	86	90	48
7738	チノン	317	319	306	306	10
7739	キヤノン電	1070	1085	1065	1065	8
7740	タムロン	1170	1170	1130	1130	22
7741	ＨＯＹＡ	9610	9610	9150	9200	144.1
7743	シード	0	0	0	0	0
7744	ノーリツ鋼機	2530	2530	2500	2510	5.4
7750	ペンタックス	275	277	270	271	56
7751	キヤノン	3910	3930	3840	3900	3161
7752	リコー	1982	2010	1976	1976	989
7753	ミノルタ	459	459	422	430	406
7756	電産コパル	1500	1500	1440	1440	18
7757	三協精	776	780	740	750	163
7758	セコニック	320	320	316	316	9
7762	シチズン	839	839	811	811	855
7764	オリエント時計	161	165	160	165	25
7765	リコーエレメ	698	698	680	680	5
7768	ジェコー	371	371	371	371	1
7769	リズム	170	170	165	170	163
7770	ミヨタ	1980	1990	1970	1970	4
7771	日本精密	460	460	451	451	2
7854	バンプレスト	1590	1590	1590	1590	1
7855	カーディナル	0	0	0	0	0
7856	萩原工業	770	770	750	750	9
7857	セキ	1450	1450	1450	1450	1
7858	小野産業	800	800	800	800	4
7859	アルメディオ	970	970	965	965	6
7860	エイベックス	8050	8100	7790	7900	35.9
7861	東京リスマ	950	951	945	950	3.3
7862	トッパンフォ	1750	1772	1725	1750	49.6
7863	平賀	640	640	630	630	5
7864	フジシール	2920	2920	2800	2920	26.6
7865	ピープル	0	0	0	0	0
7866	アトラス	790	792	760	792	5.2
7867	トミー	3000	3000	2800	2800	80.2
7868	広済堂	1050	1050	1006	1015	6.7
7869	日本フォーム	470	470	460	460	4
7870	福島印刷	0	0	0	0	0
7871	フクビ	0	0	0	0	0
7872	エステール	445	500	445	500	0.8
7873	アーク	4250	4260	4240	4250	10
7874	スルガ	3650	3700	3600	3640	1.5
7875	竹田印刷	0	0	0	0	0
7876	三陽PAX	0	0	0	0	0
7877	永大化工	630	630	630	630	1
7878	光彩工芸	0	0	0	0	0
7879	ノダ	0	0	0	0	0
7880	南部化成	0	0	0	0	0
7881	ニッソー	85	85	85	85	5
7882	アロン化成	367	367	363	363	15
7883	サンメッセ	1470	1470	1470	1470	2
7884	本間ゴルフ	280	295	280	281	4.5
7885	タカノ	1250	1250	1230	1250	1.4
7886	ヤマト・イン	205	205	205	205	1
7887	南プラ	380	380	380	380	1
7888	三光合成	260	260	250	250	3
7889	桑山	535	535	532	532	0.2
7890	アテナ工業	800	800	800	800	1
7891	日本ユピカ	0	0	0	0	0
7892	宇部日東化成	280	281	280	280	11
7893	亜細亜	0	0	0	0	0
7895	中央化学	1370	1370	1350	1350	1.2
7896	セブン工業	365	365	365	365	1
7897	ホクシン	135	135	125	125	4.7
7898	ウッドワン	657	657	650	650	41
7899	オザキ軽化	360	365	355	355	5
7900	大出産業	0	0	0	0	0
7901	マツモト	0	0	0	0	0
7902	ソノコム	0	0	0	0	0
7903	名木材	0	0	0	0	0
7904	天竜木	30	30	29	29	39
7905	大建工	314	314	305	306	21
7906	ヨネックス	390	390	390	390	7
7907	日防腐	0	0	0	0	0
7908	きもと	0	0	0	0	0
7909	シーアイ化	334	334	330	333	48
7910	段谷産業	61	61	56	56	31
7911	凸版	927	933	912	917	959
7912	大日印	1575	1586	1550	1577	707
7913	図書印	210	210	205	206	16
7914	共同印	320	322	318	318	42
7915	日写印	576	576	560	573	39
7916	光村印	0	0	0	0	0
7917	藤森工業	820	820	814	814	2
7918	ヴィアＨＤ	0	0	0	0	0
7919	野崎紙	230	231	228	228	8
7920	三浦印	408	408	408	408	2
7921	宝印刷	908	909	880	890	16.5
7922	三光産業	0	0	0	0	0
7923	トーイン	0	0	0	0	0
7925	前沢化成	1030	1030	980	980	10.3
7926	ベルテクノ	0	0	0	0	0
7927	ムトー精工	965	965	965	965	1
7928	旭化学	500	500	500	500	1
7929	新輝合成	0	0	0	0	0
7931	未来工業	1110	1110	1100	1100	15.9
7932	ニッピ	0	0	0	0	0
7933	ファイリング	0	0	0	0	0
7934	メルクス	0	0	0	0	0
7935	コンビ	480	490	460	460	41
7936	アシックス	102	103	99	100	140
7937	ツツミ	1520	1520	1451	1500	18
7938	リーガル	0	0	0	0	0
7939	研創	0	0	0	0	0
7940	ウェーブＨＤ	232	232	231	231	2
7942	ＪＳＰ	549	549	549	549	2
7943	ニチハ	699	699	666	666	17.2
7944	ローランド	1905	1905	1815	1815	7.8
7945	コマニー	0	0	0	0	0
7946	光陽社	250	250	250	250	3
7947	エフピコ	3500	3500	3350	3380	11.6
7948	ＡＷ・エモト	110	110	101	101	2
7949	小松ウオール	950	950	940	942	4
7950	日デコラ	510	510	510	510	2
7951	ヤマハ	1150	1150	1082	1082	199
7952	河合楽	138	139	136	136	41
7953	菊水化	0	0	0	0	0
7954	ジャレコ	794	800	740	750	40
7955	クリナップ	520	524	516	516	26
7956	ピジョン	795	795	780	781	7.5
7957	フジコピアン	115	120	111	111	7
7958	天馬	1030	1040	1025	1025	36
7959	オリバー	1050	1050	1050	1050	8
7960	パラマウント	3560	3590	3540	3540	27.8
7961	兼松日産農	154	154	150	150	7
7962	キングジム	600	600	587	587	2
7963	興研	0	0	0	0	0
7964	セガ	1002	1005	961	970	606.7
7965	象印	430	440	430	435	21
7966	リンテック	1050	1050	1012	1020	77
7967	バンダイ	4210	4300	4160	4160	108.6
7968	田崎真珠	417	420	410	410	35
7969	タカラ	413	413	406	413	22
7970	信越ポリ	634	637	616	616	64
7971	東リ	199	199	190	192	55
7972	イトーキ	335	335	315	318	73
7973	ホウトク	0	0	0	0	0
7974	任天堂	17100	17790	17100	17640	465.9
7975	リヒトラブ	210	210	210	210	1
7976	菱鉛筆	801	801	790	800	11
7977	フランスベッド	332	332	330	331	41
7979	松風	0	0	0	0	0
7980	重松製	0	0	0	0	0
7981	タカラスタ	429	429	416	425	46
7983	ミロク	0	0	0	0	0
7984	コクヨ	1700	1700	1615	1615	52
7985	ネポン	239	239	239	239	1
7986	キング工	115	115	115	115	1
7987	ナカバヤシ	257	257	250	251	43
7988	ニフコ	1075	1075	1031	1040	118
7989	ブラインド	691	691	691	691	1.5
7990	ダイワ精	125	125	122	122	36
7991	マミヤＯＰ	220	220	217	218	34
7992	セーラー	638	638	600	603	221
7993	サンウエブ	175	175	172	172	13
7994	岡村製	501	501	490	490	73
7995	バルカー	159	159	151	151	178
7996	パイロット	509	509	499	500	7
7997	くろ工	0	0	0	0	0
7999	武藤工	273	273	255	256	80
8000	カイゲン	0	0	0	0	0
8001	伊藤忠	517	523	513	516	6953
8002	丸紅	267	270	261	262	1298
8003	トーメン	117	117	113	113	337
8004	ニチメン	118	119	112	113	1116
8005	ムトウ	600	600	590	590	9
8006	ユアサフナ	156	159	153	153	44
8007	高島	125	125	118	119	42
8008	アスティ	0	0	0	0	0
8010	新興産業	108	110	105	110	27
8011	三陽商	291	296	290	290	77
8012	長瀬産	453	461	450	450	103
8013	ナイガイ	83	83	80	81	43
8014	蝶理	101	103	100	101	65
8015	豊田通商	391	399	381	381	90
8016	オンワード	901	904	890	902	212
8017	阪急共栄物産	130	131	130	130	5
8018	三共興	254	255	252	252	19
8019	市田	50	50	49	49	74
8020	兼松	133	133	126	127	874
8021	レナウン	96	96	90	91	431
8022	ミズノ	322	325	316	317	122
8023	大興電子	365	365	360	360	4
8024	シルバーＯＸ	420	430	415	415	6
8025	ツカモトＣ	126	126	125	125	4
8027	ルシアン	80	80	75	75	47
8028	ファミリーＭ	2690	2710	2680	2705	645.4
8029	ルック	233	233	223	229	21
8030	中央魚	180	180	180	180	2
8031	三井物	716	716	699	699	1785
8032	紙パ商	346	346	337	337	21
8033	ジーネット	155	155	155	155	2
8035	東エレク	7810	7860	7560	7610	806.9
8036	日立ハイテク	1200	1200	1180	1185	64
8037	カメイ	501	502	500	500	5
8038	東都水	270	270	259	259	67
8039	築地魚	152	152	152	152	7
8040	東ソワール	210	215	209	210	16
8041	魚市場	309	309	309	309	1
8042	マタイ	212	212	205	205	21
8043	スターゼン	180	182	180	180	43
8044	大都魚	135	135	135	135	8
8045	浜丸魚	410	410	410	410	2
8046	丸藤パ	130	130	129	129	12
8047	デジ・ネット	376	376	376	376	1
8048	シャディ	1681	1681	1610	1610	6.1
8050	セイコー	435	435	415	415	87
8051	山善	199	199	194	195	72
8052	椿本興	181	181	170	170	21
8053	住友商	800	801	780	781	1685
8056	ユニシス	1310	1330	1290	1300	113.9
8057	内田洋	655	665	645	647	47
8058	三菱商	800	801	786	786	2880
8059	第一実	211	211	202	202	50
8060	キヤノン販	1351	1360	1332	1332	363
8061	西華産	160	161	159	159	84
8063	日商岩井	124	124	114	114	6210
8064	金商	110	115	108	115	24
8065	佐藤商	354	361	351	351	5
8066	三谷商	0	0	0	0	0
8067	トミヤアパ	265	265	260	260	21
8068	菱洋エレク	1384	1385	1330	1330	84
8070	東京産	293	293	288	288	16
8071	東海物産	379	379	379	379	1
8072	出版貿	0	0	0	0	0
8073	Ｔ・ＺＯＮＥ	210	220	200	210	41
8074	ユアサ商	118	118	115	115	147
8075	神鋼商	143	143	133	133	21
8076	カノークス	0	0	0	0	0
8077	小林産	170	170	170	170	10
8078	阪和興	102	102	98	98	219
8079	正栄食	0	0	0	0	0
8080	ジョイス	990	990	990	990	0.8
8081	カナデン	451	460	451	451	20
8083	サンテレ	260	260	260	260	1
8084	菱電商	334	336	332	332	73
8085	ナラサキ産業	153	160	145	150	35
8086	ニプロ	856	858	852	852	34
8087	フルサト	365	365	365	365	2
8088	岩谷産	228	229	222	222	597
8089	ナイス	234	238	226	227	248
8090	昭光通商	138	138	136	137	72
8091	ニチモウ	123	123	119	119	46
8092	富士通シス	1760	1760	1680	1682	20.6
8093	極東貿易	535	535	522	522	68
8095	イワキ	200	200	196	196	3
8096	兼松エレク	491	491	476	476	15
8097	三愛石	310	310	298	298	19
8098	稲畑産	610	610	604	604	189
8100	藤井	0	0	0	0	0
8101	ＧＳＩクレ	103	103	101	101	25
8103	明和産	100	100	95	95	6
8105	丸正	0	0	0	0	0
8107	キムラタン	44	44	44	44	7
8109	山洋工	71	71	71	71	3
8110	川鉄商事	120	120	112	114	84
8111	ゴルドウイン	127	127	122	124	13
8112	東スタイル	1034	1034	1010	1010	35
8113	ユニチャーム	5140	5140	4930	4940	61.8
8114	デサント	198	198	190	190	36
8115	ムーンバット	101	103	98	103	22
8116	ダーバン	180	180	165	165	229
8117	中央自	240	240	240	240	7
8118	キング	136	139	136	136	14
8119	三栄コ	285	285	271	271	15
8120	大木	243	251	243	243	8
8123	川辺	0	0	0	0	0
8125	ワキタ	262	262	250	250	50
8126	三光純薬	290	290	280	280	8
8127	ヤマトインタ	109	109	109	109	1
8128	エフワン	47	47	47	47	22
8129	東邦薬	0	0	0	0	0
8130	サンゲツ	1450	1450	1438	1445	44
8131	ミツウロコ	610	610	598	599	15
8132	シナネン	345	346	340	340	45
8133	伊藤忠エネ	395	395	390	391	88
8134	ＴＯＫＡＩ	661	690	661	678	52
8135	ゼット	112	112	112	112	2
8136	サンリオ	2130	2150	2075	2080	301
8137	サンワテク	0	0	0	0	0
8138	三京化	180	180	180	180	13
8139	ナガホリ	236	236	230	230	3
8140	リョーサン	1960	1960	1920	1937	53
8141	新光商	772	772	740	740	44
8142	トーホー	874	880	851	851	20
8143	ラピーヌ	73	75	73	73	15
8144	電響社	371	371	365	365	10
8145	中部水産	236	236	235	235	2
8146	小杉産	125	125	125	125	4
8147	トミタ	229	229	228	228	2
8148	上原成	268	268	264	264	6
8150	三信電	667	668	658	658	53
8151	東陽テク	2900	2900	2760	2780	66
8152	ソマール	250	250	250	250	2
8153	モスフード	926	929	920	925	11
8154	加賀電子	1375	1382	1320	1321	25
8155	三益半導	1275	1275	1210	1225	25.3
8156	ガステック	417	417	407	407	3
8157	都築電	414	414	401	401	11
8158	ソーダニッカ	183	183	181	181	8
8159	立花エレ	619	620	619	620	3
8160	木曽路	1190	1199	1190	1199	2.5
8161	エイデン	760	760	710	718	18
8163	サトＲＳ	686	686	686	686	5
8164	キャビン	85	87	83	83	101
8165	千趣会	560	565	556	565	40
8166	タカキュー	101	102	100	100	32.5
8167	丸久	185	185	185	185	1
8168	ケーヨー	519	519	493	495	114.2
8169	宝船	0	0	0	0	0
8170	アデランス	4250	4260	4110	4110	74.7
8171	ＭＶ中部	0	0	0	0	0
8172	第一家庭電器	42	43	40	41	249
8173	上新電	281	281	278	278	12
8174	日ガス	600	600	595	595	4
8175	ベスト電	566	566	553	560	58
8176	西洋フードシス	330	334	329	329	39
8178	マルエツ	314	314	305	307	52
8179	ロイヤルＨＤ	956	960	953	957	47
8180	すかいらく	2935	2985	2910	2985	110
8181	東天紅	302	303	302	302	22
8182	いなげや	600	601	599	599	9
8183	セブン−イレブン	6790	6850	6690	6770	661
8184	島忠	1391	1391	1355	1355	82.5
8185	チヨダ	500	510	485	485	11.6
8186	大塚家具	6750	6800	6650	6800	22.5
8188	ヨークベニ	2490	2490	2475	2475	12.2
8189	マツヤデンキ	235	239	228	228	34
8190	ヤマナカ	0	0	0	0	0
8191	光製作	0	0	0	0	0
8192	中川無線	76	76	70	71	23
8193	鈴丹	100	100	95	95	42
8194	ライフコーポ	640	640	640	640	8
8195	デニーズジャパン	1869	1869	1800	1800	6
8196	カスミ	425	426	423	423	14
8197	東急ストア	315	315	305	306	20
8199	デオデオ	675	698	670	673	53.7
8200	リンガハット	1190	1200	1190	1190	3.5
8201	さが美	358	358	356	356	20
8202	ラオックス	425	425	424	425	8
8203	ＭｒＭａｘ	328	330	316	316	54.2
8204	ジョナサン	1550	1550	1530	1540	8
8205	シャクリー	821	821	821	821	1
8206	アポロイン	73	73	73	73	3
8207	テンアライド	385	387	382	383	9
8208	エンチョー	360	365	360	365	3
8209	フレンドリ	0	0	0	0	0
8210	フットワーク	142	143	142	143	9
8211	相鉄ローゼ	486	486	482	482	14
8212	オーク	108	108	106	107	15
8213	トステムビバ	356	356	331	340	21
8214	アオキインタ	320	320	317	319	44.7
8215	銀座山形屋	200	200	195	195	3
8216	フォルクス	506	510	506	506	5
8217	オークワ	910	910	910	910	2
8218	コメリ	2300	2300	2210	2225	25.7
8219	青山商	784	790	784	786	100.1
8225	タカチホ	130	130	129	129	6
8226	理経	352	352	340	340	5
8227	しまむら	7000	7000	6450	6690	51.7
8228	マルイチ	0	0	0	0	0
8229	ＣＦＳコーポ	815	825	813	813	3
8230	はせがわ	720	730	719	730	32
8231	三越	465	467	453	460	926
8232	東急百貨店	82	82	80	81	320
8233	高島屋	821	822	804	808	316
8234	大丸	323	325	322	323	452
8235	松坂屋	270	270	258	258	70
8236	丸善	266	268	255	256	1352
8237	松屋	352	357	342	342	11
8238	伊勢丹	1168	1170	1141	1145	1120
8239	横浜松坂屋	83	83	83	83	4
8240	サッポロライオン	689	689	650	650	4
8241	阪神百貨店	0	0	0	0	0
8242	阪急百	469	472	462	471	417
8244	近鉄百貨店	134	134	134	134	1
8245	丸栄	219	219	218	218	5
8247	大和	190	190	190	190	10
8248	ニッセン	295	295	290	294	8.1
8249	東洋物	600	600	580	580	12
8250	小松ストアー	0	0	0	0	0
8251	パルコ	320	320	313	313	22
8252	丸井	1582	1592	1576	1592	848
8253	クレセゾン	2330	2330	2280	2280	111.4
8254	さいか屋	375	375	375	375	3
8255	原信	850	850	850	850	2.1
8256	プロルート	229	229	229	229	1
8257	山陽百	3550	3550	3550	3550	0.2
8258	ＯＭＣカード	282	286	280	282	69
8259	十字屋	41	42	40	41	187
8260	井筒屋	158	158	146	146	471
8261	ｼ鉄百貨店	166	166	166	166	2
8263	ダイエー	199	200	190	191	1158
8264	イトーヨーカ堂	5290	5290	5090	5160	475
8265	壽屋	116	125	116	125	17
8266	イズミヤ	684	684	662	662	35
8267	イオン	2435	2445	2380	2385	675
8268	西友	311	311	301	301	132
8269	マイカル	240	243	240	241	480
8270	ユニー	1240	1257	1221	1225	313
8273	イズミ	1000	1001	978	978	33
8274	東武ストア	164	172	161	172	13
8275	フォーバル	1370	1410	1330	1350	16.3
8276	平和堂	738	738	720	720	11
8278	フジ	1884	1920	1884	1887	6.9
8279	ヤオコー	1199	1199	1160	1160	2.9
8280	富士冷機	356	356	350	351	17
8281	ゼビオ	1847	1850	1751	1770	55.6
8282	ギガスケーズ	1700	1700	1650	1650	10.6
8283	パルタック	544	544	544	544	4
8285	三谷産業	0	0	0	0	0
8287	ＭＶ西日本	1070	1070	1070	1070	3
8289	オリンピック	1980	2000	1950	1990	16.7
8290	デンコードー	650	650	650	650	1
8291	東日カーライフ	200	200	190	190	14
8293	愛トヨ	814	815	814	814	20
8295	キャノンシステム	789	789	789	789	2
8298	ファミリー	225	235	225	230	9
8299	大栄太源	0	0	0	0	0
8301	日銀	0	0	0	0	0
8305	みずほＨ	716000	719000	707000	712000	6.671
8314	さくら銀行	702	702	691	700	4216
8315	東京三菱銀	1191	1191	1178	1181	3713
8318	三井住友銀行	1190	1190	1172	1180	2226
8319	大和銀行	207	207	200	200	1128
8320	三和銀行	830	832	820	823	3349
8321	東海銀行	514	514	506	506	2411
8322	あさひ銀行	399	400	392	396	3075
8324	第四銀	392	392	381	381	115
8325	北越銀	304	304	289	289	76
8326	福岡銀	518	518	505	506	497
8327	西日本シティ銀	433	433	415	416	83
8331	千葉銀	447	447	441	442	871
8332	横浜銀	525	525	509	516	583
8333	常陽銀	366	366	358	358	260
8334	群馬銀	538	538	526	529	345
8335	足利銀行	200	200	196	200	214
8336	武蔵銀	4240	4240	4140	4140	9.2
8337	千葉興	1099	1099	1010	1010	10.3
8338	関東つくば銀	1350	1359	1271	1291	5.1
8339	都民銀	2255	2255	2200	2215	14.2
8341	七十七	645	645	622	630	327
8342	青森銀	500	500	475	475	60
8343	秋田銀	390	390	373	375	227
8344	山形銀	550	550	520	521	45
8345	岩手銀	3800	3800	3710	3710	4.7
8346	東邦銀	409	410	400	400	195
8349	東北銀	230	230	220	220	36
8350	みちのく銀	665	665	637	644	33
8353	北海道銀行	128	129	127	129	139
8355	静岡銀	1040	1042	1021	1032	361
8356	十六銀	453	453	447	448	125
8357	北陸銀行	231	231	225	225	173
8358	スルガ銀	1037	1037	976	1002	345
8359	八十二	591	597	583	583	119
8360	山梨銀	345	345	337	339	265
8361	大垣共立	597	597	585	585	103
8362	福井銀	300	300	287	287	85
8363	北国銀	457	457	445	445	87
8364	清水銀	4300	4300	4050	4150	4.2
8365	富山銀	460	460	460	460	1
8366	滋賀銀	495	495	470	470	47
8367	南都銀	365	365	350	350	155
8368	百五銀	449	451	440	440	162
8369	京都銀	526	526	505	510	137
8370	紀陽銀	297	297	285	286	236
8371	近畿大阪銀	166	166	163	163	6
8372	泉州銀	320	320	292	292	35
8374	三重銀	488	493	484	489	17
8375	池田銀	5500	5500	5260	5360	4.2
8379	広島銀	414	414	400	400	186
8380	山口銀	659	666	658	662	133
8381	山陰合銀	560	575	560	570	271
8382	中国銀	835	836	802	816	108
8383	鳥取銀	365	369	356	367	43
8385	伊予銀	610	615	598	598	68
8386	百十四	625	625	615	615	76
8387	四国銀	620	620	601	611	51
8388	阿波銀	504	504	493	493	86
8390	鹿児銀	420	420	401	401	131
8391	親和銀行	345	346	340	340	31
8392	大分銀	603	603	558	558	34
8393	宮崎銀	391	391	375	375	40
8394	肥後銀	407	413	400	400	46
8395	佐賀銀	380	380	360	360	76
8396	十八銀	423	423	416	420	85
8397	沖縄銀	2350	2380	2270	2380	2.1
8399	琉球銀	1540	1540	1510	1530	7.8
8402	三菱信託	811	815	802	806	1613
8403	住友信	796	796	746	746	1130
8404	みずほ信託銀	101	101	97	97	1063
8405	日本信託	161	164	161	162	165
8407	東洋信託	385	385	372	376	1925
8408	中央三井信	365	365	353	355	518
8473	ＳＢＩＨＤ	1480000	1500000	1380000	1480000	0.307
8489	アプレック	292	300	292	295	5
8493	インター	838	838	811	815	2.2
8507	学研クレジット	0	0	0	0	0
8508	イッコー	440	440	421	421	11
8511	日証金	412	417	400	402	160
8512	大証金	213	213	212	212	7
8513	中証金	179	179	179	179	1
8515	アイフル	9160	9250	9050	9250	52.3
8518	アジア投資	295	302	273	274	652
8519	ポケットＣ	1750	1750	1670	1687	42.7
8520	殖産銀行	420	420	420	420	4
8521	長野銀	474	474	451	451	20
8522	名古屋銀	595	595	586	586	73
8524	北洋銀行	702	702	677	677	65
8527	愛知銀	7700	7700	7450	7460	2.6
8528	岐阜銀	178	178	170	177	46
8529	第三銀	473	473	445	446	78
8530	中京銀	443	444	438	444	45
8533	広島総合銀行	414	414	400	405	40
8536	東日銀	560	560	550	560	42
8537	大光銀	300	300	300	300	32
8539	福岡シティ銀	432	432	420	424	54
8541	愛媛銀	470	470	460	465	31
8542	トマト銀	0	0	0	0	0
8543	みなと銀	268	271	268	269	103
8544	京葉銀	311	311	305	305	60
8545	関西アーバン	130	130	120	124	76
8548	九州銀行	315	318	314	314	27
8549	せとうち銀行	0	0	0	0	0
8550	栃木銀	658	658	632	642	13
8551	北日銀	5690	5690	5540	5560	3.6
8552	びわこ銀	269	269	269	269	2
8556	香川銀	604	605	601	601	87
8558	東和銀	422	423	420	422	24
8561	徳島銀	700	700	690	690	47
8562	福島銀	319	320	317	320	20
8563	大東銀	327	327	318	327	40
8564	武富士	7470	7470	7160	7160	181.2
8565	三洋クレ	4240	4250	4090	4150	16.9
8566	リコーリース	2000	2000	1950	1950	19.6
8567	クレディア	1650	1650	1610	1610	6.5
8568	シンキ	860	861	800	823	31.9
8569	ユニココーポ	1000	1000	1000	1000	1.5
8570	イオンクレ	6360	6400	6210	6300	56
8571	ニッシン	4310	4400	4150	4150	12.4
8572	アコム	8870	8870	8700	8710	185
8573	三洋信販	3290	3320	3240	3270	59.1
8574	プロミス	7220	7240	7010	7080	149.4
8577	ロプロ	581	591	579	590	99.7
8579	東京リース	600	600	600	600	13
8580	ファーストクレジット	150	153	143	143	52
8583	日信販	151	153	148	148	720
8584	ジャックス	315	315	310	310	77
8585	オリコ	152	153	144	144	767
8586	日立キャピ	2205	2205	2160	2185	259.4
8588	セントラル	344	344	335	343	31
8589	アプラス	98	99	97	99	43
8591	オリックス	11360	11740	10930	11400	201
8592	住商リース	1100	1100	1040	1069	28
8593	ダイヤリース	1096	1096	1085	1087	38
8595	ジャフコ	12300	12400	12000	12000	109.7
8597	ＳＦＣＧ	11100	11100	10270	10400	45.04
8599	ＵＦＪセント	540	540	530	530	20
8601	大和証Ｇ	1180	1184	1132	1145	3410
8603	日興コーデ	860	865	844	850	4026
8604	野村ＨＤ	2285	2295	2210	2220	4792
8606	新光	367	368	362	363	887
8607	みずほイン証	154	154	143	143	591
8609	岡三ＨＤ	568	568	554	554	118
8610	さくらフレンド	209	210	205	205	96
8611	コスモ証	158	160	150	150	133
8613	丸三	497	497	480	480	64
8614	東洋	250	250	244	244	87
8615	三菱証	966	971	940	941	344
8616	東海東京	261	265	250	250	247
8617	光世	190	199	187	187	81
8621	ＵＦＪつばさ証券	387	390	375	382	237
8622	水戸	270	275	270	270	14
8623	ＳＭＢＣ証	215	230	215	224	9
8624	いちよし証	410	415	400	405	85
8625	高木	355	365	355	365	10
8626	マネックス	55000	55100	53800	53800	0.448
8627	イー・トレード	395000	398000	371000	372000	0.147
8691	証券代	840	840	820	820	2
8692	だいこう	0	0	0	0	0
8740	フジトミ	500	500	500	500	4
8741	スターフューチャーズ	880	880	850	850	10
8742	小林洋行	1185	1190	1170	1190	0.7
8743	ひまわり証	0	0	0	0	0
8744	日本ユニコム	0	0	0	0	0
8745	グローバリー	1180	1220	1180	1210	9
8746	第一商品	0	0	0	0	0
8747	豊商事	565	565	565	565	4
8748	岡藤商事	350	350	350	350	2
8749	エース交易	192	192	192	192	3
8751	東京海上火災	1230	1257	1229	1229	2077
8752	三井住友海上	650	650	629	629	2198
8753	住友海上火災	719	719	702	705	1379
8754	日本興亜	400	401	396	398	207
8755	損害保険Ｊ	640	654	637	647	3883
8756	日産火災海上	375	384	375	380	692
8757	日新火	230	231	228	228	57
8758	千代田火災	308	308	298	304	250
8759	ニッセイ同和	258	264	256	262	228
8760	日動火災海上	583	583	578	581	332
8761	あいおい損保	330	330	325	326	359
8762	興亜火災	395	396	390	395	93
8763	富士火	194	194	192	192	290
8764	太陽火災	0	0	0	0	0
8765	大成火災海上	301	308	301	304	37
8801	三井不	1125	1130	1105	1105	1546
8802	菱地所	1235	1239	1215	1219	1662
8803	平和不	270	271	265	265	191
8804	東建物	198	199	194	198	346
8805	中央地	90	90	89	90	27
8806	ダイビル	916	916	854	854	47
8809	サンケビル	345	346	340	344	28
8810	港振興	0	0	0	0	0
8815	東急不	115	116	110	110	456
8817	阪急不動産	339	343	339	339	11
8818	京阪神不	306	307	304	304	5
8821	立飛企	0	0	0	0	0
8829	大和団地	206	208	201	208	49
8830	住友不	586	586	545	555	2643
8832	小田急不	190	190	190	190	2
8833	東宝不	375	375	370	370	8
8834	藤和不	54	55	52	54	452
8835	太平発	119	119	116	117	25
8836	ヒューネット	530	530	450	458	2130
8838	有楽地	168	170	165	170	34
8839	ニチモ	70	71	70	70	83
8840	大京	186	186	180	181	191
8841	テーオーシー	700	700	690	694	37
8842	楽天地	350	350	350	350	12
8844	リクコスモス	423	423	420	420	31
8845	セザール	204	204	195	196	74
8846	積和不動産	405	405	405	405	3
8848	レオパレス	234	235	228	228	117
8850	スターツ	690	695	690	695	4
8851	アバンライフ	130	140	130	140	3
8852	積和不動関西	318	318	317	317	28
8853	ダイヤシティ	320	320	320	320	2
8854	日住	215	215	215	215	1
8855	全日空ビル	116	116	116	116	1
8857	三井不動販売	526	526	501	501	54
8858	ダイア建	195	235	188	235	329
8860	フジ住	446	446	430	438	18
8863	積和不動中部	412	412	411	411	3
8864	空港施設	413	413	395	395	53
8865	神鋼興産	231	231	231	231	2
8866	コマーシャル	220	221	211	211	14
8867	横浜地下街	265	270	265	270	3
8868	ＵＲＢＡＮ	1700	1700	1620	1650	31.9
8869	明和地所	1950	1955	1860	1860	23.6
8870	住不販売	3650	3650	3600	3600	9.2
8871	ゴールドクレ	7700	7710	7510	7570	8.1
8872	エイブル	850	850	810	850	20
8873	積和不動中国	0	0	0	0	0
8874	ジョイント	2300	2300	2210	2230	3.4
8875	東栄住宅	1398	1398	1350	1351	5.7
8876	リロＨＤ	6300	6350	6300	6350	4.4
8877	エスリード	780	780	740	777	36
8878	日綜地所	770	830	770	830	46
8879	東急リバブル	630	630	630	630	1
8880	飯田産業	1310	1310	1310	1310	1.3
8881	日神不動産	1320	1320	1300	1320	3
8882	ゼファー	0	0	0	0	0
8884	ディックス	0	0	0	0	0
8886	ウッドフレン	415000	415000	410000	410000	0.004
8887	リベレステ	980000	1080000	980000	995000	0.207
9001	東武	326	328	321	322	423
9002	西武鉄道	1402	1402	1380	1382	65
9003	相鉄	282	283	281	281	137
9004	箱根登山鉄道	263	263	263	263	5
9005	東急	610	610	601	601	684
9006	京急	450	450	446	450	354
9007	小田急	400	400	396	396	295
9008	京王	480	483	472	480	1485
9009	京成	266	266	260	260	319
9010	富士急	381	381	356	357	27
9012	秩父鉄	0	0	0	0	0
9013	伊豆箱根鉄道	0	0	0	0	0
9014	新京成	261	262	261	262	4
9017	新潟交	0	0	0	0	0
9019	伊豆急行	2080	2080	2000	2000	2.9
9020	ＪＲ東日本	666000	667000	660000	666000	6.279
9021	ＪＲ西日本	530000	534000	522000	528000	2.249
9022	ＪＲ東海	730000	730000	709000	711000	2.371
9031	西鉄	276	277	275	277	122
9033	広電鉄	1220	1220	1220	1220	1
9036	東部ネット	0	0	0	0	0
9037	ハマキョウ	0	0	0	0	0
9038	東海西濃	305	305	290	290	3
9039	サカイ引越	1821	1900	1820	1830	4.7
9040	大宝運輸	270	270	270	270	4
9041	近鉄	466	466	458	458	584
9042	阪急ＨＤ	367	368	365	365	289
9043	阪神	290	291	288	288	153
9044	南海電	360	360	358	358	94
9045	京阪電	348	349	345	345	72
9046	神電鉄	422	424	422	424	20
9047	名糖運輸	1100	1100	1095	1095	18.1
9048	名鉄	302	303	301	301	179
9049	京福電	0	0	0	0	0
9050	三重交	335	335	335	335	1
9051	センコン物流	0	0	0	0	0
9052	山陽電	255	255	255	255	21
9053	中央運輸	0	0	0	0	0
9054	大和物流	460	460	460	460	1
9055	アルプス物流	551	551	540	540	9
9056	ヒューテック	1160	1160	1160	1160	5
9057	遠州トラック	600	600	600	600	1
9058	トランコム	400	400	400	400	1
9059	カンダ	295	295	260	260	6
9060	日ロジテム	0	0	0	0	0
9061	富士物流	180	180	180	180	4
9062	日通	673	673	663	664	1617
9063	岡県運送	0	0	0	0	0
9064	ヤマト運	2100	2120	2075	2100	663
9065	山九	96	98	95	96	275
9066	日新	195	196	192	195	62
9067	丸運	190	190	188	188	2
9068	丸全運	202	204	198	200	27
9069	センコー	206	206	197	197	51
9070	トナミ	215	215	210	210	81
9072	日梱包	709	709	696	699	52
9073	京極運	0	0	0	0	0
9074	日石輸	178	183	178	178	4
9075	福山運	475	476	461	461	196
9076	西濃運	493	493	485	486	132
9077	名鉄運	0	0	0	0	0
9078	エスライン	237	237	237	237	1
9079	東急ロジ	0	0	0	0	0
9080	関東西濃	1700	1700	1700	1700	1
9081	神奈交	490	495	490	495	7
9082	大和自	0	0	0	0	0
9083	神姫バ	478	478	478	478	1
9086	日立物流	574	574	553	555	43
9087	タカセ	0	0	0	0	0
9088	濃飛西濃	0	0	0	0	0
9089	ロジパル	0	0	0	0	0
9101	郵船	471	472	453	458	1839
9104	商船三井	222	223	216	217	2300
9107	川崎汽	179	182	177	177	1171
9110	新和海	65	65	63	63	86
9113	乾汽船	63	63	61	61	6
9114	日之出汽船	46	46	45	45	50
9115	明治海	160	160	155	155	16
9119	飯野海	152	152	148	150	78
9123	太平海	47	47	46	46	15
9127	玉井船	41	41	41	41	15
9130	共栄タ	102	102	101	101	9
9132	第一汽	45	46	45	46	91
9133	東栄リーファ	115	115	115	115	1
9151	東京船舶	85	86	85	86	5
9152	関西汽	42	43	41	42	140
9171	栗林船	0	0	0	0	0
9173	東海汽	326	326	326	326	2
9174	ワンダーＴ	230	230	225	225	10
9176	佐渡汽	0	0	0	0	0
9178	日鉄物流	0	0	0	0	0
9179	川崎近海	168	168	165	165	9
9180	新和内航	0	0	0	0	0
9193	東京汽	322	322	310	310	6
9201	日本航空	533	536	526	527	5126
9202	ＡＮＡ	388	391	380	382	3040
9203	日本エアシス	3760	3800	3750	3750	2
9204	スカイマーク	109000	110000	102000	102000	0.05
9231	国際航	519	520	516	518	15
9232	パスコ	415	415	382	384	18
9233	アジア航	309	309	308	308	4
9301	三菱倉	1018	1019	1003	1004	180
9302	三井倉	221	223	216	216	231
9303	住友倉	281	282	280	281	108
9304	渋沢倉	242	242	236	236	50
9305	ヤマタネ	118	119	118	118	27
9306	東陽倉	194	194	194	194	3
9307	杉村倉	437	437	437	437	1
9308	イヌイ建	391	391	391	391	1
9309	京神倉庫	0	0	0	0	0
9310	トランシティ	191	192	190	190	13
9311	アサガミ	184	184	184	184	2
9312	ケイヒン	139	140	138	138	15
9313	丸八倉	0	0	0	0	0
9314	品川倉	155	155	155	155	3
9317	オーナミ	115	115	115	115	3
9318	Ｊブリッジ	230	230	230	230	3
9319	中央倉	520	530	520	530	9
9320	三和倉	0	0	0	0	0
9321	アイロジステ	148	148	148	148	2
9322	川西倉	630	630	630	630	1
9323	ロジステック	600	600	440	440	10
9324	安田倉	361	361	360	360	5
9351	洋埠頭	142	143	141	141	57
9353	桜島埠	0	0	0	0	0
9355	リンコー	111	111	111	111	3
9357	名港海	0	0	0	0	0
9358	宇徳運	135	135	132	132	4
9359	伊勢湾	238	238	238	238	4
9360	鈴与シンワ	0	0	0	0	0
9361	伏木運	0	0	0	0	0
9362	兵機海	0	0	0	0	0
9363	大運	51	51	50	50	7
9364	上組	490	492	482	487	345
9365	トレーディア	0	0	0	0	0
9366	サンリツ	670	678	670	678	0.4
9367	大東港運	0	0	0	0	0
9368	キムラユニテ	0	0	0	0	0
9369	キユソ流通	1120	1120	1102	1102	4
9370	郵船航空	1830	1830	1790	1790	4.2
9373	ニッコウトラ	1400	1400	1390	1390	2
9374	軽貨急配	851	879	835	835	29
9375	近鉄エクス	1200	1200	1180	1180	4
9401	ＴＢＳ	3350	3440	3300	3300	466
9402	ＣＢＣ	890	890	880	880	0.5
9404	日テレ	45000	45000	44050	44300	52.24
9405	朝日放	9900	11000	9900	11000	4.49
9408	新潟放	0	0	0	0	0
9409	テレビ朝日	340000	340000	329000	330000	0.526
9432	ＮＴＴ	920000	923000	912000	913000	12.23
9433	ＫＤＤＩ	580000	590000	568000	570000	6.192
9434	ボーダフォン	2280000	2300000	2160000	2200000	0.886
9435	光通信	2190	2190	2080	2085	47.7
9436	沖縄セルラー	240000	240000	228000	228000	0.047
9437	ＮＴＴドコモ	2590000	2590000	2510000	2510000	14.395
9438	ＭＴＩ	300000	300000	276000	276000	0.105
9439	ビーアイジー	279000	279000	270000	270000	0.007
9441	ベルパーク	0	0	0	0	0
9442	ＪＳＡＴ	862000	863000	823000	823000	0.295
9443	インテックコミュ	600	600	590	590	8
9444	トーシン	230000	230000	230000	230000	0.003
9445	フォバルテレ	250000	250000	230000	230000	0.004
9449	ＧＭＯインター	990	990	930	950	19
9470	学研	152	157	150	150	115
9471	文渓堂	700	700	700	700	1
9472	エスコム	262	262	232	255	67
9473	アスキー	602	612	601	601	11
9474	ゼンリン	1725	1725	1650	1670	37.5
9475	昭文社	1231	1237	1208	1208	36
9476	中央経済	355	360	355	360	2
9477	角川ＨＤ	2850	3090	2800	3090	156
9478	翔泳社	1550000	1580000	1520000	1520000	0.005
9479	インプレスＨＤ	401000	401000	390000	390000	0.131
9501	東電	2690	2710	2670	2695	2497.3
9502	中部電	1890	1913	1881	1890	674.6
9503	関西電	1869	1890	1869	1880	958
9504	中国電	1551	1553	1533	1540	594.4
9505	北陸電	1501	1513	1495	1495	120.4
9506	東北電	1484	1484	1470	1473	361.8
9507	四国電	1485	1489	1435	1440	200.4
9508	九州電	1575	1575	1515	1544	1219.4
9509	北海電	1469	1469	1430	1430	154.9
9511	沖縄電	1880	1880	1860	1880	3.5
9531	東ガス	329	329	316	320	5950
9532	大ガス	313	315	305	314	4699
9533	邦ガス	205	207	205	205	215
9534	北ガス	195	195	192	192	8
9535	広ガス	0	0	0	0	0
9536	西部ガス	155	155	151	151	234
9537	北陸ガ	305	306	305	306	4
9539	葉ガス	0	0	0	0	0
9540	中ガス	201	201	201	201	3
9541	大多喜ガス	331	331	331	331	1
9542	新日ガス	0	0	0	0	0
9600	アイネット	0	0	0	0	0
9601	松竹	504	504	499	499	19
9602	東宝	16100	16110	15920	15920	10.8
9603	ＨＩＳ	1660	1660	1580	1640	52.8
9604	際放映	130	130	130	130	1
9605	東映	426	431	420	420	494
9607	葵プロ	1070	1070	1060	1060	7.5
9608	福山コンサル	0	0	0	0	0
9609	ベンチャーリ	6300	6390	6100	6180	8.7
9610	ウィルソン	2500	2500	2500	2500	0.8
9611	Ｄワンダー	0	0	0	0	0
9612	ラックランド	0	0	0	0	0
9613	ＮＴＴデータ	880000	880000	859000	859000	5.225
9614	ベルシス24	45850	45850	44600	45000	4.46
9615	東京美装	396	398	395	395	4
9616	共立メンテ	2080	2080	2000	2000	1.4
9618	エームサービス	1200	1200	1200	1200	1
9619	イチネン	0	0	0	0	0
9620	スクウェア	3200	3210	3070	3080	101.7
9621	建設技研	580	588	580	588	3.1
9622	スペース	519	520	495	500	21
9623	キヤノンソフ	0	0	0	0	0
9624	長大	360	361	360	360	5
9625	セレスポ	160	160	160	160	4
9626	日本技開	0	0	0	0	0
9627	アインファマ	870	880	850	870	8
9628	燦ＨＤ	4500	4500	4450	4450	3.1
9629	ＰＣＡ	1550	1550	1505	1505	1
9630	アップ	320	320	320	320	2
9631	東急レク	621	625	621	625	9
9632	スバル	336	338	333	333	7
9633	テアトル	168	168	166	166	18
9634	修学社	0	0	0	0	0
9635	武蔵野	0	0	0	0	0
9636	きんえい	0	0	0	0	0
9637	オーエス	0	0	0	0	0
9638	情報技術	0	0	0	0	0
9639	三協フロンテ	290	290	285	285	7
9640	セゾン情報	663	663	655	655	4
9641	サコス	99	99	99	99	13.5
9642	コマスタ	0	0	0	0	0
9643	中日興	10000	10000	10000	10000	0.1
9644	タナベ経営	290	290	288	288	1.2
9645	ダイヤモンドコン	960	990	960	990	1.2
9646	タイトー	71500	71500	69100	69100	0.114
9647	協和コンサル	200	200	195	200	5
9648	ウエスコ	256	260	255	260	2.2
9649	明電エンジニア	562	580	562	579	12.2
9650	テクモ	890	890	883	890	7.3
9651	日本プロセス	0	0	0	0	0
9652	日本医療	1600	1650	1600	1600	10.8
9653	ＳＢＩパートナ	500	500	500	500	2
9654	コーエー	3500	3530	3480	3490	29.3
9656	三井ランド	490	490	451	451	1
9657	コムテック	0	0	0	0	0
9658	ビジ太田昭	461	461	461	461	2
9660	ＣＲＣソリュ	1590	1590	1590	1590	1
9661	歌舞伎	3820	3820	3820	3820	1
9663	ナガワ	525	525	525	525	2
9664	御園座	925	925	925	925	1
9665	吉本興	952	952	920	920	9
9667	ホリプロ	660	660	660	660	1
9668	相鉄企業	450	520	450	520	4
9669	オークネット	3150	3300	3150	3300	11.6
9671	よみランド	357	357	345	345	26
9672	東競馬	117	117	113	113	265
9673	甲子園土地	46	46	46	46	5
9674	花月園	180	180	180	180	1
9675	常磐興	138	138	137	137	29
9676	松戸公産	385	385	385	385	2
9677	日本ジャンボ	500	500	500	500	0.3
9678	カナモト	496	496	475	475	60
9679	ホウライ	400	400	400	400	2
9680	共成レンテム	445	445	440	440	24
9681	東京ドーム	420	432	420	425	208
9682	ＤＴＳ	6500	6500	6320	6320	15.2
9684	スク・エニ	3470	3480	3400	3400	29.4
9685	共同コンＨＤ	274	274	274	274	1
9686	東洋テック	380	380	380	380	1
9687	ＫＳＫ	0	0	0	0	0
9689	グリンハウス	1470	1500	1460	1470	6
9691	両毛システム	1100	1100	1100	1100	1
9692	シーイーシー	1420	1420	1370	1370	30.4
9694	日立ソフト	9500	9500	8900	8920	176.6
9695	鴨川グランド	305	305	300	300	3
9696	ウィザス	335	335	335	335	1
9697	カプコン	4050	4100	4010	4040	120.7
9698	クレオ	750	750	750	750	1
9699	西尾レント	615	615	602	605	11.2
9700	エスアールエル	950	950	920	930	41
9701	会舘	0	0	0	0	0
9702	アイエスビー	940	940	940	940	2
9703	ジェネラスコーポ	80	80	77	77	34
9704	東海観	66	67	63	63	579
9706	日本空港ビル	1008	1030	1001	1001	73
9707	メデカＪ	828	851	820	820	19
9708	帝ホテル	0	0	0	0	0
9709	日コンピュタ	570	570	570	570	9
9711	日コンシス	0	0	0	0	0
9712	ファイ	300	300	275	300	217
9713	ロイヤルホ	198	198	197	198	15
9714	ＳＲＡ	1510	1510	1495	1495	2.6
9715	トランスコス	6510	6590	6060	6140	154
9716	乃村工芸社	0	0	0	0	0
9717	ジャステック	3450	3470	3420	3470	5.3
9718	国際観光会館	0	0	0	0	0
9719	住商情報	6410	6410	6150	6260	38.2
9720	グランド	0	0	0	0	0
9722	藤田観	549	549	520	522	29
9724	新阪急ホテル	170	170	170	170	1
9725	東急ホテル	159	165	159	162	77
9726	近ツーリスト	282	282	276	277	26
9727	東急観光	121	121	115	115	6
9728	日本管財	1365	1365	1240	1240	15
9729	トーカイ	0	0	0	0	0
9730	ワオコーポ	330	330	320	320	3
9731	白洋舎	325	325	320	320	12
9732	東映ラボ	201	202	200	200	9
9733	ナガセ	800	800	800	800	3
9734	精養軒	550	550	500	500	4.1
9735	セコム	7540	7560	7430	7430	416.5
9736	白青舎	0	0	0	0	0
9737	ＣＳＫ	1710	1710	1640	1640	225.4
9738	インテック	1480	1480	1425	1438	80
9739	ＮＳＷ	7270	7310	6500	6500	6.6
9740	ＣＳＰ	575	580	575	580	2
9741	日立情報	4000	4100	3920	3920	50.4
9742	アイネス	1298	1308	1230	1230	46.2
9743	丹青社	419	419	406	406	6
9744	メイテック	3970	3990	3880	3880	108.9
9746	ＴＫＣ	1950	1955	1900	1905	22.3
9747	アサツーＤＫ	3040	3040	2900	2905	55.8
9748	ＮＪＫ	480	484	475	476	11
9749	富士ソフト	7730	7750	7380	7380	65.8
9750	ソラン	1450	1462	1430	1430	39
9751	ＴＩＳ	6350	6400	6100	6110	175
9752	ナムコ	2400	2400	2255	2270	97.9
9753	ＩＸナレッジ	520	520	520	520	2
9755	応用地質	1300	1300	1230	1266	19.9
9756	ＡＳＫ	585	585	585	585	1
9757	船井研	586	586	586	586	2
9758	ジシステム	440	440	440	440	4
9759	日システムデ	11890	11890	11400	11700	44.3
9760	進学会	0	0	0	0	0
9761	東海リース	160	160	158	158	22
9762	大和リース	318	319	309	312	189
9763	丸紅リ	75	75	73	73	64
9764	技研興	187	187	185	185	6
9765	オオバ	126	128	126	128	17
9766	コナミ	8100	8200	7960	7960	210.7
9767	日建工学	231	231	223	223	58
9768	国土環境	634	634	631	631	6
9769	学究社	0	0	0	0	0
9776	札臨	320	320	320	320	1
9777	日電計算	1682	1682	1612	1612	12.9
9778	昴	0	0	0	0	0
9779	メフォス	880	900	880	900	4
9780	ビステム	305	305	305	305	1
9781	石川島汎サ	0	0	0	0	0
9782	ＤＭＳ	430	430	420	420	3
9783	ベネッセ	4150	4250	4050	4180	86.2
9784	日工検	1380	1380	1380	1380	3.5
9785	大新東	0	0	0	0	0
9786	キャッツ	3190	3260	3150	3190	247.5
9787	Ｊメンテ	850	880	850	850	4.1
9788	ナック	670	670	651	651	5.3
9789	栄光	415	415	395	395	3
9790	福井コン	600	660	580	580	21.5
9791	ビケンテクノ	590	590	590	590	1
9792	ニチイ学館	2860	2900	2770	2770	54.2
9793	ダイセキ	1880	1899	1880	1880	15.5
9794	カラカミ観光	500	500	500	500	2
9795	ステップ	650	650	640	640	13
9796	ダイテック	1000	1000	1000	1000	4.7
9797	大日本コン	250	252	250	252	0.8
9798	シダックス	1880	1880	1800	1800	0.4
9799	旭情報	959	971	910	910	11
9810	日鉄商	85	85	84	84	7
9811	アスティス	399	399	399	399	1
9812	テーオー	1900	2000	1900	2000	4
9813	トッキ	2820	2980	2760	2760	45
9814	アシックス商	0	0	0	0	0
9815	カテナ	1088	1088	998	998	88
9816	バーテックス	246	251	245	245	8
9817	ゴトー	0	0	0	0	0
9818	大丸エナ	0	0	0	0	0
9820	エムティＧ	175	175	175	175	1
9822	なが多	56	56	50	51	1937
9823	マミーマート	1250	1300	1220	1220	1.5
9824	泉州電	579	579	579	579	1
9825	アズウェル	396	396	390	390	1.9
9826	ＪＥＵＧＩＡ	0	0	0	0	0
9827	リリカラ	0	0	0	0	0
9828	元気寿司	0	0	0	0	0
9829	ながの東急	0	0	0	0	0
9830	トラスコ中山	1418	1418	1307	1307	10.7
9831	ヤマダ電	8860	8890	8800	8810	38.8
9832	オートバクス	2385	2385	2360	2375	138
9833	エルクコーポ	720	740	720	740	4
9834	リオチェン	400	400	400	400	0.1
9835	ジュンテン	220	220	220	220	2
9836	リーバイス	444	445	444	445	2
9837	モリト	513	513	513	513	3
9838	トラベラー	720	720	720	720	3
9839	ゲッツブラザーズ	530	530	520	520	6.5
9840	ホーマック	1018	1020	984	984	37.4
9841	ＢＭＢ	300	301	281	288	76
9842	アークランド	0	0	0	0	0
9844	ユーエスシー	1260	1270	1220	1220	17
9845	パーカー	220	225	220	225	11
9846	天満屋ス	0	0	0	0	0
9847	ソリスト	700	700	670	680	11
9848	トヨタカローラ岐阜	0	0	0	0	0
9849	河内屋紙	0	0	0	0	0
9850	グルメ杵屋	823	823	810	810	5
9852	中央物産	200	200	200	200	5
9853	銀座ルノア	0	0	0	0	0
9854	愛眼	820	820	790	820	6.5
9855	くろがねや	332	332	332	332	1
9856	ケーユー	710	710	710	710	2.3
9857	英和	330	330	318	318	7.5
9858	明光商会	1630	1650	1590	1600	2.3
9859	ユーストア	0	0	0	0	0
9860	岐阜日野	0	0	0	0	0
9861	吉野家ディー	199000	199000	195000	195000	0.659
9862	メモレックス・テレ	0	0	0	0	0
9863	靴のマルトミ	45	45	41	41	2.5
9864	ナカイ	290	310	290	310	2
9865	日商エレク	2575	2575	2450	2450	16
9867	ソレキア	415	415	400	400	4
9868	トリイ	277	277	277	277	1
9869	加藤産	620	620	620	620	1
9870	ハナテン	1808	1808	1808	1808	0.1
9871	イトーキ	273	273	272	272	5
9872	北恵	202	202	184	184	2
9873	ケンタッキー	1150	1150	1100	1100	9
9875	マツモトキヨ	3780	3780	3600	3600	84.3
9876	コックス	0	0	0	0	0
9877	マルフル	230	230	230	230	1
9878	セキド	510	510	510	510	2
9879	フタタ	160	160	160	160	2
9880	イノテック	2000	2000	1850	1870	16.1
9882	イエロハット	806	812	800	800	17.8
9883	富士エレ	1690	1690	1690	1690	1
9884	都築電産	620	620	620	620	1
9885	シャルレ	610	610	610	610	1
9887	松屋フーズ	1580	1580	1530	1531	7.7
9888	ＵＥＸ	265	265	265	265	1
9889	ＪＢＣＣ	1865	1868	1852	1852	13.5
9890	マキヤ	0	0	0	0	0
9892	卑弥呼	1240	1260	1240	1240	4
9893	ホームワイド	396	396	379	379	3
9894	アトル	0	0	0	0	0
9895	コンセック	232	240	231	235	22
9896	Ｊ建材	551	551	551	551	2
9897	ユニダックス	710	710	690	700	25
9898	サハダイヤ	107	107	96	96	489
9899	サンデサン	740	740	740	740	1
9900	サガミ	869	870	862	862	13
9901	宮	0	0	0	0	0
9902	日伝	1590	1590	1570	1570	2
9903	カンセキ	110	115	110	115	6
9904	ベリテ	204	206	203	203	4
9905	コージツ	0	0	0	0	0
9906	藤井産業	0	0	0	0	0
9907	大電社	495	495	494	494	4
9908	日本電計	501	501	496	496	5
9909	愛光電気	0	0	0	0	0
9911	真電	0	0	0	0	0
9912	ダイワボ情	1360	1360	1330	1335	36
9913	日邦産業	240	240	239	239	3
9914	植松商会	173	174	173	174	2
9915	アサヒビールＳ	0	0	0	0	0
9916	バイタルＮ	665	673	664	664	6.1
9917	マツモト電器	399	399	399	399	1
9918	ダイワラクダ	369	369	365	365	3
9919	関西スーパ	498	498	481	481	8
9920	シービーエム	935	935	935	935	1.1
9921	ギガス	0	0	0	0	0
9922	日立機材	505	505	505	505	1
9923	ダイトーエム	365	365	365	365	4
9924	ドミー	0	0	0	0	0
9925	北の家族	690	690	610	610	24
9926	ダイカ	311	311	311	311	10
9927	ワットマン	310	310	310	310	1
9928	ミロク情報	695	705	688	694	67
9929	平和紙業	0	0	0	0	0
9930	北沢産	220	240	220	240	16.5
9931	家族亭	670	670	670	670	1
9932	杉本商	553	553	541	550	3
9934	因幡電産	1182	1189	1170	1179	5.9
9935	あずみ	279	279	273	273	3
9936	王将フード	973	973	970	970	13
9937	セシール	910	910	895	895	5.2
9938	住金物産	90	90	85	89	30
9939	すみや	0	0	0	0	0
9941	太洋物産	0	0	0	0	0
9943	ココス	600	600	600	600	3
9944	インパクト	1000	1010	1000	1010	5.2
9945	プレナス	3900	3900	3800	3800	6.5
9946	ミニストップ	2180	2180	2100	2100	9.3
9947	シムリー	680	680	680	680	0.9
9948	アークス	700	700	700	700	3
9949	タイヨー	0	0	0	0	0
9950	ハチバン	501	501	501	501	1
9951	カーマ	523	530	520	520	6.4
9952	ドトール	7500	7540	7400	7400	5.4
9953	ダイキ	1100	1179	1100	1141	2.8
9954	東京小僧寿し	460	460	460	460	4
9955	ヨンキュウ	1720	1720	1720	1720	0.2
9956	バロー	0	0	0	0	0
9957	バイテック	1650	1650	1561	1561	2.2
9958	サリ	150	160	150	160	3
9959	アシード	650	700	640	700	3.6
9960	東テク	400	400	400	400	3
9961	エムオーテック	131	132	131	132	5
9962	駿河製機	7450	7450	6980	7010	60.7
9963	江守商事	395	395	395	395	4
9964	アイ・テック	0	0	0	0	0
9965	福原	0	0	0	0	0
9966	藤久	1640	1640	1500	1510	3.8
9967	堺商事	210	210	205	205	2
9968	イチヤ	230	230	230	230	370
9969	ショクブン	756	770	756	770	9
9970	東洋オフィス	394	394	394	394	1
9971	カウボーイ	711	750	595	660	158
9972	アルテック	835	843	801	801	8.2
9973	小僧本部	1180	1190	1180	1190	2
9974	ベルク	861	900	861	900	1.7
9975	マルヤ	2900	2900	2900	2900	0.3
9976	セキチュー	0	0	0	0	0
9977	アオキスーパ	381	381	381	381	1
9978	文教堂	600	640	600	625	15
9979	大庄	1166	1190	1166	1180	29
9980	マルコ	719	730	702	720	19.5
9981	ニック産業	660	660	660	660	1
9982	タキヒヨー	0	0	0	0	0
9983	ファストリ	25400	25700	25400	25400	339.5
9984	ソフトバンク	4870	4880	4600	4600	2350.3
9985	榮太郎	755	755	750	750	3
9986	蔵王産業	0	0	0	0	0
9987	スズケン	3400	3400	3200	3200	43.7
9988	神港魚類	0	0	0	0	0
9989	サンドラッグ	3710	3950	3600	3900	30.5
9990	東京デリカ	404	404	404	404	1
9991	ジェコス	280	283	278	279	10.3
9992	理研グリン	238	238	238	238	1
9993	ヤマザワ	1010	1010	1010	1010	1
9994	やまや	400	401	400	401	0.9
9995	イーストン	486	495	486	495	4
9996	サトー商会	0	0	0	0	0
9997	ベルーナ	3050	3190	2980	2980	70.7
