20001222
1001	日経２２５	13470	13517	13338	13427	56.691
1002	ＴＯＰＩＸ	1261	1267	1254	1261	56.691
1301	極洋	142	143	140	140	251
1319	日経300F	260	260	256	258	138
1331	ニチロ	224	224	219	220	1744
1332	日水	173	178	172	174	443
1333	マルハ	127	129	126	126	392
1351	宝幸水産	64	64	62	64	85
1352	ホウスイ	78	80	78	80	26
1376	カネコ種	680	680	660	660	7
1377	サカタタネ	1810	1859	1810	1848	32.6
1378	雪国まいたけ	570	570	570	570	5
1379	ホクト	3800	3850	3790	3820	35.8
1380	秋川牧園	600	600	600	600	1
1381	アクシーズ	470	480	470	480	6
1491	中外鉱	125	138	121	138	7841
1501	三井鉱山	86	86	83	83	467
1503	住友炭	59	59	57	58	150
1515	日鉄鉱	230	231	228	230	66
1518	三井松島	148	150	145	150	73
1601	帝石	432	443	431	442	537
1603	アラビア石油	795	805	770	780	428.4
1661	ガス開	490	500	490	500	95
1701	昭和鉱	240	240	215	216	34
1702	共立マテリア	355	355	340	350	5
1735	伊田テクノス	0	0	0	0	0
1736	オーテック	300	300	300	300	2
1737	三井エンジ	310	310	310	310	5
1738	ＮＩＴＴＯＨ	0	0	0	0	0
1739	ＳＥＥＤ	295000	295000	295000	295000	0.002
1740	極東工業	0	0	0	0	0
1741	ミサワサンイ	0	0	0	0	0
1742	セコムテクノ	2300	2310	2300	2310	9
1743	コーアツ工業	475	475	475	475	10
1744	キョーエイ	520	520	520	520	2
1745	ミサワホーム東海	0	0	0	0	0
1746	光和建設	0	0	0	0	0
1748	ミサワ北日	0	0	0	0	0
1750	カナック	0	0	0	0	0
1751	日立プラサ	0	0	0	0	0
1752	富士通シス	1021	1030	1000	1030	30
1753	土屋ツバイ	0	0	0	0	0
1754	東新住建	595	595	595	595	1
1755	JFE工建	350	352	350	352	27
1756	和興エンジ	0	0	0	0	0
1757	千年の杜	215	235	215	235	2
1758	太洋基礎	420	420	420	420	1
1759	ジオトップ	220	220	218	218	3
1762	高松建設	1200	1249	1200	1249	1.5
1763	北陸ミサワ	0	0	0	0	0
1764	工藤建設	249	249	249	249	9
1765	イビデンテック	0	0	0	0	0
1766	東建コーポ	950	950	950	950	2
1767	沖ウィン	0	0	0	0	0
1768	ソネック	218	218	218	218	4
1770	藤田エンジ	410	410	400	400	6
1772	東北エンタープライズ	195	200	195	200	3
1774	機動建	210	210	200	200	9
1775	富士電Ｅ＆Ｃ	226	231	215	230	18
1776	三井住建道路	81	81	81	81	1
1777	川崎設備	0	0	0	0	0
1778	古河総設	0	0	0	0	0
1779	松本建工	378	380	378	380	10
1780	ヤマウラ	330	330	330	330	1.5
1781	国土総合	280	281	280	281	4
1782	常磐開発	0	0	0	0	0
1783	南野建設	60	60	60	60	3
1784	サワコー	25	26	25	25	71.4
1785	ナナボシ	429	430	429	430	3
1786	オリ建	395	395	375	377	38.3
1787	ナカボテック	245	245	245	245	6
1788	三東工業	0	0	0	0	0
1789	山加電業	300	300	300	300	0.1
1790	平和奥田	0	0	0	0	0
1791	三井木材	117	117	110	115	22
1792	みらい建設Ｇ	183	185	183	185	5
1793	大本組	640	640	640	640	1
1795	マサル	0	0	0	0	0
1796	トヨタウッド	210	227	210	220	34.6
1797	藤木工務店	0	0	0	0	0
1798	守谷商会	360	365	360	365	4
1799	第一建設	195	220	195	220	4
1800	利塚地下技術	219	219	200	200	2
1801	大成建	206	213	205	212	5869
1802	大林組	481	484	470	470	1419
1803	清水建	343	345	338	343	819
1804	佐藤工業	45	46	44	44	462
1805	飛島建	43	45	43	44	144
1806	ACリアル	34	35	33	34	584
1807	渡辺組	0	0	0	0	0
1808	長谷工	32	35	32	34	1717
1809	富士工	42	42	41	41	63
1810	松井建	300	300	296	296	13
1811	銭高組	200	200	190	190	14
1812	鹿島	312	319	309	317	1187
1813	不動建	108	108	105	107	105
1814	大末建	36	38	36	38	146
1815	鉄建	94	97	93	97	217
1816	安藤建	190	190	185	189	119
1817	勝村建	116	119	115	119	12
1818	日産建設	75	77	73	77	25
1819	太平工	125	125	120	121	57
1820	西松建	388	392	385	386	620
1821	三井住友建	47	48	46	46	166
1822	大豊建	133	133	133	133	26
1823	住友建設	67	68	51	64	290
1824	前田建	397	415	397	415	80
1825	環境建設	90	96	90	95	166
1826	佐田建	104	109	104	109	23
1827	ナカノフドー建	73	74	70	70	62
1828	田辺工業	0	0	0	0	0
1829	大和建設	76	78	70	70	10
1830	共栄冷機工業	0	0	0	0	0
1831	積水ハ北陸	630	630	630	630	8
1833	奥村組	361	367	353	360	386
1834	小田急建	205	210	205	205	2
1835	東鉄工	215	215	210	215	8
1836	大日本土木	138	141	138	141	9
1837	間組	44	45	43	43	441
1838	古久根建設	70	70	65	70	50
1839	真柄建	130	132	129	129	16
1840	土屋ホーム	245	245	235	237	9.3
1841	サンユ	0	0	0	0	0
1842	昭和テクノ	0	0	0	0	0
1844	大盛工業	89	90	89	90	12
1845	森本組	106	109	106	109	4
1846	鈴縫工	0	0	0	0	0
1847	イチケン	91	91	91	91	5
1848	富士ＰＳ	0	0	0	0	0
1850	南海辰村建	72	74	72	74	31
1851	大木建設	223	229	223	228	53
1852	浅沼組	132	132	130	132	14
1853	森組	75	75	75	75	11
1854	新井組	98	100	97	100	14.2
1855	東急建設	62	65	61	65	167
1856	ジェイオー建設	0	0	0	0	0
1857	松村組	90	98	90	98	36
1858	井上工	95	97	86	97	128
1860	戸田建	510	527	500	515	407
1861	熊谷組	30	31	30	30	969
1862	横河工事	338	338	330	330	0.6
1863	テトラ	200	200	191	191	8
1865	青木あすなろ建	135	135	135	135	17
1866	北野建	205	215	205	210	33
1867	植木組	173	175	173	174	10
1868	三井ホーム	393	393	380	384	29
1869	名工建	0	0	0	0	0
1870	矢作建	375	375	350	350	9
1871	ピーエス三菱	345	345	336	339	10.3
1872	アゼル	189	190	185	187	104
1873	東ハウス	336	341	335	340	29
1874	佐藤秀	0	0	0	0	0
1875	青木マリン	294	294	294	294	1
1877	川田建設	0	0	0	0	0
1878	大東建	1990	2010	1943	1962	200.5
1879	新日本建	200	200	200	200	2
1880	スルガコーポ	0	0	0	0	0
1881	ＮＩＰＰＯ	483	493	483	490	74
1882	東亜道	185	186	185	186	9
1883	前田道	456	470	456	470	49
1884	日道路	155	155	151	151	69
1885	東亜建	129	130	126	128	151
1886	青木建設	29	31	29	29	742
1888	若築建	91	94	91	91	103
1889	佐伯建	110	114	110	110	26
1890	東洋建	61	64	60	61	324
1892	徳倉建	0	0	0	0	0
1893	五洋建	139	139	132	132	841
1895	大成ロテック	147	148	145	146	26
1896	大林道	240	241	230	230	24
1897	金下建	502	504	502	504	8
1898	世紀東急	68	70	68	68	22
1899	福田組	271	276	271	276	5
1900	白石	295	295	295	295	3
1902	山崎建設	0	0	0	0	0
1904	大成温調	315	320	310	320	7
1905	テノックス	0	0	0	0	0
1906	細田工務	272	272	271	271	2
1907	東北ミサワ	570	570	570	570	0.5
1908	三平建設	370000	370000	370000	370000	0.003
1909	日本ドライ	200	300	200	300	89.5
1910	フドウ建研	110	110	105	110	22
1911	住友林	675	678	665	677	75
1912	ミサワセラミ	310	310	310	310	1
1913	旭ホームズ	0	0	0	0	0
1914	日基技	400	406	395	406	35.3
1915	東京ミサワホーム	0	0	0	0	0
1916	日成ビルド	100	103	100	103	28
1917	ニッセキハウス	112	115	111	112	948
1919	エスバイエル	229	230	226	229	96
1920	殖産住宅相互	59	59	55	57	343
1921	巴	163	163	163	163	9
1922	大成ユーレック	94	97	94	94	18
1923	ミサワホーム	306	306	300	300	114
1924	パナホーム	685	689	672	672	43
1925	大和ハウス	709	709	691	704	442
1926	ライト	390	390	380	382	107.2
1927	中 部	300	300	300	300	0.1
1928	積ハウス	1002	1005	998	1002	982
1929	日特建	140	140	137	137	31
1930	北陸電工	300	300	289	289	3
1931	日本電通	279	279	279	279	1
1932	コミュチュア	450	450	440	445	5
1933	西シス建	0	0	0	0	0
1934	ユアテック	365	369	359	360	63
1935	ＴＴＫ	220	220	216	216	14
1936	シーキューブ	245	246	245	245	8
1937	西部電工	260	260	256	260	7
1938	千歳電	266	270	266	270	4
1939	四電工	359	362	359	362	6
1940	つうけん	200	200	198	200	16
1941	中電工	1418	1418	1395	1404	55
1942	関電工	584	620	583	620	258
1943	大明	780	795	765	789	57
1944	きんでん	662	662	650	655	160
1945	東京エネシス	358	359	357	358	17
1946	トーエネク	425	425	420	420	19
1947	日本コムシス	1995	2000	1946	1990	406
1948	弘電社	355	369	355	369	7
1949	住友電設	490	499	490	492	7.8
1950	電設工	325	330	321	321	70
1951	協エクシオ	1161	1171	1160	1171	47
1952	新日空調	360	360	356	359	5.5
1953	国際電設	145	145	145	145	1
1954	日工営	201	205	201	205	57
1955	東電通	311	311	306	311	72
1956	日電設	340	341	335	340	24
1957	保安工	217	217	217	217	2
1958	三和エレック	250	250	244	249	15
1959	九電工	335	340	335	340	39
1960	サンテック	312	312	311	311	11
1961	三機工	503	519	503	509	95
1962	エルゴテック	117	118	115	118	4
1963	日揮	750	767	741	753	3266
1964	中外炉	259	269	259	265	56
1965	テクノ菱和	466	480	466	480	5.1
1966	高田工	301	301	300	300	3
1967	ヤマト	275	275	262	275	18
1968	太平電	242	244	241	241	33
1969	高砂熱	725	750	725	750	19
1970	日立プラ	267	267	260	260	45
1971	ビルト工	72	80	72	80	3
1972	三晃金	94	97	93	97	27
1973	ＮＥＣシス建	2230	2345	2220	2265	83.6
1974	宮地建設工業	210	230	210	215	55
1975	朝日工	242	245	238	238	63
1976	明星工	112	112	108	112	45
1977	ジェイコス	410	410	410	410	2
1978	アタカ	240	240	227	227	11
1979	大気社	717	717	703	706	15
1980	ダイダン	453	458	453	453	7
1981	協和日成	256	256	256	256	2
1982	日比谷設	420	420	413	418	51
1983	東芝プラ	215	219	215	215	29
1984	三信建	0	0	0	0	0
1985	大和電設	215	215	215	215	1
1986	日商インター	395	420	395	400	9.2
1987	ソルコム	0	0	0	0	0
1988	シボンド建	1491	1522	1490	1509	30.2
1989	北陸電話	0	0	0	0	0
1990	東邦建	0	0	0	0	0
1991	都築通技	0	0	0	0	0
1992	神田通機	0	0	0	0	0
1993	ニッタン	186	197	186	197	27
1994	高橋ウォール	0	0	0	0	0
1995	鈴木工務店	0	0	0	0	0
1996	三菱建設	180	180	177	177	5
1997	暁飯島工業	115	115	115	115	2
1998	日本土建	0	0	0	0	0
2001	日本粉	246	246	241	243	226
2002	日清粉	980	989	970	981	329
2003	日東粉	209	209	200	200	11
2004	昭和産	178	179	176	176	109
2006	東福粉	75	75	70	70	11
2007	富士粉	0	0	0	0	0
2008	増田粉	0	0	0	0	0
2009	鳥越粉	339	340	335	335	44
2051	農産工	165	167	163	164	148
2052	協同飼	105	106	105	105	69
2053	中部飼	600	600	600	600	5
2055	日和産	204	205	201	202	9
2056	日配飼	117	120	117	118	69
2057	雪印種	480	480	460	460	3
2102	台糖	231	231	223	225	28
2107	東洋糖	107	117	107	115	32
2108	甜菜糖	135	137	134	134	171
2109	三井糖	207	208	200	204	208
2111	フジ製糖	155	155	155	155	1
2112	塩水糖	240	241	240	241	14
2113	新光糖	0	0	0	0	0
2114	フジ日本精糖	0	0	0	0	0
2116	日新糖	120	122	120	121	34
2201	森永	231	235	226	229	353
2202	明菓	631	631	615	626	304
2204	中村屋	270	273	267	273	22
2205	駿河屋	70	70	70	70	1
2206	グリコ	710	710	698	700	188
2207	名糖産	1085	1085	1050	1050	10
2208	ブルボン	535	535	535	535	2
2209	井村屋	0	0	0	0	0
2211	不二家	206	214	206	210	110
2212	山パン	800	800	795	796	144
2215	一パン	220	220	217	218	24
2216	カンロ	291	291	276	281	9
2217	モロゾフ	202	204	196	197	23
2219	タカラブネ	80	93	80	85	151
2220	亀田製菓	502	502	500	500	3
2221	岩塚製菓	0	0	0	0	0
2222	寿製菓	434	434	430	430	3
2224	コモ	1480	1480	1460	1460	3
2261	明乳	483	500	480	496	458
2262	雪印	388	392	383	385	589
2264	森永乳	262	269	260	266	167
2266	六甲バタ	351	351	351	351	3
2267	ヤクルト	1270	1305	1262	1303	308
2268	サーティワン	720	720	720	720	1
2281	プリマ	103	105	102	103	175
2282	日ハム	1550	1560	1530	1560	128
2284	伊藤ハ	391	394	384	387	371
2286	林兼	120	120	112	115	71
2287	雪印食品	180	185	180	185	7
2288	丸大食	147	149	147	148	70
2289	相模ハム	615	615	615	615	1
2290	米久	1158	1158	1140	1141	5.5
2291	福留ハ	162	162	162	162	1
2292	ＳＦＯＯＤＳ	840	840	835	835	4
2293	滝沢ハム	0	0	0	0	0
2294	柿安本店	1200	1220	1200	1220	18
2501	サッポロＨＤ	330	334	328	330	457
2502	アサヒ	1150	1173	1135	1162	2314
2503	キリン	991	992	982	987	1293
2531	宝ＨＤ	1920	1958	1903	1925	587
2533	オエノンＨＤ	231	231	220	229	58
2536	メルシャン	255	255	247	253	220
2538	マルキン忠勇	135	140	135	136	7
2540	養命酒	700	710	695	700	40
2541	ニッカ	360	370	358	365	41
2571	中京コカ	866	875	860	864	24
2572	三国コカ	1210	1210	1190	1200	83
2573	北海コカ	869	869	869	869	1
2575	三笠コカ	820	820	820	820	1.7
2576	近畿コカ	1123	1123	1123	1123	6
2577	富士コカ	904	904	880	890	20
2578	四国コカ	1001	1010	1000	1000	2.5
2579	コカウエスト	2980	2980	2870	2915	67.7
2591	カルピス	460	466	457	460	40
2592	ポッカ	418	418	411	411	9
2593	伊藤園	7100	7290	7100	7250	52.2
2594	キーコーヒー	1300	1314	1300	1312	2
2595	キリンビバ	2175	2175	2130	2135	63
2596	キューサイ	1820	1820	1768	1810	19.2
2597	ユニカフェ	1221	1248	1215	1230	3.3
2598	アサヒ飲料	632	635	620	621	55
2599	ジャパンＦ	715	715	700	700	4
2601	ホーネンコーポ	180	181	175	176	143
2602	日清オイリオ	286	287	283	283	387
2604	吉原製油	265	265	250	250	53
2607	不二油	1000	1008	980	1007	191
2608	ボーソー	128	128	128	128	2
2611	摂津油	300	300	300	300	3
2612	かどや製油	760	760	760	760	1.1
2650	橘テクトロン	595	595	595	595	1
2651	ローソン	4000	4350	4000	4300	188.4
2652	まんだらけ	206000	216000	206000	216000	0.002
2653	イオン九州	930	930	930	930	1
2654	シンワ	0	0	0	0	0
2655	マックス東北	600	600	600	600	3
2656	ベクター	800000	800000	800000	800000	0.004
2657	インタニクス	1300	1410	1300	1380	22
2658	ウライ	0	0	0	0	0
2659	サンエー	1770	1800	1700	1700	10
2660	キリン堂	519	519	519	519	2
2661	キンレイ	550	570	550	560	10
2662	ダイユエイト	421	421	421	421	3
2663	伊藤伊	0	0	0	0	0
2664	カワチ薬品	6500	6600	6500	6600	0.4
2665	ネクストコム	5060000	5500000	5060000	5500000	0.017
2666	オートウェブ	1100	1220	1100	1220	8
2667	イメージワン	910000	910000	860000	860000	0.006
2668	ダン	825	825	825	825	2
2669	カネ美食品	3370	3380	3350	3380	8
2670	ＡＢＣマート	2500	2550	2500	2530	18
2671	エフディシィ	516	516	500	510	6
2672	アクティ２１	495000	495000	495000	495000	0.001
2673	ステイラー	410	415	410	412	6
2674	ハードオフ	950	960	930	960	17
2675	ダイナック	506	515	506	515	3
2676	高千穂交易	1290	1460	1290	1400	40
2678	アスクル	6060	6230	6060	6100	19
2680	日本オプティ	406	420	405	415	19
2681	ゲオ	536000	540000	536000	540000	0.005
2682	ジューテック	449	455	449	455	11
2683	魚喜	751	760	750	750	5
2684	プライム	1670000	1700000	1650000	1670000	0.014
2685	ポイント	555	595	530	595	35
2686	ツルヤ靴店	750	766	745	766	93
2687	ＣＶＳベイ	710	710	680	700	86
2688	レックスＨＤ	2210000	2300000	2210000	2300000	0.047
2689	カワニシ	365	405	360	405	187
2801	キッコマン	821	828	809	828	701
2802	味の素	1380	1395	1372	1381	2481
2804	ブルドック	600	600	600	600	3
2805	エスビー	569	570	569	570	5
2806	ユタカフーズ	0	0	0	0	0
2808	サンビシ	0	0	0	0	0
2809	キユーピー	940	955	924	952	154
2810	ハウス食品	1460	1481	1450	1472	183
2811	カゴメ	906	906	895	899	32
2812	焼津水化	1770	1800	1770	1800	10.5
2813	和弘食品	107	107	107	107	1
2814	佐藤食品	875	875	875	875	7
2815	アリアケ	6440	6450	6160	6400	44.5
2816	ダイショー	795	795	795	795	1
2817	ギャバン	490	490	490	490	1
2830	アヲハタ	798	798	798	798	2
2831	はごろも	930	930	930	930	1
2871	ニチレイ	458	462	452	461	418
2872	セイヒョー	0	0	0	0	0
2873	加ト吉	2940	3020	2920	2950	224.4
2874	ヨコレイ	588	591	587	589	14
2875	東洋水	804	820	801	815	25
2876	ＪＣコムサ	0	0	0	0	0
2877	日東ベスト	1120	1120	1120	1120	1
2878	赤城水産	350	355	350	350	5
2879	ニチロサンフズ	0	0	0	0	0
2891	酵母工	400	415	400	415	13
2892	日食品	244	244	241	241	2
2893	ローマイヤ	100	100	99	99	6
2894	石井食	246	246	245	245	22
2897	日清食	2660	2740	2650	2740	176.2
2898	ソントン	861	870	860	870	5
2899	永谷園	795	795	777	777	8
2900	明星食	215	216	215	215	29
2901	石垣食	0	0	0	0	0
2902	太陽化	530	530	530	530	2
2903	シノブフズ	144	148	143	143	5
2904	一正蒲鉾	0	0	0	0	0
2905	オーケー食	0	0	0	0	0
2906	ホッコク	315	321	315	321	4
2907	あじかん	0	0	0	0	0
2908	フジッコ	1340	1340	1339	1339	7
2909	トオカツフズ	270	270	265	265	10
2910	Ｒフィールド	5000	5000	4850	4870	7.9
2911	旭松食品	0	0	0	0	0
2912	鐘崎	0	0	0	0	0
2913	フジフーズ	0	0	0	0	0
2914	ＪＴ	835000	851000	825000	851000	6.689
2915	ケンコーマヨ	0	0	0	0	0
2916	仙波糖化	0	0	0	0	0
2917	大森屋	695	695	695	695	1
2918	わらべ日洋	935	935	910	910	4
2920	ケイビー	675	683	675	683	5
2921	フクシマフズ	0	0	0	0	0
2922	なとり	1180	1180	1180	1180	3
3001	片倉	470	475	465	470	40
3002	グンゼ	393	400	390	394	554
3003	昭栄	980	980	980	980	1
3004	神栄	148	148	141	144	26
3007	神戸生絲	37	38	36	37	26
3009	川島織	128	128	124	128	41
3010	上毛	164	165	162	165	57
3011	バナーズ	80	80	80	80	10
3101	東洋紡	205	206	202	204	1089
3102	カネボウ	276	278	273	277	490
3103	ユニチカ	75	77	73	76	1065
3104	富士紡Ｈ	52	52	50	51	121
3105	日清紡	488	519	485	514	262
3106	クラボウ	163	169	162	164	1231
3107	ダイワボウ	92	95	91	93	85
3109	シキボウ	66	66	64	66	99
3110	日東紡	137	137	133	133	582
3111	オーミケン	63	64	62	63	12
3113	ＢＳＬ	80	86	80	84	105
3114	同興紡	107	110	105	110	16
3115	テザック	43	45	43	44	40
3116	トヨタ紡織	620	620	610	615	26
3117	興和紡	0	0	0	0	0
3121	アセットイン	50	50	50	50	1
3123	サイボー	0	0	0	0	0
3125	内外綿	0	0	0	0	0
3128	テラボウ	0	0	0	0	0
3129	ファブリカＴ	0	0	0	0	0
3201	日毛	398	399	397	399	45
3202	大東紡	76	77	76	77	20
3203	東亜紡織	57	57	55	56	27
3205	ダイドー	245	246	240	240	32
3206	南海毛糸紡績	65	66	65	66	7
3207	中央毛	150	150	148	150	12
3209	カネヨウ	91	94	91	94	8
3211	太陽毛絲紡	59	60	59	60	4
3216	御幸ＨＤ	395	400	390	400	22
3302	帝繊維	177	183	170	183	46
3304	トスコ	70	71	70	71	2
3306	日本麻	40	40	38	38	14
3401	帝人	550	550	535	546	1162
3402	東レ	430	430	422	427	1284
3403	東邦テナ	89	89	82	82	83
3404	三菱レ	342	346	333	343	823
3405	クラレ	988	1000	972	998	637
3407	旭化成	639	655	631	641	1224
3408	サカイオーベ	79	85	78	85	70
3409	北日紡	73	73	73	73	2
3411	オートリ	90	90	85	90	22
3420	ケーエフシー	0	0	0	0	0
3421	稲葉製作	1430	1430	1380	1420	5.1
3422	丸順	414	414	414	414	4
3423	エスイー	350	350	340	350	9
3424	ミヤコ	350	360	350	350	5
3425	本郷	540	540	500	535	8
3426	アトムリビン	415	415	415	415	1
3428	サンポット	272	290	271	290	14
3501	住江織	123	123	118	118	14
3503	東和織	50	50	50	50	1
3512	フエルト	332	339	332	339	10
3513	イチカワ	233	233	230	231	12
3514	バイリーン	240	240	220	222	70
3515	フジコー	398	398	398	398	2
3521	エコナック	90	98	90	90	94
3524	日東網	71	71	70	71	16
3526	芦森工	180	185	178	181	41
3528	グローベルス	115	118	115	118	68
3529	アツギ	73	74	72	72	189
3532	堀田産	0	0	0	0	0
3533	ダイオ化成	390	403	390	403	4
3534	ＮＢＣ	910	930	910	930	11
3551	ダイニック	142	144	140	140	43
3552	洋クロス	205	205	185	185	7
3553	共和レ	459	459	454	454	6
3569	セーレン	274	283	274	279	71
3570	オリカキャピ	138	138	135	135	17
3571	ソトー	451	460	448	460	11
3572	大同マルタ	0	0	0	0	0
3576	カンボウ	79	79	79	79	3
3577	東海染	95	105	95	96	12
3578	倉庫精	0	0	0	0	0
3580	小松精	250	251	250	251	10
3581	岐セン	143	143	143	143	2
3583	オーベクス	125	125	125	125	1
3584	福助	121	124	120	120	35
3585	トムスエンタ	240	258	230	258	96
3587	ＩＢダイワ	49	53	49	51	358
3588	丸山工	0	0	0	0	0
3591	ワコール	957	970	949	964	119
3592	ＣＨＯＹＡ	178	178	178	178	2
3593	ホギメデ	6730	6870	6690	6690	14.6
3594	モリシタ	0	0	0	0	0
3595	ヤギコーポ	305	310	305	310	5
3596	ワールド	4330	4570	4290	4440	95.2
3597	自重堂	0	0	0	0	0
3598	山喜	0	0	0	0	0
3599	コーコス	0	0	0	0	0
3600	フジックス	0	0	0	0	0
3601	ニチメンイン	1062	1070	1000	1000	8.5
3602	イタリヤード	100	100	100	100	4
3603	チャッコット	0	0	0	0	0
3706	東海パ	390	390	382	386	10
3861	王子紙	562	562	545	551	3495
3863	日本製紙	606	608	590	599	2424
3864	三菱紙	231	232	220	224	671
3865	北越紙	769	781	760	764	502
3868	高崎三興	75	76	73	73	52
3869	日本板紙	195	200	194	200	25
3870	日本加工製紙	60	61	60	60	38
3871	大昭和紙	360	360	340	351	60
3872	三島紙	140	140	140	140	1
3877	中越パ	242	243	240	243	106
3878	巴川紙	320	320	314	317	101
3880	大王紙	872	889	872	880	40
3881	特種紙	395	398	391	391	33
3882	紀州紙	161	163	161	163	20
3886	チューエツ	77	77	77	77	4
3887	中央板紙	93	93	90	91	18
3889	大平製紙	0	0	0	0	0
3890	ゼネＫＫ	486	500	486	500	27
3891	高度紙	1240	1240	1240	1240	1
3892	岡山製紙	285	290	280	280	46
3941	レンゴー	405	407	397	399	388
3944	古林紙	0	0	0	0	0
3945	スパバッグ	166	166	166	166	3
3946	トーモク	196	196	191	193	59
3947	ダイナパック	507	507	507	507	4
3948	光ビジネス	480	480	480	480	1
3949	日本ハイパック	200	205	200	205	8
3950	ザ・パック	0	0	0	0	0
3951	朝日印刷	0	0	0	0	0
3952	中央紙器	318	318	318	318	1
3953	大村紙業	370	370	370	370	2
3954	昭和パックス	0	0	0	0	0
3955	イムラ封筒	640	665	640	665	3
3971	東セロ	265	265	265	265	3
4003	コープケミ	81	81	80	80	18
4004	昭電工	130	132	128	129	2305
4005	住友化学	513	528	509	518	3048
4007	日化成	138	143	138	140	25
4008	住友精化	236	240	236	240	142
4010	三菱化学	291	298	286	294	4814
4021	日産化	899	900	867	881	649
4022	ラサ工	231	234	230	233	145
4023	呉羽化	270	278	270	274	147
4025	多木化	320	320	305	315	10
4026	神島化	290	290	275	275	4
4027	テイカ	251	251	235	240	45
4028	石原産	178	178	175	178	1171
4031	チッカリン	331	336	330	336	5
4032	日東バイオン	149	150	148	149	4
4033	日東エフシー	380	385	380	385	2
4041	日曹達	275	285	273	283	295
4042	東ソー	299	306	296	303	1096
4043	トクヤマ	428	439	428	433	153
4044	セ硝子	521	530	509	511	627
4045	東合成	201	203	198	201	521
4046	ダイソー	181	182	180	181	97
4047	関電化	0	0	0	0	0
4050	鶴見曹達	400	400	390	390	12
4061	電化	390	397	390	390	896
4062	イビデン	1790	1800	1769	1780	280
4063	信越化	4260	4350	4230	4280	1237
4064	カーバイド	98	102	98	99	110
4065	紀文フ	0	0	0	0	0
4077	富士チタン工業	496	496	481	481	13
4078	堺化学	740	745	731	737	149
4079	ハクスイテック	0	0	0	0	0
4080	田中化研	1830	1930	1800	1800	27
4086	日本エア・リキード	580	581	567	572	49
4088	エアウォータ	385	395	385	391	41
4089	大阪酸素工業	223	230	223	225	18
4091	大陽日酸	416	421	403	413	669
4092	日本化	360	390	360	380	391
4093	アセチレン	78	79	78	78	10
4094	日化産	310	312	296	305	17
4095	パーカライ	334	334	326	331	28
4096	昭炭酸	268	268	266	266	3
4097	高圧ガス	320	328	318	327	47
4098	チタン	145	150	145	150	9
4099	四国化	385	386	378	381	16
4100	戸田工	451	464	450	451	27
4101	日興酸素	0	0	0	0	0
4102	丸尾カル	0	0	0	0	0
4103	大陽東洋酸素	209	209	207	209	96
4104	タテホ	171	180	171	171	18
4105	メルテックス	760	760	760	760	6
4106	ケムキャット	1200	1200	1190	1200	12
4107	伊勢化	341	341	331	331	5
4109	ステラケミ	4490	4750	4490	4600	12.4
4112	保土谷	150	153	149	149	41
4113	田岡化	286	286	286	286	1
4114	日触媒	434	436	427	433	117
4115	本州化	600	600	582	582	4
4116	大日精	340	357	340	357	22
4117	川崎化	111	114	111	111	15
4118	カネカ	983	983	953	964	529
4119	ピグメント	213	220	206	207	35
4120	スガイ	205	205	200	200	3
4123	山化成	584	584	570	570	17
4151	協発酵	727	750	720	740	670
4182	菱ガス化	339	348	336	337	675
4183	三井化学	522	531	522	530	697
4185	ＪＳＲ	695	695	666	669	188
4186	東応化	1727	1783	1700	1783	179.1
4187	大有機	450	450	440	440	5
4201	日合成	137	137	135	136	268
4202	ダイセル	321	327	321	324	674
4203	住友ベ	1089	1096	1053	1072	587
4204	積水化	318	321	312	313	623
4205	ゼオン	411	424	411	420	300
4206	アイカ	600	620	599	599	115
4208	宇部興	240	248	235	245	1534
4209	フドー	75	78	75	75	6
4210	東洋化学	381	381	364	373	57
4212	積水樹	349	350	345	350	15
4213	菱樹脂	190	190	184	189	460
4214	高分子	339	340	332	335	103
4215	タキロン	313	326	313	319	86
4216	旭有機	298	300	296	297	92
4217	日立化	2605	2665	2580	2580	72.5
4218	ニチバン	305	309	305	307	17
4219	プラス・テク	74	78	74	78	9
4220	リケンテクノ	310	311	310	311	159
4221	大倉工	332	344	330	344	246
4222	児玉化	54	54	53	53	18
4224	ロンシール	65	66	65	66	10
4225	筒中	276	277	271	274	34
4226	テスコ	240	240	220	220	3
4227	郡是高分子	155	155	155	155	3
4228	積化成	185	190	180	180	51
4229	群栄化	148	148	145	146	62
4231	タイガポリ	0	0	0	0	0
4232	東芝ケミカル	286	286	278	281	30
4233	ワコー	0	0	0	0	0
4234	サンエー化研	700	748	700	748	4
4271	カーリット	730	752	730	740	6
4272	日化薬	654	695	654	682	411
4274	細火工	0	0	0	0	0
4361	川口化	122	122	112	112	8
4362	日精化	401	401	395	395	12
4363	新日鐵化学	181	184	180	183	131
4364	マナック	0	0	0	0	0
4365	松本油脂	1730	1730	1730	1730	1
4366	ダイトーケミ	0	0	0	0	0
4367	広栄化学	0	0	0	0	0
4401	旭電化	780	780	761	762	103
4403	日油脂	231	234	230	231	241
4404	ミヨシ	210	213	209	213	73
4406	日理化	521	544	521	544	9
4409	東邦化	160	160	157	157	35
4410	ハリマ化成	416	420	415	415	19
4452	花王	3380	3400	3280	3370	2673
4461	一工薬	270	280	261	280	42
4462	石原薬品	900	900	892	892	5
4463	日華化学	380	380	341	341	9
4471	三洋化	811	830	811	820	108
4501	三共	2550	2610	2550	2580	2544
4502	武田	6740	6740	6580	6630	1578
4503	アステラス薬	4700	4810	4650	4780	809
4505	第一製薬	3300	3420	3240	3380	1034
4506	大日薬	1796	1815	1785	1812	788
4507	塩野義	2160	2225	2125	2200	541
4508	田辺薬	905	920	893	910	432
4509	三菱ウェルファーマ	860	880	850	876	146
4511	藤沢薬品	3580	3660	3550	3590	1165
4512	わかもと	405	410	401	406	9
4514	帝臓器	680	700	680	693	5
4515	萬有製薬	2495	2500	2455	2495	191
4516	日新薬	963	976	957	965	45
4517	ビオフェル	875	889	870	870	4.5
4518	富山化	412	415	403	407	459
4519	中外薬	1837	1846	1806	1806	469
4520	和光堂	0	0	0	0	0
4521	科研薬	609	629	607	620	457
4523	エーザイ	3570	3680	3510	3650	859
4524	仁丹	1550	1550	1500	1550	11
4526	理ビタ	1231	1270	1231	1250	13
4527	ロート	1450	1511	1420	1500	124
4528	小野薬	4370	4370	4240	4270	174
4529	日研化	321	327	320	326	34
4530	久光薬	1840	1952	1840	1952	91
4531	有機薬	305	305	298	303	12
4534	持田薬	682	686	676	676	101
4535	大正薬	2900	2940	2860	2920	285
4536	参天薬	2360	2360	2240	2295	203
4537	エスエス	910	915	903	910	47
4538	扶桑薬	485	485	465	465	87
4539	ケミファ	223	223	220	220	20
4540	ツムラ	315	322	315	319	44
4541	日医工	138	138	135	135	12
4542	三笠薬	401	405	401	402	6
4543	テルモ	2450	2450	2345	2380	470.9
4544	みらかＨＤ	539	549	530	549	86
4545	国際試薬	374	374	361	362	7
4546	北陸製薬	1750	1820	1748	1790	234
4547	キッセイ	2285	2295	2210	2265	58
4548	生化学	850	850	835	835	4
4549	栄研化	1277	1296	1276	1285	33
4550	日水薬	596	600	596	600	5
4551	鳥居薬	2360	2430	2350	2350	30.9
4552	日本ケミカル	667	667	650	650	14
4553	東和薬品	1000	1100	1000	1100	48
4554	富士製薬	300	301	300	301	2
4555	沢井製薬	1195	1195	1100	1100	3.5
4556	カイノス	500	510	500	505	17
4557	医学生物	740	840	700	830	167
4558	中京医薬	900	900	900	900	1
4559	ゼリア新薬	1030	1048	1020	1020	13
4560	キョーリン薬	4120	4370	4090	4370	233
4561	デンカ生研	1740	1740	1740	1740	1
4611	大日塗	156	158	153	158	49
4612	日本ペ	321	321	307	308	475
4613	関西ペ	335	335	328	331	153
4614	トウペ	126	126	120	125	13
4615	神東塗	90	98	90	96	31
4616	川上塗	0	0	0	0	0
4617	中国塗	203	203	201	201	47
4619	日特塗	265	268	251	251	71
4620	藤倉化	363	373	363	370	33
4621	ロック	0	0	0	0	0
4622	ユニペイン	0	0	0	0	0
4623	アサヒペン	232	232	228	229	36
4624	イサム	421	421	421	421	1
4625	アトミクス	0	0	0	0	0
4626	太陽インキ	4080	4200	4080	4150	1.8
4627	ナトコ	650	650	630	630	13
4628	エスケー化研	2040	2040	2040	2040	2
4629	大伸化学	0	0	0	0	0
4631	インキ	325	327	316	317	1847
4633	サカタＩＮＸ	282	286	282	286	13
4634	洋インキ	314	325	311	315	1533
4635	東インキ	240	241	237	241	4
4636	Ｔ＆Ｋ	2860	2900	2850	2900	8.6
4640	アンドール	0	0	0	0	0
4641	アルプス技	1430	1430	1430	1430	1
4642	オリジナル設	790	790	790	790	1
4643	コナミスポ	6780	6780	6680	6680	10.2
4644	イマジニア	830	850	800	850	13.3
4645	市進	235	235	235	235	5
4646	ジャスフォート	800	800	790	790	0.9
4649	大成	460	460	460	460	1.5
4650	スガイエンタ	500	500	500	500	0.5
4651	サニックス	4350	4450	4300	4430	41.5
4652	ウッドランド	980	980	940	940	2.8
4653	ダイオーズ	670	670	670	670	1
4654	ニチゾウテク	300	300	300	300	1
4655	ＮＯＶＡ	555	600	545	590	48
4656	サン・ライフ	2850	2850	2850	2850	0.1
4657	環境管理	0	0	0	0	0
4658	日本空調	600	600	600	600	1
4659	エイジス	730	730	730	730	2
4660	ニッポン放送	4350	4400	4100	4150	19
4661	ＯＬＣ	7290	7450	7250	7380	77.3
4662	フォーカス	880	930	880	880	394.8
4663	ＡＴＬ	350000	360000	330000	350000	0.037
4664	ＲＳＣ	0	0	0	0	0
4666	パーク２４	8600	8930	8600	8800	20
4667	アイサンテク	105	105	100	105	3
4668	明光ネット	335	340	335	340	2
4669	ニッパンＲ	0	0	0	0	0
4670	セタ	0	0	0	0	0
4671	ファルコバ	1200	1290	1200	1270	23
4672	ベルックス	900	900	900	900	3
4673	川崎地質	0	0	0	0	0
4674	クレスコ	5300	5600	5200	5370	12.4
4675	エヌエス環境	0	0	0	0	0
4676	フジテレビ	740000	781000	736000	765000	4.855
4678	秀英	820	820	820	820	0.3
4679	田谷	2100	2400	2100	2400	1.2
4680	ラウンドワン	113000	117000	113000	114000	0.259
4681	リゾートトラ	3050	3150	3050	3100	65
4682	電通テック	7450	7700	7350	7450	1.7
4683	堀内カラー	0	0	0	0	0
4684	オービック	24370	24500	23680	23940	12.4
4685	菱友システム	570	570	570	570	7
4686	ジャスト	2500	2850	2500	2760	13.3
4687	ＴＤＣソフト	1990	2230	1830	2230	6.8
4688	日本ドレーク	4860	4860	4460	4650	4.8
4689	ヤフー	5610000	5960000	5610000	5900000	0.116
4690	日パレット	0	0	0	0	0
4692	アルゴ２１	2100	2150	2060	2070	36
4694	ＢＭＬ	2470	2470	2100	2200	10.9
4695	マイスター	389	389	380	380	3
4696	ワタベ	970	970	970	970	5
4697	ゼロ	115000	125000	110000	120000	0.125
4699	ウチダエスコ	0	0	0	0	0
4700	アクセス	1790000	1790000	1700000	1710000	0.027
4701	プレック研	0	0	0	0	0
4702	55ステーション	480	480	480	480	2
4703	住商オート	800	820	790	820	8.6
4704	トレンド	8470	9100	8020	9080	418
4705	クリップ	0	0	0	0	0
4706	富士通サポート	8110	8290	8000	8170	258.5
4707	キタック	0	0	0	0	0
4708	もしもしＨＬ	8910	9100	8900	9000	11.4
4709	ＩＤ	730	740	730	740	6.2
4710	ウィン	0	0	0	0	0
4711	コミュニティ	1101	1155	1100	1155	7.6
4712	アドアーズ	350	390	350	371	43
4713	日信電サ	1020	1070	1020	1070	3.1
4714	リソー教育	167000	167000	166000	166000	0.006
4715	クリエイティブ	330	330	320	320	3
4716	日本オラクル	18800	19800	18700	19550	183.4
4717	ソデッソジャパン	1490	1500	1490	1500	10
4718	早稲アカ	260	260	260	260	2
4719	アルファシス	11500	11990	11500	11900	8.6
4720	城南進研	435	435	420	420	6
4721	フジスタッフ	1000	1040	1000	1010	12.6
4722	フューチャー	631000	700000	610000	610000	0.14
4723	グッドウィル	102000	105000	100000	102000	0.2
4724	シチエ	850	850	831	831	5.6
4725	ＣＡＣ	3910	4000	3850	4000	8.6
4726	ソフトバンテク	3350	3450	2950	3300	36
4727	アジアＳ総研	1080	1080	1070	1070	1
4728	トーセ	3000	3200	3000	3200	1.6
4729	コナミスタジオ	223000	237000	222000	230000	0.048
4730	関西メンテ	439	439	430	430	6
4731	ユニバホーム	0	0	0	0	0
4732	ＵＳＳ	2260	2350	2260	2330	52.5
4733	ＯＢＣ	7810	8100	7810	7810	19
4734	ビーイング	470	470	470	470	1
4735	京進	306	306	272	272	3
4736	日本ラッド	500	550	490	550	4
4737	シダックス	720	720	700	701	14.9
4738	日立ビジネス	1000	1100	1000	1040	15.5
4739	ＣＴＣ	20300	21600	20150	21170	274.7
4740	ニューディル	136000	136000	116000	130000	0.183
4741	ＩＲＩ	1410000	1500000	1410000	1460000	0.013
4742	エイトコン	752000	752000	751000	751000	0.005
4743	アイティフォ	2080	2200	2060	2170	24
4744	メッツ	261000	270000	261000	270000	0.022
4745	東京個別	0	0	0	0	0
4746	東計電算	930	930	920	920	3
4747	Ｃフィッシュ	601000	640000	600000	640000	0.005
4748	構造計画	685	701	681	690	13.6
4749	アドバックス	135	140	135	140	45
4750	ダイサン	235	235	230	230	4
4751	サイバエージ	399000	405000	399000	403000	0.01
4752	昭和システム	0	0	0	0	0
4753	ライブドア	700000	700000	700000	700000	0.001
4754	トスネット	230	230	230	230	5
4755	楽天	650000	680000	620000	650000	0.24
4756	ＣＣＣ	1500	1500	1310	1310	9
4757	インテリ	480000	530000	480000	515000	0.045
4758	シーアイエス	3500000	3500000	3500000	3500000	0.001
4759	ライブＭ	1280000	1300000	1280000	1300000	0.003
4760	ＡＬＰＨＡ	0	0	0	0	0
4761	さくらＫＣＳ	868	870	868	870	2
4762	エクスネット	2200000	2200000	1950000	1950000	0.005
4763	クリークリバ	1700000	1700000	1500000	1590000	0.004
4764	Ｄデザイン	423000	432000	421000	432000	0.011
4765	モーニングＳ	1650000	1720000	1650000	1710000	0.006
4766	ピーエイ	0	0	0	0	0
4767	ＴＯＷ	1130	1150	1100	1150	22
4768	大塚商会	2105	2215	2105	2175	48.3
4769	インフォクリ	480	480	480	480	1
4770	エルミック	890	890	890	890	2
4771	Ｆ＆Ｍ	2320000	2330000	2280000	2280000	0.006
4772	デジタルアド	2470	2690	2470	2690	12
4773	Ａ＆Ｉ	0	0	0	0	0
4774	NECソフト	8750	9300	8660	8800	58.3
4775	総合メディカ	2250	2300	2220	2220	1.3
4776	ＣＹＢＯＺＵ	670000	670000	630000	660000	0.011
4777	ガーラ	450000	470000	450000	470000	0.018
4778	ヒューマネジ	510000	650000	510000	520000	0.008
4779	ソフトブレン	233000	235000	222000	232000	0.078
4780	コナミ東京	1030	1100	1030	1030	7
4781	日本ハウズ	445	470	445	470	29
4782	オリコンサル	245	255	245	245	3
4783	日ダイナミク	541	550	541	550	4
4784	まぐクリック	0	0	0	0	0
4785	Ｓサイエンス	440	440	440	440	3
4786	ディジット	669000	669000	600000	650000	0.003
4787	ＮＣＧ	411000	430000	401000	430000	0.02
4788	サイバＣＯＭ	0	0	0	0	0
4789	エスイーラボ	470	470	470	470	2
4790	グレース	241000	241000	241000	241000	0.006
4791	ドリーム・トレイン	360000	360000	360000	360000	0.001
4792	ＴＦＰコンサ	400000	400000	400000	400000	0.001
4793	富士通ＢＳＣ	3070	3130	2950	3130	40
4794	デザインＥＸ	200000	209000	200000	208000	0.012
4795	スカパー	133000	141000	133000	140000	2.355
4797	アイシーエフ	150000	150000	150000	150000	0.003
4798	日本ＬＣＡ	500	520	495	495	14
4800	オリコン	689000	689000	650000	650000	0.005
4801	セントラルＳ	910	950	890	920	19.2
4812	電通国際情報	8810	9000	8600	8990	25.4
4814	ネクストウェ	420000	427000	412000	412000	0.016
4815	ジャパンＤＣ	210000	210000	200000	205000	0.004
4816	東映アニメ	2890	2900	2850	2880	42
4818	サイトデザイン	275000	286000	258000	285000	0.016
4819	デジタルガレ	1450000	1450000	1350000	1350000	0.034
4820	イーエムシス	985	1000	980	1000	11
4821	ウェブゲノム	673000	700000	670000	670000	0.049
4822	ハドソン	1000	1010	980	980	36
4823	サイバード	600000	600000	600000	600000	0.011
4824	メディアＳ	550000	556000	450000	540000	0.333
4901	富士写	4580	4600	4230	4300	2500
4902	コニカＨＤ	841	848	812	827	1809
4911	資生堂	1300	1300	1266	1272	739
4912	ライオン	405	409	401	404	248
4913	サンスター	328	333	328	333	20
4914	高砂香	400	401	398	399	168
4915	エイボンＪ	205	209	205	209	6
4916	ノエビア	1070	1070	1070	1070	11
4917	マンダム	1020	1060	1020	1060	37.5
4918	アイビー	0	0	0	0	0
4919	ミルボン	5000	5000	4930	4930	1.3
4920	日本色材	0	0	0	0	0
4921	ファンケル	3200	3270	3190	3210	32.2
4922	コーセー	3850	3910	3780	3900	25.8
4951	エステー化	631	643	631	637	15
4953	タイホー工業	755	755	680	724	53
4954	マークテック	340	340	325	325	2
4955	アグロカネシ	0	0	0	0	0
4956	コニシ	891	930	890	928	1.7
4957	ヤスハラケミ	830	830	830	830	3
4958	長谷川香料	1730	1780	1700	1780	1.3
4959	シーシーアイ	510	510	510	510	1
4960	ケミプロ	0	0	0	0	0
4961	日油技研	690	690	690	690	1
4963	星光ＰＭＣ	500	500	500	500	2
4964	星光化学工業	0	0	0	0	0
4965	曽田香料	0	0	0	0	0
4966	上村工	1750	1750	1750	1750	89
4967	小林製薬	5860	6000	5800	5890	6.3
4968	荒川化工	731	731	730	730	4
4970	東洋合成	820	850	810	830	13
4987	寺岡製	662	670	660	660	16
4989	イハラケミ	176	179	172	173	51
4990	昭和化	0	0	0	0	0
4992	北興化	304	315	304	304	16
4996	クミアイ化	161	161	156	156	42
4997	日農薬	200	201	198	198	82
4998	フマキラ	160	160	155	160	7
4999	セメダイン	0	0	0	0	0
5001	新日本石油	536	542	527	537	1133
5002	昭和シェル	472	486	471	472	236
5006	興亜石油	257	261	255	255	103
5007	コスモ石	200	203	193	201	668
5008	東亜石	106	109	106	108	58
5009	富士興	70	77	68	76	723
5010	日精蝋	92	92	77	77	3
5011	ニチレキ	432	433	429	433	62
5012	東燃ゼネ石	626	649	624	645	356
5013	ユシロ	520	525	520	520	24
5014	ジャパンエナジー	188	190	183	189	14520
5015	ＢＰカスト	615	615	590	590	3.4
5101	浜ゴム	208	209	200	200	651
5102	大機エンジ	190	195	190	195	3
5103	昭ゴム	140	168	140	168	1342
5104	日東化工	98	101	98	100	13
5105	洋ゴム	130	130	127	127	127
5106	オーツタイヤ	199	199	190	190	23
5108	ブリヂストン	1101	1101	972	1013	4761
5110	住友ゴ	479	479	465	465	164
5121	藤ゴム	173	175	165	167	22
5122	オカモト	240	243	240	243	57
5123	ミサワ東洋	0	0	0	0	0
5142	アキレス	146	152	146	148	246
5143	世界長	79	80	78	78	17
5161	西川ゴム	0	0	0	0	0
5162	朝日ラバー	900	910	900	900	12.5
5184	ニチリン	339	339	339	339	2
5185	フコク	495	495	495	495	0.5
5186	ニッタ	1110	1180	1100	1169	7.8
5187	クリエート	480	480	460	470	38
5188	帝都ゴム	0	0	0	0	0
5189	桜ゴム	231	250	231	250	3
5191	東海ゴ	1224	1250	1210	1224	51
5192	三星ベ	269	270	266	267	53
5193	平成ポリマー	81	82	79	79	10
5194	相模ゴ	412	418	409	409	12
5195	バンドー	193	195	193	195	115
5196	鬼ゴム	76	77	75	77	73
5199	不二ラテ	0	0	0	0	0
5201	旭硝子	927	927	908	913	1996
5202	板硝子	1519	1520	1460	1475	4828
5204	石塚硝	190	190	185	187	19
5205	日本無機	382	400	382	400	26
5208	有沢製	3030	3240	3030	3200	28.4
5210	日山村硝	162	163	158	159	395
5212	不二硝	0	0	0	0	0
5213	芝セラミ	555	578	555	565	307
5214	日電硝	1960	1980	1900	1950	503
5215	旭テクノグラス	861	930	850	900	71
5216	倉元	1560	1600	1550	1550	19.9
5217	テクノクオツ	1080	1090	1070	1080	10
5232	住友大阪	358	365	342	343	1216
5233	太平洋セメ	182	189	181	188	2860
5234	デイ・シイ	159	159	148	148	42
5237	ノザワ	83	90	83	90	7
5261	ミサワリゾ	221	221	215	215	14
5262	日ヒューム	184	194	184	194	11
5266	テイヒュー	0	0	0	0	0
5267	ハネックス	106	106	106	106	2
5268	旭コン	265	265	261	261	2
5269	日コン	92	92	91	92	13
5271	トヨアサノ	0	0	0	0	0
5273	三谷セキ	232	232	232	232	2
5274	ゼニパイプ	0	0	0	0	0
5276	石建工	310	310	310	310	9
5277	スパンクリト	295	295	295	295	1
5278	エバタ	109	110	109	110	2
5279	日本興業	0	0	0	0	0
5280	ヨシコン	0	0	0	0	0
5281	旭ダンケ	240	240	240	240	3
5282	ジオスター	899	899	899	899	2
5283	高見沢	178	193	178	193	3
5284	ヤマウ	0	0	0	0	0
5285	ヤマックス	256	262	246	255	15
5286	武井工業	215	215	215	215	1
5287	イトヨーギョ	584	584	584	584	2
5301	東海カ	229	233	227	228	232
5302	カーボン	87	89	87	88	73
5304	エスイ−シ−	0	0	0	0	0
5331	ノリタケ	617	617	600	611	318
5332	ＴＯＴＯ	799	804	795	800	401
5333	ガイシ	1463	1493	1440	1481	1779
5334	特殊陶	1591	1630	1587	1630	745
5336	INAX	551	555	550	551	187
5337	ダントー	390	390	383	389	51
5338	大トー	130	130	121	121	5
5341	アサヒ陶	0	0	0	0	0
5342	ジャニス	73	73	73	73	5
5343	ニッコー	359	359	350	351	12
5344	ＭＡＲＵＷＡ	2920	2990	2800	2860	20.8
5351	白煉瓦	191	192	185	187	49
5352	黒崎	139	141	135	140	62
5355	ルツボ	132	135	125	135	6
5356	美濃窯	230	230	230	230	2
5357	ヨータイ	165	165	161	165	23
5358	イソライト	174	174	165	165	9
5361	東海熱	420	420	400	400	7
5362	九州耐	0	0	0	0	0
5363	ＴＹＫ	184	191	181	190	16
5367	ニッカトー	610	610	590	590	8
5382	中央商事	0	0	0	0	0
5383	三共理化	520	520	520	520	1
5384	フジミインコ	3060	3080	3020	3050	9.6
5386	鶴弥	0	0	0	0	0
5387	チヨダウーテ	0	0	0	0	0
5388	クニミネ	0	0	0	0	0
5389	日レヂボン	280	280	280	280	1
5390	宇部マテリア	122	122	120	120	43
5391	Ａ＆ＡＭ	100	105	100	105	39
5393	ニチアス	311	322	311	316	323
5395	コランダム	161	161	161	161	1
5397	ＭＩＥテクノ	0	0	0	0	0
5398	日研紙	164	190	164	190	3
5401	新日鉄	186	190	183	189	11507
5403	川崎製鉄	122	125	121	124	5772
5404	日本鋼管	69	70	68	69	2254
5405	住金	66	67	65	65	4422
5406	神戸鋼	62	63	61	63	1080
5407	日新鋼	89	90	87	88	1450
5408	中山鋼	117	122	117	118	119
5410	合同鉄	77	81	77	79	311
5423	東京製鉄	420	437	420	433	146.2
5444	大和工	365	375	364	365	59
5445	東京鉄	62	62	61	62	24
5446	北越メ	100	100	100	100	3
5448	東京鋼鉄	0	0	0	0	0
5449	大阪製鉄	409	411	408	411	5.4
5451	淀川鋼	244	248	242	242	88
5453	洋鋼鈑	268	275	268	268	68
5454	日鉄鋼板	171	171	166	170	19
5457	住友鋼管	350	350	335	349	47
5458	高砂鉄	100	100	98	99	17
5461	中部鋼	140	140	140	140	3
5462	日鉄鋼管	0	0	0	0	0
5463	丸一管	1517	1556	1499	1540	24
5464	モリ工	214	215	214	215	13
5471	大同特鋼	304	305	302	304	748
5476	高周波	79	81	77	78	225
5479	日金工	70	70	67	67	218
5480	冶金工	59	60	58	58	410
5481	山陽鋼	140	141	134	134	149
5482	愛知鋼	305	307	300	307	25
5484	東北鋼	410	410	410	410	1
5486	日立金	750	759	746	759	265
5491	日金属	78	80	78	80	38
5541	大平金	192	198	191	192	611
5542	報国鉄	0	0	0	0	0
5562	日本重化学	107	113	106	109	533
5563	日本電工	150	153	150	150	101
5566	中央電	164	165	161	165	16
5602	栗本鉄	225	225	221	221	171
5603	虹技	111	113	111	111	16
5605	自動鋳	0	0	0	0	0
5606	旭テック	144	144	142	142	21
5607	中可鍛	0	0	0	0	0
5608	川口金	191	191	191	191	1
5609	日鋳造	72	80	67	80	27
5610	大和重	126	140	126	126	4
5612	鋳鉄管	195	200	193	193	31
5613	日本カタン	0	0	0	0	0
5631	日製鋼	94	95	93	93	570
5632	菱製鋼	85	85	81	82	224
5633	関東特殊製鋼	60	60	59	59	28
5641	ＴＤＦ	399	415	390	414	50
5642	日本鍛工	0	0	0	0	0
5644	メタルアート	105	105	105	105	2
5645	イチタン	0	0	0	0	0
5657	鈴木金	143	143	142	142	6
5658	日亜鋼	280	290	275	289	52
5659	日精線	200	219	200	210	26
5660	神鋼線	60	64	60	64	7
5691	東京シヤリング	80	82	80	82	19
5694	大和綱帯	0	0	0	0	0
5695	パウダテック	290	290	285	285	4
5696	川鉄鋼板	103	103	103	103	1
5697	サンユウ	0	0	0	0	0
5701	日軽金	84	85	83	83	624
5702	大紀ア	166	166	160	160	36
5706	三井金	900	903	880	888	971
5707	東邦鉛	195	202	193	195	276
5711	三菱マ	283	285	279	283	3544
5713	住友鉱	546	561	541	561	2311
5714	同和鉱	480	485	473	485	1311
5715	古河機金	226	228	222	225	459
5716	日鉱金属	608	608	596	596	146
5721	Ｓサイエンス	430	449	388	411	708
5727	邦チタ	502	550	502	550	17
5728	アライドマテリアル	798	798	770	770	43
5729	日精鉱	221	231	220	220	23
5734	昭和アルミ	123	130	123	127	113
5738	住軽金	74	74	71	73	172
5739	日製箔	126	130	126	126	9
5740	九州不二サッシ	120	120	120	120	1
5753	日伸銅	56	59	55	55	12
5756	東海アルミ箔	55	56	52	52	4
5757	サンエツ	0	0	0	0	0
5771	菱伸銅	270	293	270	285	231
5781	東邦金	203	220	200	200	245
5801	古河電	2130	2210	2110	2200	6788
5802	住友電	1900	1900	1830	1848	1986
5803	フジクラ	851	865	835	846	2315
5804	菱線工	261	270	261	263	221
5805	昭電線	170	170	166	167	466
5807	東特線	266	270	265	265	13
5808	理研線	286	286	265	265	15
5809	タツタ	158	158	152	155	74
5810	第一電工	77	80	77	80	53
5811	トヨ電線	0	0	0	0	0
5812	日立線	1005	1020	999	1014	549
5813	花島電線	0	0	0	0	0
5815	沖電線	270	270	255	255	19
5816	オーナンバ	198	213	198	213	5
5817	日電線	340	344	340	344	6
5818	東日京三電線	290	290	290	290	1
5819	カナレ電気	1760	1790	1750	1760	0.7
5820	三ッ星	0	0	0	0	0
5851	リョービ	139	141	138	138	145
5852	アーレスティ	297	301	297	301	5
5853	京都ダイカスト	125	125	125	125	2
5854	東京理化工	299	304	294	294	9
5855	アサヒプリテ	1750000	1750000	1730000	1730000	0.004
5900	ダイケン	375	375	375	375	1
5901	洋カン	1806	1844	1785	1836	259
5902	北カン	235	236	225	234	114
5903	シンポ	540	555	540	540	4
5904	アルコアシステム	500	500	495	495	5
5905	日カン	140	140	140	140	1
5906	エムケー精工	0	0	0	0	0
5907	ＪＦＥコンテ	118	118	107	107	8
5908	日鉄ドラム	300	300	299	299	2
5909	コロナ	1029	1029	959	959	5.6
5910	立山アルミ	205	205	205	205	2
5911	横河ブ	360	360	352	352	67
5912	日本橋	115	115	114	114	18
5913	松尾橋	219	219	210	210	12
5914	宮地鐵工所	176	177	176	177	34
5915	駒井鉄	250	250	247	250	54
5916	ハルテック	208	217	208	210	63
5917	サクラダ	96	100	96	99	20
5918	滝上工	295	300	295	300	4
5919	日鉄塔	284	289	284	289	7
5921	川岸工	246	246	240	240	3
5922	那須鉄	165	165	165	165	2
5923	高田機	401	401	395	398	18
5925	酒井鉄工所	101	101	101	101	2
5926	安治川鉄工	0	0	0	0	0
5927	ホリー	90	90	90	90	1
5928	アルメタクス	200	200	200	200	1
5929	三和シャタ	226	233	225	229	470
5930	文化シヤタ	206	208	201	203	43
5931	川田工	202	205	201	201	143
5932	三協アルミ	66	67	65	65	46
5933	アルインコ	169	169	169	169	10
5934	日本ア	51	51	49	49	2
5935	元旦	674	674	674	674	3
5936	洋シヤタ	75	80	74	78	1033
5938	住生活Ｇ	1455	1455	1420	1443	189
5939	大谷工業	0	0	0	0	0
5940	不二サッシ	80	82	80	80	3.8
5941	中西製	0	0	0	0	0
5942	フイルコン	0	0	0	0	0
5943	ノーリツ	921	924	910	911	35
5944	日立粉末	935	957	935	936	53
5945	天竜製鋸	0	0	0	0	0
5946	長府製	1155	1165	1134	1161	8.8
5947	リンナイ	1849	1887	1819	1840	23.3
5949	ユニプレス	177	177	177	177	5
5950	パワーファス	132	132	132	132	4
5951	ダイニチ工業	260	266	260	261	4
5952	アマテイ	0	0	0	0	0
5954	トープラ	171	186	171	179	41
5955	ヤマシナ	70	71	69	69	233
5956	トーソー	414	414	414	414	4
5957	日東精	193	193	180	180	14
5958	三洋工	343	375	309	330	2183
5959	岡部	318	319	312	312	14
5961	トーカロ	700	700	700	700	0.2
5962	浅香工	0	0	0	0	0
5963	日立ツール	515	515	510	510	25
5964	洋刃物	0	0	0	0	0
5965	フジマック	360	360	350	350	5
5966	ＫＴＣ	252	252	252	252	1
5967	前田金	0	0	0	0	0
5969	ロブテックス	111	111	111	111	2
5970	菊池プレス	450	450	450	450	1
5971	共和工業	265	265	265	265	1
5972	日本建鐵	216	216	210	212	22
5973	トーアミ	0	0	0	0	0
5974	中国工	151	151	145	148	50
5975	東プレ	343	344	343	344	48
5976	ネツレン	282	282	276	276	15
5977	コマツ電子	770	770	711	750	7
5979	カネソウ	380	380	380	380	1
5980	田中亜鉛	240	240	240	240	1
5981	東京綱	112	112	107	110	420
5982	マルゼン	358	358	355	358	9
5983	イワブチ	408	408	408	408	1
5984	兼房	548	548	548	548	23
5985	サンコール	346	350	346	346	41
5986	モリテック	192	192	192	192	2
5987	オーネックス	0	0	0	0	0
5988	パイオラクス	621	623	621	623	2
5989	ヒラタ	380	380	380	380	1
5990	スーパツール	108	108	108	108	9
5991	ニッパツ	450	472	450	465	268
5992	中央発條	357	365	355	365	13
5993	知多鋼	0	0	0	0	0
5994	ファインＳ	265	265	250	265	8
5995	科学冶金	400	400	400	400	5
5996	新立川	0	0	0	0	0
5997	協立エアテク	0	0	0	0	0
5998	アドバネクス	240	249	238	238	62
5999	イハラサイエ	272	272	270	270	3
6005	三浦工	1516	1550	1501	1550	98.8
6011	新潟鉄工所	70	72	67	70	1026
6013	タクマ	760	778	760	770	109
6016	神発動	0	0	0	0	0
6018	阪神燃	0	0	0	0	0
6020	神鋼造機	0	0	0	0	0
6021	ロビン	0	0	0	0	0
6022	赤阪鉄	87	87	87	87	3
6023	ダイハツデ	145	145	145	145	1
6041	ボッシュ	125	125	120	120	217
6042	ニッキ	140	150	140	150	25
6101	ツガミ	318	333	313	313	379
6102	池貝	113	118	111	117	282
6103	オークマ	350	360	349	354	238
6104	東芝機	398	410	388	398	575
6106	日立精機	133	138	130	130	138
6107	アマダマシ	264	270	260	262	121
6111	旭精機	191	191	191	191	3
6112	小島鉄	112	112	103	103	2
6113	アマダ	800	819	800	809	673
6114	住倉工業	95	110	95	110	151
6118	アイダ	449	449	430	430	25
6119	ゼィープラス	230	230	230	230	3
6121	滝澤鉄	69	69	69	69	1
6125	岡本工	130	138	127	133	141
6130	日平トヤマ	174	180	170	175	110
6131	浜井産	131	133	131	132	11
6134	富機製	3150	3150	3000	3100	74.7
6135	牧野フ	570	580	567	570	421
6136	ＯＳＧ	590	590	580	580	23
6137	小池工	151	152	148	150	8
6138	ダイジェト	140	140	136	136	4
6139	東芝タンガロイ	497	498	488	488	90
6140	旭ダイヤ	530	548	530	537	110
6141	森精機	1180	1238	1180	1200	222
6142	富士精	230	230	230	230	3
6143	ソディック	435	435	411	418	237
6144	西部電機	210	211	210	211	18
6145	日特エンジ	1410	1500	1400	1410	43.5
6146	ディスコ	6290	6700	6210	6520	395.5
6147	ヤマザキ	0	0	0	0	0
6148	UHT	1760	1760	1730	1730	4.5
6149	小田原エンジ	484	484	484	484	0.5
6150	タケダ機械	126	126	126	126	3
6151	日東工器	2300	2335	2260	2260	6.6
6201	豊田織	2245	2290	2225	2265	653
6203	豊和工	124	124	111	114	145
6204	キリウ	195	217	190	217	14
6205	ＯＫＫ	120	120	116	116	27
6206	豊田工	592	611	590	611	113
6208	石川製	84	86	82	86	33
6210	東洋機械	321	321	321	321	1
6211	倉敷機	68	68	68	68	1
6212	帝人製機	225	240	225	233	40
6213	ＯＭ製	124	125	121	121	12
6214	大隈豊和機械	164	164	161	161	11
6216	寿工業	0	0	0	0	0
6217	津田駒	115	120	108	112	45
6218	エンシュウ	145	147	138	138	31
6221	大東製機	395	400	390	400	23
6222	島精機	2095	2095	1971	1971	4.1
6242	スピンドル	170	177	168	172	65
6245	ヒラノテク	310	310	310	310	8
6246	井上金	136	136	135	135	19
6247	日阪製	448	448	445	446	15
6271	ニッセイ	0	0	0	0	0
6272	レオン	332	343	331	333	9
6273	ＳＭＣ	12480	12670	11680	11890	321.9
6274	新川	2570	2650	2540	2545	67.2
6275	イセキ開発工	60	60	55	55	14
6276	ナビタス	505	520	500	505	24
6277	ホソミクロン	605	605	590	590	5
6278	ユニオンツル	6600	6670	6500	6500	9.4
6279	瑞光	940	950	900	950	10
6280	名機製	555	560	531	560	56
6281	前田製作	0	0	0	0	0
6282	オイレス	1720	1749	1650	1720	13.2
6283	オリイメック	0	0	0	0	0
6284	ＡＳＢ機械	250	250	250	250	4
6286	静甲	0	0	0	0	0
6287	サトー	2340	2395	2340	2395	7.8
6288	ハマダ印刷機	140	140	140	140	2
6289	技研製	280	280	280	280	9
6290	ＳＥＳ	450	489	450	469	67
6291	エアーテック	629	650	629	640	3
6292	カワタ	450	460	450	455	5
6293	日精樹脂	670	690	660	680	36
6294	オカアイヨン	210	210	187	187	3
6295	富士変速	334	334	334	334	7.9
6296	ロキテクノ	1120	1120	1100	1120	6
6297	鉱研工業	215	215	210	215	3.6
6298	ワイエイシイ	789	789	750	750	4
6299	神鋼環境Ｓ	288	288	280	280	10
6300	アピクヤマダ	601	601	580	600	56
6301	コマツ	498	508	491	499	1313
6302	住友機	174	177	171	175	1134
6303	ササクラ	338	338	338	338	2
6304	マキ製作所	439	450	439	450	5
6305	日立建機	407	407	391	396	78
6306	日工	220	226	220	223	12
6307	サンセイ	70	80	70	80	3
6309	巴工業	717	717	717	717	3
6310	井関農	75	80	75	75	179
6311	セイレイ工業	200	200	200	200	2
6312	フロイント	580	580	560	560	3
6313	共立	138	138	129	129	46
6314	石井工研	670	703	670	700	4.1
6315	ＴＯＷＡ	2100	2200	2100	2130	17.9
6316	丸山製	133	133	126	126	36
6317	北川鉄	119	125	118	118	44
6319	シンニッタン	197	200	197	197	10
6320	新ダイワ	230	235	225	235	6
6321	石搬機	0	0	0	0	0
6322	タクミナ	0	0	0	0	0
6323	ローツェ	1220	1230	1200	1210	11
6324	ハーモニック	1280000	1340000	1280000	1280000	0.015
6325	タカキタ	174	174	174	174	1
6326	クボタ	350	352	343	345	2179
6327	北川精機	420	420	410	420	19
6328	荏原実業	1340	1350	1330	1330	9
6329	ＨＥＣ	360	360	360	360	13
6330	東洋エンジ	88	90	88	90	131
6331	化工機	175	178	174	175	131
6332	月島機	635	658	635	656	14
6333	帝国電	600	600	600	600	2
6334	明治機	90	99	88	99	462
6335	東京機	355	366	350	366	151
6336	石井表記	3150	3150	3050	3050	7
6337	テセック	2410	2540	2410	2450	5
6338	タカトリ	0	0	0	0	0
6339	新東工	240	240	226	229	32
6340	渋谷工	820	821	815	820	12
6341	日立造船富岡	130	130	130	130	1
6342	太平製	0	0	0	0	0
6343	フリージア	36	40	36	39	36
6344	ＮＥＣマシナ	1551	1620	1551	1600	19
6345	アイチコーポ	161	167	157	157	8.5
6346	菊川鉄	170	170	170	170	1
6347	プラコー	75	75	75	75	1
6348	日本マリンテクノ	580	580	570	570	6
6349	小森	1801	1840	1787	1820	252
6350	新日本造機	179	179	179	179	3
6351	鶴見製	515	515	505	505	10
6352	トヨコケン	70	73	70	72	5
6354	日立機電	346	350	341	350	9
6355	住友精	300	300	296	297	58
6356	日ギア	0	0	0	0	0
6357	三精輸	275	279	275	279	7
6358	酒井重	205	208	205	205	24
6359	粟村製作所	131	131	131	131	1
6360	東自機	226	226	226	226	3
6361	荏原	1181	1197	1161	1166	538
6362	石井鉄	190	192	185	186	105
6363	酉島	465	468	460	468	16
6364	北越工	120	120	120	120	5
6365	電業社	3700	3900	3700	3900	1.7
6366	千代建	70	70	66	68	433
6367	ダイキン	2375	2375	2170	2235	644
6368	オルガノ	401	413	400	403	78
6369	トヨカネツ	96	96	93	93	133
6370	栗田工	1410	1430	1393	1404	235
6371	椿本チ	345	345	335	335	428
6372	セイサ	0	0	0	0	0
6373	大同工	195	198	192	197	28
6374	ＴＣＭ	252	259	250	255	73
6375	コンベヤ	71	74	71	73	178
6376	日機装	492	495	485	489	66
6377	甲陽建設	370	390	361	361	17
6378	木村化	180	180	165	165	39
6379	新興プラン	77	82	77	81	30
6380	オリチェン	95	95	95	95	2
6381	アネスト岩田	147	150	147	150	10
6382	トリニ工	205	205	205	205	1
6383	ダイフク	630	649	618	620	159
6384	昭和真空	2560	3140	2530	2980	551
6386	扶桑レクセ	910	950	910	935	32
6388	ミサワバン	440	450	440	450	88
6389	内田油圧	43	43	39	39	50
6390	加藤製	139	139	135	136	38
6391	加地テック	133	135	133	135	5
6392	ヤマダコーポ	126	126	125	126	6
6393	油研工	108	108	106	108	40
6394	大江工業	115	115	115	115	1
6395	タダノ	162	164	161	163	51
6396	宇野鉄	0	0	0	0	0
6397	郷鉄工	0	0	0	0	0
6398	日本電産シンポ	720	720	720	720	1
6403	水道機	304	304	304	304	1
6406	フジテック	552	560	540	541	85
6407	シーケーディ	770	771	750	750	90
6408	クラッチ	716	716	716	716	1
6409	キトー	245	250	220	235	12
6411	中野冷	380	380	380	380	1
6412	平和	1440	1480	1440	1475	72.6
6413	理想科学	1700	1700	1650	1700	4.4
6414	川重冷熱	350	350	350	350	3
6415	ニスカ	0	0	0	0	0
6416	桂川電機	211	211	211	211	3
6417	ＳＡＮＫＹＯ	3000	3030	2910	3000	129.4
6418	日金銭	1310	1310	1300	1300	15
6419	マース	2725	2850	2720	2830	17.4
6420	福島工業	629	629	629	629	5
6421	キヤノンＦ	861	864	860	860	19
6423	アビリット	1700	1700	1650	1654	49.9
6424	高見サイ	0	0	0	0	0
6425	アルゼ	4460	4490	4320	4330	26.8
6426	サミー	2050	2060	2020	2020	15.5
6427	東北リコー	812	813	812	813	3
6428	オーイズミ	0	0	0	0	0
6431	キャノンＮＴＣ	313	326	312	326	36
6436	アマノ	857	857	850	857	159
6437	三条機	0	0	0	0	0
6439	中日鋳	0	0	0	0	0
6440	ＪＵＫＩ	401	415	401	406	362
6442	コピア	290	290	276	276	52
6443	東洋製	122	122	114	114	9
6444	サンデン	466	478	465	467	234
6445	蛇の目	75	81	75	81	154
6448	ブラザー	205	210	203	203	351
6453	シルバ精	93	100	93	100	344
6454	マックス	1118	1118	1111	1118	13
6455	モリタ	260	260	258	258	12
6457	グローリー	2235	2255	2215	2250	33
6458	新晃工	145	145	141	141	11
6459	大和冷	280	280	277	277	188
6461	日ピス	87	87	81	82	77
6462	リケン	210	210	202	204	71
6463	ＴＰＲ	260	261	260	261	8
6466	トウアバルブ	0	0	0	0	0
6467	ニチダイ	540	545	535	535	15
6468	駿河精機	4200	4200	4200	4200	5
6469	放電精密	1000	1040	1000	1030	11
6470	大豊工業	868	880	851	875	8.4
6471	日精工	690	690	650	662	2229
6472	ＮＴＮ	350	360	345	355	1084
6473	光洋精	780	784	768	779	312
6474	不二越	162	166	159	164	222
6475	天辻	0	0	0	0	0
6476	富士テクニカ	240	240	240	240	1
6477	ツバキ・ナカ	1039	1057	1036	1040	44
6478	ダイベア	0	0	0	0	0
6479	ミネベア	1006	1006	975	994	1316
6480	トムソン	885	891	850	850	166
6481	ＴＨＫ	2230	2470	2200	2470	847
6482	ユーシン精機	4370	4450	4230	4310	8
6483	川重防災	390	415	390	413	15
6484	ＫＶＫ	222	222	222	222	2
6485	前沢給装	600	600	588	588	5
6486	イーグル工	367	367	365	366	4
6487	積水工機	0	0	0	0	0
6488	ヨシタケ	248	248	248	248	1
6489	前沢工業	686	686	650	650	20.8
6490	ピラー	640	660	640	651	33
6492	岡野バ	121	121	121	121	1
6493	日鍛バ	180	180	179	180	7
6494	ファネス	310	330	291	300	122
6495	宮入バ	60	61	60	61	14
6496	中北製	0	0	0	0	0
6497	ハマイ	0	0	0	0	0
6498	キッツ	150	152	150	150	147
6499	大隈エンジニア	180	180	180	180	2
6501	日立	1039	1040	1011	1020	4168
6502	東芝	750	752	736	746	6051
6503	三菱電	695	698	682	687	4067
6504	富士電機ＨＤ	323	326	320	326	967
6505	東洋電	117	117	115	115	37
6506	安川電	775	785	765	776	736
6507	神鋼電	156	159	156	158	233
6508	明電舎	183	189	180	182	306
6513	オリジン	616	628	610	616	55
6516	山洋電	510	530	510	525	72
6517	デンヨー	610	621	610	621	10
6518	三相電機	600	600	585	590	4
6519	エネサーブ	3600	3750	3600	3750	8
6581	日立工	310	316	305	308	109
6584	三桜工	495	495	483	483	47
6585	サーボ	200	200	200	200	8
6586	マキタ	810	810	790	793	74
6587	松下精工	401	401	388	395	71
6588	東芝テック	302	311	302	304	446
6590	芝浦	540	545	530	535	276
6591	西芝電	140	140	140	140	4
6592	マブチ	10400	10530	10040	10190	58.6
6593	ローヤル電	390	400	390	400	2
6594	日電産	5100	5270	4990	5050	94
6621	高岳	132	132	129	129	114
6622	ダイヘン	170	175	170	172	76
6623	愛電機	0	0	0	0	0
6624	田淵電	145	157	145	157	16
6641	日新電	236	241	235	235	143
6643	戸上電	160	160	140	158	23
6644	大崎電	613	614	603	603	8
6645	オムロン	2150	2205	2070	2155	947
6646	エナジーサポ	385	386	380	385	13
6647	森尾電	0	0	0	0	0
6648	かわでん	1	1	1	1	23
6650	春日電	120	120	120	120	19
6651	日東工	830	833	810	810	25
6652	和泉電	1120	1120	1101	1115	7.5
6654	不二電機	530	530	520	530	10
6655	東洋電機	0	0	0	0	0
6701	ＮＥＣ	2025	2055	1976	1996	5470
6702	富士通	1662	1668	1554	1595	10956
6703	沖電気	540	542	523	531	1393
6704	岩崎通	221	227	218	218	87
6705	ＮＥＣインフ	481	484	476	476	75
6706	電気興	646	665	645	650	80
6707	サンケン	580	602	580	590	301
6708	東洋通	755	770	750	760	106
6709	明星電	106	110	105	110	25
6710	大興電機製作	180	181	170	177	26
6711	高見澤電機	185	193	185	192	11
6712	田村電機製作	214	219	210	218	33
6714	神田通信工業	159	159	151	151	16
6715	ナカヨ通	230	231	230	230	6
6716	中央無	250	250	240	240	5
6717	富士通アクセ	1250	1250	1111	1111	51.6
6718	アイホン	1055	1060	1047	1055	16.1
6741	信号	370	380	365	369	129
6742	京三	240	241	237	240	96
6743	大同信	185	185	185	185	3
6744	能美防災	368	368	363	368	7
6745	ホーチキ	272	274	272	274	4
6747	小糸工	271	272	270	270	16
6748	星和電	444	444	444	444	3
6749	マスプロ	1000	1048	1000	1000	10.6
6751	日無線	716	719	702	704	173
6752	松下	2535	2545	2485	2520	3515
6753	シャープ	1341	1344	1300	1310	1725
6754	アンリツ	2665	2790	2625	2725	1002
6755	富士通ゼ	516	528	510	511	126
6756	日立国際	885	886	837	840	224
6758	ソニー	7800	7860	7510	7560	3149.8
6759	ＮＥＣトーキ	1333	1333	1280	1320	267
6761	アイワ	720	720	700	703	136
6762	ＴＤＫ	11660	11660	11400	11430	372.1
6763	帝通工	318	319	313	314	68
6764	三洋電	921	921	900	907	3087
6765	ケンウッド	250	250	241	244	389
6766	宮越商	32	33	30	31	119
6767	ミツミ	1940	1940	1785	1817	724
6768	タムラ	380	395	380	392	116
6770	アルプス	1874	1878	1771	1780	1281
6771	池上通	220	220	215	217	88
6772	コスモス	130	130	130	130	1
6773	パイオニア	2800	2840	2785	2800	1235
6775	東和メクス	96	98	96	97	28
6776	天昇電	0	0	0	0	0
6779	日電波	3500	3500	3380	3390	105.7
6781	松下通信工業	14550	14750	14380	14650	560.4
6782	九州松下電器	1008	1045	1000	1011	128
6783	松下寿電子	1650	1719	1650	1695	85
6786	リアルＶ	0	0	0	0	0
6787	メイコー	840	940	840	930	29
6788	日本トリム	1010	1020	990	1010	53
6789	ローランドDG	700	720	700	720	7
6790	野田スクリン	2250000	2250000	2210000	2250000	0.009
6791	コロムビア	166	169	165	167	48
6792	ビクター	722	745	712	739	144
6793	山水電	8	8	7	8	483
6794	フォスター	510	510	481	484	77
6796	クラリオン	262	265	260	264	614
6797	名古屋電機	1150	1150	1150	1150	2
6798	ＳＭＫ	515	530	515	523	255
6799	日本マランツ	200	200	200	200	5
6800	ヨコオ	1617	1750	1615	1750	59
6801	東光	560	560	550	552	283
6802	赤井電機	1	1	1	1	63
6803	ティアック	304	305	303	304	48
6804	ホシデン	4100	4250	3960	4250	445
6806	ヒロセ電	11080	11630	11070	11400	88.1
6807	航空電子	745	790	740	774	360
6808	シントム	22	25	22	24	2988
6809	ＴＯＡ	310	310	303	304	24
6810	マクセル	1880	1898	1856	1898	65
6811	クオンツ	254	265	231	260	80
6812	ジャルコ	415	430	415	430	5
6813	ナカミチ	57	60	57	59	116
6814	古野電	300	300	295	296	20
6815	ユニデン	554	556	545	556	249
6816	アルパイン	1140	1150	1135	1137	37
6817	スミダコーポ	4000	4050	3950	3970	10.4
6818	島田理	1010	1020	980	1000	13.9
6819	オメガ・プロ	245	257	245	250	231
6820	アイコム	1100	1110	1060	1060	3.4
6821	バーテクスＳ	760	780	720	760	30
6822	大井電気	190	195	190	195	5
6823	リオン	590	600	590	600	3
6824	新コスモス	385	400	380	390	9
6825	パトライト	1298	1360	1298	1360	25
6826	本多通信	2600	2950	2600	2950	3.9
6827	東北パイオ	3800	3800	3700	3800	19
6828	シメオ精密	6900	6900	6800	6900	5
6829	ソーテック	691000	731000	691000	730000	0.315
6830	ＹＯＺＡＮ	2450000	2500000	2360000	2380000	0.069
6832	アオイ電子	2900	2900	2660	2800	21
6833	日電産リード	2055	2055	2055	2055	5
6834	精工技研	24000	24000	21800	22400	37.8
6835	アライドＨＤ	3930	3930	3660	3810	16.6
6836	ぷらっと	4000000	4500000	4000000	4500000	0.007
6837	京写	660	690	660	690	4
6838	多摩川電	0	0	0	0	0
6839	船井電	8200	8200	7790	7950	74.6
6840	アドテック	1400	1500	1300	1400	189
6841	横河電	920	920	902	915	514
6842	ユニパルス	2560	2560	2550	2550	6
6843	東光精機	188	188	188	188	1
6844	新電元	606	630	590	610	235
6845	山武	1080	1080	1055	1069	57
6846	中央製	0	0	0	0	0
6847	安藤電気	905	915	900	915	53
6848	東亜ＤＫＫ	261	274	261	274	4
6849	日本光電	276	277	271	271	25
6850	チノー	213	213	211	212	13
6851	大倉電気	160	160	155	155	16
6852	テクノセブン	127	127	127	127	2
6853	共和電	300	300	282	282	18
6855	電子材料	1480	1480	1450	1450	9
6856	堀場製	850	856	845	845	57
6857	アドバンテスト	10000	10050	9760	9910	554.2
6858	小野測器	163	170	160	163	14
6859	エスペック	1010	1010	1006	1006	9
6860	サンクス	1110	1110	1110	1110	1
6861	キーエンス	27200	27600	25800	26220	112.9
6862	ミナトエレ	123	123	123	123	2
6863	ニレコ	0	0	0	0	0
6864	ＮＦ回路	330	330	330	330	1
6866	ＨＩＯＫＩ	825	825	820	825	22
6867	リーダー電子	920	920	920	920	1
6868	東カソード	851	900	850	900	3.3
6869	シスメックス	2470	2470	2350	2350	6.3
6870	フェンオール	449	449	449	449	1
6871	日本マイクロ	1380	1460	1380	1450	9.1
6872	日本コーリン	5630	6160	5630	5750	18.1
6873	日立電子Ｅ	600	600	600	600	3
6874	協立電機	1890	1890	1800	1800	3.8
6875	メガチップス	3250	3450	3080	3400	41.7
6876	光波	1710	1710	1660	1690	12.4
6877	ＯＢＡＲＡ	0	0	0	0	0
6878	長野日無	450	451	450	451	6
6879	フォトロン	0	0	0	0	0
6880	シンワ	660	670	660	665	3
6881	キョウデン	1910	2000	1910	1945	74
6882	三社電機	850	850	850	850	19
6883	電産コ電	1050	1050	1040	1040	3
6884	デジタル	0	0	0	0	0
6885	ミヤチテクノ	3330	3650	3150	3500	76.8
6886	グラフィック	0	0	0	0	0
6887	日本ＬＳＩカード	190000	190000	180000	180000	0.016
6888	アクモス	290000	380000	290000	350000	0.031
6889	オーデリック	470	470	470	470	1
6890	フェローテク	2290	2370	2260	2370	48
6891	イーター電機	0	0	0	0	0
6892	シチズン電子	6080	6150	5860	5860	7.4
6893	タイテック	680	685	675	685	18
6894	パルステック	1550	1600	1550	1600	26
6895	ダイヤ電機	449	450	449	450	8
6896	北川工業	890	890	880	881	13.1
6897	ツインバード	199	201	185	201	4
6898	トミタ電機	0	0	0	0	0
6899	ＡＳＴＩ	551	551	550	550	4
6900	東京電波	3000	3140	2910	2950	38.5
6901	沢藤電	200	205	200	205	15
6902	デンソー	2465	2465	2420	2425	1533
6904	原田工業	300	300	300	300	2
6905	コーセル	2930	3020	2860	2990	45.4
6906	キヤ･コンポ	191	200	190	200	12
6907	ジオマテック	1800	1840	1750	1810	7.2
6908	イリソ電子	380	395	380	395	4
6909	北部通信工業	200	200	200	200	1
6910	日立メディコ	1071	1075	1070	1075	8
6911	新日無	754	765	680	680	57
6912	菊水電子	420	420	420	420	1
6913	メルコ	2130	2190	2130	2145	22.4
6914	オプテックス	895	895	895	895	1
6915	千代田インテ	1150	1200	1150	1190	15
6916	アイオデータ	1190	1210	1160	1170	27.8
6917	デンセラムダ	2360	2360	2325	2340	22
6918	アバール	641	650	641	650	5
6919	ケル	535	550	535	540	12
6920	レーザーテク	1500	1500	1490	1490	4
6921	東光電	265	265	252	265	9
6922	昭和情報	340	355	330	355	14
6923	スタンレー	1040	1047	987	990	745
6924	岩崎電	284	290	282	286	175
6925	ウシオ電	1860	1888	1830	1867	203
6926	岡谷電	285	290	280	280	9
6928	エノモト	551	590	550	560	49
6929	日セラ	2010	2025	1950	2025	34
6930	日本アンテナ	1010	1040	1010	1040	10
6931	日本電池	340	349	340	342	195
6932	ユアサコーポ	340	340	330	340	39
6933	ＹＵＡＳＡ	213	214	210	212	360
6934	新神戸	441	450	441	444	59
6935	日デジタル	1311	1329	1302	1324	32.1
6936	東洋高砂乾	0	0	0	0	0
6937	古河池	240	250	240	250	5
6938	双信電機	670	680	660	680	9
6939	ＵＭＣＪ	700000	770000	700000	770000	0.195
6940	多摩電気	275	275	275	275	3
6941	山一電機	1744	1800	1714	1750	27.9
6942	ソフィア	160	160	160	160	2
6943	開閉器	501	501	501	501	1
6944	アイレックス	0	0	0	0	0
6945	ＦＴＥＣ	511	520	505	520	12
6946	日本アビオ	244	245	244	245	6
6947	図研	2100	2130	2060	2070	98.8
6948	住友電装	840	840	840	840	2
6949	キンセキ	1001	1080	1000	1020	142
6950	ＹＥデータ	340	345	333	333	8
6951	日電子	528	534	510	529	77
6952	カシオ	865	910	856	890	574
6954	ファナック	7550	7800	7460	7600	455.3
6955	ＦＤＫ	1030	1050	1010	1035	93
6956	神明電	1640	1640	1590	1590	12
6957	芝浦電子	280	280	270	280	8.9
6958	日本ＣＭＫ	1621	1621	1574	1574	67
6960	フクダ電	2010	2010	2010	2010	1
6961	エンプラス	3830	3900	3490	3690	40.9
6962	大真空	600	613	600	613	75
6963	ローム	21600	22160	21500	22000	437.9
6964	サンコー	970	970	960	970	35
6965	ホトニクス	7000	7200	6960	7190	173.5
6966	三井ハイテク	1330	1380	1330	1330	79.3
6967	新光電工	3200	3350	2980	2985	205
6968	グラフテック	140	140	136	140	19
6969	松尾電	425	430	425	430	41
6970	日本コンラックス	554	564	551	555	77
6971	京セラ	12120	12350	11800	11920	1378.6
6972	エルナー	288	290	276	281	57
6973	協栄産	334	339	332	332	16
6974	日本インター	297	297	275	275	34
6975	ＮＥＯＭＡＸ	965	975	950	951	119
6976	太陽電	3790	3840	3700	3800	1382
6977	抵抗器	164	168	164	168	7
6980	日立ＡＩＣ	699	711	690	710	52
6981	村田製	13190	13300	12960	13040	724.3
6982	リード	166	199	166	171	77
6984	朝日ナショナ	362	362	362	362	1
6985	ユーシン	356	356	356	356	11
6986	双葉電	3450	3450	3350	3360	29.3
6988	日東電	3020	3020	2795	2980	332
6989	北電工	193	198	190	197	94
6991	松電工	1290	1290	1272	1283	1271
6992	国産電	185	187	185	187	7
6993	森電機	82	90	82	87	18
6994	指月電	187	189	186	186	9
6995	東海理	797	799	797	797	11
6996	ニチコン	1520	1550	1501	1511	182.4
6997	日ケミコン	778	790	774	777	719
6998	タングス	294	298	286	292	87
6999	ＫＯＡ	1940	1975	1901	1921	82.3
7003	三井造	96	98	95	96	1141
7004	日立造	83	83	80	82	3186
7007	佐世保	66	68	65	67	326
7011	三菱重	498	498	466	471	12170
7012	川重	134	136	131	132	2207
7013	石川島	220	220	212	215	3236
7014	名村造	156	156	150	154	57
7018	内海造	100	100	100	100	4
7020	サノヤス	145	145	143	145	15
7021	ニッチツ	145	145	143	143	4
7052	信貴造船所	100	100	100	100	2
7102	日車両	187	191	185	190	531
7104	富士車輌	116	116	110	116	12
7105	ニチユ	171	172	171	172	5
7122	近畿車	131	131	130	130	11
7123	東急車輌製造	70	70	69	69	74
7124	輸送機工業	0	0	0	0	0
7142	ナブコ	144	150	144	150	7
7201	日産自	609	622	599	622	6241
7202	いすゞ	213	215	210	210	618
7203	トヨタ	3750	3760	3640	3650	3349.3
7204	小松ゼノア	225	226	221	226	7
7205	日野自	418	427	412	427	576
7210	日産ディ	98	100	94	97	245
7211	三菱自	330	333	325	333	2065
7212	エフテック	501	520	501	520	5
7218	田中精密	755	755	755	755	3
7219	ＨＫＳ	540	540	540	540	2
7220	武蔵精密	1060	1060	1000	1000	3
7221	トヨ車	1007	1009	1004	1004	14
7222	産車体	142	143	139	140	161
7223	関東自	572	578	560	560	32
7224	新明和	169	169	165	165	128
7225	小松フォーク	154	154	151	151	25
7226	極東開発	417	417	410	412	5.2
7227	アスカ	0	0	0	0	0
7228	デイトナ	520	520	520	520	1
7229	ユタカ技研	0	0	0	0	0
7230	日信工業	1650	1650	1600	1610	38
7231	トピー	155	163	155	161	334
7232	トキコ	190	190	180	181	401
7233	自部品	0	0	0	0	0
7234	橋本フォーミング	56	58	55	55	7
7235	東ラヂ	108	108	108	108	1
7236	ティラド	381	396	380	396	114
7237	ボッシュブレーキ	0	0	0	0	0
7238	ブレーキ	199	199	196	196	21
7239	タチエス	505	505	505	505	1
7240	ＮＯＫ	1250	1299	1250	1290	410
7241	フタバ	1365	1390	1364	1366	77
7242	カヤバ	172	173	168	170	630
7243	シロキ	186	188	185	187	6
7244	市光工	192	194	190	191	238
7245	大同メ	450	530	450	530	64
7246	プレス工	62	64	60	61	122
7247	ミクニ	116	118	116	118	7
7248	カルソニック	263	274	263	270	39
7249	尾張精	0	0	0	0	0
7250	太平洋工	245	248	245	248	10
7251	ケーヒン	969	969	944	956	79
7252	富士機	0	0	0	0	0
7253	日本ガスケット	0	0	0	0	0
7254	フジユニ	160	160	159	159	2
7255	桜井製	790	790	790	790	1
7256	河西工	165	168	162	168	38
7257	自転車電機工	308	340	308	340	11
7258	栃木富士産業	202	202	196	196	3
7259	アイシン	1510	1510	1445	1455	168
7260	富士機工	195	195	194	194	11
7261	マツダ	290	294	283	287	1954
7262	ダイハツ	835	837	827	834	149
7263	愛知機	180	184	180	180	76
7264	ＭＵＲＯ	0	0	0	0	0
7265	エイケン工業	500	500	500	500	1
7266	今仙電機	308	308	308	308	4
7267	ホンダ	4020	4040	3960	3990	2505
7268	タツミ	163	163	163	163	1
7269	スズキ	1195	1214	1162	1193	390
7270	富士重	690	693	680	684	1005
7271	安永	450	450	450	450	3
7272	ヤマハ発	740	740	730	734	198
7273	イクヨ	151	151	151	151	1
7274	ショーワ	625	625	610	620	12
7275	ユニシア	165	170	165	170	72
7276	小糸製	454	460	443	443	189
7277	ＴＢＫ	103	103	100	100	18
7278	エクセディ	799	799	759	759	22.6
7279	ケーブル	1000	1000	970	981	24
7280	ミツバ	385	387	381	385	13
7282	豊田合	2500	2740	2500	2740	719
7283	愛三工	585	585	555	560	15
7284	盟和産	222	232	216	216	4
7285	池田物産	110	111	110	111	114
7286	イズミ工業	0	0	0	0	0
7287	日精機	550	600	550	600	180
7288	テクノエイト	0	0	0	0	0
7289	マーレ テネックス	172	172	170	170	6
7290	日発精密工業	270	270	270	270	2
7291	日本プラスト	289	289	289	289	4
7292	村上開明	670	670	670	670	1
7293	大井製作所	0	0	0	0	0
7294	ヨロズ	403	408	403	408	7.7
7295	アイエス製機	370	370	365	365	2
7296	ＦＣＣ	0	0	0	0	0
7297	カーメイト	550	550	550	550	0.1
7298	八千代工	358	358	350	350	2
7299	フジオーゼ	0	0	0	0	0
7301	宮田	103	103	103	103	1
7305	新家工	95	95	88	93	6
7306	丸石自転車	200	209	195	209	14
7308	ツノダ	0	0	0	0	0
7309	シマノ	2065	2085	2050	2065	86.8
7399	ナンシン	210	225	200	225	6
7404	昭和飛	245	248	245	248	10
7407	日本飛行機	235	236	226	226	22
7408	ジャムコ	395	400	395	400	6
7410	横浜鋼業	93	93	93	93	8
7411	成和産業	700	700	700	700	1
7412	アトム	1250	1280	1250	1250	15.5
7413	創健社	0	0	0	0	0
7414	小野建	0	0	0	0	0
7415	新星堂	260	260	257	257	3
7416	はるやま	698	698	698	698	4
7418	ヤマキ	130	130	130	130	5
7419	ノジマ	1270	1280	1270	1270	1
7420	佐鳥電機	1140	1140	1080	1100	17
7421	カッパクリエ	4490	4600	4490	4590	7.2
7422	東邦レマック	600	610	600	600	3
7423	フォンテーヌ	1060	1150	1060	1120	2.4
7424	ニコニコ堂	0	0	0	0	0
7425	初穂商事	285	285	285	285	1
7426	山大	0	0	0	0	0
7427	エコーＴＤ	1250	1250	1240	1250	3.1
7428	江戸沢	795	800	795	799	3
7429	セイジョー	989	1010	989	991	2.8
7430	サンワドー	445	445	445	445	0.4
7432	ダルトン	0	0	0	0	0
7433	伯東	2930	3100	2850	3060	37
7434	オータケ	1630	1640	1630	1640	0.4
7435	ナ・デックス	0	0	0	0	0
7437	シーアンドエス	4100	4200	3940	4070	238.8
7438	コンドー	390	390	365	365	18
7439	サンミック千代田	151	151	151	151	4
7440	クラフト	705	710	705	710	2
7442	中山福	320	320	320	320	7
7443	横浜魚類	280	280	280	280	3
7444	ハリマ共和	0	0	0	0	0
7445	ライトオン	1600	1640	1591	1619	48.4
7446	東北化学	398	400	398	400	14
7447	ナガイレーベ	2010	2050	1950	1950	1.7
7448	ジンズメイト	720	720	700	701	6.2
7449	太洋興業	0	0	0	0	0
7450	サンデー	780	780	750	750	4
7451	菱食	4380	4450	4370	4400	34.7
7452	マツヤ	0	0	0	0	0
7453	良品計画	3980	3990	3480	3990	398
7454	ホットスパー	95	95	90	90	11
7455	三城	2470	2500	2410	2435	73.2
7456	松田産業	2150	2150	2000	2000	7.5
7457	セキテクノ	366	366	360	360	4
7458	第一興商	1280	1300	1280	1300	13.3
7459	メディセオＨＤ	889	913	882	902	105.5
7460	ヤギ	475	475	475	475	3
7461	キムラ	1160	1160	1160	1160	1
7462	ダイヤ通商	0	0	0	0	0
7463	アドヴァン	1050	1170	1050	1160	22.5
7464	セフテック	0	0	0	0	0
7465	ＭＶ北海道	0	0	0	0	0
7466	ＳＰＫ	970	970	970	970	0.1
7467	萩原電気	0	0	0	0	0
7468	アムスク	710	730	700	730	8
7470	サロモンメイド	581	581	570	570	4
7471	ふじ	395	395	395	395	1
7472	鳥羽洋行	949	950	949	950	6
7473	静岡スバル	0	0	0	0	0
7474	パオ	530	550	530	550	4
7475	アルビス	485	485	485	485	1
7476	アズワン	1550	1570	1550	1570	17.5
7477	ムラキ	0	0	0	0	0
7478	ブルーグラス	451	451	451	451	3
7479	サンマルク	3650	3650	3550	3550	2
7480	スズデン	0	0	0	0	0
7481	尾家産	0	0	0	0	0
7482	シモジマ	920	920	910	910	3
7483	ドウシシャ	1700	1700	1660	1660	2.6
7485	岡谷鋼機	938	938	935	938	12
7486	サンリン	0	0	0	0	0
7487	小津産業	1050	1050	1050	1050	3.5
7488	ヤガミ	0	0	0	0	0
7490	日新商	0	0	0	0	0
7491	ＯＡシステム	380	380	379	379	5
7492	タイカン	279	279	279	279	1
7494	コナカ	619	650	619	650	10.5
7495	レオ	0	0	0	0	0
7496	八千代ムセン	700	701	700	700	4.5
7497	マインマート	710	730	710	730	0.7
7498	ジャパン	1960	1995	1960	1995	4
7500	西川計測	0	0	0	0	0
7501	ティムコ	720	720	700	700	1.6
7502	プラザクリエ	3070	3290	3070	3290	0.4
7503	ＩＭＩ	0	0	0	0	0
7504	高速	580	580	580	580	6
7505	扶桑電通	480	480	480	480	2
7506	ハウスローゼ	690	690	670	670	0.7
7507	浜 勝	1100	1130	1100	1130	1.5
7508	オートセブ	0	0	0	0	0
7509	アイエー	400	400	391	391	4
7510	竹菱電機	0	0	0	0	0
7511	ジプロ	0	0	0	0	0
7512	ポスフール	916	920	913	918	10.7
7513	コジマ	1981	1990	1953	1985	106.4
7514	ヒマラヤ	400	400	380	380	11.5
7515	マルヨシ	0	0	0	0	0
7516	コーナン	980	980	950	960	3
7517	黒田電気	1940	1982	1831	1982	24.7
7518	ネットワン	2580000	2620000	2480000	2500000	1.725
7519	五洋インテ	220	220	220	220	7
7520	エコス	420	420	410	410	1.2
7521	ムサシ	0	0	0	0	0
7522	ワタミ	4100	4300	4100	4300	54
7523	アールビバン	920	930	901	920	6.9
7524	マルシェ	940	940	940	940	0.5
7527	システムソフ	360	375	360	360	5
7528	安藤薬業公司	280	280	280	280	1
7529	はるやま	0	0	0	0	0
7530	ナブコドア	0	0	0	0	0
7531	清和鋼業	440	440	425	440	5
7532	ドンキホーテ	10000	10200	9700	10050	16.8
7535	グッドマン	1700	1700	1670	1680	3.6
7536	船橋薬品	500	500	500	500	1
7537	丸文	1162	1200	1162	1200	16
7538	大水	370	380	370	380	6
7539	アベルコ	310	315	310	310	12
7540	エルエスフェンス	199	199	199	199	3
7541	メガネトップ	1700	1720	1700	1700	9
7542	ビスケーＨＤ	0	0	0	0	0
7543	ミスタージョン	0	0	0	0	0
7544	スリーエフ	1030	1100	1030	1100	3.5
7545	西松屋チェ	1291	1331	1225	1330	13.9
7547	オートハローズ	0	0	0	0	0
7548	サンクスＪＰ	1320	1320	1300	1300	20
7549	エス・エス・ブイ	0	0	0	0	0
7550	ゼンショー	830	835	830	830	32
7551	ウェッズ	0	0	0	0	0
7552	ハピネット	1800	1800	1710	1790	7.1
7553	サザビー	4410	4500	4300	4400	66.2
7554	幸楽苑	1000	1000	985	985	3
7555	大田花き	420	420	420	420	4
7556	住商エレク	1150	1160	1090	1090	2.5
7557	サンクス	3540	3650	3410	3550	157.1
7558	トーメンエレ	3500	3690	3500	3610	1.6
7559	ジーエフシー	740	740	740	740	1
7560	ユニマット	850	850	801	801	11.2
7561	ハークスレイ	1710	1710	1700	1710	6.7
7562	安楽亭	701	701	700	700	16
7563	ニッパン	0	0	0	0	0
7564	ワークマン	0	0	0	0	0
7565	万世電機	0	0	0	0	0
7566	ジャパンケア	1620	1650	1620	1620	4
7567	栄電子	747	750	747	750	2
7568	クレックス	489	489	489	489	3
7569	モンテカルロ	270	320	270	320	15
7570	橋本総業	0	0	0	0	0
7571	ヤマノＨＣ	730	750	730	750	3
7573	ツルハ	1340	1360	1330	1350	33
7574	共信テクノ	1100	1140	1050	1140	4
7575	日本ライフＬ	700	720	700	720	2.3
7576	ベターライフ	0	0	0	0	0
7577	パスポート	230	230	230	230	1
7578	ニチリョク	600	605	595	605	5
7579	オリジン東	3250	3300	3250	3300	5.5
7580	フーズネット	0	0	0	0	0
7581	サイゼリヤ	5800	5800	5450	5650	27.6
7582	富デバイス	1170	1220	1170	1220	47
7583	通商	0	0	0	0	0
7584	丸紅インフォ	480	480	480	480	1
7585	かんなん	835	840	835	840	2
7586	寺島薬局	900	900	890	900	7.3
7587	ＰＡＬＴＥＫ	2300	2380	2300	2330	4.4
7588	シートゥーネット	6900	7100	6900	7010	9.9
7589	デジキューブ	485000	490000	470000	480000	0.015
7590	タカショー	435	435	415	425	9
7591	エクセル	1000	1000	975	1000	17
7592	アイ・ユー・ケイ	385	385	385	385	1
7593	ＶＴＨＤ	0	0	0	0	0
7594	マルカキカイ	344	344	344	344	4
7595	アルゴグラフ	1490	1500	1450	1500	6.2
7596	魚力	1390	1390	1360	1360	4.3
7597	東京貴宝	0	0	0	0	0
7598	ナイスクラ	235	245	235	245	26
7599	ガリバー	1285	1330	1140	1190	43.4
7600	日本ＭＤＭ	3200	3200	3100	3100	3.6
7601	ポプラ	1000	1000	970	980	7.2
7602	ジャック	1416	1416	1381	1381	16.1
7603	マックハウス	0	0	0	0	0
7604	梅の花	1290000	1370000	1290000	1360000	0.011
7605	フジコーポ	130	145	120	121	32
7606	Ｕアローズ	660	710	660	700	4.2
7607	進和	0	0	0	0	0
7608	ＳＫジャパン	0	0	0	0	0
7609	ダイトエレク	1860	1890	1800	1850	10
7610	テイツー	320000	335000	315000	330000	0.041
7611	ハイデ日高	0	0	0	0	0
7612	コモンウェル	328	328	328	328	1
7613	シークス	1200	1250	1200	1250	2.1
7614	オーエムツー	1500	1500	1450	1450	1.8
7615	京都友禅	440000	445000	435000	435000	0.032
7616	コロワイド	1855	1900	1855	1900	2.5
7617	オオゼキ	3500	3500	3500	3500	0.5
7618	ＰＣＤＥＰＯ	353000	353000	341000	350000	0.013
7619	田中商事	0	0	0	0	0
7620	ヤマト硝子	370	380	336	350	22
7621	うかい	945	945	940	945	9
7622	焼肉サカイ	845	846	810	830	9.7
7623	サンオータス	0	0	0	0	0
7624	内藤	890	890	890	890	2
7625	ダイニング	1450	1450	1300	1360	8.3
7626	ドッドウエル	1260	1260	1250	1250	2
7627	なか卯	1090	1090	1090	1090	1
7628	オーハシテク	0	0	0	0	0
7629	ムラチク	0	0	0	0	0
7630	壱番屋	840	840	810	840	25
7631	マクニカ	9500	9600	9250	9480	21.2
7632	住商メタレックス	555	555	555	555	4
7633	明響社	300	300	280	295	5
7634	星医療	1250	1250	1250	1250	2
7635	杉田エース	0	0	0	0	0
7636	ハンズマン	950	1020	950	1020	5
7637	白 銅	1330	1430	1330	1380	18
7638	シーマ	0	0	0	0	0
7639	贔屓屋	700	700	700	700	1
7640	トップカル	1050	1050	1050	1050	2
7641	フォーユー	456000	470000	456000	470000	0.013
7642	ビジョン	500	500	495	495	2.1
7643	ダイイチ	0	0	0	0	0
7644	常盤薬品	0	0	0	0	0
7645	日本トイザ	13700	13700	12100	13100	19.5
7646	ＰＬＡＮＴ	2350	2400	2340	2400	9
7647	音通	125	125	125	125	1
7648	トーカン	0	0	0	0	0
7649	スギ薬局	0	0	0	0	0
7701	島津	377	384	372	381	354
7702	ＪＭＳ	367	375	365	365	21
7703	川澄化	1070	1070	1070	1070	3
7704	アロカ	900	909	900	900	13
7705	ジーエル	1270	1270	1270	1270	3
7706	セントラユニ	395	405	395	405	2
7711	助川電気	202	202	202	202	1
7713	シグマ光機	1540	1550	1530	1550	35
7714	モリテックス	4710	4800	4710	4800	56.5
7715	長野計器	2400	2400	2390	2390	2
7716	ナカニシ	1900	1930	1900	1910	11
7717	ブイテクノ	760000	760000	690000	720000	0.064
7718	スター精	1200	1225	1180	1225	37
7719	東衡機	71	71	56	66	6
7720	ソキア	166	169	161	165	51
7721	トキメック	125	125	115	118	69
7723	愛時計	265	265	260	263	16
7724	金門	116	120	116	117	45
7726	黒田精	253	253	253	253	1
7727	オーバル	140	140	140	140	2
7728	電産トーソク	830	830	780	800	10
7729	東京精	6360	6490	6260	6350	99.6
7731	ニコン	1197	1215	1150	1175	2071
7732	トプコン	313	320	313	319	19
7733	オリンパス	1810	1820	1751	1790	1047
7734	理計器	418	418	417	417	23
7735	スクリン	533	533	516	521	1641
7736	ユニオンＨＤ	80	81	79	79	16
7738	チノン	297	300	290	290	23
7739	キヤノン電	1051	1070	1046	1046	29
7740	タムロン	1000	1000	810	830	113
7741	ＨＯＹＡ	8050	8400	7890	8400	334.1
7743	シード	0	0	0	0	0
7744	ノーリツ鋼機	2400	2430	2370	2370	9.5
7750	ペンタックス	253	256	248	256	78
7751	キヤノン	3550	3650	3530	3590	3360
7752	リコー	1865	1900	1845	1885	1589
7753	ミノルタ	415	418	410	412	216
7756	電産コパル	1300	1301	1271	1271	24
7757	三協精	670	695	670	690	145
7758	セコニック	295	300	295	300	7
7762	シチズン	751	775	749	760	1071
7764	オリエント時計	160	160	150	150	7
7765	リコーエレメ	651	688	650	688	12
7768	ジェコー	0	0	0	0	0
7769	リズム	170	171	164	170	187
7770	ミヨタ	1870	1870	1870	1870	2
7771	日本精密	385	385	370	370	3
7854	バンプレスト	1400	1400	1360	1390	6
7855	カーディナル	0	0	0	0	0
7856	萩原工業	750	760	750	760	7
7857	セキ	0	0	0	0	0
7858	小野産業	740	740	720	720	2
7859	アルメディオ	0	0	0	0	0
7860	エイベックス	6900	7140	6890	6970	41.2
7861	東京リスマ	915	915	890	910	4.3
7862	トッパンフォ	1682	1682	1595	1620	116.2
7863	平賀	640	640	630	630	12
7864	フジシール	3100	3500	3040	3500	34.4
7865	ピープル	901	901	900	900	6
7866	アトラス	700	710	675	700	11.3
7867	トミー	2800	2840	2750	2765	37.3
7868	広済堂	980	989	960	987	2.5
7869	日本フォーム	430	430	405	405	5
7870	福島印刷	0	0	0	0	0
7871	フクビ	600	600	600	600	1
7872	エステール	500	500	500	500	0.3
7873	アーク	4260	4270	4250	4250	14
7874	スルガ	3300	3400	3300	3400	3.3
7875	竹田印刷	0	0	0	0	0
7876	三陽PAX	0	0	0	0	0
7877	永大化工	560	570	560	560	6
7878	光彩工芸	0	0	0	0	0
7879	ノダ	428	445	426	445	0.9
7880	南部化成	0	0	0	0	0
7881	ニッソー	0	0	0	0	0
7882	アロン化成	350	355	350	350	8
7883	サンメッセ	0	0	0	0	0
7884	本間ゴルフ	260	265	255	265	6.7
7885	タカノ	1264	1264	1200	1260	10.6
7886	ヤマト・イン	190	190	190	190	1
7887	南プラ	390	390	390	390	13
7888	三光合成	270	275	270	275	6
7889	桑山	500	500	482	500	0.5
7890	アテナ工業	0	0	0	0	0
7891	日本ユピカ	0	0	0	0	0
7892	宇部日東化成	290	290	266	268	34
7893	亜細亜	950	950	950	950	2
7895	中央化学	1410	1410	1400	1400	1.6
7896	セブン工業	331	331	330	330	4
7897	ホクシン	127	128	115	125	11
7898	ウッドワン	613	620	610	610	15
7899	オザキ軽化	355	355	350	350	2
7900	大出産業	650	650	650	650	1
7901	マツモト	0	0	0	0	0
7902	ソノコム	0	0	0	0	0
7903	名木材	0	0	0	0	0
7904	天竜木	26	30	26	30	31
7905	大建工	290	303	280	303	39
7906	ヨネックス	377	383	377	380	5
7907	日防腐	0	0	0	0	0
7908	きもと	0	0	0	0	0
7909	シーアイ化	307	314	307	312	3
7910	段谷産業	51	54	51	53	98
7911	凸版	935	940	917	927	689
7912	大日印	1623	1623	1590	1600	994
7913	図書印	202	210	201	209	15
7914	共同印	307	310	306	310	36
7915	日写印	549	550	540	541	47
7916	光村印	315	315	295	303	40
7917	藤森工業	789	789	789	789	3
7918	ヴィアＨＤ	255	255	255	255	1
7919	野崎紙	223	232	223	232	4
7920	三浦印	400	400	398	400	7
7921	宝印刷	820	820	802	805	14.5
7922	三光産業	730	730	730	730	1
7923	トーイン	0	0	0	0	0
7925	前沢化成	1000	1020	999	1000	6.3
7926	ベルテクノ	220	220	180	180	16
7927	ムトー精工	900	900	900	900	3
7928	旭化学	500	500	500	500	1
7929	新輝合成	260	260	260	260	2
7931	未来工業	980	1000	980	990	17.5
7932	ニッピ	0	0	0	0	0
7933	ファイリング	0	0	0	0	0
7934	メルクス	0	0	0	0	0
7935	コンビ	415	425	395	400	37.5
7936	アシックス	98	100	97	98	85
7937	ツツミ	1521	1534	1521	1530	1.6
7938	リーガル	120	125	120	125	7
7939	研創	0	0	0	0	0
7940	ウェーブＨＤ	225	225	225	225	1
7942	ＪＳＰ	515	515	515	515	1
7943	ニチハ	661	664	655	660	3.6
7944	ローランド	1900	1980	1897	1900	10.1
7945	コマニー	0	0	0	0	0
7946	光陽社	250	250	250	250	1
7947	エフピコ	3600	3660	3500	3500	17.9
7948	ＡＷ・エモト	102	102	102	102	4
7949	小松ウオール	885	885	885	885	1
7950	日デコラ	0	0	0	0	0
7951	ヤマハ	1047	1080	1016	1037	253
7952	河合楽	127	129	126	126	183
7953	菊水化	480	480	480	480	1
7954	ジャレコ	581	630	581	628	26
7955	クリナップ	480	481	478	478	12
7956	ピジョン	760	763	750	763	9.3
7957	フジコピアン	0	0	0	0	0
7958	天馬	1004	1008	1000	1000	27
7959	オリバー	1050	1050	1050	1050	10
7960	パラマウント	3390	3400	3340	3380	44.8
7961	兼松日産農	139	141	138	141	23
7962	キングジム	570	570	570	570	1
7963	興研	445	445	445	445	5
7964	セガ	957	970	940	941	294
7965	象印	425	425	420	420	2
7966	リンテック	1060	1060	1010	1014	166
7967	バンダイ	4120	4400	4120	4280	227.6
7968	田崎真珠	412	420	405	405	19
7969	タカラ	405	405	397	397	28
7970	信越ポリ	590	612	590	612	240
7971	東リ	191	191	190	191	13
7972	イトーキ	291	295	290	290	39
7973	ホウトク	0	0	0	0	0
7974	任天堂	17410	17410	16940	17110	297.2
7975	リヒトラブ	220	220	220	220	34
7976	菱鉛筆	753	773	753	756	5
7977	フランスベッド	334	335	331	331	20
7979	松風	610	613	610	613	3
7980	重松製	230	230	230	230	2
7981	タカラスタ	419	419	400	409	59
7983	ミロク	0	0	0	0	0
7984	コクヨ	1656	1670	1634	1646	35
7985	ネポン	0	0	0	0	0
7986	キング工	113	113	108	110	16
7987	ナカバヤシ	250	251	246	246	31
7988	ニフコ	1050	1050	1015	1017	103
7989	ブラインド	691	724	691	720	5.2
7990	ダイワ精	118	118	110	110	127
7991	マミヤＯＰ	185	195	183	195	41
7992	セーラー	520	550	520	530	410
7993	サンウエブ	159	179	158	168	48
7994	岡村製	475	475	455	455	46
7995	バルカー	155	155	142	142	87
7996	パイロット	500	500	499	500	7
7997	くろ工	197	197	197	197	17
7999	武藤工	255	260	241	255	75
8000	カイゲン	0	0	0	0	0
8001	伊藤忠	515	515	510	512	4635
8002	丸紅	254	258	251	252	1723
8003	トーメン	105	108	104	106	310
8004	ニチメン	112	112	106	108	701
8005	ムトウ	557	565	550	550	16
8006	ユアサフナ	153	156	151	155	19
8007	高島	114	114	109	110	38
8008	アスティ	0	0	0	0	0
8010	新興産業	108	108	108	108	19
8011	三陽商	295	295	290	290	79
8012	長瀬産	400	414	400	401	325
8013	ナイガイ	85	85	78	78	55
8014	蝶理	93	100	91	100	67
8015	豊田通商	380	385	375	380	83
8016	オンワード	900	915	900	908	232
8017	阪急共栄物産	0	0	0	0	0
8018	三共興	244	245	240	242	16
8019	市田	47	47	45	45	110
8020	兼松	125	126	122	126	360
8021	レナウン	90	90	86	86	308
8022	ミズノ	307	313	305	312	107
8023	大興電子	360	360	356	356	2
8024	シルバーＯＸ	398	400	395	400	17
8025	ツカモトＣ	123	123	123	123	3
8027	ルシアン	70	73	70	73	31
8028	ファミリーＭ	2890	2900	2755	2765	294.8
8029	ルック	225	225	216	216	55
8030	中央魚	178	178	178	178	3
8031	三井物	711	715	680	686	2180
8032	紙パ商	335	338	335	336	20
8033	ジーネット	150	150	150	150	2
8035	東エレク	6750	6800	6500	6550	764.8
8036	日立ハイテク	1181	1181	1150	1170	110
8037	カメイ	495	500	495	500	8
8038	東都水	242	250	236	236	31
8039	築地魚	150	150	149	149	5
8040	東ソワール	208	212	208	210	20
8041	魚市場	300	300	300	300	3
8042	マタイ	213	213	210	213	13
8043	スターゼン	170	173	168	172	132
8044	大都魚	131	132	131	132	2
8045	浜丸魚	435	435	435	435	4
8046	丸藤パ	123	125	121	125	41
8047	デジ・ネット	0	0	0	0	0
8048	シャディ	1510	1510	1490	1500	35
8050	セイコー	404	410	404	408	66
8051	山善	181	185	180	180	101
8052	椿本興	177	177	171	171	18
8053	住友商	776	776	760	768	669
8056	ユニシス	1100	1150	1100	1121	135.6
8057	内田洋	618	618	597	610	30
8058	三菱商	797	800	764	776	2077
8059	第一実	194	195	192	195	39
8060	キヤノン販	1261	1262	1259	1259	305
8061	西華産	155	155	150	150	68
8063	日商岩井	109	110	106	106	4542
8064	金商	100	111	95	111	74
8065	佐藤商	0	0	0	0	0
8066	三谷商	0	0	0	0	0
8067	トミヤアパ	259	261	259	261	3
8068	菱洋エレク	1298	1298	1268	1269	52
8070	東京産	294	294	288	288	14
8071	東海物産	355	355	355	355	2
8072	出版貿	195	195	170	170	2
8073	Ｔ・ＺＯＮＥ	190	200	190	195	13
8074	ユアサ商	115	117	115	117	62
8075	神鋼商	138	138	128	130	43
8076	カノークス	97	97	97	97	1
8077	小林産	175	175	175	175	9
8078	阪和興	100	100	94	95	304
8079	正栄食	0	0	0	0	0
8080	ジョイス	970	970	950	950	0.6
8081	カナデン	452	452	422	430	11
8083	サンテレ	240	245	238	238	11
8084	菱電商	320	329	320	321	39
8085	ナラサキ産業	140	158	140	146	29
8086	ニプロ	849	849	844	848	45
8087	フルサト	0	0	0	0	0
8088	岩谷産	220	222	216	219	296
8089	ナイス	216	218	213	213	271
8090	昭光通商	133	137	133	135	70
8091	ニチモウ	118	120	116	120	8
8092	富士通シス	1625	1629	1550	1610	42.6
8093	極東貿易	500	500	480	480	69
8095	イワキ	191	191	190	190	3
8096	兼松エレク	476	476	473	475	14
8097	三愛石	299	299	292	292	11
8098	稲畑産	571	571	560	564	79
8100	藤井	1	1	1	1	213
8101	ＧＳＩクレ	92	100	91	95	72
8103	明和産	100	100	99	100	22
8105	丸正	0	0	0	0	0
8107	キムラタン	36	37	36	36	17
8109	山洋工	65	66	65	66	6
8110	川鉄商事	115	115	110	111	235
8111	ゴルドウイン	116	117	116	117	10
8112	東スタイル	1004	1050	986	986	98
8113	ユニチャーム	5340	5480	5140	5450	273.2
8114	デサント	188	188	180	180	42
8115	ムーンバット	103	103	98	100	18
8116	ダーバン	167	169	162	165	59
8117	中央自	226	227	226	226	3
8118	キング	132	132	132	132	1
8119	三栄コ	230	235	230	235	25
8120	大木	239	239	239	239	3
8123	川辺	98	98	98	98	1
8125	ワキタ	235	236	235	236	31
8126	三光純薬	250	251	250	250	14
8127	ヤマトインタ	107	110	107	107	11
8128	エフワン	41	41	41	41	3
8129	東邦薬	350	398	350	370	14
8130	サンゲツ	1427	1468	1420	1468	65
8131	ミツウロコ	579	602	579	602	15
8132	シナネン	330	334	329	334	79
8133	伊藤忠エネ	372	382	372	380	28
8134	ＴＯＫＡＩ	621	627	608	611	39
8135	ゼット	0	0	0	0	0
8136	サンリオ	1910	1985	1910	1950	126.4
8137	サンワテク	679	679	655	675	3
8138	三京化	180	180	177	177	6
8139	ナガホリ	220	221	220	221	5
8140	リョーサン	1868	1870	1851	1851	19
8141	新光商	710	716	710	711	20
8142	トーホー	849	849	846	848	5
8143	ラピーヌ	72	72	72	72	10
8144	電響社	355	355	355	355	6
8145	中部水産	0	0	0	0	0
8146	小杉産	130	130	130	130	6
8147	トミタ	0	0	0	0	0
8148	上原成	243	250	243	250	7
8150	三信電	620	628	619	620	44
8151	東陽テク	2420	2560	2420	2550	132
8152	ソマール	237	238	235	235	7
8153	モスフード	861	890	858	890	41
8154	加賀電子	1340	1358	1315	1358	60
8155	三益半導	1140	1150	1083	1085	42.4
8156	ガステック	410	410	410	410	2
8157	都築電	385	390	385	385	6
8158	ソーダニッカ	199	199	189	189	16
8159	立花エレ	601	601	580	600	18
8160	木曽路	1200	1200	1190	1190	3
8161	エイデン	670	670	650	670	20
8163	サトＲＳ	680	682	675	675	7
8164	キャビン	84	84	81	83	28
8165	千趣会	560	560	551	551	27
8166	タカキュー	91	94	90	94	15.5
8167	丸久	185	185	176	176	4
8168	ケーヨー	500	500	493	495	17.7
8169	宝船	0	0	0	0	0
8170	アデランス	4200	4530	4200	4500	182.9
8171	ＭＶ中部	0	0	0	0	0
8172	第一家庭電器	37	37	36	37	189
8173	上新電	271	271	270	270	8
8174	日ガス	597	599	597	599	2
8175	ベスト電	542	550	530	535	50
8176	西洋フードシス	324	325	320	324	24
8178	マルエツ	305	305	301	302	47
8179	ロイヤルＨＤ	943	957	941	951	37
8180	すかいらく	2920	2935	2890	2935	145
8181	東天紅	298	310	298	300	28
8182	いなげや	610	610	609	609	4
8183	セブン−イレブン	6940	6960	6620	6710	829
8184	島忠	1390	1390	1367	1380	153.3
8185	チヨダ	499	499	450	450	13.3
8186	大塚家具	6650	6700	6610	6650	38
8188	ヨークベニ	2450	2530	2440	2500	22.7
8189	マツヤデンキ	208	215	207	208	21
8190	ヤマナカ	0	0	0	0	0
8191	光製作	0	0	0	0	0
8192	中川無線	81	81	68	68	18
8193	鈴丹	90	94	86	86	69
8194	ライフコーポ	656	656	656	656	6
8195	デニーズジャパン	1874	1875	1844	1875	9
8196	カスミ	410	415	400	414	40
8197	東急ストア	305	319	301	319	14
8199	デオデオ	662	662	651	654	51.7
8200	リンガハット	1180	1181	1172	1176	3.5
8201	さが美	339	342	339	341	5
8202	ラオックス	401	408	401	406	24
8203	ＭｒＭａｘ	320	321	315	321	15.4
8204	ジョナサン	1520	1530	1520	1520	9
8205	シャクリー	821	821	821	821	2
8206	アポロイン	0	0	0	0	0
8207	テンアライド	380	390	380	386	16.3
8208	エンチョー	330	345	320	320	6
8209	フレンドリ	0	0	0	0	0
8210	フットワーク	140	140	140	140	15
8211	相鉄ローゼ	484	484	480	480	11
8212	オーク	108	108	108	108	4
8213	トステムビバ	326	326	317	326	64
8214	アオキインタ	320	320	314	318	36.9
8215	銀座山形屋	190	190	190	190	1
8216	フォルクス	500	500	500	500	1
8217	オークワ	941	990	941	980	9
8218	コメリ	2400	2410	2370	2390	44.3
8219	青山商	797	803	791	791	120.7
8225	タカチホ	110	110	110	110	3
8226	理経	309	315	309	315	7
8227	しまむら	6340	6440	6020	6120	54.8
8228	マルイチ	0	0	0	0	0
8229	ＣＦＳコーポ	819	822	809	819	5
8230	はせがわ	719	719	700	715	10
8231	三越	471	480	465	468	1279
8232	東急百貨店	76	76	73	73	373
8233	高島屋	814	814	799	808	407
8234	大丸	326	334	326	330	574
8235	松坂屋	250	250	240	240	197
8236	丸善	255	259	246	248	976
8237	松屋	340	344	340	343	16
8238	伊勢丹	1150	1170	1140	1161	413
8239	横浜松坂屋	80	80	80	80	4
8240	サッポロライオン	680	680	680	680	1
8241	阪神百貨店	390	390	390	390	4
8242	阪急百	490	502	487	499	374
8244	近鉄百貨店	127	130	127	130	8
8245	丸栄	205	216	205	216	10
8247	大和	190	190	190	190	6
8248	ニッセン	250	273	250	265	19.2
8249	東洋物	580	581	580	580	22
8250	小松ストアー	0	0	0	0	0
8251	パルコ	301	309	300	308	50
8252	丸井	1625	1680	1610	1666	1265
8253	クレセゾン	2340	2350	2275	2295	245.4
8254	さいか屋	0	0	0	0	0
8255	原信	850	850	850	850	0.3
8256	プロルート	231	233	221	233	19.5
8257	山陽百	3550	3550	3550	3550	0.1
8258	ＯＭＣカード	255	271	255	268	61
8259	十字屋	37	39	37	39	113
8260	井筒屋	142	144	141	143	317
8261	ｼ鉄百貨店	0	0	0	0	0
8263	ダイエー	185	190	183	184	685
8264	イトーヨーカ堂	5370	5480	5310	5450	856
8265	壽屋	111	111	110	110	17
8266	イズミヤ	661	663	661	663	30
8267	イオン	2430	2510	2400	2505	1432
8268	西友	303	303	295	295	108
8269	マイカル	234	239	233	238	443
8270	ユニー	1278	1278	1215	1219	211
8273	イズミ	945	945	929	939	27
8274	東武ストア	168	172	168	172	3
8275	フォーバル	1260	1350	1250	1320	6.5
8276	平和堂	651	680	651	680	6
8278	フジ	1892	1893	1881	1893	0.7
8279	ヤオコー	1174	1175	1149	1169	1.8
8280	富士冷機	350	358	350	351	25
8281	ゼビオ	1750	1778	1746	1746	27.1
8282	ギガスケーズ	1520	1520	1480	1520	18
8283	パルタック	532	550	532	546	12
8285	三谷産業	0	0	0	0	0
8287	ＭＶ西日本	0	0	0	0	0
8289	オリンピック	1900	1980	1900	1980	1.6
8290	デンコードー	619	619	619	619	1
8291	東日カーライフ	193	193	186	186	18
8293	愛トヨ	770	770	770	770	8
8295	キャノンシステム	750	759	740	759	10
8298	ファミリー	220	220	215	215	3
8299	大栄太源	0	0	0	0	0
8301	日銀	65100	65500	65100	65500	0.2
8305	みずほＨ	705000	705000	686000	689000	6.223
8314	さくら銀行	675	675	651	655	3993
8315	東京三菱銀	1150	1152	1120	1129	4002
8318	三井住友銀行	1138	1139	1106	1109	2140
8319	大和銀行	197	199	193	195	2232
8320	三和銀行	775	780	772	779	2609
8321	東海銀行	485	485	480	483	1952
8322	あさひ銀行	390	391	375	380	1804
8324	第四銀	378	383	378	380	66
8325	北越銀	293	295	288	295	4
8326	福岡銀	490	490	480	482	357
8327	西日本シティ銀	416	424	416	423	26
8331	千葉銀	445	445	436	440	769
8332	横浜銀	510	510	500	500	1052
8333	常陽銀	356	359	356	358	205
8334	群馬銀	543	543	525	531	83
8335	足利銀行	195	195	191	194	306
8336	武蔵銀	4140	4140	4090	4090	2.6
8337	千葉興	1099	1099	1078	1093	18.1
8338	関東つくば銀	1320	1320	1251	1320	1.9
8339	都民銀	2360	2445	2285	2310	9.7
8341	七十七	645	645	624	636	331
8342	青森銀	486	486	470	477	47
8343	秋田銀	419	419	405	408	102
8344	山形銀	520	520	511	516	47
8345	岩手銀	3900	3900	3800	3890	4.3
8346	東邦銀	405	405	396	403	28
8349	東北銀	230	230	230	230	14
8350	みちのく銀	643	643	641	642	10
8353	北海道銀行	122	123	119	123	87
8355	静岡銀	1002	1007	995	1002	666
8356	十六銀	441	446	439	439	50
8357	北陸銀行	231	231	226	227	154
8358	スルガ銀	987	1000	977	996	151
8359	八十二	598	600	588	600	339
8360	山梨銀	364	365	362	364	63
8361	大垣共立	600	600	589	595	33
8362	福井銀	293	298	289	298	37
8363	北国銀	452	452	445	450	59
8364	清水銀	4250	4250	4160	4160	2.7
8365	富山銀	480	480	480	480	1
8366	滋賀銀	471	471	470	471	27
8367	南都銀	350	357	347	350	47
8368	百五銀	431	433	428	428	37
8369	京都銀	500	500	491	500	55
8370	紀陽銀	291	292	288	289	300
8371	近畿大阪銀	0	0	0	0	0
8372	泉州銀	320	320	300	300	12
8374	三重銀	497	497	490	490	8
8375	池田銀	5210	5360	5210	5310	5.7
8379	広島銀	409	409	403	404	230
8380	山口銀	617	619	607	615	84
8381	山陰合銀	570	570	560	565	107
8382	中国銀	824	825	817	817	95
8383	鳥取銀	361	361	361	361	28
8385	伊予銀	620	620	602	617	35
8386	百十四	617	621	610	611	59
8387	四国銀	615	615	607	608	21
8388	阿波銀	503	503	497	497	65
8390	鹿児銀	413	413	405	406	35
8391	親和銀行	350	350	346	346	39
8392	大分銀	576	576	565	565	25
8393	宮崎銀	366	366	361	361	19
8394	肥後銀	406	406	400	400	33
8395	佐賀銀	372	372	360	360	32
8396	十八銀	420	420	418	418	100
8397	沖縄銀	2310	2310	2305	2310	2.2
8399	琉球銀	1510	1529	1501	1529	7.5
8402	三菱信託	774	782	762	770	2479
8403	住友信	720	720	693	703	1231
8404	みずほ信託銀	93	96	93	95	1253
8405	日本信託	156	159	154	155	391
8407	東洋信託	357	359	352	353	1286
8408	中央三井信	345	348	342	347	689
8421	信中金	420000	425000	373000	401000	6.813
8473	ＳＢＩＨＤ	1230000	1300000	1200000	1300000	0.052
8489	アプレック	280	280	280	280	1
8493	インター	784	799	784	799	2.3
8507	学研クレジット	505	505	505	505	2
8508	イッコー	410	410	370	399	5
8511	日証金	389	399	384	386	191
8512	大証金	210	210	202	210	15
8513	中証金	0	0	0	0	0
8515	アイフル	9340	9340	9210	9250	71.9
8518	アジア投資	234	256	232	256	523
8519	ポケットＣ	1666	1700	1656	1656	6.7
8520	殖産銀行	405	405	405	405	9
8521	長野銀	460	460	451	451	64
8522	名古屋銀	595	600	590	590	70
8524	北洋銀行	683	710	675	705	50
8527	愛知銀	7510	7510	7310	7350	1.5
8528	岐阜銀	177	177	176	177	23
8529	第三銀	450	450	446	446	16
8530	中京銀	433	433	430	430	12
8533	広島総合銀行	405	410	403	406	67
8536	東日銀	556	561	545	560	117
8537	大光銀	299	299	299	299	6
8539	福岡シティ銀	431	441	425	437	54
8541	愛媛銀	471	471	465	471	48
8542	トマト銀	0	0	0	0	0
8543	みなと銀	272	272	264	269	56
8544	京葉銀	323	323	310	320	64
8545	関西アーバン	125	125	120	123	49
8548	九州銀行	309	316	305	316	17
8549	せとうち銀行	430	430	430	430	59
8550	栃木銀	675	675	667	667	22
8551	北日銀	5660	5660	5560	5660	0.7
8552	びわこ銀	275	275	275	275	81
8556	香川銀	606	606	601	601	56
8558	東和銀	420	429	415	429	40
8561	徳島銀	694	694	690	694	37
8562	福島銀	320	320	317	319	12
8563	大東銀	329	329	328	329	11
8564	武富士	7000	7150	6930	7010	288.6
8565	三洋クレ	4000	4080	3990	4080	14.5
8566	リコーリース	1912	1912	1830	1910	30.7
8567	クレディア	1640	1640	1550	1570	12.2
8568	シンキ	750	790	750	760	42.6
8569	ユニココーポ	1000	1000	1000	1000	0.5
8570	イオンクレ	6490	6570	6400	6550	106
8571	ニッシン	4200	4300	4050	4300	6.2
8572	アコム	8590	8800	8340	8750	178.6
8573	三洋信販	3290	3340	3270	3290	43.7
8574	プロミス	7510	7620	7360	7550	146.1
8577	ロプロ	584	584	570	570	107.8
8579	東京リース	0	0	0	0	0
8580	ファーストクレジット	123	129	122	124	107
8583	日信販	144	146	139	140	998
8584	ジャックス	300	303	300	301	59
8585	オリコ	141	142	136	137	889
8586	日立キャピ	2110	2165	2060	2125	181.8
8588	セントラル	330	330	324	329	43
8589	アプラス	92	93	92	93	36
8591	オリックス	10770	11240	10600	10870	148.9
8592	住商リース	940	950	925	925	70
8593	ダイヤリース	1010	1031	1000	1031	6
8595	ジャフコ	10700	11100	10600	11000	509.9
8597	ＳＦＣＧ	10530	10550	10500	10510	13.85
8599	ＵＦＪセント	480	480	480	480	1
8601	大和証Ｇ	1100	1141	1092	1128	3512
8603	日興コーデ	825	843	825	836	3513
8604	野村ＨＤ	2075	2110	2055	2075	5153
8606	新光	332	337	329	334	1580
8607	みずほイン証	136	140	132	132	402
8609	岡三ＨＤ	515	535	515	524	105
8610	さくらフレンド	199	200	190	194	121
8611	コスモ証	138	145	135	141	233
8613	丸三	460	470	450	452	75
8614	東洋	230	245	230	241	137
8615	三菱証	922	928	917	921	199
8616	東海東京	233	243	233	240	320
8617	光世	176	180	176	177	77
8621	ＵＦＪつばさ証券	351	358	350	352	255
8622	水戸	255	270	250	261	22
8623	ＳＭＢＣ証	201	215	195	200	42.5
8624	いちよし証	370	395	367	393	76
8625	高木	354	360	340	359	73
8626	マネックス	50000	51000	49700	51000	0.549
8627	イー・トレード	292000	303000	275000	285000	0.276
8691	証券代	790	790	790	790	1
8692	だいこう	395	395	395	395	3
8740	フジトミ	486	486	486	486	1
8741	スターフューチャーズ	820	820	820	820	2
8742	小林洋行	1180	1180	1160	1160	4.1
8743	ひまわり証	171	171	170	170	3
8744	日本ユニコム	680	680	680	680	1
8745	グローバリー	1290	1300	1290	1300	8
8746	第一商品	210	211	210	210	7
8747	豊商事	0	0	0	0	0
8748	岡藤商事	0	0	0	0	0
8749	エース交易	183	190	181	190	11
8751	東京海上火災	1285	1290	1266	1266	2641
8752	三井住友海上	650	655	646	654	2326
8753	住友海上火災	733	733	725	730	1815
8754	日本興亜	402	404	400	404	174
8755	損害保険Ｊ	652	655	646	650	2415
8756	日産火災海上	383	385	375	382	208
8757	日新火	235	235	229	229	48
8758	千代田火災	304	305	300	304	124
8759	ニッセイ同和	259	259	253	253	562
8760	日動火災海上	585	591	581	584	220
8761	あいおい損保	330	334	327	334	169
8762	興亜火災	397	397	388	397	180
8763	富士火	191	194	190	194	378
8764	太陽火災	0	0	0	0	0
8765	大成火災海上	295	300	285	292	44
8801	三井不	1036	1039	997	1023	2751
8802	菱地所	1219	1219	1175	1190	2057
8803	平和不	248	248	242	242	427.5
8804	東建物	188	190	180	190	909
8805	中央地	83	83	80	83	26
8806	ダイビル	790	806	789	800	83
8809	サンケビル	369	369	365	365	28
8810	港振興	0	0	0	0	0
8815	東急不	108	111	108	108	358
8817	阪急不動産	325	325	320	321	11
8818	京阪神不	305	305	303	305	16
8821	立飛企	1950	1950	1950	1950	1
8829	大和団地	208	208	203	208	44
8830	住友不	553	553	540	543	1801
8832	小田急不	185	185	185	185	1
8833	東宝不	371	371	369	370	10
8834	藤和不	50	51	48	51	193
8835	太平発	119	120	115	115	69
8836	ヒューネット	420	441	416	440	847
8838	有楽地	158	158	142	152	48
8839	ニチモ	68	68	66	67	18
8840	大京	170	173	170	171	344
8841	テーオーシー	692	704	691	699	14
8842	楽天地	358	358	353	358	16
8844	リクコスモス	370	399	370	385	28
8845	セザール	186	193	186	187	105
8846	積和不動産	390	395	390	395	9
8848	レオパレス	220	221	215	218	101
8850	スターツ	0	0	0	0	0
8851	アバンライフ	130	130	125	125	4
8852	積和不動関西	315	315	311	311	18
8853	ダイヤシティ	320	320	320	320	3
8854	日住	219	219	215	215	5
8855	全日空ビル	110	115	110	115	5
8857	三井不動販売	478	481	468	475	20
8858	ダイア建	222	245	222	230	84
8860	フジ住	405	410	405	410	15
8863	積和不動中部	414	418	410	410	14
8864	空港施設	395	399	389	399	26
8865	神鋼興産	0	0	0	0	0
8866	コマーシャル	200	200	200	200	3
8867	横浜地下街	260	270	260	270	9
8868	ＵＲＢＡＮ	1400	1410	1360	1400	43.8
8869	明和地所	1949	1980	1919	1950	26
8870	住不販売	3480	3480	3400	3400	11.6
8871	ゴールドクレ	6600	6600	6450	6500	7.7
8872	エイブル	830	830	810	810	8
8873	積和不動中国	360	360	360	360	11
8874	ジョイント	2090	2090	1990	2040	6.9
8875	東栄住宅	1300	1320	1300	1320	2.7
8876	リロＨＤ	6200	6350	6200	6330	7.2
8877	エスリード	684	734	684	710	10.2
8878	日綜地所	1070	1120	1050	1060	36
8879	東急リバブル	601	601	600	600	6
8880	飯田産業	1250	1250	1200	1220	6.9
8881	日神不動産	1100	1200	1100	1200	10.8
8882	ゼファー	2350000	2350000	2350000	2350000	0.001
8884	ディックス	500	500	500	500	1
8886	ウッドフレン	400000	400000	400000	400000	0.001
8887	リベレステ	880000	890000	850000	890000	0.034
9001	東武	325	325	319	320	508
9002	西武鉄道	1350	1361	1325	1361	52
9003	相鉄	282	282	280	280	187
9004	箱根登山鉄道	263	263	263	263	8
9005	東急	610	620	604	614	1286
9006	京急	450	450	446	447	464
9007	小田急	400	400	396	398	553
9008	京王	492	500	486	497	1601
9009	京成	259	260	255	258	361
9010	富士急	372	372	360	360	30
9012	秩父鉄	0	0	0	0	0
9013	伊豆箱根鉄道	0	0	0	0	0
9014	新京成	262	262	261	261	3
9017	新潟交	0	0	0	0	0
9019	伊豆急行	2000	2000	2000	2000	0.1
9020	ＪＲ東日本	672000	672000	662000	672000	10.704
9021	ＪＲ西日本	540000	540000	511000	517000	4.051
9022	ＪＲ東海	734000	734000	714000	722000	1.277
9031	西鉄	276	276	275	275	60
9033	広電鉄	0	0	0	0	0
9036	東部ネット	0	0	0	0	0
9037	ハマキョウ	0	0	0	0	0
9038	東海西濃	0	0	0	0	0
9039	サカイ引越	1900	1900	1875	1900	1.1
9040	大宝運輸	269	269	269	269	1
9041	近鉄	462	465	458	465	324
9042	阪急ＨＤ	367	367	361	362	305
9043	阪神	290	292	288	290	149
9044	南海電	360	360	357	360	81
9045	京阪電	350	350	346	346	85
9046	神電鉄	424	424	420	424	12
9047	名糖運輸	1081	1100	1080	1100	5.9
9048	名鉄	299	301	298	299	213
9049	京福電	170	170	170	170	1
9050	三重交	333	333	333	333	1
9051	センコン物流	658	658	657	657	2
9052	山陽電	252	253	252	253	27
9053	中央運輸	226	226	226	226	1
9054	大和物流	450	450	440	440	4
9055	アルプス物流	561	561	511	520	12
9056	ヒューテック	1170	1170	1160	1160	3
9057	遠州トラック	0	0	0	0	0
9058	トランコム	365	380	365	380	2
9059	カンダ	266	266	266	266	1
9060	日ロジテム	0	0	0	0	0
9061	富士物流	178	185	178	185	7
9062	日通	664	664	654	660	1723
9063	岡県運送	0	0	0	0	0
9064	ヤマト運	2120	2150	2100	2125	873
9065	山九	95	95	92	92	157
9066	日新	185	186	182	185	46
9067	丸運	0	0	0	0	0
9068	丸全運	194	196	191	192	63
9069	センコー	190	199	190	199	118
9070	トナミ	212	214	207	210	73
9072	日梱包	685	700	670	700	21
9073	京極運	0	0	0	0	0
9074	日石輸	188	188	180	180	29
9075	福山運	466	466	456	456	67
9076	西濃運	465	474	465	468	181
9077	名鉄運	317	317	310	310	2
9078	エスライン	257	257	257	257	1
9079	東急ロジ	0	0	0	0	0
9080	関東西濃	1700	1700	1700	1700	1
9081	神奈交	490	490	485	490	3
9082	大和自	204	204	204	204	1
9083	神姫バ	467	467	467	467	1
9086	日立物流	540	560	540	546	15
9087	タカセ	0	0	0	0	0
9088	濃飛西濃	0	0	0	0	0
9089	ロジパル	380	380	380	380	1
9101	郵船	453	453	437	447	3032
9104	商船三井	205	207	202	205	3378
9107	川崎汽	172	174	170	170	986
9110	新和海	60	63	60	61	59
9113	乾汽船	58	59	58	58	10
9114	日之出汽船	44	44	43	44	12
9115	明治海	156	157	156	157	5
9119	飯野海	149	149	143	144	82
9123	太平海	45	48	45	47	25
9127	玉井船	38	39	38	38	11
9130	共栄タ	109	109	101	102	11
9132	第一汽	44	45	44	45	59
9133	東栄リーファ	0	0	0	0	0
9151	東京船舶	79	85	79	85	8
9152	関西汽	41	42	40	42	192
9171	栗林船	0	0	0	0	0
9173	東海汽	0	0	0	0	0
9174	ワンダーＴ	220	225	220	225	6
9176	佐渡汽	0	0	0	0	0
9178	日鉄物流	475	475	475	475	2
9179	川崎近海	161	164	155	164	11
9180	新和内航	0	0	0	0	0
9193	東京汽	312	312	312	312	1
9201	日本航空	502	540	502	533	6103
9202	ＡＮＡ	371	384	371	383	2753
9203	日本エアシス	3750	3750	3710	3750	0.6
9204	スカイマーク	84000	86000	84000	84000	0.078
9231	国際航	490	498	490	494	22
9232	パスコ	370	380	370	380	21
9233	アジア航	300	300	300	300	4
9301	三菱倉	964	974	946	965	289
9302	三井倉	211	216	211	212	200
9303	住友倉	277	281	277	278	206
9304	渋沢倉	232	234	227	228	78
9305	ヤマタネ	113	113	110	110	57
9306	東陽倉	198	199	198	199	3
9307	杉村倉	0	0	0	0	0
9308	イヌイ建	360	365	360	365	5
9309	京神倉庫	0	0	0	0	0
9310	トランシティ	191	191	190	190	15
9311	アサガミ	180	184	180	184	3
9312	ケイヒン	139	139	132	132	86
9313	丸八倉	130	130	130	130	1
9314	品川倉	0	0	0	0	0
9317	オーナミ	0	0	0	0	0
9318	Ｊブリッジ	225	230	220	230	15
9319	中央倉	519	519	519	519	1
9320	三和倉	135	135	131	131	2
9321	アイロジステ	148	148	138	138	14
9322	川西倉	630	630	630	630	2
9323	ロジステック	320	320	315	315	3
9324	安田倉	345	345	345	345	1
9351	洋埠頭	135	139	132	132	44
9353	桜島埠	172	172	170	170	5
9355	リンコー	0	0	0	0	0
9357	名港海	0	0	0	0	0
9358	宇徳運	125	130	125	130	4
9359	伊勢湾	236	236	236	236	2
9360	鈴与シンワ	0	0	0	0	0
9361	伏木運	0	0	0	0	0
9362	兵機海	0	0	0	0	0
9363	大運	49	49	49	49	27
9364	上組	483	483	475	480	284
9365	トレーディア	0	0	0	0	0
9366	サンリツ	631	650	630	630	3.2
9367	大東港運	0	0	0	0	0
9368	キムラユニテ	0	0	0	0	0
9369	キユソ流通	1080	1080	1080	1080	4
9370	郵船航空	1680	1790	1680	1790	3.5
9373	ニッコウトラ	1120	1120	1100	1100	4
9374	軽貨急配	830	848	811	835	33
9375	近鉄エクス	1110	1110	1000	1000	28
9401	ＴＢＳ	3150	3470	3150	3460	711
9402	ＣＢＣ	900	900	880	890	3.4
9404	日テレ	38800	39800	38100	39250	63.28
9405	朝日放	9900	9980	9870	9980	0.52
9408	新潟放	700	700	700	700	1.9
9409	テレビ朝日	300000	312000	299000	306000	0.475
9432	ＮＴＴ	862000	868000	850000	855000	13.142
9433	ＫＤＤＩ	549000	555000	530000	543000	4.627
9434	ボーダフォン	2380000	2390000	2300000	2350000	0.693
9435	光通信	1830	1915	1820	1900	87
9436	沖縄セルラー	209000	215000	207000	214000	0.048
9437	ＮＴＴドコモ	2140000	2190000	2120000	2180000	15.947
9438	ＭＴＩ	226000	256000	225000	256000	0.199
9439	ビーアイジー	229000	234000	229000	234000	0.013
9441	ベルパーク	0	0	0	0	0
9442	ＪＳＡＴ	700000	740000	700000	708000	0.381
9443	インテックコミュ	460	460	440	445	7
9444	トーシン	224000	224000	221000	221000	0.007
9445	フォバルテレ	220000	220000	220000	220000	0.005
9449	ＧＭＯインター	851	880	850	870	57
9470	学研	140	143	138	142	199
9471	文渓堂	0	0	0	0	0
9472	エスコム	230	235	220	235	93
9473	アスキー	521	530	500	528	51
9474	ゼンリン	1500	1500	1420	1449	17.8
9475	昭文社	1120	1168	1102	1138	19.4
9476	中央経済	0	0	0	0	0
9477	角川ＨＤ	2970	3000	2870	2980	23
9478	翔泳社	1210000	1240000	1160000	1160000	0.016
9479	インプレスＨＤ	325000	340000	324000	338000	0.115
9501	東電	2825	2825	2770	2825	5084.5
9502	中部電	1960	1960	1915	1947	894.8
9503	関西電	1930	1933	1883	1905	786
9504	中国電	1595	1595	1572	1580	317.7
9505	北陸電	1505	1507	1495	1498	84.8
9506	東北電	1520	1529	1498	1526	590.4
9507	四国電	1501	1510	1483	1509	67.7
9508	九州電	1625	1625	1581	1619	408.5
9509	北海電	1463	1463	1440	1443	175.7
9511	沖縄電	1900	1940	1900	1937	3.5
9531	東ガス	324	326	318	326	9797
9532	大ガス	320	328	319	328	9659
9533	邦ガス	207	207	203	205	887
9534	北ガス	197	197	195	195	7
9535	広ガス	267	267	267	267	18
9536	西部ガス	152	152	151	151	132
9537	北陸ガ	315	315	315	315	1
9539	葉ガス	281	281	280	280	8
9540	中ガス	220	220	220	220	13
9541	大多喜ガス	300	305	294	294	17
9542	新日ガス	0	0	0	0	0
9600	アイネット	505	505	500	500	10
9601	松竹	485	491	481	488	19
9602	東宝	15840	15980	15560	15980	18.7
9603	ＨＩＳ	1680	1720	1630	1670	55.2
9604	際放映	130	130	130	130	2
9605	東映	396	401	395	395	402
9607	葵プロ	1031	1050	1010	1050	4.5
9608	福山コンサル	0	0	0	0	0
9609	ベンチャーリ	5810	6050	5770	5800	18.8
9610	ウィルソン	2120	2200	2100	2110	2.7
9611	Ｄワンダー	849	850	849	850	2
9612	ラックランド	2680	2680	2670	2670	0.2
9613	ＮＴＴデータ	800000	809000	791000	800000	7.765
9614	ベルシス24	42250	43000	41150	42850	3.5
9615	東京美装	395	395	395	395	2
9616	共立メンテ	1880	1960	1870	1960	0.3
9618	エームサービス	1260	1260	1249	1250	3
9619	イチネン	730	730	730	730	1.5
9620	スクウェア	3000	3000	2900	2930	47.7
9621	建設技研	592	592	561	571	8.7
9622	スペース	560	569	531	558	63.9
9623	キヤノンソフ	550	550	550	550	1
9624	長大	360	360	360	360	2
9625	セレスポ	0	0	0	0	0
9626	日本技開	0	0	0	0	0
9627	アインファマ	0	0	0	0	0
9628	燦ＨＤ	4300	4500	4210	4500	2.6
9629	ＰＣＡ	1250	1250	1160	1200	6
9630	アップ	309	310	309	310	2.5
9631	東急レク	619	619	615	618	13
9632	スバル	338	338	334	335	6
9633	テアトル	162	168	162	168	30
9634	修学社	562	562	559	560	9
9635	武蔵野	436	436	436	436	1
9636	きんえい	340	340	340	340	2
9637	オーエス	0	0	0	0	0
9638	情報技術	600	600	600	600	2
9639	三協フロンテ	281	281	281	281	1
9640	セゾン情報	600	601	600	601	3
9641	サコス	92	95	92	95	13.3
9642	コマスタ	0	0	0	0	0
9643	中日興	10000	10000	10000	10000	0.1
9644	タナベ経営	255	265	255	263	3
9645	ダイヤモンドコン	910	970	900	900	14.9
9646	タイトー	66200	67000	65100	66800	0.139
9647	協和コンサル	0	0	0	0	0
9648	ウエスコ	259	260	256	256	19.2
9649	明電エンジニア	579	579	546	570	31.9
9650	テクモ	810	849	800	830	16.4
9651	日本プロセス	465	470	465	470	3
9652	日本医療	1450	1480	1430	1460	12.7
9653	ＳＢＩパートナ	400	400	390	390	2
9654	コーエー	3150	3240	3150	3210	23.3
9656	三井ランド	420	455	415	455	3.5
9657	コムテック	393	393	393	393	1
9658	ビジ太田昭	410	411	406	407	13
9660	ＣＲＣソリュ	1410	1450	1410	1450	8
9661	歌舞伎	3800	3800	3800	3800	2
9663	ナガワ	0	0	0	0	0
9664	御園座	925	925	925	925	2
9665	吉本興	830	859	828	855	69
9667	ホリプロ	673	673	673	673	1
9668	相鉄企業	0	0	0	0	0
9669	オークネット	3010	3070	3000	3010	5.6
9671	よみランド	334	336	332	333	11
9672	東競馬	111	113	110	110	142
9673	甲子園土地	39	46	39	46	4
9674	花月園	0	0	0	0	0
9675	常磐興	137	143	137	138	30
9676	松戸公産	380	380	379	379	4
9677	日本ジャンボ	471	490	471	485	1.7
9678	カナモト	445	460	442	442	34
9679	ホウライ	0	0	0	0	0
9680	共成レンテム	450	450	448	450	4
9681	東京ドーム	393	408	391	403	367
9682	ＤＴＳ	6100	6350	6100	6350	49.9
9684	スク・エニ	2940	3080	2910	3010	58.8
9685	共同コンＨＤ	255	260	255	260	2
9686	東洋テック	380	380	380	380	1
9687	ＫＳＫ	0	0	0	0	0
9689	グリンハウス	1450	1450	1450	1450	1
9691	両毛システム	1000	1000	1000	1000	1
9692	シーイーシー	1200	1210	1120	1130	58.8
9694	日立ソフト	8110	8200	7530	7850	510.6
9695	鴨川グランド	0	0	0	0	0
9696	ウィザス	330	335	320	330	9
9697	カプコン	4080	4080	3980	3990	263.6
9698	クレオ	654	665	650	665	26
9699	西尾レント	600	620	600	610	26.3
9700	エスアールエル	880	880	850	855	23
9701	会舘	249	249	248	248	3
9702	アイエスビー	810	810	810	810	1
9703	ジェネラスコーポ	78	78	76	76	65
9704	東海観	54	58	53	58	795
9706	日本空港ビル	981	981	951	951	24
9707	メデカＪ	731	750	730	732	20
9708	帝ホテル	0	0	0	0	0
9709	日コンピュタ	501	501	501	501	1
9711	日コンシス	370	400	370	400	3
9712	ファイ	270	300	265	300	189
9713	ロイヤルホ	198	199	196	199	9
9714	ＳＲＡ	1260	1320	1241	1250	2.9
9715	トランスコス	4730	4950	4570	4680	213.3
9716	乃村工芸社	330	330	306	306	6
9717	ジャステック	3300	3300	3250	3300	18.1
9718	国際観光会館	0	0	0	0	0
9719	住商情報	6090	6100	5900	6050	61
9720	グランド	0	0	0	0	0
9722	藤田観	528	528	520	521	18
9724	新阪急ホテル	173	173	162	162	10
9725	東急ホテル	163	165	161	162	44
9726	近ツーリスト	270	271	268	270	20
9727	東急観光	119	119	118	118	2
9728	日本管財	1350	1370	1315	1370	5.1
9729	トーカイ	0	0	0	0	0
9730	ワオコーポ	0	0	0	0	0
9731	白洋舎	325	331	325	330	5
9732	東映ラボ	0	0	0	0	0
9733	ナガセ	0	0	0	0	0
9734	精養軒	487	489	487	489	2.1
9735	セコム	6970	7020	6900	6980	417
9736	白青舎	0	0	0	0	0
9737	ＣＳＫ	1430	1498	1430	1448	276.6
9738	インテック	1360	1360	1282	1300	58
9739	ＮＳＷ	5950	6260	5950	6240	9.3
9740	ＣＳＰ	570	570	565	565	3
9741	日立情報	3860	3860	3670	3800	52.5
9742	アイネス	1030	1099	1030	1070	123.7
9743	丹青社	380	395	372	391	8
9744	メイテック	3570	3630	3550	3590	97.2
9746	ＴＫＣ	1799	1830	1780	1780	17.8
9747	アサツーＤＫ	2750	2770	2710	2750	85
9748	ＮＪＫ	450	450	450	450	6
9749	富士ソフト	7150	7420	7150	7380	71
9750	ソラン	1400	1430	1390	1390	27
9751	ＴＩＳ	5590	5770	5590	5770	172
9752	ナムコ	2065	2105	2060	2085	172
9753	ＩＸナレッジ	510	510	510	510	19
9755	応用地質	1225	1240	1225	1240	23.2
9756	ＡＳＫ	520	520	510	520	7
9757	船井研	560	560	560	560	3
9758	ジシステム	390	450	390	450	13
9759	日システムデ	10210	10500	10030	10210	94
9760	進学会	0	0	0	0	0
9761	東海リース	164	164	160	160	4
9762	大和リース	315	315	308	308	227
9763	丸紅リ	73	73	72	73	20
9764	技研興	0	0	0	0	0
9765	オオバ	114	129	114	129	12
9766	コナミ	8490	8600	8310	8420	505
9767	日建工学	234	234	234	234	1
9768	国土環境	610	610	610	610	2
9769	学究社	260	260	260	260	1
9776	札臨	270	270	255	255	3
9777	日電計算	1450	1590	1450	1470	20.9
9778	昴	0	0	0	0	0
9779	メフォス	870	870	870	870	1
9780	ビステム	290	290	290	290	1
9781	石川島汎サ	394	394	390	390	2
9782	ＤＭＳ	400	400	395	400	5
9783	ベネッセ	4290	4290	4110	4180	76.5
9784	日工検	1370	1370	1370	1370	0.5
9785	大新東	200	200	200	200	4
9786	キャッツ	3110	3140	3080	3130	84
9787	Ｊメンテ	820	831	820	830	3.9
9788	ナック	631	631	612	616	8.1
9789	栄光	415	415	395	395	6
9790	福井コン	500	500	500	500	4.5
9791	ビケンテクノ	550	550	549	549	2
9792	ニチイ学館	2745	2765	2700	2720	33.6
9793	ダイセキ	1810	1830	1800	1830	26.5
9794	カラカミ観光	0	0	0	0	0
9795	ステップ	645	645	645	645	2
9796	ダイテック	960	960	950	950	2.7
9797	大日本コン	230	250	230	250	3.1
9798	シダックス	1480	1520	1480	1510	2
9799	旭情報	910	920	910	920	2
9810	日鉄商	0	0	0	0	0
9811	アスティス	375	375	375	375	1
9812	テーオー	0	0	0	0	0
9813	トッキ	2260	2340	2150	2230	53
9814	アシックス商	580	580	560	560	4
9815	カテナ	820	870	820	850	178
9816	バーテックス	228	230	212	230	10
9817	ゴトー	0	0	0	0	0
9818	大丸エナ	0	0	0	0	0
9820	エムティＧ	160	160	160	160	1
9822	なが多	53	54	51	51	565
9823	マミーマート	0	0	0	0	0
9824	泉州電	540	540	521	521	14
9825	アズウェル	399	430	399	430	90.8
9826	ＪＥＵＧＩＡ	0	0	0	0	0
9827	リリカラ	0	0	0	0	0
9828	元気寿司	0	0	0	0	0
9829	ながの東急	0	0	0	0	0
9830	トラスコ中山	1382	1385	1370	1370	3
9831	ヤマダ電	8590	8780	8270	8550	44.7
9832	オートバクス	2400	2400	2350	2350	23.3
9833	エルクコーポ	732	732	700	720	6
9834	リオチェン	400	400	400	400	0.2
9835	ジュンテン	0	0	0	0	0
9836	リーバイス	420	420	400	400	6
9837	モリト	530	530	530	530	10
9838	トラベラー	720	720	700	700	2
9839	ゲッツブラザーズ	500	510	485	485	13
9840	ホーマック	911	930	910	914	27.8
9841	ＢＭＢ	270	297	270	295	115
9842	アークランド	1260	1260	1260	1260	1
9844	ユーエスシー	1050	1050	1010	1010	20
9845	パーカー	225	225	225	225	2
9846	天満屋ス	0	0	0	0	0
9847	ソリスト	590	620	590	620	5
9848	トヨタカローラ岐阜	0	0	0	0	0
9849	河内屋紙	0	0	0	0	0
9850	グルメ杵屋	809	809	790	798	5
9852	中央物産	0	0	0	0	0
9853	銀座ルノア	430	430	430	430	1
9854	愛眼	785	785	771	785	5.8
9855	くろがねや	332	334	332	332	4
9856	ケーユー	700	700	700	700	2.1
9857	英和	319	319	319	319	0.5
9858	明光商会	1480	1590	1480	1510	2
9859	ユーストア	835	836	830	830	7
9860	岐阜日野	0	0	0	0	0
9861	吉野家ディー	197000	206000	197000	205000	0.98
9862	メモレックス・テレ	155	160	155	160	2
9863	靴のマルトミ	3	3	2	2	1586.1
9864	ナカイ	236	236	236	236	2
9865	日商エレク	2055	2150	2050	2140	33
9867	ソレキア	400	410	380	385	38
9868	トリイ	277	277	277	277	1
9869	加藤産	630	630	620	630	20
9870	ハナテン	1800	1800	1800	1800	0.3
9871	イトーキ	272	273	272	273	4
9872	北恵	0	0	0	0	0
9873	ケンタッキー	0	0	0	0	0
9875	マツモトキヨ	3080	3330	3080	3300	125.3
9876	コックス	0	0	0	0	0
9877	マルフル	0	0	0	0	0
9878	セキド	480	480	480	480	2
9879	フタタ	160	160	160	160	5
9880	イノテック	1810	2080	1810	2080	16.3
9882	イエロハット	775	780	761	770	29.1
9883	富士エレ	1400	1400	1350	1350	7
9884	都築電産	530	530	520	530	10
9885	シャルレ	579	579	570	570	4
9887	松屋フーズ	1450	1470	1450	1457	16.6
9888	ＵＥＸ	0	0	0	0	0
9889	ＪＢＣＣ	1445	1580	1430	1430	48.7
9890	マキヤ	0	0	0	0	0
9892	卑弥呼	1200	1200	1190	1190	2
9893	ホームワイド	371	371	370	370	2
9894	アトル	580	580	580	580	7
9895	コンセック	220	220	215	215	8
9896	Ｊ建材	545	545	545	545	10
9897	ユニダックス	616	630	615	630	4
9898	サハダイヤ	80	84	79	82	490
9899	サンデサン	0	0	0	0	0
9900	サガミ	870	870	866	870	20
9901	宮	0	0	0	0	0
9902	日伝	1570	1570	1520	1520	2
9903	カンセキ	105	120	105	120	11
9904	ベリテ	207	207	207	207	1
9905	コージツ	107	107	107	107	3
9906	藤井産業	0	0	0	0	0
9907	大電社	0	0	0	0	0
9908	日本電計	490	490	480	480	2
9909	愛光電気	0	0	0	0	0
9911	真電	0	0	0	0	0
9912	ダイワボ情	1201	1250	1200	1215	29.5
9913	日邦産業	206	206	206	206	1
9914	植松商会	168	168	168	168	2
9915	アサヒビールＳ	579	580	579	580	3
9916	バイタルＮ	680	680	661	679	2.7
9917	マツモト電器	0	0	0	0	0
9918	ダイワラクダ	345	345	345	345	1
9919	関西スーパ	480	480	480	480	2
9920	シービーエム	860	860	860	860	0.1
9921	ギガス	0	0	0	0	0
9922	日立機材	500	500	500	500	3
9923	ダイトーエム	0	0	0	0	0
9924	ドミー	0	0	0	0	0
9925	北の家族	640	647	640	647	8
9926	ダイカ	311	311	311	311	3
9927	ワットマン	290	290	290	290	4
9928	ミロク情報	705	705	685	685	29.5
9929	平和紙業	560	560	555	560	8
9930	北沢産	220	220	210	215	22
9931	家族亭	0	0	0	0	0
9932	杉本商	0	0	0	0	0
9934	因幡電産	1170	1200	1170	1200	6
9935	あずみ	0	0	0	0	0
9936	王将フード	951	954	950	951	7
9937	セシール	790	820	790	809	12.1
9938	住金物産	84	84	80	81	31
9939	すみや	0	0	0	0	0
9941	太洋物産	0	0	0	0	0
9943	ココス	600	600	595	595	6
9944	インパクト	955	999	950	997	10.3
9945	プレナス	3810	3810	3700	3790	4.9
9946	ミニストップ	2110	2110	2050	2050	14.8
9947	シムリー	640	649	600	600	2.2
9948	アークス	0	0	0	0	0
9949	タイヨー	0	0	0	0	0
9950	ハチバン	500	500	500	500	1
9951	カーマ	535	535	525	534	2.2
9952	ドトール	7610	7790	7580	7770	17.6
9953	ダイキ	1165	1174	1125	1173	3.8
9954	東京小僧寿し	450	455	450	455	9
9955	ヨンキュウ	1720	1720	1700	1720	1.8
9956	バロー	1230	1230	1230	1230	1
9957	バイテック	1570	1570	1520	1520	0.7
9958	サリ	159	165	145	165	13
9959	アシード	650	690	650	690	3.6
9960	東テク	370	370	370	370	2
9961	エムオーテック	129	129	125	125	8
9962	駿河製機	6200	6700	6000	6470	19.3
9963	江守商事	0	0	0	0	0
9964	アイ・テック	0	0	0	0	0
9965	福原	365	365	350	365	7
9966	藤久	1460	1540	1460	1540	1.9
9967	堺商事	200	200	200	200	5
9968	イチヤ	235	251	200	210	357
9969	ショクブン	770	770	770	770	1
9970	東洋オフィス	358	361	358	360	5
9971	カウボーイ	500	560	490	560	26
9972	アルテック	720	749	720	749	10.6
9973	小僧本部	1190	1190	1180	1180	11
9974	ベルク	850	850	820	820	2.8
9975	マルヤ	3000	3000	2910	2910	1.2
9976	セキチュー	510	510	510	510	2
9977	アオキスーパ	0	0	0	0	0
9978	文教堂	608	625	608	610	16
9979	大庄	1160	1170	1150	1170	16.5
9980	マルコ	680	695	680	681	8.8
9981	ニック産業	649	649	649	649	2
9982	タキヒヨー	485	485	485	485	12
9983	ファストリ	25450	25880	25230	25370	175.1
9984	ソフトバンク	3880	3990	3730	3830	2925.3
9985	榮太郎	730	735	725	730	7
9986	蔵王産業	0	0	0	0	0
9987	スズケン	3360	3360	3230	3250	23.1
9988	神港魚類	0	0	0	0	0
9989	サンドラッグ	3550	3800	3550	3800	12.4
9990	東京デリカ	381	381	380	380	2
9991	ジェコス	289	289	278	278	18.2
9992	理研グリン	240	240	240	240	2
9993	ヤマザワ	0	0	0	0	0
9994	やまや	390	430	390	430	3.9
9995	イーストン	470	470	455	460	25
9996	サトー商会	0	0	0	0	0
9997	ベルーナ	2740	2740	2480	2535	114.9
